# Created by Octave 3.8.2, Mon Jun 19 12:45:17 2017 BST <co1ssj@node117>
# name: result
# type: scalar struct
# ndims: 2
 1 1
# length: 3
# name: params
# type: scalar struct
# ndims: 2
 1 1
# length: 18
# name: cleanup
# type: scalar
0


# name: num_runs
# type: scalar
6


# name: dopamine
# type: scalar
0.7


# name: targetCross
# type: scalar
1


# name: targetLuminance
# type: scalar
0.3


# name: targetWidthX
# type: scalar
6


# name: targetWidthY
# type: scalar
2


# name: fixCross
# type: scalar
1


# name: fixLuminance
# type: scalar
0.2


# name: fixWidthX
# type: scalar
6


# name: fixWidthY
# type: scalar
2


# name: fixOn
# type: scalar
0


# name: targetOff
# type: scalar
1


# name: targetOn
# type: scalar
0.2


# name: fixOff
# type: scalar
0.2


# name: targetThetaX
# type: scalar
0


# name: targetThetaY
# type: scalar
-14


# name: exptnum
# type: scalar
0




# name: r_0_m14_G0_L0p3_D0p7_llbn
# type: matrix
# rows: 24
# columns: 600
 0 0 0 0 0 0 0 0 0 0 0 0 0 0 0 0 0 0 0 0 0 0 0 0 0 0 0 0 0 0 0 0 0 0 0 0 0 0 0 0 0 0 0 0 0 0 0 0 0 0 0 0 0 0 0 0 0 0 0 0 0 0 0 0 0 0 0 0 0 0 0 0 0 0 0 0 0 0 0 0 0 0 0 0 0 0 0 0 0 0 0 0 0 0 0 0 0 0 0 0 0 0 0 0 0 0 0 0 0 0 0 0 0 0 0 0 0 0 0 0 0 0 0 0 0 0 0 0 0 0 0 0 0 0 0 0 0 0 0 0 0 0 0 0 0 0 0 0 0 0 0 0 0 0 0 0 0 0 0 0 0 0 0 0 0 0 0 0 0 0 0 0 0 0 0 0 0 0 0 0 0 0 0 0 0 0 0 0 0 0 0 0 0 0 0 0 0 0 0 0 0 0 0 0 0 0 0 0 0 0 0 0 0 0 0 0 0 0 0 0 0 0 0 0 0 0 0 0 0 0 0 0 0 0 0 0 0 0 0 0 0 0 0 0 0 0 0 0 0 0 0 0 0 0 0 0 0 0 0 0 0 0 0 0 0 0 0 0 0 0 0 0 0 0 0 0 0 0 0 0 0 0 0 0 0 0 0 0 0 0 0 0 0 0 0 0 0 0 0 0 0 0 0 0 0 0 0 0 0 0 0 0 0 0 0 0 0 0 0 0 0 0 0 0 0 0 0 0 0 0 0 0 0 0 0 0 0 0 0 0 0 0 0 0 0 0 0 0 0 0 0 0 0 0 0 0 0 0 0 0 0 0 0 0 0 0 0 0 0 0 0 0 0 0 0 0 0 0 0 0 0 0 0 0 0 0 0 0 0 0 0 0 0 0 0 0 0 0 0 0 0 0 0 0 0 0 0 0 0 0 0 0 0 0 0 0 0 0 0 0 0 0 0 0 0 0 0 0 0 0 0 0 0 0 0 0 0 0 0 0 0 0 0 0 0 0 0 0 0 0 0 0 0 0 0 0 0 0 0 0 0 0 0 0 0 0 0 0 0 0 0 0 0 0 0 0 0 0 0 0 0 0 0 0 0 0 0 0 0 0 0 0 0 0 0 0 0 0 0 0 0 0 0 0 0 0 0 0 0 0 0 0 0 0 0 0 0 0 0 0 0 0 0 0 0 0 0 0 0 0 0 0 0 0 0 0 0 0 0 0 0 0 0 0 0 0 0 0 0 0 0 0 0 0 0 0 0 0 0 0 0 0 0 0 0 0 0 0 0 0 0 0 0 0 0 0 0 0 0 0 0 0 0 0 0 0 0 0 0 0 0 0 0 0 0 0 0 0 0 0
 0 0 0 0 0 0 0 0 0 0 0 0 0 0 0 0 0 0 0 0 0 0 0 0 0 0 0 0 0 0 0 0 0 0 0 0 0 0 0 0 0 0 0 0 0 0 0 0 0 0 0 0 0 0 0 0 0 0 0 0 0 0 0 0 0 0 0 0 0 0 0 0 0 0 0 0 0 0 0 0 0 0 0 0 0 0 0 0 0 0 0 0 0 0 0 0 0 0 0 0 0 0 0 0 0 0 0 0 0 0 0 0 0 0 0 0 0 0 0 0 0 0 0 0 0 0 0 0 0 0 0 0 0 0 0 0 0 0 0 0 0 0 0 0 0 0 0 0 0 0 0 0 0 0 0 0 0 0 0 0 0 0 0 0 0 0 0 0 0 0 0 0 0 0 0 0 0 0 0 0 0 0 0 0 0 0 0 0 0 0 0 0 0 0 0 0 0 0 0 0 0 0 0 0 0 0 0 0 0 0 0 0 0 0 0 0 0 0 0 0 0 0 0 0 0 0 0 0 0 0 0 0 0 0 0 0 0 0 0 0 0 0 0 0 0 0 0 0 0 0 0 0 0 0 0 0 0 0 0 0 0 0 0 0 0 0 0 0 0 0 0 0 0 0 0 0 0 0 0 0 0 0 0 0 0 0.0002310755226062611 0.0008597733685746789 0.001896899426355958 0.003367926925420761 0.005290863569825888 0.00767446169629693 0.0105620389804244 0.01400169171392918 0.01801718957722187 0.02263178862631321 0.02788092941045761 0.03373603522777557 0.04012831300497055 0.04700642451643944 0.05435149371623993 0.06220410764217377 0.07056383788585663 0.07945200055837631 0.08877505362033844 0.09843975305557251 0.1083457320928574 0.118501327931881 0.1287941932678223 0.1392006427049637 0.149741604924202 0.160450205206871 0.1713467091321945 0.1824512481689453 0.1937025338411331 0.2051347345113754 0.2147358059883118 0.2208484262228012 0.2223673164844513 0.218576967716217 0.209038645029068 0.198586717247963 0.1886573880910873 0.1792245209217072 0.1702632904052734 0.1617501229047775 0.1536626219749451 0.1459794938564301 0.1386805176734924 0.1317464858293533 0.1251591593027115 0.1189012005925179 0.1129561439156532 0.1073083356022835 0.1019429191946983 0.09684577584266663 0.09200348705053329 0.0874033123254776 0.08303314447402954 0.07888148725032806 0.07493741065263748 0.07119054347276688 0.06763101369142532 0.06424946337938309 0.06103698909282684 0.05798513814806938 0.05508588254451752 0.0523315891623497 0.04971500858664513 0.04722925648093224 0.04486779496073723 0.04262440651655197 0.0404931865632534 0.03846852853894234 0.03654510155320168 0.03471784666180611 0.03298195451498032 0.03133285790681839 0.02976621501147747 0.02827790379524231 0.02686400897800922 0.02552080899477005 0.02424476854503155 0.02303252927958965 0.02188090234994888 0.02078685723245144 0.01974751427769661 0.01876013912260532 0.01782213151454926 0.01693102531135082 0.01608447358012199 0.01528024952858686 0.01451623719185591 0.01379042491316795 0.01310090348124504 0.01244585867971182 0.0118235656991601 0.01123238727450371 0.01067076809704304 0.01013723015785217 0.009630369022488594 0.009148851037025452 0.008691408671438694 0.008256838656961918 0.007843996398150921 0.007451796438544989 0.00707920640707016 0.006725246086716652 0.006388983689248562 0.006069534458220005 0.005766057875007391 0.0054777548648417 0.005203867331147194 0.004943673964589834 0.004696490243077278 0.004461665637791157 0.004238582216203213 0.004026653245091438 0.003825320629402995 0.003634054679423571 0.003452352015301585 0.003279734402894974 0.003115747589617968 0.002959960140287876 0.002811962040141225 0.002671363996341825 0.002537795808166265 0.00241090590134263 0.002290360629558563 0.002175842644646764 0.0020670504309237 0.001963697839528322 0.001865512924268842 0.001772237243130803 0.001683625392615795 0.001599444076418877 0.001519471872597933 0.001443498302251101 0.001371323363855481 0.001302757184021175 0.00123761931899935 0.001175738405436277 0.001116951461881399 0.001061103888787329 0.0010080486536026 0.0009576462325640023 0.000909763912204653 0.0008642757311463356 0.000821061956230551 0.0007800088496878743 0.0007410084363073111 0.0007039580377750099 0.0006687601562589407 0.0006353221251629293 0.0006035559927113354 0.0005733781727030873 0.0005447092698886991 0.0005174737889319658 0.0004916000762023032 0.0004670200869441032 0.0004436690942384303 0.0004214856307953596 0.0004004113434348255 0.000380390789359808 0.0003613712615333498 0.0003433027013670653 0.0003261375532019883 0.0003098306769970804 0.0002943391446024179 0.000279622181551531 0.000265641079749912 0.0002523590228520334 0.0002397410717094317 0.0002277540188515559 0.0002163663157261908 0.0002055479999398813 0.0001952705933945253 0.0001855070586316288 0.0001762317115208134 0.0001674201193964109 0.0001590491156093776 0.0001510966540081427 0.0001435418234905228 0.0001363647315884009 0.0001295464899158105 0.0001230691705131903 0.0001169157112599351 0.0001110699231503531 0.0001055164248100482 0.0001002406061161309 9.522857726551592e-05 9.04671469470486e-05 8.594378596171737e-05 8.164659811882302e-05 7.756426930427551e-05 7.368605292867869e-05 7.000174809945747e-05 6.650166324106976e-05 6.317657971521839e-05 6.001775182085112e-05 5.701686313841492e-05 5.416601925389841e-05 5.145771865500137e-05 4.88848309032619e-05 4.64405893580988e-05 4.411855843500234e-05 4.19126299675554e-05 3.981699774158187e-05 3.78261465812102e-05 3.593483779695816e-05 3.413809463381767e-05 3.243119135731831e-05 3.080963142565452e-05 2.926914930867497e-05 2.780569229798857e-05 2.641540777403861e-05 2.509463774913456e-05 2.383990613452625e-05 2.264791146444622e-05 2.151551598217338e-05 2.043974018306471e-05 1.94177537196083e-05 1.844686630647629e-05 1.752452226355672e-05 1.664829687797464e-05 1.581588185217697e-05 1.502508803241653e-05 1.427383358532097e-05 1.356014217890333e-05 1.288213479710976e-05 1.223802792083006e-05 1.162612625194015e-05 1.104481998481788e-05 1.049257934937486e-05 9.967950063582975e-06 9.469552423979621e-06 8.996074939204846e-06 8.546271601517219e-06 8.118958248815034e-06 7.713010745646898e-06 7.327360435738228e-06 6.960992323001847e-06 6.612942797801225e-06 6.282295544224326e-06 5.968180630588904e-06 5.669771780958399e-06 5.386283191910479e-06 5.11696907778969e-06 4.861120487476001e-06 4.618064394890098e-06 4.387160970509285e-06 4.167803126620129e-06 3.959412879339652e-06 3.761442258110037e-06 3.573370122467168e-06 3.394701707293279e-06 3.22496657645388e-06 3.0637181680504e-06 2.910532202804461e-06 2.765005547189503e-06 2.626755303936079e-06 2.495417447789805e-06 2.370646598137682e-06 2.252114200018696e-06 2.139508524123812e-06 2.032533075180254e-06 1.930906364577822e-06 1.834361000874196e-06 1.742643007673905e-06 1.655510914133629e-06 1.572735413901682e-06 1.494098682996992e-06 1.419393697688065e-06 1.34842400711932e-06 1.28100282381638e-06 1.216952682625561e-06 1.15610509965336e-06 1.098299890145427e-06 1.04338494111289e-06 9.912156428981689e-07 9.416548891749699e-07 8.945721674535889e-07 8.498435590809095e-07 8.073513981798897e-07 7.669838169022114e-07 7.286346317414427e-07 6.922028887856868e-07 6.575927500307444e-07 6.247130954761815e-07 5.934774662819109e-07 5.63803610020841e-07 5.356134238354571e-07 5.088327270641457e-07 4.833910907109384e-07 4.592215248067077e-07 4.362604499874578e-07 4.144474132772302e-07 3.937250312446849e-07 3.740387910511345e-07 3.553368514985777e-07 3.375700146079907e-07 3.206915266673604e-07 3.046569645448471e-07 2.894241220019467e-07 2.749529244283622e-07 2.612052867334569e-07 2.481450280811259e-07 2.357377724138132e-07 2.239508773982379e-07 2.127533349494115e-07 2.021156717546546e-07 1.920098924301783e-07 1.824093942559557e-07 1.732889245431579e-07 1.64624481158171e-07 1.563932556791769e-07 1.485735907635899e-07 1.411449090937822e-07 1.340876565336657e-07 1.273832737069824e-07 1.210141107321761e-07
 0 0 0 0 0 0 0 0 0 0 0 0 0 0 0 0 0 0 0 0 0 0 0 0 0 0 0 0 0 0 0 0 0 0 0 0 0 0 0 0 0 0 0 0 0 0 0 0 0 0 0 0 0 0 0 0 0 0 0 0 0 0 0 0 0 0 0 0 0 0 0 0 0 0 0 0 0 0 0 0 0 0 0 0 0 0 0 0 0 0 0 0 0 0 0 0 0 0 0 0 0 0 0 0 0 0 0 0 0 0 0 0 0 0 0 0 0 0 0 0 0 0 0 0 0 0 0 0 0 0 0 0 0 0 0 0 0 0 0 0 0 0 0 0 0 0 0 0 0 0 0 0 0 0 0 0 0 0 0 0 0 0 0 0 0 0 0 0 0 0 0 0 0 0 0 0 0 0 0 0 0 0 0 0 0 0 0 0 0 0 0 0 0 0 0 0 0 0 0 0 0 0 0 0 0 0 0 0 0 0 0 0 0 0 0 0 0 0 0 0 0 0 0 0 0 0 0 0 0 0 0 0 0 0 0 0 0 0 0 0 0 0 0 0 0 0 0 0 0 0 0 0 0 0 0 0 0 0 0 0 0 0 0 0 0 0 0 0 0 0 0 0 0 0 0 0 0 0 0 0 0 0 0 0 0 0 0 0 0 0 0 0 0 0 0 0 0 0 0 0 0 0 0 0 0 0 0 0 0 0 0 0 0 0 0 0 0 0 0 0 0 0 0 0 0 0 0 0 0 0 0 0 0 0 0 0 0 0 0 0 0 0 0 0 0 0 0 0 0 0 0 0 0 0 0 0 0 0 0 0 0 0 0 0 0 0 0 0 0 0 0 0 0 0 0 0 0 0 0 0 0 0 0 0 0 0 0 0 0 0 0 0 0 0 0 0 0 0 0 0 0 0 0 0 0 0 0 0 0 0 0 0 0 0 0 0 0 0 0 0 0 0 0 0 0 0 0 0 0 0 0 0 0 0 0 0 0 0 0 0 0 0 0 0 0 0 0 0 0 0 0 0 0 0 0 0 0 0 0 0 0 0 0 0 0 0 0 0 0 0 0 0 0 0 0 0 0 0 0 0 0 0 0 0 0 0 0 0 0 0 0 0 0 0 0 0 0 0 0 0 0 0 0 0 0 0 0 0 0 0 0 0 0 0 0 0 0 0 0 0 0 0 0 0 0 0 0 0 0 0 0 0 0 0 0 0 0 0 0 0 0 0 0 0 0 0 0 0 0 0 0 0 0 0 0 0 0 0 0 0 0 0 0 0 0 0 0 0 0 0 0 0 0 0 0 0 0 0 0 0 0 0 0 0 0 0 0 0 0 0 0 0 0 0 0 0 0 0 0 0
 0 0 0 0 0 0 0 0 0 0 0 0 0 0 0 0 0 0 0 0 0 0 0 0 0 0 0 0 0 0 0 0 0 0 0 0 0 0 0 0 0 0 0 0 0 0 0 0 0 0 0 0 0 0 0 0 0 0 0 0 0 0 0 0 0 0 0 0 0 0 0 0 0 0 0 0 0 0 0 0 0 0 0 0 0 0 0 0 0 0 0 0 0 0 0 0 0 0 0 0 0 0 0 0 0 0 0 0 0 0 0 0 0 0 0 0 0 0 0 0 0 0 0 0 0 0 0 0 0 0 0 0 0 0 0 0 0 0 0 0 0 0 0 0 0 0 0 0 0 0 0 0 0 0 0 0 0 0 0 0 0 0 0 0 0 0 0 0 0 0 0 0 0 0 0 0 0 0 0 0 0 0 0 0 0 0 0 0 0 0 0 0 0 0 0 0 0 0 0 0 0 0 0 0 0 0 0 0 0 0 0 0 0 0 0 0 0 0 0 0 0 0 0 0 0 0 0 0 0 0 0 0 0 0 0 0 0 0 0 0 0 0 0 0 0 0 0 0 0 0 0 0 0 0 0 0 0 0 0 0 0 0 0 0 0 0 0 0 0 0 0 0 0 0 0 0 0 0 0 0 0 0 0 0 0 0 0 0 0 0 0 0 0 0 0 0 0 0 0 0 0 0 0 0 0 0 0 0 0 0 0 0 0 0 0 0 0 0 0 0 0 0 0 0 0 0 0 0 0 0 0 0 0 0 0 0 0 0 0 0 0 0 0 0 0 0 0 0 0 0 0 0 0 0 0 0 0 0 0 0 0 0 0 0 0 0 0 0 0 0 0 0 0 0 0 0 0 0 0 0 0 0 0 0 0 0 0 0 0 0 0 0 0 0 0 0 0 0 0 0 0 0 0 0 0 0 0 0 0 0 0 0 0 0 0 0 0 0 0 0 0 0 0 0 0 0 0 0 0 0 0 0 0 0 0 0 0 0 0 0 0 0 0 0 0 0 0 0 0 0 0 0 0 0 0 0 0 0 0 0 0 0 0 0 0 0 0 0 0 0 0 0 0 0 0 0 0 0 0 0 0 0 0 0 0 0 0 0 0 0 0 0 0 0 0 0 0 0 0 0 0 0 0 0 0 0 0 0 0 0 0 0 0 0 0 0 0 0 0 0 0 0 0 0 0 0 0 0 0 0 0 0 0 0 0 0 0 0 0 0 0 0 0 0 0 0 0 0 0 0 0 0 0 0 0 0 0 0 0 0 0 0 0 0 0 0 0 0 0 0 0 0 0 0 0 0 0 0 0 0 0 0 0 0 0 0 0 0 0 0 0 0 0 0 0 0 0 0 0 0
 0 0 0 0 0 0 0 0 0 0 0 0 0 0 0 0 0 0 0 0 0 0 0 0 0 0 0 0 0 0 0 0 0 0 0 0 0 0 0 0 0 0 0 0 0 0 0 0 0 0 0 0 0 0 0 0 0 0 0 0 0 0 0 0 0 0 0 0 0 0 0 0 0 0 0 0 0 0 0 0 0 0 0 0 0 0 0 0 0 0 0 0 0 0 0 0 0 0 0 0 0 0 0 0 0 0 0 0 0 0 0 0 0 0 0 0 0 0 0 0 0 0 0 0 0 0 0 0 0 0 0 0 0 0 0 0 0 0 0 0 0 0 0 0 0 0 0 0 0 0 0 0 0 0 0 0 0 0 0 0 0 0 0 0 0 0 0 0 0 0 0 0 0 0 0 0 0 0 0 0 0 0 0 0 0 0 0 0 0 0 0 0 0 0 0 0 0 0 0 0 0 0 0 0 0 0 0 0 0 0 0 0 0 0 0 0 0 0 0 0 0 0 0 0 0 0 0 0 0 0 0 0 0 0 0 0 0 0 0 0 0 0 0 0 0 0 0 0 0 0 0 0 0 0 0 0 0 0 0 0 0 0 0 0 0 0 0 0 0 0 0 0 0 0 0 0 0 0 0 0 0 0 0 0 0 0 0 0 0 0 0 0 0 0 0 0 0 0 0 0 0 0 0 0 0 0 0 0 0 0 0 0 0 0 0 0 0 0 0 0 0 0 0 0 0 0 0 0 0 0 0 0 0 0 0 0 0 0 0 0 0 0 0 0 0 0 0 0 0 0 0 0 0 0 0 0 0 0 0 0 0 0 0 0 0 0 0 0 0 0 0 0 0 0 0 0 0 0 0 0 0 0 0 0 0 0 0 0 0 0 0 0 0 0 0 0 0 0 0 0 0 0 0 0 0 0 0 0 0 0 0 0 0 0 0 0 0 0 0 0 0 0 0 0 0 0 0 0 0 0 0 0 0 0 0 0 0 0 0 0 0 0 0 0 0 0 0 0 0 0 0 0 0 0 0 0 0 0 0 0 0 0 0 0 0 0 0 0 0 0 0 0 0 0 0 0 0 0 0 0 0 0 0 0 0 0 0 0 0 0 0 0 0 0 0 0 0 0 0 0 0 0 0 0 0 0 0 0 0 0 0 0 0 0 0 0 0 0 0 0 0 0 0 0 0 0 0 0 0 0 0 0 0 0 0 0 0 0 0 0 0 0 0 0 0 0 0 0 0 0 0 0 0 0 0 0 0 0 0 0 0 0 0 0 0 0 0 0 0 0 0 0 0 0 0 0 0 0 0 0 0 0 0 0 0 0 0 0 0 0 0 0 0 0 0 0 0 0 0 0
 0 0 0 0 0 0 0 0 0 0 0 0 0 0 0 0 0 0 0 0 0 0 0 0 0 0 0 0 0 0 0 0 0 0 0 0 0 0 0 0 0 0 0 0 0 0 0 0 0 0 0 0 0 0 0 0 0 0 0 0 0 0 0 0 0 0 0 0 0 0 0 0 0 0 0 0 0 0 0 0 0 0 0 0 0 0 0 0 0 0 0 0 0 0 0 0 0 0 0 0 0 0 0 0 0 0 0 0 0 0 0 0 0 0 0 0 0 0 0 0 0 0 0 0 0 0 0 0 0 0 0 0 0 0 0 0 0 0 0 0 0 0 0 0 0 0 0 0 0 0 0 0 0 0 0 0 0 0 0 0 0 0 0 0 0 0 0 0 0 0 0 0 0 0 0 0 0 0 0 0 0 0 0 0 0 0 0 0 0 0 0 0 0 0 0 0 0 0 0 0 0 0 0 0 0 0 0 0 0 0 0 0 0 0 0 0 0 0 0 0 0 0 0 0 0 0 0 0 0 0 0 0 0 0 0 0 0 0 0 0 0 0 0 0 0 0 0 0 0 0 0 0 0 0 0 0 0 0 0 0 0 0 0 0 0 0 0 0 0 0 0 0 0 0 0 0 0 0 0 0 0 0 0 0 0 0 0.0003673830069601536 0.001126722432672977 0.00231201434507966 0.003951006103307009 0.006068096496164799 0.008651245385408401 0.01172354817390442 0.01534625142812729 0.01955851539969444 0.02438113279640675 0.02982237562537193 0.03589741885662079 0.04256615415215492 0.04975485056638718 0.05741684883832932 0.0655672699213028 0.07422445714473724 0.08332622051239014 0.09279410541057587 0.1025788262486458 0.1126346588134766 0.1228832900524139 0.1332252472639084 0.1436806619167328 0.1542868316173553 0.1650582104921341 0.1759892702102661 0.187103196978569 0.1983924061059952 0.2096833884716034 0.2186265736818314 0.2237309217453003 0.2240139096975327 0.2188395112752914 0.2078975290060043 0.1975026577711105 0.1876275241374969 0.1782461404800415 0.1693338304758072 0.1608671396970749 0.1528237760066986 0.1451825797557831 0.1379234492778778 0.1310272812843323 0.1244759187102318 0.118252120912075 0.11233951151371 0.1067225337028503 0.1013864055275917 0.09631708264350891 0.09150122851133347 0.08692616969347 0.08257985860109329 0.07845086604356766 0.07452832162380219 0.07080190628767014 0.06726180762052536 0.0638987198472023 0.06070378422737122 0.05766859650611877 0.05478516593575478 0.05204590782523155 0.04944361373782158 0.04697143286466599 0.04462286084890366 0.04239171743392944 0.04027213156223297 0.03825852647423744 0.03634560108184814 0.03452832251787186 0.03280190750956535 0.03116181120276451 0.02960371971130371 0.0281235333532095 0.02671735733747482 0.02538148872554302 0.02411241456866264 0.02290679328143597 0.02176145277917385 0.02067337930202484 0.01963970996439457 0.01865772530436516 0.01772483810782433 0.01683859527111053 0.01599666476249695 0.01519683189690113 0.0144369900226593 0.01371514052152634 0.01302938349545002 0.01237791404128075 0.01175901852548122 0.01117106713354588 0.01061251387000084 0.0100818881765008 0.009577794000506401 0.009098904207348824 0.00864395871758461 0.008211760781705379 0.007801172789186239 0.007411113940179348 0.007040558382868767 0.006688530556857586 0.006354103796184063 0.006036398466676474 0.0057345787063241 0.005447849631309509 0.005175457336008549 0.004916684702038765 0.004670850466936827 0.004437307827174664 0.004215442575514317 0.004004670307040215 0.003804436884820461 0.003614214947447181 0.003433504141867161 0.00326182902790606 0.003098737681284547 0.002943800762295723 0.002796610817313194 0.002656780183315277 0.002523941220715642 0.002397744217887521 0.002277856925502419 0.002163964090868831 0.002055765828117728 0.001952977501787245 0.001855328679084778 0.00176256219856441 0.001674434053711593 0.001590712345205247 0.001511176698841155 0.001435617916285992 0.001363837043754756 0.001295645139180124 0.00123086292296648 0.001169319730252028 0.001110853743739426 0.001055311062373221 0.001002545468509197 0.0009524181950837374 0.0009047972853295505 0.0008595574181526899 0.0008165795588865876 0.0007757506100460887 0.000736963062081486 0.0007001149351708591 0.0006651091971434653 0.0006318537634797394 0.0006002610898576677 0.0005702480557374656 0.0005417356733232737 0.0005146489129401743 0.0004889164702035487 0.0004644706496037543 0.0004412471316754818 0.0004191847692709416 0.000398225529352203 0.0003783142601605505 0.0003593985456973314 0.0003414286184124649 0.0003243571845814586 0.0003081393369939178 0.0002927323803305626 0.0002780957729555666 0.0002641909813974053 0.0002509814221411943 0.0002384323452133685 0.0002265107323182747 0.0002151851949747652 0.0002044259308604524 0.000194204636500217 0.0001844944054028019 0.0001752696844050661 0.0001665062009124085 0.0001581808901391923 0.0001502718514529988 0.0001427582610631362 0.000135620342916809 0.0001288393250433728 0.0001223973522428423 0.0001162774860858917 0.0001104636103264056 0.000104940430901479 9.969341044779867e-05 9.470873919781297e-05 8.997329859994352e-05 8.547463221475482e-05 8.12009020592086e-05 7.714085950283334e-05 7.328381616389379e-05 6.961962208151817e-05 6.613864388782531e-05 6.283171387622133e-05 5.969013000139967e-05 5.67056231375318e-05 5.387034252635203e-05 5.117682667332701e-05 4.861798515776172e-05 4.618708771886304e-05 4.387773515190929e-05 4.168384839431383e-05 3.95996576116886e-05 3.761967309401371e-05 3.57386888936162e-05 3.395175372133963e-05 3.225416730856523e-05 3.064145857933909e-05 2.910938565037213e-05 2.76539158221567e-05 2.627122012199834e-05 2.495765875210054e-05 2.370977563259657e-05 2.252428748761304e-05 2.139807293133345e-05 2.032816883001942e-05 1.931176120706368e-05 1.834617251006421e-05 1.742886342981365e-05 1.655742016737349e-05 1.572954897710588e-05 1.494307161920005e-05 1.419591808371479e-05 1.348612204310484e-05 1.281181630474748e-05 1.217122553498484e-05 1.156266444013454e-05 1.098453140002675e-05 1.043530483002542e-05 9.91353954304941e-06 9.417862202099059e-06 8.946969501266722e-06 8.49962088977918e-06 8.074639481492341e-06 7.670907507417724e-06 7.287362222996308e-06 6.922994089109125e-06 6.576844498340506e-06 6.248002136999276e-06 5.935602075624047e-06 5.638822131004417e-06 5.356881047191564e-06 5.089037131256191e-06 4.834585070057074e-06 4.592855930241058e-06 4.363213065516902e-06 4.14505257140263e-06 3.937800101994071e-06 3.740910187843838e-06 3.553864644345595e-06 3.376171434865682e-06 3.207362851753714e-06 3.046994606847875e-06 2.894644921980216e-06 2.749912709987257e-06 2.612417119962629e-06 2.481796173015027e-06 2.357706307520857e-06 2.239821014882182e-06 2.127829930032021e-06 2.021438376687001e-06 1.920366457852651e-06 1.824348146328703e-06 1.7331307162749e-06 1.646474174776813e-06 1.564150466037972e-06 1.485942902945681e-06 1.411645712323661e-06 1.341063466497872e-06 1.274010287488636e-06 1.210309733323811e-06 1.149794229604595e-06 1.092304501071339e-06 1.037689230543037e-06 9.858047178568086e-07 9.365144819639681e-07 8.896887493392569e-07 8.452043402940035e-07 8.029441005419358e-07 7.627969011991809e-07 7.246570703500765e-07 6.884242225169146e-07 6.540030312862655e-07 6.21302888248465e-07 5.90237732467358e-07 5.607258231066226e-07 5.326895120560948e-07 5.060550165580935e-07 4.807522486771632e-07 4.567146447698178e-07 4.33878909689156e-07 4.121849599414418e-07 3.915757247341389e-07 3.719969470239448e-07 3.533970982516621e-07 3.357272362336516e-07 3.189408630532853e-07 3.029938113741082e-07 2.878441307530011e-07 2.734519171099237e-07 2.597793127279147e-07 2.467903357228352e-07 2.344508231999498e-07 2.227282891453797e-07 2.115918675826833e-07 2.010122699402928e-07 1.909616571538209e-07 1.814135686117879e-07 1.723428937339122e-07 1.637257440734174e-07 1.555394533170329e-07 1.477624778090103e-07 1.403743539185598e-07 1.33355641196431e-07 1.26687865531494e-07
 0 0 0 0 0 0 0 0 0 0 0 0 0 0 0 0 0 0 0 0 0 0 0 0 0 0 0 0 0 0 0 0 0 0 0 0 0 0 0 0 0 0 0 0 0 0 0 0 0 0 0 0 0 0 0 0 0 0 0 0 0 0 0 0 0 0 0 0 0 0 0 0 0 0 0 0 0 0 0 0 0 0 0 0 0 0 0 0 0 0 0 0 0 0 0 0 0 0 0 0 0 0 0 0 0 0 0 0 0 0 0 0 0 0 0 0 0 0 0 0 0 0 0 0 0 0 0 0 0 0 0 0 0 0 0 0 0 0 0 0 0 0 0 0 0 0 0 0 0 0 0 0 0 0 0 0 0 0 0 0 0 0 0 0 0 0 0 0 0 0 0 0 0 0 0 0 0 0 0 0 0 0 0 0 0 0 0 0 0 0 0 0 0 0 0 0 0 0 0 0 0 0 0 0 0 0 0 0 0 0 0 0 0 0 0 0 0 0 0 0 0 0 0 0 0 0 0 0 0 0 0 0 0 0 0 0 0 0 0 0 0 0 0 0 0 0 0 0 0 0 0 0 0 0 0 0 0 0 0 0 0 0 0 0 0 0 0 0 0 0 0 0 0 0 0 0 0 0 0 0 0 0 0 0 0 0 0 0 0 0 0 0 0 0 0 0 0 0 0 0 0 0 0 0 0 0 0 0 0 0 0 0 0 0 0 0 0 0 0 0 0 0 0 0 0 0 0 0 0 0 0 0 0 0 0 0 0 0 0 0 0 0 0 0 0 0 0 0 0 0 0 0 0 0 0 0 0 0 0 0 0 0 0 0 0 0 0 0 0 0 0 0 0 0 0 0 0 0 0 0 0 0 0 0 0 0 0 0 0 0 0 0 0 0 0 0 0 0 0 0 0 0 0 0 0 0 0 0 0 0 0 0 0 0 0 0 0 0 0 0 0 0 0 0 0 0 0 0 0 0 0 0 0 0 0 0 0 0 0 0 0 0 0 0 0 0 0 0 0 0 0 0 0 0 0 0 0 0 0 0 0 0 0 0 0 0 0 0 0 0 0 0 0 0 0 0 0 0 0 0 0 0 0 0 0 0 0 0 0 0 0 0 0 0 0 0 0 0 0 0 0 0 0 0 0 0 0 0 0 0 0 0 0 0 0 0 0 0 0 0 0 0 0 0 0 0 0 0 0 0 0 0 0 0 0 0 0 0 0 0 0 0 0 0 0 0 0 0 0 0 0 0 0 0 0 0 0 0 0 0 0 0 0 0 0 0 0 0 0 0 0 0 0 0 0 0 0 0 0 0 0 0 0 0 0 0 0 0 0 0 0 0 0 0 0 0 0 0 0 0
 0 0 0 0 0 0 0 0 0 0 0 0 0 0 0 0 0 0 0 0 0 0 0 0 0 0 0 0 0 0 0 0 0 0 0 0 0 0 0 0 0 0 0 0 0 0 0 0 0 0 0 0 0 0 0 0 0 0 0 0 0 0 0 0 0 0 0 0 0 0 0 0 0 0 0 0 0 0 0 0 0 0 0 0 0 0 0 0 0 0 0 0 0 0 0 0 0 0 0 0 0 0 0 0 0 0 0 0 0 0 0 0 0 0 0 0 0 0 0 0 0 0 0 0 0 0 0 0 0 0 0 0 0 0 0 0 0 0 0 0 0 0 0 0 0 0 0 0 0 0 0 0 0 0 0 0 0 0 0 0 0 0 0 0 0 0 0 0 0 0 0 0 0 0 0 0 0 0 0 0 0 0 0 0 0 0 0 0 0 0 0 0 0 0 0 0 0 0 0 0 0 0 0 0 0 0 0 0 0 0 0 0 0 0 0 0 0 0 0 0 0 0 0 0 0 0 0 0 0 0 0 0 0 0 0 0 0 0 0 0 0 0 0 0 0 0 0 0 0 0 0 0 0 0 0 0 0 0 0 0 0 0 0 0 0 0 0 0 0 0 0 0 0 0 0 0 0 0 0 0 0 0 0 0 0 0 0 0 0 0 0 0 0 0 0 0 0 0 0 0 0 0 0 0 0 0 0 0 0 0 0 0 0 0 0 0 0 0 0 0 0 0 0 0 0 0 0 0 0 0 0 0 0 0 0 0 0 0 0 0 0 0 0 0 0 0 0 0 0 0 0 0 0 0 0 0 0 0 0 0 0 0 0 0 0 0 0 0 0 0 0 0 0 0 0 0 0 0 0 0 0 0 0 0 0 0 0 0 0 0 0 0 0 0 0 0 0 0 0 0 0 0 0 0 0 0 0 0 0 0 0 0 0 0 0 0 0 0 0 0 0 0 0 0 0 0 0 0 0 0 0 0 0 0 0 0 0 0 0 0 0 0 0 0 0 0 0 0 0 0 0 0 0 0 0 0 0 0 0 0 0 0 0 0 0 0 0 0 0 0 0 0 0 0 0 0 0 0 0 0 0 0 0 0 0 0 0 0 0 0 0 0 0 0 0 0 0 0 0 0 0 0 0 0 0 0 0 0 0 0 0 0 0 0 0 0 0 0 0 0 0 0 0 0 0 0 0 0 0 0 0 0 0 0 0 0 0 0 0 0 0 0 0 0 0 0 0 0 0 0 0 0 0 0 0 0 0 0 0 0 0 0 0 0 0 0 0 0 0 0 0 0 0 0 0 0 0 0 0 0 0 0 0 0 0 0 0 0 0 0 0 0 0 0 0 0 0 0 0 0
 0 0 0 0 0 0 0 0 0 0 0 0 0 0 0 0 0 0 0 0 0 0 0 0 0 0 0 0 0 0 0 0 0 0 0 0 0 0 0 0 0 0 0 0 0 0 0 0 0 0 0 0 0 0 0 0 0 0 0 0 0 0 0 0 0 0 0 0 0 0 0 0 0 0 0 0 0 0 0 0 0 0 0 0 0 0 0 0 0 0 0 0 0 0 0 0 0 0 0 0 0 0 0 0 0 0 0 0 0 0 0 0 0 0 0 0 0 0 0 0 0 0 0 0 0 0 0 0 0 0 0 0 0 0 0 0 0 0 0 0 0 0 0 0 0 0 0 0 0 0 0 0 0 0 0 0 0 0 0 0 0 0 0 0 0 0 0 0 0 0 0 0 0 0 0 0 0 0 0 0 0 0 0 0 0 0 0 0 0 0 0 0 0 0 0 0 0 0 0 0 0 0 0 0 0 0 0 0 0 0 0 0 0 0 0 0 0 0 0 0 0 0 0 0 0 0 0 0 0 0 0 0 0 0 0 0 0 0 0 0 0 0 0 0 0 0 0 0 0 0 0 0 0 0 0 0 0 0 0 0 0 0 0 0 0 0 0 0 0 0 0 0 0 0 0 0 0 0 0 0 0 0 0 0 0 0 0 0 0 0 0 0 0 0 0 0 0 0 0 0 0 0 0 0 0 0 0 0 0 0 0 0 0 0 0 0 0 0 0 0 0 0 0 0 0 0 0 0 0 0 0 0 0 0 0 0 0 0 0 0 0 0 0 0 0 0 0 0 0 0 0 0 0 0 0 0 0 0 0 0 0 0 0 0 0 0 0 0 0 0 0 0 0 0 0 0 0 0 0 0 0 0 0 0 0 0 0 0 0 0 0 0 0 0 0 0 0 0 0 0 0 0 0 0 0 0 0 0 0 0 0 0 0 0 0 0 0 0 0 0 0 0 0 0 0 0 0 0 0 0 0 0 0 0 0 0 0 0 0 0 0 0 0 0 0 0 0 0 0 0 0 0 0 0 0 0 0 0 0 0 0 0 0 0 0 0 0 0 0 0 0 0 0 0 0 0 0 0 0 0 0 0 0 0 0 0 0 0 0 0 0 0 0 0 0 0 0 0 0 0 0 0 0 0 0 0 0 0 0 0 0 0 0 0 0 0 0 0 0 0 0 0 0 0 0 0 0 0 0 0 0 0 0 0 0 0 0 0 0 0 0 0 0 0 0 0 0 0 0 0 0 0 0 0 0 0 0 0 0 0 0 0 0 0 0 0 0 0 0 0 0 0 0 0 0 0 0 0 0 0 0 0 0 0 0 0 0 0 0 0 0 0 0 0 0 0 0 0 0 0
 0 0 0 0 0 0 0 0 0 0 0 0 0 0 0 0 0 0 0 0 0 0 0 0 0 0 0 0 0 0 0 0 0 0 0 0 0 0 0 0 0 0 0 0 0 0 0 0 0 0 0 0 0 0 0 0 0 0 0 0 0 0 0 0 0 0 0 0 0 0 0 0 0 0 0 0 0 0 0 0 0 0 0 0 0 0 0 0 0 0 0 0 0 0 0 0 0 0 0 0 0 0 0 0 0 0 0 0 0 0 0 0 0 0 0 0 0 0 0 0 0 0 0 0 0 0 0 0 0 0 0 0 0 0 0 0 0 0 0 0 0 0 0 0 0 0 0 0 0 0 0 0 0 0 0 0 0 0 0 0 0 0 0 0 0 0 0 0 0 0 0 0 0 0 0 0 0 0 0 0 0 0 0 0 0 0 0 0 0 0 0 0 0 0 0 0 0 0 0 0 0 0 0 0 0 0 0 0 0 0 0 0 0 0 0 0 0 0 0 0 0 0 0 0 0 0 0 0 0 0 0 0 0 0 0 0 0 0 0 0 0 0 0 0 0 0 0 0 0 0 0 0 0 0 0 0 0 0 0 0 0 0 0 0 0 0 0 0 0 0 0 0 0 0 0 0 0 0 0 0 0 0 0 0 4.765224730363116e-05 0.0005047869635745883 0.001382965128868818 0.002705886960029602 0.004485196899622679 0.006752095185220242 0.009534971788525581 0.01288603153079748 0.01680817827582359 0.02132424339652061 0.02648710831999779 0.03230194747447968 0.03870148584246635 0.04569023102521896 0.05318129435181618 0.06119330227375031 0.06974133849143982 0.07876131683588028 0.08823862671852112 0.0981307178735733 0.1083307340741158 0.1188042610883713 0.1294221729040146 0.1401572525501251 0.1510446071624756 0.162118062376976 0.1733707934617996 0.1848275512456894 0.1964463889598846 0.2081623077392578 0.2184371054172516 0.225419282913208 0.2279265075922012 0.2251593023538589 0.2166013419628143 0.205771267414093 0.1954827010631561 0.1857085675001144 0.1764231324195862 0.1676019728183746 0.1592218726873398 0.1512607783079147 0.1436977386474609 0.1365128457546234 0.1296872049570084 0.123202845454216 0.1170427054166794 0.1111905723810196 0.1056310459971428 0.1003494933247566 0.09533201903104782 0.09056542068719864 0.08603715151548386 0.08173529058694839 0.07764852792024612 0.07376610487699509 0.0700777992606163 0.06657391041517258 0.06324521452188492 0.06008295342326164 0.05707880482077599 0.05422486364841461 0.05151361972093582 0.04893793910741806 0.04649104177951813 0.04416649043560028 0.04195816442370415 0.03986025601625443 0.03786724433302879 0.03597388043999672 0.03417518734931946 0.03246642649173737 0.0308431051671505 0.02930095046758652 0.02783590368926525 0.02644410915672779 0.0251219030469656 0.02386580780148506 0.02267251722514629 0.02153889089822769 0.02046194672584534 0.0194388497620821 0.01846690662205219 0.01754356175661087 0.01666638441383839 0.01583306491374969 0.01504141185432673 0.01428934093564749 0.0135748740285635 0.01289612986147404 0.01225132308900356 0.01163875684142113 0.01105681899935007 0.01050397846847773 0.009978779591619968 0.009479840286076069 0.009005848318338394 0.00855555571615696 0.008127777837216854 0.007721388712525368 0.007335319183766842 0.006968553178012371 0.006620125379413366 0.006289118900895119 0.005974662955850363 0.005675929598510265 0.005392133258283138 0.005122526548802853 0.004866400267928839 0.004623080138117075 0.004391926340758801 0.004172329790890217 0.00396371353417635 0.003765527857467532 0.003577251452952623 0.003398388857021928 0.003228469518944621 0.0030670459382236 0.002913693664595485 0.002768008969724178 0.002629608614370227 0.002498128218576312 0.002373221796005964 0.002254560589790344 0.002141832606866956 0.00203474098816514 0.001933003892190754 0.001836353680118918 0.00174453598447144 0.001657309243455529 0.001574443769641221 0.001495721633546054 0.001420935499481857 0.001349888741970062 0.001282394281588495 0.001218274584971368 0.001157360849902034 0.001099492772482336 0.001044518081471324 0.00099229218903929 0.0009426776086911559 0.000895543722435832 0.0008507665479555726 0.0008082282147370279 0.0007678167894482613 0.0007294259266927838 0.0006929546361789107 0.0006583068752661347 0.0006253915489651263 0.0005941219860687852 0.0005644158809445798 0.0005361950607039034 0.0005093853105790913 0.0004839160537812859 0.0004597202641889453 0.0004367342626210302 0.0004148975422140211 0.0003941526520065963 0.0003744450223166496 0.0003557227610144764 0.0003379366244189441 0.0003210397844668478 0.00030498779960908 0.0002897384110838175 0.0002752514847088605 0.0002614889235701412 0.0002484144642949104 0.0002359937352593988 0.0002241940528620034 0.0002129843487637118 0.0002023351262323558 0.0001922183728311211 0.0001826074585551396 0.0001734770921757445 0.0001648032339289784 0.0001565630664117634 0.0001487349072704092 0.0001412981655448675 0.0001342332543572411 0.0001275215909117833 0.0001211455091834068 0.0001150882308138534 0.0001093338214559481 0.0001038671325659379 9.867377229966223e-05 9.374008368467912e-05 8.905307913664728e-05 8.460042590741068e-05 8.037040242925286e-05 7.635188376298174e-05 7.25342906662263e-05 6.890757504152134e-05 6.546219810843468e-05 6.218908674782142e-05 5.907963350182399e-05 5.612565291812643e-05 5.331937063601799e-05 5.065340155852027e-05 4.81207316624932e-05 4.571469617076218e-05 4.342896136222407e-05 4.125751365791075e-05 3.919463779311627e-05 3.723490590346046e-05 3.537315933499485e-05 3.360450136824511e-05 3.192427539033815e-05 3.032806125702336e-05 2.881165892176796e-05 2.737107570283115e-05 2.600252264528535e-05 2.470239633112215e-05 2.346727706026286e-05 2.229391247965395e-05 2.117921758326702e-05 2.012025652220473e-05 1.911424442369025e-05 1.815853283915203e-05 1.725060610624496e-05 1.638807589188218e-05 1.556867209728807e-05 1.479023831052473e-05 1.405072634952376e-05 1.334818989562336e-05 1.268078085558955e-05 1.204674208565848e-05 1.144440466305241e-05 1.087218424800085e-05 1.032857471727766e-05 9.812146345211659e-06 9.321539437223691e-06 8.855462510837242e-06 8.41268956719432e-06 7.992055543581955e-06 7.592452675453387e-06 7.212830041680718e-06 6.852188562334049e-06 6.509579179692082e-06 6.184100129758008e-06 5.874895123270107e-06 5.581150162470294e-06 5.302092631609412e-06 5.036988113715779e-06 4.785138571605785e-06 4.545881438389188e-06 4.318587343732361e-06 4.102657840121537e-06 3.897524948115461e-06 3.702648655234952e-06 3.517516233841889e-06 3.341640422149794e-06 3.174558514729142e-06 3.01583054351795e-06 2.865039050448104e-06 2.72178704108228e-06 2.585697757240268e-06 2.456412858009571e-06 2.333592192371725e-06 2.216912662333925e-06 2.106067086060648e-06 2.000763743126299e-06 1.900725578707352e-06 1.805689294087642e-06 1.715404778224183e-06 1.629634539312974e-06 1.5481527952943e-06 1.470745132792217e-06 1.397207824993529e-06 1.327347490587272e-06 1.260980070583173e-06 1.197931055685331e-06 1.138034463110671e-06 1.081132722902112e-06 1.027076109494374e-06 9.757222869666293e-07 9.269361953556654e-07 8.805893685348565e-07 8.365598773707461e-07 7.94731874975696e-07 7.549952556473727e-07 7.172454843384912e-07 6.813831987528829e-07 6.473140388152387e-07 6.149483624540153e-07 5.842009613843402e-07 5.549908905777556e-07 5.272413545753807e-07 5.008793095839792e-07 4.758353497891221e-07 4.520435936683498e-07 4.294413997740776e-07 4.079693383118865e-07 3.875708785017196e-07 3.681923317344626e-07 3.497827094633976e-07 3.322935810956551e-07 3.156789034619578e-07 2.998949639732018e-07 2.849002100901998e-07 2.706551924802625e-07 2.571224229086511e-07 2.442662889734493e-07 2.320529688404349e-07 2.204503175562422e-07 2.094277959940882e-07 1.989563997994992e-07 1.890085741251823e-07 1.795581425767523e-07 1.705802361584574e-07 1.620512222189063e-07 1.539486618185038e-07 1.462512244643221e-07 1.389386596883924e-07 1.3199172599343e-07 1.253921340094166e-07 1.191225251773176e-07
 0 0 0 0 0 0 0 0 0 0 0 0 0 0 0 0 0 0 0 0 0 0 0 0 0 0 0 0 0 0 0 0 0 0 0 0 0 0 0 0 0 0 0 0 0 0 0 0 0 0 0 0 0 0 0 0 0 0 0 0 0 0 0 0 0 0 0 0 0 0 0 0 0 0 0 0 0 0 0 0 0 0 0 0 0 0 0 0 0 0 0 0 0 0 0 0 0 0 0 0 0 0 0 0 0 0 0 0 0 0 0 0 0 0 0 0 0 0 0 0 0 0 0 0 0 0 0 0 0 0 0 0 0 0 0 0 0 0 0 0 0 0 0 0 0 0 0 0 0 0 0 0 0 0 0 0 0 0 0 0 0 0 0 0 0 0 0 0 0 0 0 0 0 0 0 0 0 0 0 0 0 0 0 0 0 0 0 0 0 0 0 0 0 0 0 0 0 0 0 0 0 0 0 0 0 0 0 0 0 0 0 0 0 0 0 0 0 0 0 0 0 0 0 0 0 0 0 0 0 0 0 0 0 0 0 0 0 0 0 0 0 0 0 0 0 0 0 0 0 0 0 0 0 0 0 0 0 0 0 0 0 0 0 0 0 0 0 0 0 0 0 0 0 0 0 0 0 0 0 0 0 0 0 0 0 0 0 0 0 0 0 0 0 0 0 0 0 0 0 0 0 0 0 0 0 0 0 0 0 0 0 0 0 0 0 0 0 0 0 0 0 0 0 0 0 0 0 0 0 0 0 0 0 0 0 0 0 0 0 0 0 0 0 0 0 0 0 0 0 0 0 0 0 0 0 0 0 0 0 0 0 0 0 0 0 0 0 0 0 0 0 0 0 0 0 0 0 0 0 0 0 0 0 0 0 0 0 0 0 0 0 0 0 0 0 0 0 0 0 0 0 0 0 0 0 0 0 0 0 0 0 0 0 0 0 0 0 0 0 0 0 0 0 0 0 0 0 0 0 0 0 0 0 0 0 0 0 0 0 0 0 0 0 0 0 0 0 0 0 0 0 0 0 0 0 0 0 0 0 0 0 0 0 0 0 0 0 0 0 0 0 0 0 0 0 0 0 0 0 0 0 0 0 0 0 0 0 0 0 0 0 0 0 0 0 0 0 0 0 0 0 0 0 0 0 0 0 0 0 0 0 0 0 0 0 0 0 0 0 0 0 0 0 0 0 0 0 0 0 0 0 0 0 0 0 0 0 0 0 0 0 0 0 0 0 0 0 0 0 0 0 0 0 0 0 0 0 0 0 0 0 0 0 0 0 0 0 0 0 0 0 0 0 0 0 0 0 0 0 0 0 0 0 0 0 0 0 0 0 0 0 0 0 0 0 0 0 0 0 0
 0 0 0 0 0 0 0 0 0 0 0 0 0 0 0 0 0 0 0 0 0 0 0 0 0 0 0 0 0 0 0 0 0 0 0 0 0 0 0 0 0 0 0 0 0 0 0 0 0 0 0 0 0 0 0 0 0 0 0 0 0 0 0 0 0 0 0 0 0 0 0 0 0 0 0 0 0 0 0 0 0 0 0 0 0 0 0 0 0 0 0 0 0 0 0 0 0 0 0 0 0 0 0 0 0 0 0 0 0 0 0 0 0 0 0 0 0 0 0 0 0 0 0 0 0 0 0 0 0 0 0 0 0 0 0 0 0 0 0 0 0 0 0 0 0 0 0 0 0 0 0 0 0 0 0 0 0 0 0 0 0 0 0 0 0 0 0 0 0 0 0 0 0 0 0 0 0 0 0 0 0 0 0 0 0 0 0 0 0 0 0 0 0 0 0 0 0 0 0 0 0 0 0 0 0 0 0 0 0 0 0 0 0 0 0 0 0 0 0 0 0 0 0 0 0 0 0 0 0 0 0 0 0 0 0 0 0 0 0 0 0 0 0 0 0 0 0 0 0 0 0 0 0 0 0 0 0 0 0 0 0 0 0 0 0 0 0 0 0 0 0 0 0 0 0 0 0 0 0 0 0 0 0 0 0 0 0 0 0 0 0 0 0 0 0 0 0 0 0 0 0 0 0 0 0 0 0 0 0 0 0 0 0 0 0 0 0 0 0 0 0 0 0 0 0 0 0 0 0 0 0 0 0 0 0 0 0 0 0 0 0 0 0 0 0 0 0 0 0 0 0 0 0 0 0 0 0 0 0 0 0 0 0 0 0 0 0 0 0 0 0 0 0 0 0 0 0 0 0 0 0 0 0 0 0 0 0 0 0 0 0 0 0 0 0 0 0 0 0 0 0 0 0 0 0 0 0 0 0 0 0 0 0 0 0 0 0 0 0 0 0 0 0 0 0 0 0 0 0 0 0 0 0 0 0 0 0 0 0 0 0 0 0 0 0 0 0 0 0 0 0 0 0 0 0 0 0 0 0 0 0 0 0 0 0 0 0 0 0 0 0 0 0 0 0 0 0 0 0 0 0 0 0 0 0 0 0 0 0 0 0 0 0 0 0 0 0 0 0 0 0 0 0 0 0 0 0 0 0 0 0 0 0 0 0 0 0 0 0 0 0 0 0 0 0 0 0 0 0 0 0 0 0 0 0 0 0 0 0 0 0 0 0 0 0 0 0 0 0 0 0 0 0 0 0 0 0 0 0 0 0 0 0 0 0 0 0 0 0 0 0 0 0 0 0 0 0 0 0 0 0 0 0 0 0 0 0 0 0 0 0 0 0 0 0 0 0 0 0 0
 0 0 0 0 0 0 0 0 0 0 0 0 0 0 0 0 0 0 0 0 0 0 0 0 0 0 0 0 0 0 0 0 0 0 0 0 0 0 0 0 0 0 0 0 0 0 0 0 0 0 0 0 0 0 0 0 0 0 0 0 0 0 0 0 0 0 0 0 0 0 0 0 0 0 0 0 0 0 0 0 0 0 0 0 0 0 0 0 0 0 0 0 0 0 0 0 0 0 0 0 0 0 0 0 0 0 0 0 0 0 0 0 0 0 0 0 0 0 0 0 0 0 0 0 0 0 0 0 0 0 0 0 0 0 0 0 0 0 0 0 0 0 0 0 0 0 0 0 0 0 0 0 0 0 0 0 0 0 0 0 0 0 0 0 0 0 0 0 0 0 0 0 0 0 0 0 0 0 0 0 0 0 0 0 0 0 0 0 0 0 0 0 0 0 0 0 0 0 0 0 0 0 0 0 0 0 0 0 0 0 0 0 0 0 0 0 0 0 0 0 0 0 0 0 0 0 0 0 0 0 0 0 0 0 0 0 0 0 0 0 0 0 0 0 0 0 0 0 0 0 0 0 0 0 0 0 0 0 0 0 0 0 0 0 0 0 0 0 0 0 0 0 0 0 0 0 0 0 0 0 0 0 0 0 0 0 0 0 0 0 0 0 0 0 0 0 0 0 0 0 0 0 0 0 0 0 0 0 0 0 0 0 0 0 0 0 0 0 0 0 0 0 0 0 0 0 0 0 0 0 0 0 0 0 0 0 0 0 0 0 0 0 0 0 0 0 0 0 0 0 0 0 0 0 0 0 0 0 0 0 0 0 0 0 0 0 0 0 0 0 0 0 0 0 0 0 0 0 0 0 0 0 0 0 0 0 0 0 0 0 0 0 0 0 0 0 0 0 0 0 0 0 0 0 0 0 0 0 0 0 0 0 0 0 0 0 0 0 0 0 0 0 0 0 0 0 0 0 0 0 0 0 0 0 0 0 0 0 0 0 0 0 0 0 0 0 0 0 0 0 0 0 0 0 0 0 0 0 0 0 0 0 0 0 0 0 0 0 0 0 0 0 0 0 0 0 0 0 0 0 0 0 0 0 0 0 0 0 0 0 0 0 0 0 0 0 0 0 0 0 0 0 0 0 0 0 0 0 0 0 0 0 0 0 0 0 0 0 0 0 0 0 0 0 0 0 0 0 0 0 0 0 0 0 0 0 0 0 0 0 0 0 0 0 0 0 0 0 0 0 0 0 0 0 0 0 0 0 0 0 0 0 0 0 0 0 0 0 0 0 0 0 0 0 0 0 0 0 0 0 0 0 0 0 0 0 0 0 0 0 0 0 0 0 0 0 0 0 0 0
 0 0 0 0 0 0 0 0 0 0 0 0 0 0 0 0 0 0 0 0 0 0 0 0 0 0 0 0 0 0 0 0 0 0 0 0 0 0 0 0 0 0 0 0 0 0 0 0 0 0 0 0 0 0 0 0 0 0 0 0 0 0 0 0 0 0 0 0 0 0 0 0 0 0 0 0 0 0 0 0 0 0 0 0 0 0 0 0 0 0 0 0 0 0 0 0 0 0 0 0 0 0 0 0 0 0 0 0 0 0 0 0 0 0 0 0 0 0 0 0 0 0 0 0 0 0 0 0 0 0 0 0 0 0 0 0 0 0 0 0 0 0 0 0 0 0 0 0 0 0 0 0 0 0 0 0 0 0 0 0 0 0 0 0 0 0 0 0 0 0 0 0 0 0 0 0 0 0 0 0 0 0 0 0 0 0 0 0 0 0 0 0 0 0 0 0 0 0 0 0 0 0 0 0 0 0 0 0 0 0 0 0 0 0 0 0 0 0 0 0 0 0 0 0 0 0 0 0 0 0 0 0 0 0 0 0 0 0 0 0 0 0 0 0 0 0 0 0 0 0 0 0 0 0 0 0 0 0 0 0 0 0 0 0 0 0 0 0 0 0 0 0 0 0 0 0 0 0 0 0 0 0 0 0 0 0 0.0002219538291683421 0.0008481140248477459 0.001871583168394864 0.003312032436951995 0.005177482031285763 0.007544121239334345 0.01042354013770819 0.01384434383362532 0.01783127337694168 0.02240622043609619 0.02760018408298492 0.03343237563967705 0.03978656604886055 0.04666555300354958 0.0539824478328228 0.06173601374030113 0.06988489627838135 0.07843858748674393 0.08740808069705963 0.09671811759471893 0.1063611879944801 0.1162579655647278 0.1263469606637955 0.136608898639679 0.1469893008470535 0.1575163751840591 0.1682170927524567 0.1791251599788666 0.1901739537715912 0.2013817876577377 0.2110209167003632 0.2173094004392624 0.2191518098115921 0.2158271074295044 0.2068595588207245 0.1965165734291077 0.1866907477378845 0.1773562133312225 0.168488398194313 0.1600639820098877 0.1520607769489288 0.1444577425718307 0.1372348517179489 0.1303731054067612 0.1238544508814812 0.1176617294549942 0.1117786467075348 0.1061897128820419 0.1008802279829979 0.09583621472120285 0.09104440361261368 0.08649218082427979 0.08216757327318192 0.07805919647216797 0.07415623962879181 0.07044842839241028 0.066926009953022 0.06357970833778381 0.06040072441101074 0.05738068744540215 0.0545116513967514 0.05178606882691383 0.0491967648267746 0.04673692584037781 0.04440008103847504 0.04218007624149323 0.04007107391953468 0.0380675196647644 0.03616414219141006 0.03435593470931053 0.03263813629746437 0.0310062300413847 0.02945591881871223 0.02798312343657017 0.02658396773040295 0.02525476925075054 0.0239920299500227 0.02279242873191833 0.02165280655026436 0.02057016640901566 0.0195416584610939 0.01856457628309727 0.01763634756207466 0.01675453037023544 0.01591680385172367 0.01512096356600523 0.01436491496860981 0.01364666968584061 0.01296433620154858 0.01231611892580986 0.01170031260699034 0.01111529674381018 0.01055953186005354 0.0100315548479557 0.009529977105557919 0.009053478017449379 0.008600804023444653 0.008170763961970806 0.007762225810438395 0.007374114356935024 0.007005408406257629 0.006655137985944748 0.006322381086647511 0.006006262265145779 0.005705948919057846 0.005420651286840439 0.005149618722498417 0.004892137832939625 0.00464753108099103 0.004415154457092285 0.004194396547973156 0.003984676674008369 0.003785442793741822 0.003596170572564006 0.003416361985728145 0.003245543921366334 0.003083266783505678 0.002929103560745716 0.002782648429274559 0.00264351605437696 0.002511340193450451 0.002385773230344057 0.00226648454554379 0.002153160283342004 0.002045502187684178 0.00194322713650763 0.001846065744757652 0.001753762480802834 0.001666074385866523 0.001582770608365536 0.001503632054664195 0.001428450457751751 0.001357027911581099 0.00128917652182281 0.001224717707373202 0.001163481851108372 0.001105307717807591 0.001050042337737978 0.0009975401917472482 0.0009476632112637162 0.0009002800798043609 0.0008552660583518445 0.0008125027525238693 0.0007718775887042284 0.0007332836976274848 0.0006966195069253445 0.0006617885082960129 0.0006286990828812122 0.000597264152020216 0.0005674009444192052 0.0005390308797359467 0.0005120793357491493 0.0004864753573201597 0.0004621515981853008 0.000439044029917568 0.0004170918255113065 0.0003962372429668903 0.000376425392460078 0.0003576041199266911 0.0003397239197511226 0.0003227377310395241 0.000306600850308314 0.0002912708150688559 0.0002767072874121368 0.0002628719084896147 0.0002497283276170492 0.0002372419112361968 0.0002253798156743869 0.0002141108270734549 0.0002034052886301652 0.0001932350278366357 0.0001835732837207615 0.0001743946195347235 0.0001656748936511576 0.0001573911431478336 0.0001495215838076547 0.0001420455082552508 0.0001349432277493179 0.0001281960721826181 0.0001217862663906999 0.0001156969519797713 0.0001099121072911657 0.0001044165037455969 9.919567673932761e-05 9.423588926438242e-05 8.952409552875906e-05 8.504789002472535e-05 8.079549297690392e-05 7.675572123844177e-05 7.291793735930696e-05 6.927204231033102e-05 6.580843910342082e-05 6.251801823964342e-05 5.939211769145913e-05 5.642251198878512e-05 5.360138675314374e-05 5.092131686978973e-05 4.837525193579495e-05 4.595649079419672e-05 4.365866698208265e-05 4.147573417867534e-05 3.940194801543839e-05 3.743185152416117e-05 3.556026058504358e-05 3.37822493747808e-05 3.209313581464812e-05 3.048847975151148e-05 2.896405567298643e-05 2.751585270743817e-05 2.614006007206626e-05 2.483305797795765e-05 2.359140489716083e-05 2.241183392470703e-05 2.129124186467379e-05 2.022668013523798e-05 1.921534567372873e-05 1.825457911763806e-05 1.734185025270563e-05 1.647475801291876e-05 1.5651019566576e-05 1.486846849729773e-05 1.412504479958443e-05 1.341879215033259e-05 1.274785245186649e-05 1.211045946547529e-05 1.150493608292891e-05 1.092968886950985e-05 1.038320442603435e-05 9.864043931884225e-06 9.370841326017398e-06 8.902299668989144e-06 8.457184776489157e-06 8.034325219341554e-06 7.632608685526066e-06 7.250978342199232e-06 6.888429197715595e-06 6.544007646880345e-06 6.216807378223166e-06 5.905967100261478e-06 5.610668722511036e-06 5.330135081749177e-06 5.06362812302541e-06 4.810446625924669e-06 4.569924385577906e-06 4.341428393672686e-06 4.124357019463787e-06 3.918139100278495e-06 3.722232122527203e-06 3.536120402714005e-06 3.359314405315672e-06 3.191348696418572e-06 3.031781261597644e-06 2.880192141674343e-06 2.736182523221942e-06 2.599373374323477e-06 2.469404762450722e-06 2.345934490222135e-06 2.228637868029182e-06 2.117205895046936e-06 2.011345713981427e-06 1.910778337332886e-06 1.815239443203609e-06 1.724477442621719e-06 1.638253593228001e-06 1.556340862407524e-06 1.478523813602806e-06 1.404597583132272e-06 1.334367652816582e-06 1.267649281544436e-06 1.204266823151556e-06 1.144053499047004e-06 1.086850829778996e-06 1.032508293974388e-06 9.808828735913266e-07 9.318387128587347e-07 8.852467772157979e-07 8.409844554080337e-07 7.989352184267773e-07 7.589884489789256e-07 7.21039043583005e-07 6.849870715086581e-07 6.507377179332252e-07 6.18200829194393e-07 5.872907991033571e-07 5.579262847277278e-07 5.300299790178542e-07 5.035284971199872e-07 4.783520921591844e-07 4.544344847090542e-07 4.317127491049177e-07 4.101271144918428e-07 3.89620765872678e-07 3.701397304212151e-07 3.516327353736415e-07 3.34051094341703e-07 3.173485367824469e-07 3.014811227330938e-07 2.86407072280781e-07 2.720867087191436e-07 2.584823732831865e-07 2.455582546190271e-07 2.332803461513322e-07 2.216163323964793e-07 2.105355179082835e-07 2.000087420128693e-07 1.900083077543968e-07 1.805078966299334e-07 1.714824975351803e-07 1.629083783427632e-07 1.547629580045395e-07 1.470248065515989e-07 1.396735598291343e-07 1.326898768638785e-07 1.260553830206845e-07
 0 0 0 0 0 0 0 0 0 0 0 0 0 0 0 0 0 0 0 0 0 0 0 0 0 0 0 0 0 0 0 0 0 0 0 0 0 0 0 0 0 0 0 0 0 0 0 0 0 0 0 0 0 0 0 0 0 0 0 0 0 0 0 0 0 0 0 0 0 0 0 0 0 0 0 0 0 0 0 0 0 0 0 0 0 0 0 0 0 0 0 0 0 0 0 0 0 0 0 0 0 0 0 0 0 0 0 0 0 0 0 0 0 0 0 0 0 0 0 0 0 0 0 0 0 0 0 0 0 0 0 0 0 0 0 0 0 0 0 0 0 0 0 0 0 0 0 0 0 0 0 0 0 0 0 0 0 0 0 0 0 0 0 0 0 0 0 0 0 0 0 0 0 0 0 0 0 0 0 0 0 0 0 0 0 0 0 0 0 0 0 0 0 0 0 0 0 0 0 0 0 0 0 0 0 0 0 0 0 0 0 0 0 0 0 0 0 0 0 0 0 0 0 0 0 0 0 0 0 0 0 0 0 0 0 0 0 0 0 0 0 0 0 0 0 0 0 0 0 0 0 0 0 0 0 0 0 0 0 0 0 0 0 0 0 0 0 0 0 0 0 0 0 0 0 0 0 0 0 0 0 0 0 0 0 0 0 0 0 0 0 0 0 0 0 0 0 0 0 0 0 0 0 0 0 0 0 0 0 0 0 0 0 0 0 0 0 0 0 0 0 0 0 0 0 0 0 0 0 0 0 0 0 0 0 0 0 0 0 0 0 0 0 0 0 0 0 0 0 0 0 0 0 0 0 0 0 0 0 0 0 0 0 0 0 0 0 0 0 0 0 0 0 0 0 0 0 0 0 0 0 0 0 0 0 0 0 0 0 0 0 0 0 0 0 0 0 0 0 0 0 0 0 0 0 0 0 0 0 0 0 0 0 0 0 0 0 0 0 0 0 0 0 0 0 0 0 0 0 0 0 0 0 0 0 0 0 0 0 0 0 0 0 0 0 0 0 0 0 0 0 0 0 0 0 0 0 0 0 0 0 0 0 0 0 0 0 0 0 0 0 0 0 0 0 0 0 0 0 0 0 0 0 0 0 0 0 0 0 0 0 0 0 0 0 0 0 0 0 0 0 0 0 0 0 0 0 0 0 0 0 0 0 0 0 0 0 0 0 0 0 0 0 0 0 0 0 0 0 0 0 0 0 0 0 0 0 0 0 0 0 0 0 0 0 0 0 0 0 0 0 0 0 0 0 0 0 0 0 0 0 0 0 0 0 0 0 0 0 0 0 0 0 0 0 0 0 0 0 0 0 0 0 0 0 0 0 0 0 0 0 0 0 0 0 0 0 0 0 0
 0 0 0 0 0 0 0 0 0 0 0 0 0 0 0 0 0 0 0 0 0 0 0 0 0 0 0 0 0 0 0 0 0 0 0 0 0 0 0 0 0 0 0 0 0 0 0 0 0 0 0 0 0 0 0 0 0 0 0 0 0 0 0 0 0 0 0 0 0 0 0 0 0 0 0 0 0 0 0 0 0 0 0 0 0 0 0 0 0 0 0 0 0 0 0 0 0 0 0 0 0 0 0 0 0 0 0 0 0 0 0 0 0 0 0 0 0 0 0 0 0 0 0 0 0 0 0 0 0 0 0 0 0 0 0 0 0 0 0 0 0 0 0 0 0 0 0 0 0 0 0 0 0 0 0 0 0 0 0 0 0 0 0 0 0 0 0 0 0 0 0 0 0 0 0 0 0 0 0 0 0 0 0 0 0 0 0 0 0 0 0 0 0 0 0 0 0 0 0 0 0 0 0 0 0 0 0 0 0 0 0 0 0 0 0 0 0 0 0 0 0 0 0 0 0 0 0 0 0 0 0 0 0 0 0 0 0 0 0 0 0 0 0 0 0 0 0 0 0 0 0 0 0 0 0 0 0 0 0 0 0 0 0 0 0 0 0 0 0 0 0 0 0 0 0 0 0 0 0 0 0 0 0 0 0 0 0 0 0 0 0 0 0 0 0 0 0 0 0 0 0 0 0 0 0 0 0 0 0 0 0 0 0 0 0 0 0 0 0 0 0 0 0 0 0 0 0 0 0 0 0 0 0 0 0 0 0 0 0 0 0 0 0 0 0 0 0 0 0 0 0 0 0 0 0 0 0 0 0 0 0 0 0 0 0 0 0 0 0 0 0 0 0 0 0 0 0 0 0 0 0 0 0 0 0 0 0 0 0 0 0 0 0 0 0 0 0 0 0 0 0 0 0 0 0 0 0 0 0 0 0 0 0 0 0 0 0 0 0 0 0 0 0 0 0 0 0 0 0 0 0 0 0 0 0 0 0 0 0 0 0 0 0 0 0 0 0 0 0 0 0 0 0 0 0 0 0 0 0 0 0 0 0 0 0 0 0 0 0 0 0 0 0 0 0 0 0 0 0 0 0 0 0 0 0 0 0 0 0 0 0 0 0 0 0 0 0 0 0 0 0 0 0 0 0 0 0 0 0 0 0 0 0 0 0 0 0 0 0 0 0 0 0 0 0 0 0 0 0 0 0 0 0 0 0 0 0 0 0 0 0 0 0 0 0 0 0 0 0 0 0 0 0 0 0 0 0 0 0 0 0 0 0 0 0 0 0 0 0 0 0 0 0 0 0 0 0 0 0 0 0 0 0 0 0 0 0 0 0 0 0 0 0 0 0 0 0 0 0 0
 0 0 0 0 0 0 0 0 0 0 0 0 0 0 0 0 0 0 0 0 0 0 0 0 0 0 0 0 0 0 0 0 0 0 0 0 0 0 0 0 0 0 0 0 0 0 0 0 0 0 0 0 0 0 0 0 0 0 0 0 0 0 0 0 0 0 0 0 0 0 0 0 0 0 0 0 0 0 0 0 0 0 0 0 0 0 0 0 0 0 0 0 0 0 0 0 0 0 0 0 0 0 0 0 0 0 0 0 0 0 0 0 0 0 0 0 0 0 0 0 0 0 0 0 0 0 0 0 0 0 0 0 0 0 0 0 0 0 0 0 0 0 0 0 0 0 0 0 0 0 0 0 0 0 0 0 0 0 0 0 0 0 0 0 0 0 0 0 0 0 0 0 0 0 0 0 0 0 0 0 0 0 0 0 0 0 0 0 0 0 0 0 0 0 0 0 0 0 0 0 0 0 0 0 0 0 0 0 0 0 0 0 0 0 0 0 0 0 0 0 0 0 0 0 0 0 0 0 0 0 0 0 0 0 0 0 0 0 0 0 0 0 0 0 0 0 0 0 0 0 0 0 0 0 0 0 0 0 0 0 0 0 0 0 0 0 0 0 0 0 0 0 0 0 0 0 0 0 0 0 0 0 0 0 0 0 0 0 0 0 0 0 0 0 0 0 0 0 0 0 0 0 0 0 0 0 0 0 0 0 0 0 0 0 0 0 0 0 0 0 0 0 0 0 0 0 0 0 0 0 0 0 0 0 0 0 0 0 0 0 0 0 0 0 0 0 0 0 0 0 0 0 0 0 0 0 0 0 0 0 0 0 0 0 0 0 0 0 0 0 0 0 0 0 0 0 0 0 0 0 0 0 0 0 0 0 0 0 0 0 0 0 0 0 0 0 0 0 0 0 0 0 0 0 0 0 0 0 0 0 0 0 0 0 0 0 0 0 0 0 0 0 0 0 0 0 0 0 0 0 0 0 0 0 0 0 0 0 0 0 0 0 0 0 0 0 0 0 0 0 0 0 0 0 0 0 0 0 0 0 0 0 0 0 0 0 0 0 0 0 0 0 0 0 0 0 0 0 0 0 0 0 0 0 0 0 0 0 0 0 0 0 0 0 0 0 0 0 0 0 0 0 0 0 0 0 0 0 0 0 0 0 0 0 0 0 0 0 0 0 0 0 0 0 0 0 0 0 0 0 0 0 0 0 0 0 0 0 0 0 0 0 0 0 0 0 0 0 0 0 0 0 0 0 0 0 0 0 0 0 0 0 0 0 0 0 0 0 0 0 0 0 0 0 0 0 0 0 0 0 0 0 0 0 0 0 0 0 0 0 0 0 0 0 0 0 0 0 0 0
 0 0 0 0 0 0 0 0 0 0 0 0 0 0 0 0 0 0 0 0 0 0 0 0 0 0 0 0 0 0 0 0 0 0 0 0 0 0 0 0 0 0 0 0 0 0 0 0 0 0 0 0 0 0 0 0 0 0 0 0 0 0 0 0 0 0 0 0 0 0 0 0 0 0 0 0 0 0 0 0 0 0 0 0 0 0 0 0 0 0 0 0 0 0 0 0 0 0 0 0 0 0 0 0 0 0 0 0 0 0 0 0 0 0 0 0 0 0 0 0 0 0 0 0 0 0 0 0 0 0 0 0 0 0 0 0 0 0 0 0 0 0 0 0 0 0 0 0 0 0 0 0 0 0 0 0 0 0 0 0 0 0 0 0 0 0 0 0 0 0 0 0 0 0 0 0 0 0 0 0 0 0 0 0 0 0 0 0 0 0 0 0 0 0 0 0 0 0 0 0 0 0 0 0 0 0 0 0 0 0 0 0 0 0 0 0 0 0 0 0 0 0 0 0 0 0 0 0 0 0 0 0 0 0 0 0 0 0 0 0 0 0 0 0 0 0 0 0 0 0 0 0 0 0 0 0 0 0 0 0 0 0 0 0 0 0 0 0 0 0 0 0 0 0 0 0 0 0 0 0 0 0 0 0 0.0001088183780666441 0.0006204381352290511 0.001553691108711064 0.002916746307164431 0.004721444100141525 0.006990856491029263 0.009747786447405815 0.01305321790277958 0.01691187173128128 0.02134677581489086 0.0263869259506464 0.03207879513502121 0.03836168348789215 0.04520497471094131 0.05257987231016159 0.06048975139856339 0.06893934309482574 0.07787559926509857 0.08723671734333038 0.09700024873018265 0.1070148199796677 0.1172954365611076 0.127753734588623 0.13831926882267 0.1490122824907303 0.1598461270332336 0.1708654463291168 0.1820413023233414 0.1933669894933701 0.204884260892868 0.2152334600687027 0.22243532538414 0.2252431511878967 0.2228635996580124 0.2148018330335617 0.20406174659729 0.1938586533069611 0.1841657161712646 0.1749574244022369 0.1662095487117767 0.1578990668058395 0.150004118680954 0.1425039172172546 0.1353787183761597 0.1286097764968872 0.1221792846918106 0.1160703226923943 0.1102668046951294 0.1047534644603729 0.09951578825712204 0.09453999996185303 0.0898130014538765 0.08532235026359558 0.08105622977018356 0.07700341939926147 0.07315324991941452 0.06949558854103088 0.06602080911397934 0.06271976977586746 0.05958378314971924 0.05660459399223328 0.05377436429262161 0.05108564719557762 0.04853136464953423 0.046104796230793 0.04379955679178238 0.04160957783460617 0.03952910006046295 0.03755264356732368 0.03567501157522202 0.03389126062393188 0.03219669684767723 0.03058686107397079 0.02905751764774323 0.02760464139282703 0.026224410161376 0.02491318993270397 0.02366753108799458 0.02248415537178516 0.02135994844138622 0.02029195055365562 0.01927735283970833 0.01831348612904549 0.0173978116363287 0.01652792096138 0.015701524913311 0.01491644885390997 0.01417062617838383 0.01346209459006786 0.0127889895811677 0.01214953977614641 0.01154206320643425 0.01096495985984802 0.01041671168059111 0.009895876049995422 0.009401082061231136 0.008931027725338936 0.008484476245939732 0.008060252293944359 0.007657239679247141 0.007274377625435591 0.006910658907145262 0.006565126124769449 0.006236869841814041 0.005925026256591082 0.005628774873912334 0.005347336176782846 0.005079969298094511 0.004825970623642206 0.004584671929478645 0.004355438519269228 0.004137666430324316 0.003930782899260521 0.003734243800863624 0.003547531552612782 0.003370154881849885 0.003201647195965052 0.003041564952582121 0.002889486728236079 0.002745012287050486 0.002607761649414897 0.002477373462170362 0.00235350476577878 0.002235829597339034 0.002124038059264421 0.002017836086452007 0.001916944282129407 0.001821097102947533 0.001730042276903987 0.001643540104851127 0.001561363111250103 0.00148329499643296 0.001409130287356675 0.001338673755526543 0.001271740067750216 0.001208153087645769 0.001147745409980416 0.001090358127839863 0.001035840250551701 0.0009840482380241156 0.0009348458261229098 0.0008881035610102117 0.0008436983916908503 0.0008015134953893721 0.0007614378118887544 0.0007233659271150827 0.0006871976074762642 0.0006528377416543663 0.0006201958749443293 0.000589186092838645 0.0005597267881967127 0.0005317404284141958 0.0005051533808000386 0.0004798957088496536 0.0004559009103104472 0.0004331058589741588 0.0004114505718462169 0.0003908780345227569 0.0003713341429829597 0.0003527674416545779 0.0003351290652062744 0.0003183726221323013 0.0003024539910256863 0.000287331291474402 0.000272964738542214 0.0002593164972495288 0.000246350682573393 0.000234033155720681 0.0002223314950242639 0.0002112149231834337 0.0002006541762966663 0.0001906214747577906 0.0001810904068406671 0.0001720358850434422 0.0001634340878808871 0.0001552623871248215 0.0001474992604926229 0.0001401242916472256 0.0001331180828856304 0.0001264621823793277 0.0001201390696223825 0.0001141321190516464 0.0001084255127352662 0.0001030042403726839 9.785402653506026e-05 9.296132338931784e-05 8.831325976643711e-05 8.389759750571102e-05 7.970271690282971e-05 7.571758033009246e-05 7.193170313257724e-05 6.833511724835262e-05 6.491836393252015e-05 6.16724428255111e-05 5.858881922904402e-05 5.56593768124003e-05 5.28764066984877e-05 5.023258563596755e-05 4.77209578093607e-05 4.533490937319584e-05 4.306816481403075e-05 4.09147578466218e-05 3.886902049998753e-05 3.692556856549345e-05 3.50792906829156e-05 3.33253265125677e-05 3.165905945934355e-05 3.007610575878061e-05 2.857229992514476e-05 2.714368565648329e-05 2.578650128270965e-05 2.44971761276247e-05 2.327231777599081e-05 2.210870115959551e-05 2.100326673826203e-05 1.995310412894469e-05 1.89554484677501e-05 1.800767677195836e-05 1.710729338810779e-05 1.625192817300558e-05 1.543933103675954e-05 1.46673646668205e-05 1.393399634253001e-05 1.323729611613089e-05 1.257543135579908e-05 1.194665946968598e-05 1.134932608692907e-05 1.078185960068367e-05 1.024276662064949e-05 9.730628335091751e-06 9.244096872862428e-06 8.781891665421426e-06 8.342796718352474e-06 7.925656973384321e-06 7.529374215664575e-06 7.152905709517654e-06 6.795260560465977e-06 6.455497441493208e-06 6.132722774054855e-06 5.826086635352112e-06 5.534782303584507e-06 5.258043074718444e-06 4.995140898245154e-06 4.745383648696588e-06 4.508114670898067e-06 4.282709141989471e-06 4.068573616677895e-06 3.865145117742941e-06 3.671887952805264e-06 3.488293486952898e-06 3.313878778499202e-06 3.148184759993455e-06 2.990775556099834e-06 2.84123689198168e-06 2.699174956433126e-06 2.564216174505418e-06 2.436005388517515e-06 2.314205175935058e-06 2.198494939875673e-06 2.08857022698794e-06 1.984141817956697e-06 1.884934704321495e-06 1.790687974789762e-06 1.70115356468159e-06 1.61609591486922e-06 1.535291175969178e-06 1.458526639908087e-06 1.385600285175315e-06 1.316320322075626e-06 1.250504283234477e-06 1.187979023598018e-06 1.128580038312066e-06 1.072151007974753e-06 1.018543457576015e-06 9.676163017502404e-07 9.19235503715754e-07 8.732737342143082e-07 8.296100304505671e-07 7.881295118750131e-07 7.487230391234334e-07 7.11286872956407e-07 6.757225037290482e-07 6.41936367173912e-07 6.098395601839002e-07 5.793475565951667e-07 5.503801503436989e-07 5.228611144048045e-07 4.967180302628549e-07 4.718821173810284e-07 4.482880058276351e-07 4.258735941675695e-07 4.045799073537637e-07 3.843509261969302e-07 3.651333884135965e-07 3.46876731782686e-07 3.295328951935517e-07 3.130562618025579e-07 2.974034600811137e-07 2.825332785505452e-07 2.684066089386761e-07 2.549862756495713e-07 2.42236950498409e-07 2.301250958680612e-07 2.186188368114017e-07 2.076878899970325e-07 1.973034926550099e-07 1.874383173117167e-07 1.780664007355881e-07 1.691630870936933e-07 1.607049284757522e-07 1.526696848941356e-07 1.450361963861724e-07 1.377843830141501e-07 1.308951596001862e-07 1.243504073045187e-07 1.181328883603783e-07
 0 0 0 0 0 0 0 0 0 0 0 0 0 0 0 0 0 0 0 0 0 0 0 0 0 0 0 0 0 0 0 0 0 0 0 0 0 0 0 0 0 0 0 0 0 0 0 0 0 0 0 0 0 0 0 0 0 0 0 0 0 0 0 0 0 0 0 0 0 0 0 0 0 0 0 0 0 0 0 0 0 0 0 0 0 0 0 0 0 0 0 0 0 0 0 0 0 0 0 0 0 0 0 0 0 0 0 0 0 0 0 0 0 0 0 0 0 0 0 0 0 0 0 0 0 0 0 0 0 0 0 0 0 0 0 0 0 0 0 0 0 0 0 0 0 0 0 0 0 0 0 0 0 0 0 0 0 0 0 0 0 0 0 0 0 0 0 0 0 0 0 0 0 0 0 0 0 0 0 0 0 0 0 0 0 0 0 0 0 0 0 0 0 0 0 0 0 0 0 0 0 0 0 0 0 0 0 0 0 0 0 0 0 0 0 0 0 0 0 0 0 0 0 0 0 0 0 0 0 0 0 0 0 0 0 0 0 0 0 0 0 0 0 0 0 0 0 0 0 0 0 0 0 0 0 0 0 0 0 0 0 0 0 0 0 0 0 0 0 0 0 0 0 0 0 0 0 0 0 0 0 0 0 0 0 0 0 0 0 0 0 0 0 0 0 0 0 0 0 0 0 0 0 0 0 0 0 0 0 0 0 0 0 0 0 0 0 0 0 0 0 0 0 0 0 0 0 0 0 0 0 0 0 0 0 0 0 0 0 0 0 0 0 0 0 0 0 0 0 0 0 0 0 0 0 0 0 0 0 0 0 0 0 0 0 0 0 0 0 0 0 0 0 0 0 0 0 0 0 0 0 0 0 0 0 0 0 0 0 0 0 0 0 0 0 0 0 0 0 0 0 0 0 0 0 0 0 0 0 0 0 0 0 0 0 0 0 0 0 0 0 0 0 0 0 0 0 0 0 0 0 0 0 0 0 0 0 0 0 0 0 0 0 0 0 0 0 0 0 0 0 0 0 0 0 0 0 0 0 0 0 0 0 0 0 0 0 0 0 0 0 0 0 0 0 0 0 0 0 0 0 0 0 0 0 0 0 0 0 0 0 0 0 0 0 0 0 0 0 0 0 0 0 0 0 0 0 0 0 0 0 0 0 0 0 0 0 0 0 0 0 0 0 0 0 0 0 0 0 0 0 0 0 0 0 0 0 0 0 0 0 0 0 0 0 0 0 0 0 0 0 0 0 0 0 0 0 0 0 0 0 0 0 0 0 0 0 0 0 0 0 0 0 0 0 0 0 0 0 0 0 0 0 0 0 0 0 0 0 0 0 0 0 0 0 0 0 0 0 0
 0 0 0 0 0 0 0 0 0 0 0 0 0 0 0 0 0 0 0 0 0 0 0 0 0 0 0 0 0 0 0 0 0 0 0 0 0 0 0 0 0 0 0 0 0 0 0 0 0 0 0 0 0 0 0 0 0 0 0 0 0 0 0 0 0 0 0 0 0 0 0 0 0 0 0 0 0 0 0 0 0 0 0 0 0 0 0 0 0 0 0 0 0 0 0 0 0 0 0 0 0 0 0 0 0 0 0 0 0 0 0 0 0 0 0 0 0 0 0 0 0 0 0 0 0 0 0 0 0 0 0 0 0 0 0 0 0 0 0 0 0 0 0 0 0 0 0 0 0 0 0 0 0 0 0 0 0 0 0 0 0 0 0 0 0 0 0 0 0 0 0 0 0 0 0 0 0 0 0 0 0 0 0 0 0 0 0 0 0 0 0 0 0 0 0 0 0 0 0 0 0 0 0 0 0 0 0 0 0 0 0 0 0 0 0 0 0 0 0 0 0 0 0 0 0 0 0 0 0 0 0 0 0 0 0 0 0 0 0 0 0 0 0 0 0 0 0 0 0 0 0 0 0 0 0 0 0 0 0 0 0 0 0 0 0 0 0 0 0 0 0 0 0 0 0 0 0 0 0 0 0 0 0 0 0 0 0 0 0 0 0 0 0 0 0 0 0 0 0 0 0 0 0 0 0 0 0 0 0 0 0 0 0 0 0 0 0 0 0 0 0 0 0 0 0 0 0 0 0 0 0 0 0 0 0 0 0 0 0 0 0 0 0 0 0 0 0 0 0 0 0 0 0 0 0 0 0 0 0 0 0 0 0 0 0 0 0 0 0 0 0 0 0 0 0 0 0 0 0 0 0 0 0 0 0 0 0 0 0 0 0 0 0 0 0 0 0 0 0 0 0 0 0 0 0 0 0 0 0 0 0 0 0 0 0 0 0 0 0 0 0 0 0 0 0 0 0 0 0 0 0 0 0 0 0 0 0 0 0 0 0 0 0 0 0 0 0 0 0 0 0 0 0 0 0 0 0 0 0 0 0 0 0 0 0 0 0 0 0 0 0 0 0 0 0 0 0 0 0 0 0 0 0 0 0 0 0 0 0 0 0 0 0 0 0 0 0 0 0 0 0 0 0 0 0 0 0 0 0 0 0 0 0 0 0 0 0 0 0 0 0 0 0 0 0 0 0 0 0 0 0 0 0 0 0 0 0 0 0 0 0 0 0 0 0 0 0 0 0 0 0 0 0 0 0 0 0 0 0 0 0 0 0 0 0 0 0 0 0 0 0 0 0 0 0 0 0 0 0 0 0 0 0 0 0 0 0 0 0 0 0 0 0 0 0 0 0 0 0 0
 0 0 0 0 0 0 0 0 0 0 0 0 0 0 0 0 0 0 0 0 0 0 0 0 0 0 0 0 0 0 0 0 0 0 0 0 0 0 0 0 0 0 0 0 0 0 0 0 0 0 0 0 0 0 0 0 0 0 0 0 0 0 0 0 0 0 0 0 0 0 0 0 0 0 0 0 0 0 0 0 0 0 0 0 0 0 0 0 0 0 0 0 0 0 0 0 0 0 0 0 0 0 0 0 0 0 0 0 0 0 0 0 0 0 0 0 0 0 0 0 0 0 0 0 0 0 0 0 0 0 0 0 0 0 0 0 0 0 0 0 0 0 0 0 0 0 0 0 0 0 0 0 0 0 0 0 0 0 0 0 0 0 0 0 0 0 0 0 0 0 0 0 0 0 0 0 0 0 0 0 0 0 0 0 0 0 0 0 0 0 0 0 0 0 0 0 0 0 0 0 0 0 0 0 0 0 0 0 0 0 0 0 0 0 0 0 0 0 0 0 0 0 0 0 0 0 0 0 0 0 0 0 0 0 0 0 0 0 0 0 0 0 0 0 0 0 0 0 0 0 0 0 0 0 0 0 0 0 0 0 0 0 0 0 0 0 0 0 0 0 0 0 0 0 0 0 0 0 0 0 0 0 0 0 0 0 0 0 0 0 0 0 0 0 0 0 0 0 0 0 0 0 0 0 0 0 0 0 0 0 0 0 0 0 0 0 0 0 0 0 0 0 0 0 0 0 0 0 0 0 0 0 0 0 0 0 0 0 0 0 0 0 0 0 0 0 0 0 0 0 0 0 0 0 0 0 0 0 0 0 0 0 0 0 0 0 0 0 0 0 0 0 0 0 0 0 0 0 0 0 0 0 0 0 0 0 0 0 0 0 0 0 0 0 0 0 0 0 0 0 0 0 0 0 0 0 0 0 0 0 0 0 0 0 0 0 0 0 0 0 0 0 0 0 0 0 0 0 0 0 0 0 0 0 0 0 0 0 0 0 0 0 0 0 0 0 0 0 0 0 0 0 0 0 0 0 0 0 0 0 0 0 0 0 0 0 0 0 0 0 0 0 0 0 0 0 0 0 0 0 0 0 0 0 0 0 0 0 0 0 0 0 0 0 0 0 0 0 0 0 0 0 0 0 0 0 0 0 0 0 0 0 0 0 0 0 0 0 0 0 0 0 0 0 0 0 0 0 0 0 0 0 0 0 0 0 0 0 0 0 0 0 0 0 0 0 0 0 0 0 0 0 0 0 0 0 0 0 0 0 0 0 0 0 0 0 0 0 0 0 0 0 0 0 0 0 0 0 0 0 0 0 0 0 0 0 0 0 0 0 0 0 0 0 0 0 0 0 0 0
 0 0 0 0 0 0 0 0 0 0 0 0 0 0 0 0 0 0 0 0 0 0 0 0 0 0 0 0 0 0 0 0 0 0 0 0 0 0 0 0 0 0 0 0 0 0 0 0 0 0 0 0 0 0 0 0 0 0 0 0 0 0 0 0 0 0 0 0 0 0 0 0 0 0 0 0 0 0 0 0 0 0 0 0 0 0 0 0 0 0 0 0 0 0 0 0 0 0 0 0 0 0 0 0 0 0 0 0 0 0 0 0 0 0 0 0 0 0 0 0 0 0 0 0 0 0 0 0 0 0 0 0 0 0 0 0 0 0 0 0 0 0 0 0 0 0 0 0 0 0 0 0 0 0 0 0 0 0 0 0 0 0 0 0 0 0 0 0 0 0 0 0 0 0 0 0 0 0 0 0 0 0 0 0 0 0 0 0 0 0 0 0 0 0 0 0 0 0 0 0 0 0 0 0 0 0 0 0 0 0 0 0 0 0 0 0 0 0 0 0 0 0 0 0 0 0 0 0 0 0 0 0 0 0 0 0 0 0 0 0 0 0 0 0 0 0 0 0 0 0 0 0 0 0 0 0 0 0 0 0 0 0 0 0 0 0 0 0 0 0 0 0 0 0 0 0 0 0 0 0 0 0 0 0 0 0.0003878390998579562 0.001189107773825526 0.002438985044136643 0.004175917245447636 0.006403351668268442 0.009134063497185707 0.01243470702320337 0.01634055189788342 0.02086826041340828 0.02602805942296982 0.0318276472389698 0.03828441351652145 0.04532364010810852 0.05285121500492096 0.06088848039507866 0.06946687400341034 0.07859888672828674 0.08816948533058167 0.09807628393173218 0.1083100810647011 0.1188128441572189 0.1295224279165268 0.1403975188732147 0.1514365971088409 0.1626754254102707 0.1741535365581512 0.1858309954404831 0.1976413726806641 0.2095046937465668 0.2201305329799652 0.2276306599378586 0.2307359874248505 0.228512778878212 0.2203421741724014 0.2093250602483749 0.1988588124513626 0.188915878534317 0.1794700920581818 0.1704965829849243 0.1619717478752136 0.1538731604814529 0.1461794972419739 0.1388705223798752 0.1319269984960556 0.1253306418657303 0.1190641075372696 0.1131108999252319 0.1074553579092026 0.1020825877785683 0.09697845578193665 0.09212953597307205 0.08752305805683136 0.08314690738916397 0.07898956537246704 0.07504008710384369 0.07128807902336121 0.06772367656230927 0.06433749198913574 0.06112061813473701 0.05806458741426468 0.05516135692596436 0.0524032898247242 0.0497831255197525 0.04729396849870682 0.04492926970124245 0.04268280789256096 0.0405486673116684 0.03852123394608498 0.0365951731801033 0.03476541489362717 0.03302714228630066 0.03137578442692757 0.02980699576437473 0.02831664681434631 0.02690081484615803 0.02555577456951141 0.02427798509597778 0.02306408621370792 0.02191088162362576 0.02081533707678318 0.01977457106113434 0.01878584176301956 0.01784654892981052 0.0169542208313942 0.01610651053488255 0.01530118472874165 0.01453612558543682 0.01380931958556175 0.01311885379254818 0.01246291119605303 0.01183976605534554 0.01124777738004923 0.01068538893014193 0.01015111990272999 0.009643564000725746 0.009161385707557201 0.008703316561877728 0.008268150500953197 0.007854742929339409 0.007462005596607924 0.007088905200362206 0.00673446012660861 0.006397737190127373 0.006077850237488747 0.005773957818746567 0.005485259927809238 0.005210997071117163 0.004950447008013725 0.004702924750745296 0.004467778373509645 0.004244389478117228 0.004032169934362173 0.003830561414361 0.003639033297076821 0.00345708173699677 0.003284227568656206 0.003120016306638718 0.002964015584439039 0.002815814688801765 0.00267502386122942 0.002541272668167949 0.002414209069684148 0.00229349872097373 0.002178823808208108 0.002069882582873106 0.001966388430446386 0.001868069055490196 0.001774665550328791 0.001685932278633118 0.001601635711267591 0.001521553960628808 0.001445476314984262 0.001373202539980412 0.001304542412981391 0.001239315257407725 0.00117734947707504 0.001118481974117458 0.001062557916156948 0.001009430037811399 0.0009589585242792964 0.0009110106038860977 0.0008654600824229419 0.0008221870521083474 0.0007810777169652283 0.0007420238107442856 0.0007049225969240069 0.0006696764612570405 0.0006361926207318902 0.000604383007157594 0.0005741638597100973 0.0005454556667245924 0.0005181828746572137 0.0004922737134620547 0.0004676600219681859 0.0004442770150490105 0.000422063167206943 0.0004009600088465959 0.0003809120098594576 0.0003618664050009102 0.000343773077474907 0.000326584413414821 0.0003102551854681224 0.0002947424363810569 0.0002800053043756634 0.0002660050522536039 0.0002527048054616898 0.0002400695666437969 0.0002280660846736282 0.0002166627818951383 0.0002058296377072111 0.0001955381594598293 0.0001857612514868379 0.0001764731860021129 0.0001676495303399861 0.0001592670596437529 0.0001513037132099271 0.0001437385217286646 0.0001365515927318484 0.0001297240087296814 0.0001232378126587719 0.0001170759205706418 0.0001112221216317266 0.0001056610126397572 0.0001003779616439715 9.535906428936869e-05 9.059111471287906e-05 8.606156188761815e-05 8.175848051905632e-05 7.76705564931035e-05 7.378702866844833e-05 7.009767432464287e-05 6.65927873342298e-05 6.326314905891195e-05 6.009999196976423e-05 5.709499237127602e-05 5.42402412975207e-05 5.152822996024042e-05 4.895181700703688e-05 4.650422488339245e-05 4.417901436681859e-05 4.197006273898296e-05 3.987156014773063e-05 3.787798050325364e-05 3.598408147809096e-05 3.418487904127687e-05 3.247563654440455e-05 3.085185380768962e-05 2.930926166300196e-05 2.784379830700345e-05 2.645160930114798e-05 2.51290293817874e-05 2.387257700320333e-05 2.267894888063893e-05 2.154500180040486e-05 2.046775261987932e-05 1.944436553458218e-05 1.847214662120678e-05 1.754854019964114e-05 1.667111246206332e-05 1.583755692990962e-05 1.504567899246467e-05 1.42933949973667e-05 1.357872497464996e-05 1.289978899876587e-05 1.225479991262546e-05 1.164205968962051e-05 1.105995670513948e-05 1.050695846060989e-05 9.981610674003605e-06 9.482530003879219e-06 9.008403139887378e-06 8.557983164791949e-06 8.130084097501822e-06 7.723579983576201e-06 7.337400802498451e-06 6.97053064868669e-06 6.622004093514988e-06 6.290903911576606e-06 5.976358806947246e-06 5.677540684700944e-06 5.393663741415367e-06 5.123980372445658e-06 4.867781171924435e-06 4.624392204277683e-06 4.393172730488004e-06 4.173514298599912e-06 3.964838469983079e-06 3.76659659195866e-06 3.578266841941513e-06 3.399353545319173e-06 3.229385811209795e-06 3.067916622967459e-06 2.914520791819086e-06 2.768794729490764e-06 2.630355083965696e-06 2.498837375242147e-06 2.373895540586091e-06 2.255200797662837e-06 2.142440735042328e-06 2.035318630078109e-06 1.933552766786306e-06 1.836875071603572e-06 1.745031340760761e-06 1.657779762354039e-06 1.574890802658047e-06 1.496146296631196e-06 1.42133899316832e-06 1.350271986666485e-06 1.282758375964477e-06 1.218620468534937e-06 1.157689439423848e-06 1.099804990190023e-06 1.044814780470915e-06 9.925740869221045e-07 9.429454053133668e-07 8.9579810946816e-07 8.510082238899486e-07 8.084577984845964e-07 7.680349085603666e-07 7.296331432371517e-07 6.93151491759636e-07 6.584939455933636e-07 6.25569271051063e-07 5.942907819189713e-07 5.645762257699971e-07 5.363474429032067e-07 5.095300821267301e-07 4.840536007577612e-07 4.59850923562044e-07 4.368583859104547e-07 4.150154779836157e-07 3.942647026633495e-07 3.745514618458401e-07 3.558238859113771e-07 3.380326916158083e-07 3.211310684037016e-07 3.050745078780892e-07 2.898207753787574e-07 2.753297394519905e-07 2.615632581637328e-07 2.484850938344607e-07 2.360608419849086e-07 2.242578034383769e-07 2.13044913266458e-07 2.023926697347633e-07 1.922730348269397e-07 1.826593774012508e-07 1.735264021363037e-07 1.648500784767748e-07 1.566075695791369e-07 1.487771896790946e-07 1.413383330373108e-07 1.34271417095988e-07 1.27557839846304e-07 1.211799514067025e-07
 0 0 0 0 0 0 0 0 0 0 0 0 0 0 0 0 0 0 0 0 0 0 0 0 0 0 0 0 0 0 0 0 0 0 0 0 0 0 0 0 0 0 0 0 0 0 0 0 0 0 0 0 0 0 0 0 0 0 0 0 0 0 0 0 0 0 0 0 0 0 0 0 0 0 0 0 0 0 0 0 0 0 0 0 0 0 0 0 0 0 0 0 0 0 0 0 0 0 0 0 0 0 0 0 0 0 0 0 0 0 0 0 0 0 0 0 0 0 0 0 0 0 0 0 0 0 0 0 0 0 0 0 0 0 0 0 0 0 0 0 0 0 0 0 0 0 0 0 0 0 0 0 0 0 0 0 0 0 0 0 0 0 0 0 0 0 0 0 0 0 0 0 0 0 0 0 0 0 0 0 0 0 0 0 0 0 0 0 0 0 0 0 0 0 0 0 0 0 0 0 0 0 0 0 0 0 0 0 0 0 0 0 0 0 0 0 0 0 0 0 0 0 0 0 0 0 0 0 0 0 0 0 0 0 0 0 0 0 0 0 0 0 0 0 0 0 0 0 0 0 0 0 0 0 0 0 0 0 0 0 0 0 0 0 0 0 0 0 0 0 0 0 0 0 0 0 0 0 0 0 0 0 0 0 0 0 0 0 0 0 0 0 0 0 0 0 0 0 0 0 0 0 0 0 0 0 0 0 0 0 0 0 0 0 0 0 0 0 0 0 0 0 0 0 0 0 0 0 0 0 0 0 0 0 0 0 0 0 0 0 0 0 0 0 0 0 0 0 0 0 0 0 0 0 0 0 0 0 0 0 0 0 0 0 0 0 0 0 0 0 0 0 0 0 0 0 0 0 0 0 0 0 0 0 0 0 0 0 0 0 0 0 0 0 0 0 0 0 0 0 0 0 0 0 0 0 0 0 0 0 0 0 0 0 0 0 0 0 0 0 0 0 0 0 0 0 0 0 0 0 0 0 0 0 0 0 0 0 0 0 0 0 0 0 0 0 0 0 0 0 0 0 0 0 0 0 0 0 0 0 0 0 0 0 0 0 0 0 0 0 0 0 0 0 0 0 0 0 0 0 0 0 0 0 0 0 0 0 0 0 0 0 0 0 0 0 0 0 0 0 0 0 0 0 0 0 0 0 0 0 0 0 0 0 0 0 0 0 0 0 0 0 0 0 0 0 0 0 0 0 0 0 0 0 0 0 0 0 0 0 0 0 0 0 0 0 0 0 0 0 0 0 0 0 0 0 0 0 0 0 0 0 0 0 0 0 0 0 0 0 0 0 0 0 0 0 0 0 0 0 0 0 0 0 0 0 0 0 0 0 0 0 0 0 0 0 0 0 0 0
 0 0 0 0 0 0 0 0 0 0 0 0 0 0 0 0 0 0 0 0 0 0 0 0 0 0 0 0 0 0 0 0 0 0 0 0 0 0 0 0 0 0 0 0 0 0 0 0 0 0 0 0 0 0 0 0 0 0 0 0 0 0 0 0 0 0 0 0 0 0 0 0 0 0 0 0 0 0 0 0 0 0 0 0 0 0 0 0 0 0 0 0 0 0 0 0 0 0 0 0 0 0 0 0 0 0 0 0 0 0 0 0 0 0 0 0 0 0 0 0 0 0 0 0 0 0 0 0 0 0 0 0 0 0 0 0 0 0 0 0 0 0 0 0 0 0 0 0 0 0 0 0 0 0 0 0 0 0 0 0 0 0 0 0 0 0 0 0 0 0 0 0 0 0 0 0 0 0 0 0 0 0 0 0 0 0 0 0 0 0 0 0 0 0 0 0 0 0 0 0 0 0 0 0 0 0 0 0 0 0 0 0 0 0 0 0 0 0 0 0 0 0 0 0 0 0 0 0 0 0 0 0 0 0 0 0 0 0 0 0 0 0 0 0 0 0 0 0 0 0 0 0 0 0 0 0 0 0 0 0 0 0 0 0 0 0 0 0 0 0 0 0 0 0 0 0 0 0 0 0 0 0 0 0 0 0 0 0 0 0 0 0 0 0 0 0 0 0 0 0 0 0 0 0 0 0 0 0 0 0 0 0 0 0 0 0 0 0 0 0 0 0 0 0 0 0 0 0 0 0 0 0 0 0 0 0 0 0 0 0 0 0 0 0 0 0 0 0 0 0 0 0 0 0 0 0 0 0 0 0 0 0 0 0 0 0 0 0 0 0 0 0 0 0 0 0 0 0 0 0 0 0 0 0 0 0 0 0 0 0 0 0 0 0 0 0 0 0 0 0 0 0 0 0 0 0 0 0 0 0 0 0 0 0 0 0 0 0 0 0 0 0 0 0 0 0 0 0 0 0 0 0 0 0 0 0 0 0 0 0 0 0 0 0 0 0 0 0 0 0 0 0 0 0 0 0 0 0 0 0 0 0 0 0 0 0 0 0 0 0 0 0 0 0 0 0 0 0 0 0 0 0 0 0 0 0 0 0 0 0 0 0 0 0 0 0 0 0 0 0 0 0 0 0 0 0 0 0 0 0 0 0 0 0 0 0 0 0 0 0 0 0 0 0 0 0 0 0 0 0 0 0 0 0 0 0 0 0 0 0 0 0 0 0 0 0 0 0 0 0 0 0 0 0 0 0 0 0 0 0 0 0 0 0 0 0 0 0 0 0 0 0 0 0 0 0 0 0 0 0 0 0 0 0 0 0 0 0 0 0 0 0 0 0 0 0 0 0 0 0


# name: r_0_m14_G0_L0p3_D0p7
# type: matrix
# rows: 1
# columns: 14
 0 -14 0.2 0 0.3 0 -6.247048333333333 0 0 0.1166419959391413 0 117.6666666666667 0.816496580927726 0.7




