# Created by Octave 3.8.2, Mon Jun 19 12:45:23 2017 BST <co1ssj@node117>
# name: result
# type: scalar struct
# ndims: 2
 1 1
# length: 3
# name: params
# type: scalar struct
# ndims: 2
 1 1
# length: 18
# name: cleanup
# type: scalar
0


# name: num_runs
# type: scalar
6


# name: dopamine
# type: scalar
0.7


# name: targetCross
# type: scalar
1


# name: targetLuminance
# type: scalar
0.3


# name: targetWidthX
# type: scalar
6


# name: targetWidthY
# type: scalar
2


# name: fixCross
# type: scalar
1


# name: fixLuminance
# type: scalar
0.2


# name: fixWidthX
# type: scalar
6


# name: fixWidthY
# type: scalar
2


# name: fixOn
# type: scalar
0


# name: targetOff
# type: scalar
1


# name: targetOn
# type: scalar
0.2


# name: fixOff
# type: scalar
0.2


# name: targetThetaX
# type: scalar
0


# name: targetThetaY
# type: scalar
-11


# name: exptnum
# type: scalar
0




# name: r_0_m11_G0_L0p3_D0p7_llbn
# type: matrix
# rows: 24
# columns: 600
 0 0 0 0 0 0 0 0 0 0 0 0 0 0 0 0 0 0 0 0 0 0 0 0 0 0 0 0 0 0 0 0 0 0 0 0 0 0 0 0 0 0 0 0 0 0 0 0 0 0 0 0 0 0 0 0 0 0 0 0 0 0 0 0 0 0 0 0 0 0 0 0 0 0 0 0 0 0 0 0 0 0 0 0 0 0 0 0 0 0 0 0 0 0 0 0 0 0 0 0 0 0 0 0 0 0 0 0 0 0 0 0 0 0 0 0 0 0 0 0 0 0 0 0 0 0 0 0 0 0 0 0 0 0 0 0 0 0 0 0 0 0 0 0 0 0 0 0 0 0 0 0 0 0 0 0 0 0 0 0 0 0 0 0 0 0 0 0 0 0 0 0 0 0 0 0 0 0 0 0 0 0 0 0 0 0 0 0 0 0 0 0 0 0 0 0 0 0 0 0 0 0 0 0 0 0 0 0 0 0 0 0 0 0 0 0 0 0 0 0 0 0 0 0 0 0 0 0 0 0 0 0 0 0 0 0 0 0 0 0 0 0 0 0 0 0 0 0 0 0 0 0 0 0 0 0 0 0 0 0 0 0 0 0 0 0 0 0 0 0 0 0 0 0 0 0 0 0 0 0 0 0 0 0 0 0 0 0 0 0 0 0 0 0 0 0 0 0 0 0 0 0 0 0 0 0 0 0 0 0 0 0 0 0 0 0 0 0 0 0 0 0 0 0 0 0 0 0 0 0 0 0 0 0 0 0 0 0 0 0 0 0 0 0 0 0 0 0 0 0 0 0 0 0 0 0 0 0 0 0 0 0 0 0 0 0 0 0 0 0 0 0 0 0 0 0 0 0 0 0 0 0 0 0 0 0 0 0 0 0 0 0 0 0 0 0 0 0 0 0 0 0 0 0 0 0 0 0 0 0 0 0 0 0 0 0 0 0 0 0 0 0 0 0 0 0 0 0 0 0 0 0 0 0 0 0 0 0 0 0 0 0 0 0 0 0 0 0 0 0 0 0 0 0 0 0 0 0 0 0 0 0 0 0 0 0 0 0 0 0 0 0 0 0 0 0 0 0 0 0 0 0 0 0 0 0 0 0 0 0 0 0 0 0 0 0 0 0 0 0 0 0 0 0 0 0 0 0 0 0 0 0 0 0 0 0 0 0 0 0 0 0 0 0 0 0 0 0 0 0 0 0 0 0 0 0 0 0 0 0 0 0 0 0 0 0 0 0 0 0 0 0 0 0 0 0 0 0 0 0 0 0 0 0 0 0 0 0 0 0 0 0 0 0 0 0 0 0 0 0 0 0 0 0 0 0 0 0 0 0 0 0 0 0 0 0 0 0 0 0
 0 0 0 0 0 0 0 0 0 0 0 0 0 0 0 0 0 0 0 0 0 0 0 0 0 0 0 0 0 0 0 0 0 0 0 0 0 0 0 0 0 0 0 0 0 0 0 0 0 0 0 0 0 0 0 0 0 0 0 0 0 0 0 0 0 0 0 0 0 0 0 0 0 0 0 0 0 0 0 0 0 0 0 0 0 0 0 0 0 0 0 0 0 0 0 0 0 0 0 0 0 0 0 0 0 0 0 0 0 0 0 0 0 0 0 0 0 0 0 0 0 0 0 0 0 0 0 0 0 0 0 0 0 0 0 0 0 0 0 0 0 0 0 0 0 0 0 0 0 0 0 0 0 0 0 0 0 0 0 0 0 0 0 0 0 0 0 0 0 0 0 0 0 0 0 0 0 0 0 0 0 0 0 0 0 0 0 0 0 0 0 0 0 0 0 0 0 0 0 0 0 0 0 0 0 0 0 0 0 0 0 0 0 0 0 0 0 0 0 0 0 0 0 0 0 0 0 0 0 0 0 0 0 0 0 0 0 0 0 0 0 0 0 0 0 0 0 0 0 0 0 0 0 0 0 0 0 0 0 0 0 0 0 0 0 0 0 0 0 0 0 0 0 0 0.000183584401383996 0.0007665650919079781 0.001765744527801871 0.003201232757419348 0.005100638139992952 0.007498694583773613 0.01041212491691113 0.01384422462433577 0.01771349459886551 0.02195527032017708 0.02653482928872108 0.03144126385450363 0.03670349717140198 0.04231372848153114 0.04822873324155807 0.05441802740097046 0.06088202074170113 0.06758531928062439 0.07447747886180878 0.08159013837575912 0.08881505578756332 0.09609729051589966 0.1034135743975639 0.1107232421636581 0.118013933300972 0.1253271102905273 0.1326751857995987 0.1400688886642456 0.1475275158882141 0.1550503820180893 0.1626301556825638 0.1687070578336716 0.1719382703304291 0.1714606583118439 0.1667259931564331 0.158389687538147 0.1504701972007751 0.1429466903209686 0.1357993483543396 0.1290093809366226 0.1225589141249657 0.1164309680461884 0.1106094196438789 0.1050789505243301 0.09982500225305557 0.09483375400304794 0.09009206295013428 0.08558745682239532 0.08130808174610138 0.07724267989397049 0.07338054478168488 0.06971152126789093 0.06622594594955444 0.0629146471619606 0.0597689151763916 0.05678046867251396 0.05394144356250763 0.05124437063932419 0.04868215322494507 0.04624804481863976 0.04393564164638519 0.04173886030912399 0.03965191543102264 0.03766931965947151 0.03578585386276245 0.03399655967950821 0.03229673206806183 0.03068189509212971 0.02914780005812645 0.02769041061401367 0.02630588971078396 0.02499059587717056 0.02374106645584106 0.02255401387810707 0.02142631262540817 0.02035499736666679 0.019337248057127 0.01837038621306419 0.01745186746120453 0.0165792740881443 0.01575031131505966 0.01496279612183571 0.01421465631574392 0.01350392308086157 0.01282872725278139 0.01218729093670845 0.01157792657613754 0.01099903043359518 0.01044907886534929 0.009926624596118927 0.009430292993783951 0.008958778344094753 0.008510839194059372 0.008085297420620918 0.00768103264272213 0.007296980824321508 0.006932131946086884 0.006585525348782539 0.006256249267607927 0.00594343664124608 0.005646264646202326 0.005363951437175274 0.005095753818750381 0.004840966314077377 0.004598917905241251 0.004368972033262253 0.004150523338466883 0.003942997194826603 0.003745847381651402 0.003558554919436574 0.003380627138540149 0.003211595816537738 0.003051016014069319 0.00289846514351666 0.002753541804850101 0.002615864621475339 0.002485071308910847 0.002360817743465304 0.002242776798084378 0.002130637876689434 0.002024105982854962 0.001922900672070682 0.001826755586080253 0.001735417754389346 0.001648646895773709 0.001566214603371918 0.001487903879024088 0.001413508667610586 0.001342833274975419 0.001275691669434309 0.001211907132528722 0.001151311793364584 0.001093746162950993 0.001039058901369572 0.0009871060028672218 0.0009377506794407964 0.0008908631280064583 0.000846319948323071 0.0008040039683692157 0.0007638037786819041 0.0007256136159412563 0.0006893329555168748 0.0006548663368448615 0.0006221230141818523 0.0005910168401896954 0.0005614659748971462 0.0005333926528692245 0.0005067230085842311 0.0004813868436031044 0.0004573175101540983 0.0004344516200944781 0.0004127290449105203 0.0003920925955753773 0.000372487964341417 0.0003538635792210698 0.0003361704002600163 0.0003193618904333562 0.0003033937828149647 0.0002882240805774927 0.0002738128823693842 0.0002601222367957234 0.0002471161133144051 0.0002347603149246424 0.0002230223035439849 0.0002118711854564026 0.0002012776240007952 0.0001912137377075851 0.0001816530566429719 0.0001725704059936106 0.0001639418915146962 0.0001557447976665571 0.000147957558510825 0.0001405596849508584 0.0001335317065240815 0.0001268551277462393 0.0001205123699037358 0.0001144867492257617 0.0001087624114006758 0.0001033242879202589 9.815807425184175e-05 9.325017163064331e-05 8.858766523189843e-05 8.415828051511198e-05 7.995036867214367e-05 7.595284841954708e-05 7.215520599856973e-05 6.854744424344972e-05 6.512007530545816e-05 6.186406972119585e-05 5.87708673265297e-05 5.583232268691063e-05 5.304070509737357e-05 5.038866947870702e-05 4.786923454958014e-05 4.547577191260643e-05 4.320198422647081e-05 4.104188337805681e-05 3.898979048244655e-05 3.70402995031327e-05 3.518828452797607e-05 3.342887066537514e-05 3.175742676830851e-05 3.016955452039838e-05 2.866107752197422e-05 2.722802310017869e-05 2.586662230896764e-05 2.457329173921607e-05 2.334462624276057e-05 2.217739529442042e-05 2.106852480210364e-05 2.001509892579634e-05 1.901434370665811e-05 1.806362706702203e-05 1.716044607746881e-05 1.630242331884801e-05 1.548730142530985e-05 1.471293671784224e-05 1.39772901093238e-05 1.327842528553447e-05 1.261450415768195e-05 1.198377867694944e-05 1.138458992500091e-05 1.081536083802348e-05 1.027459256874863e-05 9.760862667462789e-06 9.272819625039119e-06 8.809178325464018e-06 8.368719136342406e-06 7.950283361424226e-06 7.55276914787828e-06 7.175130576797528e-06 6.816374025220284e-06 6.475555437646108e-06 6.1517775975517e-06 5.84418876314885e-06 5.55197948415298e-06 5.274380328046391e-06 5.010661425330909e-06 4.760128376801731e-06 4.522121798800072e-06 4.29601550422376e-06 4.081214683537837e-06 3.877154085785151e-06 3.683296426970628e-06 3.499131707940251e-06 3.324175168017973e-06 3.157966375511023e-06 3.000068090841523e-06 2.850064674930763e-06 2.707561407078174e-06 2.572183348092949e-06 2.443574203425669e-06 2.321395413673599e-06 2.205325699833338e-06 2.09505947168509e-06 1.99030660041899e-06 1.890791281766724e-06 1.79625169494102e-06 1.706439093140943e-06 1.621117121430871e-06 1.540061248306301e-06 1.46305819725967e-06 1.389905264659319e-06 1.320409978688986e-06 1.254389530913613e-06 1.191670094158326e-06 1.132086595134751e-06 1.075482259693672e-06 1.021708158077672e-06 9.706227501737885e-07 9.220916012964153e-07 8.759870411267912e-07 8.321877089656482e-07 7.905783263595367e-07 7.510494128837308e-07 7.134969450817152e-07 6.77822072248091e-07 6.439309458983189e-07 6.117343787082063e-07 5.811476739836507e-07 5.520902846001263e-07 5.244857561592653e-07 4.982614427717635e-07 4.733483649488335e-07 4.496809538068192e-07 4.271969089586491e-07 4.058370564052893e-07 3.855452064271958e-07 3.662679546323488e-07 3.479545682694152e-07 3.305568441192008e-07 3.140289948078134e-07 2.983275351198245e-07 2.834111683114315e-07 2.692406155802018e-07 2.557785876433627e-07 2.429896710509638e-07 2.308401860773301e-07 2.192981725102072e-07 2.083332617530687e-07 1.979165915599879e-07 1.880207634030739e-07 1.786197287856339e-07 1.696887466096086e-07 1.612043121212992e-07 1.531441000679479e-07 1.45486893643465e-07 1.382125560667191e-07 1.313019311055541e-07 0.0002184862387366593 0.0006712885806336999 0.00133885839022696 0.00220166496001184 0.003245513886213303 0.004462394397705793 0.005830892361700535 0.007336078211665154 0.008972682058811188 0.0107313496991992 0.01260262541472912 0.01458228379487991 0.01665962114930153 0.01880572736263275 0.02100664936006069 0.02326634712517262 0.02557549625635147
 0 0 0 0 0 0 0 0 0 0 0 0 0 0 0 0 0 0 0 0 0 0 0 0 0 0 0 0 0 0 0 0 0 0 0 0 0 0 0 0 0 0 0 0 0 0 0 0 0 0 0 0 0 0 0 0 0 0 0 0 0 0 0 0 0 0 0 0 0 0 0 0 0 0 0 0 0 0 0 0 0 0 0 0 0 0 0 0 0 0 0 0 0 0 0 0 0 0 0 0 0 0 0 0 0 0 0 0 0 0 0 0 0 0 0 0 0 0 0 0 0 0 0 0 0 0 0 0 0 0 0 0 0 0 0 0 0 0 0 0 0 0 0 0 0 0 0 0 0 0 0 0 0 0 0 0 0 0 0 0 0 0 0 0 0 0 0 0 0 0 0 0 0 0 0 0 0 0 0 0 0 0 0 0 0 0 0 0 0 0 0 0 0 0 0 0 0 0 0 0 0 0 0 0 0 0 0 0 0 0 0 0 0 0 0 0 0 0 0 0 0 0 0 0 0 0 0 0 0 0 0 0 0 0 0 0 0 0 0 0 0 0 0 0 0 0 0 0 0 0 0 0 0 0 0 0 0 0 0 0 0 0 0 0 0 0 0 0 0 0 0 0 0 0 0 0 0 0 0 0 0 0 0 0 0 0 0 0 0 0 0 0 0 0 0 0 0 0 0 0 0 0 0 0 0 0 0 0 0 0 0 0 0 0 0 0 0 0 0 0 0 0 0 0 0 0 0 0 0 0 0 0 0 0 0 0 0 0 0 0 0 0 0 0 0 0 0 0 0 0 0 0 0 0 0 0 0 0 0 0 0 0 0 0 0 0 0 0 0 0 0 0 0 0 0 0 0 0 0 0 0 0 0 0 0 0 0 0 0 0 0 0 0 0 0 0 0 0 0 0 0 0 0 0 0 0 0 0 0 0 0 0 0 0 0 0 0 0 0 0 0 0 0 0 0 0 0 0 0 0 0 0 0 0 0 0 0 0 0 0 0 0 0 0 0 0 0 0 0 0 0 0 0 0 0 0 0 0 0 0 0 0 0 0 0 0 0 0 0 0 0 0 0 0 0 0 0 0 0 0 0 0 0 0 0 0 0 0 0 0 0 0 0 0 0 0 0 0 0 0 0 0 0 0 0 0 0 0 0 0 0 0 0 0 0 0 0 0 0 0 0 0 0 0 0 0 0 0 0 0 0 0 0 0 0 0 0 0 0 0 0 0 0 0 0 0 0 0 0 0 0 0 0 0 0 0 0 0 0 0 0 0 0 0 0 0 0 0 0 0 0 0 0 0 0 0 0 0 0 0 0 0 0 0 0 0 0 0 0 0 0 0 0 0 0 0 0 0 0 0
 0 0 0 0 0 0 0 0 0 0 0 0 0 0 0 0 0 0 0 0 0 0 0 0 0 0 0 0 0 0 0 0 0 0 0 0 0 0 0 0 0 0 0 0 0 0 0 0 0 0 0 0 0 0 0 0 0 0 0 0 0 0 0 0 0 0 0 0 0 0 0 0 0 0 0 0 0 0 0 0 0 0 0 0 0 0 0 0 0 0 0 0 0 0 0 0 0 0 0 0 0 0 0 0 0 0 0 0 0 0 0 0 0 0 0 0 0 0 0 0 0 0 0 0 0 0 0 0 0 0 0 0 0 0 0 0 0 0 0 0 0 0 0 0 0 0 0 0 0 0 0 0 0 0 0 0 0 0 0 0 0 0 0 0 0 0 0 0 0 0 0 0 0 0 0 0 0 0 0 0 0 0 0 0 0 0 0 0 0 0 0 0 0 0 0 0 0 0 0 0 0 0 0 0 0 0 0 0 0 0 0 0 0 0 0 0 0 0 0 0 0 0 0 0 0 0 0 0 0 0 0 0 0 0 0 0 0 0 0 0 0 0 0 0 0 0 0 0 0 0 0 0 0 0 0 0 0 0 0 0 0 0 0 0 0 0 0 0 0 0 0 0 0 0 0 0 0 0 0 0 0 0 0 0 0 0 0 0 0 0 0 0 0 0 0 0 0 0 0 0 0 0 0 0 0 0 0 0 0 0 0 0 0 0 0 0 0 0 0 0 0 0 0 0 0 0 0 0 0 0 0 0 0 0 0 0 0 0 0 0 0 0 0 0 0 0 0 0 0 0 0 0 0 0 0 0 0 0 0 0 0 0 0 0 0 0 0 0 0 0 0 0 0 0 0 0 0 0 0 0 0 0 0 0 0 0 0 0 0 0 0 0 0 0 0 0 0 0 0 0 0 0 0 0 0 0 0 0 0 0 0 0 0 0 0 0 0 0 0 0 0 0 0 0 0 0 0 0 0 0 0 0 0 0 0 0 0 0 0 0 0 0 0 0 0 0 0 0 0 0 0 0 0 0 0 0 0 0 0 0 0 0 0 0 0 0 0 0 0 0 0 0 0 0 0 0 0 0 0 0 0 0 0 0 0 0 0 0 0 0 0 0 0 0 0 0 0 0 0 0 0 0 0 0 0 0 0 0 0 0 0 0 0 0 0 0 0 0 0 0 0 0 0 0 0 0 0 0 0 0 0 0 0 0 0 0 0 0 0 0 0 0 0 0 0 0 0 0 0 0 0 0 0 0 0 0 0 0 0 0 0 0 0 0 0 0 0 0 0 0 0 0 0 0 0 0 0 0 0 0 0 0 0 0 0 0 0 0 0 0 0 0 0 0 0 0 0 0 0 0
 0 0 0 0 0 0 0 0 0 0 0 0 0 0 0 0 0 0 0 0 0 0 0 0 0 0 0 0 0 0 0 0 0 0 0 0 0 0 0 0 0 0 0 0 0 0 0 0 0 0 0 0 0 0 0 0 0 0 0 0 0 0 0 0 0 0 0 0 0 0 0 0 0 0 0 0 0 0 0 0 0 0 0 0 0 0 0 0 0 0 0 0 0 0 0 0 0 0 0 0 0 0 0 0 0 0 0 0 0 0 0 0 0 0 0 0 0 0 0 0 0 0 0 0 0 0 0 0 0 0 0 0 0 0 0 0 0 0 0 0 0 0 0 0 0 0 0 0 0 0 0 0 0 0 0 0 0 0 0 0 0 0 0 0 0 0 0 0 0 0 0 0 0 0 0 0 0 0 0 0 0 0 0 0 0 0 0 0 0 0 0 0 0 0 0 0 0 0 0 0 0 0 0 0 0 0 0 0 0 0 0 0 0 0 0 0 0 0 0 0 0 0 0 0 0 0 0 0 0 0 0 0 0 0 0 0 0 0 0 0 0 0 0 0 0 0 0 0 0 0 0 0 0 0 0 0 0 0 0 0 0 0 0 0 0 0 0 0 0 0 0 0 0 0 0 0 0 0 0 0 0 0 0 0 0 0 0 0 0 0 0 0 0 0 0 0 0 0 0 0 0 0 0 0 0 0 0 0 0 0 0 0 0 0 0 0 0 0 0 0 0 0 0 0 0 0 0 0 0 0 0 0 0 0 0 0 0 0 0 0 0 0 0 0 0 0 0 0 0 0 0 0 0 0 0 0 0 0 0 0 0 0 0 0 0 0 0 0 0 0 0 0 0 0 0 0 0 0 0 0 0 0 0 0 0 0 0 0 0 0 0 0 0 0 0 0 0 0 0 0 0 0 0 0 0 0 0 0 0 0 0 0 0 0 0 0 0 0 0 0 0 0 0 0 0 0 0 0 0 0 0 0 0 0 0 0 0 0 0 0 0 0 0 0 0 0 0 0 0 0 0 0 0 0 0 0 0 0 0 0 0 0 0 0 0 0 0 0 0 0 0 0 0 0 0 0 0 0 0 0 0 0 0 0 0 0 0 0 0 0 0 0 0 0 0 0 0 0 0 0 0 0 0 0 0 0 0 0 0 0 0 0 0 0 0 0 0 0 0 0 0 0 0 0 0 0 0 0 0 0 0 0 0 0 0 0 0 0 0 0 0 0 0 0 0 0 0 0 0 0 0 0 0 0 0 0 0 0 0 0 0 0 0 0 0 0 0 0 0 0 0 0 0 0 0 0 0 0 0 0 0 0 0 0 0 0 0 0 0 0 0 0 0 0 0 0 0 0 0 0
 0 0 0 0 0 0 0 0 0 0 0 0 0 0 0 0 0 0 0 0 0 0 0 0 0 0 0 0 0 0 0 0 0 0 0 0 0 0 0 0 0 0 0 0 0 0 0 0 0 0 0 0 0 0 0 0 0 0 0 0 0 0 0 0 0 0 0 0 0 0 0 0 0 0 0 0 0 0 0 0 0 0 0 0 0 0 0 0 0 0 0 0 0 0 0 0 0 0 0 0 0 0 0 0 0 0 0 0 0 0 0 0 0 0 0 0 0 0 0 0 0 0 0 0 0 0 0 0 0 0 0 0 0 0 0 0 0 0 0 0 0 0 0 0 0 0 0 0 0 0 0 0 0 0 0 0 0 0 0 0 0 0 0 0 0 0 0 0 0 0 0 0 0 0 0 0 0 0 0 0 0 0 0 0 0 0 0 0 0 0 0 0 0 0 0 0 0 0 0 0 0 0 0 0 0 0 0 0 0 0 0 0 0 0 0 0 0 0 0 0 0 0 0 0 0 0 0 0 0 0 0 0 0 0 0 0 0 0 0 0 0 0 0 0 0 0 0 0 0 0 0 0 0 0 0 0 0 0 0 0 0 0 0 0 0 0 0 0 0 0 0 0 0 0 0.0002657566801644862 0.0009245776454918087 0.002000726526603103 0.003521095495671034 0.005491974763572216 0.007937019690871239 0.01088801398873329 0.01431224774569273 0.01812348701059818 0.02228368818759918 0.02676926180720329 0.03157095983624458 0.03670347109436989 0.0421331375837326 0.04782476648688316 0.0537717193365097 0.05997540801763535 0.06641212105751038 0.07305237650871277 0.07989489287137985 0.08689552545547485 0.09398407489061356 0.1011053174734116 0.1082536727190018 0.1154331639409065 0.1226091310381889 0.1297903507947922 0.1370088756084442 0.1442832499742508 0.151627704501152 0.1590424627065659 0.1650412976741791 0.1682517528533936 0.1678373217582703 0.1632615625858307 0.155098482966423 0.1473435610532761 0.1399763822555542 0.1329775601625443 0.1263286769390106 0.1200122460722923 0.1140116304159164 0.1083110496401787 0.1028954982757568 0.09775072336196899 0.09286318719387054 0.0882200300693512 0.0838090255856514 0.07961857318878174 0.07563764601945877 0.07185576111078262 0.0682629719376564 0.06484982371330261 0.06160733103752136 0.05852696299552917 0.0556006133556366 0.05282058194279671 0.05017955228686333 0.04767057299613953 0.04528704285621643 0.04302269220352173 0.04087155684828758 0.03882797807455063 0.03688658028841019 0.03504225239157677 0.03329014033079147 0.03162563219666481 0.03004435077309608 0.02854213304817677 0.02711502648890018 0.02575927600264549 0.02447131276130676 0.02324774675071239 0.02208535932004452 0.02098109200596809 0.01993203721940517 0.0189354345202446 0.0179886631667614 0.01708922907710075 0.01623476669192314 0.01542302872985601 0.01465187687426805 0.01391928270459175 0.01322331838309765 0.01256215199828148 0.01193404477089643 0.01133734267205 0.01077047549188137 0.01023195125162601 0.009720353409647942 0.009234335273504257 0.008772618137300014 0.008333987556397915 0.007917287759482861 0.007521423511207104 0.007145352195948362 0.006788084749132395 0.006448680534958839 0.00612624641507864 0.005819933954626322 0.005528937093913555 0.005252490285784006 0.004989865701645613 0.00474037230014801 0.004503353498876095 0.004278185777366161 0.004064276348799467 0.003861062461510301 0.003668009303510189 0.00348460883833468 0.003310378408059478 0.003144859569147229 0.002987616695463657 0.002838235814124346 0.00269632413983345 0.002561507979407907 0.002433432498946786 0.002311760792508721 0.002196172717958689 0.002086364198476076 0.001982046058401465 0.001882943790405989 0.001788796624168754 0.001699356827884912 0.001614389009773731 0.00153366953600198 0.001456986065022647 0.001384136732667685 0.001314929919317365 0.001249183434993029 0.001186724286526442 0.001127388095483184 0.001071018632501364 0.001017467700876296 0.0009665943216532469 0.0009182646172121167 0.0008723514038138092 0.0008287338423542678 0.0007872971473261714 0.0007479322957806289 0.0007105356780812144 0.0006750088650733232 0.0006412584334611893 0.0006091955001465976 0.0005787357222288847 0.0005497989477589726 0.0005223089829087257 0.0004961935337632895 0.000471383857075125 0.0004478146729525179 0.0004254239320289344 0.00040415272815153 0.0003839450946543366 0.0003647478297352791 0.0003465104382485151 0.0003291849279776216 0.0003127256932202727 0.0002970893983729184 0.0002822349197231233 0.0002681231708265841 0.0002547170151956379 0.000241981164435856 0.0002298821054864675 0.0002183879987569526 0.0002074686053674668 0.0001970951707335189 0.0001872404100140557 0.0001778783916961402 0.0001689844648353755 0.0001605352445039898 0.0001525084808235988 0.0001448830589652061 0.0001376389118377119 0.0001307569618802518 0.0001242191065102816 0.000118008152639959 0.0001121077439165674 0.0001065023534465581 0.0001011772328638472 9.611836867406964e-05 9.131245315074921e-05 8.674683340359479e-05 8.240948955062777e-05 7.82890128903091e-05 7.437456224579364e-05 7.065583486109972e-05 6.712304457323626e-05 6.376689270837232e-05 6.05785462539643e-05 5.754961966886185e-05 5.467213850351982e-05 5.193853212404065e-05 4.934160460834391e-05 4.68745238322299e-05 4.453079600352794e-05 4.230425474816002e-05 4.018904292024672e-05 3.817959077423438e-05 3.627061232691631e-05 3.445707989158109e-05 3.273422771599144e-05 3.10975156025961e-05 2.95426398224663e-05 2.806550764944404e-05 2.666223190317396e-05 2.532912003516685e-05 2.406266321486328e-05 2.285953087266535e-05 2.171655432903208e-05 2.063072679447941e-05 1.959919063665438e-05 1.86192319233669e-05 1.768826950865332e-05 1.680385685176589e-05 1.596366382727865e-05 1.516548036306631e-05 1.440720643586246e-05 1.368684570479672e-05 1.30025036924053e-05 1.235237868968397e-05 1.173475993709872e-05 1.114802216761746e-05 1.059062105923658e-05 1.006108959700214e-05 9.558035344525706e-06 9.080133168026805e-06 8.626126145827584e-06 8.194820111384615e-06 7.785079105815385e-06 7.395825377898291e-06 7.026033927104436e-06 6.674732048850274e-06 6.340995241771452e-06 6.023945388733409e-06 5.722748028347269e-06 5.436610535980435e-06 5.164779850019841e-06 4.906540652882541e-06 4.661213552026311e-06 4.428152806212893e-06 4.20674496126594e-06 3.996407940576319e-06 3.796587634496973e-06 3.606758355090278e-06 3.42642033501761e-06 3.255099272791995e-06 3.092344286415027e-06 2.937727003882173e-06 2.790840653688065e-06 2.651298700584448e-06 2.518733708711807e-06 2.392797114225687e-06 2.273157178933616e-06 2.159499217668781e-06 2.051524234047974e-06 1.948948010976892e-06 1.851500655902782e-06 1.758925577632908e-06 1.67097925896087e-06 1.587430347171903e-06 1.508058858235017e-06 1.432655949429318e-06 1.361023123536143e-06 1.292972001465387e-06 1.228323412760801e-06 1.166907281913154e-06 1.108561946239206e-06 1.053133814821194e-06 1.00047714113316e-06 9.504532840765023e-07 9.029305942931387e-07 8.577840731049946e-07 8.14894860923232e-07 7.741501235614123e-07 7.354425974881451e-07 6.986704761402507e-07 6.637369551754091e-07 6.305501187853224e-07 5.990225986352016e-07 5.690714601769287e-07 5.406178615885437e-07 5.13586996930826e-07 4.879076413999428e-07 4.635122650142876e-07 4.403366631322569e-07 4.183198427654133e-07 3.974038520482281e-07 3.775336665512441e-07 3.586569903291092e-07 3.407241422337393e-07 3.236879422274797e-07 3.075035408528493e-07 2.921283623891213e-07 2.77521934322067e-07 2.636458305005362e-07 2.504635290279111e-07 2.379403554186865e-07 2.260433404899231e-07 2.147411777286834e-07 2.040041238160484e-07 1.938039133619895e-07 1.841137162728046e-07 1.749080240642797e-07 1.661626214399803e-07 1.578544868152676e-07 1.499617638955897e-07 1.424636764113529e-07 0.0002718307368922979 0.0008267114171758294 0.001648067496716976 0.002688272390514612 0.003939906135201454 0.005395187065005302 0.007048762403428555 0.008868854492902756 0.01082339324057102 0.01291122287511826 0.01514119282364845 0.01750170812010765 0.01999220810830593 0.02257578633725643 0.0252415407449007 0.02798868343234062 0.03081555292010307 0.03369736671447754 0.03661707043647766
 0 0 0 0 0 0 0 0 0 0 0 0 0 0 0 0 0 0 0 0 0 0 0 0 0 0 0 0 0 0 0 0 0 0 0 0 0 0 0 0 0 0 0 0 0 0 0 0 0 0 0 0 0 0 0 0 0 0 0 0 0 0 0 0 0 0 0 0 0 0 0 0 0 0 0 0 0 0 0 0 0 0 0 0 0 0 0 0 0 0 0 0 0 0 0 0 0 0 0 0 0 0 0 0 0 0 0 0 0 0 0 0 0 0 0 0 0 0 0 0 0 0 0 0 0 0 0 0 0 0 0 0 0 0 0 0 0 0 0 0 0 0 0 0 0 0 0 0 0 0 0 0 0 0 0 0 0 0 0 0 0 0 0 0 0 0 0 0 0 0 0 0 0 0 0 0 0 0 0 0 0 0 0 0 0 0 0 0 0 0 0 0 0 0 0 0 0 0 0 0 0 0 0 0 0 0 0 0 0 0 0 0 0 0 0 0 0 0 0 0 0 0 0 0 0 0 0 0 0 0 0 0 0 0 0 0 0 0 0 0 0 0 0 0 0 0 0 0 0 0 0 0 0 0 0 0 0 0 0 0 0 0 0 0 0 0 0 0 0 0 0 0 0 0 0 0 0 0 0 0 0 0 0 0 0 0 0 0 0 0 0 0 0 0 0 0 0 0 0 0 0 0 0 0 0 0 0 0 0 0 0 0 0 0 0 0 0 0 0 0 0 0 0 0 0 0 0 0 0 0 0 0 0 0 0 0 0 0 0 0 0 0 0 0 0 0 0 0 0 0 0 0 0 0 0 0 0 0 0 0 0 0 0 0 0 0 0 0 0 0 0 0 0 0 0 0 0 0 0 0 0 0 0 0 0 0 0 0 0 0 0 0 0 0 0 0 0 0 0 0 0 0 0 0 0 0 0 0 0 0 0 0 0 0 0 0 0 0 0 0 0 0 0 0 0 0 0 0 0 0 0 0 0 0 0 0 0 0 0 0 0 0 0 0 0 0 0 0 0 0 0 0 0 0 0 0 0 0 0 0 0 0 0 0 0 0 0 0 0 0 0 0 0 0 0 0 0 0 0 0 0 0 0 0 0 0 0 0 0 0 0 0 0 0 0 0 0 0 0 0 0 0 0 0 0 0 0 0 0 0 0 0 0 0 0 0 0 0 0 0 0 0 0 0 0 0 0 0 0 0 0 0 0 0 0 0 0 0 0 0 0 0 0 0 0 0 0 0 0 0 0 0 0 0 0 0 0 0 0 0 0 0 0 0 0 0 0 0 0 0 0 0 0 0 0 0 0 0 0 0 0 0 0 0 0 0 0 0 0 0 0 0 0 0 0 0 0 0 0 0
 0 0 0 0 0 0 0 0 0 0 0 0 0 0 0 0 0 0 0 0 0 0 0 0 0 0 0 0 0 0 0 0 0 0 0 0 0 0 0 0 0 0 0 0 0 0 0 0 0 0 0 0 0 0 0 0 0 0 0 0 0 0 0 0 0 0 0 0 0 0 0 0 0 0 0 0 0 0 0 0 0 0 0 0 0 0 0 0 0 0 0 0 0 0 0 0 0 0 0 0 0 0 0 0 0 0 0 0 0 0 0 0 0 0 0 0 0 0 0 0 0 0 0 0 0 0 0 0 0 0 0 0 0 0 0 0 0 0 0 0 0 0 0 0 0 0 0 0 0 0 0 0 0 0 0 0 0 0 0 0 0 0 0 0 0 0 0 0 0 0 0 0 0 0 0 0 0 0 0 0 0 0 0 0 0 0 0 0 0 0 0 0 0 0 0 0 0 0 0 0 0 0 0 0 0 0 0 0 0 0 0 0 0 0 0 0 0 0 0 0 0 0 0 0 0 0 0 0 0 0 0 0 0 0 0 0 0 0 0 0 0 0 0 0 0 0 0 0 0 0 0 0 0 0 0 0 0 0 0 0 0 0 0 0 0 0 0 0 0 0 0 0 0 0 0 0 0 0 0 0 0 0 0 0 0 0 0 0 0 0 0 0 0 0 0 0 0 0 0 0 0 0 0 0 0 0 0 0 0 0 0 0 0 0 0 0 0 0 0 0 0 0 0 0 0 0 0 0 0 0 0 0 0 0 0 0 0 0 0 0 0 0 0 0 0 0 0 0 0 0 0 0 0 0 0 0 0 0 0 0 0 0 0 0 0 0 0 0 0 0 0 0 0 0 0 0 0 0 0 0 0 0 0 0 0 0 0 0 0 0 0 0 0 0 0 0 0 0 0 0 0 0 0 0 0 0 0 0 0 0 0 0 0 0 0 0 0 0 0 0 0 0 0 0 0 0 0 0 0 0 0 0 0 0 0 0 0 0 0 0 0 0 0 0 0 0 0 0 0 0 0 0 0 0 0 0 0 0 0 0 0 0 0 0 0 0 0 0 0 0 0 0 0 0 0 0 0 0 0 0 0 0 0 0 0 0 0 0 0 0 0 0 0 0 0 0 0 0 0 0 0 0 0 0 0 0 0 0 0 0 0 0 0 0 0 0 0 0 0 0 0 0 0 0 0 0 0 0 0 0 0 0 0 0 0 0 0 0 0 0 0 0 0 0 0 0 0 0 0 0 0 0 0 0 0 0 0 0 0 0 0 0 0 0 0 0 0 0 0 0 0 0 0 0 0 0 0 0 0 0 0 0 0 0 0 0 0 0 0 0 0 0 0 0 0 0 0 0 0 0
 0 0 0 0 0 0 0 0 0 0 0 0 0 0 0 0 0 0 0 0 0 0 0 0 0 0 0 0 0 0 0 0 0 0 0 0 0 0 0 0 0 0 0 0 0 0 0 0 0 0 0 0 0 0 0 0 0 0 0 0 0 0 0 0 0 0 0 0 0 0 0 0 0 0 0 0 0 0 0 0 0 0 0 0 0 0 0 0 0 0 0 0 0 0 0 0 0 0 0 0 0 0 0 0 0 0 0 0 0 0 0 0 0 0 0 0 0 0 0 0 0 0 0 0 0 0 0 0 0 0 0 0 0 0 0 0 0 0 0 0 0 0 0 0 0 0 0 0 0 0 0 0 0 0 0 0 0 0 0 0 0 0 0 0 0 0 0 0 0 0 0 0 0 0 0 0 0 0 0 0 0 0 0 0 0 0 0 0 0 0 0 0 0 0 0 0 0 0 0 0 0 0 0 0 0 0 0 0 0 0 0 0 0 0 0 0 0 0 0 0 0 0 0 0 0 0 0 0 0 0 0 0 0 0 0 0 0 0 0 0 0 0 0 0 0 0 0 0 0 0 0 0 0 0 0 0 0 0 0 0 0 0 0 0 0 0 0 0 0 0 0 0 0 0 0 0 0 0 0 0 0 0 0 0 0 0 0 0 0 0 0 0 0 0 0 0 0 0 0 0 0 0 0 0 0 0 0 0 0 0 0 0 0 0 0 0 0 0 0 0 0 0 0 0 0 0 0 0 0 0 0 0 0 0 0 0 0 0 0 0 0 0 0 0 0 0 0 0 0 0 0 0 0 0 0 0 0 0 0 0 0 0 0 0 0 0 0 0 0 0 0 0 0 0 0 0 0 0 0 0 0 0 0 0 0 0 0 0 0 0 0 0 0 0 0 0 0 0 0 0 0 0 0 0 0 0 0 0 0 0 0 0 0 0 0 0 0 0 0 0 0 0 0 0 0 0 0 0 0 0 0 0 0 0 0 0 0 0 0 0 0 0 0 0 0 0 0 0 0 0 0 0 0 0 0 0 0 0 0 0 0 0 0 0 0 0 0 0 0 0 0 0 0 0 0 0 0 0 0 0 0 0 0 0 0 0 0 0 0 0 0 0 0 0 0 0 0 0 0 0 0 0 0 0 0 0 0 0 0 0 0 0 0 0 0 0 0 0 0 0 0 0 0 0 0 0 0 0 0 0 0 0 0 0 0 0 0 0 0 0 0 0 0 0 0 0 0 0 0 0 0 0 0 0 0 0 0 0 0 0 0 0 0 0 0 0 0 0 0 0 0 0 0 0 0 0 0 0 0 0 0 0 0 0 0 0 0 0 0 0 0 0 0 0 0 0 0 0 0 0
 0 0 0 0 0 0 0 0 0 0 0 0 0 0 0 0 0 0 0 0 0 0 0 0 0 0 0 0 0 0 0 0 0 0 0 0 0 0 0 0 0 0 0 0 0 0 0 0 0 0 0 0 0 0 0 0 0 0 0 0 0 0 0 0 0 0 0 0 0 0 0 0 0 0 0 0 0 0 0 0 0 0 0 0 0 0 0 0 0 0 0 0 0 0 0 0 0 0 0 0 0 0 0 0 0 0 0 0 0 0 0 0 0 0 0 0 0 0 0 0 0 0 0 0 0 0 0 0 0 0 0 0 0 0 0 0 0 0 0 0 0 0 0 0 0 0 0 0 0 0 0 0 0 0 0 0 0 0 0 0 0 0 0 0 0 0 0 0 0 0 0 0 0 0 0 0 0 0 0 0 0 0 0 0 0 0 0 0 0 0 0 0 0 0 0 0 0 0 0 0 0 0 0 0 0 0 0 0 0 0 0 0 0 0 0 0 0 0 0 0 0 0 0 0 0 0 0 0 0 0 0 0 0 0 0 0 0 0 0 0 0 0 0 0 0 0 0 0 0 0 0 0 0 0 0 0 0 0 0 0 0 0 0 0 0 0 0 0 0 0 0 0 0 0 0 0 0 0 0 0 0 0 0 0 0 0 0 0 0 0 0 0 0 0.0002893481869250536 0.001091363374143839 0.00242067314684391 0.00428750179708004 0.006713707931339741 0.009668572805821896 0.01309815235435963 0.01696175523102283 0.02125942893326283 0.02593382075428963 0.03099485859274864 0.03644052147865295 0.04219521582126617 0.04826389253139496 0.05463315546512604 0.06127126142382622 0.06816894561052322 0.07534061372280121 0.0826839879155159 0.09016934037208557 0.09775355458259583 0.1054524332284927 0.1132101863622665 0.1210670247673988 0.1290562599897385 0.1371861696243286 0.14543816447258 0.1538278162479401 0.1623587906360626 0.1710112392902374 0.1781055778264999 0.1822101622819901 0.1824505627155304 0.1782680153846741 0.1693546175956726 0.1608868837356567 0.1528425365686417 0.1452004164457321 0.1379403918981552 0.1310433745384216 0.1244912073016167 0.118266649544239 0.1123533174395561 0.1067356541752815 0.1013988703489304 0.09632892906665802 0.09151248633861542 0.08693686127662659 0.0825900211930275 0.07846052199602127 0.074537493288517 0.07081061601638794 0.06727008521556854 0.06390658020973206 0.06071124970912933 0.05767568573355675 0.0547919012606144 0.05205230787396431 0.04944969341158867 0.0469772070646286 0.04462834820151329 0.04239692911505699 0.04027708247303963 0.0382632277905941 0.036350067704916 0.0345325656235218 0.03280593827366829 0.03116564080119133 0.02960735931992531 0.02812699228525162 0.02672064304351807 0.02538461051881313 0.02411537989974022 0.02290961146354675 0.02176413126289845 0.02067592553794384 0.01964212954044342 0.01866002380847931 0.01772702299058437 0.01684067212045193 0.01599863916635513 0.01519870758056641 0.01443877257406712 0.01371683366596699 0.01303099188953638 0.01237944234162569 0.01176047045737505 0.01117244735360146 0.0106138251721859 0.01008313428610563 0.009578977711498737 0.009100029245018959 0.008645027875900269 0.008212776854634285 0.007802138105034828 0.007412031292915344 0.00704142963513732 0.006689358036965132 0.006354890298098326 0.006037145853042603 0.005735288374125957 0.005448523908853531 0.005176097620278597 0.004917292855679989 0.004671428352594376 0.004437856841832399 0.004215964116156101 0.00400516577064991 0.003804907435551286 0.003614661982282996 0.003433928824961185 0.003262232290580869 0.003099120687693357 0.002944164676591754 0.002796956337988377 0.002657108474522829 0.002524252980947495 0.002398040378466249 0.002278138417750597 0.002164231613278389 0.002056020079180598 0.001953219063580036 0.001855558133684099 0.001762780244462192 0.001674641272984445 0.001590909203514457 0.00151136377826333 0.0014357955660671 0.001364005729556084 0.001295805443078279 0.00123101519420743 0.001169464434497058 0.001110991230234504 0.001055441680364311 0.001002669567242265 0.0009525360655970871 0.000904909276869148 0.0008596638217568398 0.0008166806073859334 0.000775846594478935 0.0007370542734861374 0.0007002015481702983 0.000665191444568336 0.0006319318781606853 0.0006003353046253324 0.0005703185452148318 0.0005418026121333241 0.0005147124757058918 0.0004889768315479159 0.000464527984149754 0.0004413015849422663 0.0004192365158814937 0.0003982746857218444 0.0003783609427046031 0.0003594428999349475 0.0003414707607589662 0.000324397231452167 0.0003081773757003248 0.0002927684981841594 0.0002781300863716751 0.0002642235776875168 0.0002510123886168003 0.0002384617691859603 0.0002265386865474284 0.000215211752220057 0.0002044511638814583 0.0001942286035045981 0.0001845171791501343 0.0001752913231030107 0.0001665267627686262 0.0001582004188094288 0.000150290405144915 0.0001427758834324777 0.0001356370921712369 0.0001288552302867174 0.0001224124716827646 0.0001162918488262221 0.0001104772527469322 0.0001049533893819898 9.970572136808187e-05 9.472043893765658e-05 8.998441626317799e-05 8.548519690521061e-05 8.121093560475856e-05 7.715039100730792e-05 7.329287473112345e-05 6.962822953937575e-05 6.614681478822604e-05 6.283947732299566e-05 5.969750418444164e-05 5.671262988471426e-05 5.387700002756901e-05 5.118314948049374e-05 4.862399146077223e-05 4.619279206963256e-05 4.388315210235305e-05 4.168899613432586e-05 3.960454705520533e-05 3.762431879295036e-05 3.57431017619092e-05 3.39559483109042e-05 3.225815089535899e-05 3.064524207729846e-05 2.911297997343354e-05 2.765733006526716e-05 2.627446338010486e-05 2.496074012015015e-05 2.371270238654688e-05 2.252706690342166e-05 2.140071410394739e-05 2.033067903539632e-05 1.931414590217173e-05 1.834843897086103e-05 1.743101711326744e-05 1.655946653045248e-05 1.573149347677827e-05 1.494491880293936e-05 1.419767249899451e-05 1.348778914689319e-05 1.281339973502327e-05 1.217272983922157e-05 1.156409325631103e-05 1.09858883661218e-05 1.043659358401783e-05 9.914763722917996e-06 9.419025445822626e-06 8.948074537329376e-06 8.500670446665026e-06 8.075637197180185e-06 7.671855200896971e-06 7.288262622751063e-06 6.923849468876142e-06 6.57765713185654e-06 6.248774298001081e-06 5.936335583101027e-06 5.639518803945975e-06 5.357542704587104e-06 5.089665592095116e-06 4.835182153328788e-06 4.593423000187613e-06 4.363751941127703e-06 4.145564162172377e-06 3.938285772164818e-06 3.741371529031312e-06 3.554303020791849e-06 3.376587756065419e-06 3.20775825457531e-06 3.047370228159707e-06 2.895001671276987e-06 2.750251496763667e-06 2.612738853713381e-06 2.482101990608498e-06 2.357996891078074e-06 2.24009704652417e-06 2.128092091879807e-06 2.021687578235287e-06 1.920603153848788e-06 1.824573018893716e-06 1.733344333842979e-06 5.90321324125398e-05 0.0003927974030375481 0.001002974109724164 0.001872511114925146 0.002981192898005247 0.004300551954656839 0.005792467389255762 0.007454007398337126 0.009252471849322319 0.01118418201804161 0.01324072107672691 0.01540304906666279 0.01766539365053177 0.02002598159015179 0.02249318361282349 0.02506100386381149 0.02772361598908901 0.03048162907361984 0.03333108872175217 0.03624085336923599 0.03919998556375504 0.04220154136419296 0.04522660002112389 0.04826216772198677 0.05130831152200699 0.0543724000453949 0.05743998661637306 0.06050775572657585 0.06358183920383453 0.06666386872529984 0.069732666015625 0.07278584688901901 0.07582511752843857 0.07885591685771942 0.08187994360923767 0.08489982783794403 0.08792050182819366 0.09094756096601486 0.09398136287927628 0.09618623554706573 0.09673168510198593 0.09509949386119843 0.09097537398338318 0.08642660826444626 0.08210527896881104 0.0780000165104866 0.07410001754760742 0.07039501518011093
 0 0 0 0 0 0 0 0 0 0 0 0 0 0 0 0 0 0 0 0 0 0 0 0 0 0 0 0 0 0 0 0 0 0 0 0 0 0 0 0 0 0 0 0 0 0 0 0 0 0 0 0 0 0 0 0 0 0 0 0 0 0 0 0 0 0 0 0 0 0 0 0 0 0 0 0 0 0 0 0 0 0 0 0 0 0 0 0 0 0 0 0 0 0 0 0 0 0 0 0 0 0 0 0 0 0 0 0 0 0 0 0 0 0 0 0 0 0 0 0 0 0 0 0 0 0 0 0 0 0 0 0 0 0 0 0 0 0 0 0 0 0 0 0 0 0 0 0 0 0 0 0 0 0 0 0 0 0 0 0 0 0 0 0 0 0 0 0 0 0 0 0 0 0 0 0 0 0 0 0 0 0 0 0 0 0 0 0 0 0 0 0 0 0 0 0 0 0 0 0 0 0 0 0 0 0 0 0 0 0 0 0 0 0 0 0 0 0 0 0 0 0 0 0 0 0 0 0 0 0 0 0 0 0 0 0 0 0 0 0 0 0 0 0 0 0 0 0 0 0 0 0 0 0 0 0 0 0 0 0 0 0 0 0 0 0 0 0 0 0 0 0 0 0 0 0 0 0 0 0 0 0 0 0 0 0 0 0 0 0 0 0 0 0 0 0 0 0 0 0 0 0 0 0 0 0 0 0 0 0 0 0 0 0 0 0 0 0 0 0 0 0 0 0 0 0 0 0 0 0 0 0 0 0 0 0 0 0 0 0 0 0 0 0 0 0 0 0 0 0 0 0 0 0 0 0 0 0 0 0 0 0 0 0 0 0 0 0 0 0 0 0 0 0 0 0 0 0 0 0 0 0 0 0 0 0 0 0 0 0 0 0 0 0 0 0 0 0 0 0 0 0 0 0 0 0 0 0 0 0 0 0 0 0 0 0 0 0 0 0 0 0 0 0 0 0 0 0 0 0 0 0 0 0 0 0 0 0 0 0 0 0 0 0 0 0 0 0 0 0 0 0 0 0 0 0 0 0 0 0 0 0 0 0 0 0 0 0 0 0 0 0 0 0 0 0 0 0 0 0 0 0 0 0 0 0 0 0 0 0 0 0 0 0 0 0 0 0 0 0 0 0 0 0 0 0 0 0 0 0 0 0 0 0 0 0 0 0 0 0 0 0 0 0 0 0 0 0 0 0 0 0 0 0 0 0 0 0 0 0 0 0 0 0 0 0 0 0 0 0 0 0 0 0 0 0 0 0 0 0 0 0 0 0 0 0 0 0 0 0 0 0 0 0 0 0 0 0 0 0 0 0 0 0 0 0 0 0 0 0 0 0 0 0 0 0 0 0 0 0
 0 0 0 0 0 0 0 0 0 0 0 0 0 0 0 0 0 0 0 0 0 0 0 0 0 0 0 0 0 0 0 0 0 0 0 0 0 0 0 0 0 0 0 0 0 0 0 0 0 0 0 0 0 0 0 0 0 0 0 0 0 0 0 0 0 0 0 0 0 0 0 0 0 0 0 0 0 0 0 0 0 0 0 0 0 0 0 0 0 0 0 0 0 0 0 0 0 0 0 0 0 0 0 0 0 0 0 0 0 0 0 0 0 0 0 0 0 0 0 0 0 0 0 0 0 0 0 0 0 0 0 0 0 0 0 0 0 0 0 0 0 0 0 0 0 0 0 0 0 0 0 0 0 0 0 0 0 0 0 0 0 0 0 0 0 0 0 0 0 0 0 0 0 0 0 0 0 0 0 0 0 0 0 0 0 0 0 0 0 0 0 0 0 0 0 0 0 0 0 0 0 0 0 0 0 0 0 0 0 0 0 0 0 0 0 0 0 0 0 0 0 0 0 0 0 0 0 0 0 0 0 0 0 0 0 0 0 0 0 0 0 0 0 0 0 0 0 0 0 0 0 0 0 0 0 0 0 0 0 0 0 0 0 0 0 0 0 0 0 0 0 0 0 0 0 0 0 0 0 0 0 0 0 0 0 0 0 0 0 0 0 0 0 0 0 0 0 0 0 0 0 0 0 0 0 0 0 0 0 0 0 0 0 0 0 0 0 0 0 0 0 0 0 0 0 0 0 0 0 0 0 0 0 0 0 0 0 0 0 0 0 0 0 0 0 0 0 0 0 0 0 0 0 0 0 0 0 0 0 0 0 0 0 0 0 0 0 0 0 0 0 0 0 0 0 0 0 0 0 0 0 0 0 0 0 0 0 0 0 0 0 0 0 0 0 0 0 0 0 0 0 0 0 0 0 0 0 0 0 0 0 0 0 0 0 0 0 0 0 0 0 0 0 0 0 0 0 0 0 0 0 0 0 0 0 0 0 0 0 0 0 0 0 0 0 0 0 0 0 0 0 0 0 0 0 0 0 0 0 0 0 0 0 0 0 0 0 0 0 0 0 0 0 0 0 0 0 0 0 0 0 0 0 0 0 0 0 0 0 0 0 0 0 0 0 0 0 0 0 0 0 0 0 0 0 0 0 0 0 0 0 0 0 0 0 0 0 0 0 0 0 0 0 0 0 0 0 0 0 0 0 0 0 0 0 0 0 0 0 0 0 0 0 0 0 0 0 0 0 0 0 0 0 0 0 0 0 0 0 0 0 0 0 0 0 0 0 0 0 0 0 0 0 0 0 0 0 0 0 0 0 0 0 0 0 0 0 0 0 0 0 0 0 0 0 0 0 0 0 0
 0 0 0 0 0 0 0 0 0 0 0 0 0 0 0 0 0 0 0 0 0 0 0 0 0 0 0 0 0 0 0 0 0 0 0 0 0 0 0 0 0 0 0 0 0 0 0 0 0 0 0 0 0 0 0 0 0 0 0 0 0 0 0 0 0 0 0 0 0 0 0 0 0 0 0 0 0 0 0 0 0 0 0 0 0 0 0 0 0 0 0 0 0 0 0 0 0 0 0 0 0 0 0 0 0 0 0 0 0 0 0 0 0 0 0 0 0 0 0 0 0 0 0 0 0 0 0 0 0 0 0 0 0 0 0 0 0 0 0 0 0 0 0 0 0 0 0 0 0 0 0 0 0 0 0 0 0 0 0 0 0 0 0 0 0 0 0 0 0 0 0 0 0 0 0 0 0 0 0 0 0 0 0 0 0 0 0 0 0 0 0 0 0 0 0 0 0 0 0 0 0 0 0 0 0 0 0 0 0 0 0 0 0 0 0 0 0 0 0 0 0 0 0 0 0 0 0 0 0 0 0 0 0 0 0 0 0 0 0 0 0 0 0 0 0 0 0 0 0 0 0 0 0 0 0 0 0 0 0 0 0 0 0 0 0 0 0 0 0 0 0 0 0 0 0 0 0 0 0 0 0 0 0 0 0 0 0 0 0 0 0 0 0 0 0 0 0 0 0 0 0 0 0 0 0 0 0 0 0 0 0 0 0 0 0 0 0 0 0 0 0 0 0 0 0 0 0 0 0 0 0 0 0 0 0 0 0 0 0 0 0 0 0 0 0 0 0 0 0 0 0 0 0 0 0 0 0 0 0 0 0 0 0 0 0 0 0 0 0 0 0 0 0 0 0 0 0 0 0 0 0 0 0 0 0 0 0 0 0 0 0 0 0 0 0 0 0 0 0 0 0 0 0 0 0 0 0 0 0 0 0 0 0 0 0 0 0 0 0 0 0 0 0 0 0 0 0 0 0 0 0 0 0 0 0 0 0 0 0 0 0 0 0 0 0 0 0 0 0 0 0 0 0 0 0 0 0 0 0 0 0 0 0 0 0 0 0 0 0 0 0 0 0 0 0 0 0 0 0 0 0 0 0 0 0 0 0 0 0 0 0 0 0 0 0 0 0 0 0 0 0 0 0 0 0 0 0 0 0 0 0 0 0 0 0 0 0 0 0 0 0 0 0 0 0 0 0 0 0 0 0 0 0 0 0 0 0 0 0 0 0 0 0 0 0 0 0 0 0 0 0 0 0 0 0 0 0 0 0 0 0 0 0 0 0 0 0 0 0 0 0 0 0 0 0 0 0 0 0 0 0 0 0 0 0 0 0 0 0 0 0 0 0 0 0 0 0 0 0 0
 0 0 0 0 0 0 0 0 0 0 0 0 0 0 0 0 0 0 0 0 0 0 0 0 0 0 0 0 0 0 0 0 0 0 0 0 0 0 0 0 0 0 0 0 0 0 0 0 0 0 0 0 0 0 0 0 0 0 0 0 0 0 0 0 0 0 0 0 0 0 0 0 0 0 0 0 0 0 0 0 0 0 0 0 0 0 0 0 0 0 0 0 0 0 0 0 0 0 0 0 0 0 0 0 0 0 0 0 0 0 0 0 0 0 0 0 0 0 0 0 0 0 0 0 0 0 0 0 0 0 0 0 0 0 0 0 0 0 0 0 0 0 0 0 0 0 0 0 0 0 0 0 0 0 0 0 0 0 0 0 0 0 0 0 0 0 0 0 0 0 0 0 0 0 0 0 0 0 0 0 0 0 0 0 0 0 0 0 0 0 0 0 0 0 0 0 0 0 0 0 0 0 0 0 0 0 0 0 0 0 0 0 0 0 0 0 0 0 0 0 0 0 0 0 0 0 0 0 0 0 0 0 0 0 0 0 0 0 0 0 0 0 0 0 0 0 0 0 0 0 0 0 0 0 0 0 0 0 0 0 0 0 0 0 0 0 0 0 0 0 0 0 0 4.091929076821543e-05 0.0004773165564984083 0.00131734786555171 0.00257483683526516 0.004278563428670168 0.006459438242018223 0.009148887358605862 0.01234764233231544 0.0159891452640295 0.02002887614071369 0.02440021559596062 0.02908665873110294 0.03412945941090584 0.03954409062862396 0.04529759660363197 0.0513053834438324 0.05757822841405869 0.06409820914268494 0.07083114236593246 0.07776989042758942 0.08483792841434479 0.09196597337722778 0.09911014884710312 0.1062763780355453 0.1134776771068573 0.1207122728228569 0.1279547810554504 0.1352277547121048 0.1425381153821945 0.1499017179012299 0.1573279500007629 0.1640792638063431 0.1685353219509125 0.1696735471487045 0.1667766869068146 0.1594035178422928 0.1514333486557007 0.1438616812229156 0.1366685926914215 0.1298351585865021 0.123343400657177 0.1171762272715569 0.1113174185156822 0.1057515442371368 0.1004639640450478 0.09544076770544052 0.09066873043775558 0.08613529056310654 0.0818285271525383 0.07773710042238235 0.07385024428367615 0.0701577290892601 0.06664983928203583 0.06331734359264374 0.06015147641301155 0.05714390426874161 0.05428671091794968 0.05157237499952316 0.04899375513195992 0.04654406756162643 0.04421686381101608 0.04200601950287819 0.03990571945905685 0.03791043162345886 0.03601491078734398 0.03421416506171227 0.03250345587730408 0.03087828308343887 0.02933436818420887 0.02786765061318874 0.02647426724433899 0.02515055425465107 0.02389302663505077 0.02269837446510792 0.02156345546245575 0.0204852819442749 0.0194610171020031 0.0184879656881094 0.01756356656551361 0.01668538898229599 0.01585111953318119 0.01505856402218342 0.01430563628673553 0.01359035447239876 0.01291083637624979 0.01226529479026794 0.01165203005075455 0.01106942817568779 0.01051595713943243 0.009990159422159195 0.009490651078522205 0.009016118943691254 0.008565313182771206 0.008137047290802002 0.007730194833129644 0.007343685254454613 0.00697650108486414 0.006627676077187061 0.006296292413026094 0.005981477908790112 0.005682404153048992 0.005398283712565899 0.00512836966663599 0.004871951416134834 0.004628353752195835 0.004396935924887657 0.004177089314907789 0.00396823463961482 0.003769822884351015 0.003581331809982657 0.003402265254408121 0.003232151968404651 0.003070544451475143 0.002917017322033644 0.002771166386082768 0.00263260817155242 0.002500977832823992 0.002375928917899728 0.002257132437080145 0.002144275698810816 0.002037061844021082 0.001935208798386157 0.00183844834100455 0.001746525871567428 0.001659199595451355 0.001576239592395723 0.001497427583672106 0.001422556233592331 0.001351428451016545 0.00128385704010725 0.001219664234668016 0.001158680999651551 0.001100746914744377 0.001045709592290223 0.0009934240952134132 0.0009437528788112104 0.0008965652086772025 0.000851736927870661 0.0008091501076705754 0.0007686925819143653 0.0007302579469978809 0.0006937450380064547 0.0006590578122995794 0.0006261049420572817 0.0005947996978648007 0.0005650597158819437 0.0005368067068047822 0.0005099663976579905 0.0004844680661335588 0.0004602446570061147 0.0004372324328869581 0.000415370799601078 0.0003946022479794919 0.0003748721210286021 0.0003561285266187042 0.0003383221046533436 0.0003214059979654849 0.0003053357067983598 0.0002900689141824841 0.0002755654568318278 0.0002617871796246618 0.0002486978191882372 0.0002362629311392084 0.0002244497882202268 0.0002132272929884493 0.000202565934159793 0.0001924376410897821 0.0001828157546697184 0.0001736749691190198 0.0001649912155698985 0.0001567416475154459 0.0001489045680500567 0.0001414593425579369 0.000134386369609274 0.000127667051856406 0.000121283701446373 0.0001152195181930438 0.0001094585459213704 0.0001039856215356849 9.878633863991126e-05 9.384701843373477e-05 8.915466605685651e-05 8.469693420920521e-05 8.046208677114919e-05 7.643898425158113e-05 7.261703285621479e-05 6.898618448758498e-05 6.553687853738666e-05 6.226003461051732e-05 5.914703433518298e-05 5.618968134513125e-05 5.338019764167257e-05 5.071118721389212e-05 4.817562876269221e-05 4.576684659696184e-05 4.347850335761905e-05 4.130457818973809e-05 3.923934855265543e-05 3.727737930603325e-05 3.541351179592311e-05 3.364283475093544e-05 3.196069155819714e-05 3.03626566164894e-05 2.884452442231122e-05 2.740229865594301e-05 2.603218308649957e-05 2.473057429597247e-05 2.349404530832544e-05 2.231934377050493e-05 2.120337740052491e-05 2.014320853049867e-05 1.913604864967056e-05 1.817924567149021e-05 1.727028393361252e-05 1.640676964598242e-05 1.558643089083489e-05 1.480710943724262e-05 1.40667543746531e-05 1.336341665592045e-05 1.269524545932654e-05 1.206048364110757e-05 1.145745955000166e-05 1.088458702724893e-05 1.034035813063383e-05 9.82334040600108e-06 9.332173249276821e-06 8.865564268489834e-06 8.422285645792726e-06 8.001171408977825e-06 7.601112884003669e-06 7.221057330752956e-06 6.860004305053735e-06 6.517004294437356e-06 6.191154170664959e-06 5.88159628023277e-06 5.587516625382705e-06 5.308140771376202e-06 5.04273384649423e-06 4.790597358805826e-06 4.551067377178697e-06 4.323514076531865e-06 4.107338554604212e-06 3.901971467712428e-06 3.706872803377337e-06 3.521529151839786e-06 3.345452796565951e-06 3.178180122631602e-06 3.019271161974757e-06 2.8683075470326e-06 2.724892055994133e-06 2.588647475931793e-06 2.459215011185734e-06 2.336254283363814e-06 2.219441512352205e-06 2.108469516315381e-06 2.003046120080398e-06 1.902893814076378e-06 1.807749072213483e-06 1.717361669761885e-06 1.631493546483398e-06 1.549918920318305e-06 1.472422923143313e-06 1.398801828145224e-06 1.328861685578886e-06 1.262418550140865e-06 1.199297571474744e-06 1.139332653110614e-06 1.082365997717716e-06 1.028247652357095e-06 9.768352811079239e-07 9.279935397898953e-07 8.815938485895458e-07 8.375141646865814e-07 7.95638470663107e-07 7.558565471299517e-07 7.180637453529926e-07 6.821605325058044e-07 6.480524916696595e-07 6.156498670861765e-07 5.848673936270643e-07 5.556240125770273e-07 5.278428147903469e-07 5.01450699630368e-07 4.763781760175334e-07 4.52559277164255e-07 4.299313047795295e-07 4.084347438038094e-07 3.880130066136189e-07 3.686123477564252e-07 3.501817218420911e-07 3.326726414343284e-07 3.16039006520441e-07 3.002370476679062e-07 2.852251839158271e-07 2.70963937509805e-07 2.574157349499728e-07 2.445449354127049e-07 2.323176886420697e-07 2.207018070521372e-07 2.096667230944149e-07 1.991833897818651e-07 1.892242238454855e-07 1.797630062583266e-07 1.707748538137821e-07 1.622361054387511e-07 1.541242937719289e-07 5.106347771288711e-07 0.0002750060230027884 0.0008064616704359651 0.00158007675781846 0.002587426686659455 0.003790317568928003 0.005185872782021761 0.006742268800735474 0.008427569642663002 0.01023704186081886 0.01217788178473711 0.01425743289291859 0.01647158153355122 0.01881172135472298 0.02126459032297134 0.02381033450365067 0.02643713355064392 0.02912784367799759 0.03187409043312073 0.03466092422604561 0.03745979443192482
 0 0 0 0 0 0 0 0 0 0 0 0 0 0 0 0 0 0 0 0 0 0 0 0 0 0 0 0 0 0 0 0 0 0 0 0 0 0 0 0 0 0 0 0 0 0 0 0 0 0 0 0 0 0 0 0 0 0 0 0 0 0 0 0 0 0 0 0 0 0 0 0 0 0 0 0 0 0 0 0 0 0 0 0 0 0 0 0 0 0 0 0 0 0 0 0 0 0 0 0 0 0 0 0 0 0 0 0 0 0 0 0 0 0 0 0 0 0 0 0 0 0 0 0 0 0 0 0 0 0 0 0 0 0 0 0 0 0 0 0 0 0 0 0 0 0 0 0 0 0 0 0 0 0 0 0 0 0 0 0 0 0 0 0 0 0 0 0 0 0 0 0 0 0 0 0 0 0 0 0 0 0 0 0 0 0 0 0 0 0 0 0 0 0 0 0 0 0 0 0 0 0 0 0 0 0 0 0 0 0 0 0 0 0 0 0 0 0 0 0 0 0 0 0 0 0 0 0 0 0 0 0 0 0 0 0 0 0 0 0 0 0 0 0 0 0 0 0 0 0 0 0 0 0 0 0 0 0 0 0 0 0 0 0 0 0 0 0 0 0 0 0 0 0 0 0 0 0 0 0 0 0 0 0 0 0 0 0 0 0 0 0 0 0 0 0 0 0 0 0 0 0 0 0 0 0 0 0 0 0 0 0 0 0 0 0 0 0 0 0 0 0 0 0 0 0 0 0 0 0 0 0 0 0 0 0 0 0 0 0 0 0 0 0 0 0 0 0 0 0 0 0 0 0 0 0 0 0 0 0 0 0 0 0 0 0 0 0 0 0 0 0 0 0 0 0 0 0 0 0 0 0 0 0 0 0 0 0 0 0 0 0 0 0 0 0 0 0 0 0 0 0 0 0 0 0 0 0 0 0 0 0 0 0 0 0 0 0 0 0 0 0 0 0 0 0 0 0 0 0 0 0 0 0 0 0 0 0 0 0 0 0 0 0 0 0 0 0 0 0 0 0 0 0 0 0 0 0 0 0 0 0 0 0 0 0 0 0 0 0 0 0 0 0 0 0 0 0 0 0 0 0 0 0 0 0 0 0 0 0 0 0 0 0 0 0 0 0 0 0 0 0 0 0 0 0 0 0 0 0 0 0 0 0 0 0 0 0 0 0 0 0 0 0 0 0 0 0 0 0 0 0 0 0 0 0 0 0 0 0 0 0 0 0 0 0 0 0 0 0 0 0 0 0 0 0 0 0 0 0 0 0 0 0 0 0 0 0 0 0 0 0 0 0 0 0 0 0 0 0 0 0 0 0 0 0 0 0 0 0 0 0 0 0 0 0 0 0 0 0
 0 0 0 0 0 0 0 0 0 0 0 0 0 0 0 0 0 0 0 0 0 0 0 0 0 0 0 0 0 0 0 0 0 0 0 0 0 0 0 0 0 0 0 0 0 0 0 0 0 0 0 0 0 0 0 0 0 0 0 0 0 0 0 0 0 0 0 0 0 0 0 0 0 0 0 0 0 0 0 0 0 0 0 0 0 0 0 0 0 0 0 0 0 0 0 0 0 0 0 0 0 0 0 0 0 0 0 0 0 0 0 0 0 0 0 0 0 0 0 0 0 0 0 0 0 0 0 0 0 0 0 0 0 0 0 0 0 0 0 0 0 0 0 0 0 0 0 0 0 0 0 0 0 0 0 0 0 0 0 0 0 0 0 0 0 0 0 0 0 0 0 0 0 0 0 0 0 0 0 0 0 0 0 0 0 0 0 0 0 0 0 0 0 0 0 0 0 0 0 0 0 0 0 0 0 0 0 0 0 0 0 0 0 0 0 0 0 0 0 0 0 0 0 0 0 0 0 0 0 0 0 0 0 0 0 0 0 0 0 0 0 0 0 0 0 0 0 0 0 0 0 0 0 0 0 0 0 0 0 0 0 0 0 0 0 0 0 0 0 0 0 0 0 0 0 0 0 0 0 0 0 0 0 0 0 0 0 0 0 0 0 0 0 0 0 0 0 0 0 0 0 0 0 0 0 0 0 0 0 0 0 0 0 0 0 0 0 0 0 0 0 0 0 0 0 0 0 0 0 0 0 0 0 0 0 0 0 0 0 0 0 0 0 0 0 0 0 0 0 0 0 0 0 0 0 0 0 0 0 0 0 0 0 0 0 0 0 0 0 0 0 0 0 0 0 0 0 0 0 0 0 0 0 0 0 0 0 0 0 0 0 0 0 0 0 0 0 0 0 0 0 0 0 0 0 0 0 0 0 0 0 0 0 0 0 0 0 0 0 0 0 0 0 0 0 0 0 0 0 0 0 0 0 0 0 0 0 0 0 0 0 0 0 0 0 0 0 0 0 0 0 0 0 0 0 0 0 0 0 0 0 0 0 0 0 0 0 0 0 0 0 0 0 0 0 0 0 0 0 0 0 0 0 0 0 0 0 0 0 0 0 0 0 0 0 0 0 0 0 0 0 0 0 0 0 0 0 0 0 0 0 0 0 0 0 0 0 0 0 0 0 0 0 0 0 0 0 0 0 0 0 0 0 0 0 0 0 0 0 0 0 0 0 0 0 0 0 0 0 0 0 0 0 0 0 0 0 0 0 0 0 0 0 0 0 0 0 0 0 0 0 0 0 0 0 0 0 0 0 0 0 0 0 0 0 0 0 0 0 0 0 0 0 0 0 0 0 0 0 0
 0 0 0 0 0 0 0 0 0 0 0 0 0 0 0 0 0 0 0 0 0 0 0 0 0 0 0 0 0 0 0 0 0 0 0 0 0 0 0 0 0 0 0 0 0 0 0 0 0 0 0 0 0 0 0 0 0 0 0 0 0 0 0 0 0 0 0 0 0 0 0 0 0 0 0 0 0 0 0 0 0 0 0 0 0 0 0 0 0 0 0 0 0 0 0 0 0 0 0 0 0 0 0 0 0 0 0 0 0 0 0 0 0 0 0 0 0 0 0 0 0 0 0 0 0 0 0 0 0 0 0 0 0 0 0 0 0 0 0 0 0 0 0 0 0 0 0 0 0 0 0 0 0 0 0 0 0 0 0 0 0 0 0 0 0 0 0 0 0 0 0 0 0 0 0 0 0 0 0 0 0 0 0 0 0 0 0 0 0 0 0 0 0 0 0 0 0 0 0 0 0 0 0 0 0 0 0 0 0 0 0 0 0 0 0 0 0 0 0 0 0 0 0 0 0 0 0 0 0 0 0 0 0 0 0 0 0 0 0 0 0 0 0 0 0 0 0 0 0 0 0 0 0 0 0 0 0 0 0 0 0 0 0 0 0 0 0 0 0 0 0 0 0 0 0 0 0 0 0 0 0 0 0 0 0 0 0 0 0 0 0 0 0 0 0 0 0 0 0 0 0 0 0 0 0 0 0 0 0 0 0 0 0 0 0 0 0 0 0 0 0 0 0 0 0 0 0 0 0 0 0 0 0 0 0 0 0 0 0 0 0 0 0 0 0 0 0 0 0 0 0 0 0 0 0 0 0 0 0 0 0 0 0 0 0 0 0 0 0 0 0 0 0 0 0 0 0 0 0 0 0 0 0 0 0 0 0 0 0 0 0 0 0 0 0 0 0 0 0 0 0 0 0 0 0 0 0 0 0 0 0 0 0 0 0 0 0 0 0 0 0 0 0 0 0 0 0 0 0 0 0 0 0 0 0 0 0 0 0 0 0 0 0 0 0 0 0 0 0 0 0 0 0 0 0 0 0 0 0 0 0 0 0 0 0 0 0 0 0 0 0 0 0 0 0 0 0 0 0 0 0 0 0 0 0 0 0 0 0 0 0 0 0 0 0 0 0 0 0 0 0 0 0 0 0 0 0 0 0 0 0 0 0 0 0 0 0 0 0 0 0 0 0 0 0 0 0 0 0 0 0 0 0 0 0 0 0 0 0 0 0 0 0 0 0 0 0 0 0 0 0 0 0 0 0 0 0 0 0 0 0 0 0 0 0 0 0 0 0 0 0 0 0 0 0 0 0 0 0 0 0 0 0 0 0 0 0 0 0 0 0 0 0 0 0 0 0 0 0 0
 0 0 0 0 0 0 0 0 0 0 0 0 0 0 0 0 0 0 0 0 0 0 0 0 0 0 0 0 0 0 0 0 0 0 0 0 0 0 0 0 0 0 0 0 0 0 0 0 0 0 0 0 0 0 0 0 0 0 0 0 0 0 0 0 0 0 0 0 0 0 0 0 0 0 0 0 0 0 0 0 0 0 0 0 0 0 0 0 0 0 0 0 0 0 0 0 0 0 0 0 0 0 0 0 0 0 0 0 0 0 0 0 0 0 0 0 0 0 0 0 0 0 0 0 0 0 0 0 0 0 0 0 0 0 0 0 0 0 0 0 0 0 0 0 0 0 0 0 0 0 0 0 0 0 0 0 0 0 0 0 0 0 0 0 0 0 0 0 0 0 0 0 0 0 0 0 0 0 0 0 0 0 0 0 0 0 0 0 0 0 0 0 0 0 0 0 0 0 0 0 0 0 0 0 0 0 0 0 0 0 0 0 0 0 0 0 0 0 0 0 0 0 0 0 0 0 0 0 0 0 0 0 0 0 0 0 0 0 0 0 0 0 0 0 0 0 0 0 0 0 0 0 0 0 0 0 0 0 0 0 0 0 0 0 0 0 0 0 0 0 0 0 0 0 0.0002636107674334198 0.0009292856557294726 0.002013330347836018 0.003544958774000406 0.005538719706237316 0.008035494945943356 0.01104558724910021 0.01457829680293798 0.01857036910951138 0.02298982441425323 0.02774917334318161 0.03286878019571304 0.03835101425647736 0.04417607188224792 0.05030989274382591 0.05673930794000626 0.06341352313756943 0.07028219103813171 0.07735736668109894 0.08455990254878998 0.09186320751905441 0.09918922185897827 0.1065407618880272 0.1138634085655212 0.1211672350764275 0.1284705549478531 0.1358019113540649 0.1431797295808792 0.1506218314170837 0.158151313662529 0.1654860526323318 0.1708152890205383 0.1729400157928467 0.1711210161447525 0.1648719757795334 0.1566283702850342 0.148796945810318 0.1413570940494537 0.1342892348766327 0.1275747716426849 0.1211960315704346 0.1151362285017967 0.109379418194294 0.1039104461669922 0.0987149253487587 0.09377917647361755 0.08909022063016891 0.08463571220636368 0.08040392398834229 0.07638372480869293 0.07256454229354858 0.06893631815910339 0.0654895007610321 0.06221502646803856 0.05910427495837212 0.05614906176924706 0.05334160849452019 0.05067452788352966 0.04814080148935318 0.04573376104235649 0.04344707354903221 0.04127471894025803 0.03921098262071609 0.03725043311715126 0.03538791090250015 0.03361851722002029 0.03193759173154831 0.03034071251749992 0.02882367745041847 0.027382493019104 0.02601336874067783 0.0247127003967762 0.02347706630825996 0.02230321243405342 0.02118805237114429 0.0201286505907774 0.01912221871316433 0.01816610805690289 0.01725780218839645 0.01639491133391857 0.0155751658603549 0.01479640789330006 0.01405658759176731 0.01335375849157572 0.01268607098609209 0.01205176766961813 0.01144917961210012 0.0108767207711935 0.01033288426697254 0.009816240519285202 0.009325428865849972 0.008859157562255859 0.008416200056672096 0.007995390333235264 0.007595621049404144 0.007215839810669422 0.006855047773569822 0.006512295454740524 0.006186680868268013 0.005877346731722355 0.005583479534834623 0.005304305348545313 0.005039090290665627 0.004787135869264603 0.004547778982669115 0.004320390056818724 0.004104370716959238 0.003899152157828212 0.003704194445163012 0.003518984653055668 0.003343035466969013 0.00317588378675282 0.003017089562490582 0.002866235096007586 0.002722923411056399 0.002586777321994305 0.002457438502460718 0.002334566554054618 0.002217838307842612 0.002106946427375078 0.002001599175855517 0.001901519251987338 0.001806443324312568 0.001716121099889278 0.001630315091460943 0.001548799336887896 0.001471359399147332 0.001397791435010731 0.001327901845797896 0.001261506695300341 0.001198431360535324 0.00113850983325392 0.001081584370695055 0.001027505146339536 0.0009761299006640911 0.0009273234172724187 0.0008809572318568826 0.0008369093993678689 0.0007950639119371772 0.00075531069887802 0.000717545161023736 0.0006816678796894848 0.0006475845002569258 0.0006152052665129304 0.0005844450206495821 0.0005552227958105505 0.0005274616414681077 0.0005010885652154684 0.0004760341253131628 0.0004522324306890368 0.0004296208207961172 0.0004081397783011198 0.0003877327835652977 0.0003683461400214583 0.0003499288286548108 0.0003324323915876448 0.0003158107865601778 0.0003000202414114028 0.0002850192249752581 0.0002707682724576443 0.0002572298690211028 0.0002443683624733239 0.0002321499487152323 0.000220542453462258 0.0002095153322443366 0.0001990395685425028 0.0001890875864773989 0.0001796332071535289 0.0001706515467958525 0.0001621189730940387 0.0001540130178909749 0.0001463123626308516 0.0001389967510476708 0.0001320469164056703 0.000125444566947408 0.0001191723422380164 0.0001132137258537114 0.0001075530381058343 0.0001021753851091489 9.706661512609571e-05 9.221328218700364e-05 8.760261698625982e-05 8.322248322656378e-05 7.906135579105467e-05 7.510828436352313e-05 7.135287160053849e-05 6.778522947570309e-05 6.439596472773701e-05 6.117616430856287e-05 5.811735536553897e-05 5.52114870515652e-05 5.245091233518906e-05 4.982836617273279e-05 4.733694731839933e-05 4.49701001343783e-05 4.272159640095197e-05 4.058551712660119e-05 3.855624163406901e-05 3.662842937046662e-05 3.479700899333693e-05 3.305716018076055e-05 3.140430271741934e-05 2.983408739964943e-05 2.834238330251537e-05 2.69252632278949e-05 2.557900006650016e-05 2.430005042697303e-05 2.308504735992756e-05 2.193079490098171e-05 2.083425533783156e-05 1.979254193429369e-05 1.880291529232636e-05 1.786276880011428e-05 1.696963045105804e-05 1.612114829185884e-05 1.531509042251855e-05 1.454933590139262e-05 1.382186928822193e-05 1.313077609665925e-05 1.247423733730102e-05 1.185052587970858e-05 1.125799917645054e-05 1.069509926310275e-05 1.016034457279602e-05 9.652327207732014e-06 9.169711120193824e-06 8.711225746083073e-06 8.275664185930509e-06 7.861881385906599e-06 7.468787316611269e-06 7.095347882568603e-06 6.740580374753335e-06 6.403551196854096e-06 6.083373591536656e-06 5.779204911959823e-06 5.490244802786037e-06 5.215732471697265e-06 4.954945779900299e-06 4.707198513642652e-06 4.471838565223152e-06 4.248246568749892e-06 4.035834081150824e-06 3.83404221793171e-06 3.64234006156039e-06 3.460223069851054e-06 3.287211939095869e-06 3.122851239822921e-06 2.966708734675194e-06 2.818373332047486e-06 2.67745463133906e-06 2.543582013458945e-06 2.416402821836527e-06 2.295582589795231e-06 2.180803448936786e-06 2.071763219646527e-06 1.968174956346047e-06 1.869766265372164e-06 1.776277940734872e-06 1.687464077804179e-06 1.603090822754893e-06 1.522936258879781e-06 1.446789497094869e-06 1.374449993818416e-06 1.305727437284077e-06 1.240441065419873e-06 1.17841898372717e-06 1.119498051593837e-06 1.063523200173222e-06 1.010347091323638e-06 9.598297765478492e-07 9.118382990891405e-07 8.66246409714222e-07 8.229341119658784e-07 7.817874347892939e-07 7.426980346281198e-07 7.055631385810557e-07 6.70284975967661e-07 6.367707214849361e-07 6.049322109902278e-07 5.746856004407164e-07 5.459513090499968e-07 5.186537350709841e-07 4.927210284222383e-07 4.680849770011264e-07 4.446807224667282e-07 4.22446674974708e-07 4.013243426470581e-07 3.812581326201325e-07 3.621952373578097e-07 3.440854641212354e-07 3.268811781254044e-07 3.105371320089034e-07 2.950102668819454e-07 2.802597407480789e-07 2.662467579739314e-07 2.529344271806622e-07 2.402877044005436e-07 2.282733220226874e-07 2.168596608953521e-07 2.0601667927167e-07 1.957158417553728e-07 1.859300482465187e-07 1.766335486763637e-07 1.678018719530883e-07 1.59411783329233e-07 1.514411991365705e-07 1.438691441535411e-07 1.366756805509795e-07 1.298418936812595e-07 9.53367052716203e-05 0.0004365300992503762 0.0009993331041187048 0.001757851336151361 0.002701091812923551 0.003812637645751238 0.005076818633824587 0.006484154146164656 0.008033843711018562 0.009715752676129341 0.01151670608669519 0.01341477688401937 0.0153898112475872 0.01743217930197716 0.01953263767063618 0.02169510163366795 0.02390991523861885
 0 0 0 0 0 0 0 0 0 0 0 0 0 0 0 0 0 0 0 0 0 0 0 0 0 0 0 0 0 0 0 0 0 0 0 0 0 0 0 0 0 0 0 0 0 0 0 0 0 0 0 0 0 0 0 0 0 0 0 0 0 0 0 0 0 0 0 0 0 0 0 0 0 0 0 0 0 0 0 0 0 0 0 0 0 0 0 0 0 0 0 0 0 0 0 0 0 0 0 0 0 0 0 0 0 0 0 0 0 0 0 0 0 0 0 0 0 0 0 0 0 0 0 0 0 0 0 0 0 0 0 0 0 0 0 0 0 0 0 0 0 0 0 0 0 0 0 0 0 0 0 0 0 0 0 0 0 0 0 0 0 0 0 0 0 0 0 0 0 0 0 0 0 0 0 0 0 0 0 0 0 0 0 0 0 0 0 0 0 0 0 0 0 0 0 0 0 0 0 0 0 0 0 0 0 0 0 0 0 0 0 0 0 0 0 0 0 0 0 0 0 0 0 0 0 0 0 0 0 0 0 0 0 0 0 0 0 0 0 0 0 0 0 0 0 0 0 0 0 0 0 0 0 0 0 0 0 0 0 0 0 0 0 0 0 0 0 0 0 0 0 0 0 0 0 0 0 0 0 0 0 0 0 0 0 0 0 0 0 0 0 0 0 0 0 0 0 0 0 0 0 0 0 0 0 0 0 0 0 0 0 0 0 0 0 0 0 0 0 0 0 0 0 0 0 0 0 0 0 0 0 0 0 0 0 0 0 0 0 0 0 0 0 0 0 0 0 0 0 0 0 0 0 0 0 0 0 0 0 0 0 0 0 0 0 0 0 0 0 0 0 0 0 0 0 0 0 0 0 0 0 0 0 0 0 0 0 0 0 0 0 0 0 0 0 0 0 0 0 0 0 0 0 0 0 0 0 0 0 0 0 0 0 0 0 0 0 0 0 0 0 0 0 0 0 0 0 0 0 0 0 0 0 0 0 0 0 0 0 0 0 0 0 0 0 0 0 0 0 0 0 0 0 0 0 0 0 0 0 0 0 0 0 0 0 0 0 0 0 0 0 0 0 0 0 0 0 0 0 0 0 0 0 0 0 0 0 0 0 0 0 0 0 0 0 0 0 0 0 0 0 0 0 0 0 0 0 0 0 0 0 0 0 0 0 0 0 0 0 0 0 0 0 0 0 0 0 0 0 0 0 0 0 0 0 0 0 0 0 0 0 0 0 0 0 0 0 0 0 0 0 0 0 0 0 0 0 0 0 0 0 0 0 0 0 0 0 0 0 0 0 0 0 0 0 0 0 0 0 0 0 0 0 0 0 0 0 0 0 0 0 0 0 0 0 0 0 0 0 0
 0 0 0 0 0 0 0 0 0 0 0 0 0 0 0 0 0 0 0 0 0 0 0 0 0 0 0 0 0 0 0 0 0 0 0 0 0 0 0 0 0 0 0 0 0 0 0 0 0 0 0 0 0 0 0 0 0 0 0 0 0 0 0 0 0 0 0 0 0 0 0 0 0 0 0 0 0 0 0 0 0 0 0 0 0 0 0 0 0 0 0 0 0 0 0 0 0 0 0 0 0 0 0 0 0 0 0 0 0 0 0 0 0 0 0 0 0 0 0 0 0 0 0 0 0 0 0 0 0 0 0 0 0 0 0 0 0 0 0 0 0 0 0 0 0 0 0 0 0 0 0 0 0 0 0 0 0 0 0 0 0 0 0 0 0 0 0 0 0 0 0 0 0 0 0 0 0 0 0 0 0 0 0 0 0 0 0 0 0 0 0 0 0 0 0 0 0 0 0 0 0 0 0 0 0 0 0 0 0 0 0 0 0 0 0 0 0 0 0 0 0 0 0 0 0 0 0 0 0 0 0 0 0 0 0 0 0 0 0 0 0 0 0 0 0 0 0 0 0 0 0 0 0 0 0 0 0 0 0 0 0 0 0 0 0 0 0 0 0 0 0 0 0 0 0 0 0 0 0 0 0 0 0 0 0 0 0 0 0 0 0 0 0 0 0 0 0 0 0 0 0 0 0 0 0 0 0 0 0 0 0 0 0 0 0 0 0 0 0 0 0 0 0 0 0 0 0 0 0 0 0 0 0 0 0 0 0 0 0 0 0 0 0 0 0 0 0 0 0 0 0 0 0 0 0 0 0 0 0 0 0 0 0 0 0 0 0 0 0 0 0 0 0 0 0 0 0 0 0 0 0 0 0 0 0 0 0 0 0 0 0 0 0 0 0 0 0 0 0 0 0 0 0 0 0 0 0 0 0 0 0 0 0 0 0 0 0 0 0 0 0 0 0 0 0 0 0 0 0 0 0 0 0 0 0 0 0 0 0 0 0 0 0 0 0 0 0 0 0 0 0 0 0 0 0 0 0 0 0 0 0 0 0 0 0 0 0 0 0 0 0 0 0 0 0 0 0 0 0 0 0 0 0 0 0 0 0 0 0 0 0 0 0 0 0 0 0 0 0 0 0 0 0 0 0 0 0 0 0 0 0 0 0 0 0 0 0 0 0 0 0 0 0 0 0 0 0 0 0 0 0 0 0 0 0 0 0 0 0 0 0 0 0 0 0 0 0 0 0 0 0 0 0 0 0 0 0 0 0 0 0 0 0 0 0 0 0 0 0 0 0 0 0 0 0 0 0 0 0 0 0 0 0 0 0 0 0 0 0 0 0 0 0 0 0 0 0 0 0 0
 0 0 0 0 0 0 0 0 0 0 0 0 0 0 0 0 0 0 0 0 0 0 0 0 0 0 0 0 0 0 0 0 0 0 0 0 0 0 0 0 0 0 0 0 0 0 0 0 0 0 0 0 0 0 0 0 0 0 0 0 0 0 0 0 0 0 0 0 0 0 0 0 0 0 0 0 0 0 0 0 0 0 0 0 0 0 0 0 0 0 0 0 0 0 0 0 0 0 0 0 0 0 0 0 0 0 0 0 0 0 0 0 0 0 0 0 0 0 0 0 0 0 0 0 0 0 0 0 0 0 0 0 0 0 0 0 0 0 0 0 0 0 0 0 0 0 0 0 0 0 0 0 0 0 0 0 0 0 0 0 0 0 0 0 0 0 0 0 0 0 0 0 0 0 0 0 0 0 0 0 0 0 0 0 0 0 0 0 0 0 0 0 0 0 0 0 0 0 0 0 0 0 0 0 0 0 0 0 0 0 0 0 0 0 0 0 0 0 0 0 0 0 0 0 0 0 0 0 0 0 0 0 0 0 0 0 0 0 0 0 0 0 0 0 0 0 0 0 0 0 0 0 0 0 0 0 0 0 0 0 0 0 0 0 0 0 0 0 0 0 0 0 0 0 0 0 0 0 0 0 0 0 0 0 0 0 0 0 0 0 0 0 0 0 0 0 0 0 0 0 0 0 0 0 0 0 0 0 0 0 0 0 0 0 0 0 0 0 0 0 0 0 0 0 0 0 0 0 0 0 0 0 0 0 0 0 0 0 0 0 0 0 0 0 0 0 0 0 0 0 0 0 0 0 0 0 0 0 0 0 0 0 0 0 0 0 0 0 0 0 0 0 0 0 0 0 0 0 0 0 0 0 0 0 0 0 0 0 0 0 0 0 0 0 0 0 0 0 0 0 0 0 0 0 0 0 0 0 0 0 0 0 0 0 0 0 0 0 0 0 0 0 0 0 0 0 0 0 0 0 0 0 0 0 0 0 0 0 0 0 0 0 0 0 0 0 0 0 0 0 0 0 0 0 0 0 0 0 0 0 0 0 0 0 0 0 0 0 0 0 0 0 0 0 0 0 0 0 0 0 0 0 0 0 0 0 0 0 0 0 0 0 0 0 0 0 0 0 0 0 0 0 0 0 0 0 0 0 0 0 0 0 0 0 0 0 0 0 0 0 0 0 0 0 0 0 0 0 0 0 0 0 0 0 0 0 0 0 0 0 0 0 0 0 0 0 0 0 0 0 0 0 0 0 0 0 0 0 0 0 0 0 0 0 0 0 0 0 0 0 0 0 0 0 0 0 0 0 0 0 0 0 0 0 0 0 0 0 0 0 0 0 0 0 0 0 0 0 0 0
 0 0 0 0 0 0 0 0 0 0 0 0 0 0 0 0 0 0 0 0 0 0 0 0 0 0 0 0 0 0 0 0 0 0 0 0 0 0 0 0 0 0 0 0 0 0 0 0 0 0 0 0 0 0 0 0 0 0 0 0 0 0 0 0 0 0 0 0 0 0 0 0 0 0 0 0 0 0 0 0 0 0 0 0 0 0 0 0 0 0 0 0 0 0 0 0 0 0 0 0 0 0 0 0 0 0 0 0 0 0 0 0 0 0 0 0 0 0 0 0 0 0 0 0 0 0 0 0 0 0 0 0 0 0 0 0 0 0 0 0 0 0 0 0 0 0 0 0 0 0 0 0 0 0 0 0 0 0 0 0 0 0 0 0 0 0 0 0 0 0 0 0 0 0 0 0 0 0 0 0 0 0 0 0 0 0 0 0 0 0 0 0 0 0 0 0 0 0 0 0 0 0 0 0 0 0 0 0 0 0 0 0 0 0 0 0 0 0 0 0 0 0 0 0 0 0 0 0 0 0 0 0 0 0 0 0 0 0 0 0 0 0 0 0 0 0 0 0 0 0 0 0 0 0 0 0 0 0 0 0 0 0 0 0 0 0 0 0 0 0 0 0 0 1.000030724895851e-08 0.0003925530181732029 0.001187607529573143 0.002407187828794122 0.004080596379935741 0.006237378809601068 0.008906887844204903 0.01209207251667976 0.01578913629055023 0.01991645805537701 0.02442787773907185 0.02927401848137379 0.03446630388498306 0.04003898426890373 0.04593559727072716 0.05213163793087006 0.05862876400351524 0.06537012755870819 0.07232038676738739 0.07945464551448822 0.08670160174369812 0.09401249885559082 0.1013762950897217 0.1088023707270622 0.1162509769201279 0.1237110421061516 0.1312074065208435 0.1387509256601334 0.1463532298803329 0.1540172100067139 0.1617635786533356 0.168586939573288 0.1729293912649155 0.1737346351146698 0.1703503131866455 0.1623702943325043 0.1542517840862274 0.1465391963720322 0.1392122358083725 0.1322516202926636 0.1256390362977982 0.1193570867180824 0.1133892312645912 0.1077197715640068 0.1023337841033936 0.09721709787845612 0.09235624223947525 0.08773843199014664 0.0833515077829361 0.07918393611907959 0.07522474229335785 0.07146350294351578 0.06789033114910126 0.06449581682682037 0.06127102673053741 0.05820747464895248 0.05529709905385971 0.05253224447369576 0.04990563169121742 0.04741035029292107 0.0450398325920105 0.04278784245252609 0.0406484492123127 0.03861602768301964 0.03668522462248802 0.03485096246004105 0.0331084132194519 0.03145299106836319 0.029880341142416 0.02838632464408875 0.02696700766682625 0.02561865746974945 0.02433772385120392 0.02312083728611469 0.02196479588747025 0.02086655609309673 0.0198232289403677 0.01883206702768803 0.01789046451449394 0.01699594035744667 0.01614614389836788 0.0153388362377882 0.0145718939602375 0.0138432988896966 0.01315113436430693 0.01249357778578997 0.01186889875680208 0.01127545349299908 0.0107116810977459 0.0101760970428586 0.009667292237281799 0.009183927439153194 0.008724731393158436 0.008288495242595673 0.007874070666730404 0.007480367086827755 0.007106348872184753 0.006751031614840031 0.006413480266928673 0.006092806346714497 0.005788166075944901 0.005498757585883141 0.005223819520324469 0.004962628707289696 0.004714497365057468 0.004478772636502981 0.004254833795130253 0.004042092245072126 0.003839987562969327 0.003647988196462393 0.003465588670223951 0.003292309120297432 0.00312769366428256 0.002971309004351497 0.002822743495926261 0.002681606216356158 0.002547525800764561 0.002420149510726333 0.002299142070114613 0.002184184966608882 0.002074975753203034 0.001971226884052157 0.001872665481641889 0.001779032172635198 0.001690080622211099 0.001605576602742076 0.00152529776096344 0.001449032919481397 0.001376581261865795 0.001307752216234803 0.00124236464034766 0.001180246355943382 0.001121234032325447 0.001065172371454537 0.001011913758702576 0.0009613180882297456 0.0009132521809078753 0.0008675895514898002 0.000824210059363395 0.0007829995593056083 0.0007438495522364974 0.0007066570688039064 0.0006713242037221789 0.0006377579993568361 0.0006058700964786112 0.0005755766178481281 0.0005467977607622743 0.0005194578552618623 0.0004934849566780031 0.0004688107001129538 0.0004453701549209654 0.0004231016500853002 0.0004019465704914182 0.0003818492405116558 0.000362756778486073 0.0003446189512033015 0.0003273879992775619 0.0003110186080448329 0.0002954676747322083 0.0002806942793540657 0.0002666595682967454 0.0002533265796955675 0.0002406602434348315 0.0002286272356286645 0.0002171958767576143 0.0002063360880129039 0.0001960192894330248 0.0001862183271441609 0.0001769074151525274 0.0001680620480328798 0.0001596589427208528 0.0001516759948572144 0.0001440921914763749 0.0001368875819025561 0.0001300432049902156 0.0001235410454683006 0.0001173639902845025 0.0001114957922254689 0.0001059210044331849 0.0001006249513011426 9.559370664646849e-05 9.081402095034719e-05 8.627332135802135e-05 8.195965347113088e-05 7.786167407175526e-05 7.396859291475266e-05 7.027016545180231e-05 6.675665645161644e-05 6.341882544802502e-05 6.024788308423012e-05 5.72354874748271e-05 5.437371146399528e-05 5.165502443560399e-05 4.907227412331849e-05 4.661866114474833e-05 4.428772808751091e-05 4.207334131933749e-05 3.996967279817909e-05 3.797118915827014e-05 3.607262988225557e-05 3.426900002523325e-05 3.255554838688113e-05 3.092777114943601e-05 2.938138277386315e-05 2.791231418086682e-05 2.651669819897506e-05 2.519086410757154e-05 2.393132126599085e-05 2.273475547553971e-05 2.159801806556061e-05 2.05181167984847e-05 1.949221041286364e-05 1.851759952842258e-05 1.759171937010251e-05 1.671213249210268e-05 1.587652513990179e-05 1.508269906480564e-05 1.432856424798956e-05 1.361213617201429e-05 1.293152945436304e-05 1.228495329996804e-05 1.167070604424225e-05 1.108717060560593e-05 1.053281175700249e-05 1.000617157842498e-05 9.505863090453204e-06 9.030570254253689e-06 8.579041605116799e-06 8.150089342962019e-06 7.742584784864448e-06 7.355455636570696e-06 6.987682809267426e-06 6.638298600591952e-06 6.306383511400782e-06 5.991064426780213e-06 5.691511432814877e-06 5.406935997598339e-06 5.136589152243687e-06 4.879759671894135e-06 4.635771801986266e-06 4.403983439260628e-06 4.183784312772332e-06 3.974595074396348e-06 3.775865252464428e-06 3.587071887523052e-06 3.407718395465054e-06 3.237332521166536e-06 3.075465883739525e-06 2.921692612289917e-06 2.775607981675421e-06 2.636827503010863e-06 2.504986241547158e-06 2.379736997681903e-06 2.260750079585705e-06 2.147712621081155e-06 2.040326990027097e-06 1.938310560944956e-06 1.841395032897708e-06 1.749325292621506e-06 1.661859073465166e-06 1.578766159582301e-06 1.499827817497135e-06 1.424836455043987e-06 1.353594598185737e-06 1.285914891013817e-06 1.22161918625352e-06 1.160538204203476e-06 1.102511305361986e-06 1.047385694619152e-06 9.950164212568779e-07 9.452655831410084e-07 8.980023267213255e-07 8.53102221753943e-07 8.104470907710493e-07 7.69924724863813e-07 7.314284857784514e-07 6.948570785425545e-07 6.601142104045721e-07 6.271084771469759e-07 5.957530788691656e-07 5.659654220835364e-07 5.376671765588981e-07 5.107838205731241e-07 4.852446409131517e-07 4.609824202361779e-07 4.379332949611126e-07 4.160366415817407e-07 3.952348208713374e-07 3.754730926175398e-07 3.566994450920902e-07 3.388644813639985e-07 3.219212487692857e-07 3.05825182067565e-07 2.905339329117851e-07 2.76007227739683e-07 2.622068677737843e-07 2.49096530069437e-07 2.366417106713925e-07 2.248096251378229e-07 2.135691374860471e-07 2.028906749274029e-07 1.927461426021182e-07 1.831088383141832e-07 1.739533956879313e-07 1.652557273246202e-07 1.569929395373038e-07 1.491432897182676e-07 1.416861294956107e-07 1.346018194681164e-07 1.278717292052534e-07 1.214781377711915e-07 8.484715363010764e-05 0.0003970794205088168 0.0009169053519144654 0.001606869045644999 0.002446320140734315 0.003437307197600603 0.004560983274132013 0.005806900095194578 0.007182485889643431 0.008689342997968197 0.01031467784196138 0.01204934995621443 0.01387734338641167 0.01579653844237328 0.01778968423604965 0.01983185298740864
 0 0 0 0 0 0 0 0 0 0 0 0 0 0 0 0 0 0 0 0 0 0 0 0 0 0 0 0 0 0 0 0 0 0 0 0 0 0 0 0 0 0 0 0 0 0 0 0 0 0 0 0 0 0 0 0 0 0 0 0 0 0 0 0 0 0 0 0 0 0 0 0 0 0 0 0 0 0 0 0 0 0 0 0 0 0 0 0 0 0 0 0 0 0 0 0 0 0 0 0 0 0 0 0 0 0 0 0 0 0 0 0 0 0 0 0 0 0 0 0 0 0 0 0 0 0 0 0 0 0 0 0 0 0 0 0 0 0 0 0 0 0 0 0 0 0 0 0 0 0 0 0 0 0 0 0 0 0 0 0 0 0 0 0 0 0 0 0 0 0 0 0 0 0 0 0 0 0 0 0 0 0 0 0 0 0 0 0 0 0 0 0 0 0 0 0 0 0 0 0 0 0 0 0 0 0 0 0 0 0 0 0 0 0 0 0 0 0 0 0 0 0 0 0 0 0 0 0 0 0 0 0 0 0 0 0 0 0 0 0 0 0 0 0 0 0 0 0 0 0 0 0 0 0 0 0 0 0 0 0 0 0 0 0 0 0 0 0 0 0 0 0 0 0 0 0 0 0 0 0 0 0 0 0 0 0 0 0 0 0 0 0 0 0 0 0 0 0 0 0 0 0 0 0 0 0 0 0 0 0 0 0 0 0 0 0 0 0 0 0 0 0 0 0 0 0 0 0 0 0 0 0 0 0 0 0 0 0 0 0 0 0 0 0 0 0 0 0 0 0 0 0 0 0 0 0 0 0 0 0 0 0 0 0 0 0 0 0 0 0 0 0 0 0 0 0 0 0 0 0 0 0 0 0 0 0 0 0 0 0 0 0 0 0 0 0 0 0 0 0 0 0 0 0 0 0 0 0 0 0 0 0 0 0 0 0 0 0 0 0 0 0 0 0 0 0 0 0 0 0 0 0 0 0 0 0 0 0 0 0 0 0 0 0 0 0 0 0 0 0 0 0 0 0 0 0 0 0 0 0 0 0 0 0 0 0 0 0 0 0 0 0 0 0 0 0 0 0 0 0 0 0 0 0 0 0 0 0 0 0 0 0 0 0 0 0 0 0 0 0 0 0 0 0 0 0 0 0 0 0 0 0 0 0 0 0 0 0 0 0 0 0 0 0 0 0 0 0 0 0 0 0 0 0 0 0 0 0 0 0 0 0 0 0 0 0 0 0 0 0 0 0 0 0 0 0 0 0 0 0 0 0 0 0 0 0 0 0 0 0 0 0 0 0 0 0 0 0 0 0 0 0 0 0 0 0 0 0 0 0 0 0 0 0 0 0 0 0 0 0
 0 0 0 0 0 0 0 0 0 0 0 0 0 0 0 0 0 0 0 0 0 0 0 0 0 0 0 0 0 0 0 0 0 0 0 0 0 0 0 0 0 0 0 0 0 0 0 0 0 0 0 0 0 0 0 0 0 0 0 0 0 0 0 0 0 0 0 0 0 0 0 0 0 0 0 0 0 0 0 0 0 0 0 0 0 0 0 0 0 0 0 0 0 0 0 0 0 0 0 0 0 0 0 0 0 0 0 0 0 0 0 0 0 0 0 0 0 0 0 0 0 0 0 0 0 0 0 0 0 0 0 0 0 0 0 0 0 0 0 0 0 0 0 0 0 0 0 0 0 0 0 0 0 0 0 0 0 0 0 0 0 0 0 0 0 0 0 0 0 0 0 0 0 0 0 0 0 0 0 0 0 0 0 0 0 0 0 0 0 0 0 0 0 0 0 0 0 0 0 0 0 0 0 0 0 0 0 0 0 0 0 0 0 0 0 0 0 0 0 0 0 0 0 0 0 0 0 0 0 0 0 0 0 0 0 0 0 0 0 0 0 0 0 0 0 0 0 0 0 0 0 0 0 0 0 0 0 0 0 0 0 0 0 0 0 0 0 0 0 0 0 0 0 0 0 0 0 0 0 0 0 0 0 0 0 0 0 0 0 0 0 0 0 0 0 0 0 0 0 0 0 0 0 0 0 0 0 0 0 0 0 0 0 0 0 0 0 0 0 0 0 0 0 0 0 0 0 0 0 0 0 0 0 0 0 0 0 0 0 0 0 0 0 0 0 0 0 0 0 0 0 0 0 0 0 0 0 0 0 0 0 0 0 0 0 0 0 0 0 0 0 0 0 0 0 0 0 0 0 0 0 0 0 0 0 0 0 0 0 0 0 0 0 0 0 0 0 0 0 0 0 0 0 0 0 0 0 0 0 0 0 0 0 0 0 0 0 0 0 0 0 0 0 0 0 0 0 0 0 0 0 0 0 0 0 0 0 0 0 0 0 0 0 0 0 0 0 0 0 0 0 0 0 0 0 0 0 0 0 0 0 0 0 0 0 0 0 0 0 0 0 0 0 0 0 0 0 0 0 0 0 0 0 0 0 0 0 0 0 0 0 0 0 0 0 0 0 0 0 0 0 0 0 0 0 0 0 0 0 0 0 0 0 0 0 0 0 0 0 0 0 0 0 0 0 0 0 0 0 0 0 0 0 0 0 0 0 0 0 0 0 0 0 0 0 0 0 0 0 0 0 0 0 0 0 0 0 0 0 0 0 0 0 0 0 0 0 0 0 0 0 0 0 0 0 0 0 0 0 0 0 0 0 0 0 0 0 0 0 0 0 0 0 0 0 0 0 0 0 0


# name: r_0_m11_G0_L0p3_D0p7
# type: matrix
# rows: 1
# columns: 14
 0 -11 0.2 0 0.3 0 -4.617394999999999 0 0 0.1705382404916856 0 110.5 7.60920495189872 0.7




