# Created by Octave 3.8.2, Mon Jun 19 12:45:18 2017 BST <co1ssj@node117>
# name: result
# type: scalar struct
# ndims: 2
 1 1
# length: 3
# name: params
# type: scalar struct
# ndims: 2
 1 1
# length: 18
# name: cleanup
# type: scalar
0


# name: num_runs
# type: scalar
6


# name: dopamine
# type: scalar
0.7


# name: targetCross
# type: scalar
1


# name: targetLuminance
# type: scalar
0.3


# name: targetWidthX
# type: scalar
6


# name: targetWidthY
# type: scalar
2


# name: fixCross
# type: scalar
1


# name: fixLuminance
# type: scalar
0.2


# name: fixWidthX
# type: scalar
6


# name: fixWidthY
# type: scalar
2


# name: fixOn
# type: scalar
0


# name: targetOff
# type: scalar
1


# name: targetOn
# type: scalar
0.2


# name: fixOff
# type: scalar
0.2


# name: targetThetaX
# type: scalar
0


# name: targetThetaY
# type: scalar
-17


# name: exptnum
# type: scalar
0




# name: r_0_m17_G0_L0p3_D0p7_llbn
# type: matrix
# rows: 24
# columns: 600
 0 0 0 0 0 0 0 0 0 0 0 0 0 0 0 0 0 0 0 0 0 0 0 0 0 0 0 0 0 0 0 0 0 0 0 0 0 0 0 0 0 0 0 0 0 0 0 0 0 0 0 0 0 0 0 0 0 0 0 0 0 0 0 0 0 0 0 0 0 0 0 0 0 0 0 0 0 0 0 0 0 0 0 0 0 0 0 0 0 0 0 0 0 0 0 0 0 0 0 0 0 0 0 0 0 0 0 0 0 0 0 0 0 0 0 0 0 0 0 0 0 0 0 0 0 0 0 0 0 0 0 0 0 0 0 0 0 0 0 0 0 0 0 0 0 0 0 0 0 0 0 0 0 0 0 0 0 0 0 0 0 0 0 0 0 0 0 0 0 0 0 0 0 0 0 0 0 0 0 0 0 0 0 0 0 0 0 0 0 0 0 0 0 0 0 0 0 0 0 0 0 0 0 0 0 0 0 0 0 0 0 0 0 0 0 0 0 0 0 0 0 0 0 0 0 0 0 0 0 0 0 0 0 0 0 0 0 0 0 0 0 0 0 0 0 0 0 0 0 0 0 0 0 0 0 0 0 0 0 0 0 0 0 0 0 0 0 0 0 0 0 0 0 0 0 0 0 0 0 0 0 0 0 0 0 0 0 0 0 0 0 0 0 0 0 0 0 0 0 0 0 0 0 0 0 0 0 0 0 0 0 0 0 0 0 0 0 0 0 0 0 0 0 0 0 0 0 0 0 0 0 0 0 0 0 0 0 0 0 0 0 0 0 0 0 0 0 0 0 0 0 0 0 0 0 0 0 0 0 0 0 0 0 0 0 0 0 0 0 0 0 0 0 0 0 0 0 0 0 0 0 0 0 0 0 0 0 0 0 0 0 0 0 0 0 0 0 0 0 0 0 0 0 0 0 0 0 0 0 0 0 0 0 0 0 0 0 0 0 0 0 0 0 0 0 0 0 0 0 0 0 0 0 0 0 0 0 0 0 0 0 0 0 0 0 0 0 0 0 0 0 0 0 0 0 0 0 0 0 0 0 0 0 0 0 0 0 0 0 0 0 0 0 0 0 0 0 0 0 0 0 0 0 0 0 0 0 0 0 0 0 0 0 0 0 0 0 0 0 0 0 0 0 0 0 0 0 0 0 0 0 0 0 0 0 0 0 0 0 0 0 0 0 0 0 0 0 0 0 0 0 0 0 0 0 0 0 0 0 0 0 0 0 0 0 0 0 0 0 0 0 0 0 0 0 0 0 0 0 0 0 0 0 0 0 0 0 0 0 0 0 0 0 0 0 0 0 0 0 0 0 0 0 0 0 0 0 0 0 0 0 0 0 0 0 0 0 0 0 0
 0 0 0 0 0 0 0 0 0 0 0 0 0 0 0 0 0 0 0 0 0 0 0 0 0 0 0 0 0 0 0 0 0 0 0 0 0 0 0 0 0 0 0 0 0 0 0 0 0 0 0 0 0 0 0 0 0 0 0 0 0 0 0 0 0 0 0 0 0 0 0 0 0 0 0 0 0 0 0 0 0 0 0 0 0 0 0 0 0 0 0 0 0 0 0 0 0 0 0 0 0 0 0 0 0 0 0 0 0 0 0 0 0 0 0 0 0 0 0 0 0 0 0 0 0 0 0 0 0 0 0 0 0 0 0 0 0 0 0 0 0 0 0 0 0 0 0 0 0 0 0 0 0 0 0 0 0 0 0 0 0 0 0 0 0 0 0 0 0 0 0 0 0 0 0 0 0 0 0 0 0 0 0 0 0 0 0 0 0 0 0 0 0 0 0 0 0 0 0 0 0 0 0 0 0 0 0 0 0 0 0 0 0 0 0 0 0 0 0 0 0 0 0 0 0 0 0 0 0 0 0 0 0 0 0 0 0 0 0 0 0 0 0 0 0 0 0 0 0 0 0 0 0 0 0 0 0 0 0 0 0 0 0 0 0 0 0 0 0 0 0 0 0 0 0 0 0 0 0 0 0 0 0 0 0 0 0 0 0.0002064785803668201 0.0008302719215862453 0.001906275516375899 0.003468967974185944 0.0055654626339674 0.008222042582929134 0.01146945636719465 0.01532772742211819 0.01987151429057121 0.02513803541660309 0.0311546865850687 0.03799964487552643 0.0457182414829731 0.05435193330049515 0.06391613185405731 0.07445927709341049 0.08601047098636627 0.09842227399349213 0.111422598361969 0.1250133514404297 0.1392218619585037 0.1540088951587677 0.1691023409366608 0.1844741255044937 0.2001292556524277 0.2161156386137009 0.2324870973825455 0.2492495775222778 0.2664103806018829 0.28147292137146 0.2922315299510956 0.2972808480262756 0.2955672442913055 0.2864789664745331 0.2721550166606903 0.2585472762584686 0.2456199079751968 0.2333389073610306 0.2216719686985016 0.2105883657932281 0.2000589519739151 0.1900560110807419 0.180553212761879 0.1715255528688431 0.1629492789506912 0.1548018157482147 0.1470617204904556 0.1397086381912231 0.1327232122421265 0.1260870546102524 0.1197827011346817 0.1137935668230057 0.1081038862466812 0.1026986911892891 0.09756375849246979 0.09268557280302048 0.08805129677057266 0.08364873379468918 0.07946629822254181 0.0754929855465889 0.07171833515167236 0.06813241541385651 0.06472579389810562 0.06148950383067131 0.05841502919793129 0.0554942786693573 0.05271956324577332 0.05008358508348465 0.04757940769195557 0.04520043730735779 0.0429404154419899 0.04079339653253555 0.03875372558832169 0.03681603819131851 0.03497523814439774 0.03322647511959076 0.03156515210866928 0.02998689375817776 0.02848754823207855 0.02706317044794559 0.02571001276373863 0.02442451193928719 0.0232032872736454 0.02204312384128571 0.02094096690416336 0.01989391818642616 0.0188992228358984 0.01795426197350025 0.0170565489679575 0.01620372198522091 0.01539353560656309 0.01462385896593332 0.01389266643673182 0.01319803297519684 0.012538131326437 0.01191122457385063 0.0113156633451581 0.01074988022446632 0.01021238602697849 0.00970176700502634 0.009216678328812122 0.008755844086408615 0.008318051695823669 0.007902149111032486 0.007507041562348604 0.007131689693778753 0.006775105372071266 0.006436350289732218 0.006114532705396414 0.005808806046843529 0.005518365651369095 0.00524244736880064 0.004980324767529964 0.004731308668851852 0.004494743421673775 0.004270006436854601 0.00405650632455945 0.003853681031614542 0.003660996910184622 0.003477947087958455 0.003304049838334322 0.003138847416266799 0.002981905126944184 0.002832809928804636 0.002691169502213597 0.002556611085310578 0.002428780542686582 0.002307341434061527 0.002191974315792322 0.002082375576719642 0.001978256739675999 0.001879343879409134 0.001785376691259444 0.001696107909083366 0.001611302490346134 0.001530737383291125 0.001454200479201972 0.001381490495987236 0.001312415930442512 0.001246795174665749 0.001184455468319356 0.001125232665799558 0.00106897100340575 0.001015522400848567 0.0009647462866269052 0.0009165089577436447 0.0008706835214979947 0.0008271493716165423 0.0007857918972149491 0.0007465023081749678 0.000709177169483155 0.0006737182848155499 0.000640032347291708 0.0006080307066440582 0.0005776291945949197 0.0005487477174028754 0.0005213103140704334 0.0004952448070980608 0.0004704825696535408 0.0004469584382604808 0.0004246105090714991 0.0004033799923490733 0.0003832109796348959 0.0003640504437498748 0.000345847918651998 0.0003285555285401642 0.0003121277550235391 0.0002965213789138943 0.000281695305602625 0.0002676105359569192 0.0002542300208006054 0.0002415185153950006 0.0002294425939908251 0.0002179704606533051 0.0002070719347102568 0.0001967183343367651 0.0001868824183475226 0.000177538298885338 0.0001686613832134753 0.0001602283155079931 0.000152216904098168 0.0001446060632588342 0.0001373757550027221 0.0001305069599766284 0.0001239816192537546 0.0001177825397462584 0.0001118934160331264 0.0001062987430486828 0.0001009838088066317 9.593462164048105e-05 9.113788837566972e-05 8.658099250169471e-05 8.225194324040785e-05 7.813934644218534e-05 7.423237548209727e-05 7.05207567079924e-05 6.69947185087949e-05 6.364498403854668e-05 6.046273483661935e-05 5.743959627579898e-05 5.456761573441327e-05 5.183923349250108e-05 4.924727181787603e-05 4.678490950027481e-05 4.444566366146319e-05 4.222337884129956e-05 4.011220880784094e-05 3.81065983674489e-05 3.620126881287433e-05 3.439120700932108e-05 3.267164720455185e-05 3.103806375293061e-05 2.94861602014862e-05 2.801185291900765e-05 2.66112601821078e-05 2.528069671825506e-05 2.401666279183701e-05 2.281582965224516e-05 2.167503771488555e-05 2.059128564724233e-05 1.956172127393074e-05 1.858363611972891e-05 1.76544544956414e-05 1.677173167990986e-05 1.593314482306596e-05 1.513648749096319e-05 1.437966329831397e-05 1.366068045172142e-05 1.297764629271114e-05 1.232876365975244e-05 1.171232543129008e-05 1.112670906877611e-05 1.057037388818571e-05 1.004185560304904e-05 9.539762686472386e-06 9.062774552148767e-06 8.609636097389739e-06 8.179154065146577e-06 7.770196134515572e-06 7.381686373264529e-06 7.012602054601302e-06 6.6619718381844e-06 6.328873041638872e-06 6.012429366819561e-06 5.711807716579642e-06 5.426217285275925e-06 5.154906375537394e-06 4.897161034023156e-06 4.652302777685691e-06 4.419687684276141e-06 4.198703209112864e-06 3.988768185081426e-06 3.789329866776825e-06 3.599863475756138e-06 3.419870381549117e-06 3.248876964789815e-06 3.086433025600854e-06 2.932111328846077e-06 2.78550578514114e-06 2.646230541358818e-06 2.513919071134296e-06 2.388223037996795e-06 2.26881184062222e-06 2.155371248591109e-06 2.047602720267605e-06 1.945222493304755e-06 1.847961357270833e-06 1.755563289407291e-06 1.667785113568243e-06 1.584395818099438e-06 1.505175987404073e-06 1.429917233508604e-06 1.358421400254883e-06 1.290500335926481e-06 1.225975324814499e-06 1.164676518783381e-06 1.106442709897237e-06 1.051120534611982e-06 9.985644737753319e-07 9.486362273491977e-07 9.012044301925926e-07 8.561441973142792e-07 8.133370101859327e-07 7.726701483079523e-07 7.340366323660419e-07 6.973348263272783e-07 6.624680963795981e-07 6.293446972449601e-07 5.978774879622506e-07 5.679835908267705e-07 5.395843913902354e-07 5.126051974002621e-07 4.869749545832747e-07 4.626262182227947e-07 4.394948973640567e-07 4.175201411271701e-07 3.966441397551534e-07 3.768119256619684e-07 3.579713165891008e-07 3.400727450753038e-07 3.230691163480515e-07 3.069156662149908e-07 2.915698757988139e-07 2.769913862721296e-07 2.631418283272069e-07 2.499847369108466e-07 2.374854943809623e-07 2.256112168197433e-07 2.143306545576706e-07 2.036141211192444e-07 1.934334079578548e-07 1.837617418232185e-07
 0 0 0 0 0 0 0 0 0 0 0 0 0 0 0 0 0 0 0 0 0 0 0 0 0 0 0 0 0 0 0 0 0 0 0 0 0 0 0 0 0 0 0 0 0 0 0 0 0 0 0 0 0 0 0 0 0 0 0 0 0 0 0 0 0 0 0 0 0 0 0 0 0 0 0 0 0 0 0 0 0 0 0 0 0 0 0 0 0 0 0 0 0 0 0 0 0 0 0 0 0 0 0 0 0 0 0 0 0 0 0 0 0 0 0 0 0 0 0 0 0 0 0 0 0 0 0 0 0 0 0 0 0 0 0 0 0 0 0 0 0 0 0 0 0 0 0 0 0 0 0 0 0 0 0 0 0 0 0 0 0 0 0 0 0 0 0 0 0 0 0 0 0 0 0 0 0 0 0 0 0 0 0 0 0 0 0 0 0 0 0 0 0 0 0 0 0 0 0 0 0 0 0 0 0 0 0 0 0 0 0 0 0 0 0 0 0 0 0 0 0 0 0 0 0 0 0 0 0 0 0 0 0 0 0 0 0 0 0 0 0 0 0 0 0 0 0 0 0 0 0 0 0 0 0 0 0 0 0 0 0 0 0 0 0 0 0 0 0 0 0 0 0 0 0 0 0 0 0 0 0 0 0 0 0 0 0 0 0 0 0 0 0 0 0 0 0 0 0 0 0 0 0 0 0 0 0 0 0 0 0 0 0 0 0 0 0 0 0 0 0 0 0 0 0 0 0 0 0 0 0 0 0 0 0 0 0 0 0 0 0 0 0 0 0 0 0 0 0 0 0 0 0 0 0 0 0 0 0 0 0 0 0 0 0 0 0 0 0 0 0 0 0 0 0 0 0 0 0 0 0 0 0 0 0 0 0 0 0 0 0 0 0 0 0 0 0 0 0 0 0 0 0 0 0 0 0 0 0 0 0 0 0 0 0 0 0 0 0 0 0 0 0 0 0 0 0 0 0 0 0 0 0 0 0 0 0 0 0 0 0 0 0 0 0 0 0 0 0 0 0 0 0 0 0 0 0 0 0 0 0 0 0 0 0 0 0 0 0 0 0 0 0 0 0 0 0 0 0 0 0 0 0 0 0 0 0 0 0 0 0 0 0 0 0 0 0 0 0 0 0 0 0 0 0 0 0 0 0 0 0 0 0 0 0 0 0 0 0 0 0 0 0 0 0 0 0 0 0 0 0 0 0 0 0 0 0 0 0 0 0 0 0 0 0 0 0 0 0 0 0 0 0 0 0 0 0 0 0 0 0 0 0 0 0 0 0 0 0 0 0 0 0 0 0 0 0 0 0 0 0 0 0 0 0 0 0 0 0 0 0 0 0 0 0 0 0 0 0 0
 0 0 0 0 0 0 0 0 0 0 0 0 0 0 0 0 0 0 0 0 0 0 0 0 0 0 0 0 0 0 0 0 0 0 0 0 0 0 0 0 0 0 0 0 0 0 0 0 0 0 0 0 0 0 0 0 0 0 0 0 0 0 0 0 0 0 0 0 0 0 0 0 0 0 0 0 0 0 0 0 0 0 0 0 0 0 0 0 0 0 0 0 0 0 0 0 0 0 0 0 0 0 0 0 0 0 0 0 0 0 0 0 0 0 0 0 0 0 0 0 0 0 0 0 0 0 0 0 0 0 0 0 0 0 0 0 0 0 0 0 0 0 0 0 0 0 0 0 0 0 0 0 0 0 0 0 0 0 0 0 0 0 0 0 0 0 0 0 0 0 0 0 0 0 0 0 0 0 0 0 0 0 0 0 0 0 0 0 0 0 0 0 0 0 0 0 0 0 0 0 0 0 0 0 0 0 0 0 0 0 0 0 0 0 0 0 0 0 0 0 0 0 0 0 0 0 0 0 0 0 0 0 0 0 0 0 0 0 0 0 0 0 0 0 0 0 0 0 0 0 0 0 0 0 0 0 0 0 0 0 0 0 0 0 0 0 0 0 0 0 0 0 0 0 0 0 0 0 0 0 0 0 0 0 0 0 0 0 0 0 0 0 0 0 0 0 0 0 0 0 0 0 0 0 0 0 0 0 0 0 0 0 0 0 0 0 0 0 0 0 0 0 0 0 0 0 0 0 0 0 0 0 0 0 0 0 0 0 0 0 0 0 0 0 0 0 0 0 0 0 0 0 0 0 0 0 0 0 0 0 0 0 0 0 0 0 0 0 0 0 0 0 0 0 0 0 0 0 0 0 0 0 0 0 0 0 0 0 0 0 0 0 0 0 0 0 0 0 0 0 0 0 0 0 0 0 0 0 0 0 0 0 0 0 0 0 0 0 0 0 0 0 0 0 0 0 0 0 0 0 0 0 0 0 0 0 0 0 0 0 0 0 0 0 0 0 0 0 0 0 0 0 0 0 0 0 0 0 0 0 0 0 0 0 0 0 0 0 0 0 0 0 0 0 0 0 0 0 0 0 0 0 0 0 0 0 0 0 0 0 0 0 0 0 0 0 0 0 0 0 0 0 0 0 0 0 0 0 0 0 0 0 0 0 0 0 0 0 0 0 0 0 0 0 0 0 0 0 0 0 0 0 0 0 0 0 0 0 0 0 0 0 0 0 0 0 0 0 0 0 0 0 0 0 0 0 0 0 0 0 0 0 0 0 0 0 0 0 0 0 0 0 0 0 0 0 0 0 0 0 0 0 0 0 0 0 0 0 0 0 0 0 0 0 0 0 0 0 0 0
 0 0 0 0 0 0 0 0 0 0 0 0 0 0 0 0 0 0 0 0 0 0 0 0 0 0 0 0 0 0 0 0 0 0 0 0 0 0 0 0 0 0 0 0 0 0 0 0 0 0 0 0 0 0 0 0 0 0 0 0 0 0 0 0 0 0 0 0 0 0 0 0 0 0 0 0 0 0 0 0 0 0 0 0 0 0 0 0 0 0 0 0 0 0 0 0 0 0 0 0 0 0 0 0 0 0 0 0 0 0 0 0 0 0 0 0 0 0 0 0 0 0 0 0 0 0 0 0 0 0 0 0 0 0 0 0 0 0 0 0 0 0 0 0 0 0 0 0 0 0 0 0 0 0 0 0 0 0 0 0 0 0 0 0 0 0 0 0 0 0 0 0 0 0 0 0 0 0 0 0 0 0 0 0 0 0 0 0 0 0 0 0 0 0 0 0 0 0 0 0 0 0 0 0 0 0 0 0 0 0 0 0 0 0 0 0 0 0 0 0 0 0 0 0 0 0 0 0 0 0 0 0 0 0 0 0 0 0 0 0 0 0 0 0 0 0 0 0 0 0 0 0 0 0 0 0 0 0 0 0 0 0 0 0 0 0 0 0 0 0 0 0 0 0 0 0 0 0 0 0 0 0 0 0 0 0 0 0 0 0 0 0 0 0 0 0 0 0 0 0 0 0 0 0 0 0 0 0 0 0 0 0 0 0 0 0 0 0 0 0 0 0 0 0 0 0 0 0 0 0 0 0 0 0 0 0 0 0 0 0 0 0 0 0 0 0 0 0 0 0 0 0 0 0 0 0 0 0 0 0 0 0 0 0 0 0 0 0 0 0 0 0 0 0 0 0 0 0 0 0 0 0 0 0 0 0 0 0 0 0 0 0 0 0 0 0 0 0 0 0 0 0 0 0 0 0 0 0 0 0 0 0 0 0 0 0 0 0 0 0 0 0 0 0 0 0 0 0 0 0 0 0 0 0 0 0 0 0 0 0 0 0 0 0 0 0 0 0 0 0 0 0 0 0 0 0 0 0 0 0 0 0 0 0 0 0 0 0 0 0 0 0 0 0 0 0 0 0 0 0 0 0 0 0 0 0 0 0 0 0 0 0 0 0 0 0 0 0 0 0 0 0 0 0 0 0 0 0 0 0 0 0 0 0 0 0 0 0 0 0 0 0 0 0 0 0 0 0 0 0 0 0 0 0 0 0 0 0 0 0 0 0 0 0 0 0 0 0 0 0 0 0 0 0 0 0 0 0 0 0 0 0 0 0 0 0 0 0 0 0 0 0 0 0 0 0 0 0 0 0 0 0 0 0 0 0 0 0 0 0 0 0 0 0 0 0 0 0 0 0
 0 0 0 0 0 0 0 0 0 0 0 0 0 0 0 0 0 0 0 0 0 0 0 0 0 0 0 0 0 0 0 0 0 0 0 0 0 0 0 0 0 0 0 0 0 0 0 0 0 0 0 0 0 0 0 0 0 0 0 0 0 0 0 0 0 0 0 0 0 0 0 0 0 0 0 0 0 0 0 0 0 0 0 0 0 0 0 0 0 0 0 0 0 0 0 0 0 0 0 0 0 0 0 0 0 0 0 0 0 0 0 0 0 0 0 0 0 0 0 0 0 0 0 0 0 0 0 0 0 0 0 0 0 0 0 0 0 0 0 0 0 0 0 0 0 0 0 0 0 0 0 0 0 0 0 0 0 0 0 0 0 0 0 0 0 0 0 0 0 0 0 0 0 0 0 0 0 0 0 0 0 0 0 0 0 0 0 0 0 0 0 0 0 0 0 0 0 0 0 0 0 0 0 0 0 0 0 0 0 0 0 0 0 0 0 0 0 0 0 0 0 0 0 0 0 0 0 0 0 0 0 0 0 0 0 0 0 0 0 0 0 0 0 0 0 0 0 0 0 0 0 0 0 0 0 0 0 0 0 0 0 0 0 0 0 0 0 0 0 0 0 0 0 0 0 0 0 0 0 0 0 0 0 0 0 0 0 0 0.0003578884934540838 0.001168535789474845 0.002426319755613804 0.004182915203273296 0.006445054896175861 0.00921211764216423 0.01255885232239962 0.01650624349713326 0.02112501114606857 0.02650365047156811 0.03265666961669922 0.03958534076809883 0.04732073470950127 0.05591749027371407 0.0653756782412529 0.07572902739048004 0.08698005974292755 0.09899938106536865 0.1117203384637833 0.1249758005142212 0.1386231929063797 0.1526537388563156 0.1671098470687866 0.1818214356899261 0.1968232989311218 0.2121559381484985 0.2278390526771545 0.2438873052597046 0.2601226270198822 0.2738277912139893 0.2831419408321381 0.2867404520511627 0.2837454676628113 0.2735114693641663 0.2598358988761902 0.2468440979719162 0.2345018982887268 0.2227768003940582 0.2116379588842392 0.2010560631752014 0.1910032629966736 0.1814530938863754 0.1723804324865341 0.1637614071369171 0.1555733382701874 0.1477946639060974 0.1404049247503281 0.1333846747875214 0.1267154365777969 0.120379664003849 0.1143606826663017 0.1086426451802254 0.1032105162739754 0.09804999083280563 0.09314749389886856 0.08849012106657028 0.08406561613082886 0.0798623338341713 0.07586921751499176 0.07207575440406799 0.06847196817398071 0.06504836678504944 0.06179594993591309 0.05870615318417549 0.05577084422111511 0.05298230051994324 0.05033318698406219 0.04781652614474297 0.04542569816112518 0.04315441474318504 0.04099669307470322 0.03894685953855515 0.03699951618909836 0.03514954075217247 0.03339206427335739 0.03172245994210243 0.03013633750379086 0.02862952090799809 0.02719804458320141 0.02583814226090908 0.02454623579978943 0.02331892400979996 0.0221529770642519 0.02104532904922962 0.01999306306242943 0.01899340935051441 0.01804373972117901 0.0171415526419878 0.01628447510302067 0.01547025144100189 0.01469673868268728 0.0139619018882513 0.01326380670070648 0.01260061655193567 0.01197058614343405 0.01137205678969622 0.0108034536242485 0.01026328094303608 0.009750116616487503 0.009262611158192158 0.008799480274319649 0.008359506726264954 0.007941531017422676 0.007544454652816057 0.007167231757193804 0.006808870006352663 0.006468426436185837 0.006145005114376545 0.005837754812091589 0.005545867141336203 0.005268573760986328 0.005005144979804754 0.004754887893795967 0.004517143592238426 0.00429128622636199 0.004076722078025341 0.003872886067256331 0.003679241752251983 0.00349527969956398 0.003320515621453524 0.003154489910230041 0.002996765309944749 0.002846927149221301 0.002704580780118704 0.002569351810961962 0.002440884243696928 0.002318840008229017 0.002202898031100631 0.002092753071337938 0.001988115487620234 0.001888709724880755 0.001794274197891355 0.001704560476355255 0.00161933246999979 0.001538365846499801 0.001461447565816343 0.00138837518170476 0.001318956376053393 0.001253008609637618 0.001190358190797269 0.00113084027543664 0.001074298284947872 0.00102058332413435 0.0009695541812106967 0.0009210764546878636 0.0008750226115807891 0.0008312714635394514 0.0007897078758105636 0.0007502224761992693 0.000712711364030838 0.0006770758191123605 0.0006432220106944442 0.0006110608810558915 0.0005805078544653952 0.0005514824879355729 0.0005239083548076451 0.0004977129283361137 0.0004728272906504571 0.0004491859290283173 0.0004267266194801778 0.0004053902812302113 0.0003851207729894668 0.0003658647474367172 0.0003475715056993067 0.0003301929391454905 0.0003136832965537906 0.0002979991259053349 0.000283099157968536 0.0002689441898837686 0.0002554969687480479 0.000242722118855454 0.000230586010729894 0.0002190567029174417 0.0002081038692267612 0.000197698682313785 0.0001878137409221381 0.0001784230553312227 0.0001695019018370658 0.000161026808200404 0.0001529754663351923 0.0001453266886528581 0.0001380603498546407 0.0001311573287239298 0.0001245994644705206 0.0001183694912469946 0.000112451016320847 0.0001068284618668258 0.0001014870358631015 9.641268115956336e-05 9.159204637398943e-05 8.701244223630056e-05 8.266181976068765e-05 7.852872658986598e-05 7.460229244315997e-05 7.087217818479985e-05 6.73285685479641e-05 6.396214303094894e-05 6.076403587940149e-05 5.772583244834095e-05 5.483954009832814e-05 5.209756272961386e-05 4.949268623022363e-05 4.701805301010609e-05 4.466715108719654e-05 4.243379225954413e-05 4.03121011913754e-05 3.829649722320028e-05 3.63816725439392e-05 3.456258855294436e-05 3.283445767010562e-05 3.119273605989292e-05 2.963309998449404e-05 2.815144580381457e-05 2.674387360457331e-05 2.540667992434464e-05 2.413634501863271e-05 2.292952740390319e-05 2.17830511246575e-05 2.069389847747516e-05 1.965920273505617e-05 1.867624268925283e-05 1.77424299181439e-05 1.685530878603458e-05 1.601254371053074e-05 1.521191643405473e-05 1.445132056687726e-05 1.372875431115972e-05 1.304231682297541e-05 1.23902009363519e-05 1.177069134428166e-05 1.118215641326969e-05 1.062304818333359e-05 1.009189600154059e-05 9.587301065039355e-06 9.107936421060003e-06 8.652539690956473e-06 8.21991307020653e-06 7.808917871443555e-06 7.418471795972437e-06 7.047548024274874e-06 6.695170668535866e-06 6.360412044159602e-06 6.042391305527417e-06 5.740271717513679e-06 5.453257927001687e-06 5.18059505338897e-06 4.921565505355829e-06 4.675487161875935e-06 4.441712917468976e-06 4.219627044221852e-06 4.008645646536024e-06 3.808213477896061e-06 3.617802804001258e-06 3.436912720644614e-06 3.265067107349751e-06 3.101813717876212e-06 2.946723043351085e-06 2.79938694802695e-06 2.659417532413499e-06 2.526446678530192e-06 2.400124230916845e-06 2.280117996633635e-06 2.166112153645372e-06 2.057806568700471e-06 1.954916342583601e-06 1.857170559560473e-06 1.764312060004158e-06 1.676096417213557e-06 1.592291596352879e-06 1.512677044956945e-06 1.437043238183833e-06 1.365191110380692e-06 1.296931600336393e-06 1.232084969160496e-06 1.17048068659642e-06 1.111956635213573e-06 1.056358769346843e-06 1.003540774036082e-06 9.533637239655945e-07 9.056955150299473e-07 8.604107506471337e-07 8.173902301678027e-07 7.765207215015835e-07 7.376946768999915e-07 7.008099487393338e-07 6.657694484601961e-07 6.324809760371863e-07 6.008569357618398e-07 5.708141088689445e-07 5.422734261628648e-07 5.151597406438668e-07 4.894017706646991e-07 4.649316736049514e-07 4.41685102714473e-07 4.196008376311511e-07 3.986207843809098e-07 3.786897480040352e-07 3.597552620249189e-07 3.417675031869294e-07 3.246791209221556e-07 3.084451520862785e-07 2.930229072717339e-07 2.783717718557455e-07 2.644531775786163e-07 2.512305172786e-07 2.386690027833538e-07 2.267355512231006e-07 2.153987708197747e-07 2.046288329893287e-07 1.943973870766058e-07 1.846775177227755e-07 1.754436453893504e-07
 0 0 0 0 0 0 0 0 0 0 0 0 0 0 0 0 0 0 0 0 0 0 0 0 0 0 0 0 0 0 0 0 0 0 0 0 0 0 0 0 0 0 0 0 0 0 0 0 0 0 0 0 0 0 0 0 0 0 0 0 0 0 0 0 0 0 0 0 0 0 0 0 0 0 0 0 0 0 0 0 0 0 0 0 0 0 0 0 0 0 0 0 0 0 0 0 0 0 0 0 0 0 0 0 0 0 0 0 0 0 0 0 0 0 0 0 0 0 0 0 0 0 0 0 0 0 0 0 0 0 0 0 0 0 0 0 0 0 0 0 0 0 0 0 0 0 0 0 0 0 0 0 0 0 0 0 0 0 0 0 0 0 0 0 0 0 0 0 0 0 0 0 0 0 0 0 0 0 0 0 0 0 0 0 0 0 0 0 0 0 0 0 0 0 0 0 0 0 0 0 0 0 0 0 0 0 0 0 0 0 0 0 0 0 0 0 0 0 0 0 0 0 0 0 0 0 0 0 0 0 0 0 0 0 0 0 0 0 0 0 0 0 0 0 0 0 0 0 0 0 0 0 0 0 0 0 0 0 0 0 0 0 0 0 0 0 0 0 0 0 0 0 0 0 0 0 0 0 0 0 0 0 0 0 0 0 0 0 0 0 0 0 0 0 0 0 0 0 0 0 0 0 0 0 0 0 0 0 0 0 0 0 0 0 0 0 0 0 0 0 0 0 0 0 0 0 0 0 0 0 0 0 0 0 0 0 0 0 0 0 0 0 0 0 0 0 0 0 0 0 0 0 0 0 0 0 0 0 0 0 0 0 0 0 0 0 0 0 0 0 0 0 0 0 0 0 0 0 0 0 0 0 0 0 0 0 0 0 0 0 0 0 0 0 0 0 0 0 0 0 0 0 0 0 0 0 0 0 0 0 0 0 0 0 0 0 0 0 0 0 0 0 0 0 0 0 0 0 0 0 0 0 0 0 0 0 0 0 0 0 0 0 0 0 0 0 0 0 0 0 0 0 0 0 0 0 0 0 0 0 0 0 0 0 0 0 0 0 0 0 0 0 0 0 0 0 0 0 0 0 0 0 0 0 0 0 0 0 0 0 0 0 0 0 0 0 0 0 0 0 0 0 0 0 0 0 0 0 0 0 0 0 0 0 0 0 0 0 0 0 0 0 0 0 0 0 0 0 0 0 0 0 0 0 0 0 0 0 0 0 0 0 0 0 0 0 0 0 0 0 0 0 0 0 0 0 0 0 0 0 0 0 0 0 0 0 0 0 0 0 0 0 0 0 0 0 0 0 0 0 0 0 0 0 0 0 0 0 0 0 0 0 0 0 0 0 0 0 0 0
 0 0 0 0 0 0 0 0 0 0 0 0 0 0 0 0 0 0 0 0 0 0 0 0 0 0 0 0 0 0 0 0 0 0 0 0 0 0 0 0 0 0 0 0 0 0 0 0 0 0 0 0 0 0 0 0 0 0 0 0 0 0 0 0 0 0 0 0 0 0 0 0 0 0 0 0 0 0 0 0 0 0 0 0 0 0 0 0 0 0 0 0 0 0 0 0 0 0 0 0 0 0 0 0 0 0 0 0 0 0 0 0 0 0 0 0 0 0 0 0 0 0 0 0 0 0 0 0 0 0 0 0 0 0 0 0 0 0 0 0 0 0 0 0 0 0 0 0 0 0 0 0 0 0 0 0 0 0 0 0 0 0 0 0 0 0 0 0 0 0 0 0 0 0 0 0 0 0 0 0 0 0 0 0 0 0 0 0 0 0 0 0 0 0 0 0 0 0 0 0 0 0 0 0 0 0 0 0 0 0 0 0 0 0 0 0 0 0 0 0 0 0 0 0 0 0 0 0 0 0 0 0 0 0 0 0 0 0 0 0 0 0 0 0 0 0 0 0 0 0 0 0 0 0 0 0 0 0 0 0 0 0 0 0 0 0 0 0 0 0 0 0 0 0 0 0 0 0 0 0 0 0 0 0 0 0 0 0 0 0 0 0 0 0 0 0 0 0 0 0 0 0 0 0 0 0 0 0 0 0 0 0 0 0 0 0 0 0 0 0 0 0 0 0 0 0 0 0 0 0 0 0 0 0 0 0 0 0 0 0 0 0 0 0 0 0 0 0 0 0 0 0 0 0 0 0 0 0 0 0 0 0 0 0 0 0 0 0 0 0 0 0 0 0 0 0 0 0 0 0 0 0 0 0 0 0 0 0 0 0 0 0 0 0 0 0 0 0 0 0 0 0 0 0 0 0 0 0 0 0 0 0 0 0 0 0 0 0 0 0 0 0 0 0 0 0 0 0 0 0 0 0 0 0 0 0 0 0 0 0 0 0 0 0 0 0 0 0 0 0 0 0 0 0 0 0 0 0 0 0 0 0 0 0 0 0 0 0 0 0 0 0 0 0 0 0 0 0 0 0 0 0 0 0 0 0 0 0 0 0 0 0 0 0 0 0 0 0 0 0 0 0 0 0 0 0 0 0 0 0 0 0 0 0 0 0 0 0 0 0 0 0 0 0 0 0 0 0 0 0 0 0 0 0 0 0 0 0 0 0 0 0 0 0 0 0 0 0 0 0 0 0 0 0 0 0 0 0 0 0 0 0 0 0 0 0 0 0 0 0 0 0 0 0 0 0 0 0 0 0 0 0 0 0 0 0 0 0 0 0 0 0 0 0 0 0 0 0 0 0
 0 0 0 0 0 0 0 0 0 0 0 0 0 0 0 0 0 0 0 0 0 0 0 0 0 0 0 0 0 0 0 0 0 0 0 0 0 0 0 0 0 0 0 0 0 0 0 0 0 0 0 0 0 0 0 0 0 0 0 0 0 0 0 0 0 0 0 0 0 0 0 0 0 0 0 0 0 0 0 0 0 0 0 0 0 0 0 0 0 0 0 0 0 0 0 0 0 0 0 0 0 0 0 0 0 0 0 0 0 0 0 0 0 0 0 0 0 0 0 0 0 0 0 0 0 0 0 0 0 0 0 0 0 0 0 0 0 0 0 0 0 0 0 0 0 0 0 0 0 0 0 0 0 0 0 0 0 0 0 0 0 0 0 0 0 0 0 0 0 0 0 0 0 0 0 0 0 0 0 0 0 0 0 0 0 0 0 0 0 0 0 0 0 0 0 0 0 0 0 0 0 0 0 0 0 0 0 0 0 0 0 0 0 0 0 0 0 0 0 0 0 0 0 0 0 0 0 0 0 0 0 0 0 0 0 0 0 0 0 0 0 0 0 0 0 0 0 0 0 0 0 0 0 0 0 0 0 0 0 0 0 0 0 0 0 0 0 0 0 0 0 0 0 0 0 0 0 0 0 0 0 0 0 0 0 0 0 0 0 0 0 0 0 0 0 0 0 0 0 0 0 0 0 0 0 0 0 0 0 0 0 0 0 0 0 0 0 0 0 0 0 0 0 0 0 0 0 0 0 0 0 0 0 0 0 0 0 0 0 0 0 0 0 0 0 0 0 0 0 0 0 0 0 0 0 0 0 0 0 0 0 0 0 0 0 0 0 0 0 0 0 0 0 0 0 0 0 0 0 0 0 0 0 0 0 0 0 0 0 0 0 0 0 0 0 0 0 0 0 0 0 0 0 0 0 0 0 0 0 0 0 0 0 0 0 0 0 0 0 0 0 0 0 0 0 0 0 0 0 0 0 0 0 0 0 0 0 0 0 0 0 0 0 0 0 0 0 0 0 0 0 0 0 0 0 0 0 0 0 0 0 0 0 0 0 0 0 0 0 0 0 0 0 0 0 0 0 0 0 0 0 0 0 0 0 0 0 0 0 0 0 0 0 0 0 0 0 0 0 0 0 0 0 0 0 0 0 0 0 0 0 0 0 0 0 0 0 0 0 0 0 0 0 0 0 0 0 0 0 0 0 0 0 0 0 0 0 0 0 0 0 0 0 0 0 0 0 0 0 0 0 0 0 0 0 0 0 0 0 0 0 0 0 0 0 0 0 0 0 0 0 0 0 0 0 0 0 0 0 0 0 0 0 0 0 0 0 0 0 0 0 0 0 0 0 0 0 0 0 0
 0 0 0 0 0 0 0 0 0 0 0 0 0 0 0 0 0 0 0 0 0 0 0 0 0 0 0 0 0 0 0 0 0 0 0 0 0 0 0 0 0 0 0 0 0 0 0 0 0 0 0 0 0 0 0 0 0 0 0 0 0 0 0 0 0 0 0 0 0 0 0 0 0 0 0 0 0 0 0 0 0 0 0 0 0 0 0 0 0 0 0 0 0 0 0 0 0 0 0 0 0 0 0 0 0 0 0 0 0 0 0 0 0 0 0 0 0 0 0 0 0 0 0 0 0 0 0 0 0 0 0 0 0 0 0 0 0 0 0 0 0 0 0 0 0 0 0 0 0 0 0 0 0 0 0 0 0 0 0 0 0 0 0 0 0 0 0 0 0 0 0 0 0 0 0 0 0 0 0 0 0 0 0 0 0 0 0 0 0 0 0 0 0 0 0 0 0 0 0 0 0 0 0 0 0 0 0 0 0 0 0 0 0 0 0 0 0 0 0 0 0 0 0 0 0 0 0 0 0 0 0 0 0 0 0 0 0 0 0 0 0 0 0 0 0 0 0 0 0 0 0 0 0 0 0 0 0 0 0 0 0 0 0 0 0 0 0 0 0 0 0 0 0 0 0 0 0 0 0 0 0 0 0 0 0 0 0 0 0.0003791314084082842 0.00120944669470191 0.002514217514544725 0.004367503337562084 0.006757431197911501 0.00972879771143198 0.01330522168427706 0.01758981309831142 0.02256480604410172 0.02830969356000423 0.03486647456884384 0.04222966358065605 0.05047827214002609 0.05960558727383614 0.06967522948980331 0.08070012927055359 0.09264297783374786 0.1053880229592323 0.1187151968479156 0.132635310292244 0.1470829695463181 0.1620011776685715 0.177371010184288 0.1930504143238068 0.2090636640787125 0.2254250794649124 0.2422251552343369 0.259488582611084 0.2758715450763702 0.2888709902763367 0.296616405248642 0.2979661226272583 0.2921695411205292 0.2787741422653198 0.2648354470729828 0.251593679189682 0.2390139997005463 0.2270632982254028 0.2157101333141327 0.2049246281385422 0.194678395986557 0.1849444806575775 0.1756972521543503 0.1669123917818069 0.1585667729377747 0.1506384313106537 0.1431065052747726 0.1359511762857437 0.1291536241769791 0.1226959452033043 0.1165611445903778 0.1107330843806267 0.1051964312791824 0.09993661195039749 0.09493978321552277 0.09019279479980469 0.08568315207958221 0.08139899373054504 0.07732904702425003 0.0734625980257988 0.06978946924209595 0.06629999727010727 0.06298499554395676 0.05983574688434601 0.05684395879507065 0.05400175973773003 0.05130167305469513 0.04873659089207649 0.0462997630238533 0.04398477450013161 0.04178553447127342 0.03969625756144524 0.03771144524216652 0.03582587465643883 0.03403457999229431 0.03233285248279572 0.03071621060371399 0.02918040007352829 0.02772138081490993 0.02633531205356121 0.02501854673027992 0.0237676203250885 0.02257923968136311 0.02145027741789818 0.02037776261568069 0.01935887522995472 0.01839093118906021 0.01747138425707817 0.01659781485795975 0.01576792448759079 0.01497952826321125 0.01423055212944746 0.01351902447640896 0.01284307334572077 0.01220091991126537 0.01159087382256985 0.01101133041083813 0.01046076416969299 0.009937725961208344 0.009440839290618896 0.008968797512352467 0.008520357310771942 0.00809433963149786 0.007689622696489096 0.007305141538381577 0.006939884275197983 0.006592890247702599 0.006263245828449726 0.005950083490461111 0.005652579478919506 0.00536995055153966 0.005101453047245741 0.004846380557864904 0.004604061599820852 0.00437385868281126 0.004155165515840054 0.003947407007217407 0.003750036703422666 0.003562534926459193 0.003384408075362444 0.003215187694877386 0.00305442837998271 0.002901706844568253 0.002756621455773711 0.002618790371343493 0.002487850841134787 0.002363458275794983 0.002245285315439105 0.002133021131157875 0.002026370028033853 0.001925051561556756 0.001828799024224281 0.001737359096296132 0.001650491147302091 0.001567966537550092 0.001489568268880248 0.001415089820511639 0.001344335381872952 0.001277118572033942 0.001213262672536075 0.001152599579654634 0.001094969571568072 0.00104022107552737 0.0009882099693641067 0.0009387994650751352 0.0008918594685383141 0.0008472665213048458 0.0008049032185226679 0.0007646580343134701 0.0007264251471497118 0.0006901039159856737 0.0006555987056344748 0.000622818770352751 0.0005916778463870287 0.0005620939773507416 0.0005339892813935876 0.0005072898347862065 0.0004819253517780453 0.0004578290972858667 0.0004349376540631056 0.0004131907771807164 0.0003925312485080212 0.0003729046729858965 0.0003542594495229423 0.0003365464799571782 0.000319719169056043 0.0003037332207895815 0.0002885465510189533 0.0002741192292887717 0.0002604132751002908 0.0002473925997037441 0.0002350229769945145 0.0002232718252344057 0.0002121082361554727 0.0002015028294408694 0.0001914276945171878 0.0001818563032429665 0.0001727634808048606 0.0001641253038542345 0.0001559190422995016 0.0001481230865465477 0.0001407169329468161 0.0001336810819339007 0.0001269970234716311 0.0001206471715704538 0.000114614813355729 0.0001088840726879425 0.0001034398665069602 9.82678757281974e-05 9.335447975900024e-05 8.868675649864599e-05 8.425241685472429e-05 8.00397974671796e-05 7.60378097766079e-05 7.223591819638386e-05 6.86241255607456e-05 6.519292219309136e-05 6.193327863002196e-05 5.883661651751027e-05 5.589478678302839e-05 5.310004780767485e-05 5.044504359830171e-05 4.792279287357815e-05 4.552665268420242e-05 4.325031841290183e-05 4.108780194655992e-05 3.903341348632239e-05 3.708174335770309e-05 3.522765473462641e-05 3.346627272549085e-05 3.179295890731737e-05 3.020331132574938e-05 2.869314630515873e-05 2.725848935369868e-05 2.589556424936745e-05 2.460078576405067e-05 2.337074693059549e-05 2.220220994786359e-05 2.109209890477359e-05 2.003749432333279e-05 1.903562042571139e-05 1.808383967727423e-05 1.717964732961264e-05 1.632066414458677e-05 1.550463093735743e-05 1.472939948143903e-05 1.399292978021549e-05 1.329328370047733e-05 1.262861951545347e-05 1.199718826683238e-05 1.139732921728864e-05 1.082746257452527e-05 1.028608949127374e-05 9.77178478933638e-06 9.283195140596945e-06 8.819035429041833e-06 8.37808329379186e-06 7.959179129102267e-06 7.561220172647154e-06 7.183159141277429e-06 6.824001047789352e-06 6.482800927187782e-06 6.158660653454717e-06 5.850727575307246e-06 5.558191332966089e-06 5.280281584418844e-06 5.016267550672637e-06 4.765454377775313e-06 4.527181772573385e-06 4.300822638469981e-06 4.08578171118279e-06 3.881492830259958e-06 3.687418256959063e-06 3.503047310005059e-06 3.327895001348224e-06 3.161500217174762e-06 3.003425263159443e-06 2.853254045476206e-06 2.71059138867713e-06 2.57506189882406e-06 2.446308826620225e-06 2.323993385289214e-06 2.207793613706599e-06 2.097403921652585e-06 1.992533725569956e-06 1.892906993816723e-06 1.798261678231938e-06 1.708348577267316e-06 1.622931108613557e-06 1.541784513392486e-06 1.464695287722861e-06 1.391460500599351e-06 1.321887452832016e-06 1.255793108612124e-06 1.193003413391125e-06 1.133353293880646e-06 1.076685634870955e-06 1.022851392917801e-06 9.717088005345431e-07 9.231233661921578e-07 8.769671921982081e-07 8.331188610100071e-07 7.914629236438486e-07 7.51889785988169e-07 7.142953108996153e-07 6.785805339859508e-07 6.446514930757985e-07 6.124189440015471e-07 5.817980195388373e-07 5.527081157197244e-07 5.25072721302422e-07 4.988190767107881e-07 4.738781171909068e-07 4.501842170157033e-07 4.276750189546874e-07 4.062912637436966e-07 3.859767048197682e-07 3.666778809474636e-07 3.483439741103211e-07 3.30926781089147e-07 3.143804292449204e-07 2.986614049405034e-07 2.837283261669654e-07 2.695419141218736e-07 2.560648226790363e-07 2.432615815450845e-07 2.310984967834884e-07 2.195435655494293e-07 2.085663908246715e-07 1.981380677307243e-07 1.882311693179872e-07 1.788196044572032e-07
 0 0 0 0 0 0 0 0 0 0 0 0 0 0 0 0 0 0 0 0 0 0 0 0 0 0 0 0 0 0 0 0 0 0 0 0 0 0 0 0 0 0 0 0 0 0 0 0 0 0 0 0 0 0 0 0 0 0 0 0 0 0 0 0 0 0 0 0 0 0 0 0 0 0 0 0 0 0 0 0 0 0 0 0 0 0 0 0 0 0 0 0 0 0 0 0 0 0 0 0 0 0 0 0 0 0 0 0 0 0 0 0 0 0 0 0 0 0 0 0 0 0 0 0 0 0 0 0 0 0 0 0 0 0 0 0 0 0 0 0 0 0 0 0 0 0 0 0 0 0 0 0 0 0 0 0 0 0 0 0 0 0 0 0 0 0 0 0 0 0 0 0 0 0 0 0 0 0 0 0 0 0 0 0 0 0 0 0 0 0 0 0 0 0 0 0 0 0 0 0 0 0 0 0 0 0 0 0 0 0 0 0 0 0 0 0 0 0 0 0 0 0 0 0 0 0 0 0 0 0 0 0 0 0 0 0 0 0 0 0 0 0 0 0 0 0 0 0 0 0 0 0 0 0 0 0 0 0 0 0 0 0 0 0 0 0 0 0 0 0 0 0 0 0 0 0 0 0 0 0 0 0 0 0 0 0 0 0 0 0 0 0 0 0 0 0 0 0 0 0 0 0 0 0 0 0 0 0 0 0 0 0 0 0 0 0 0 0 0 0 0 0 0 0 0 0 0 0 0 0 0 0 0 0 0 0 0 0 0 0 0 0 0 0 0 0 0 0 0 0 0 0 0 0 0 0 0 0 0 0 0 0 0 0 0 0 0 0 0 0 0 0 0 0 0 0 0 0 0 0 0 0 0 0 0 0 0 0 0 0 0 0 0 0 0 0 0 0 0 0 0 0 0 0 0 0 0 0 0 0 0 0 0 0 0 0 0 0 0 0 0 0 0 0 0 0 0 0 0 0 0 0 0 0 0 0 0 0 0 0 0 0 0 0 0 0 0 0 0 0 0 0 0 0 0 0 0 0 0 0 0 0 0 0 0 0 0 0 0 0 0 0 0 0 0 0 0 0 0 0 0 0 0 0 0 0 0 0 0 0 0 0 0 0 0 0 0 0 0 0 0 0 0 0 0 0 0 0 0 0 0 0 0 0 0 0 0 0 0 0 0 0 0 0 0 0 0 0 0 0 0 0 0 0 0 0 0 0 0 0 0 0 0 0 0 0 0 0 0 0 0 0 0 0 0 0 0 0 0 0 0 0 0 0 0 0 0 0 0 0 0 0 0 0 0 0 0 0 0 0 0 0 0 0 0 0 0 0 0 0 0 0 0 0 0 0 0 0 0 0
 0 0 0 0 0 0 0 0 0 0 0 0 0 0 0 0 0 0 0 0 0 0 0 0 0 0 0 0 0 0 0 0 0 0 0 0 0 0 0 0 0 0 0 0 0 0 0 0 0 0 0 0 0 0 0 0 0 0 0 0 0 0 0 0 0 0 0 0 0 0 0 0 0 0 0 0 0 0 0 0 0 0 0 0 0 0 0 0 0 0 0 0 0 0 0 0 0 0 0 0 0 0 0 0 0 0 0 0 0 0 0 0 0 0 0 0 0 0 0 0 0 0 0 0 0 0 0 0 0 0 0 0 0 0 0 0 0 0 0 0 0 0 0 0 0 0 0 0 0 0 0 0 0 0 0 0 0 0 0 0 0 0 0 0 0 0 0 0 0 0 0 0 0 0 0 0 0 0 0 0 0 0 0 0 0 0 0 0 0 0 0 0 0 0 0 0 0 0 0 0 0 0 0 0 0 0 0 0 0 0 0 0 0 0 0 0 0 0 0 0 0 0 0 0 0 0 0 0 0 0 0 0 0 0 0 0 0 0 0 0 0 0 0 0 0 0 0 0 0 0 0 0 0 0 0 0 0 0 0 0 0 0 0 0 0 0 0 0 0 0 0 0 0 0 0 0 0 0 0 0 0 0 0 0 0 0 0 0 0 0 0 0 0 0 0 0 0 0 0 0 0 0 0 0 0 0 0 0 0 0 0 0 0 0 0 0 0 0 0 0 0 0 0 0 0 0 0 0 0 0 0 0 0 0 0 0 0 0 0 0 0 0 0 0 0 0 0 0 0 0 0 0 0 0 0 0 0 0 0 0 0 0 0 0 0 0 0 0 0 0 0 0 0 0 0 0 0 0 0 0 0 0 0 0 0 0 0 0 0 0 0 0 0 0 0 0 0 0 0 0 0 0 0 0 0 0 0 0 0 0 0 0 0 0 0 0 0 0 0 0 0 0 0 0 0 0 0 0 0 0 0 0 0 0 0 0 0 0 0 0 0 0 0 0 0 0 0 0 0 0 0 0 0 0 0 0 0 0 0 0 0 0 0 0 0 0 0 0 0 0 0 0 0 0 0 0 0 0 0 0 0 0 0 0 0 0 0 0 0 0 0 0 0 0 0 0 0 0 0 0 0 0 0 0 0 0 0 0 0 0 0 0 0 0 0 0 0 0 0 0 0 0 0 0 0 0 0 0 0 0 0 0 0 0 0 0 0 0 0 0 0 0 0 0 0 0 0 0 0 0 0 0 0 0 0 0 0 0 0 0 0 0 0 0 0 0 0 0 0 0 0 0 0 0 0 0 0 0 0 0 0 0 0 0 0 0 0 0 0 0 0 0 0 0 0 0 0 0 0 0
 0 0 0 0 0 0 0 0 0 0 0 0 0 0 0 0 0 0 0 0 0 0 0 0 0 0 0 0 0 0 0 0 0 0 0 0 0 0 0 0 0 0 0 0 0 0 0 0 0 0 0 0 0 0 0 0 0 0 0 0 0 0 0 0 0 0 0 0 0 0 0 0 0 0 0 0 0 0 0 0 0 0 0 0 0 0 0 0 0 0 0 0 0 0 0 0 0 0 0 0 0 0 0 0 0 0 0 0 0 0 0 0 0 0 0 0 0 0 0 0 0 0 0 0 0 0 0 0 0 0 0 0 0 0 0 0 0 0 0 0 0 0 0 0 0 0 0 0 0 0 0 0 0 0 0 0 0 0 0 0 0 0 0 0 0 0 0 0 0 0 0 0 0 0 0 0 0 0 0 0 0 0 0 0 0 0 0 0 0 0 0 0 0 0 0 0 0 0 0 0 0 0 0 0 0 0 0 0 0 0 0 0 0 0 0 0 0 0 0 0 0 0 0 0 0 0 0 0 0 0 0 0 0 0 0 0 0 0 0 0 0 0 0 0 0 0 0 0 0 0 0 0 0 0 0 0 0 0 0 0 0 0 0 0 0 0 0 0 0 0 0 0 0 0 0 0 0 0 0 0 0 0 0 0 0 0 0 0 0 0 0 0 0 0 0 0 0 0 0 0 0 0 0 0 0 0 0 0 0 0 0 0 0 0 0 0 0 0 0 0 0 0 0 0 0 0 0 0 0 0 0 0 0 0 0 0 0 0 0 0 0 0 0 0 0 0 0 0 0 0 0 0 0 0 0 0 0 0 0 0 0 0 0 0 0 0 0 0 0 0 0 0 0 0 0 0 0 0 0 0 0 0 0 0 0 0 0 0 0 0 0 0 0 0 0 0 0 0 0 0 0 0 0 0 0 0 0 0 0 0 0 0 0 0 0 0 0 0 0 0 0 0 0 0 0 0 0 0 0 0 0 0 0 0 0 0 0 0 0 0 0 0 0 0 0 0 0 0 0 0 0 0 0 0 0 0 0 0 0 0 0 0 0 0 0 0 0 0 0 0 0 0 0 0 0 0 0 0 0 0 0 0 0 0 0 0 0 0 0 0 0 0 0 0 0 0 0 0 0 0 0 0 0 0 0 0 0 0 0 0 0 0 0 0 0 0 0 0 0 0 0 0 0 0 0 0 0 0 0 0 0 0 0 0 0 0 0 0 0 0 0 0 0 0 0 0 0 0 0 0 0 0 0 0 0 0 0 0 0 0 0 0 0 0 0 0 0 0 0 0 0 0 0 0 0 0 0 0 0 0 0 0 0 0 0 0 0 0 0 0 0 0 0 0 0 0 0 0 0 0
 0 0 0 0 0 0 0 0 0 0 0 0 0 0 0 0 0 0 0 0 0 0 0 0 0 0 0 0 0 0 0 0 0 0 0 0 0 0 0 0 0 0 0 0 0 0 0 0 0 0 0 0 0 0 0 0 0 0 0 0 0 0 0 0 0 0 0 0 0 0 0 0 0 0 0 0 0 0 0 0 0 0 0 0 0 0 0 0 0 0 0 0 0 0 0 0 0 0 0 0 0 0 0 0 0 0 0 0 0 0 0 0 0 0 0 0 0 0 0 0 0 0 0 0 0 0 0 0 0 0 0 0 0 0 0 0 0 0 0 0 0 0 0 0 0 0 0 0 0 0 0 0 0 0 0 0 0 0 0 0 0 0 0 0 0 0 0 0 0 0 0 0 0 0 0 0 0 0 0 0 0 0 0 0 0 0 0 0 0 0 0 0 0 0 0 0 0 0 0 0 0 0 0 0 0 0 0 0 0 0 0 0 0 0 0 0 0 0 0 0 0 0 0 0 0 0 0 0 0 0 0 0 0 0 0 0 0 0 0 0 0 0 0 0 0 0 0 0 0 0 0 0 0 0 0 0 0 0 0 0 0 0 0 0 0 0 0 0 0 0 0 0 0 0 0 0 0 0 0 0 0 0 0 0 0 0 0 0.0003320687683299184 0.001099257497116923 0.002295871265232563 0.003963603638112545 0.006144820246845484 0.00887380912899971 0.01216614712029696 0.01604628749191761 0.02052725851535797 0.02574965357780457 0.03174657747149467 0.03853055834770203 0.04614006727933884 0.05464312434196472 0.06403820216655731 0.07436031103134155 0.08564626425504684 0.09773167222738266 0.1105734035372734 0.1240376830101013 0.1381309032440186 0.1528205275535583 0.1680026650428772 0.1835923492908478 0.1995407789945602 0.2158592790365219 0.2325657606124878 0.2496879994869232 0.2671941220760345 0.2824324369430542 0.2932338416576385 0.2981738448143005 0.2963255941867828 0.2870505452156067 0.2726980149745941 0.2590631246566772 0.2461099624633789 0.23380446434021 0.222114235162735 0.2110085189342499 0.2004580944776535 0.1904351860284805 0.180913433432579 0.1718677580356598 0.1632743775844574 0.1551106572151184 0.1473551243543625 0.1399873644113541 0.1329879909753799 0.1263385862112045 0.1200216561555862 0.1140205711126328 0.1083195433020592 0.1029035672545433 0.09775839000940323 0.09287047386169434 0.08822695165872574 0.08381560444831848 0.07962482422590256 0.07564358413219452 0.07186140120029449 0.06826832890510559 0.06485491245985031 0.06161216646432877 0.05853156000375748 0.05560498312115669 0.05282473564147949 0.0501834973692894 0.04767432063817978 0.04529060423374176 0.04302607476711273 0.04087477177381516 0.03883103281259537 0.03688948228955269 0.03504500910639763 0.03329275920987129 0.03162812069058418 0.03004671446979046 0.02854437939822674 0.0271171610802412 0.02576130256056786 0.02447323687374592 0.02324957586824894 0.02208709716796875 0.02098274230957031 0.01993360556662083 0.01893692463636398 0.01799007877707481 0.0170905739068985 0.01623604446649551 0.01542424224317074 0.01465302985161543 0.0139203779399395 0.01322435867041349 0.01256314106285572 0.01193498447537422 0.01133823487907648 0.01077132299542427 0.01023275684565306 0.009721118956804276 0.009235062636435032 0.008773309178650379 0.008334644138813019 0.007917911745607853 0.007522016298025846 0.007145915646106005 0.006788619793951511 0.006449189037084579 0.006126729771494865 0.005820393096655607 0.005529373418539762 0.00525290472432971 0.004990259651094675 0.004740746691823006 0.004503709264099598 0.004278523847460747 0.004064597655087709 0.003861367702484131 0.003668299410492182 0.003484884509816766 0.003310640342533588 0.003145108232274652 0.002987852785736322 0.002838460262864828 0.002696537179872394 0.002561710309237242 0.002433624817058444 0.00231194356456399 0.002196346409618855 0.002086529042571783 0.001982202520594001 0.00188309233635664 0.001788937719538808 0.001699490821920335 0.001614516251720488 0.001533790491521358 0.001457100966945291 0.001384245930239558 0.001315033645369112 0.001249281922355294 0.00118681788444519 0.00112747703678906 0.00107110315002501 0.001017548027448356 0.0009666706318967044 0.000918337085749954 0.0008724202052690089 0.0008287992095574737 0.0007873592549003661 0.0007479913183487952 0.0007105917320586741 0.0006750621250830591 0.0006413090159185231 0.0006092435796745121 0.0005787814152427018 0.0005498423706740141 0.0005223502521403134 0.0004962327657267451 0.0004714211390819401 0.0004478500923141837 0.0004254575760569423 0.0004041846841573715 0.0003839754499495029 0.0003647766716312617 0.0003465378249529749 0.0003292109468020499 0.0003127504023723304 0.000297112885164097 0.0002822572423610836 0.0002681443875189871 0.000254737155046314 0.0002420003002043813 0.0002299002808285877 0.0002184052718803287 0.0002074850053759292 0.0001971107558347285 0.0001872552238637581 0.000177892463398166 0.0001689978380454704 0.0001605479483259842 0.0001525205443613231 0.0001448945113224909 0.0001376497821183875 0.0001307672937400639 0.0001242289290530607 0.0001180174804176204 0.0001121166060329415 0.0001065107790054753 0.0001011852436931804 9.612597932573408e-05 9.131967817666009e-05 8.675369463162497e-05 8.241600880865008e-05 7.829521200619638e-05 7.438044849550352e-05 7.066142279654741e-05 6.7128348746337e-05 6.377193494699895e-05 6.058333747205324e-05 5.755417078034952e-05 5.467646406032145e-05 5.194263940211385e-05 4.934550815960392e-05 4.687823093263432e-05 4.45343175670132e-05 4.230760168866254e-05 4.019222251372412e-05 3.818261029664427e-05 3.62734790542163e-05 3.44598047377076e-05 3.273681431892328e-05 3.10999748762697e-05 2.954497540486045e-05 2.806772681651637e-05 2.666434011189267e-05 2.533112274250016e-05 2.406456587777939e-05 2.286133712914307e-05 2.171826963603962e-05 2.063235660898499e-05 1.96007385966368e-05 1.862070166680496e-05 1.768966649251524e-05 1.680518289504107e-05 1.596492438693531e-05 1.516667816758854e-05 1.440834421373438e-05 1.368792709399713e-05 1.30035305119236e-05 1.235335366800427e-05 1.173568580270512e-05 1.114890164899407e-05 1.059145688486751e-05 1.006188358587679e-05 9.558789315633476e-06 9.080849849851802e-06 8.626807357359212e-06 8.195466762117576e-06 7.785693014739081e-06 7.396408364002127e-06 7.026587809377816e-06 6.675258191535249e-06 6.341495463857427e-06 6.024420599715086e-06 5.723199592466699e-06 5.437039817479672e-06 5.165187758393586e-06 4.906928552372847e-06 4.66158235212788e-06 4.428503416420426e-06 4.20707829107414e-06 3.996724444732536e-06 3.796888222495909e-06 3.607043709052959e-06 3.426691591812414e-06 3.255357114539947e-06 3.09258916786348e-06 2.937959607152152e-06 2.791061660900596e-06 2.651508566486882e-06 2.51893311542517e-06 2.392986516497331e-06 2.273337258884567e-06 2.15967043004639e-06 2.051686806225916e-06 1.949102397702518e-06 1.851647311923443e-06 1.759064957695955e-06 1.671111704126815e-06 1.587556084814423e-06 1.508178229414625e-06 1.432769295206526e-06 1.361130784971465e-06 1.293074205932498e-06 1.228420501320215e-06 1.166999481938547e-06 1.108649485104252e-06 1.053217033586407e-06 1.000556153485377e-06 9.505283742328174e-07 9.03001932783809e-07 8.578518304602767e-07 8.149592645168013e-07 7.742112870801066e-07 7.355007483056397e-07 6.987257279433834e-07 6.637894216510176e-07 6.305999704636633e-07 5.990699492031126e-07 5.691164233212476e-07 5.406606078395271e-07 5.136275831318926e-07 4.879461812379304e-07 4.635488721760339e-07 4.403714228828903e-07 4.18352840370062e-07 3.974352011937299e-07 3.775634525027272e-07 3.586852699299925e-07 3.40751000749151e-07 3.237134365008387e-07 3.07527756149284e-07 2.921513555520505e-07 2.775437906166189e-07 2.636666067701299e-07 2.504832821159653e-07 2.379591137469106e-07 2.26061160901736e-07 2.147581028566492e-07 2.040201962927313e-07 1.938191900308084e-07 1.841282255554688e-07 1.749218085933535e-07
 0 0 0 0 0 0 0 0 0 0 0 0 0 0 0 0 0 0 0 0 0 0 0 0 0 0 0 0 0 0 0 0 0 0 0 0 0 0 0 0 0 0 0 0 0 0 0 0 0 0 0 0 0 0 0 0 0 0 0 0 0 0 0 0 0 0 0 0 0 0 0 0 0 0 0 0 0 0 0 0 0 0 0 0 0 0 0 0 0 0 0 0 0 0 0 0 0 0 0 0 0 0 0 0 0 0 0 0 0 0 0 0 0 0 0 0 0 0 0 0 0 0 0 0 0 0 0 0 0 0 0 0 0 0 0 0 0 0 0 0 0 0 0 0 0 0 0 0 0 0 0 0 0 0 0 0 0 0 0 0 0 0 0 0 0 0 0 0 0 0 0 0 0 0 0 0 0 0 0 0 0 0 0 0 0 0 0 0 0 0 0 0 0 0 0 0 0 0 0 0 0 0 0 0 0 0 0 0 0 0 0 0 0 0 0 0 0 0 0 0 0 0 0 0 0 0 0 0 0 0 0 0 0 0 0 0 0 0 0 0 0 0 0 0 0 0 0 0 0 0 0 0 0 0 0 0 0 0 0 0 0 0 0 0 0 0 0 0 0 0 0 0 0 0 0 0 0 0 0 0 0 0 0 0 0 0 0 0 0 0 0 0 0 0 0 0 0 0 0 0 0 0 0 0 0 0 0 0 0 0 0 0 0 0 0 0 0 0 0 0 0 0 0 0 0 0 0 0 0 0 0 0 0 0 0 0 0 0 0 0 0 0 0 0 0 0 0 0 0 0 0 0 0 0 0 0 0 0 0 0 0 0 0 0 0 0 0 0 0 0 0 0 0 0 0 0 0 0 0 0 0 0 0 0 0 0 0 0 0 0 0 0 0 0 0 0 0 0 0 0 0 0 0 0 0 0 0 0 0 0 0 0 0 0 0 0 0 0 0 0 0 0 0 0 0 0 0 0 0 0 0 0 0 0 0 0 0 0 0 0 0 0 0 0 0 0 0 0 0 0 0 0 0 0 0 0 0 0 0 0 0 0 0 0 0 0 0 0 0 0 0 0 0 0 0 0 0 0 0 0 0 0 0 0 0 0 0 0 0 0 0 0 0 0 0 0 0 0 0 0 0 0 0 0 0 0 0 0 0 0 0 0 0 0 0 0 0 0 0 0 0 0 0 0 0 0 0 0 0 0 0 0 0 0 0 0 0 0 0 0 0 0 0 0 0 0 0 0 0 0 0 0 0 0 0 0 0 0 0 0 0 0 0 0 0 0 0 0 0 0 0 0 0 0 0 0 0 0 0 0 0 0 0 0 0 0 0 0 0 0 0 0 0 0 0 0 0 0 0 0
 0 0 0 0 0 0 0 0 0 0 0 0 0 0 0 0 0 0 0 0 0 0 0 0 0 0 0 0 0 0 0 0 0 0 0 0 0 0 0 0 0 0 0 0 0 0 0 0 0 0 0 0 0 0 0 0 0 0 0 0 0 0 0 0 0 0 0 0 0 0 0 0 0 0 0 0 0 0 0 0 0 0 0 0 0 0 0 0 0 0 0 0 0 0 0 0 0 0 0 0 0 0 0 0 0 0 0 0 0 0 0 0 0 0 0 0 0 0 0 0 0 0 0 0 0 0 0 0 0 0 0 0 0 0 0 0 0 0 0 0 0 0 0 0 0 0 0 0 0 0 0 0 0 0 0 0 0 0 0 0 0 0 0 0 0 0 0 0 0 0 0 0 0 0 0 0 0 0 0 0 0 0 0 0 0 0 0 0 0 0 0 0 0 0 0 0 0 0 0 0 0 0 0 0 0 0 0 0 0 0 0 0 0 0 0 0 0 0 0 0 0 0 0 0 0 0 0 0 0 0 0 0 0 0 0 0 0 0 0 0 0 0 0 0 0 0 0 0 0 0 0 0 0 0 0 0 0 0 0 0 0 0 0 0 0 0 0 0 0 0 0 0 0 0 0 0 0 0 0 0 0 0 0 0 0 0 0 0 0 0 0 0 0 0 0 0 0 0 0 0 0 0 0 0 0 0 0 0 0 0 0 0 0 0 0 0 0 0 0 0 0 0 0 0 0 0 0 0 0 0 0 0 0 0 0 0 0 0 0 0 0 0 0 0 0 0 0 0 0 0 0 0 0 0 0 0 0 0 0 0 0 0 0 0 0 0 0 0 0 0 0 0 0 0 0 0 0 0 0 0 0 0 0 0 0 0 0 0 0 0 0 0 0 0 0 0 0 0 0 0 0 0 0 0 0 0 0 0 0 0 0 0 0 0 0 0 0 0 0 0 0 0 0 0 0 0 0 0 0 0 0 0 0 0 0 0 0 0 0 0 0 0 0 0 0 0 0 0 0 0 0 0 0 0 0 0 0 0 0 0 0 0 0 0 0 0 0 0 0 0 0 0 0 0 0 0 0 0 0 0 0 0 0 0 0 0 0 0 0 0 0 0 0 0 0 0 0 0 0 0 0 0 0 0 0 0 0 0 0 0 0 0 0 0 0 0 0 0 0 0 0 0 0 0 0 0 0 0 0 0 0 0 0 0 0 0 0 0 0 0 0 0 0 0 0 0 0 0 0 0 0 0 0 0 0 0 0 0 0 0 0 0 0 0 0 0 0 0 0 0 0 0 0 0 0 0 0 0 0 0 0 0 0 0 0 0 0 0 0 0 0 0 0 0 0 0 0 0 0 0
 0 0 0 0 0 0 0 0 0 0 0 0 0 0 0 0 0 0 0 0 0 0 0 0 0 0 0 0 0 0 0 0 0 0 0 0 0 0 0 0 0 0 0 0 0 0 0 0 0 0 0 0 0 0 0 0 0 0 0 0 0 0 0 0 0 0 0 0 0 0 0 0 0 0 0 0 0 0 0 0 0 0 0 0 0 0 0 0 0 0 0 0 0 0 0 0 0 0 0 0 0 0 0 0 0 0 0 0 0 0 0 0 0 0 0 0 0 0 0 0 0 0 0 0 0 0 0 0 0 0 0 0 0 0 0 0 0 0 0 0 0 0 0 0 0 0 0 0 0 0 0 0 0 0 0 0 0 0 0 0 0 0 0 0 0 0 0 0 0 0 0 0 0 0 0 0 0 0 0 0 0 0 0 0 0 0 0 0 0 0 0 0 0 0 0 0 0 0 0 0 0 0 0 0 0 0 0 0 0 0 0 0 0 0 0 0 0 0 0 0 0 0 0 0 0 0 0 0 0 0 0 0 0 0 0 0 0 0 0 0 0 0 0 0 0 0 0 0 0 0 0 0 0 0 0 0 0 0 0 0 0 0 0 0 0 0 0 0 0 0 0 0 0 0 0 0 0 0 0 0 0 0 0 0 0 0 0 0 0 0 0 0 0 0 0 0 0 0 0 0 0 0 0 0 0 0 0 0 0 0 0 0 0 0 0 0 0 0 0 0 0 0 0 0 0 0 0 0 0 0 0 0 0 0 0 0 0 0 0 0 0 0 0 0 0 0 0 0 0 0 0 0 0 0 0 0 0 0 0 0 0 0 0 0 0 0 0 0 0 0 0 0 0 0 0 0 0 0 0 0 0 0 0 0 0 0 0 0 0 0 0 0 0 0 0 0 0 0 0 0 0 0 0 0 0 0 0 0 0 0 0 0 0 0 0 0 0 0 0 0 0 0 0 0 0 0 0 0 0 0 0 0 0 0 0 0 0 0 0 0 0 0 0 0 0 0 0 0 0 0 0 0 0 0 0 0 0 0 0 0 0 0 0 0 0 0 0 0 0 0 0 0 0 0 0 0 0 0 0 0 0 0 0 0 0 0 0 0 0 0 0 0 0 0 0 0 0 0 0 0 0 0 0 0 0 0 0 0 0 0 0 0 0 0 0 0 0 0 0 0 0 0 0 0 0 0 0 0 0 0 0 0 0 0 0 0 0 0 0 0 0 0 0 0 0 0 0 0 0 0 0 0 0 0 0 0 0 0 0 0 0 0 0 0 0 0 0 0 0 0 0 0 0 0 0 0 0 0 0 0 0 0 0 0 0 0 0 0 0 0 0 0 0 0 0 0 0 0 0 0
 0 0 0 0 0 0 0 0 0 0 0 0 0 0 0 0 0 0 0 0 0 0 0 0 0 0 0 0 0 0 0 0 0 0 0 0 0 0 0 0 0 0 0 0 0 0 0 0 0 0 0 0 0 0 0 0 0 0 0 0 0 0 0 0 0 0 0 0 0 0 0 0 0 0 0 0 0 0 0 0 0 0 0 0 0 0 0 0 0 0 0 0 0 0 0 0 0 0 0 0 0 0 0 0 0 0 0 0 0 0 0 0 0 0 0 0 0 0 0 0 0 0 0 0 0 0 0 0 0 0 0 0 0 0 0 0 0 0 0 0 0 0 0 0 0 0 0 0 0 0 0 0 0 0 0 0 0 0 0 0 0 0 0 0 0 0 0 0 0 0 0 0 0 0 0 0 0 0 0 0 0 0 0 0 0 0 0 0 0 0 0 0 0 0 0 0 0 0 0 0 0 0 0 0 0 0 0 0 0 0 0 0 0 0 0 0 0 0 0 0 0 0 0 0 0 0 0 0 0 0 0 0 0 0 0 0 0 0 0 0 0 0 0 0 0 0 0 0 0 0 0 0 0 0 0 0 0 0 0 0 0 0 0 0 0 0 0 0 0 0 0 0 0 0 0 0 0 0 0 0 0 0 0 0 0 0 0 0.000421100266976282 0.001280886819586158 0.002561532193794847 0.004323468543589115 0.006591979879885912 0.009395127184689045 0.01279740780591965 0.01685098558664322 0.0215720571577549 0.02701788768172264 0.03323571756482124 0.0402693971991539 0.04814871028065681 0.05690249055624008 0.0665682926774025 0.07715652883052826 0.08868818730115891 0.1010012775659561 0.1140759661793709 0.1277153491973877 0.1418929100036621 0.1564818471670151 0.1714006960391998 0.1865818798542023 0.2020709663629532 0.2178959548473358 0.2340920716524124 0.2507012486457825 0.2669813930988312 0.280317634344101 0.2889301180839539 0.2914506196975708 0.2870559692382812 0.275258481502533 0.2614955604076385 0.248420774936676 0.23599973320961 0.2241997420787811 0.2129897475242615 0.2023402601480484 0.1922232508659363 0.1826120913028717 0.1734814941883087 0.1648074239492416 0.1565670520067215 0.1487386971712112 0.141301766037941 0.134236678481102 0.1275248378515244 0.121148593723774 0.1150911673903465 0.1093366071581841 0.1038697734475136 0.09867628663778305 0.09374247491359711 0.08905535191297531 0.08460258692502975 0.08037246018648148 0.07635384052991867 0.07253614813089371 0.06890933960676193 0.06546387076377869 0.06219067797064781 0.05908114463090897 0.05612708628177643 0.05332073196768761 0.05065469443798065 0.04812195897102356 0.04571586102247238 0.04343006759881973 0.0412585660815239 0.03919563814997673 0.03723585605621338 0.03537406399846077 0.03360535949468613 0.03192508965730667 0.03032883442938328 0.02881239354610443 0.02737177349627018 0.02600318565964699 0.02470302581787109 0.02346787415444851 0.02229448035359383 0.02117975614964962 0.02012076787650585 0.01911472901701927 0.01815899275243282 0.01725104264914989 0.01638849079608917 0.01556906662881374 0.0147906132042408 0.01405108254402876 0.01334852818399668 0.01268110144883394 0.0120470467954874 0.01144469436258078 0.01087245997041464 0.01032883673906326 0.009812395088374615 0.009321775287389755 0.008855686523020267 0.008412902243435383 0.007992257364094257 0.007592644542455673 0.00721301231533289 0.006852361839264631 0.006509743630886078 0.006184256635606289 0.005875043570995331 0.005581291392445564 0.005302226636558771 0.005037115421146154 0.00478525971993804 0.004545996896922588 0.004318696912378073 0.00410276185721159 0.003897623857483268 0.00370274274609983 0.003517605597153306 0.003341725328937173 0.003174639074131846 0.003015907015651464 0.002865111688151956 0.00272185611538589 0.002585763344541192 0.002456475282087922 0.002333651529625058 0.002216968918219209 0.002106120577082038 0.002000814536586404 0.00190077384468168 0.001805735169909894 0.001715448452159762 0.001629675971344113 0.001548192230984569 0.001470782561227679 0.001397243468090892 0.001327381236478686 0.00126101216301322 0.00119796150829643 0.001138063380494714 0.001081160269677639 0.001027102232910693 0.0009757471270859241 0.0009269597940146923 0.0008806118275970221 0.0008365812245756388 0.0007947521517053246 0.0007550145382992923 0.0007172637851908803 0.0006814005901105702 0.0006473305402323604 0.0006149639957584441 0.0005842157988809049 0.0005550049827434123 0.0005272547132335603 0.0005008919979445636 0.0004758473951369524 0.0004520550137385726 0.0004294522514101118 0.0004079796490259469 0.0003875806578435004 0.0003682016395032406 0.0003497915458865464 0.0003323019773233682 0.0003156868915539235 0.0002999025455210358 0.0002849074080586433 0.0002706620434764773 0.0002571289369370788 0.0002442724944557995 0.000232058868277818 0.0002204559277743101 0.0002094331284752116 0.0001989614684134722 0.0001890134008135647 0.0001795627322280779 0.0001705845934338868 0.0001620553666725755 0.0001539525983389467 0.0001462549698771909 0.0001389422250213102 0.0001319951115874574 0.0001253953523701057 0.0001191255869343877 0.0001131693061324768 0.000107510837551672 0.0001021352945826948 9.702853276394308e-05 9.217710612574592e-05 8.756825263844803e-05 8.318984328070655e-05 7.903035293566063e-05 7.507883856305853e-05 7.132489554351196e-05 6.775865040253848e-05 6.437071715481579e-05 6.115218275226653e-05 5.809457434224896e-05 5.518984471564181e-05 5.243035411695018e-05 4.980883750249632e-05 4.731839726446196e-05 4.495247776503675e-05 4.270485442248173e-05 4.056961188325658e-05 3.854113310808316e-05 3.661407754407264e-05 3.478337384876795e-05 3.304420533822849e-05 3.139199543511495e-05 2.982239493576344e-05 2.833127473422792e-05 2.691471127036493e-05 2.556897561589722e-05 2.429052619845606e-05 2.307599970663432e-05 2.192220017604996e-05 2.082608989439905e-05 1.978478576347698e-05 1.87955465662526e-05 1.785576932888944e-05 1.696298022579867e-05 1.611483094166033e-05 1.530908957647625e-05 1.454363518860191e-05 1.381645324727288e-05 1.312563017563662e-05 1.246934880327899e-05 1.184588109026663e-05 1.125358721765224e-05 1.069090831151698e-05 1.015636280499166e-05 9.648544619267341e-06 9.166117706627119e-06 8.707811502972618e-06 8.272420927823987e-06 7.858800017856993e-06 7.465860107913613e-06 7.092567102517933e-06 6.737938747392036e-06 6.401041900971904e-06 6.080989805923309e-06 5.776940270152409e-06 5.488093393068993e-06 5.213688837102382e-06 4.953004463459365e-06 4.705354058387456e-06 4.470086423680186e-06 4.246582193445647e-06 4.034252924611792e-06 3.832540187431732e-06 3.640913291746983e-06 3.458867695371737e-06 3.285924321971834e-06 3.121628196822712e-06 2.965546855193679e-06 2.817269432853209e-06 2.676405983947916e-06 2.542585662013153e-06 2.415456492599333e-06 2.294683781656204e-06 2.179949660785496e-06 2.070952177746221e-06 1.967404614333645e-06 1.869034349510912e-06 1.775582632035366e-06 1.686803443590179e-06 1.60246327141067e-06 1.522340085102769e-06 1.44622310926934e-06 1.37391191401548e-06 1.30521630126168e-06 1.239955508935964e-06 1.177957756226533e-06 1.119059902521258e-06 1.063106878973485e-06 1.009951574815204e-06 9.594540415491792e-07 9.114813224186946e-07 8.659072818772984e-07 8.226119234677753e-07 7.814813329787285e-07 7.424072805406468e-07 7.05286936408811e-07 6.700225867461995e-07 6.365214630932314e-07 6.046954013072536e-07 5.744606141888653e-07 5.457375777950801e-07 5.184506903788133e-07 4.925281587020436e-07 4.679017422404286e-07 4.445066679181764e-07 4.222813458909513e-07 4.011672842807457e-07 3.811089186456229e-07 3.620534698711708e-07 3.439508020619542e-07 3.267532520112582e-07 3.10415600779379e-07 2.948948178982391e-07 2.801500897930964e-07 2.661425924088689e-07 2.528354627884255e-07 2.401936853857478e-07 2.281840068008023e-07 2.167748078818477e-07 2.059360610928707e-07 1.956392594593126e-07 1.858573028812316e-07 1.765644412898837e-07 1.67736217804304e-07
 0 0 0 0 0 0 0 0 0 0 0 0 0 0 0 0 0 0 0 0 0 0 0 0 0 0 0 0 0 0 0 0 0 0 0 0 0 0 0 0 0 0 0 0 0 0 0 0 0 0 0 0 0 0 0 0 0 0 0 0 0 0 0 0 0 0 0 0 0 0 0 0 0 0 0 0 0 0 0 0 0 0 0 0 0 0 0 0 0 0 0 0 0 0 0 0 0 0 0 0 0 0 0 0 0 0 0 0 0 0 0 0 0 0 0 0 0 0 0 0 0 0 0 0 0 0 0 0 0 0 0 0 0 0 0 0 0 0 0 0 0 0 0 0 0 0 0 0 0 0 0 0 0 0 0 0 0 0 0 0 0 0 0 0 0 0 0 0 0 0 0 0 0 0 0 0 0 0 0 0 0 0 0 0 0 0 0 0 0 0 0 0 0 0 0 0 0 0 0 0 0 0 0 0 0 0 0 0 0 0 0 0 0 0 0 0 0 0 0 0 0 0 0 0 0 0 0 0 0 0 0 0 0 0 0 0 0 0 0 0 0 0 0 0 0 0 0 0 0 0 0 0 0 0 0 0 0 0 0 0 0 0 0 0 0 0 0 0 0 0 0 0 0 0 0 0 0 0 0 0 0 0 0 0 0 0 0 0 0 0 0 0 0 0 0 0 0 0 0 0 0 0 0 0 0 0 0 0 0 0 0 0 0 0 0 0 0 0 0 0 0 0 0 0 0 0 0 0 0 0 0 0 0 0 0 0 0 0 0 0 0 0 0 0 0 0 0 0 0 0 0 0 0 0 0 0 0 0 0 0 0 0 0 0 0 0 0 0 0 0 0 0 0 0 0 0 0 0 0 0 0 0 0 0 0 0 0 0 0 0 0 0 0 0 0 0 0 0 0 0 0 0 0 0 0 0 0 0 0 0 0 0 0 0 0 0 0 0 0 0 0 0 0 0 0 0 0 0 0 0 0 0 0 0 0 0 0 0 0 0 0 0 0 0 0 0 0 0 0 0 0 0 0 0 0 0 0 0 0 0 0 0 0 0 0 0 0 0 0 0 0 0 0 0 0 0 0 0 0 0 0 0 0 0 0 0 0 0 0 0 0 0 0 0 0 0 0 0 0 0 0 0 0 0 0 0 0 0 0 0 0 0 0 0 0 0 0 0 0 0 0 0 0 0 0 0 0 0 0 0 0 0 0 0 0 0 0 0 0 0 0 0 0 0 0 0 0 0 0 0 0 0 0 0 0 0 0 0 0 0 0 0 0 0 0 0 0 0 0 0 0 0 0 0 0 0 0 0 0 0 0 0 0 0 0 0 0 0 0 0 0 0 0 0 0 0 0 0 0 0
 0 0 0 0 0 0 0 0 0 0 0 0 0 0 0 0 0 0 0 0 0 0 0 0 0 0 0 0 0 0 0 0 0 0 0 0 0 0 0 0 0 0 0 0 0 0 0 0 0 0 0 0 0 0 0 0 0 0 0 0 0 0 0 0 0 0 0 0 0 0 0 0 0 0 0 0 0 0 0 0 0 0 0 0 0 0 0 0 0 0 0 0 0 0 0 0 0 0 0 0 0 0 0 0 0 0 0 0 0 0 0 0 0 0 0 0 0 0 0 0 0 0 0 0 0 0 0 0 0 0 0 0 0 0 0 0 0 0 0 0 0 0 0 0 0 0 0 0 0 0 0 0 0 0 0 0 0 0 0 0 0 0 0 0 0 0 0 0 0 0 0 0 0 0 0 0 0 0 0 0 0 0 0 0 0 0 0 0 0 0 0 0 0 0 0 0 0 0 0 0 0 0 0 0 0 0 0 0 0 0 0 0 0 0 0 0 0 0 0 0 0 0 0 0 0 0 0 0 0 0 0 0 0 0 0 0 0 0 0 0 0 0 0 0 0 0 0 0 0 0 0 0 0 0 0 0 0 0 0 0 0 0 0 0 0 0 0 0 0 0 0 0 0 0 0 0 0 0 0 0 0 0 0 0 0 0 0 0 0 0 0 0 0 0 0 0 0 0 0 0 0 0 0 0 0 0 0 0 0 0 0 0 0 0 0 0 0 0 0 0 0 0 0 0 0 0 0 0 0 0 0 0 0 0 0 0 0 0 0 0 0 0 0 0 0 0 0 0 0 0 0 0 0 0 0 0 0 0 0 0 0 0 0 0 0 0 0 0 0 0 0 0 0 0 0 0 0 0 0 0 0 0 0 0 0 0 0 0 0 0 0 0 0 0 0 0 0 0 0 0 0 0 0 0 0 0 0 0 0 0 0 0 0 0 0 0 0 0 0 0 0 0 0 0 0 0 0 0 0 0 0 0 0 0 0 0 0 0 0 0 0 0 0 0 0 0 0 0 0 0 0 0 0 0 0 0 0 0 0 0 0 0 0 0 0 0 0 0 0 0 0 0 0 0 0 0 0 0 0 0 0 0 0 0 0 0 0 0 0 0 0 0 0 0 0 0 0 0 0 0 0 0 0 0 0 0 0 0 0 0 0 0 0 0 0 0 0 0 0 0 0 0 0 0 0 0 0 0 0 0 0 0 0 0 0 0 0 0 0 0 0 0 0 0 0 0 0 0 0 0 0 0 0 0 0 0 0 0 0 0 0 0 0 0 0 0 0 0 0 0 0 0 0 0 0 0 0 0 0 0 0 0 0 0 0 0 0 0 0 0 0 0 0 0 0 0 0 0 0 0
 0 0 0 0 0 0 0 0 0 0 0 0 0 0 0 0 0 0 0 0 0 0 0 0 0 0 0 0 0 0 0 0 0 0 0 0 0 0 0 0 0 0 0 0 0 0 0 0 0 0 0 0 0 0 0 0 0 0 0 0 0 0 0 0 0 0 0 0 0 0 0 0 0 0 0 0 0 0 0 0 0 0 0 0 0 0 0 0 0 0 0 0 0 0 0 0 0 0 0 0 0 0 0 0 0 0 0 0 0 0 0 0 0 0 0 0 0 0 0 0 0 0 0 0 0 0 0 0 0 0 0 0 0 0 0 0 0 0 0 0 0 0 0 0 0 0 0 0 0 0 0 0 0 0 0 0 0 0 0 0 0 0 0 0 0 0 0 0 0 0 0 0 0 0 0 0 0 0 0 0 0 0 0 0 0 0 0 0 0 0 0 0 0 0 0 0 0 0 0 0 0 0 0 0 0 0 0 0 0 0 0 0 0 0 0 0 0 0 0 0 0 0 0 0 0 0 0 0 0 0 0 0 0 0 0 0 0 0 0 0 0 0 0 0 0 0 0 0 0 0 0 0 0 0 0 0 0 0 0 0 0 0 0 0 0 0 0 0 0 0 0 0 0 0 0 0 0 0 0 0 0 0 0 0 0 0 0 0 0 0 0 0 0 0 0 0 0 0 0 0 0 0 0 0 0 0 0 0 0 0 0 0 0 0 0 0 0 0 0 0 0 0 0 0 0 0 0 0 0 0 0 0 0 0 0 0 0 0 0 0 0 0 0 0 0 0 0 0 0 0 0 0 0 0 0 0 0 0 0 0 0 0 0 0 0 0 0 0 0 0 0 0 0 0 0 0 0 0 0 0 0 0 0 0 0 0 0 0 0 0 0 0 0 0 0 0 0 0 0 0 0 0 0 0 0 0 0 0 0 0 0 0 0 0 0 0 0 0 0 0 0 0 0 0 0 0 0 0 0 0 0 0 0 0 0 0 0 0 0 0 0 0 0 0 0 0 0 0 0 0 0 0 0 0 0 0 0 0 0 0 0 0 0 0 0 0 0 0 0 0 0 0 0 0 0 0 0 0 0 0 0 0 0 0 0 0 0 0 0 0 0 0 0 0 0 0 0 0 0 0 0 0 0 0 0 0 0 0 0 0 0 0 0 0 0 0 0 0 0 0 0 0 0 0 0 0 0 0 0 0 0 0 0 0 0 0 0 0 0 0 0 0 0 0 0 0 0 0 0 0 0 0 0 0 0 0 0 0 0 0 0 0 0 0 0 0 0 0 0 0 0 0 0 0 0 0 0 0 0 0 0 0 0 0 0 0 0 0 0 0 0 0 0 0 0 0 0 0 0 0
 0 0 0 0 0 0 0 0 0 0 0 0 0 0 0 0 0 0 0 0 0 0 0 0 0 0 0 0 0 0 0 0 0 0 0 0 0 0 0 0 0 0 0 0 0 0 0 0 0 0 0 0 0 0 0 0 0 0 0 0 0 0 0 0 0 0 0 0 0 0 0 0 0 0 0 0 0 0 0 0 0 0 0 0 0 0 0 0 0 0 0 0 0 0 0 0 0 0 0 0 0 0 0 0 0 0 0 0 0 0 0 0 0 0 0 0 0 0 0 0 0 0 0 0 0 0 0 0 0 0 0 0 0 0 0 0 0 0 0 0 0 0 0 0 0 0 0 0 0 0 0 0 0 0 0 0 0 0 0 0 0 0 0 0 0 0 0 0 0 0 0 0 0 0 0 0 0 0 0 0 0 0 0 0 0 0 0 0 0 0 0 0 0 0 0 0 0 0 0 0 0 0 0 0 0 0 0 0 0 0 0 0 0 0 0 0 0 0 0 0 0 0 0 0 0 0 0 0 0 0 0 0 0 0 0 0 0 0 0 0 0 0 0 0 0 0 0 0 0 0 0 0 0 0 0 0 0 0 0 0 0 0 0 0 0 0 0 0 0 0 0 0 0 0 0 0 0 0 0 0 0 0 0 0 0 0 0.0001876026944955811 0.0008203898905776441 0.001912481617182493 0.003484608372673392 0.005589088425040245 0.008247457444667816 0.01147536747157574 0.0152956573292613 0.01976081356406212 0.02496166899800301 0.03093035519123077 0.03768223896622658 0.04524070024490356 0.0536402203142643 0.06291605532169342 0.07305194437503815 0.0840599462389946 0.09582008421421051 0.1083151027560234 0.1214152351021767 0.1350805014371872 0.1493212431669235 0.1640050411224365 0.1790680438280106 0.1944233924150467 0.2101044952869415 0.2261453717947006 0.2425331026315689 0.2592783570289612 0.274173229932785 0.2851051390171051 0.2905387282371521 0.2894333600997925 0.2811534404754639 0.2670957744121552 0.2537409961223602 0.2410539388656616 0.2290012389421463 0.2175511717796326 0.2066736072301865 0.1963399201631546 0.1865229308605194 0.1771967858076096 0.1683369427919388 0.1599200963973999 0.1519240885972977 0.1443278789520264 0.137111485004425 0.1302559077739716 0.1237431094050407 0.1175559535622597 0.1116781532764435 0.1060942485928535 0.1007895395159721 0.09575006365776062 0.09096255898475647 0.08641443401575089 0.08209371566772461 0.07798902690410614 0.07408957183361053 0.07038509100675583 0.06686583906412125 0.06352254748344421 0.06034642085433006 0.05732909962534904 0.05446264520287514 0.05173951387405396 0.04915253818035126 0.04669491201639175 0.04436016827821732 0.04214216023683548 0.04003505408763885 0.03803330287337303 0.03613163903355598 0.03432505577802658 0.03260880336165428 0.03097836300730705 0.02942944504320621 0.0279579721391201 0.02656007371842861 0.02523206919431686 0.02397046610713005 0.02277194336056709 0.02163334563374519 0.02055167779326439 0.01952409371733665 0.01854788884520531 0.01762049458920956 0.01673946902155876 0.01590249501168728 0.01510736998170614 0.01435200124979019 0.0136344013735652 0.01295268163084984 0.01230504736304283 0.0116897951811552 0.0111053055152297 0.01055003982037306 0.01002253778278828 0.009521410800516605 0.009045340120792389 0.008593073114752769 0.008163419552147388 0.007755248807370663 0.007367486134171486 0.006999111734330654 0.006649156101047993 0.006316698156297207 0.006000863388180733 0.005700820125639439 0.005415779072791338 0.005144990049302578 0.004887740593403578 0.004643353633582592 0.004411186091601849 0.004190626554191113 0.003981095273047686 0.003782040439546108 0.003592938417568803 0.003413291415199637 0.003242626786231995 0.003080495400354266 0.002926470711827278 0.002780147129669785 0.002641139784827828 0.002509082900360227 0.002383628860116005 0.002264447510242462 0.002151225227862597 0.002043663989752531 0.001941480790264904 0.001844406710006297 0.001752186333760619 0.001664577051997185 0.001581348245963454 0.001502280822023749 0.001427166745997965 0.001355808461084962 0.00128801807295531 0.00122361711692065 0.001162436208687723 0.001104314345866442 0.001049098675139248 0.0009966437937691808 0.0009468116331845522 0.0008994710515253246 0.0008544974843971431 0.0008117725956253707 0.0007711839862167835 0.0007326247869059443 0.000695993541739881 0.0006611938588321209 0.000628134177532047 0.0005967274773865938 0.0005668911035172641 0.0005385465337894857 0.0005116192041896284 0.00048603824689053 0.0004617363447323442 0.0004386495274957269 0.0004167170554865152 0.0003958812158089131 0.0003760871477425098 0.0003572827845346183 0.0003394186496734619 0.0003224477113690227 0.0003063253243453801 0.000291009055217728 0.000276458595180884 0.0002626356726977974 0.0002495038788765669 0.0002370286820223555 0.0002251772530144081 0.0002139183925464749 0.0002032224729191512 0.0001930613507283852 0.0001834082795539871 0.0001742378663038835 0.0001655259693507105 0.0001572496694279835 0.0001493871823186055 0.0001419178297510371 0.0001348219375358894 0.0001280808355659246 0.0001216767923324369 0.0001155929494416341 0.0001098132997867651 0.0001043226366164163 9.910650260280818e-05 9.415117528988048e-05 8.944361616158858e-05 8.497143426211551e-05 8.072286436799914e-05 7.668672333238646e-05 7.285238825716078e-05 6.920976738911122e-05 6.57492782920599e-05 6.246181146707386e-05 5.933871943852864e-05 5.637178401229903e-05 5.35531944478862e-05 5.087553290650249e-05 4.833175626117736e-05 4.591516699292697e-05 4.361940955277532e-05 4.143843761994503e-05 3.936651410185732e-05 3.739818930625916e-05 3.552827911335044e-05 3.375186497578397e-05 3.206427209079266e-05 3.046105848625302e-05 2.893800592573825e-05 2.749110535660293e-05 2.611654963402543e-05 2.481072260707151e-05 2.357018638576847e-05 2.239167770312633e-05 2.127209336322267e-05 2.020848842221312e-05 1.919806345540565e-05 1.823816091928165e-05 1.732625241857022e-05 1.645994052523747e-05 1.563694422657136e-05 1.485509710619226e-05 1.411234188708477e-05 1.340672497462947e-05 1.273638918064535e-05 1.209957008541096e-05 1.149459149019094e-05 1.091986177925719e-05 1.037386846292065e-05 9.855175449047238e-06 9.362416676594876e-06 8.894296115613542e-06 8.449581400782336e-06 8.027102012420073e-06 7.62574700274854e-06 7.244459538924275e-06 6.882236448291223e-06 6.538124580401927e-06 6.211218533280771e-06 5.900657470192527e-06 5.605624664895004e-06 5.325343408912886e-06 5.059076102043036e-06 4.80612243336509e-06 4.565816198009998e-06 4.337525297160028e-06 4.120649009564659e-06 3.914616627298528e-06 3.718885864145705e-06 3.532941491357633e-06 3.356294428158435e-06 3.18847969538183e-06 3.029055733350106e-06 2.87760303763207e-06 2.733722794800997e-06 2.597036655060947e-06 2.46718491325737e-06 2.343825599382399e-06 2.226634251201176e-06 2.115302550009801e-06 2.009537411140627e-06 1.909060529214912e-06 1.813607468648115e-06 1.722927095215709e-06 1.636780780245317e-06 1.554941718495684e-06 1.477194587096164e-06 1.403334863425698e-06 1.333168142991781e-06 1.266509684683115e-06 1.203184183395933e-06 1.143024974226137e-06 1.085873691408779e-06 1.031580040944391e-06 9.800010047911201e-07 9.310009545515641e-07 8.844509125083277e-07 8.402283810937661e-07 7.982169449860521e-07 7.583061005789205e-07 7.203908012343163e-07 6.84371286752139e-07 6.501527423097286e-07 6.176451279316097e-07 5.867628942723968e-07 5.574247552431189e-07 5.295535174809629e-07 5.030758529755985e-07 4.779220716955024e-07 4.54025979479411e-07 4.31324679084355e-07 4.09758456498821e-07 3.892705251473672e-07 3.698069974689133e-07 3.51316657543066e-07 3.337508189815708e-07 3.170632680848939e-07 3.012100933119655e-07 2.86149600015051e-07 2.718421114877856e-07 2.582499973868835e-07 2.453375032018812e-07 2.330706223574452e-07 2.214170962133721e-07 2.103462435343317e-07 1.998289320681579e-07 1.898374790698654e-07 1.803456086690858e-07 1.713283239723751e-07 1.627619070632136e-07
 0 0 0 0 0 0 0 0 0 0 0 0 0 0 0 0 0 0 0 0 0 0 0 0 0 0 0 0 0 0 0 0 0 0 0 0 0 0 0 0 0 0 0 0 0 0 0 0 0 0 0 0 0 0 0 0 0 0 0 0 0 0 0 0 0 0 0 0 0 0 0 0 0 0 0 0 0 0 0 0 0 0 0 0 0 0 0 0 0 0 0 0 0 0 0 0 0 0 0 0 0 0 0 0 0 0 0 0 0 0 0 0 0 0 0 0 0 0 0 0 0 0 0 0 0 0 0 0 0 0 0 0 0 0 0 0 0 0 0 0 0 0 0 0 0 0 0 0 0 0 0 0 0 0 0 0 0 0 0 0 0 0 0 0 0 0 0 0 0 0 0 0 0 0 0 0 0 0 0 0 0 0 0 0 0 0 0 0 0 0 0 0 0 0 0 0 0 0 0 0 0 0 0 0 0 0 0 0 0 0 0 0 0 0 0 0 0 0 0 0 0 0 0 0 0 0 0 0 0 0 0 0 0 0 0 0 0 0 0 0 0 0 0 0 0 0 0 0 0 0 0 0 0 0 0 0 0 0 0 0 0 0 0 0 0 0 0 0 0 0 0 0 0 0 0 0 0 0 0 0 0 0 0 0 0 0 0 0 0 0 0 0 0 0 0 0 0 0 0 0 0 0 0 0 0 0 0 0 0 0 0 0 0 0 0 0 0 0 0 0 0 0 0 0 0 0 0 0 0 0 0 0 0 0 0 0 0 0 0 0 0 0 0 0 0 0 0 0 0 0 0 0 0 0 0 0 0 0 0 0 0 0 0 0 0 0 0 0 0 0 0 0 0 0 0 0 0 0 0 0 0 0 0 0 0 0 0 0 0 0 0 0 0 0 0 0 0 0 0 0 0 0 0 0 0 0 0 0 0 0 0 0 0 0 0 0 0 0 0 0 0 0 0 0 0 0 0 0 0 0 0 0 0 0 0 0 0 0 0 0 0 0 0 0 0 0 0 0 0 0 0 0 0 0 0 0 0 0 0 0 0 0 0 0 0 0 0 0 0 0 0 0 0 0 0 0 0 0 0 0 0 0 0 0 0 0 0 0 0 0 0 0 0 0 0 0 0 0 0 0 0 0 0 0 0 0 0 0 0 0 0 0 0 0 0 0 0 0 0 0 0 0 0 0 0 0 0 0 0 0 0 0 0 0 0 0 0 0 0 0 0 0 0 0 0 0 0 0 0 0 0 0 0 0 0 0 0 0 0 0 0 0 0 0 0 0 0 0 0 0 0 0 0 0 0 0 0 0 0 0 0 0 0 0 0 0 0 0 0 0 0 0 0 0 0 0 0 0 0 0
 0 0 0 0 0 0 0 0 0 0 0 0 0 0 0 0 0 0 0 0 0 0 0 0 0 0 0 0 0 0 0 0 0 0 0 0 0 0 0 0 0 0 0 0 0 0 0 0 0 0 0 0 0 0 0 0 0 0 0 0 0 0 0 0 0 0 0 0 0 0 0 0 0 0 0 0 0 0 0 0 0 0 0 0 0 0 0 0 0 0 0 0 0 0 0 0 0 0 0 0 0 0 0 0 0 0 0 0 0 0 0 0 0 0 0 0 0 0 0 0 0 0 0 0 0 0 0 0 0 0 0 0 0 0 0 0 0 0 0 0 0 0 0 0 0 0 0 0 0 0 0 0 0 0 0 0 0 0 0 0 0 0 0 0 0 0 0 0 0 0 0 0 0 0 0 0 0 0 0 0 0 0 0 0 0 0 0 0 0 0 0 0 0 0 0 0 0 0 0 0 0 0 0 0 0 0 0 0 0 0 0 0 0 0 0 0 0 0 0 0 0 0 0 0 0 0 0 0 0 0 0 0 0 0 0 0 0 0 0 0 0 0 0 0 0 0 0 0 0 0 0 0 0 0 0 0 0 0 0 0 0 0 0 0 0 0 0 0 0 0 0 0 0 0 0 0 0 0 0 0 0 0 0 0 0 0 0 0 0 0 0 0 0 0 0 0 0 0 0 0 0 0 0 0 0 0 0 0 0 0 0 0 0 0 0 0 0 0 0 0 0 0 0 0 0 0 0 0 0 0 0 0 0 0 0 0 0 0 0 0 0 0 0 0 0 0 0 0 0 0 0 0 0 0 0 0 0 0 0 0 0 0 0 0 0 0 0 0 0 0 0 0 0 0 0 0 0 0 0 0 0 0 0 0 0 0 0 0 0 0 0 0 0 0 0 0 0 0 0 0 0 0 0 0 0 0 0 0 0 0 0 0 0 0 0 0 0 0 0 0 0 0 0 0 0 0 0 0 0 0 0 0 0 0 0 0 0 0 0 0 0 0 0 0 0 0 0 0 0 0 0 0 0 0 0 0 0 0 0 0 0 0 0 0 0 0 0 0 0 0 0 0 0 0 0 0 0 0 0 0 0 0 0 0 0 0 0 0 0 0 0 0 0 0 0 0 0 0 0 0 0 0 0 0 0 0 0 0 0 0 0 0 0 0 0 0 0 0 0 0 0 0 0 0 0 0 0 0 0 0 0 0 0 0 0 0 0 0 0 0 0 0 0 0 0 0 0 0 0 0 0 0 0 0 0 0 0 0 0 0 0 0 0 0 0 0 0 0 0 0 0 0 0 0 0 0 0 0 0 0 0 0 0 0 0 0 0 0 0 0 0 0 0 0 0 0 0 0 0 0


# name: r_0_m17_G0_L0p3_D0p7
# type: matrix
# rows: 1
# columns: 14
 0 -17 0.2 0 0.3 0 -8.357144999999999 0 0 0.134448806577076 0 118.8333333333333 0.752772652709081 0.7




