# Created by Octave 3.8.2, Mon Jun 19 12:02:25 2017 BST <co1ssj@node117>
# name: result
# type: scalar struct
# ndims: 2
 1 1
# length: 3
# name: params
# type: scalar struct
# ndims: 2
 1 1
# length: 18
# name: cleanup
# type: scalar
0


# name: num_runs
# type: scalar
6


# name: dopamine
# type: scalar
0.7


# name: targetCross
# type: scalar
1


# name: targetLuminance
# type: scalar
0.3


# name: targetWidthX
# type: scalar
6


# name: targetWidthY
# type: scalar
2


# name: fixCross
# type: scalar
1


# name: fixLuminance
# type: scalar
0.2


# name: fixWidthX
# type: scalar
6


# name: fixWidthY
# type: scalar
2


# name: fixOn
# type: scalar
0


# name: targetOff
# type: scalar
1


# name: targetOn
# type: scalar
0.2


# name: fixOff
# type: scalar
0.2


# name: targetThetaX
# type: scalar
0


# name: targetThetaY
# type: scalar
-7


# name: exptnum
# type: scalar
0




# name: r_0_m7_G0_L0p3_D0p7_llbn
# type: matrix
# rows: 24
# columns: 600
 0 0 0 0 0 0 0 0 0 0 0 0 0 0 0 0 0 0 0 0 0 0 0 0 0 0 0 0 0 0 0 0 0 0 0 0 0 0 0 0 0 0 0 0 0 0 0 0 0 0 0 0 0 0 0 0 0 0 0 0 0 0 0 0 0 0 0 0 0 0 0 0 0 0 0 0 0 0 0 0 0 0 0 0 0 0 0 0 0 0 0 0 0 0 0 0 0 0 0 0 0 0 0 0 0 0 0 0 0 0 0 0 0 0 0 0 0 0 0 0 0 0 0 0 0 0 0 0 0 0 0 0 0 0 0 0 0 0 0 0 0 0 0 0 0 0 0 0 0 0 0 0 0 0 0 0 0 0 0 0 0 0 0 0 0 0 0 0 0 0 0 0 0 0 0 0 0 0 0 0 0 0 0 0 0 0 0 0 0 0 0 0 0 0 0 0 0 0 0 0 0 0 0 0 0 0 0 0 0 0 0 0 0 0 0 0 0 0 0 0 0 0 0 0 0 0 0 0 0 0 0 0 0 0 0 0 0 0 0 0 0 0 0 0 0 0 0 0 0 0 0 0 0 0 0 0 0 0 0 0 0 0 0 0 0 0 0 0 0 0 0 0 0 0 0 0 0 0 0 0 0 0 0 0 0 0 0 0 0 0 0 0 0 0 0 0 0 0 0 0 0 0 0 0 0 0 0 0 0 0 0 0 0 0 0 0 0 0 0 0 0 0 0 0 0 0 0 0 0 0 0 0 0 0 0 0 0 0 0 0 0 0 0 0 0 0 0 0 0 0 0 0 0 0 0 0 0 0 0 0 0 0 0 0 0 0 0 0 0 0 0 0 0 0 0 0 0 0 0 0 0 0 0 0 0 0 0 0 0 0 0 0 0 0 0 0 0 0 0 0 0 0 0 0 0 0 0 0 0 0 0 0 0 0 0 0 0 0 0 0 0 0 0 0 0 0 0 0 0 0 0 0 0 0 0 0 0 0 0 0 0 0 0 0 0 0 0 0 0 0 0 0 0 0 0 0 0 0 0 0 0 0 0 0 0 0 0 0 0 0 0 0 0 0 0 0 0 0 0 0 0 0 0 0 0 0 0 0 0 0 0 0 0 0 0 0 0 0 0 0 0 0 0 0 0 0 0 0 0 0 0 0 0 0 0 0 0 0 0 0 0 0 0 0 0 0 0 0 0 0 0 0 0 0 0 0 0 0 0 0 0 0 0 0 0 0 0 0 0 0 0 0 0 0 0 0 0 0 0 0 0 0 0 0 0 0 0 0 0 0 0 0 0 0 0 0 0 0 0 0 0 0 0 0 0 0 0 0 0 0 0 0 0 0 0 0 0 0 0 0
 0 0 0 0 0 0 0 0 0 0 0 0 0 0 0 0 0 0 0 0 0 0 0 0 0 0 0 0 0 0 0 0 0 0 0 0 0 0 0 0 0 0 0 0 0 0 0 0 0 0 0 0 0 0 0 0 0 0 0 0 0 0 0 0 0 0 0 0 0 0 0 0 0 0 0 0 0 0 0 0 0 0 0 0 0 0 0 0 0 0 0 0 0 0 0 0 0 0 0 0 0 0 0 0 0 0 0 0 0 0 0 0 0 0 0 0 0 0 0 0 0 0 0 0 0 0 0 0 0 0 0 0 0 0 0 0 0 0 0 0 0 0 0 0 0 0 0 0 0 0 0 0 0 0 0 0 0 0 0 0 0 0 0 0 0 0 0 0 0 0 0 0 0 0 0 0 0 0 0 0 0 0 0 0 0 0 0 0 0 0 0 0 0 0 0 0 0 0 0 0 0 0 0 0 0 0 0 0 0 0 0 0 0 0 0 0 0 0 0 0 0 0 0 0 0 0 0 0 0 0 0 0 0 0 0 0 0 0 0 0 0 0 0 0 0 0 0 0 0 0 0 0 0 0 0 0 0 0 0 0 0 0 0 0 0 0 0 0 0 0 0 0 0 0 0 0 0 0 0 0 0 0 0 0 0 0 0 0 0 0 0 0 0 0 0 0.0001723028981359676 0.0005593802197836339 0.001137534156441689 0.001894590444862843 0.002813690574839711 0.003907698206603527 0.005161354783922434 0.006570183672010899 0.008119404315948486 0.009791897609829903 0.0115759614855051 0.01347233820706606 0.0154691319912672 0.01752403564751148 0.01964472606778145 0.02183778397738934 0.02409355342388153 0.02640821598470211 0.02879036776721478 0.03123932890594006 0.03374893590807915 0.03631425276398659 0.03894460201263428 0.04162276536226273 0.04435276985168457 0.0471208281815052 0.04991347342729568 0.05272810533642769 0.05556613951921463 0.05842438712716103 0.06130513548851013 0.06420071423053741 0.06708324700593948 0.06996158510446548 0.07284142076969147 0.07572820782661438 0.07861199229955673 0.08148951828479767 0.0843651220202446 0.08723602443933487 0.09009962528944016 0.0922149270772934 0.09276331216096878 0.09123605489730835 0.08732791990041733 0.08296152204275131 0.07881344854831696 0.07487277686595917 0.07112913578748703 0.06757267564535141 0.06419403851032257 0.06098433583974838 0.05793511867523193 0.05503836274147034 0.05228644609451294 0.04967212304472923 0.04718851670622826 0.04482908919453621 0.04258763417601585 0.04045825079083443 0.03843533992767334 0.03651357442140579 0.03468789532780647 0.03295350074768066 0.03130582720041275 0.02974053658545017 0.02825351059436798 0.02684083580970764 0.02549879439175129 0.02422385476529598 0.02301266230642796 0.02186203002929688 0.02076892927289009 0.01973048225045204 0.01874395832419395 0.0178067609667778 0.01691642217338085 0.01607060059905052 0.01526707038283348 0.01450371649116278 0.01377853099256754 0.01308960467576981 0.0124351242557168 0.01181336771696806 0.01122269965708256 0.01066156476736069 0.01012848690152168 0.009622062556445599 0.00914095900952816 0.008683910593390465 0.008249714970588684 0.007837229408323765 0.007445367984473705 0.007073099724948406 0.006719444878399372 0.006383472587913275 0.006064299028366804 0.005761084146797657 0.005473029799759388 0.005199378356337547 0.00493940943852067 0.004692438989877701 0.004457816947251558 0.00423492630943656 0.00402317987754941 0.003822020953521132 0.003630919847637415 0.003449373878538609 0.003276905277743936 0.003113060025498271 0.002957406919449568 0.002809536643326283 0.002669059904292226 0.002535606967285275 0.002408826723694801 0.002288385294377804 0.002173966029658914 0.002065267646685243 0.001962004229426384 0.001863904064521194 0.001770708826370537 0.001682173344306648 0.001598064671270549 0.001518161385320127 0.001442253356799483 0.001370140700601041 0.001301633659750223 0.001236552023328841 0.001174724427983165 0.001115988241508603 0.001060188864357769 0.001007179380394518 0.0009568204404786229 0.0009089794475585222 0.0008635304984636605 0.0008203539764508605 0.0007793362601660192 0.000740369432605803 0.0007033509900793433 0.0006681834347546101 0.0006347742746584117 0.0006030355580151081 0.0005728837568312883 0.0005442395922727883 0.0005170276272110641 0.0004911762662231922 0.0004666174645535648 0.0004432865825947374 0.0004211222403682768 0.0004000661429017782 0.0003800628473982215 0.0003610597050283104 0.0003430067154113203 0.0003258563810959458 0.0003095635620411485 0.0002940853883046657 0.0002793811145238578 0.000265412061708048 0.0002521414717193693 0.0002395343908574432 0.0002275576698593795 0.0002161797892767936 0.0002053708012681454 0.0001951022568391636 0.0001853471476351842 0.0001760797895258293 0.0001672757935011759 0.000158912007464096 0.0001509663998149335 0.0001434180740034208 0.0001362471666652709 0.0001294348039664328 0.0001229630579473451 0.0001168149028671905 0.0001109741569962353 0.0001054254462360404 0.0001001541750156321 9.514646808383986e-05 9.038914140546694e-05 8.586968760937452e-05 8.15762032289058e-05 7.749739597784355e-05 7.362252654274926e-05 6.994140130700544e-05 6.644432869507e-05 6.312211189651862e-05 5.996600521029904e-05 5.69677067687735e-05 5.411932215793058e-05 5.14133571414277e-05 4.884268855676055e-05 4.640055340132676e-05 4.408052700455301e-05 4.187650120002218e-05 3.978267704951577e-05 3.779354301514104e-05 3.590386768337339e-05 3.410867429920472e-05 3.240324076614343e-05 3.078307781834155e-05 2.924392356362659e-05 2.778172711259685e-05 2.639264130266383e-05 2.50730099651264e-05 2.381935883022379e-05 2.262839007016737e-05 2.149697138520423e-05 2.042212327069137e-05 1.940101719810627e-05 1.84309665200999e-05 1.750941737554967e-05 1.663394687057007e-05 1.58022503455868e-05 1.501213773735799e-05 1.426153085049009e-05 1.354845426249085e-05 1.287103168579051e-05 1.22274805107736e-05 1.161610634881072e-05 1.103530121326912e-05 1.048353624355514e-05 9.95935988612473e-06 9.461391528020613e-06 8.988321496872231e-06 8.53890560392756e-06 8.111960596579593e-06 7.706362339376938e-06 7.321043995034415e-06 6.9549919317069e-06 6.607242539757863e-06 6.27688041276997e-06 5.963036528555676e-06 3.135229781037197e-05 0.0002578824642114341 0.0006706942804157734 0.001234211726114154 0.001940673915669322 0.002775645814836025 0.003737548133358359 0.004814463667571545 0.005980658810585737 0.007236908655613661 0.008577318862080574 0.01000313367694616 0.01150423474609852 0.01307263039052486 0.01471247617155313 0.01642238907516003 0.01819092035293579 0.02002224512398243 0.0219164751470089 0.02386990003287792 0.02587119303643703 0.02790838666260242 0.02996779792010784 0.03203397244215012 0.03410455957055092 0.03618055209517479 0.03825874254107475 0.04033062234520912 0.04238633438944817 0.04442853853106499 0.04646376147866249 0.04849215969443321 0.05051607266068459 0.05253792181611061 0.05455062910914421 0.05655602738261223 0.05855491012334824 0.06054913625121117 0.06253995001316071 0.0645311251282692 0.06651942431926727 0.0684979110956192 0.07046211510896683 0.07241210341453552 0.07434814423322678 0.07602865248918533 0.076610267162323 0.07557431608438492 0.07261071354150772 0.06898017972707748 0.0655311718583107 0.06225461512804031 0.05914188548922539 0.0561847910284996 0.05337554961442947 0.05070677399635315 0.04817143455147743 0.04576286301016808 0.0434747189283371 0.04130098223686218 0.03923593461513519 0.03727413713932037 0.03541043028235435 0.03363990783691406 0.03195791319012642 0.03036001697182655 0.0288420170545578 0.02739991620182991 0.0260299202054739 0.02472842484712601 0.02349200285971165 0.02231740206480026 0.02120153233408928
 0 0 0 0 0 0 0 0 0 0 0 0 0 0 0 0 0 0 0 0 0 0 0 0 0 0 0 0 0 0 0 0 0 0 0 0 0 0 0 0 0 0 0 0 0 0 0 0 0 0 0 0 0 0 0 0 0 0 0 0 0 0 0 0 0 0 0 0 0 0 0 0 0 0 0 0 0 0 0 0 0 0 0 0 0 0 0 0 0 0 0 0 0 0 0 0 0 0 0 0 0 0 0 0 0 0 0 0 0 0 0 0 0 0 0 0 0 0 0 0 0 0 0 0 0 0 0 0 0 0 0 0 0 0 0 0 0 0 0 0 0 0 0 0 0 0 0 0 0 0 0 0 0 0 0 0 0 0 0 0 0 0 0 0 0 0 0 0 0 0 0 0 0 0 0 0 0 0 0 0 0 0 0 0 0 0 0 0 0 0 0 0 0 0 0 0 0 0 0 0 0 0 0 0 0 0 0 0 0 0 0 0 0 0 0 0 0 0 0 0 0 0 0 0 0 0 0 0 0 0 0 0 0 0 0 0 0 0 0 0 0 0 0 0 0 0 0 0 0 0 0 0 0 0 0 0 0 0 0 0 0 0 0 0 0 0 0 0 0 0 0 0 0 0 0 0 0 0 0 0 0 0 0 0 0 0 0 0 0 0 0 0 0 0 0 0 0 0 0 0 0 0 0 0 0 0 0 0 0 0 0 0 0 0 0 0 0 0 0 0 0 0 0 0 0 0 0 0 0 0 0 0 0 0 0 0 0 0 0 0 0 0 0 0 0 0 0 0 0 0 0 0 0 0 0 0 0 0 0 0 0 0 0 0 0 0 0 0 0 0 0 0 0 0 0 0 0 0 0 0 0 0 0 0 0 0 0 0 0 0 0 0 0 0 0 0 0 0 0 0 0 0 0 0 0 0 0 0 0 0 0 0 0 0 0 0 0 0 0 0 0 0 0 0 0 0 0 0 0 0 0 0 0 0 0 0 0 0 0 0 0 0 0 0 0 0 0 0 0 0 0 0 0 0 0 0 0 0 0 0 0 0 0 0 0 0 0 0 0 0 0 0 0 0 0 0 0 0 0 0 0 0 0 0 0 0 0 0 0 0 0 0 0 0 0 0 0 0 0 0 0 0 0 0 0 0 0 0 0 0 0 0 0 0 0 0 0 0 0 0 0 0 0 0 0 0 0 0 0 0 0 0 0 0 0 0 0 0 0 0 0 0 0 0 0 0 0 0 0 0 0 0 0 0 0 0 0 0 0 0 0 0 0 0 0 0 0 0 0 0 0 0 0 0 0 0 0 0 0 0 0 0 0 0 0 0 0 0 0 0 0 0 0 0 0 0 0 0 0 0
 0 0 0 0 0 0 0 0 0 0 0 0 0 0 0 0 0 0 0 0 0 0 0 0 0 0 0 0 0 0 0 0 0 0 0 0 0 0 0 0 0 0 0 0 0 0 0 0 0 0 0 0 0 0 0 0 0 0 0 0 0 0 0 0 0 0 0 0 0 0 0 0 0 0 0 0 0 0 0 0 0 0 0 0 0 0 0 0 0 0 0 0 0 0 0 0 0 0 0 0 0 0 0 0 0 0 0 0 0 0 0 0 0 0 0 0 0 0 0 0 0 0 0 0 0 0 0 0 0 0 0 0 0 0 0 0 0 0 0 0 0 0 0 0 0 0 0 0 0 0 0 0 0 0 0 0 0 0 0 0 0 0 0 0 0 0 0 0 0 0 0 0 0 0 0 0 0 0 0 0 0 0 0 0 0 0 0 0 0 0 0 0 0 0 0 0 0 0 0 0 0 0 0 0 0 0 0 0 0 0 0 0 0 0 0 0 0 0 0 0 0 0 0 0 0 0 0 0 0 0 0 0 0 0 0 0 0 0 0 0 0 0 0 0 0 0 0 0 0 0 0 0 0 0 0 0 0 0 0 0 0 0 0 0 0 0 0 0 0 0 0 0 0 0 0 0 0 0 0 0 0 0 0 0 0 0 0 0 0 0 0 0 0 0 0 0 0 0 0 0 0 0 0 0 0 0 0 0 0 0 0 0 0 0 0 0 0 0 0 0 0 0 0 0 0 0 0 0 0 0 0 0 0 0 0 0 0 0 0 0 0 0 0 0 0 0 0 0 0 0 0 0 0 0 0 0 0 0 0 0 0 0 0 0 0 0 0 0 0 0 0 0 0 0 0 0 0 0 0 0 0 0 0 0 0 0 0 0 0 0 0 0 0 0 0 0 0 0 0 0 0 0 0 0 0 0 0 0 0 0 0 0 0 0 0 0 0 0 0 0 0 0 0 0 0 0 0 0 0 0 0 0 0 0 0 0 0 0 0 0 0 0 0 0 0 0 0 0 0 0 0 0 0 0 0 0 0 0 0 0 0 0 0 0 0 0 0 0 0 0 0 0 0 0 0 0 0 0 0 0 0 0 0 0 0 0 0 0 0 0 0 0 0 0 0 0 0 0 0 0 0 0 0 0 0 0 0 0 0 0 0 0 0 0 0 0 0 0 0 0 0 0 0 0 0 0 0 0 0 0 0 0 0 0 0 0 0 0 0 0 0 0 0 0 0 0 0 0 0 0 0 0 0 0 0 0 0 0 0 0 0 0 0 0 0 0 0 0 0 0 0 0 0 0 0 0 0 0 0 0 0 0 0 0 0 0 0 0 0 0 0 0 0 0 0 0 0 0 0 0
 0 0 0 0 0 0 0 0 0 0 0 0 0 0 0 0 0 0 0 0 0 0 0 0 0 0 0 0 0 0 0 0 0 0 0 0 0 0 0 0 0 0 0 0 0 0 0 0 0 0 0 0 0 0 0 0 0 0 0 0 0 0 0 0 0 0 0 0 0 0 0 0 0 0 0 0 0 0 0 0 0 0 0 0 0 0 0 0 0 0 0 0 0 0 0 0 0 0 0 0 0 0 0 0 0 0 0 0 0 0 0 0 0 0 0 0 0 0 0 0 0 0 0 0 0 0 0 0 0 0 0 0 0 0 0 0 0 0 0 0 0 0 0 0 0 0 0 0 0 0 0 0 0 0 0 0 0 0 0 0 0 0 0 0 0 0 0 0 0 0 0 0 0 0 0 0 0 0 0 0 0 0 0 0 0 0 0 0 0 0 0 0 0 0 0 0 0 0 0 0 0 0 0 0 0 0 0 0 0 0 0 0 0 0 0 0 0 0 0 0 0 0 0 0 0 0 0 0 0 0 0 0 0 0 0 0 0 0 0 0 0 0 0 0 0 0 0 0 0 0 0 0 0 0 0 0 0 0 0 0 0 0 0 0 0 0 0 0 0 0 0 0 0 0 0 0 0 0 0 0 0 0 0 0 0 0 0 0 0 0 0 0 0 0 0 0 0 0 0 0 0 0 0 0 0 0 0 0 0 0 0 0 0 0 0 0 0 0 0 0 0 0 0 0 0 0 0 0 0 0 0 0 0 0 0 0 0 0 0 0 0 0 0 0 0 0 0 0 0 0 0 0 0 0 0 0 0 0 0 0 0 0 0 0 0 0 0 0 0 0 0 0 0 0 0 0 0 0 0 0 0 0 0 0 0 0 0 0 0 0 0 0 0 0 0 0 0 0 0 0 0 0 0 0 0 0 0 0 0 0 0 0 0 0 0 0 0 0 0 0 0 0 0 0 0 0 0 0 0 0 0 0 0 0 0 0 0 0 0 0 0 0 0 0 0 0 0 0 0 0 0 0 0 0 0 0 0 0 0 0 0 0 0 0 0 0 0 0 0 0 0 0 0 0 0 0 0 0 0 0 0 0 0 0 0 0 0 0 0 0 0 0 0 0 0 0 0 0 0 0 0 0 0 0 0 0 0 0 0 0 0 0 0 0 0 0 0 0 0 0 0 0 0 0 0 0 0 0 0 0 0 0 0 0 0 0 0 0 0 0 0 0 0 0 0 0 0 0 0 0 0 0 0 0 0 0 0 0 0 0 0 0 0 0 0 0 0 0 0 0 0 0 0 0 0 0 0 0 0 0 0 0 0 0 0 0 0 0 0 0 0 0 0 0 0 0 0 0 0 0
 0 0 0 0 0 0 0 0 0 0 0 0 0 0 0 0 0 0 0 0 0 0 0 0 0 0 0 0 0 0 0 0 0 0 0 0 0 0 0 0 0 0 0 0 0 0 0 0 0 0 0 0 0 0 0 0 0 0 0 0 0 0 0 0 0 0 0 0 0 0 0 0 0 0 0 0 0 0 0 0 0 0 0 0 0 0 0 0 0 0 0 0 0 0 0 0 0 0 0 0 0 0 0 0 0 0 0 0 0 0 0 0 0 0 0 0 0 0 0 0 0 0 0 0 0 0 0 0 0 0 0 0 0 0 0 0 0 0 0 0 0 0 0 0 0 0 0 0 0 0 0 0 0 0 0 0 0 0 0 0 0 0 0 0 0 0 0 0 0 0 0 0 0 0 0 0 0 0 0 0 0 0 0 0 0 0 0 0 0 0 0 0 0 0 0 0 0 0 0 0 0 0 0 0 0 0 0 0 0 0 0 0 0 0 0 0 0 0 0 0 0 0 0 0 0 0 0 0 0 0 0 0 0 0 0 0 0 0 0 0 0 0 0 0 0 0 0 0 0 0 0 0 0 0 0 0 0 0 0 0 0 0 0 0 0 0 0 0 0 0 0 0 0 0 0 0 0 0 0 0 0 0 0 0 0 0 0 0 0 0 0 0 0 0.0001465717068640515 0.0005035119829699397 0.001055401284247637 0.001784599618986249 0.002682260936126113 0.003747758455574512 0.004981014411896467 0.006360322237014771 0.007907077670097351 0.009602170437574387 0.01144135929644108 0.01340608391910791 0.01545639894902706 0.01757301762700081 0.0197489894926548 0.02198695205152035 0.02427791245281696 0.02662603184580803 0.02903591655194759 0.03150639683008194 0.03402575105428696 0.03660430759191513 0.0392490066587925 0.04195460677146912 0.04471682757139206 0.04752862453460693 0.05036938935518265 0.05324121192097664 0.0561462789773941 0.05909333750605583 0.06207225099205971 0.06504518538713455 0.0680072009563446 0.07096990942955017 0.07393574714660645 0.0769059956073761 0.07985834777355194 0.08279701322317123 0.0857306569814682 0.08865011483430862 0.0915558710694313 0.09355878829956055 0.09388266503810883 0.09205130487680435 0.08778528869152069 0.08339602500200272 0.07922622561454773 0.07526491582393646 0.07150167226791382 0.06792658567428589 0.06453025341033936 0.06130374222993851 0.05823855474591255 0.05532662570476532 0.05256029590964317 0.04993228241801262 0.04743566736578941 0.04506388306617737 0.04281068965792656 0.04067015647888184 0.03863664716482162 0.03670481592416763 0.03486957401037216 0.0331260934472084 0.03146978840231895 0.02989629842340946 0.02840148285031319 0.0269814096391201 0.02563233859837055 0.02435072138905525 0.02313318476080894 0.02197652496397495 0.02087769843637943 0.01983381435275078 0.01884212344884872 0.01790001802146435 0.01700501702725887 0.01615476608276367 0.01534702815115452 0.01457967702299356 0.01385069359093904 0.01315815933048725 0.01250025164335966 0.01187523920089006 0.01128147728741169 0.01071740314364433 0.01018153317272663 0.009672456420958042 0.009188833646476269 0.008729391731321812 0.00829292181879282 0.007878275588154793 0.007484361995011568 0.007110144011676311 0.006754636764526367 0.006416904740035534 0.006096059456467628 0.005791256669908762 0.005501694045960903 0.005226609297096729 0.004965278785675764 0.004717014729976654 0.004481163807213306 0.004257105756551027 0.004044250585138798 0.003842038102447987 0.003649936290457845 0.003467439441010356 0.003294067457318306 0.003129363991320133 0.002972895745187998 0.00282425107434392 0.002683038590475917 0.002548886695876718 0.002421442419290543 0.002300370251759887 0.002185351680964231 0.002076084027066827 0.00197227974422276 0.001873665722087026 0.001779982470907271 0.001690983306616545 0.001606434118002653 0.001526112435385585 0.001449806848540902 0.001377316541038454 0.001308450708165765 0.001243028207682073 0.001180876744911075 0.001121832872740924 0.001065741176716983 0.001012454158626497 0.0009618314215913415 0.0009137398446910083 0.0008680528262630105 0.0008246501674875617 0.0007834176649339497 0.0007442467613145709 0.0007070344290696084 0.000671682704705745 0.0006380985723808408 0.0006061936728656292 0.0005758840125054121 0.0005470897885970771 0.0005197352729737759 0.0004937485209666193 0.0004690610803663731 0.0004456080205272883 0.0004233276122249663 0.0004021612403448671 0.0003820531710516661 0.0003629505226854235 0.0003448030038271099 0.000327562855090946 0.0003111847036052495 0.0002956254757009447 0.0002808441931847483 0.0002668019733391702 0.0002534618834033608 0.0002407887950539589 0.0002287493553012609 0.0002173118846258149 0.0002064462896669284 0.0001961239759111777 0.0001863177749328315 0.0001770018861861899 0.0001681517896940932 0.0001597442023921758 0.0001517569908173755 0.0001441691420041025 0.0001369606907246634 0.0001301126612816006 0.000123607023851946 0.0001174266726593487 0.0001115553386625834 0.0001059775750036351 0.0001006786988000385 9.564476204104722e-05 9.086252248380333e-05 8.631939999759197e-05 8.200343290809542e-05 7.790326344547793e-05 7.400810136459768e-05 7.030769484117627e-05 6.679230864392594e-05 6.345269503071904e-05 6.028006100677885e-05 5.726605741074309e-05 5.440275344881229e-05 5.168261486687697e-05 4.909848576062359e-05 4.664356310968287e-05 4.431138586369343e-05 4.20958167524077e-05 3.999102773377672e-05 3.799147816607729e-05 3.609190389397554e-05 3.428730997256935e-05 3.257294520153664e-05 3.094429848715663e-05 2.939708429039456e-05 2.792722989397589e-05 2.653086812642869e-05 2.520432462915778e-05 2.394410876149777e-05 2.274690268677659e-05 2.16095577343367e-05 2.052907984761987e-05 1.950262594618835e-05 1.852749483077787e-05 1.760111990734003e-05 1.672106373007409e-05 1.588501072546933e-05 1.509075991634745e-05 1.433622219337849e-05 1.361941122013377e-05 1.293844070460182e-05 1.229151894222014e-05 1.167694335890701e-05 1.109309596358798e-05 1.053844152920647e-05 1.001151940727141e-05 9.510943527857307e-06 9.035396033141296e-06 8.583626367908437e-06 8.15444491308881e-06 7.746722985757515e-06 7.359386927419109e-06 6.991417649260256e-06 6.641846994170919e-06 6.309754553512903e-06 5.994266757625155e-06 5.694553237844957e-06 5.409825462265871e-06 0.0002096841781167313 0.0006031602388247848 0.001151285949163139 0.00183866242878139 0.002650282578542829 0.003587099257856607 0.004643138963729143 0.005806016735732555 0.007062202319502831 0.008395889773964882 0.009809869341552258 0.01130387559533119 0.0128782382234931 0.01451682578772306 0.0162123441696167 0.01795026659965515 0.01973633654415607 0.02157601155340672 0.02347123064100742 0.02542056888341904 0.02739949896931648 0.02941054292023182 0.03145067021250725 0.03349878266453743 0.03554424270987511 0.03758746013045311 0.03962361067533493 0.04165400564670563 0.04366739094257355 0.04566922783851624 0.04766298085451126 0.04964806884527206 0.05162825807929039 0.0536053255200386 0.05557851865887642 0.05754972621798515 0.05950763449072838 0.06145280599594116 0.06339163333177567 0.06532909721136093 0.06726298481225967 0.06918685138225555 0.0710960254073143 0.07298865169286728 0.07486864924430847 0.07590082287788391 0.07547621428966522 0.07322809845209122 0.06956669688224792 0.06608836352825165 0.06278394162654877 0.05964474380016327 0.05666250735521317 0.0538293831050396 0.05113791301846504 0.04858101904392242 0.04615196958184242 0.04384437203407288 0.04165215417742729 0.03956954553723335 0.03759106993675232 0.03571151569485664 0.03392593935132027 0.03222964331507683 0.03061816096305847 0.02908725291490555 0.02763289026916027 0.02625124529004097 0.0249386839568615 0.02369174920022488 0.02250716090202332 0.02138180285692215 0.0203127134591341
 0 0 0 0 0 0 0 0 0 0 0 0 0 0 0 0 0 0 0 0 0 0 0 0 0 0 0 0 0 0 0 0 0 0 0 0 0 0 0 0 0 0 0 0 0 0 0 0 0 0 0 0 0 0 0 0 0 0 0 0 0 0 0 0 0 0 0 0 0 0 0 0 0 0 0 0 0 0 0 0 0 0 0 0 0 0 0 0 0 0 0 0 0 0 0 0 0 0 0 0 0 0 0 0 0 0 0 0 0 0 0 0 0 0 0 0 0 0 0 0 0 0 0 0 0 0 0 0 0 0 0 0 0 0 0 0 0 0 0 0 0 0 0 0 0 0 0 0 0 0 0 0 0 0 0 0 0 0 0 0 0 0 0 0 0 0 0 0 0 0 0 0 0 0 0 0 0 0 0 0 0 0 0 0 0 0 0 0 0 0 0 0 0 0 0 0 0 0 0 0 0 0 0 0 0 0 0 0 0 0 0 0 0 0 0 0 0 0 0 0 0 0 0 0 0 0 0 0 0 0 0 0 0 0 0 0 0 0 0 0 0 0 0 0 0 0 0 0 0 0 0 0 0 0 0 0 0 0 0 0 0 0 0 0 0 0 0 0 0 0 0 0 0 0 0 0 0 0 0 0 0 0 0 0 0 0 0 0 0 0 0 0 0 0 0 0 0 0 0 0 0 0 0 0 0 0 0 0 0 0 0 0 0 0 0 0 0 0 0 0 0 0 0 0 0 0 0 0 0 0 0 0 0 0 0 0 0 0 0 0 0 0 0 0 0 0 0 0 0 0 0 0 0 0 0 0 0 0 0 0 0 0 0 0 0 0 0 0 0 0 0 0 0 0 0 0 0 0 0 0 0 0 0 0 0 0 0 0 0 0 0 0 0 0 0 0 0 0 0 0 0 0 0 0 0 0 0 0 0 0 0 0 0 0 0 0 0 0 0 0 0 0 0 0 0 0 0 0 0 0 0 0 0 0 0 0 0 0 0 0 0 0 0 0 0 0 0 0 0 0 0 0 0 0 0 0 0 0 0 0 0 0 0 0 0 0 0 0 0 0 0 0 0 0 0 0 0 0 0 0 0 0 0 0 0 0 0 0 0 0 0 0 0 0 0 0 0 0 0 0 0 0 0 0 0 0 0 0 0 0 0 0 0 0 0 0 0 0 0 0 0 0 0 0 0 0 0 0 0 0 0 0 0 0 0 0 0 0 0 0 0 0 0 0 0 0 0 0 0 0 0 0 0 0 0 0 0 0 0 0 0 0 0 0 0 0 0 0 0 0 0 0 0 0 0 0 0 0 0 0 0 0 0 0 0 0 0 0 0 0 0 0 0 0 0 0 0 0 0 0
 0 0 0 0 0 0 0 0 0 0 0 0 0 0 0 0 0 0 0 0 0 0 0 0 0 0 0 0 0 0 0 0 0 0 0 0 0 0 0 0 0 0 0 0 0 0 0 0 0 0 0 0 0 0 0 0 0 0 0 0 0 0 0 0 0 0 0 0 0 0 0 0 0 0 0 0 0 0 0 0 0 0 0 0 0 0 0 0 0 0 0 0 0 0 0 0 0 0 0 0 0 0 0 0 0 0 0 0 0 0 0 0 0 0 0 0 0 0 0 0 0 0 0 0 0 0 0 0 0 0 0 0 0 0 0 0 0 0 0 0 0 0 0 0 0 0 0 0 0 0 0 0 0 0 0 0 0 0 0 0 0 0 0 0 0 0 0 0 0 0 0 0 0 0 0 0 0 0 0 0 0 0 0 0 0 0 0 0 0 0 0 0 0 0 0 0 0 0 0 0 0 0 0 0 0 0 0 0 0 0 0 0 0 0 0 0 0 0 0 0 0 0 0 0 0 0 0 0 0 0 0 0 0 0 0 0 0 0 0 0 0 0 0 0 0 0 0 0 0 0 0 0 0 0 0 0 0 0 0 0 0 0 0 0 0 0 0 0 0 0 0 0 0 0 0 0 0 0 0 0 0 0 0 0 0 0 0 0 0 0 0 0 0 0 0 0 0 0 0 0 0 0 0 0 0 0 0 0 0 0 0 0 0 0 0 0 0 0 0 0 0 0 0 0 0 0 0 0 0 0 0 0 0 0 0 0 0 0 0 0 0 0 0 0 0 0 0 0 0 0 0 0 0 0 0 0 0 0 0 0 0 0 0 0 0 0 0 0 0 0 0 0 0 0 0 0 0 0 0 0 0 0 0 0 0 0 0 0 0 0 0 0 0 0 0 0 0 0 0 0 0 0 0 0 0 0 0 0 0 0 0 0 0 0 0 0 0 0 0 0 0 0 0 0 0 0 0 0 0 0 0 0 0 0 0 0 0 0 0 0 0 0 0 0 0 0 0 0 0 0 0 0 0 0 0 0 0 0 0 0 0 0 0 0 0 0 0 0 0 0 0 0 0 0 0 0 0 0 0 0 0 0 0 0 0 0 0 0 0 0 0 0 0 0 0 0 0 0 0 0 0 0 0 0 0 0 0 0 0 0 0 0 0 0 0 0 0 0 0 0 0 0 0 0 0 0 0 0 0 0 0 0 0 0 0 0 0 0 0 0 0 0 0 0 0 0 0 0 0 0 0 0 0 0 0 0 0 0 0 0 0 0 0 0 0 0 0 0 0 0 0 0 0 0 0 0 0 0 0 0 0 0 0 0 0 0 0 0 0 0 0 0 0 0 0 0 0 0 0 0
 0 0 0 0 0 0 0 0 0 0 0 0 0 0 0 0 0 0 0 0 0 0 0 0 0 0 0 0 0 0 0 0 0 0 0 0 0 0 0 0 0 0 0 0 0 0 0 0 0 0 0 0 0 0 0 0 0 0 0 0 0 0 0 0 0 0 0 0 0 0 0 0 0 0 0 0 0 0 0 0 0 0 0 0 0 0 0 0 0 0 0 0 0 0 0 0 0 0 0 0 0 0 0 0 0 0 0 0 0 0 0 0 0 0 0 0 0 0 0 0 0 0 0 0 0 0 0 0 0 0 0 0 0 0 0 0 0 0 0 0 0 0 0 0 0 0 0 0 0 0 0 0 0 0 0 0 0 0 0 0 0 0 0 0 0 0 0 0 0 0 0 0 0 0 0 0 0 0 0 0 0 0 0 0 0 0 0 0 0 0 0 0 0 0 0 0 0 0 0 0 0 0 0 0 0 0 0 0 0 0 0 0 0 0 0 0 0 0 0 0 0 0 0 0 0 0 0 0 0 0 0 0 0 0 0 0 0 0 0 0 0 0 0 0 0 0 0 0 0 0 0 0 0 0 0 0 0 0 0 0 0 0 0 0 0 0 0 0 0 0 0 0 0 0 0 0 0 0 0 0 0 0 0 0 0 0 0 0 0 0 0 0 0 0 0 0 0 0 0 0 0 0 0 0 0 0 0 0 0 0 0 0 0 0 0 0 0 0 0 0 0 0 0 0 0 0 0 0 0 0 0 0 0 0 0 0 0 0 0 0 0 0 0 0 0 0 0 0 0 0 0 0 0 0 0 0 0 0 0 0 0 0 0 0 0 0 0 0 0 0 0 0 0 0 0 0 0 0 0 0 0 0 0 0 0 0 0 0 0 0 0 0 0 0 0 0 0 0 0 0 0 0 0 0 0 0 0 0 0 0 0 0 0 0 0 0 0 0 0 0 0 0 0 0 0 0 0 0 0 0 0 0 0 0 0 0 0 0 0 0 0 0 0 0 0 0 0 0 0 0 0 0 0 0 0 0 0 0 0 0 0 0 0 0 0 0 0 0 0 0 0 0 0 0 0 0 0 0 0 0 0 0 0 0 0 0 0 0 0 0 0 0 0 0 0 0 0 0 0 0 0 0 0 0 0 0 0 0 0 0 0 0 0 0 0 0 0 0 0 0 0 0 0 0 0 0 0 0 0 0 0 0 0 0 0 0 0 0 0 0 0 0 0 0 0 0 0 0 0 0 0 0 0 0 0 0 0 0 0 0 0 0 0 0 0 0 0 0 0 0 0 0 0 0 0 0 0 0 0 0 0 0 0 0 0 0 0 0 0 0 0 0 0 0 0 0 0 0 0 0
 0 0 0 0 0 0 0 0 0 0 0 0 0 0 0 0 0 0 0 0 0 0 0 0 0 0 0 0 0 0 0 0 0 0 0 0 0 0 0 0 0 0 0 0 0 0 0 0 0 0 0 0 0 0 0 0 0 0 0 0 0 0 0 0 0 0 0 0 0 0 0 0 0 0 0 0 0 0 0 0 0 0 0 0 0 0 0 0 0 0 0 0 0 0 0 0 0 0 0 0 0 0 0 0 0 0 0 0 0 0 0 0 0 0 0 0 0 0 0 0 0 0 0 0 0 0 0 0 0 0 0 0 0 0 0 0 0 0 0 0 0 0 0 0 0 0 0 0 0 0 0 0 0 0 0 0 0 0 0 0 0 0 0 0 0 0 0 0 0 0 0 0 0 0 0 0 0 0 0 0 0 0 0 0 0 0 0 0 0 0 0 0 0 0 0 0 0 0 0 0 0 0 0 0 0 0 0 0 0 0 0 0 0 0 0 0 0 0 0 0 0 0 0 0 0 0 0 0 0 0 0 0 0 0 0 0 0 0 0 0 0 0 0 0 0 0 0 0 0 0 0 0 0 0 0 0 0 0 0 0 0 0 0 0 0 0 0 0 0 0 0 0 0 0 0 0 0 0 0 0 0 0 0 0 0 0 0 0 0 0 0 0 0 0.000106482271803543 0.000428395374910906 0.0009610684355720878 0.001679034205153584 0.002563620684668422 0.003615997731685638 0.004828079603612423 0.006192071363329887 0.007692971266806126 0.009330346249043941 0.01109643001109362 0.01298270840197802 0.01497561950236559 0.01705937087535858 0.01921394094824791 0.02143928781151772 0.02371818013489246 0.0260566808283329 0.02844530902802944 0.0308951698243618 0.03341085836291313 0.0359850749373436 0.03861947357654572 0.04131248965859413 0.04406167566776276 0.04686590656638145 0.04970164224505424 0.0525660514831543 0.05545618385076523 0.05836033821105957 0.06128743663430214 0.06422644853591919 0.06715230643749237 0.07007343322038651 0.07299364358186722 0.07591201364994049 0.07882574200630188 0.08171860128641129 0.08459565788507462 0.087462417781353 0.0903162807226181 0.09253455698490143 0.09324532002210617 0.09190810471773148 0.08820457011461258 0.08379434049129486 0.0796046257019043 0.07562439143657684 0.07184316962957382 0.06825101375579834 0.0648384615778923 0.06159653887152672 0.05851671099662781 0.05559087544679642 0.05281133204698563 0.05017076432704926 0.04766222462058067 0.04527911171317101 0.04301515594124794 0.04086439684033394 0.03882117569446564 0.03688011690974236 0.0350361093878746 0.03328430280089378 0.0316200889647007 0.03003908507525921 0.02853712998330593 0.02711027301847935 0.02575475908815861 0.02446702122688293 0.02324366942048073 0.02208148688077927 0.02097741328179836 0.01992854289710522 0.01893211528658867 0.01798550970852375 0.01708623394370079 0.01623192243278027 0.01542032603174448 0.01464931014925241 0.01391684450209141 0.01322100218385458 0.01255995221436024 0.011931954883039 0.01133535709232092 0.01076858956366777 0.01023016031831503 0.009718651883304119 0.009232719428837299 0.008771083317697048 0.008332529105246067 0.007915902882814407 0.007520107552409172 0.007144102361053228 0.00678689731284976 0.006447552237659693 0.006125174462795258 0.00581891555339098 0.005527969915419817 0.005251571536064148 0.004988993052393198 0.004739543423056602 0.004502566065639257 0.004277437925338745 0.004063566215336323 0.003860387951135635 0.003667368553578854 0.003484000219032168 0.003309800289571285 0.00314431032165885 0.002987094689160585 0.002837739884853363 0.002695852890610695 0.00256106024608016 0.00243300711736083 0.002311356831341982 0.002195789013057947 0.002085999585688114 0.001981699606403708 0.001882614567875862 0.001788483816199005 0.001699059619568288 0.001614106586202979 0.001533401198685169 0.001456731115467846 0.001383894588798285 0.001314699882641435 0.001248964923433959 0.001186516718007624 0.001127190887928009 0.001070831320248544 0.001017289701849222 0.0009664252283982933 0.0009181039640679955 0.000872198783326894 0.0008285888470709324 0.0007871594280004501 0.0007478014449588954 0.0007104113465175033 0.0006748907617293298 0.0006411462090909481 0.0006090889219194651 0.0005786344991065562 0.0005497027887031436 0.0005222176550887525 0.0004961067461408675 0.0004713014059234411 0.0004477363254409283 0.0004253495135344565 0.0004040820349473506 0.0003838779230136424 0.0003646840341389179 0.0003464498440735042 0.0003291273606009781 0.0003126710071228445 0.0002970374480355531 0.0002821855887304991 0.0002680763136595488 0.0002546724863350391 0.0002419388620182872 0.0002298419130966067 0.0002183498145313933 0.0002074323274428025 0.0001970607117982581 0.0001872076827567071 0.0001778472942532972 0.000168954924447462 0.0001605071738595143 0.0001524818217149004 0.0001448577240807936 0.0001376148429699242 0.000130734100821428 0.0001241973950527608 0.0001179875253001228 0.0001120881497627124 0.000106483741546981 0.0001011595522868447 9.610157576389611e-05 9.12964969757013e-05 8.673167030792683e-05 8.239508315455168e-05 7.827532681403682e-05 7.436156010953709e-05 7.064348028507084e-05 6.711130845360458e-05 6.37557459413074e-05 6.056795973563567e-05 5.753956065746024e-05 5.466258153319359e-05 5.192945172893815e-05 4.93329789605923e-05 4.686633110395633e-05 4.452301436685957e-05 4.229686237522401e-05 4.018201798317023e-05 3.817291872110218e-05 3.626427132985555e-05 3.445105903665535e-05 3.272850517532788e-05 3.109208046225831e-05 2.953747571154963e-05 2.806060183502268e-05 2.665757165232208e-05 2.532469261495862e-05 2.405845771136228e-05 2.285553455294576e-05 2.171275809814688e-05 2.062711973849218e-05 1.95957636606181e-05 1.861597593233455e-05 1.768517722666729e-05 1.680091918387916e-05 1.596087349753361e-05 1.516283009550534e-05 1.440468895452796e-05 1.368445464322576e-05 1.300023177464027e-05 1.235022045875667e-05 1.173270902654622e-05 1.114607402996626e-05 1.058877023751847e-05 1.005933154374361e-05 9.556364602758549e-06 9.078546099772211e-06 8.624619113106746e-06 8.193388566724025e-06 7.783719411236234e-06 7.394533440674422e-06 7.024806564004393e-06 6.673566076642601e-06 6.339887931972044e-06 6.022893558110809e-06 5.721748948417371e-06 9.410298662260175e-05 0.0003843664890155196 0.0008550892234779894 0.001488406909629703 0.0022627804428339 0.003168405732139945 0.004195330198854208 0.005330591462552547 0.006567975506186485 0.007903805002570152 0.009332379326224327 0.01084268372505903 0.01242350693792105 0.01407233439385891 0.015778798609972 0.01753590069711208 0.01934769563376904 0.02121046185493469 0.02312235534191132 0.02508954703807831 0.02710761316120625 0.02915536612272263 0.03121669963002205 0.03328653797507286 0.0353565625846386 0.03742558509111404 0.03948160260915756 0.04153050482273102 0.04357326403260231 0.04561155289411545 0.04764414951205254 0.04966874420642853 0.05168924480676651 0.05369731783866882 0.05569630861282349 0.05768759548664093 0.05967214331030846 0.06165155023336411 0.06362451612949371 0.06558148562908173 0.06752268970012665 0.06944973766803741 0.07136406749486923 0.07326684892177582 0.07516201585531235 0.07626993954181671 0.07595153898000717 0.07381469011306763 0.07012395560741425 0.06661775708198547 0.06328687071800232 0.0601225271821022 0.05711640045046806 0.05426058173179626 0.05154755339026451 0.04897017404437065 0.04652166366577148 0.04419558122754097 0.04198580235242844 0.03988651186227798 0.037892185151577 0.03599757701158524 0.03419769927859306 0.03248781338334084 0.03086342290043831 0.02932025119662285 0.02785423770546913 0.02646152675151825 0.02513845078647137 0.02388152852654457 0.02268745191395283 0.02155307866632938 0.02047542482614517 0.01945165358483791
 0 0 0 0 0 0 0 0 0 0 0 0 0 0 0 0 0 0 0 0 0 0 0 0 0 0 0 0 0 0 0 0 0 0 0 0 0 0 0 0 0 0 0 0 0 0 0 0 0 0 0 0 0 0 0 0 0 0 0 0 0 0 0 0 0 0 0 0 0 0 0 0 0 0 0 0 0 0 0 0 0 0 0 0 0 0 0 0 0 0 0 0 0 0 0 0 0 0 0 0 0 0 0 0 0 0 0 0 0 0 0 0 0 0 0 0 0 0 0 0 0 0 0 0 0 0 0 0 0 0 0 0 0 0 0 0 0 0 0 0 0 0 0 0 0 0 0 0 0 0 0 0 0 0 0 0 0 0 0 0 0 0 0 0 0 0 0 0 0 0 0 0 0 0 0 0 0 0 0 0 0 0 0 0 0 0 0 0 0 0 0 0 0 0 0 0 0 0 0 0 0 0 0 0 0 0 0 0 0 0 0 0 0 0 0 0 0 0 0 0 0 0 0 0 0 0 0 0 0 0 0 0 0 0 0 0 0 0 0 0 0 0 0 0 0 0 0 0 0 0 0 0 0 0 0 0 0 0 0 0 0 0 0 0 0 0 0 0 0 0 0 0 0 0 0 0 0 0 0 0 0 0 0 0 0 0 0 0 0 0 0 0 0 0 0 0 0 0 0 0 0 0 0 0 0 0 0 0 0 0 0 0 0 0 0 0 0 0 0 0 0 0 0 0 0 0 0 0 0 0 0 0 0 0 0 0 0 0 0 0 0 0 0 0 0 0 0 0 0 0 0 0 0 0 0 0 0 0 0 0 0 0 0 0 0 0 0 0 0 0 0 0 0 0 0 0 0 0 0 0 0 0 0 0 0 0 0 0 0 0 0 0 0 0 0 0 0 0 0 0 0 0 0 0 0 0 0 0 0 0 0 0 0 0 0 0 0 0 0 0 0 0 0 0 0 0 0 0 0 0 0 0 0 0 0 0 0 0 0 0 0 0 0 0 0 0 0 0 0 0 0 0 0 0 0 0 0 0 0 0 0 0 0 0 0 0 0 0 0 0 0 0 0 0 0 0 0 0 0 0 0 0 0 0 0 0 0 0 0 0 0 0 0 0 0 0 0 0 0 0 0 0 0 0 0 0 0 0 0 0 0 0 0 0 0 0 0 0 0 0 0 0 0 0 0 0 0 0 0 0 0 0 0 0 0 0 0 0 0 0 0 0 0 0 0 0 0 0 0 0 0 0 0 0 0 0 0 0 0 0 0 0 0 0 0 0 0 0 0 0 0 0 0 0 0 0 0 0 0 0 0 0 0 0 0 0 0 0 0 0 0 0 0 0 0 0 0 0 0 0
 0 0 0 0 0 0 0 0 0 0 0 0 0 0 0 0 0 0 0 0 0 0 0 0 0 0 0 0 0 0 0 0 0 0 0 0 0 0 0 0 0 0 0 0 0 0 0 0 0 0 0 0 0 0 0 0 0 0 0 0 0 0 0 0 0 0 0 0 0 0 0 0 0 0 0 0 0 0 0 0 0 0 0 0 0 0 0 0 0 0 0 0 0 0 0 0 0 0 0 0 0 0 0 0 0 0 0 0 0 0 0 0 0 0 0 0 0 0 0 0 0 0 0 0 0 0 0 0 0 0 0 0 0 0 0 0 0 0 0 0 0 0 0 0 0 0 0 0 0 0 0 0 0 0 0 0 0 0 0 0 0 0 0 0 0 0 0 0 0 0 0 0 0 0 0 0 0 0 0 0 0 0 0 0 0 0 0 0 0 0 0 0 0 0 0 0 0 0 0 0 0 0 0 0 0 0 0 0 0 0 0 0 0 0 0 0 0 0 0 0 0 0 0 0 0 0 0 0 0 0 0 0 0 0 0 0 0 0 0 0 0 0 0 0 0 0 0 0 0 0 0 0 0 0 0 0 0 0 0 0 0 0 0 0 0 0 0 0 0 0 0 0 0 0 0 0 0 0 0 0 0 0 0 0 0 0 0 0 0 0 0 0 0 0 0 0 0 0 0 0 0 0 0 0 0 0 0 0 0 0 0 0 0 0 0 0 0 0 0 0 0 0 0 0 0 0 0 0 0 0 0 0 0 0 0 0 0 0 0 0 0 0 0 0 0 0 0 0 0 0 0 0 0 0 0 0 0 0 0 0 0 0 0 0 0 0 0 0 0 0 0 0 0 0 0 0 0 0 0 0 0 0 0 0 0 0 0 0 0 0 0 0 0 0 0 0 0 0 0 0 0 0 0 0 0 0 0 0 0 0 0 0 0 0 0 0 0 0 0 0 0 0 0 0 0 0 0 0 0 0 0 0 0 0 0 0 0 0 0 0 0 0 0 0 0 0 0 0 0 0 0 0 0 0 0 0 0 0 0 0 0 0 0 0 0 0 0 0 0 0 0 0 0 0 0 0 0 0 0 0 0 0 0 0 0 0 0 0 0 0 0 0 0 0 0 0 0 0 0 0 0 0 0 0 0 0 0 0 0 0 0 0 0 0 0 0 0 0 0 0 0 0 0 0 0 0 0 0 0 0 0 0 0 0 0 0 0 0 0 0 0 0 0 0 0 0 0 0 0 0 0 0 0 0 0 0 0 0 0 0 0 0 0 0 0 0 0 0 0 0 0 0 0 0 0 0 0 0 0 0 0 0 0 0 0 0 0 0 0 0 0 0 0 0 0 0 0 0 0 0
 0 0 0 0 0 0 0 0 0 0 0 0 0 0 0 0 0 0 0 0 0 0 0 0 0 0 0 0 0 0 0 0 0 0 0 0 0 0 0 0 0 0 0 0 0 0 0 0 0 0 0 0 0 0 0 0 0 0 0 0 0 0 0 0 0 0 0 0 0 0 0 0 0 0 0 0 0 0 0 0 0 0 0 0 0 0 0 0 0 0 0 0 0 0 0 0 0 0 0 0 0 0 0 0 0 0 0 0 0 0 0 0 0 0 0 0 0 0 0 0 0 0 0 0 0 0 0 0 0 0 0 0 0 0 0 0 0 0 0 0 0 0 0 0 0 0 0 0 0 0 0 0 0 0 0 0 0 0 0 0 0 0 0 0 0 0 0 0 0 0 0 0 0 0 0 0 0 0 0 0 0 0 0 0 0 0 0 0 0 0 0 0 0 0 0 0 0 0 0 0 0 0 0 0 0 0 0 0 0 0 0 0 0 0 0 0 0 0 0 0 0 0 0 0 0 0 0 0 0 0 0 0 0 0 0 0 0 0 0 0 0 0 0 0 0 0 0 0 0 0 0 0 0 0 0 0 0 0 0 0 0 0 0 0 0 0 0 0 0 0 0 0 0 0 0 0 0 0 0 0 0 0 0 0 0 0 0 0 0 0 0 0 0 0 0 0 0 0 0 0 0 0 0 0 0 0 0 0 0 0 0 0 0 0 0 0 0 0 0 0 0 0 0 0 0 0 0 0 0 0 0 0 0 0 0 0 0 0 0 0 0 0 0 0 0 0 0 0 0 0 0 0 0 0 0 0 0 0 0 0 0 0 0 0 0 0 0 0 0 0 0 0 0 0 0 0 0 0 0 0 0 0 0 0 0 0 0 0 0 0 0 0 0 0 0 0 0 0 0 0 0 0 0 0 0 0 0 0 0 0 0 0 0 0 0 0 0 0 0 0 0 0 0 0 0 0 0 0 0 0 0 0 0 0 0 0 0 0 0 0 0 0 0 0 0 0 0 0 0 0 0 0 0 0 0 0 0 0 0 0 0 0 0 0 0 0 0 0 0 0 0 0 0 0 0 0 0 0 0 0 0 0 0 0 0 0 0 0 0 0 0 0 0 0 0 0 0 0 0 0 0 0 0 0 0 0 0 0 0 0 0 0 0 0 0 0 0 0 0 0 0 0 0 0 0 0 0 0 0 0 0 0 0 0 0 0 0 0 0 0 0 0 0 0 0 0 0 0 0 0 0 0 0 0 0 0 0 0 0 0 0 0 0 0 0 0 0 0 0 0 0 0 0 0 0 0 0 0 0 0 0 0 0 0 0 0 0 0 0 0 0 0 0 0 0 0 0 0 0 0
 0 0 0 0 0 0 0 0 0 0 0 0 0 0 0 0 0 0 0 0 0 0 0 0 0 0 0 0 0 0 0 0 0 0 0 0 0 0 0 0 0 0 0 0 0 0 0 0 0 0 0 0 0 0 0 0 0 0 0 0 0 0 0 0 0 0 0 0 0 0 0 0 0 0 0 0 0 0 0 0 0 0 0 0 0 0 0 0 0 0 0 0 0 0 0 0 0 0 0 0 0 0 0 0 0 0 0 0 0 0 0 0 0 0 0 0 0 0 0 0 0 0 0 0 0 0 0 0 0 0 0 0 0 0 0 0 0 0 0 0 0 0 0 0 0 0 0 0 0 0 0 0 0 0 0 0 0 0 0 0 0 0 0 0 0 0 0 0 0 0 0 0 0 0 0 0 0 0 0 0 0 0 0 0 0 0 0 0 0 0 0 0 0 0 0 0 0 0 0 0 0 0 0 0 0 0 0 0 0 0 0 0 0 0 0 0 0 0 0 0 0 0 0 0 0 0 0 0 0 0 0 0 0 0 0 0 0 0 0 0 0 0 0 0 0 0 0 0 0 0 0 0 0 0 0 0 0 0 0 0 0 0 0 0 0 0 0 0 0 0 0 0 0 0 0 0 0 0 0 0 0 0 0 0 0 0 0 0 0 0 0 0 0 0 0 0.0001858278264990076 0.0005831409362144768 0.001151700736954808 0.001900671981275082 0.002829758450388908 0.003927135840058327 0.005189008545130491 0.006602038163691759 0.00815197266638279 0.009806896559894085 0.01156309619545937 0.0134236142039299 0.01539963018149137 0.01746066100895405 0.01958152465522289 0.02177768386900425 0.02405437827110291 0.02639923244714737 0.02880046889185905 0.03126150742173195 0.03377487137913704 0.03633558377623558 0.03894213959574699 0.0415964312851429 0.04428417608141899 0.04700928181409836 0.04976482689380646 0.05255581066012383 0.0553804412484169 0.0582270435988903 0.06109646335244179 0.06399563699960709 0.06692402064800262 0.06984376162290573 0.0727633610367775 0.07568986713886261 0.07861314713954926 0.08152751624584198 0.08443572372198105 0.08732296526432037 0.09019147604703903 0.09229382127523422 0.09281072020530701 0.09123709797859192 0.08727242797613144 0.08290880918502808 0.07876336574554443 0.07482519745826721 0.07108394056558609 0.06752974539995193 0.06415326148271561 0.06094560027122498 0.05789832025766373 0.05500340461730957 0.05225323513150215 0.04964057356119156 0.04715854674577713 0.04480062052607536 0.04256058856844902 0.04043255746364594 0.03841092810034752 0.03649038076400757 0.03466586023569107 0.03293256834149361 0.03128594160079956 0.02972164377570152 0.02823556214570999 0.02682378329336643 0.02548259496688843 0.02420846559107304 0.02299804240465164 0.02184814028441906 0.02075573243200779 0.01971794664859772 0.01873204857110977 0.01779544539749622 0.01690567284822464 0.01606038957834244 0.01525736972689629 0.01449450105428696 0.01376977562904358 0.01308128703385592 0.01242722291499376 0.01180586218833923 0.0112155694514513 0.01065479125827551 0.01012205146253109 0.009615948423743248 0.009135151281952858 0.008678393438458443 0.008244473487138748 0.007832249626517296 0.007440637331455946 0.007068605627864599 0.006715175230056047 0.006379416678100824 0.006060445681214333 0.005757423583418131 0.005469552241265774 0.005196074489504099 0.004936270881444216 0.004689457360655069 0.004454984329640865 0.004232235252857208 0.00402062339708209 0.003819592297077179 0.003628612728789449 0.003447182010859251 0.003274822840467095 0.003111081663519144 0.002955527510493994 0.002807751065120101 0.002667363500222564 0.002533995313569903 0.002407295629382133 0.002286930801346898 0.002172584179788828 0.002063954947516322 0.001960757188498974 0.001862719305790961 0.001769583323039114 0.001681104185990989 0.001597048947587609 0.001517196535132825 0.001441336702555418 0.001369269913993776 0.001300806412473321 0.001235766103491187 0.001173977740108967 0.00111527880653739 0.001059514819644392 0.00100653909612447 0.0009562121704220772 0.0009084015619009733 0.0008629814838059247 0.0008198324358090758 0.0007788407965563238 0.0007398987654596567 0.0007029038388282061 0.0006677586352452636 0.0006343707209452987 0.000602652202360332 0.0005725196097046137 0.0005438936059363186 0.0005166989285498857 0.0004908639821223915 0.0004663207801058888 0.0004430047411005944 0.0004208545142319053 0.0003998117754235864 0.0003798211982939392 0.0003608301340136677 0.000342788640409708 0.0003256492200307548 0.0003093667619396001 0.0002938984252978116 0.0002792034938465804 0.0002652433176990598 0.0002519811387173831 0.0002393820759607479 0.0002274129656143486 0.0002160423173336312 0.0002052401978289708 0.0001949781872099265 0.0001852292771218345 0.000175967812538147 0.0001671694190008566 0.0001588109444128349 0.000150870400830172 0.0001433268771506846 0.0001361605391139165 0.0001293525128858164 0.0001228848850587383 0.0001167406444437802 0.0001109036093112081 0.0001053584273904562 0.0001000905031105503 9.508597577223554e-05 9.033167589223012e-05 8.581508882343769e-05 8.152433292707428e-05 7.744811591692269e-05 7.35757130314596e-05 6.989693065406755e-05 6.640208448516205e-05 6.308197771431878e-05 5.992787919240072e-05 5.693148705177009e-05 5.408491415437311e-05 5.138066990184598e-05 4.881163476966321e-05 4.637105303118005e-05 4.405250001582317e-05 4.184987483313307e-05 3.975738218287006e-05 3.77695141651202e-05 3.588103936635889e-05 3.408698830753565e-05 3.238263889215887e-05 3.07635054923594e-05 2.922532985394355e-05 2.776406290649902e-05 2.637585930642672e-05 2.505706652300432e-05 2.380421392444987e-05 2.261400368297473e-05 2.148330349882599e-05 2.040913750533946e-05 1.938868081197143e-05 1.841924677137285e-05 1.749828516039997e-05 1.662337126617786e-05 1.579220224812161e-05 1.500259168096818e-05 1.425246227881871e-05 1.353983952867566e-05 1.286284714296926e-05 1.221970524056815e-05 1.160872034233762e-05 1.102828446164494e-05 1.047687055688584e-05 9.953027074516285e-06 9.455376130063087e-06 8.982607141660992e-06 8.533476830052678e-06 8.106802852125838e-06 7.701462891418487e-06 7.316389655898092e-06 6.95056996846688e-06 6.603041583730374e-06 6.27288955001859e-06 5.959244845143985e-06 2.664998828549869e-05 0.0002508051402401179 0.0006549449753947556 0.00122369360178709 0.001944586751051247 0.002800947055220604 0.003787275170907378 0.004886873997747898 0.006087384186685085 0.007384700234979391 0.008768895640969276 0.01023594662547112 0.01177472807466984 0.01338338851928711 0.0150530869141221 0.01678056269884109 0.01856241188943386 0.0203939713537693 0.02227551490068436 0.02421124465763569 0.02620580047369003 0.02823369018733501 0.03028097189962864 0.03233424201607704 0.03437967225909233 0.03642120957374573 0.03846209868788719 0.04050777480006218 0.04254811257123947 0.04457958042621613 0.04660063982009888 0.04861745983362198 0.05062871426343918 0.05263672396540642 0.05464393272995949 0.05664443597197533 0.05863814428448677 0.06062449142336845 0.0625983327627182 0.06454989314079285 0.06648170202970505 0.06839900463819504 0.07030002027750015 0.07218895107507706 0.07406562566757202 0.07559824734926224 0.07598057389259338 0.07471094280481339 0.07149869948625565 0.06792376190423965 0.06452757120132446 0.06130119413137436 0.05823613330721855 0.05532432720065117 0.05255810916423798 0.04993020370602608 0.04743369296193123 0.04506200924515724 0.04280890896916389 0.04066846519708633 0.03863504156470299 0.03670328855514526 0.03486812487244606 0.03312471881508827 0.03146848455071449 0.02989505976438522 0.02840030752122402 0.02698029205203056 0.02563127689063549 0.02434971369802952 0.02313222736120224 0.02197561599314213 0.02087683603167534
 0 0 0 0 0 0 0 0 0 0 0 0 0 0 0 0 0 0 0 0 0 0 0 0 0 0 0 0 0 0 0 0 0 0 0 0 0 0 0 0 0 0 0 0 0 0 0 0 0 0 0 0 0 0 0 0 0 0 0 0 0 0 0 0 0 0 0 0 0 0 0 0 0 0 0 0 0 0 0 0 0 0 0 0 0 0 0 0 0 0 0 0 0 0 0 0 0 0 0 0 0 0 0 0 0 0 0 0 0 0 0 0 0 0 0 0 0 0 0 0 0 0 0 0 0 0 0 0 0 0 0 0 0 0 0 0 0 0 0 0 0 0 0 0 0 0 0 0 0 0 0 0 0 0 0 0 0 0 0 0 0 0 0 0 0 0 0 0 0 0 0 0 0 0 0 0 0 0 0 0 0 0 0 0 0 0 0 0 0 0 0 0 0 0 0 0 0 0 0 0 0 0 0 0 0 0 0 0 0 0 0 0 0 0 0 0 0 0 0 0 0 0 0 0 0 0 0 0 0 0 0 0 0 0 0 0 0 0 0 0 0 0 0 0 0 0 0 0 0 0 0 0 0 0 0 0 0 0 0 0 0 0 0 0 0 0 0 0 0 0 0 0 0 0 0 0 0 0 0 0 0 0 0 0 0 0 0 0 0 0 0 0 0 0 0 0 0 0 0 0 0 0 0 0 0 0 0 0 0 0 0 0 0 0 0 0 0 0 0 0 0 0 0 0 0 0 0 0 0 0 0 0 0 0 0 0 0 0 0 0 0 0 0 0 0 0 0 0 0 0 0 0 0 0 0 0 0 0 0 0 0 0 0 0 0 0 0 0 0 0 0 0 0 0 0 0 0 0 0 0 0 0 0 0 0 0 0 0 0 0 0 0 0 0 0 0 0 0 0 0 0 0 0 0 0 0 0 0 0 0 0 0 0 0 0 0 0 0 0 0 0 0 0 0 0 0 0 0 0 0 0 0 0 0 0 0 0 0 0 0 0 0 0 0 0 0 0 0 0 0 0 0 0 0 0 0 0 0 0 0 0 0 0 0 0 0 0 0 0 0 0 0 0 0 0 0 0 0 0 0 0 0 0 0 0 0 0 0 0 0 0 0 0 0 0 0 0 0 0 0 0 0 0 0 0 0 0 0 0 0 0 0 0 0 0 0 0 0 0 0 0 0 0 0 0 0 0 0 0 0 0 0 0 0 0 0 0 0 0 0 0 0 0 0 0 0 0 0 0 0 0 0 0 0 0 0 0 0 0 0 0 0 0 0 0 0 0 0 0 0 0 0 0 0 0 0 0 0 0 0 0 0 0 0 0 0 0 0 0 0 0 0 0 0 0 0 0 0 0 0
 0 0 0 0 0 0 0 0 0 0 0 0 0 0 0 0 0 0 0 0 0 0 0 0 0 0 0 0 0 0 0 0 0 0 0 0 0 0 0 0 0 0 0 0 0 0 0 0 0 0 0 0 0 0 0 0 0 0 0 0 0 0 0 0 0 0 0 0 0 0 0 0 0 0 0 0 0 0 0 0 0 0 0 0 0 0 0 0 0 0 0 0 0 0 0 0 0 0 0 0 0 0 0 0 0 0 0 0 0 0 0 0 0 0 0 0 0 0 0 0 0 0 0 0 0 0 0 0 0 0 0 0 0 0 0 0 0 0 0 0 0 0 0 0 0 0 0 0 0 0 0 0 0 0 0 0 0 0 0 0 0 0 0 0 0 0 0 0 0 0 0 0 0 0 0 0 0 0 0 0 0 0 0 0 0 0 0 0 0 0 0 0 0 0 0 0 0 0 0 0 0 0 0 0 0 0 0 0 0 0 0 0 0 0 0 0 0 0 0 0 0 0 0 0 0 0 0 0 0 0 0 0 0 0 0 0 0 0 0 0 0 0 0 0 0 0 0 0 0 0 0 0 0 0 0 0 0 0 0 0 0 0 0 0 0 0 0 0 0 0 0 0 0 0 0 0 0 0 0 0 0 0 0 0 0 0 0 0 0 0 0 0 0 0 0 0 0 0 0 0 0 0 0 0 0 0 0 0 0 0 0 0 0 0 0 0 0 0 0 0 0 0 0 0 0 0 0 0 0 0 0 0 0 0 0 0 0 0 0 0 0 0 0 0 0 0 0 0 0 0 0 0 0 0 0 0 0 0 0 0 0 0 0 0 0 0 0 0 0 0 0 0 0 0 0 0 0 0 0 0 0 0 0 0 0 0 0 0 0 0 0 0 0 0 0 0 0 0 0 0 0 0 0 0 0 0 0 0 0 0 0 0 0 0 0 0 0 0 0 0 0 0 0 0 0 0 0 0 0 0 0 0 0 0 0 0 0 0 0 0 0 0 0 0 0 0 0 0 0 0 0 0 0 0 0 0 0 0 0 0 0 0 0 0 0 0 0 0 0 0 0 0 0 0 0 0 0 0 0 0 0 0 0 0 0 0 0 0 0 0 0 0 0 0 0 0 0 0 0 0 0 0 0 0 0 0 0 0 0 0 0 0 0 0 0 0 0 0 0 0 0 0 0 0 0 0 0 0 0 0 0 0 0 0 0 0 0 0 0 0 0 0 0 0 0 0 0 0 0 0 0 0 0 0 0 0 0 0 0 0 0 0 0 0 0 0 0 0 0 0 0 0 0 0 0 0 0 0 0 0 0 0 0 0 0 0 0 0 0 0 0 0 0 0 0 0 0 0 0 0
 0 0 0 0 0 0 0 0 0 0 0 0 0 0 0 0 0 0 0 0 0 0 0 0 0 0 0 0 0 0 0 0 0 0 0 0 0 0 0 0 0 0 0 0 0 0 0 0 0 0 0 0 0 0 0 0 0 0 0 0 0 0 0 0 0 0 0 0 0 0 0 0 0 0 0 0 0 0 0 0 0 0 0 0 0 0 0 0 0 0 0 0 0 0 0 0 0 0 0 0 0 0 0 0 0 0 0 0 0 0 0 0 0 0 0 0 0 0 0 0 0 0 0 0 0 0 0 0 0 0 0 0 0 0 0 0 0 0 0 0 0 0 0 0 0 0 0 0 0 0 0 0 0 0 0 0 0 0 0 0 0 0 0 0 0 0 0 0 0 0 0 0 0 0 0 0 0 0 0 0 0 0 0 0 0 0 0 0 0 0 0 0 0 0 0 0 0 0 0 0 0 0 0 0 0 0 0 0 0 0 0 0 0 0 0 0 0 0 0 0 0 0 0 0 0 0 0 0 0 0 0 0 0 0 0 0 0 0 0 0 0 0 0 0 0 0 0 0 0 0 0 0 0 0 0 0 0 0 0 0 0 0 0 0 0 0 0 0 0 0 0 0 0 0 0 0 0 0 0 0 0 0 0 0 0 0 0 0 0 0 0 0 0 0 0 0 0 0 0 0 0 0 0 0 0 0 0 0 0 0 0 0 0 0 0 0 0 0 0 0 0 0 0 0 0 0 0 0 0 0 0 0 0 0 0 0 0 0 0 0 0 0 0 0 0 0 0 0 0 0 0 0 0 0 0 0 0 0 0 0 0 0 0 0 0 0 0 0 0 0 0 0 0 0 0 0 0 0 0 0 0 0 0 0 0 0 0 0 0 0 0 0 0 0 0 0 0 0 0 0 0 0 0 0 0 0 0 0 0 0 0 0 0 0 0 0 0 0 0 0 0 0 0 0 0 0 0 0 0 0 0 0 0 0 0 0 0 0 0 0 0 0 0 0 0 0 0 0 0 0 0 0 0 0 0 0 0 0 0 0 0 0 0 0 0 0 0 0 0 0 0 0 0 0 0 0 0 0 0 0 0 0 0 0 0 0 0 0 0 0 0 0 0 0 0 0 0 0 0 0 0 0 0 0 0 0 0 0 0 0 0 0 0 0 0 0 0 0 0 0 0 0 0 0 0 0 0 0 0 0 0 0 0 0 0 0 0 0 0 0 0 0 0 0 0 0 0 0 0 0 0 0 0 0 0 0 0 0 0 0 0 0 0 0 0 0 0 0 0 0 0 0 0 0 0 0 0 0 0 0 0 0 0 0 0 0 0 0 0 0 0 0 0 0 0 0 0 0 0 0
 0 0 0 0 0 0 0 0 0 0 0 0 0 0 0 0 0 0 0 0 0 0 0 0 0 0 0 0 0 0 0 0 0 0 0 0 0 0 0 0 0 0 0 0 0 0 0 0 0 0 0 0 0 0 0 0 0 0 0 0 0 0 0 0 0 0 0 0 0 0 0 0 0 0 0 0 0 0 0 0 0 0 0 0 0 0 0 0 0 0 0 0 0 0 0 0 0 0 0 0 0 0 0 0 0 0 0 0 0 0 0 0 0 0 0 0 0 0 0 0 0 0 0 0 0 0 0 0 0 0 0 0 0 0 0 0 0 0 0 0 0 0 0 0 0 0 0 0 0 0 0 0 0 0 0 0 0 0 0 0 0 0 0 0 0 0 0 0 0 0 0 0 0 0 0 0 0 0 0 0 0 0 0 0 0 0 0 0 0 0 0 0 0 0 0 0 0 0 0 0 0 0 0 0 0 0 0 0 0 0 0 0 0 0 0 0 0 0 0 0 0 0 0 0 0 0 0 0 0 0 0 0 0 0 0 0 0 0 0 0 0 0 0 0 0 0 0 0 0 0 0 0 0 0 0 0 0 0 0 0 0 0 0 0 0 0 0 0 0 0 0 0 0 0 0 0 0 0 0 0 0 0 0 0 0 0 0 0 0 0 0 0 0 0 1.775893360900227e-05 0.0002547659969422966 0.0007081080693751574 0.001359720248728991 0.002199225127696991 0.003200314706191421 0.00436114426702261 0.005668786820024252 0.007099413312971592 0.008648321963846684 0.01032100524753332 0.01209724321961403 0.0139924306422472 0.01598869636654854 0.0180765837430954 0.0202356893569231 0.02244847640395164 0.02472513914108276 0.02706470713019371 0.02945949696004391 0.03191369771957397 0.03443571180105209 0.03700485825538635 0.03961044177412987 0.04224663600325584 0.04491604119539261 0.04762167483568192 0.05036282911896706 0.05314119532704353 0.05593857914209366 0.05874890089035034 0.06157973408699036 0.06443054974079132 0.06730858236551285 0.07021214067935944 0.07311581820249557 0.07600720226764679 0.07889921218156815 0.08179211616516113 0.08468421548604965 0.08758059144020081 0.09045802056789398 0.09231019765138626 0.09241947531700134 0.09034880250692368 0.0858396589756012 0.08154767751693726 0.07747029513120651 0.0735967829823494 0.06991694122552872 0.06642109155654907 0.06310003995895386 0.05994503945112228 0.05694778636097908 0.0541003979742527 0.05139537900686264 0.04882561042904854 0.04638433083891869 0.04406511411070824 0.04186185821890831 0.0397687666118145 0.03778032958507538 0.03589131310582161 0.03409674763679504 0.03239190950989723 0.03077231347560883 0.02923369780182838 0.02777201309800148 0.02638341300189495 0.02506424300372601 0.02381103113293648 0.02262048050761223 0.0214894562959671 0.02041498385369778 0.01939423382282257 0.01842452213168144 0.0175032950937748 0.01662813127040863 0.0157967247068882 0.0150068886578083 0.0142565444111824 0.01354371756315231 0.01286653149873018 0.01222320459783077 0.01161204464733601 0.01103144232183695 0.01047987025231123 0.009955876506865025 0.009458082728087902 0.008985178545117378 0.008535919710993767 0.008109123446047306 0.007703667506575584 0.007318484131246805 0.006952560041099787 0.006604932248592377 0.006274685729295015 0.005960951559245586 0.005662904120981693 0.005379758775234222 0.005110770929604769 0.004855232313275337 0.004612470511347055 0.004381847102195024 0.004162754863500595 0.00395461730659008 0.003756886348128319 0.003569042077288032 0.003390589961782098 0.003221060382202268 0.003060007467865944 0.002907007001340389 0.00276165665127337 0.002623573876917362 0.002492395229637623 0.002367775421589613 0.002249386627227068 0.002136917319148779 0.002030071336776018 0.001928567769937217 0.001832139329053462 0.00174053234513849 0.0016535057220608 0.001570830470882356 0.001492288894951344 0.001417674473486841 0.001346790697425604 0.001279451185837388 0.001215478638187051 0.00115470471791923 0.001096969470381737 0.001042120973579586 0.0009900148725137115 0.0009405141463503242 0.0008934884099289775 0.0008488139719702303 0.0008063732529990375 0.0007660546107217669 0.0007277518743649125 0.000691364286467433 0.0006567960954271257 0.000623956264462322 0.0005927584716118872 0.0005631205276586115 0.0005349644925445318 0.0005082162679173052 0.0004828054516110569 0.0004586651921272278 0.0004357319267001003 0.0004139453230891377 0.0003932480467483401 0.0003735856444109231 0.0003549063694663346 0.0003371610655449331 0.0003203030209988356 0.000304287881590426 0.0002890734758693725 0.0002746198151726276 0.0002608888316899538 0.0002478443784639239 0.0002354521566303447 0.0002236795553471893 0.0002124955790350214 0.0002018708037212491 0.0001917772606248036 0.0001821883925003931 0.0001730789663270116 0.000164425015100278 0.0001562037650728598 0.0001483935775468126 0.0001409739052178338 0.0001339252048637718 0.0001272289373446256 0.0001208674875670113 0.0001148241135524586 0.0001090829100576229 0.0001036287649185397 9.844732994679362e-05 9.352496272185817e-05 8.88487120391801e-05 8.440627425443381e-05 8.018595690373331e-05 7.617665687575936e-05 7.23678240319714e-05 6.874943210277706e-05 6.531196413561702e-05 6.204636883921921e-05 5.894404966966249e-05 5.599684664048254e-05 5.319700358086266e-05 5.053715358371846e-05 4.801029717782512e-05 4.560978413792327e-05 4.332929529482499e-05 4.116283162147738e-05 3.910468876711093e-05 3.714945341926068e-05 3.529198147589341e-05 3.352738349349238e-05 3.185101377312094e-05 3.025846308446489e-05 2.874554047593847e-05 2.730826417973731e-05 2.594285069790203e-05 2.464570752636064e-05 2.341342224099208e-05 2.224275158368982e-05 2.113061418640427e-05 2.007408329518512e-05 1.907037949422374e-05 1.81168597919168e-05 1.721101762086619e-05 1.635046646697447e-05 1.553294350742362e-05 1.475629596825456e-05 1.40184811243671e-05 1.331755720457295e-05 1.265167975361692e-05 1.201909617520869e-05 1.141814118454931e-05 1.084723407984711e-05 1.030487237585476e-05 9.789629075385164e-06 9.30014721234329e-06 8.835139851726126e-06 8.393382813665085e-06 7.9737137639313e-06 7.575028121209471e-06 7.1962767833611e-06 6.836462944193045e-06 6.49463981972076e-06 6.169907919684192e-06 5.861412319063675e-06 3.797531462623738e-05 0.0002465900033712387 0.0006263116374611855 0.001173714059405029 0.001879640272818506 0.002723859855905175 0.003696196246892214 0.004779336042702198 0.005954522639513016 0.007221474312245846 0.008577609434723854 0.01002310588955879 0.01154103502631187 0.0131115335971117 0.01473139133304358 0.01640261337161064 0.01811882294714451 0.01988198049366474 0.0216907225549221 0.02354352734982967 0.02544092014431953 0.02738084457814693 0.02936057932674885 0.03136396408081055 0.03338055312633514 0.03539824485778809 0.03740815818309784 0.03941261023283005 0.04141464084386826 0.04341687262058258 0.04541020467877388 0.04739462956786156 0.04936691746115685 0.05132735520601273 0.05328035727143288 0.05522783473134041 0.05717459693551064 0.05911076068878174 0.06103184446692467 0.0629388689994812 0.06483166664838791 0.06671231240034103 0.06857610493898392 0.0704246461391449 0.07225931435823441 0.07408450543880463 0.07515240460634232 0.07482621073722839 0.07272031158208847 0.0690842941403389 0.06563007831573486 0.06234857439994812 0.05923114717006683 0.05626958981156349 0.05345610901713371 0.05078330263495445 0.04824413731694221 0.04583192989230156 0.04354033246636391 0.04136331751942635 0.03929515182971954 0.03733039274811745 0.03546387329697609 0.0336906798183918 0.03200614452362061 0.03040583804249763 0.02888554707169533 0.02744127064943314 0.02606920711696148 0.02476574666798115 0.02352746017277241 0.0223510880023241 0.02123353444039822
 0 0 0 0 0 0 0 0 0 0 0 0 0 0 0 0 0 0 0 0 0 0 0 0 0 0 0 0 0 0 0 0 0 0 0 0 0 0 0 0 0 0 0 0 0 0 0 0 0 0 0 0 0 0 0 0 0 0 0 0 0 0 0 0 0 0 0 0 0 0 0 0 0 0 0 0 0 0 0 0 0 0 0 0 0 0 0 0 0 0 0 0 0 0 0 0 0 0 0 0 0 0 0 0 0 0 0 0 0 0 0 0 0 0 0 0 0 0 0 0 0 0 0 0 0 0 0 0 0 0 0 0 0 0 0 0 0 0 0 0 0 0 0 0 0 0 0 0 0 0 0 0 0 0 0 0 0 0 0 0 0 0 0 0 0 0 0 0 0 0 0 0 0 0 0 0 0 0 0 0 0 0 0 0 0 0 0 0 0 0 0 0 0 0 0 0 0 0 0 0 0 0 0 0 0 0 0 0 0 0 0 0 0 0 0 0 0 0 0 0 0 0 0 0 0 0 0 0 0 0 0 0 0 0 0 0 0 0 0 0 0 0 0 0 0 0 0 0 0 0 0 0 0 0 0 0 0 0 0 0 0 0 0 0 0 0 0 0 0 0 0 0 0 0 0 0 0 0 0 0 0 0 0 0 0 0 0 0 0 0 0 0 0 0 0 0 0 0 0 0 0 0 0 0 0 0 0 0 0 0 0 0 0 0 0 0 0 0 0 0 0 0 0 0 0 0 0 0 0 0 0 0 0 0 0 0 0 0 0 0 0 0 0 0 0 0 0 0 0 0 0 0 0 0 0 0 0 0 0 0 0 0 0 0 0 0 0 0 0 0 0 0 0 0 0 0 0 0 0 0 0 0 0 0 0 0 0 0 0 0 0 0 0 0 0 0 0 0 0 0 0 0 0 0 0 0 0 0 0 0 0 0 0 0 0 0 0 0 0 0 0 0 0 0 0 0 0 0 0 0 0 0 0 0 0 0 0 0 0 0 0 0 0 0 0 0 0 0 0 0 0 0 0 0 0 0 0 0 0 0 0 0 0 0 0 0 0 0 0 0 0 0 0 0 0 0 0 0 0 0 0 0 0 0 0 0 0 0 0 0 0 0 0 0 0 0 0 0 0 0 0 0 0 0 0 0 0 0 0 0 0 0 0 0 0 0 0 0 0 0 0 0 0 0 0 0 0 0 0 0 0 0 0 0 0 0 0 0 0 0 0 0 0 0 0 0 0 0 0 0 0 0 0 0 0 0 0 0 0 0 0 0 0 0 0 0 0 0 0 0 0 0 0 0 0 0 0 0 0 0 0 0 0 0 0 0 0 0 0 0 0 0 0 0 0 0 0 0 0 0
 0 0 0 0 0 0 0 0 0 0 0 0 0 0 0 0 0 0 0 0 0 0 0 0 0 0 0 0 0 0 0 0 0 0 0 0 0 0 0 0 0 0 0 0 0 0 0 0 0 0 0 0 0 0 0 0 0 0 0 0 0 0 0 0 0 0 0 0 0 0 0 0 0 0 0 0 0 0 0 0 0 0 0 0 0 0 0 0 0 0 0 0 0 0 0 0 0 0 0 0 0 0 0 0 0 0 0 0 0 0 0 0 0 0 0 0 0 0 0 0 0 0 0 0 0 0 0 0 0 0 0 0 0 0 0 0 0 0 0 0 0 0 0 0 0 0 0 0 0 0 0 0 0 0 0 0 0 0 0 0 0 0 0 0 0 0 0 0 0 0 0 0 0 0 0 0 0 0 0 0 0 0 0 0 0 0 0 0 0 0 0 0 0 0 0 0 0 0 0 0 0 0 0 0 0 0 0 0 0 0 0 0 0 0 0 0 0 0 0 0 0 0 0 0 0 0 0 0 0 0 0 0 0 0 0 0 0 0 0 0 0 0 0 0 0 0 0 0 0 0 0 0 0 0 0 0 0 0 0 0 0 0 0 0 0 0 0 0 0 0 0 0 0 0 0 0 0 0 0 0 0 0 0 0 0 0 0 0 0 0 0 0 0 0 0 0 0 0 0 0 0 0 0 0 0 0 0 0 0 0 0 0 0 0 0 0 0 0 0 0 0 0 0 0 0 0 0 0 0 0 0 0 0 0 0 0 0 0 0 0 0 0 0 0 0 0 0 0 0 0 0 0 0 0 0 0 0 0 0 0 0 0 0 0 0 0 0 0 0 0 0 0 0 0 0 0 0 0 0 0 0 0 0 0 0 0 0 0 0 0 0 0 0 0 0 0 0 0 0 0 0 0 0 0 0 0 0 0 0 0 0 0 0 0 0 0 0 0 0 0 0 0 0 0 0 0 0 0 0 0 0 0 0 0 0 0 0 0 0 0 0 0 0 0 0 0 0 0 0 0 0 0 0 0 0 0 0 0 0 0 0 0 0 0 0 0 0 0 0 0 0 0 0 0 0 0 0 0 0 0 0 0 0 0 0 0 0 0 0 0 0 0 0 0 0 0 0 0 0 0 0 0 0 0 0 0 0 0 0 0 0 0 0 0 0 0 0 0 0 0 0 0 0 0 0 0 0 0 0 0 0 0 0 0 0 0 0 0 0 0 0 0 0 0 0 0 0 0 0 0 0 0 0 0 0 0 0 0 0 0 0 0 0 0 0 0 0 0 0 0 0 0 0 0 0 0 0 0 0 0 0 0 0 0 0 0 0 0 0 0 0 0 0 0 0 0 0 0 0 0
 0 0 0 0 0 0 0 0 0 0 0 0 0 0 0 0 0 0 0 0 0 0 0 0 0 0 0 0 0 0 0 0 0 0 0 0 0 0 0 0 0 0 0 0 0 0 0 0 0 0 0 0 0 0 0 0 0 0 0 0 0 0 0 0 0 0 0 0 0 0 0 0 0 0 0 0 0 0 0 0 0 0 0 0 0 0 0 0 0 0 0 0 0 0 0 0 0 0 0 0 0 0 0 0 0 0 0 0 0 0 0 0 0 0 0 0 0 0 0 0 0 0 0 0 0 0 0 0 0 0 0 0 0 0 0 0 0 0 0 0 0 0 0 0 0 0 0 0 0 0 0 0 0 0 0 0 0 0 0 0 0 0 0 0 0 0 0 0 0 0 0 0 0 0 0 0 0 0 0 0 0 0 0 0 0 0 0 0 0 0 0 0 0 0 0 0 0 0 0 0 0 0 0 0 0 0 0 0 0 0 0 0 0 0 0 0 0 0 0 0 0 0 0 0 0 0 0 0 0 0 0 0 0 0 0 0 0 0 0 0 0 0 0 0 0 0 0 0 0 0 0 0 0 0 0 0 0 0 0 0 0 0 0 0 0 0 0 0 0 0 0 0 0 0 0 0 0 0 0 0 0 0 0 0 0 0 0 0 0 0 0 0 0 0 0 0 0 0 0 0 0 0 0 0 0 0 0 0 0 0 0 0 0 0 0 0 0 0 0 0 0 0 0 0 0 0 0 0 0 0 0 0 0 0 0 0 0 0 0 0 0 0 0 0 0 0 0 0 0 0 0 0 0 0 0 0 0 0 0 0 0 0 0 0 0 0 0 0 0 0 0 0 0 0 0 0 0 0 0 0 0 0 0 0 0 0 0 0 0 0 0 0 0 0 0 0 0 0 0 0 0 0 0 0 0 0 0 0 0 0 0 0 0 0 0 0 0 0 0 0 0 0 0 0 0 0 0 0 0 0 0 0 0 0 0 0 0 0 0 0 0 0 0 0 0 0 0 0 0 0 0 0 0 0 0 0 0 0 0 0 0 0 0 0 0 0 0 0 0 0 0 0 0 0 0 0 0 0 0 0 0 0 0 0 0 0 0 0 0 0 0 0 0 0 0 0 0 0 0 0 0 0 0 0 0 0 0 0 0 0 0 0 0 0 0 0 0 0 0 0 0 0 0 0 0 0 0 0 0 0 0 0 0 0 0 0 0 0 0 0 0 0 0 0 0 0 0 0 0 0 0 0 0 0 0 0 0 0 0 0 0 0 0 0 0 0 0 0 0 0 0 0 0 0 0 0 0 0 0 0 0 0 0 0 0 0 0 0 0 0 0 0 0 0 0 0 0 0 0 0
 0 0 0 0 0 0 0 0 0 0 0 0 0 0 0 0 0 0 0 0 0 0 0 0 0 0 0 0 0 0 0 0 0 0 0 0 0 0 0 0 0 0 0 0 0 0 0 0 0 0 0 0 0 0 0 0 0 0 0 0 0 0 0 0 0 0 0 0 0 0 0 0 0 0 0 0 0 0 0 0 0 0 0 0 0 0 0 0 0 0 0 0 0 0 0 0 0 0 0 0 0 0 0 0 0 0 0 0 0 0 0 0 0 0 0 0 0 0 0 0 0 0 0 0 0 0 0 0 0 0 0 0 0 0 0 0 0 0 0 0 0 0 0 0 0 0 0 0 0 0 0 0 0 0 0 0 0 0 0 0 0 0 0 0 0 0 0 0 0 0 0 0 0 0 0 0 0 0 0 0 0 0 0 0 0 0 0 0 0 0 0 0 0 0 0 0 0 0 0 0 0 0 0 0 0 0 0 0 0 0 0 0 0 0 0 0 0 0 0 0 0 0 0 0 0 0 0 0 0 0 0 0 0 0 0 0 0 0 0 0 0 0 0 0 0 0 0 0 0 0 0 0 0 0 0 0 0 0 0 0 0 0 0 0 0 0 0 0 0 0 0 0 0 0 0 0 0 0 0 0 0 0 0 0 0 0 0 0 0 0 0 0 0 0 8.057041850406677e-05 0.000405887549277395 0.0009312909096479416 0.00163711654022336 0.002530027646571398 0.003596971742808819 0.004832625389099121 0.00623083533719182 0.007781508844345808 0.009463991038501263 0.01127331145107746 0.01320214476436377 0.01522612571716309 0.01732280105352402 0.01948834210634232 0.02173126302659512 0.02404016628861427 0.02640990354120731 0.02884015999734402 0.03132939338684082 0.03386653959751129 0.03646270185709 0.0391080379486084 0.04181184247136116 0.04456672444939613 0.04737002030014992 0.05021435022354126 0.05309341475367546 0.05599301680922508 0.05891991406679153 0.06187309697270393 0.06483619660139084 0.06778079271316528 0.07071368396282196 0.07364628463983536 0.07658519595861435 0.07953044772148132 0.0824580192565918 0.08536230772733688 0.08823734521865845 0.09110307693481445 0.09313290566205978 0.09352107346057892 0.09177465736865997 0.08760298788547516 0.08322283625602722 0.07906169444322586 0.0751086100935936 0.07135318219661713 0.06778552383184433 0.06439624726772308 0.06117643415927887 0.05811761319637299 0.05521173402667046 0.05245114862918854 0.04982859268784523 0.04733716323971748 0.04497030377388 0.04272178933024406 0.04058570042252541 0.03855641558766365 0.0366285964846611 0.03479716554284096 0.03305730596184731 0.03140443935990334 0.02983421832323074 0.02834250777959824 0.02692538313567638 0.02557911351323128 0.02430015802383423 0.02308515086770058 0.02193089388310909 0.02083434909582138 0.01979263126850128 0.01880300045013428 0.01786285080015659 0.01696970872581005 0.01612122356891632 0.01531516201794147 0.01454940438270569 0.01382193434983492 0.01313083805143833 0.0124742966145277 0.01185058150440454 0.01125805266201496 0.01069515012204647 0.01016039215028286 0.009652372449636459 0.009169753640890121 0.008711266331374645 0.008275702595710754 0.007861917838454247 0.007468821946531534 0.007095380686223507 0.006740611512213945 0.006403580773621798 0.00608340185135603 0.005779231898486614 0.00549027044326067 0.005215757060796022 0.004954969044774771 0.00470722047612071 0.00447185942903161 0.004248266573995352 0.004035853315144777 0.003834060626104474 0.003642357653006911 0.003460239851847291 0.00328722782433033 0.003122866386547685 0.00296672317199409 0.002818387001752853 0.002677467651665211 0.002543594222515821 0.002416414441540837 0.002295593731105328 0.002180814044550061 0.002071773400530219 0.001968184718862176 0.001869775471277535 0.001776286750100553 0.001687472453340888 0.001603098819032311 0.001522943843156099 0.001446796697564423 0.001374456915073097 0.001305734040215611 0.001240447396412492 0.001178425038233399 0.001119503751397133 0.001063528587110341 0.00101035216357559 0.0009598345495760441 0.0009118427988141775 0.0008662506588734686 0.0008229381055571139 0.0007817912264727056 0.0007427016389556229 0.0007055665482766926 0.000670288223773241 0.0006367738242261112 0.0006049351068213582 0.0005746883689425886 0.0005459539243020117 0.000518656219355762 0.0004927234258502722 0.0004680872661992908 0.0004446828970685601 0.0004224487638566643 0.0004013263387605548 0.0003812600334640592 0.0003621970245148987 0.0003440871660131961 0.0003268828149884939 0.0003105386858806014 0.0002950117632281035 0.000280261185253039 0.0002662481274455786 0.0002529357152525336 0.0002402889367658645 0.0002282744972035289 0.0002168607752537355 0.0002060177357634529 0.0001957168424269184 0.0001859309995779768 0.0001766344503266737 0.0001678027329035103 0.0001594125933479518 0.0001514419564045966 0.0001438698527636006 0.0001366763608530164 0.0001298425486311316 0.000123350415378809 0.0001171828916994855 0.0001113237449317239 0.0001057575573213398 0.0001004696823656559 9.544620115775615e-05 9.067389328265563e-05 8.614020043751225e-05 8.183319005183876e-05 7.774153345962986e-05 7.385445496765897e-05 7.016173185547814e-05 6.665364344371483e-05 6.332096381811425e-05 6.01549145358149e-05 5.714716826332733e-05 5.428980875876732e-05 5.157531995791942e-05 4.899655323242769e-05 4.65467237518169e-05 4.42193886556197e-05 4.200841794954613e-05 3.990799814346246e-05 3.791259950958192e-05 3.601696880650707e-05 3.421612200327218e-05 3.250531517551281e-05 3.088004814344458e-05 2.933604628196917e-05 2.786924414976966e-05 2.64757818513317e-05 2.515199230401777e-05 2.389439214312006e-05 2.269967262691353e-05 2.156468872271944e-05 2.048645364993718e-05 1.946213160408661e-05 1.848902502388228e-05 1.75645745912334e-05 1.668634649831802e-05 1.585202880960423e-05 1.505942782387137e-05 1.430645625077887e-05 1.359113321086625e-05 1.291157695959555e-05 1.226599852088839e-05 1.165269895864185e-05 1.107006391976029e-05 1.051656090567121e-05 9.990732905862387e-06 9.491196578892414e-06 9.016636795422528e-06 8.565804819227196e-06 8.137514669215307e-06 7.730638571956661e-06 7.344106506934622e-06 6.976901204325259e-06 6.628056326007936e-06 6.296653737081215e-06 5.981821232126094e-06 5.68273026146926e-06 5.398593657446327e-06 2.359773861826397e-05 0.0002153951063519344 0.0005784286186099052 0.001112214056774974 0.001805397914722562 0.002631529234349728 0.003581590950489044 0.004649324342608452 0.005827551707625389 0.007079590111970901 0.008409084752202034 0.009818021208047867 0.01130579225718975 0.0128660025075078 0.01447256375104189 0.01612370833754539 0.01782037504017353 0.01955979131162167 0.02134059742093086 0.02316607721149921 0.02503323182463646 0.02694563940167427 0.02889141067862511 0.03085465356707573 0.03282155841588974 0.03478781878948212 0.0367593988776207 0.0387384407222271 0.04071777686476707 0.04268987104296684 0.04466003179550171 0.0466308705508709 0.04859183356165886 0.05053948238492012 0.05248028039932251 0.05441449955105782 0.05634686350822449 0.05828047543764114 0.06020326167345047 0.06210959330201149 0.06400280445814133 0.0658852756023407 0.06774767488241196 0.0695938840508461 0.07142408937215805 0.07324041426181793 0.07458200305700302 0.07471276074647903 0.07317594438791275 0.06970547884702682 0.06622020155191422 0.06290919333696365 0.05976373329758644 0.05677554756402969 0.05393677204847336 0.05123993381857872 0.04867793619632721 0.04624404013156891 0.04393183812499046 0.04173524677753448 0.03964848443865776 0.03766606003046036 0.03578275814652443 0.03399362042546272 0.03229393810033798 0.03067924082279205 0.02914527803659439 0.02768801338970661 0.0263036135584116 0.02498843334615231 0.02373901195824146 0.02255206182599068
 0 0 0 0 0 0 0 0 0 0 0 0 0 0 0 0 0 0 0 0 0 0 0 0 0 0 0 0 0 0 0 0 0 0 0 0 0 0 0 0 0 0 0 0 0 0 0 0 0 0 0 0 0 0 0 0 0 0 0 0 0 0 0 0 0 0 0 0 0 0 0 0 0 0 0 0 0 0 0 0 0 0 0 0 0 0 0 0 0 0 0 0 0 0 0 0 0 0 0 0 0 0 0 0 0 0 0 0 0 0 0 0 0 0 0 0 0 0 0 0 0 0 0 0 0 0 0 0 0 0 0 0 0 0 0 0 0 0 0 0 0 0 0 0 0 0 0 0 0 0 0 0 0 0 0 0 0 0 0 0 0 0 0 0 0 0 0 0 0 0 0 0 0 0 0 0 0 0 0 0 0 0 0 0 0 0 0 0 0 0 0 0 0 0 0 0 0 0 0 0 0 0 0 0 0 0 0 0 0 0 0 0 0 0 0 0 0 0 0 0 0 0 0 0 0 0 0 0 0 0 0 0 0 0 0 0 0 0 0 0 0 0 0 0 0 0 0 0 0 0 0 0 0 0 0 0 0 0 0 0 0 0 0 0 0 0 0 0 0 0 0 0 0 0 0 0 0 0 0 0 0 0 0 0 0 0 0 0 0 0 0 0 0 0 0 0 0 0 0 0 0 0 0 0 0 0 0 0 0 0 0 0 0 0 0 0 0 0 0 0 0 0 0 0 0 0 0 0 0 0 0 0 0 0 0 0 0 0 0 0 0 0 0 0 0 0 0 0 0 0 0 0 0 0 0 0 0 0 0 0 0 0 0 0 0 0 0 0 0 0 0 0 0 0 0 0 0 0 0 0 0 0 0 0 0 0 0 0 0 0 0 0 0 0 0 0 0 0 0 0 0 0 0 0 0 0 0 0 0 0 0 0 0 0 0 0 0 0 0 0 0 0 0 0 0 0 0 0 0 0 0 0 0 0 0 0 0 0 0 0 0 0 0 0 0 0 0 0 0 0 0 0 0 0 0 0 0 0 0 0 0 0 0 0 0 0 0 0 0 0 0 0 0 0 0 0 0 0 0 0 0 0 0 0 0 0 0 0 0 0 0 0 0 0 0 0 0 0 0 0 0 0 0 0 0 0 0 0 0 0 0 0 0 0 0 0 0 0 0 0 0 0 0 0 0 0 0 0 0 0 0 0 0 0 0 0 0 0 0 0 0 0 0 0 0 0 0 0 0 0 0 0 0 0 0 0 0 0 0 0 0 0 0 0 0 0 0 0 0 0 0 0 0 0 0 0 0 0 0 0 0 0 0 0 0 0 0 0 0 0 0 0 0 0 0 0 0 0 0 0
 0 0 0 0 0 0 0 0 0 0 0 0 0 0 0 0 0 0 0 0 0 0 0 0 0 0 0 0 0 0 0 0 0 0 0 0 0 0 0 0 0 0 0 0 0 0 0 0 0 0 0 0 0 0 0 0 0 0 0 0 0 0 0 0 0 0 0 0 0 0 0 0 0 0 0 0 0 0 0 0 0 0 0 0 0 0 0 0 0 0 0 0 0 0 0 0 0 0 0 0 0 0 0 0 0 0 0 0 0 0 0 0 0 0 0 0 0 0 0 0 0 0 0 0 0 0 0 0 0 0 0 0 0 0 0 0 0 0 0 0 0 0 0 0 0 0 0 0 0 0 0 0 0 0 0 0 0 0 0 0 0 0 0 0 0 0 0 0 0 0 0 0 0 0 0 0 0 0 0 0 0 0 0 0 0 0 0 0 0 0 0 0 0 0 0 0 0 0 0 0 0 0 0 0 0 0 0 0 0 0 0 0 0 0 0 0 0 0 0 0 0 0 0 0 0 0 0 0 0 0 0 0 0 0 0 0 0 0 0 0 0 0 0 0 0 0 0 0 0 0 0 0 0 0 0 0 0 0 0 0 0 0 0 0 0 0 0 0 0 0 0 0 0 0 0 0 0 0 0 0 0 0 0 0 0 0 0 0 0 0 0 0 0 0 0 0 0 0 0 0 0 0 0 0 0 0 0 0 0 0 0 0 0 0 0 0 0 0 0 0 0 0 0 0 0 0 0 0 0 0 0 0 0 0 0 0 0 0 0 0 0 0 0 0 0 0 0 0 0 0 0 0 0 0 0 0 0 0 0 0 0 0 0 0 0 0 0 0 0 0 0 0 0 0 0 0 0 0 0 0 0 0 0 0 0 0 0 0 0 0 0 0 0 0 0 0 0 0 0 0 0 0 0 0 0 0 0 0 0 0 0 0 0 0 0 0 0 0 0 0 0 0 0 0 0 0 0 0 0 0 0 0 0 0 0 0 0 0 0 0 0 0 0 0 0 0 0 0 0 0 0 0 0 0 0 0 0 0 0 0 0 0 0 0 0 0 0 0 0 0 0 0 0 0 0 0 0 0 0 0 0 0 0 0 0 0 0 0 0 0 0 0 0 0 0 0 0 0 0 0 0 0 0 0 0 0 0 0 0 0 0 0 0 0 0 0 0 0 0 0 0 0 0 0 0 0 0 0 0 0 0 0 0 0 0 0 0 0 0 0 0 0 0 0 0 0 0 0 0 0 0 0 0 0 0 0 0 0 0 0 0 0 0 0 0 0 0 0 0 0 0 0 0 0 0 0 0 0 0 0 0 0 0 0 0 0 0 0 0 0 0 0 0 0 0 0 0 0 0 0


# name: r_0_m7_G0_L0p3_D0p7
# type: matrix
# rows: 1
# columns: 14
 0 -7 0.2 0 0.3 0 -2.04899 0 0 0.02435012279229811 0 138.1666666666667 0.983192080250175 0.7




