# Created by Octave 3.8.2, Mon Jun 19 11:52:18 2017 BST <co1ssj@node117>
# name: result
# type: scalar struct
# ndims: 2
 1 1
# length: 3
# name: params
# type: scalar struct
# ndims: 2
 1 1
# length: 18
# name: cleanup
# type: scalar
0


# name: num_runs
# type: scalar
6


# name: dopamine
# type: scalar
0.7


# name: targetCross
# type: scalar
1


# name: targetLuminance
# type: scalar
0.3


# name: targetWidthX
# type: scalar
6


# name: targetWidthY
# type: scalar
2


# name: fixCross
# type: scalar
1


# name: fixLuminance
# type: scalar
0.2


# name: fixWidthX
# type: scalar
6


# name: fixWidthY
# type: scalar
2


# name: fixOn
# type: scalar
0


# name: targetOff
# type: scalar
1


# name: targetOn
# type: scalar
0.2


# name: fixOff
# type: scalar
0.2


# name: targetThetaX
# type: scalar
0


# name: targetThetaY
# type: scalar
-15


# name: exptnum
# type: scalar
0




# name: r_0_m15_G0_L0p3_D0p7_llbn
# type: matrix
# rows: 24
# columns: 600
 0 0 0 0 0 0 0 0 0 0 0 0 0 0 0 0 0 0 0 0 0 0 0 0 0 0 0 0 0 0 0 0 0 0 0 0 0 0 0 0 0 0 0 0 0 0 0 0 0 0 0 0 0 0 0 0 0 0 0 0 0 0 0 0 0 0 0 0 0 0 0 0 0 0 0 0 0 0 0 0 0 0 0 0 0 0 0 0 0 0 0 0 0 0 0 0 0 0 0 0 0 0 0 0 0 0 0 0 0 0 0 0 0 0 0 0 0 0 0 0 0 0 0 0 0 0 0 0 0 0 0 0 0 0 0 0 0 0 0 0 0 0 0 0 0 0 0 0 0 0 0 0 0 0 0 0 0 0 0 0 0 0 0 0 0 0 0 0 0 0 0 0 0 0 0 0 0 0 0 0 0 0 0 0 0 0 0 0 0 0 0 0 0 0 0 0 0 0 0 0 0 0 0 0 0 0 0 0 0 0 0 0 0 0 0 0 0 0 0 0 0 0 0 0 0 0 0 0 0 0 0 0 0 0 0 0 0 0 0 0 0 0 0 0 0 0 0 0 0 0 0 0 0 0 0 0 0 0 0 0 0 0 0 0 0 0 0 0 0 0 0 0 0 0 0 0 0 0 0 0 0 0 0 0 0 0 0 0 0 0 0 0 0 0 0 0 0 0 0 0 0 0 0 0 0 0 0 0 0 0 0 0 0 0 0 0 0 0 0 0 0 0 0 0 0 0 0 0 0 0 0 0 0 0 0 0 0 0 0 0 0 0 0 0 0 0 0 0 0 0 0 0 0 0 0 0 0 0 0 0 0 0 0 0 0 0 0 0 0 0 0 0 0 0 0 0 0 0 0 0 0 0 0 0 0 0 0 0 0 0 0 0 0 0 0 0 0 0 0 0 0 0 0 0 0 0 0 0 0 0 0 0 0 0 0 0 0 0 0 0 0 0 0 0 0 0 0 0 0 0 0 0 0 0 0 0 0 0 0 0 0 0 0 0 0 0 0 0 0 0 0 0 0 0 0 0 0 0 0 0 0 0 0 0 0 0 0 0 0 0 0 0 0 0 0 0 0 0 0 0 0 0 0 0 0 0 0 0 0 0 0 0 0 0 0 0 0 0 0 0 0 0 0 0 0 0 0 0 0 0 0 0 0 0 0 0 0 0 0 0 0 0 0 0 0 0 0 0 0 0 0 0 0 0 0 0 0 0 0 0 0 0 0 0 0 0 0 0 0 0 0 0 0 0 0 0 0 0 0 0 0 0 0 0 0 0 0 0 0 0 0 0 0 0 0 0 0 0 0 0 0 0 0 0 0 0 0 0 0 0 0 0 0 0 0 0 0 0 0 0
 0 0 0 0 0 0 0 0 0 0 0 0 0 0 0 0 0 0 0 0 0 0 0 0 0 0 0 0 0 0 0 0 0 0 0 0 0 0 0 0 0 0 0 0 0 0 0 0 0 0 0 0 0 0 0 0 0 0 0 0 0 0 0 0 0 0 0 0 0 0 0 0 0 0 0 0 0 0 0 0 0 0 0 0 0 0 0 0 0 0 0 0 0 0 0 0 0 0 0 0 0 0 0 0 0 0 0 0 0 0 0 0 0 0 0 0 0 0 0 0 0 0 0 0 0 0 0 0 0 0 0 0 0 0 0 0 0 0 0 0 0 0 0 0 0 0 0 0 0 0 0 0 0 0 0 0 0 0 0 0 0 0 0 0 0 0 0 0 0 0 0 0 0 0 0 0 0 0 0 0 0 0 0 0 0 0 0 0 0 0 0 0 0 0 0 0 0 0 0 0 0 0 0 0 0 0 0 0 0 0 0 0 0 0 0 0 0 0 0 0 0 0 0 0 0 0 0 0 0 0 0 0 0 0 0 0 0 0 0 0 0 0 0 0 0 0 0 0 0 0 0 0 0 0 0 0 0 0 0 0 0 0 0 0 0 0 0 0 0 0 0 0 0 0 0 0 0 0 0 0 0 0 0 0 0 0 0 0 0 0 0 0 0 0 0 0 0 0 0 0 0 0 0 0 0 0 0 0 0 0 0 0 0 0 0 0.0006673135794699192 0.00208886805921793 0.00439066905528307 0.007600527256727219 0.01184539683163166 0.01716348342597485 0.02369588986039162 0.03148206323385239 0.04055257141590118 0.05082977935671806 0.06210662424564362 0.07440885901451111 0.08794393390417099 0.1025081872940063 0.1180574297904968 0.1344736665487289 0.1517660617828369 0.1699612587690353 0.1889251619577408 0.2086176872253418 0.2290243208408356 0.2501305341720581 0.2717556059360504 0.2938431203365326 0.3162014186382294 0.3371692895889282 0.3537383377552032 0.3639026880264282 0.3663939833641052 0.3603092432022095 0.3450499475002289 0.3277974426746368 0.3114075660705566 0.2958371937274933 0.2810453474521637 0.2669930756092072 0.2536434233188629 0.2409612536430359 0.2289131879806519 0.2174675315618515 0.2065941542387009 0.1962644457817078 0.1864512264728546 0.1771286725997925 0.1682722419500351 0.1598586291074753 0.151865690946579 0.1442724019289017 0.1370587795972824 0.1302058398723602 0.12369554489851 0.1175107657909393 0.1116352304816246 0.1060534715652466 0.1007507964968681 0.09571325778961182 0.09092759341001511 0.0863812118768692 0.08206215500831604 0.07795904576778412 0.07406109571456909 0.0703580379486084 0.06684013456106186 0.0634981244802475 0.06032321974635124 0.05730705708265305 0.05444170534610748 0.05171962082386017 0.04913363978266716 0.04667695611715317 0.04434310644865036 0.04212595149874687 0.04001965373754501 0.03801866993308067 0.03611773625016212 0.03431184962391853 0.03259625658392906 0.03096644394099712 0.02941812202334404 0.02794721536338329 0.02654985524713993 0.02522236295044422 0.02396124415099621 0.02276318147778511 0.02162502333521843 0.02054377272725105 0.01951658353209496 0.01854075491428375 0.01761371642351151 0.01673302985727787 0.0158963780850172 0.01510155946016312 0.01434648130089045 0.01362915709614754 0.01294769905507565 0.01230031438171864 0.01168529875576496 0.01110103353857994 0.01054598204791546 0.01001868303865194 0.009517748840153217 0.0090418616309762 0.008589768782258034 0.00816028006374836 0.007752266246825457 0.007364653050899506 0.006996420212090015 0.006646599154919386 0.00631426926702261 0.005998555570840836 0.005698627792298794 0.00541369616985321 0.005143011454492807 0.004885860718786716 0.004641567822545767 0.004409489221870899 0.00418901490047574 0.003979564178735018 0.003780585946515203 0.003591556567698717 0.003411978716030717 0.003241379745304585 0.003079310758039355 0.002925345208495855 0.002779077971354127 0.00264012417756021 0.002508118050172925 0.00238271220587194 0.002263576490804553 0.002150397747755051 0.002042877953499556 0.001940734102390707 0.001843697391450405 0.001751512521877885 0.001663936884142458 0.00158074009232223 0.001501703052781522 0.001426617847755551 0.001355286920443177 0.001287522609345615 0.001223146449774504 0.001161989173851907 0.001103889662772417 0.001048695179633796 0.0009962604381144047 0.0009464474278502166 0.0008991250651888549 0.0008541687857359648 0.0008114603697322309 0.0007708873599767685 0.0007323430036194623 0.00069572584470734 0.00066093954956159 0.0006278925575315952 0.0005964979063719511 0.0005666729994118214 0.0005383393727242947 0.0005114224040880799 0.0004858512838836759 0.0004615587240550667 0.0004384807834867388 0.0004165567515883595 0.000395728915464133 0.0003759424726013094 0.0003571453562472016 0.000339288089890033 0.0003223236999474466 0.0003062075120396912 0.0002908971509896219 0.0002763522788882256 0.0002625346533022821 0.000249407923547551 0.000236937528825365 0.000225090654566884 0.0002138361160177737 0.0002031443145824596 0.0001929870923049748 0.00018333773186896 0.0001741708401823416 0.0001654623047215864 0.0001571891916682944 0.0001493297313572839 0.0001418632455170155 0.0001347700890619308 0.0001280315918847919 0.0001216300152009353 0.0001155485151684843 0.0001097710919566453 0.0001042825388140045 9.906841296469793e-05 9.411499195266515e-05 8.940924453781918e-05 8.493877976434305e-05 8.069183968473226e-05 7.665724842809141e-05 7.282438309630379e-05 6.918316648807377e-05 6.572400889126584e-05 6.243780808290467e-05 5.931591658736579e-05 5.63501198485028e-05 5.353261440177448e-05 5.085598240839317e-05 4.831318437936716e-05 4.589752643369138e-05 4.360264938441105e-05 4.14225178246852e-05 3.935139102395624e-05 3.738382292794995e-05 3.551463305484504e-05 3.373890285729431e-05 3.205195753253065e-05 3.044935874640942e-05 2.892689008149318e-05 2.748054612311535e-05 2.610651790746488e-05 2.480119292158633e-05 2.356113327550702e-05 2.238307570223697e-05 2.126392246282194e-05 2.020072679442819e-05 1.919069109135307e-05 1.82311559910886e-05 1.731959855533205e-05 1.645361771807075e-05 1.563093610457145e-05 1.484938911744393e-05 1.41069194796728e-05 1.340157359663863e-05 1.273149518965511e-05 1.20949207484955e-05 1.149017498391913e-05 1.091566628019791e-05 1.036988305713749e-05 9.851389222603757e-06 9.358819625049364e-06 8.89087823452428e-06 8.446334504697006e-06 8.024017915886361e-06 7.622817065566778e-06 7.241676030389499e-06 6.879592092445819e-06 6.53561255603563e-06 6.208832019183319e-06 5.898390554648358e-06 5.603470981441205e-06 5.323297500581248e-06 5.057132511865348e-06 4.80427570437314e-06 4.564061782730278e-06 4.335858648119029e-06 4.119065579288872e-06 3.913112323061796e-06 3.717456820595544e-06 3.531584070515237e-06 3.355004764671321e-06 3.187254606018541e-06 3.027891807505512e-06 2.87649731944839e-06 2.732672555794124e-06 2.596038939373102e-06 2.466236992404447e-06 2.342925199627643e-06 2.225778871434159e-06 2.114489916493767e-06 2.008765477512497e-06 1.908327249111608e-06 1.812910909393395e-06 1.722265324133332e-06 1.636152092032717e-06 1.554344521537132e-06 1.476627289775934e-06 1.40279587412806e-06 1.332656097474683e-06 1.266023332391342e-06 1.202722160087433e-06 1.142586029345694e-06 1.085456688088016e-06 1.031183842314931e-06 9.796247013582615e-07 9.306434662903484e-07 8.841112730806344e-07 8.399057378483121e-07 7.979104452715546e-07 7.580149485875154e-07
 0 0 0 0 0 0 0 0 0 0 0 0 0 0 0 0 0 0 0 0 0 0 0 0 0 0 0 0 0 0 0 0 0 0 0 0 0 0 0 0 0 0 0 0 0 0 0 0 0 0 0 0 0 0 0 0 0 0 0 0 0 0 0 0 0 0 0 0 0 0 0 0 0 0 0 0 0 0 0 0 0 0 0 0 0 0 0 0 0 0 0 0 0 0 0 0 0 0 0 0 0 0 0 0 0 0 0 0 0 0 0 0 0 0 0 0 0 0 0 0 0 0 0 0 0 0 0 0 0 0 0 0 0 0 0 0 0 0 0 0 0 0 0 0 0 0 0 0 0 0 0 0 0 0 0 0 0 0 0 0 0 0 0 0 0 0 0 0 0 0 0 0 0 0 0 0 0 0 0 0 0 0 0 0 0 0 0 0 0 0 0 0 0 0 0 0 0 0 0 0 0 0 0 0 0 0 0 0 0 0 0 0 0 0 0 0 0 0 0 0 0 0 0 0 0 0 0 0 0 0 0 0 0 0 0 0 0 0 0 0 0 0 0 0 0 0 0 0 0 0 0 0 0 0 0 0 0 0 0 0 0 0 0 0 0 0 0 0 0 0 0 0 0 0 0 0 0 0 0 0 0 0 0 0 0 0 0 0 0 0 0 0 0 0 0 0 0 0 0 0 0 0 0 0 0 0 0 0 0 0 0 0 0 0 0 0 0 0 0 0 0 0 0 0 0 0 0 0 0 0 0 0 0 0 0 0 0 0 0 0 0 0 0 0 0 0 0 0 0 0 0 0 0 0 0 0 0 0 0 0 0 0 0 0 0 0 0 0 0 0 0 0 0 0 0 0 0 0 0 0 0 0 0 0 0 0 0 0 0 0 0 0 0 0 0 0 0 0 0 0 0 0 0 0 0 0 0 0 0 0 0 0 0 0 0 0 0 0 0 0 0 0 0 0 0 0 0 0 0 0 0 0 0 0 0 0 0 0 0 0 0 0 0 0 0 0 0 0 0 0 0 0 0 0 0 0 0 0 0 0 0 0 0 0 0 0 0 0 0 0 0 0 0 0 0 0 0 0 0 0 0 0 0 0 0 0 0 0 0 0 0 0 0 0 0 0 0 0 0 0 0 0 0 0 0 0 0 0 0 0 0 0 0 0 0 0 0 0 0 0 0 0 0 0 0 0 0 0 0 0 0 0 0 0 0 0 0 0 0 0 0 0 0 0 0 0 0 0 0 0 0 0 0 0 0 0 0 0 0 0 0 0 0 0 0 0 0 0 0 0 0 0 0 0 0 0 0 0 0 0 0 0 0 0 0 0 0 0 0 0 0 0 0 0 0 0 0 0 0 0
 0 0 0 0 0 0 0 0 0 0 0 0 0 0 0 0 0 0 0 0 0 0 0 0 0 0 0 0 0 0 0 0 0 0 0 0 0 0 0 0 0 0 0 0 0 0 0 0 0 0 0 0 0 0 0 0 0 0 0 0 0 0 0 0 0 0 0 0 0 0 0 0 0 0 0 0 0 0 0 0 0 0 0 0 0 0 0 0 0 0 0 0 0 0 0 0 0 0 0 0 0 0 0 0 0 0 0 0 0 0 0 0 0 0 0 0 0 0 0 0 0 0 0 0 0 0 0 0 0 0 0 0 0 0 0 0 0 0 0 0 0 0 0 0 0 0 0 0 0 0 0 0 0 0 0 0 0 0 0 0 0 0 0 0 0 0 0 0 0 0 0 0 0 0 0 0 0 0 0 0 0 0 0 0 0 0 0 0 0 0 0 0 0 0 0 0 0 0 0 0 0 0 0 0 0 0 0 0 0 0 0 0 0 0 0 0 0 0 0 0 0 0 0 0 0 0 0 0 0 0 0 0 0 0 0 0 0 0 0 0 0 0 0 0 0 0 0 0 0 0 0 0 0 0 0 0 0 0 0 0 0 0 0 0 0 0 0 0 0 0 0 0 0 0 0 0 0 0 0 0 0 0 0 0 0 0 0 0 0 0 0 0 0 0 0 0 0 0 0 0 0 0 0 0 0 0 0 0 0 0 0 0 0 0 0 0 0 0 0 0 0 0 0 0 0 0 0 0 0 0 0 0 0 0 0 0 0 0 0 0 0 0 0 0 0 0 0 0 0 0 0 0 0 0 0 0 0 0 0 0 0 0 0 0 0 0 0 0 0 0 0 0 0 0 0 0 0 0 0 0 0 0 0 0 0 0 0 0 0 0 0 0 0 0 0 0 0 0 0 0 0 0 0 0 0 0 0 0 0 0 0 0 0 0 0 0 0 0 0 0 0 0 0 0 0 0 0 0 0 0 0 0 0 0 0 0 0 0 0 0 0 0 0 0 0 0 0 0 0 0 0 0 0 0 0 0 0 0 0 0 0 0 0 0 0 0 0 0 0 0 0 0 0 0 0 0 0 0 0 0 0 0 0 0 0 0 0 0 0 0 0 0 0 0 0 0 0 0 0 0 0 0 0 0 0 0 0 0 0 0 0 0 0 0 0 0 0 0 0 0 0 0 0 0 0 0 0 0 0 0 0 0 0 0 0 0 0 0 0 0 0 0 0 0 0 0 0 0 0 0 0 0 0 0 0 0 0 0 0 0 0 0 0 0 0 0 0 0 0 0 0 0 0 0 0 0 0 0 0 0 0 0 0 0 0 0 0 0 0 0 0 0 0 0 0 0 0 0 0 0
 0 0 0 0 0 0 0 0 0 0 0 0 0 0 0 0 0 0 0 0 0 0 0 0 0 0 0 0 0 0 0 0 0 0 0 0 0 0 0 0 0 0 0 0 0 0 0 0 0 0 0 0 0 0 0 0 0 0 0 0 0 0 0 0 0 0 0 0 0 0 0 0 0 0 0 0 0 0 0 0 0 0 0 0 0 0 0 0 0 0 0 0 0 0 0 0 0 0 0 0 0 0 0 0 0 0 0 0 0 0 0 0 0 0 0 0 0 0 0 0 0 0 0 0 0 0 0 0 0 0 0 0 0 0 0 0 0 0 0 0 0 0 0 0 0 0 0 0 0 0 0 0 0 0 0 0 0 0 0 0 0 0 0 0 0 0 0 0 0 0 0 0 0 0 0 0 0 0 0 0 0 0 0 0 0 0 0 0 0 0 0 0 0 0 0 0 0 0 0 0 0 0 0 0 0 0 0 0 0 0 0 0 0 0 0 0 0 0 0 0 0 0 0 0 0 0 0 0 0 0 0 0 0 0 0 0 0 0 0 0 0 0 0 0 0 0 0 0 0 0 0 0 0 0 0 0 0 0 0 0 0 0 0 0 0 0 0 0 0 0 0 0 0 0 0 0 0 0 0 0 0 0 0 0 0 0 0 0 0 0 0 0 0 0 0 0 0 0 0 0 0 0 0 0 0 0 0 0 0 0 0 0 0 0 0 0 0 0 0 0 0 0 0 0 0 0 0 0 0 0 0 0 0 0 0 0 0 0 0 0 0 0 0 0 0 0 0 0 0 0 0 0 0 0 0 0 0 0 0 0 0 0 0 0 0 0 0 0 0 0 0 0 0 0 0 0 0 0 0 0 0 0 0 0 0 0 0 0 0 0 0 0 0 0 0 0 0 0 0 0 0 0 0 0 0 0 0 0 0 0 0 0 0 0 0 0 0 0 0 0 0 0 0 0 0 0 0 0 0 0 0 0 0 0 0 0 0 0 0 0 0 0 0 0 0 0 0 0 0 0 0 0 0 0 0 0 0 0 0 0 0 0 0 0 0 0 0 0 0 0 0 0 0 0 0 0 0 0 0 0 0 0 0 0 0 0 0 0 0 0 0 0 0 0 0 0 0 0 0 0 0 0 0 0 0 0 0 0 0 0 0 0 0 0 0 0 0 0 0 0 0 0 0 0 0 0 0 0 0 0 0 0 0 0 0 0 0 0 0 0 0 0 0 0 0 0 0 0 0 0 0 0 0 0 0 0 0 0 0 0 0 0 0 0 0 0 0 0 0 0 0 0 0 0 0 0 0 0 0 0 0 0 0 0 0 0 0 0 0 0 0 0 0 0 0 0 0 0 0 0
 0 0 0 0 0 0 0 0 0 0 0 0 0 0 0 0 0 0 0 0 0 0 0 0 0 0 0 0 0 0 0 0 0 0 0 0 0 0 0 0 0 0 0 0 0 0 0 0 0 0 0 0 0 0 0 0 0 0 0 0 0 0 0 0 0 0 0 0 0 0 0 0 0 0 0 0 0 0 0 0 0 0 0 0 0 0 0 0 0 0 0 0 0 0 0 0 0 0 0 0 0 0 0 0 0 0 0 0 0 0 0 0 0 0 0 0 0 0 0 0 0 0 0 0 0 0 0 0 0 0 0 0 0 0 0 0 0 0 0 0 0 0 0 0 0 0 0 0 0 0 0 0 0 0 0 0 0 0 0 0 0 0 0 0 0 0 0 0 0 0 0 0 0 0 0 0 0 0 0 0 0 0 0 0 0 0 0 0 0 0 0 0 0 0 0 0 0 0 0 0 0 0 0 0 0 0 0 0 0 0 0 0 0 0 0 0 0 0 0 0 0 0 0 0 0 0 0 0 0 0 0 0 0 0 0 0 0 0 0 0 0 0 0 0 0 0 0 0 0 0 0 0 0 0 0 0 0 0 0 0 0 0 0 0 0 0 0 0 0 0 0 0 0 0 0 0 0 0 0 0 0 0 0 0 0 0 0 0 0 0 0 0 0 0 0 0 0 0 0 0 0 0 0 0 0 0 0 0 0 0 0 0 0 0 0 0 0 0.0006187616381794214 0.001971122343093157 0.004104014486074448 0.007119630463421345 0.01103558577597141 0.01600202918052673 0.02213388867676258 0.02948240749537945 0.0380476638674736 0.04777238890528679 0.05839483439922333 0.07000134140253067 0.08266749978065491 0.09624805301427841 0.1106882244348526 0.1260915696620941 0.1423964500427246 0.1594895720481873 0.1773608773946762 0.1960153579711914 0.2152752876281738 0.2350825071334839 0.2554900646209717 0.2764471471309662 0.2979883551597595 0.3196485936641693 0.3380759358406067 0.351067990064621 0.3570310175418854 0.3549365997314453 0.3441554605960846 0.3269476890563965 0.3106003105640411 0.2950702905654907 0.2803167700767517 0.2663009166717529 0.2529858648777008 0.2403365671634674 0.2283197343349457 0.2169037461280823 0.2060585618019104 0.1957556307315826 0.1859678477048874 0.1766694486141205 0.1678359806537628 0.1594441831111908 0.1514719724655151 0.1438983678817749 0.1367034465074539 0.1298682689666748 0.1233748570084572 0.1172061115503311 0.1113458052277565 0.1057785153388977 0.1004895865917206 0.09546510875225067 0.09069184958934784 0.08615725487470627 0.08184938877820969 0.07775691896677017 0.07386907190084457 0.07017561793327332 0.06666683405637741 0.06333348900079727 0.06016681343317032 0.05715847387909889 0.05430055037140846 0.05158552154898643 0.04900624603033066 0.04655593261122704 0.04422813653945923 0.04201672971248627 0.03991589322686195 0.03792009875178337 0.03602409362792969 0.03422288969159126 0.03251174464821815 0.03088615834712982 0.02934185042977333 0.02787475846707821 0.0264810211956501 0.02515697106719017 0.02389912307262421 0.02270416729152203 0.02156895957887173 0.02049051225185394 0.01946598663926125 0.0184926874935627 0.01756805367767811 0.01668965071439743 0.01585516892373562 0.01506241038441658 0.01430928986519575 0.01359382551163435 0.0129141341894865 0.01226842775940895 0.01165500655770302 0.0110722566023469 0.0105186440050602 0.009992712177336216 0.009493076242506504 0.009018422104418278 0.008567500859498978 0.008139126002788544 0.007732169702649117 0.007345561403781176 0.006978283170610666 0.006629369221627712 0.006297900807112455 0.005983005743473768 0.00568385561928153 0.005399663001298904 0.005129680037498474 0.004873196128755808 0.004629536531865597 0.004398059565573931 0.004178156610578299 0.003969248849898577 0.003770786337554455 0.003582247067242861 0.003403134644031525 0.003232977818697691 0.003071328857913613 0.002917762380093336 0.002771874191239476 0.002633280586451292 0.002501616487279534 0.00237653567455709 0.002257708925753832 0.002144823549315333 0.002037582453340292 0.001935703330673277 0.001838918193243444 0.001746972324326634 0.001659623696468771 0.001576642505824566 0.001497810357250273 0.001422919798642397 0.001351773855276406 0.00128418521489948 0.001219975994899869 0.001158977160230279 0.001101028290577233 0.001045976881869137 0.0009936779970303178 0.0009439940913580358 0.0008967943722382188 0.0008519546827301383 0.0008093569194898009 0.0007688890909776092 0.0007304446189664304 0.000693922396749258 0.000659226265270263 0.0006262649549171329 0.0005949516780674458 0.0005652040708810091 0.0005369438440538943 0.0005100966664031148 0.0004845918447244912 0.0004603622655849904 0.0004373441624920815 0.0004154769412707537 0.0003947030927520245 0.0003749679308384657 0.0003562195342965424 0.0003384085721336305 0.0003214881289750338 0.0003054137341678143 0.0002901430416386575 0.0002756358881015331 0.0002618540893308818 0.0002487613819539547 0.0002363233070354909 0.0002245071373181418 0.0002132817753590643 0.000202617680770345 0.0001924867974594235 0.0001828624517656863 0.0001737193233566359 0.0001650333579163998 0.0001567816943861544 0.0001489426067564636 0.0001414954749634489 0.0001344206975772977 0.0001276996626984328 0.0001213146824738942 0.0001152489494415931 0.0001094865001505241 0.0001040121715050191 9.881156438495964e-05 9.387098543811589e-05 8.917743980418891e-05 8.471856563119218e-05 8.048263407545164e-05 7.645850564585999e-05 7.263557927217335e-05 6.900379958096892e-05 6.555361323989928e-05 6.227593257790431e-05 5.916213558521122e-05 5.620402953354642e-05 5.339382914826274e-05 5.072413841844536e-05 4.81879324070178e-05 4.577853542286903e-05 4.34896101069171e-05 4.131512832827866e-05 3.924937118426897e-05 3.728690353455022e-05 3.542255944921635e-05 3.365143129485659e-05 3.196885882061906e-05 3.037041642528493e-05 2.885189496737439e-05 2.740929994615726e-05 2.603883513074834e-05 2.473689346516039e-05 2.350004797335714e-05 2.232504630228505e-05 2.120879435096867e-05 2.01483544515213e-05 1.914093627419788e-05 1.818388955143746e-05 1.727469498291612e-05 1.641096059756819e-05 1.559041265863925e-05 1.481089202570729e-05 1.407034778821981e-05 1.33668299895362e-05 1.269848871743307e-05 1.206356409966247e-05 1.146038630395196e-05 1.088736735255225e-05 1.034299930324778e-05 9.825849701883271e-06 9.334557034890167e-06 8.867828910297249e-06 8.424437510257121e-06 8.003215953067411e-06 7.603055109939305e-06 7.222902240755502e-06 6.861757356091402e-06 6.518669579236303e-06 6.192736236698693e-06 5.88309922022745e-06 5.588944077317137e-06 5.309496827976545e-06 5.044022145739291e-06 4.791821083927061e-06 4.552230166154914e-06 4.324618657847168e-06 4.108387656742707e-06 3.902968273905572e-06 3.707819814735558e-06 3.522428869473515e-06 3.346307494211942e-06 3.17899207402661e-06 3.02004241348186e-06 2.869040372388554e-06 2.72558827418834e-06 2.589308905953658e-06 2.459843472024659e-06 2.336851366635528e-06 2.220008809672436e-06 2.109008391926182e-06 2.003557938223821e-06 1.903380052681314e-06 1.808211095521983e-06 1.717800500955491e-06 1.631910436117323e-06 1.550314891574089e-06 1.472799112889334e-06 1.399159145876183e-06 1.329201154476323e-06 1.262741079699481e-06 1.199604071189242e-06 1.139623918788857e-06 1.08264271148073e-06 1.028510610012745e-06 9.770850510903983e-07 9.282308042202203e-07 8.818192895887478e-07 8.377283506888489e-07
 0 0 0 0 0 0 0 0 0 0 0 0 0 0 0 0 0 0 0 0 0 0 0 0 0 0 0 0 0 0 0 0 0 0 0 0 0 0 0 0 0 0 0 0 0 0 0 0 0 0 0 0 0 0 0 0 0 0 0 0 0 0 0 0 0 0 0 0 0 0 0 0 0 0 0 0 0 0 0 0 0 0 0 0 0 0 0 0 0 0 0 0 0 0 0 0 0 0 0 0 0 0 0 0 0 0 0 0 0 0 0 0 0 0 0 0 0 0 0 0 0 0 0 0 0 0 0 0 0 0 0 0 0 0 0 0 0 0 0 0 0 0 0 0 0 0 0 0 0 0 0 0 0 0 0 0 0 0 0 0 0 0 0 0 0 0 0 0 0 0 0 0 0 0 0 0 0 0 0 0 0 0 0 0 0 0 0 0 0 0 0 0 0 0 0 0 0 0 0 0 0 0 0 0 0 0 0 0 0 0 0 0 0 0 0 0 0 0 0 0 0 0 0 0 0 0 0 0 0 0 0 0 0 0 0 0 0 0 0 0 0 0 0 0 0 0 0 0 0 0 0 0 0 0 0 0 0 0 0 0 0 0 0 0 0 0 0 0 0 0 0 0 0 0 0 0 0 0 0 0 0 0 0 0 0 0 0 0 0 0 0 0 0 0 0 0 0 0 0 0 0 0 0 0 0 0 0 0 0 0 0 0 0 0 0 0 0 0 0 0 0 0 0 0 0 0 0 0 0 0 0 0 0 0 0 0 0 0 0 0 0 0 0 0 0 0 0 0 0 0 0 0 0 0 0 0 0 0 0 0 0 0 0 0 0 0 0 0 0 0 0 0 0 0 0 0 0 0 0 0 0 0 0 0 0 0 0 0 0 0 0 0 0 0 0 0 0 0 0 0 0 0 0 0 0 0 0 0 0 0 0 0 0 0 0 0 0 0 0 0 0 0 0 0 0 0 0 0 0 0 0 0 0 0 0 0 0 0 0 0 0 0 0 0 0 0 0 0 0 0 0 0 0 0 0 0 0 0 0 0 0 0 0 0 0 0 0 0 0 0 0 0 0 0 0 0 0 0 0 0 0 0 0 0 0 0 0 0 0 0 0 0 0 0 0 0 0 0 0 0 0 0 0 0 0 0 0 0 0 0 0 0 0 0 0 0 0 0 0 0 0 0 0 0 0 0 0 0 0 0 0 0 0 0 0 0 0 0 0 0 0 0 0 0 0 0 0 0 0 0 0 0 0 0 0 0 0 0 0 0 0 0 0 0 0 0 0 0 0 0 0 0 0 0 0 0 0 0 0 0 0 0 0 0 0 0 0 0 0 0 0 0 0 0 0 0 0 0 0 0
 0 0 0 0 0 0 0 0 0 0 0 0 0 0 0 0 0 0 0 0 0 0 0 0 0 0 0 0 0 0 0 0 0 0 0 0 0 0 0 0 0 0 0 0 0 0 0 0 0 0 0 0 0 0 0 0 0 0 0 0 0 0 0 0 0 0 0 0 0 0 0 0 0 0 0 0 0 0 0 0 0 0 0 0 0 0 0 0 0 0 0 0 0 0 0 0 0 0 0 0 0 0 0 0 0 0 0 0 0 0 0 0 0 0 0 0 0 0 0 0 0 0 0 0 0 0 0 0 0 0 0 0 0 0 0 0 0 0 0 0 0 0 0 0 0 0 0 0 0 0 0 0 0 0 0 0 0 0 0 0 0 0 0 0 0 0 0 0 0 0 0 0 0 0 0 0 0 0 0 0 0 0 0 0 0 0 0 0 0 0 0 0 0 0 0 0 0 0 0 0 0 0 0 0 0 0 0 0 0 0 0 0 0 0 0 0 0 0 0 0 0 0 0 0 0 0 0 0 0 0 0 0 0 0 0 0 0 0 0 0 0 0 0 0 0 0 0 0 0 0 0 0 0 0 0 0 0 0 0 0 0 0 0 0 0 0 0 0 0 0 0 0 0 0 0 0 0 0 0 0 0 0 0 0 0 0 0 0 0 0 0 0 0 0 0 0 0 0 0 0 0 0 0 0 0 0 0 0 0 0 0 0 0 0 0 0 0 0 0 0 0 0 0 0 0 0 0 0 0 0 0 0 0 0 0 0 0 0 0 0 0 0 0 0 0 0 0 0 0 0 0 0 0 0 0 0 0 0 0 0 0 0 0 0 0 0 0 0 0 0 0 0 0 0 0 0 0 0 0 0 0 0 0 0 0 0 0 0 0 0 0 0 0 0 0 0 0 0 0 0 0 0 0 0 0 0 0 0 0 0 0 0 0 0 0 0 0 0 0 0 0 0 0 0 0 0 0 0 0 0 0 0 0 0 0 0 0 0 0 0 0 0 0 0 0 0 0 0 0 0 0 0 0 0 0 0 0 0 0 0 0 0 0 0 0 0 0 0 0 0 0 0 0 0 0 0 0 0 0 0 0 0 0 0 0 0 0 0 0 0 0 0 0 0 0 0 0 0 0 0 0 0 0 0 0 0 0 0 0 0 0 0 0 0 0 0 0 0 0 0 0 0 0 0 0 0 0 0 0 0 0 0 0 0 0 0 0 0 0 0 0 0 0 0 0 0 0 0 0 0 0 0 0 0 0 0 0 0 0 0 0 0 0 0 0 0 0 0 0 0 0 0 0 0 0 0 0 0 0 0 0 0 0 0 0 0 0 0 0 0 0 0 0 0 0 0 0 0 0 0
 0 0 0 0 0 0 0 0 0 0 0 0 0 0 0 0 0 0 0 0 0 0 0 0 0 0 0 0 0 0 0 0 0 0 0 0 0 0 0 0 0 0 0 0 0 0 0 0 0 0 0 0 0 0 0 0 0 0 0 0 0 0 0 0 0 0 0 0 0 0 0 0 0 0 0 0 0 0 0 0 0 0 0 0 0 0 0 0 0 0 0 0 0 0 0 0 0 0 0 0 0 0 0 0 0 0 0 0 0 0 0 0 0 0 0 0 0 0 0 0 0 0 0 0 0 0 0 0 0 0 0 0 0 0 0 0 0 0 0 0 0 0 0 0 0 0 0 0 0 0 0 0 0 0 0 0 0 0 0 0 0 0 0 0 0 0 0 0 0 0 0 0 0 0 0 0 0 0 0 0 0 0 0 0 0 0 0 0 0 0 0 0 0 0 0 0 0 0 0 0 0 0 0 0 0 0 0 0 0 0 0 0 0 0 0 0 0 0 0 0 0 0 0 0 0 0 0 0 0 0 0 0 0 0 0 0 0 0 0 0 0 0 0 0 0 0 0 0 0 0 0 0 0 0 0 0 0 0 0 0 0 0 0 0 0 0 0 0 0 0 0 0 0 0 0 0 0 0 0 0 0 0 0 0 0 0 0 0 0 0 0 0 0 0 0 0 0 0 0 0 0 0 0 0 0 0 0 0 0 0 0 0 0 0 0 0 0 0 0 0 0 0 0 0 0 0 0 0 0 0 0 0 0 0 0 0 0 0 0 0 0 0 0 0 0 0 0 0 0 0 0 0 0 0 0 0 0 0 0 0 0 0 0 0 0 0 0 0 0 0 0 0 0 0 0 0 0 0 0 0 0 0 0 0 0 0 0 0 0 0 0 0 0 0 0 0 0 0 0 0 0 0 0 0 0 0 0 0 0 0 0 0 0 0 0 0 0 0 0 0 0 0 0 0 0 0 0 0 0 0 0 0 0 0 0 0 0 0 0 0 0 0 0 0 0 0 0 0 0 0 0 0 0 0 0 0 0 0 0 0 0 0 0 0 0 0 0 0 0 0 0 0 0 0 0 0 0 0 0 0 0 0 0 0 0 0 0 0 0 0 0 0 0 0 0 0 0 0 0 0 0 0 0 0 0 0 0 0 0 0 0 0 0 0 0 0 0 0 0 0 0 0 0 0 0 0 0 0 0 0 0 0 0 0 0 0 0 0 0 0 0 0 0 0 0 0 0 0 0 0 0 0 0 0 0 0 0 0 0 0 0 0 0 0 0 0 0 0 0 0 0 0 0 0 0 0 0 0 0 0 0 0 0 0 0 0 0 0 0 0 0 0 0 0 0 0 0 0 0 0
 0 0 0 0 0 0 0 0 0 0 0 0 0 0 0 0 0 0 0 0 0 0 0 0 0 0 0 0 0 0 0 0 0 0 0 0 0 0 0 0 0 0 0 0 0 0 0 0 0 0 0 0 0 0 0 0 0 0 0 0 0 0 0 0 0 0 0 0 0 0 0 0 0 0 0 0 0 0 0 0 0 0 0 0 0 0 0 0 0 0 0 0 0 0 0 0 0 0 0 0 0 0 0 0 0 0 0 0 0 0 0 0 0 0 0 0 0 0 0 0 0 0 0 0 0 0 0 0 0 0 0 0 0 0 0 0 0 0 0 0 0 0 0 0 0 0 0 0 0 0 0 0 0 0 0 0 0 0 0 0 0 0 0 0 0 0 0 0 0 0 0 0 0 0 0 0 0 0 0 0 0 0 0 0 0 0 0 0 0 0 0 0 0 0 0 0 0 0 0 0 0 0 0 0 0 0 0 0 0 0 0 0 0 0 0 0 0 0 0 0 0 0 0 0 0 0 0 0 0 0 0 0 0 0 0 0 0 0 0 0 0 0 0 0 0 0 0 0 0 0 0 0 0 0 0 0 0 0 0 0 0 0 0 0 0 0 0 0 0 0 0 0 0 0 0 0 0 0 0 0 0 0 0 0 0 0 0 0 0 0 0 0 0 0 0 0 0 0 0 0 0 0 0 0 0 0 0 0 0 0 0 0 0 0 0 0 0 0.0003809242625720799 0.001595867797732353 0.003717407584190369 0.006771847140043974 0.01092179492115974 0.01627670228481293 0.02288743667304516 0.03077208623290062 0.03994953632354736 0.05043834447860718 0.06195175647735596 0.07461554557085037 0.08840921521186829 0.1031612828373909 0.1189684048295021 0.1359500288963318 0.1539237648248672 0.1727759838104248 0.1923671513795853 0.2126690596342087 0.2337296456098557 0.2554492354393005 0.2777693867683411 0.3006115853786469 0.323762834072113 0.3453604280948639 0.3625640571117401 0.3734132349491119 0.3765978515148163 0.3711625039577484 0.3564574122428894 0.3386345505714417 0.3217028379440308 0.3056176900863647 0.2903368175029755 0.2758199870586395 0.2620289921760559 0.2489275485277176 0.236481174826622 0.2246571183204651 0.2134242653846741 0.2027530521154404 0.1926154047250748 0.1829846352338791 0.1738353967666626 0.1651436239480972 0.1568864434957504 0.1490421146154404 0.1415900141000748 0.1345105171203613 0.1277849972248077 0.1213957443833351 0.1153259575366974 0.1095596626400948 0.1040816828608513 0.09887760132551193 0.09393372386693954 0.0892370343208313 0.0847751796245575 0.08053641766309738 0.07650959491729736 0.07268411666154861 0.06904990971088409 0.06559741497039795 0.06231754273176193 0.05920166522264481 0.05624158307909966 0.0534295029938221 0.05075802654027939 0.04822012409567833 0.04580911621451378 0.04351865872740746 0.04134272411465645 0.03927558660507202 0.03731180727481842 0.03544621542096138 0.03367390483617783 0.03199020773172379 0.03039069660007954 0.02887116186320782 0.02742760442197323 0.02605622448027134 0.02475341409444809 0.02351574413478374 0.0223399568349123 0.02122295834124088 0.02016181126236916 0.01915372163057327 0.01819603517651558 0.01728623360395432 0.01642192155122757 0.01560082565993071 0.01482078433036804 0.01407974492758512 0.01337575726211071 0.01270696893334389 0.01207162067294121 0.01146803982555866 0.01089463755488396 0.01034990604966879 0.009832411073148251 0.009340790100395679 0.008873750455677509 0.008430062793195248 0.008008559234440327 0.007608131505548954 0.007227724883705378 0.006866338662803173 0.006523021496832371 0.006196870468556881 0.005887026898562908 0.005592675413936377 0.005313041619956493 0.005047389306128025 0.00479501998052001 0.00455526914447546 0.004327505826950073 0.004111130721867085 0.003905574092641473 0.003710295306518674 0.003524780506268144 0.00334854144603014 0.003181114327162504 0.003022058634087443 0.002870955737307668 0.002727407962083817 0.002591037657111883 0.002461485797539353 0.002338411519303918 0.002221490954980254 0.002110416302457452 0.002004895592108369 0.001904650824144483 0.001809418317861855 0.001718947431072593 0.00163300009444356 0.001551350113004446 0.001473782584071159 0.001400093431584537 0.001330088707618415 0.001263584243133664 0.001200405065901577 0.001140384818427265 0.001083365525119007 0.00102919724304229 0.0009777373634278774 0.0009288504952564836 0.0008824079995974898 0.0008382875821553171 0.0007963731768541038 0.0007565545383840799 0.0007187268347479403 0.000682790472637862 0.0006486509228125215 0.0006162183708511293 0.0005854074261151254 0.0005561370635405183 0.0005283302161842585 0.0005019137170165777 0.0004768180369865149 0.0004529771395027637 0.0004303282767068595 0.0004088118730578572 0.000388371292501688 0.0003689527220558375 0.0003505050844978541 0.000332979834638536 0.0003163308429066092 0.0003005143080372363 0.0002854885824490339 0.0002712141431402415 0.0002576534461695701 0.0002447707811370492 0.0002325322420801967 0.0002209056256106123 0.000209860343602486 0.0001993673213291913 0.0001893989538075402 0.0001799290039343759 0.0001709325588308275 0.0001623859279789031 0.0001542666286695749 0.0001465532986912876 0.0001392256381222978 0.0001322643511230126 0.0001256511313840747 0.000119368574814871 0.0001134001431637444 0.0001077301349141635 0.0001023436270770617 9.722644608700648e-05 9.236512414645404e-05 8.774687012191862e-05 8.335952588822693e-05 7.919155177660286e-05 7.523197564296424e-05 7.147037831600755e-05 6.789685721741989e-05 6.450201180996373e-05 6.127691449364647e-05 5.821306694997475e-05 5.530241469386965e-05 5.253729250398465e-05 4.991042806068435e-05 4.741490556625649e-05 4.504415846895427e-05 4.279195127310231e-05 4.065235407324508e-05 3.861973527818918e-05 3.66887470590882e-05 3.485431079752743e-05 3.311159525765106e-05 3.145601658616215e-05 2.98832164844498e-05 2.838905493263155e-05 2.696960291359574e-05 2.562112240411807e-05 2.434006637486164e-05 2.312306241947226e-05 2.196690911659971e-05 2.086856329697184e-05 1.982513458642643e-05 1.883387812995352e-05 1.789218367775902e-05 1.699757376627531e-05 1.614769462321419e-05 1.534031071059871e-05 1.457329562981613e-05 1.38446312121232e-05 1.31523993331939e-05 1.249477918463526e-05 1.187003999802982e-05 1.127653831645148e-05 1.071271162800258e-05 1.017707563732984e-05 9.668221537140198e-06 9.184810551232658e-06 8.725570296519436e-06 8.289292054541875e-06 7.874827133491635e-06 7.481085958715994e-06 7.107031706254929e-06 6.751680302841123e-06 6.414096333173802e-06 6.093391675676685e-06 5.788721864519175e-06 5.499285634869011e-06 5.224321284913458e-06 4.963105311617255e-06 4.714950136985863e-06 4.479202743823407e-06 4.255242401995929e-06 4.04248021368403e-06 3.840356384898769e-06 3.648338633865933e-06 3.465921736278688e-06 3.292625706308172e-06 3.127994432361447e-06 2.971594767586794e-06 2.823014938257984e-06 2.681864089026931e-06 2.547770918681636e-06 2.420382315904135e-06 2.299363131896826e-06 2.184395043514087e-06 2.075175189020229e-06 1.971416395463166e-06 1.872845587058691e-06 1.779203330443124e-06 1.690243152552284e-06 1.605730972187303e-06 1.525444417893596e-06 1.449172145839839e-06 1.376713498757454e-06 1.307877823819581e-06 1.242483904206892e-06 1.180359731733915e-06 1.121341711041168e-06 1.065274659595161e-06 1.012010898193694e-06 9.614103646526928e-07 9.133398179983487e-07 8.676728384671151e-07
 0 0 0 0 0 0 0 0 0 0 0 0 0 0 0 0 0 0 0 0 0 0 0 0 0 0 0 0 0 0 0 0 0 0 0 0 0 0 0 0 0 0 0 0 0 0 0 0 0 0 0 0 0 0 0 0 0 0 0 0 0 0 0 0 0 0 0 0 0 0 0 0 0 0 0 0 0 0 0 0 0 0 0 0 0 0 0 0 0 0 0 0 0 0 0 0 0 0 0 0 0 0 0 0 0 0 0 0 0 0 0 0 0 0 0 0 0 0 0 0 0 0 0 0 0 0 0 0 0 0 0 0 0 0 0 0 0 0 0 0 0 0 0 0 0 0 0 0 0 0 0 0 0 0 0 0 0 0 0 0 0 0 0 0 0 0 0 0 0 0 0 0 0 0 0 0 0 0 0 0 0 0 0 0 0 0 0 0 0 0 0 0 0 0 0 0 0 0 0 0 0 0 0 0 0 0 0 0 0 0 0 0 0 0 0 0 0 0 0 0 0 0 0 0 0 0 0 0 0 0 0 0 0 0 0 0 0 0 0 0 0 0 0 0 0 0 0 0 0 0 0 0 0 0 0 0 0 0 0 0 0 0 0 0 0 0 0 0 0 0 0 0 0 0 0 0 0 0 0 0 0 0 0 0 0 0 0 0 0 0 0 0 0 0 0 0 0 0 0 0 0 0 0 0 0 0 0 0 0 0 0 0 0 0 0 0 0 0 0 0 0 0 0 0 0 0 0 0 0 0 0 0 0 0 0 0 0 0 0 0 0 0 0 0 0 0 0 0 0 0 0 0 0 0 0 0 0 0 0 0 0 0 0 0 0 0 0 0 0 0 0 0 0 0 0 0 0 0 0 0 0 0 0 0 0 0 0 0 0 0 0 0 0 0 0 0 0 0 0 0 0 0 0 0 0 0 0 0 0 0 0 0 0 0 0 0 0 0 0 0 0 0 0 0 0 0 0 0 0 0 0 0 0 0 0 0 0 0 0 0 0 0 0 0 0 0 0 0 0 0 0 0 0 0 0 0 0 0 0 0 0 0 0 0 0 0 0 0 0 0 0 0 0 0 0 0 0 0 0 0 0 0 0 0 0 0 0 0 0 0 0 0 0 0 0 0 0 0 0 0 0 0 0 0 0 0 0 0 0 0 0 0 0 0 0 0 0 0 0 0 0 0 0 0 0 0 0 0 0 0 0 0 0 0 0 0 0 0 0 0 0 0 0 0 0 0 0 0 0 0 0 0 0 0 0 0 0 0 0 0 0 0 0 0 0 0 0 0 0 0 0 0 0 0 0 0 0 0 0 0 0 0 0 0 0 0 0 0 0 0 0 0 0 0 0 0 0 0 0 0
 0 0 0 0 0 0 0 0 0 0 0 0 0 0 0 0 0 0 0 0 0 0 0 0 0 0 0 0 0 0 0 0 0 0 0 0 0 0 0 0 0 0 0 0 0 0 0 0 0 0 0 0 0 0 0 0 0 0 0 0 0 0 0 0 0 0 0 0 0 0 0 0 0 0 0 0 0 0 0 0 0 0 0 0 0 0 0 0 0 0 0 0 0 0 0 0 0 0 0 0 0 0 0 0 0 0 0 0 0 0 0 0 0 0 0 0 0 0 0 0 0 0 0 0 0 0 0 0 0 0 0 0 0 0 0 0 0 0 0 0 0 0 0 0 0 0 0 0 0 0 0 0 0 0 0 0 0 0 0 0 0 0 0 0 0 0 0 0 0 0 0 0 0 0 0 0 0 0 0 0 0 0 0 0 0 0 0 0 0 0 0 0 0 0 0 0 0 0 0 0 0 0 0 0 0 0 0 0 0 0 0 0 0 0 0 0 0 0 0 0 0 0 0 0 0 0 0 0 0 0 0 0 0 0 0 0 0 0 0 0 0 0 0 0 0 0 0 0 0 0 0 0 0 0 0 0 0 0 0 0 0 0 0 0 0 0 0 0 0 0 0 0 0 0 0 0 0 0 0 0 0 0 0 0 0 0 0 0 0 0 0 0 0 0 0 0 0 0 0 0 0 0 0 0 0 0 0 0 0 0 0 0 0 0 0 0 0 0 0 0 0 0 0 0 0 0 0 0 0 0 0 0 0 0 0 0 0 0 0 0 0 0 0 0 0 0 0 0 0 0 0 0 0 0 0 0 0 0 0 0 0 0 0 0 0 0 0 0 0 0 0 0 0 0 0 0 0 0 0 0 0 0 0 0 0 0 0 0 0 0 0 0 0 0 0 0 0 0 0 0 0 0 0 0 0 0 0 0 0 0 0 0 0 0 0 0 0 0 0 0 0 0 0 0 0 0 0 0 0 0 0 0 0 0 0 0 0 0 0 0 0 0 0 0 0 0 0 0 0 0 0 0 0 0 0 0 0 0 0 0 0 0 0 0 0 0 0 0 0 0 0 0 0 0 0 0 0 0 0 0 0 0 0 0 0 0 0 0 0 0 0 0 0 0 0 0 0 0 0 0 0 0 0 0 0 0 0 0 0 0 0 0 0 0 0 0 0 0 0 0 0 0 0 0 0 0 0 0 0 0 0 0 0 0 0 0 0 0 0 0 0 0 0 0 0 0 0 0 0 0 0 0 0 0 0 0 0 0 0 0 0 0 0 0 0 0 0 0 0 0 0 0 0 0 0 0 0 0 0 0 0 0 0 0 0 0 0 0 0 0 0 0 0 0 0 0 0 0 0 0
 0 0 0 0 0 0 0 0 0 0 0 0 0 0 0 0 0 0 0 0 0 0 0 0 0 0 0 0 0 0 0 0 0 0 0 0 0 0 0 0 0 0 0 0 0 0 0 0 0 0 0 0 0 0 0 0 0 0 0 0 0 0 0 0 0 0 0 0 0 0 0 0 0 0 0 0 0 0 0 0 0 0 0 0 0 0 0 0 0 0 0 0 0 0 0 0 0 0 0 0 0 0 0 0 0 0 0 0 0 0 0 0 0 0 0 0 0 0 0 0 0 0 0 0 0 0 0 0 0 0 0 0 0 0 0 0 0 0 0 0 0 0 0 0 0 0 0 0 0 0 0 0 0 0 0 0 0 0 0 0 0 0 0 0 0 0 0 0 0 0 0 0 0 0 0 0 0 0 0 0 0 0 0 0 0 0 0 0 0 0 0 0 0 0 0 0 0 0 0 0 0 0 0 0 0 0 0 0 0 0 0 0 0 0 0 0 0 0 0 0 0 0 0 0 0 0 0 0 0 0 0 0 0 0 0 0 0 0 0 0 0 0 0 0 0 0 0 0 0 0 0 0 0 0 0 0 0 0 0 0 0 0 0 0 0 0 0 0 0 0 0 0 0 0 0 0 0 0 0 0 0 0 0 0 0 0 0 0 0 0 0 0 0 0 0 0 0 0 0 0 0 0 0 0 0 0 0 0 0 0 0 0 0 0 0 0 0 0 0 0 0 0 0 0 0 0 0 0 0 0 0 0 0 0 0 0 0 0 0 0 0 0 0 0 0 0 0 0 0 0 0 0 0 0 0 0 0 0 0 0 0 0 0 0 0 0 0 0 0 0 0 0 0 0 0 0 0 0 0 0 0 0 0 0 0 0 0 0 0 0 0 0 0 0 0 0 0 0 0 0 0 0 0 0 0 0 0 0 0 0 0 0 0 0 0 0 0 0 0 0 0 0 0 0 0 0 0 0 0 0 0 0 0 0 0 0 0 0 0 0 0 0 0 0 0 0 0 0 0 0 0 0 0 0 0 0 0 0 0 0 0 0 0 0 0 0 0 0 0 0 0 0 0 0 0 0 0 0 0 0 0 0 0 0 0 0 0 0 0 0 0 0 0 0 0 0 0 0 0 0 0 0 0 0 0 0 0 0 0 0 0 0 0 0 0 0 0 0 0 0 0 0 0 0 0 0 0 0 0 0 0 0 0 0 0 0 0 0 0 0 0 0 0 0 0 0 0 0 0 0 0 0 0 0 0 0 0 0 0 0 0 0 0 0 0 0 0 0 0 0 0 0 0 0 0 0 0 0 0 0 0 0 0 0 0 0 0 0 0 0 0 0 0 0 0 0 0 0 0 0
 0 0 0 0 0 0 0 0 0 0 0 0 0 0 0 0 0 0 0 0 0 0 0 0 0 0 0 0 0 0 0 0 0 0 0 0 0 0 0 0 0 0 0 0 0 0 0 0 0 0 0 0 0 0 0 0 0 0 0 0 0 0 0 0 0 0 0 0 0 0 0 0 0 0 0 0 0 0 0 0 0 0 0 0 0 0 0 0 0 0 0 0 0 0 0 0 0 0 0 0 0 0 0 0 0 0 0 0 0 0 0 0 0 0 0 0 0 0 0 0 0 0 0 0 0 0 0 0 0 0 0 0 0 0 0 0 0 0 0 0 0 0 0 0 0 0 0 0 0 0 0 0 0 0 0 0 0 0 0 0 0 0 0 0 0 0 0 0 0 0 0 0 0 0 0 0 0 0 0 0 0 0 0 0 0 0 0 0 0 0 0 0 0 0 0 0 0 0 0 0 0 0 0 0 0 0 0 0 0 0 0 0 0 0 0 0 0 0 0 0 0 0 0 0 0 0 0 0 0 0 0 0 0 0 0 0 0 0 0 0 0 0 0 0 0 0 0 0 0 0 0 0 0 0 0 0 0 0 0 0 0 0 0 0 0 0 0 0 0 0 0 0 0 0 0 0 0 0 0 0 0 0 0 0 0 0 0 0 0 0 0 0 0 0 0 0 0 0 0 0 0 0 0 0 0 0 0 0 0 0 0 0 0 0 0 0 0.0006326205329969525 0.002017226535826921 0.004315867088735104 0.007615244947373867 0.01205346081405878 0.01773176342248917 0.02471029758453369 0.03301065042614937 0.04268789663910866 0.05375823378562927 0.06596136838197708 0.0794261246919632 0.0941130518913269 0.1098352074623108 0.1266185343265533 0.1443485170602798 0.1631340682506561 0.1827925592660904 0.2032480239868164 0.2244733422994614 0.2463746666908264 0.2688659429550171 0.2919305264949799 0.3155040144920349 0.3392360508441925 0.3604370951652527 0.3764172494411469 0.3853935599327087 0.3861165344715118 0.3778150081634521 0.3597430288791656 0.3417558670043945 0.3246680796146393 0.3084346652030945 0.2930129170417786 0.2783622741699219 0.2644441723823547 0.2512219548225403 0.2386608570814133 0.2267278134822845 0.2153914272785187 0.2046218514442444 0.1943907588720322 0.1846712231636047 0.1754376590251923 0.1666657775640488 0.1583324819803238 0.1504158526659012 0.1428950577974319 0.1357503086328506 0.1289627999067307 0.1225146576762199 0.1163889244198799 0.1105694770812988 0.10504100471735 0.09978895634412766 0.09479951113462448 0.09005953371524811 0.08555655926465988 0.0812787339091301 0.0772147998213768 0.07335405796766281 0.06968635320663452 0.06620203703641891 0.06289193779230118 0.05974734202027321 0.05675997585058212 0.05392197519540787 0.05122587829828262 0.04866458475589752 0.04623135551810265 0.04391978681087494 0.04172379896044731 0.03963761031627655 0.03765572980046272 0.03577294200658798 0.03398429602384567 0.03228507936000824 0.03067082539200783 0.02913728356361389 0.0276804193854332 0.02629639767110348 0.02498157694935799 0.0237324982881546 0.02254587411880493 0.02141858078539371 0.02034765109419823 0.01933026872575283 0.01836375519633293 0.01744556799530983 0.01657328940927982 0.01574462465941906 0.01495739351958036 0.01420952379703522 0.01349904760718346 0.01282409485429525 0.01218289043754339 0.01157374586910009 0.01099505834281445 0.01044530514627695 0.009923039935529232 0.009426888078451157 0.008955543860793114 0.008507766760885715 0.008082378655672073 0.007678259629756212 0.007294346578419209 0.006929629482328892 0.006583148147910833 0.006253990810364485 0.005941291339695454 0.005644226912409067 0.005362015683203936 0.005093914922326803 0.004839219152927399 0.004597258288413286 0.004367395304143429 0.004149025306105614 0.00394157413393259 0.003744495334103703 0.003557270625606179 0.003379407105967402 0.003210436785593629 0.00304991495795548 0.002897419268265367 0.00275254831649363 0.00261492095887661 0.002484174910932779 0.002359966281801462 0.002241967944428325 0.002129869535565376 0.002023376058787107 0.001922207302413881 0.001826096908189356 0.001734792022034526 0.001648052362725139 0.001565649756230414 0.001487367320805788 0.001412999001331627 0.001342349103651941 0.001275231596082449 0.001211469992995262 0.001150896539911628 0.001093351747840643 0.001038684160448611 0.0009867500048130751 0.0009374124929308891 0.0008905418799258769 0.0008460147655569017 0.0008037140360102057 0.0007635283400304615 0.0007253519142977893 0.0006890842923894525 0.0006546300719492137 0.00062189856544137 0.0005908036255277693 0.0005612634704448283 0.0005332002765499055 0.0005065402365289629 0.0004812132101505995 0.0004571525496430695 0.0004342949250712991 0.0004125801788177341 0.0003919511800631881 0.0003723536210600287 0.0003537359298206866 0.0003360491245985031 0.000319246668368578 0.0003032843233086169 0.0002881201216951013 0.000273714103968814 0.0002600284060463309 0.0002470269973855466 0.0002346756518818438 0.0002229418751085177 0.0002117947879014537 0.0002012050535995513 0.0001911448052851483 0.0001815875584725291 0.0001725081820040941 0.0001638827670831233 0.0001556886272737756 0.0001479041966376826 0.0001405089860782027 0.0001334835396846756 0.0001268093619728461 0.0001204688960569911 0.0001144454508903436 0.0001087231794372201 0.0001032870204653591 9.812266944209114e-05 9.321653487859294e-05 8.855570922605693e-05 8.412792521994561e-05 7.992152677616104e-05 7.592544716317207e-05 7.212917262222618e-05 6.852271326351911e-05 6.509658123832196e-05 6.184175435919315e-05 5.874966518604197e-05 5.581218283623457e-05 5.302157296682708e-05 5.037049413658679e-05 4.785196870216168e-05 4.545937190414406e-05 4.318640276324004e-05 4.102708408026956e-05 3.897572969435714e-05 3.702694448293187e-05 3.517559889587574e-05 3.341681804158725e-05 3.174597804900259e-05 3.015867878275458e-05 2.865074566216208e-05 2.721820783335716e-05 2.585729816928506e-05 2.456443326082081e-05 2.333621159777977e-05 2.216940083599184e-05 2.106093052134383e-05 2.000788481382187e-05 1.900748975458555e-05 1.805711508495733e-05 1.715425969450735e-05 1.629654616408516e-05 1.548171894683037e-05 1.47076334542362e-05 1.397225150867598e-05 1.327363861491904e-05 1.260995668417308e-05 1.197945857711602e-05 1.138048537541181e-05 1.081146092474228e-05 1.027088819682831e-05 9.757343832461629e-06 9.269476322515402e-06 8.806002369965427e-06 8.365702342416625e-06 7.94741754361894e-06 7.550046575488523e-06 7.172544428613037e-06 6.813917025283445e-06 6.473221219494008e-06 6.149560249468777e-06 5.842082373419544e-06 5.549978141061729e-06 5.272479029372334e-06 5.008855168853188e-06 4.758412615046836e-06 4.520491984294495e-06 4.294467544241343e-06 4.07974403060507e-06 3.875756647175876e-06 3.681968792079715e-06 3.497870238788892e-06 3.322976681374712e-06 3.156827915518079e-06 2.99898647426744e-06 2.849037173291435e-06 2.706585291889496e-06 2.571256118244492e-06 2.442693357807002e-06 2.320558678547968e-06 2.204530801463989e-06 2.094304363708943e-06 1.989589236472966e-06 1.890109729174583e-06 1.795604248400196e-06 1.705824047348869e-06 1.620532884771819e-06 1.539506229164544e-06 1.462530917706317e-06 1.389404360452318e-06 1.319934199273121e-06 1.253937512046832e-06 1.191240585285414e-06 1.131678573074169e-06 1.075094587577041e-06 1.021339812723454e-06 9.702728220872814e-07 9.217591809829173e-07 8.756712190916005e-07 8.31887632557482e-07
 0 0 0 0 0 0 0 0 0 0 0 0 0 0 0 0 0 0 0 0 0 0 0 0 0 0 0 0 0 0 0 0 0 0 0 0 0 0 0 0 0 0 0 0 0 0 0 0 0 0 0 0 0 0 0 0 0 0 0 0 0 0 0 0 0 0 0 0 0 0 0 0 0 0 0 0 0 0 0 0 0 0 0 0 0 0 0 0 0 0 0 0 0 0 0 0 0 0 0 0 0 0 0 0 0 0 0 0 0 0 0 0 0 0 0 0 0 0 0 0 0 0 0 0 0 0 0 0 0 0 0 0 0 0 0 0 0 0 0 0 0 0 0 0 0 0 0 0 0 0 0 0 0 0 0 0 0 0 0 0 0 0 0 0 0 0 0 0 0 0 0 0 0 0 0 0 0 0 0 0 0 0 0 0 0 0 0 0 0 0 0 0 0 0 0 0 0 0 0 0 0 0 0 0 0 0 0 0 0 0 0 0 0 0 0 0 0 0 0 0 0 0 0 0 0 0 0 0 0 0 0 0 0 0 0 0 0 0 0 0 0 0 0 0 0 0 0 0 0 0 0 0 0 0 0 0 0 0 0 0 0 0 0 0 0 0 0 0 0 0 0 0 0 0 0 0 0 0 0 0 0 0 0 0 0 0 0 0 0 0 0 0 0 0 0 0 0 0 0 0 0 0 0 0 0 0 0 0 0 0 0 0 0 0 0 0 0 0 0 0 0 0 0 0 0 0 0 0 0 0 0 0 0 0 0 0 0 0 0 0 0 0 0 0 0 0 0 0 0 0 0 0 0 0 0 0 0 0 0 0 0 0 0 0 0 0 0 0 0 0 0 0 0 0 0 0 0 0 0 0 0 0 0 0 0 0 0 0 0 0 0 0 0 0 0 0 0 0 0 0 0 0 0 0 0 0 0 0 0 0 0 0 0 0 0 0 0 0 0 0 0 0 0 0 0 0 0 0 0 0 0 0 0 0 0 0 0 0 0 0 0 0 0 0 0 0 0 0 0 0 0 0 0 0 0 0 0 0 0 0 0 0 0 0 0 0 0 0 0 0 0 0 0 0 0 0 0 0 0 0 0 0 0 0 0 0 0 0 0 0 0 0 0 0 0 0 0 0 0 0 0 0 0 0 0 0 0 0 0 0 0 0 0 0 0 0 0 0 0 0 0 0 0 0 0 0 0 0 0 0 0 0 0 0 0 0 0 0 0 0 0 0 0 0 0 0 0 0 0 0 0 0 0 0 0 0 0 0 0 0 0 0 0 0 0 0 0 0 0 0 0 0 0 0 0 0 0 0 0 0 0 0 0 0 0 0 0 0 0 0 0 0 0 0 0 0 0 0 0 0
 0 0 0 0 0 0 0 0 0 0 0 0 0 0 0 0 0 0 0 0 0 0 0 0 0 0 0 0 0 0 0 0 0 0 0 0 0 0 0 0 0 0 0 0 0 0 0 0 0 0 0 0 0 0 0 0 0 0 0 0 0 0 0 0 0 0 0 0 0 0 0 0 0 0 0 0 0 0 0 0 0 0 0 0 0 0 0 0 0 0 0 0 0 0 0 0 0 0 0 0 0 0 0 0 0 0 0 0 0 0 0 0 0 0 0 0 0 0 0 0 0 0 0 0 0 0 0 0 0 0 0 0 0 0 0 0 0 0 0 0 0 0 0 0 0 0 0 0 0 0 0 0 0 0 0 0 0 0 0 0 0 0 0 0 0 0 0 0 0 0 0 0 0 0 0 0 0 0 0 0 0 0 0 0 0 0 0 0 0 0 0 0 0 0 0 0 0 0 0 0 0 0 0 0 0 0 0 0 0 0 0 0 0 0 0 0 0 0 0 0 0 0 0 0 0 0 0 0 0 0 0 0 0 0 0 0 0 0 0 0 0 0 0 0 0 0 0 0 0 0 0 0 0 0 0 0 0 0 0 0 0 0 0 0 0 0 0 0 0 0 0 0 0 0 0 0 0 0 0 0 0 0 0 0 0 0 0 0 0 0 0 0 0 0 0 0 0 0 0 0 0 0 0 0 0 0 0 0 0 0 0 0 0 0 0 0 0 0 0 0 0 0 0 0 0 0 0 0 0 0 0 0 0 0 0 0 0 0 0 0 0 0 0 0 0 0 0 0 0 0 0 0 0 0 0 0 0 0 0 0 0 0 0 0 0 0 0 0 0 0 0 0 0 0 0 0 0 0 0 0 0 0 0 0 0 0 0 0 0 0 0 0 0 0 0 0 0 0 0 0 0 0 0 0 0 0 0 0 0 0 0 0 0 0 0 0 0 0 0 0 0 0 0 0 0 0 0 0 0 0 0 0 0 0 0 0 0 0 0 0 0 0 0 0 0 0 0 0 0 0 0 0 0 0 0 0 0 0 0 0 0 0 0 0 0 0 0 0 0 0 0 0 0 0 0 0 0 0 0 0 0 0 0 0 0 0 0 0 0 0 0 0 0 0 0 0 0 0 0 0 0 0 0 0 0 0 0 0 0 0 0 0 0 0 0 0 0 0 0 0 0 0 0 0 0 0 0 0 0 0 0 0 0 0 0 0 0 0 0 0 0 0 0 0 0 0 0 0 0 0 0 0 0 0 0 0 0 0 0 0 0 0 0 0 0 0 0 0 0 0 0 0 0 0 0 0 0 0 0 0 0 0 0 0 0 0 0 0 0 0 0 0 0 0 0 0 0 0 0 0
 0 0 0 0 0 0 0 0 0 0 0 0 0 0 0 0 0 0 0 0 0 0 0 0 0 0 0 0 0 0 0 0 0 0 0 0 0 0 0 0 0 0 0 0 0 0 0 0 0 0 0 0 0 0 0 0 0 0 0 0 0 0 0 0 0 0 0 0 0 0 0 0 0 0 0 0 0 0 0 0 0 0 0 0 0 0 0 0 0 0 0 0 0 0 0 0 0 0 0 0 0 0 0 0 0 0 0 0 0 0 0 0 0 0 0 0 0 0 0 0 0 0 0 0 0 0 0 0 0 0 0 0 0 0 0 0 0 0 0 0 0 0 0 0 0 0 0 0 0 0 0 0 0 0 0 0 0 0 0 0 0 0 0 0 0 0 0 0 0 0 0 0 0 0 0 0 0 0 0 0 0 0 0 0 0 0 0 0 0 0 0 0 0 0 0 0 0 0 0 0 0 0 0 0 0 0 0 0 0 0 0 0 0 0 0 0 0 0 0 0 0 0 0 0 0 0 0 0 0 0 0 0 0 0 0 0 0 0 0 0 0 0 0 0 0 0 0 0 0 0 0 0 0 0 0 0 0 0 0 0 0 0 0 0 0 0 0 0 0 0 0 0 0 0 0 0 0 0 0 0 0 0 0 0 0 0 0 0 0 0 0 0 0 0 0 0 0 0 0 0 0 0 0 0 0 0 0 0 0 0 0 0 0 0 0 0 0 0 0 0 0 0 0 0 0 0 0 0 0 0 0 0 0 0 0 0 0 0 0 0 0 0 0 0 0 0 0 0 0 0 0 0 0 0 0 0 0 0 0 0 0 0 0 0 0 0 0 0 0 0 0 0 0 0 0 0 0 0 0 0 0 0 0 0 0 0 0 0 0 0 0 0 0 0 0 0 0 0 0 0 0 0 0 0 0 0 0 0 0 0 0 0 0 0 0 0 0 0 0 0 0 0 0 0 0 0 0 0 0 0 0 0 0 0 0 0 0 0 0 0 0 0 0 0 0 0 0 0 0 0 0 0 0 0 0 0 0 0 0 0 0 0 0 0 0 0 0 0 0 0 0 0 0 0 0 0 0 0 0 0 0 0 0 0 0 0 0 0 0 0 0 0 0 0 0 0 0 0 0 0 0 0 0 0 0 0 0 0 0 0 0 0 0 0 0 0 0 0 0 0 0 0 0 0 0 0 0 0 0 0 0 0 0 0 0 0 0 0 0 0 0 0 0 0 0 0 0 0 0 0 0 0 0 0 0 0 0 0 0 0 0 0 0 0 0 0 0 0 0 0 0 0 0 0 0 0 0 0 0 0 0 0 0 0 0 0 0 0 0 0 0 0 0 0 0 0 0 0 0 0
 0 0 0 0 0 0 0 0 0 0 0 0 0 0 0 0 0 0 0 0 0 0 0 0 0 0 0 0 0 0 0 0 0 0 0 0 0 0 0 0 0 0 0 0 0 0 0 0 0 0 0 0 0 0 0 0 0 0 0 0 0 0 0 0 0 0 0 0 0 0 0 0 0 0 0 0 0 0 0 0 0 0 0 0 0 0 0 0 0 0 0 0 0 0 0 0 0 0 0 0 0 0 0 0 0 0 0 0 0 0 0 0 0 0 0 0 0 0 0 0 0 0 0 0 0 0 0 0 0 0 0 0 0 0 0 0 0 0 0 0 0 0 0 0 0 0 0 0 0 0 0 0 0 0 0 0 0 0 0 0 0 0 0 0 0 0 0 0 0 0 0 0 0 0 0 0 0 0 0 0 0 0 0 0 0 0 0 0 0 0 0 0 0 0 0 0 0 0 0 0 0 0 0 0 0 0 0 0 0 0 0 0 0 0 0 0 0 0 0 0 0 0 0 0 0 0 0 0 0 0 0 0 0 0 0 0 0 0 0 0 0 0 0 0 0 0 0 0 0 0 0 0 0 0 0 0 0 0 0 0 0 0 0 0 0 0 0 0 0 0 0 0 0 0 0 0 0 0 0 0 0 0 0 0 0 0 0 0 0 0 0 0 0 0 0 0 0 0 0 0 0 0 0 0 0 0 0 0 0 0 0 0 0 0 0 0 0.0002195258275605738 0.001180461142212152 0.002956571988761425 0.005636557005345821 0.009266367182135582 0.01403922401368618 0.02002252824604511 0.02720368839800358 0.0356447771191597 0.04537715017795563 0.05627777427434921 0.06823382526636124 0.08132632821798325 0.09556656330823898 0.1107876524329185 0.1270948350429535 0.1443129032850266 0.1625032424926758 0.1815867125988007 0.201382502913475 0.2219208925962448 0.243107944726944 0.2648186385631561 0.2869947254657745 0.3096993863582611 0.3327623009681702 0.3527522683143616 0.3672337532043457 0.3745682835578918 0.3736647367477417 0.3637160956859589 0.3455303013324738 0.3282537758350372 0.3118411004543304 0.2962490320205688 0.2814365923404694 0.2673647701740265 0.2539965212345123 0.2412966936826706 0.2292318642139435 0.2177702784538269 0.2068817615509033 0.1965376734733582 0.1867107897996902 0.1773752570152283 0.1685064882040024 0.1600811630487442 0.1520771086215973 0.1444732546806335 0.1372495889663696 0.1303871124982834 0.1238677576184273 0.1176743730902672 0.111790657043457 0.1062011271715164 0.1008910685777664 0.0958465188741684 0.09105419367551804 0.08650148659944534 0.08217640966176987 0.0780675858259201 0.07416420429944992 0.07045599073171616 0.06693319231271744 0.0635865330696106 0.06040720641613007 0.0573868453502655 0.05451750382781029 0.05179162696003914 0.04920204728841782 0.04674194380640984 0.04440484568476677 0.04218460246920586 0.04007537290453911 0.03807160258293152 0.03616802394390106 0.03435962274670601 0.03264164179563522 0.03100956045091152 0.02945908159017563 0.02798612788319588 0.02658682130277157 0.02525747939944267 0.02399460598826408 0.02279487624764442 0.02165513299405575 0.02057237550616264 0.01954375579953194 0.0185665674507618 0.01763824000954628 0.01675632782280445 0.01591851189732552 0.01512258592993021 0.0143664563074708 0.0136481337249279 0.01296572666615248 0.01231744047254324 0.01170156802982092 0.01111648976802826 0.01056066527962685 0.01003263238817453 0.009531000629067421 0.009054450318217278 0.008601727895438671 0.008171641267836094 0.007763059344142675 0.007374906446784735 0.007006160914897919 0.006655852776020765 0.006323060020804405 0.0060069072060287 0.005706561729311943 0.005421233829110861 0.005150171928107738 0.004892663098871708 0.004648029804229736 0.004415628500282764 0.00419484730809927 0.003985105082392693 0.003785849781706929 0.003596557304263115 0.00341672939248383 0.003245892934501171 0.003083598334342241 0.002929418347775936 0.002782947383821011 0.002643800107762218 0.002511610044166446 0.00238602957688272 0.002266728086397052 0.002153391717001796 0.002045722212642431 0.00194343610201031 0.001846264349296689 0.001753951190039515 0.001666253665462136 0.00158294104039669 0.001503793988376856 0.001428604242391884 0.001357174012809992 0.001289315288886428 0.00122484948951751 0.001163606997579336 0.001105426694266498 0.001050155377015471 0.0009976476430892944 0.0009477652492932975 0.0009003769955597818 0.0008553581428714097 0.0008125902386382222 0.0007719607092440128 0.0007333626854233444 0.0006966945366002619 0.0006618598126806319 0.0006287668365985155 0.0005973284714855254 0.0005674620624631643 0.0005390889709815383 0.0005121345166116953 0.0004865278024226427 0.0004622014239430428 0.0004390913527458906 0.0004171367909293622 0.0003962799382861704 0.0003764659340959042 0.0003576426242943853 0.0003397605032660067 0.0003227724810130894 0.0003066338540520519 0.0002913021598942578 0.000276737060630694 0.0002629001974128187 0.0002497551904525608 0.0002372674352955073 0.0002254040591651574 0.0002141338627552614 0.0002034271747106686 0.000193255822523497 0.0001835930306697264 0.0001744133769534528 0.0001656927051953971 0.0001574080670252442 0.000149537663673982 0.0001420607732143253 0.0001349577360088006 0.0001282098528463393 0.0001217993631144054 0.0001157093938672915 0.0001099239234463312 0.0001044277305481955 9.920634329319e-05 9.424602467333898e-05 8.953372162068263e-05 8.505703590344638e-05 8.080418047029525e-05 7.676397217437625e-05 7.292577356565744e-05 6.927948561497033e-05 6.581551133422181e-05 6.252473394852132e-05 5.939849870628677e-05 5.642857286147773e-05 5.360714567359537e-05 5.09267883899156e-05 4.838045060751028e-05 4.596142753143795e-05 4.366335633676499e-05 4.148018706473522e-05 3.940617898479104e-05 3.743587149074301e-05 3.556407682481222e-05 3.378587280167267e-05 3.209657734259963e-05 3.049174847546965e-05 2.896716068789829e-05 2.751880310825072e-05 2.614286313473713e-05 2.483571915945504e-05 2.359393329243176e-05 2.241423680970911e-05 2.129352469637524e-05 2.022884837060701e-05 1.921740658872295e-05 1.825653635023627e-05 1.734370925987605e-05 1.64765242516296e-05 1.565269849379547e-05 1.487006375100464e-05 1.412656092725229e-05 1.34202327899402e-05 1.274922124139266e-05 1.211176004289882e-05 1.150617208622862e-05 1.093086393666454e-05 1.038432037603343e-05 9.865104402706493e-06 9.371849046146963e-06 8.903256457415409e-06 8.458093361696228e-06 8.035188329813536e-06 7.633429049747065e-06 7.251757779158652e-06 6.889169981150189e-06 6.544711595779518e-06 6.217475856828969e-06 5.906601927563315e-06 5.611271717498312e-06 5.330708063411294e-06 5.064172455604421e-06 4.810963673662627e-06 4.570415512716863e-06 4.341894964454696e-06 4.124800398130901e-06 3.918560196325416e-06 3.722632300195983e-06 3.536500571499346e-06 3.359675474712276e-06 3.191691803294816e-06 3.032107315448229e-06 2.880502051993972e-06 2.736476972131641e-06 2.599653043944272e-06 2.46967033490364e-06 2.346186875001877e-06 2.228877519883099e-06 2.11743372346973e-06 2.011561946346774e-06 1.910983883135486e-06 1.815434643503977e-06 1.724662865854043e-06 1.638429694139631e-06 1.55650820943265e-06 1.47868274780194e-06 1.404748559252766e-06 1.334511125605786e-06 1.267785592062864e-06 1.204396312459721e-06 1.144176508205419e-06 1.086967699848174e-06 1.032619366014842e-06 9.809883749767323e-07 9.319389846496051e-07 8.853420467858086e-07 8.410749501308601e-07
 0 0 0 0 0 0 0 0 0 0 0 0 0 0 0 0 0 0 0 0 0 0 0 0 0 0 0 0 0 0 0 0 0 0 0 0 0 0 0 0 0 0 0 0 0 0 0 0 0 0 0 0 0 0 0 0 0 0 0 0 0 0 0 0 0 0 0 0 0 0 0 0 0 0 0 0 0 0 0 0 0 0 0 0 0 0 0 0 0 0 0 0 0 0 0 0 0 0 0 0 0 0 0 0 0 0 0 0 0 0 0 0 0 0 0 0 0 0 0 0 0 0 0 0 0 0 0 0 0 0 0 0 0 0 0 0 0 0 0 0 0 0 0 0 0 0 0 0 0 0 0 0 0 0 0 0 0 0 0 0 0 0 0 0 0 0 0 0 0 0 0 0 0 0 0 0 0 0 0 0 0 0 0 0 0 0 0 0 0 0 0 0 0 0 0 0 0 0 0 0 0 0 0 0 0 0 0 0 0 0 0 0 0 0 0 0 0 0 0 0 0 0 0 0 0 0 0 0 0 0 0 0 0 0 0 0 0 0 0 0 0 0 0 0 0 0 0 0 0 0 0 0 0 0 0 0 0 0 0 0 0 0 0 0 0 0 0 0 0 0 0 0 0 0 0 0 0 0 0 0 0 0 0 0 0 0 0 0 0 0 0 0 0 0 0 0 0 0 0 0 0 0 0 0 0 0 0 0 0 0 0 0 0 0 0 0 0 0 0 0 0 0 0 0 0 0 0 0 0 0 0 0 0 0 0 0 0 0 0 0 0 0 0 0 0 0 0 0 0 0 0 0 0 0 0 0 0 0 0 0 0 0 0 0 0 0 0 0 0 0 0 0 0 0 0 0 0 0 0 0 0 0 0 0 0 0 0 0 0 0 0 0 0 0 0 0 0 0 0 0 0 0 0 0 0 0 0 0 0 0 0 0 0 0 0 0 0 0 0 0 0 0 0 0 0 0 0 0 0 0 0 0 0 0 0 0 0 0 0 0 0 0 0 0 0 0 0 0 0 0 0 0 0 0 0 0 0 0 0 0 0 0 0 0 0 0 0 0 0 0 0 0 0 0 0 0 0 0 0 0 0 0 0 0 0 0 0 0 0 0 0 0 0 0 0 0 0 0 0 0 0 0 0 0 0 0 0 0 0 0 0 0 0 0 0 0 0 0 0 0 0 0 0 0 0 0 0 0 0 0 0 0 0 0 0 0 0 0 0 0 0 0 0 0 0 0 0 0 0 0 0 0 0 0 0 0 0 0 0 0 0 0 0 0 0 0 0 0 0 0 0 0 0 0 0 0 0 0 0 0 0 0 0 0 0 0 0 0 0 0 0 0 0 0 0 0 0 0 0 0
 0 0 0 0 0 0 0 0 0 0 0 0 0 0 0 0 0 0 0 0 0 0 0 0 0 0 0 0 0 0 0 0 0 0 0 0 0 0 0 0 0 0 0 0 0 0 0 0 0 0 0 0 0 0 0 0 0 0 0 0 0 0 0 0 0 0 0 0 0 0 0 0 0 0 0 0 0 0 0 0 0 0 0 0 0 0 0 0 0 0 0 0 0 0 0 0 0 0 0 0 0 0 0 0 0 0 0 0 0 0 0 0 0 0 0 0 0 0 0 0 0 0 0 0 0 0 0 0 0 0 0 0 0 0 0 0 0 0 0 0 0 0 0 0 0 0 0 0 0 0 0 0 0 0 0 0 0 0 0 0 0 0 0 0 0 0 0 0 0 0 0 0 0 0 0 0 0 0 0 0 0 0 0 0 0 0 0 0 0 0 0 0 0 0 0 0 0 0 0 0 0 0 0 0 0 0 0 0 0 0 0 0 0 0 0 0 0 0 0 0 0 0 0 0 0 0 0 0 0 0 0 0 0 0 0 0 0 0 0 0 0 0 0 0 0 0 0 0 0 0 0 0 0 0 0 0 0 0 0 0 0 0 0 0 0 0 0 0 0 0 0 0 0 0 0 0 0 0 0 0 0 0 0 0 0 0 0 0 0 0 0 0 0 0 0 0 0 0 0 0 0 0 0 0 0 0 0 0 0 0 0 0 0 0 0 0 0 0 0 0 0 0 0 0 0 0 0 0 0 0 0 0 0 0 0 0 0 0 0 0 0 0 0 0 0 0 0 0 0 0 0 0 0 0 0 0 0 0 0 0 0 0 0 0 0 0 0 0 0 0 0 0 0 0 0 0 0 0 0 0 0 0 0 0 0 0 0 0 0 0 0 0 0 0 0 0 0 0 0 0 0 0 0 0 0 0 0 0 0 0 0 0 0 0 0 0 0 0 0 0 0 0 0 0 0 0 0 0 0 0 0 0 0 0 0 0 0 0 0 0 0 0 0 0 0 0 0 0 0 0 0 0 0 0 0 0 0 0 0 0 0 0 0 0 0 0 0 0 0 0 0 0 0 0 0 0 0 0 0 0 0 0 0 0 0 0 0 0 0 0 0 0 0 0 0 0 0 0 0 0 0 0 0 0 0 0 0 0 0 0 0 0 0 0 0 0 0 0 0 0 0 0 0 0 0 0 0 0 0 0 0 0 0 0 0 0 0 0 0 0 0 0 0 0 0 0 0 0 0 0 0 0 0 0 0 0 0 0 0 0 0 0 0 0 0 0 0 0 0 0 0 0 0 0 0 0 0 0 0 0 0 0 0 0 0 0 0 0 0 0 0 0 0 0 0 0 0 0 0 0
 0 0 0 0 0 0 0 0 0 0 0 0 0 0 0 0 0 0 0 0 0 0 0 0 0 0 0 0 0 0 0 0 0 0 0 0 0 0 0 0 0 0 0 0 0 0 0 0 0 0 0 0 0 0 0 0 0 0 0 0 0 0 0 0 0 0 0 0 0 0 0 0 0 0 0 0 0 0 0 0 0 0 0 0 0 0 0 0 0 0 0 0 0 0 0 0 0 0 0 0 0 0 0 0 0 0 0 0 0 0 0 0 0 0 0 0 0 0 0 0 0 0 0 0 0 0 0 0 0 0 0 0 0 0 0 0 0 0 0 0 0 0 0 0 0 0 0 0 0 0 0 0 0 0 0 0 0 0 0 0 0 0 0 0 0 0 0 0 0 0 0 0 0 0 0 0 0 0 0 0 0 0 0 0 0 0 0 0 0 0 0 0 0 0 0 0 0 0 0 0 0 0 0 0 0 0 0 0 0 0 0 0 0 0 0 0 0 0 0 0 0 0 0 0 0 0 0 0 0 0 0 0 0 0 0 0 0 0 0 0 0 0 0 0 0 0 0 0 0 0 0 0 0 0 0 0 0 0 0 0 0 0 0 0 0 0 0 0 0 0 0 0 0 0 0 0 0 0 0 0 0 0 0 0 0 0 0 0 0 0 0 0 0 0 0 0 0 0 0 0 0 0 0 0 0 0 0 0 0 0 0 0 0 0 0 0 0 0 0 0 0 0 0 0 0 0 0 0 0 0 0 0 0 0 0 0 0 0 0 0 0 0 0 0 0 0 0 0 0 0 0 0 0 0 0 0 0 0 0 0 0 0 0 0 0 0 0 0 0 0 0 0 0 0 0 0 0 0 0 0 0 0 0 0 0 0 0 0 0 0 0 0 0 0 0 0 0 0 0 0 0 0 0 0 0 0 0 0 0 0 0 0 0 0 0 0 0 0 0 0 0 0 0 0 0 0 0 0 0 0 0 0 0 0 0 0 0 0 0 0 0 0 0 0 0 0 0 0 0 0 0 0 0 0 0 0 0 0 0 0 0 0 0 0 0 0 0 0 0 0 0 0 0 0 0 0 0 0 0 0 0 0 0 0 0 0 0 0 0 0 0 0 0 0 0 0 0 0 0 0 0 0 0 0 0 0 0 0 0 0 0 0 0 0 0 0 0 0 0 0 0 0 0 0 0 0 0 0 0 0 0 0 0 0 0 0 0 0 0 0 0 0 0 0 0 0 0 0 0 0 0 0 0 0 0 0 0 0 0 0 0 0 0 0 0 0 0 0 0 0 0 0 0 0 0 0 0 0 0 0 0 0 0 0 0 0 0 0 0 0 0 0 0 0 0 0 0 0 0 0
 0 0 0 0 0 0 0 0 0 0 0 0 0 0 0 0 0 0 0 0 0 0 0 0 0 0 0 0 0 0 0 0 0 0 0 0 0 0 0 0 0 0 0 0 0 0 0 0 0 0 0 0 0 0 0 0 0 0 0 0 0 0 0 0 0 0 0 0 0 0 0 0 0 0 0 0 0 0 0 0 0 0 0 0 0 0 0 0 0 0 0 0 0 0 0 0 0 0 0 0 0 0 0 0 0 0 0 0 0 0 0 0 0 0 0 0 0 0 0 0 0 0 0 0 0 0 0 0 0 0 0 0 0 0 0 0 0 0 0 0 0 0 0 0 0 0 0 0 0 0 0 0 0 0 0 0 0 0 0 0 0 0 0 0 0 0 0 0 0 0 0 0 0 0 0 0 0 0 0 0 0 0 0 0 0 0 0 0 0 0 0 0 0 0 0 0 0 0 0 0 0 0 0 0 0 0 0 0 0 0 0 0 0 0 0 0 0 0 0 0 0 0 0 0 0 0 0 0 0 0 0 0 0 0 0 0 0 0 0 0 0 0 0 0 0 0 0 0 0 0 0 0 0 0 0 0 0 0 0 0 0 0 0 0 0 0 0 0 0 0 0 0 0 0 0 0 0 0 0 0 0 0 0 0 0 0 0 0 0 0 0 0 0 0 0 0 0 0 0 0 0 0 0 0 0 0 0 0 0 0 0 0 0 0 0.000249386066570878 0.001333583262749016 0.003269396955147386 0.006170907057821751 0.01014558412134647 0.01532609481364489 0.02175787277519703 0.02948400750756264 0.03851962462067604 0.04895446449518204 0.06072575971484184 0.07366476953029633 0.08785758167505264 0.1031848415732384 0.1196178421378136 0.1371897459030151 0.1558399796485901 0.1753237396478653 0.1956390142440796 0.216723307967186 0.2384527623653412 0.2608270347118378 0.2839174568653107 0.3076400756835938 0.3316487073898315 0.3547822237014771 0.373813658952713 0.3865509629249573 0.3915194272994995 0.3876391351222992 0.3741505742073059 0.3554430603981018 0.3376709222793579 0.3207873702049255 0.304747998714447 0.2895106077194214 0.2750350832939148 0.2612833380699158 0.2482191771268845 0.2358082234859467 0.2240178138017654 0.2128169238567352 0.2021760791540146 0.1920672804117203 0.1824639141559601 0.1733407229185104 0.1646736860275269 0.1564400047063828 0.1486179977655411 0.1411871016025543 0.134127750992775 0.1274213641881943 0.1210502982139587 0.1149977818131447 0.1092478930950165 0.1037854999303818 0.09859622269868851 0.09366641193628311 0.08898308873176575 0.0845339372754097 0.080307237803936 0.07629187405109406 0.07247728109359741 0.06885341554880142 0.06541074812412262 0.06214021146297455 0.05903320014476776 0.05608154088258743 0.05327746272087097 0.05061358958482742 0.04808291047811508 0.0456787645816803 0.04339482635259628 0.04122508317232132 0.03916382789611816 0.03720563650131226 0.03534535318613052 0.03357808664441109 0.03189918398857117 0.03030422516167164 0.02878901362419128 0.02734956331551075 0.0259820856153965 0.02468298189342022 0.02344883233308792 0.0222763903439045 0.02116257138550282 0.02010444365441799 0.01909922063350677 0.01814425922930241 0.01723704673349857 0.01637519523501396 0.01555643510073423 0.01477861311286688 0.01403968222439289 0.01333769783377647 0.01267081312835217 0.01203727256506681 0.01143540907651186 0.01086363848298788 0.01032045669853687 0.009804434143006802 0.009314212016761303 0.008848501369357109 0.008406076580286026 0.00798577256500721 0.007586483843624592 0.007207159884274006 0.006846801843494177 0.006504461634904146 0.006179238669574261 0.005870276596397161 0.005576762836426497 0.005297924857586622 0.005033028777688742 0.004781377501785755 0.004542308859527111 0.004315193276852369 0.004099433775991201 0.003894462017342448 0.003699738997966051 0.003514752024784684 0.003339014481753111 0.003172063734382391 0.00301346043124795 0.002862787339836359 0.002719647949561477 0.002583665540441871 0.002454482251778245 0.002331758150830865 0.002215170301496983 0.002104411832988262 0.001999191241338849 0.001899231690913439 0.001804270083084702 0.001714056590572 0.001628353726118803 0.001546935993246734 0.001469589187763631 0.001396109699271619 0.001326304161921144 0.001259988988749683 0.001196989556774497 0.001137140090577304 0.001080283080227673 0.001026268932037055 0.000974955502897501 0.0009262077510356903 0.0008798973867669702 0.0008359025232493877 0.0007941073854453862 0.0007544020190834999 0.0007166819414123893 0.0006808478501625359 0.00064680544892326 0.0006144651561044157 0.0005837418721057475 0.0005545548046939075 0.0005268270615488291 0.0005004857084713876 0.0004754614201374352 0.0004516883636824787 0.0004291039367672056 0.0004076487384736538 0.0003872663073707372 0.000367903005098924 0.0003495078417472541 0.0003320324467495084 0.0003154308360535651 0.0002996592957060784 0.0002846763236448169 0.0002704425132833421 0.0002569203788880259 0.00024407435557805 0.000231870639254339 0.0002202771138399839 0.0002092632639687508 0.0001988001022255048 0.0001888600963866338 0.0001794170966604725 0.0001704462483758107 0.0001619239337742329 0.0001538277429062873 0.0001461363572161645 0.0001388295349897817 0.0001318880531471223 0.0001252936490345746 0.0001190289694932289 0.0001130775199271739 0.0001074236424756236 0.0001020524578052573 9.694983600638807e-05 9.210234566126019e-05 8.749723201617599e-05 8.312237332575023e-05 7.896625174907967e-05 7.501793879782781e-05 7.126704440452158e-05 6.770369509467855e-05 6.431851215893403e-05 6.110258982516825e-05 5.804745887871832e-05 5.514508666237816e-05 5.23878334206529e-05 4.976844138582237e-05 4.728002022602595e-05 4.491601794143207e-05 4.267021722625941e-05 4.053670636494644e-05 3.850987195619382e-05 3.658437708509155e-05 3.475515768514015e-05 3.301740071037784e-05 3.136652958346531e-05 2.979820237669628e-05 2.830829180311412e-05 2.689287794055417e-05 2.554823367972858e-05 2.427082290523686e-05 2.305728230567183e-05 2.190441773564089e-05 2.080919693980832e-05 1.976873681996949e-05 1.878029979707208e-05 1.7841284716269e-05 1.694921957096085e-05 1.610175786481705e-05 1.529666951682884e-05 1.453183631383581e-05 1.380524463456823e-05 1.311498272116296e-05 1.245923340320587e-05 1.18362713692477e-05 1.124445770983584e-05 1.068223446054617e-05 1.01481227829936e-05 9.640716598369181e-06 9.158680768450722e-06 8.700746548129246e-06 8.265708856924903e-06 7.852423550502863e-06 7.459802418452455e-06 7.086812274792464e-06 6.732471774739679e-06 6.39584823147743e-06 6.076055797166191e-06 5.772253189206822e-06 5.483640507009113e-06 5.209458322497085e-06 4.94898540637223e-06 4.701535999629414e-06 4.466459358809516e-06 4.24313657276798e-06 4.030979653180111e-06 3.829430625046371e-06 3.637959025581949e-06 3.456060994722066e-06 3.283257910879911e-06 3.119095026704599e-06 2.963140332212788e-06 2.814983417920303e-06 2.674234337973758e-06 2.540522700655856e-06 2.413496531517012e-06 2.292821591254324e-06 2.178180466216872e-06 2.069271431537345e-06 1.965807769011008e-06 1.867517426035192e-06 1.774141537680407e-06 1.685434426690335e-06 1.601162693987135e-06 1.521104536550411e-06 1.445049292669864e-06 1.372796873511106e-06 1.304157080994628e-06 1.23894926673529e-06 1.177001763608132e-06 1.1181516583747e-06 1.062244109562016e-06 1.009131892715232e-06 9.586752867107862e-07 9.107415053222212e-07 8.652044130030845e-07 8.219441838264174e-07 7.808469604242418e-07
 0 0 0 0 0 0 0 0 0 0 0 0 0 0 0 0 0 0 0 0 0 0 0 0 0 0 0 0 0 0 0 0 0 0 0 0 0 0 0 0 0 0 0 0 0 0 0 0 0 0 0 0 0 0 0 0 0 0 0 0 0 0 0 0 0 0 0 0 0 0 0 0 0 0 0 0 0 0 0 0 0 0 0 0 0 0 0 0 0 0 0 0 0 0 0 0 0 0 0 0 0 0 0 0 0 0 0 0 0 0 0 0 0 0 0 0 0 0 0 0 0 0 0 0 0 0 0 0 0 0 0 0 0 0 0 0 0 0 0 0 0 0 0 0 0 0 0 0 0 0 0 0 0 0 0 0 0 0 0 0 0 0 0 0 0 0 0 0 0 0 0 0 0 0 0 0 0 0 0 0 0 0 0 0 0 0 0 0 0 0 0 0 0 0 0 0 0 0 0 0 0 0 0 0 0 0 0 0 0 0 0 0 0 0 0 0 0 0 0 0 0 0 0 0 0 0 0 0 0 0 0 0 0 0 0 0 0 0 0 0 0 0 0 0 0 0 0 0 0 0 0 0 0 0 0 0 0 0 0 0 0 0 0 0 0 0 0 0 0 0 0 0 0 0 0 0 0 0 0 0 0 0 0 0 0 0 0 0 0 0 0 0 0 0 0 0 0 0 0 0 0 0 0 0 0 0 0 0 0 0 0 0 0 0 0 0 0 0 0 0 0 0 0 0 0 0 0 0 0 0 0 0 0 0 0 0 0 0 0 0 0 0 0 0 0 0 0 0 0 0 0 0 0 0 0 0 0 0 0 0 0 0 0 0 0 0 0 0 0 0 0 0 0 0 0 0 0 0 0 0 0 0 0 0 0 0 0 0 0 0 0 0 0 0 0 0 0 0 0 0 0 0 0 0 0 0 0 0 0 0 0 0 0 0 0 0 0 0 0 0 0 0 0 0 0 0 0 0 0 0 0 0 0 0 0 0 0 0 0 0 0 0 0 0 0 0 0 0 0 0 0 0 0 0 0 0 0 0 0 0 0 0 0 0 0 0 0 0 0 0 0 0 0 0 0 0 0 0 0 0 0 0 0 0 0 0 0 0 0 0 0 0 0 0 0 0 0 0 0 0 0 0 0 0 0 0 0 0 0 0 0 0 0 0 0 0 0 0 0 0 0 0 0 0 0 0 0 0 0 0 0 0 0 0 0 0 0 0 0 0 0 0 0 0 0 0 0 0 0 0 0 0 0 0 0 0 0 0 0 0 0 0 0 0 0 0 0 0 0 0 0 0 0 0 0 0 0 0 0 0 0 0 0 0 0 0 0 0 0 0 0 0 0 0 0 0 0 0 0 0
 0 0 0 0 0 0 0 0 0 0 0 0 0 0 0 0 0 0 0 0 0 0 0 0 0 0 0 0 0 0 0 0 0 0 0 0 0 0 0 0 0 0 0 0 0 0 0 0 0 0 0 0 0 0 0 0 0 0 0 0 0 0 0 0 0 0 0 0 0 0 0 0 0 0 0 0 0 0 0 0 0 0 0 0 0 0 0 0 0 0 0 0 0 0 0 0 0 0 0 0 0 0 0 0 0 0 0 0 0 0 0 0 0 0 0 0 0 0 0 0 0 0 0 0 0 0 0 0 0 0 0 0 0 0 0 0 0 0 0 0 0 0 0 0 0 0 0 0 0 0 0 0 0 0 0 0 0 0 0 0 0 0 0 0 0 0 0 0 0 0 0 0 0 0 0 0 0 0 0 0 0 0 0 0 0 0 0 0 0 0 0 0 0 0 0 0 0 0 0 0 0 0 0 0 0 0 0 0 0 0 0 0 0 0 0 0 0 0 0 0 0 0 0 0 0 0 0 0 0 0 0 0 0 0 0 0 0 0 0 0 0 0 0 0 0 0 0 0 0 0 0 0 0 0 0 0 0 0 0 0 0 0 0 0 0 0 0 0 0 0 0 0 0 0 0 0 0 0 0 0 0 0 0 0 0 0 0 0 0 0 0 0 0 0 0 0 0 0 0 0 0 0 0 0 0 0 0 0 0 0 0 0 0 0 0 0 0 0 0 0 0 0 0 0 0 0 0 0 0 0 0 0 0 0 0 0 0 0 0 0 0 0 0 0 0 0 0 0 0 0 0 0 0 0 0 0 0 0 0 0 0 0 0 0 0 0 0 0 0 0 0 0 0 0 0 0 0 0 0 0 0 0 0 0 0 0 0 0 0 0 0 0 0 0 0 0 0 0 0 0 0 0 0 0 0 0 0 0 0 0 0 0 0 0 0 0 0 0 0 0 0 0 0 0 0 0 0 0 0 0 0 0 0 0 0 0 0 0 0 0 0 0 0 0 0 0 0 0 0 0 0 0 0 0 0 0 0 0 0 0 0 0 0 0 0 0 0 0 0 0 0 0 0 0 0 0 0 0 0 0 0 0 0 0 0 0 0 0 0 0 0 0 0 0 0 0 0 0 0 0 0 0 0 0 0 0 0 0 0 0 0 0 0 0 0 0 0 0 0 0 0 0 0 0 0 0 0 0 0 0 0 0 0 0 0 0 0 0 0 0 0 0 0 0 0 0 0 0 0 0 0 0 0 0 0 0 0 0 0 0 0 0 0 0 0 0 0 0 0 0 0 0 0 0 0 0 0 0 0 0 0 0 0 0 0 0 0 0 0 0 0 0 0 0 0 0 0 0 0 0


# name: r_0_m15_G0_L0p3_D0p7
# type: matrix
# rows: 1
# columns: 14
 0 -15 0.2 0 0.3 0 -10.7003 0 0 0.3503235475956479 0 144 1.264911064067352 0.7




