# Created by Octave 3.8.2, Mon Jun 19 11:52:24 2017 BST <co1ssj@node117>
# name: result
# type: scalar struct
# ndims: 2
 1 1
# length: 3
# name: params
# type: scalar struct
# ndims: 2
 1 1
# length: 18
# name: cleanup
# type: scalar
0


# name: num_runs
# type: scalar
6


# name: dopamine
# type: scalar
0.7


# name: targetCross
# type: scalar
1


# name: targetLuminance
# type: scalar
0.3


# name: targetWidthX
# type: scalar
6


# name: targetWidthY
# type: scalar
2


# name: fixCross
# type: scalar
1


# name: fixLuminance
# type: scalar
0.2


# name: fixWidthX
# type: scalar
6


# name: fixWidthY
# type: scalar
2


# name: fixOn
# type: scalar
0


# name: targetOff
# type: scalar
1


# name: targetOn
# type: scalar
0.2


# name: fixOff
# type: scalar
0.2


# name: targetThetaX
# type: scalar
0


# name: targetThetaY
# type: scalar
-8


# name: exptnum
# type: scalar
0




# name: r_0_m8_G0_L0p3_D0p7_llbn
# type: matrix
# rows: 24
# columns: 600
 0 0 0 0 0 0 0 0 0 0 0 0 0 0 0 0 0 0 0 0 0 0 0 0 0 0 0 0 0 0 0 0 0 0 0 0 0 0 0 0 0 0 0 0 0 0 0 0 0 0 0 0 0 0 0 0 0 0 0 0 0 0 0 0 0 0 0 0 0 0 0 0 0 0 0 0 0 0 0 0 0 0 0 0 0 0 0 0 0 0 0 0 0 0 0 0 0 0 0 0 0 0 0 0 0 0 0 0 0 0 0 0 0 0 0 0 0 0 0 0 0 0 0 0 0 0 0 0 0 0 0 0 0 0 0 0 0 0 0 0 0 0 0 0 0 0 0 0 0 0 0 0 0 0 0 0 0 0 0 0 0 0 0 0 0 0 0 0 0 0 0 0 0 0 0 0 0 0 0 0 0 0 0 0 0 0 0 0 0 0 0 0 0 0 0 0 0 0 0 0 0 0 0 0 0 0 0 0 0 0 0 0 0 0 0 0 0 0 0 0 0 0 0 0 0 0 0 0 0 0 0 0 0 0 0 0 0 0 0 0 0 0 0 0 0 0 0 0 0 0 0 0 0 0 0 0 0 0 0 0 0 0 0 0 0 0 0 0 0 0 0 0 0 0 0 0 0 0 0 0 0 0 0 0 0 0 0 0 0 0 0 0 0 0 0 0 0 0 0 0 0 0 0 0 0 0 0 0 0 0 0 0 0 0 0 0 0 0 0 0 0 0 0 0 0 0 0 0 0 0 0 0 0 0 0 0 0 0 0 0 0 0 0 0 0 0 0 0 0 0 0 0 0 0 0 0 0 0 0 0 0 0 0 0 0 0 0 0 0 0 0 0 0 0 0 0 0 0 0 0 0 0 0 0 0 0 0 0 0 0 0 0 0 0 0 0 0 0 0 0 0 0 0 0 0 0 0 0 0 0 0 0 0 0 0 0 0 0 0 0 0 0 0 0 0 0 0 0 0 0 0 0 0 0 0 0 0 0 0 0 0 0 0 0 0 0 0 0 0 0 0 0 0 0 0 0 0 0 0 0 0 0 0 0 0 0 0 0 0 0 0 0 0 0 0 0 0 0 0 0 0 0 0 0 0 0 0 0 0 0 0 0 0 0 0 0 0 0 0 0 0 0 0 0 0 0 0 0 0 0 0 0 0 0 0 0 0 0 0 0 0 0 0 0 0 0 0 0 0 0 0 0 0 0 0 0 0 0 0 0 0 0 0 0 0 0 0 0 0 0 0 0 0 0 0 0 0 0 0 0 0 0 0 0 0 0 0 0 0 0 0 0 0 0 0 0 0 0 0 0 0 0 0 0 0 0 0 0 0 0 0 0 0 0 0 0 0 0 0 0
 0 0 0 0 0 0 0 0 0 0 0 0 0 0 0 0 0 0 0 0 0 0 0 0 0 0 0 0 0 0 0 0 0 0 0 0 0 0 0 0 0 0 0 0 0 0 0 0 0 0 0 0 0 0 0 0 0 0 0 0 0 0 0 0 0 0 0 0 0 0 0 0 0 0 0 0 0 0 0 0 0 0 0 0 0 0 0 0 0 0 0 0 0 0 0 0 0 0 0 0 0 0 0 0 0 0 0 0 0 0 0 0 0 0 0 0 0 0 0 0 0 0 0 0 0 0 0 0 0 0 0 0 0 0 0 0 0 0 0 0 0 0 0 0 0 0 0 0 0 0 0 0 0 0 0 0 0 0 0 0 0 0 0 0 0 0 0 0 0 0 0 0 0 0 0 0 0 0 0 0 0 0 0 0 0 0 0 0 0 0 0 0 0 0 0 0 0 0 0 0 0 0 0 0 0 0 0 0 0 0 0 0 0 0 0 0 0 0 0 0 0 0 0 0 0 0 0 0 0 0 0 0 0 0 0 0 0 0 0 0 0 0 0 0 0 0 0 0 0 0 0 0 0 0 0 0 0 0 0 0 0 0 0 0 0 0 0 0 0 0 0 0 0 0 0 0 0 0 0 0 0 0 0 0 0 0 0 0 0 0 0 0 0 0 0 0 0 0 0 0 5.373718522605486e-05 0.0005237953155301511 0.001370979589410126 0.002547203563153744 0.003998068626970053 0.005711040925234556 0.007659450173377991 0.009828414767980576 0.01223377324640751 0.01489877421408892 0.01781600154936314 0.02095025591552258 0.02428973279893398 0.0278477668762207 0.03156974539160728 0.03540384769439697 0.03932318091392517 0.04330622404813766 0.04736360535025597 0.05151836201548576 0.05577315390110016 0.06013552471995354 0.0646461546421051 0.06930027157068253 0.0740647166967392 0.07892391085624695 0.08387654274702072 0.08892609924077988 0.09404380619525909 0.09922289848327637 0.1044357046484947 0.109671376645565 0.1149133145809174 0.1201621294021606 0.1253997534513474 0.1291948854923248 0.1305953413248062 0.1290286481380463 0.124142199754715 0.1179350912570953 0.1120383366942406 0.1064364165067673 0.1011145934462547 0.09605886042118073 0.09125591814517975 0.08669312298297882 0.0823584645986557 0.07824054360389709 0.07432851940393448 0.0706120952963829 0.06708148866891861 0.06372741609811783 0.06054104492068291 0.05751399323344231 0.05463829264044762 0.05190637707710266 0.04931105673313141 0.04684550315141678 0.04450322687625885 0.04227806627750397 0.04016416147351265 0.03815595433115959 0.03624815493822098 0.03443574905395508 0.03271396085619926 0.03107826225459576 0.02952434867620468 0.02804813161492348 0.02664572559297085 0.02531343884766102 0.02404776774346828 0.02284538000822067 0.02170311100780964 0.02061795629560947 0.01958705857396126 0.01860770583152771 0.01767732016742229 0.01679345406591892 0.0159537810832262 0.01515609212219715 0.01439828798174858 0.01367837376892567 0.01299445517361164 0.01234473288059235 0.01172749605029821 0.01114112138748169 0.01058406569063663 0.01005486212670803 0.009552119299769402 0.009074512869119644 0.008620787411928177 0.008189748041331768 0.007780260406434536 0.007391247432678938 0.007021685130894184 0.006670600734651089 0.00633707083761692 0.006020217202603817 0.005719206295907497 0.005433246027678251 0.005161583889275789 0.004903504624962807 0.004658329300582409 0.004425412975251675 0.00420414237305522 0.003993935417383909 0.003794238669797778 0.0036045266315341 0.003424300346523523 0.003253085305914283 0.003090430982410908 0.002935909433290362 0.002789113903418183 0.002649658126756549 0.002517175162211061 0.002391316462308168 0.002271750709041953 0.002158163115382195 0.002050254959613085 0.001947742188349366 0.001850355067290366 0.001757837366312742 0.001669945544563234 0.00158644828479737 0.001507125911302865 0.001431769574992359 0.001360181136988103 0.001292172120884061 0.001227563479915261 0.001166185364127159 0.001107876072637737 0.001052482286468148 0.0009998581372201443 0.0009498652070760727 0.0009023719467222691 0.0008572533261030912 0.0008143906597979367 0.0007736711413599551 0.0007349876104854047 0.0006982382037676871 0.0006633262964896858 0.0006301599787548184 0.0005986519972793758 0.0005687194061465561 0.0005402834503911436 0.0005132692749612033 0.0004876058083027601 0.0004632255295291543 0.0004400642646942288 0.0004180610412731767 0.00039715800085105 0.0003773001080844551 0.0003584350924938917 0.000340513332048431 0.0003234876785427332 0.0003073132829740644 0.0002919476246461272 0.000277350249234587 0.0002634827396832407 0.0002503085997886956 0.0002377931668888777 0.0002259035099996254 0.0002146083279512823 0.0002038779057329521 0.0001936840126290917 0.0001839998149080202 0.0001747998176142573 0.0001660598209127784 0.0001577568327775225 0.0001498689962318167 0.0001423755456926301 0.0001352567633148283 0.0001284939207835123 0.0001220692211063579 0.0001159657622338273 0.0001101674715755507 0.000104659098724369 9.942614269675687e-05 9.445483738090843e-05 8.973209332907572e-05 8.524549048161134e-05 8.098321268334985e-05 7.69340549595654e-05 7.308735075639561e-05 6.943298649275675e-05 6.596133607672527e-05 6.266326818149537e-05 5.953010622761212e-05 5.655359927914105e-05 5.37259184056893e-05 5.103962394059636e-05 4.848764365306124e-05 4.606326183420606e-05 4.376009746920317e-05 4.157209332333878e-05 3.949349047616124e-05 3.75188174075447e-05 3.564287544577383e-05 3.386073149158619e-05 3.216769619029947e-05 3.055931301787496e-05 2.903134736698121e-05 2.757977927103639e-05 2.620079067128245e-05 2.489075086486991e-05 2.364621286687907e-05 2.246390249638353e-05 2.134070746251382e-05 2.027367190748919e-05 1.925998913065996e-05 1.829698885558173e-05 1.738213904900476e-05 1.651303136895876e-05 1.568737934576347e-05 1.490301019657636e-05 1.41578593684244e-05 1.344996599073056e-05 1.277746741834562e-05 1.213859377457993e-05 1.153166431322461e-05 1.095508105208864e-05 1.040732695400948e-05 9.886960469884798e-06 9.392612810188439e-06 8.922982488002162e-06 8.47683350002626e-06 8.052991688600741e-06 7.650342013221234e-06 7.267824912560172e-06 6.904433575982694e-06 6.559212124557234e-06 6.231251518329373e-06 5.919689101574477e-06 5.623704510071548e-06 5.342519216355868e-06 5.075393346487544e-06 4.821623861062108e-06 4.580542736221105e-06 4.35151559941005e-06 4.133939910389017e-06 3.927242687495891e-06 3.730880507646361e-06 8.222825272241607e-05 0.000358230056008324 0.0008082856656983495 0.001428430434316397 0.002192433224990964 0.003090814687311649 0.004116532858461142 0.005261188372969627 0.0065125972032547 0.007850646041333675 0.009270993061363697 0.01077489089220762 0.01236212626099586 0.01403164025396109 0.01577910408377647 0.01759723201394081 0.01949604414403439 0.02146436087787151 0.02348174341022968 0.02553476579487324 0.02760162763297558 0.02968718111515045 0.0317925252020359 0.03392324969172478 0.03606292605400085 0.03820808976888657 0.04036381840705872 0.04253291338682175 0.04470779746770859 0.04688875749707222 0.04907714203000069 0.0512642003595829 0.05344906449317932 0.05562743172049522 0.05779969692230225 0.0599670447409153 0.06213049590587616 0.06429005414247513 0.06644368171691895 0.06859326362609863 0.07074306160211563 0.07289236783981323 0.07503306120634079 0.07716938853263855 0.07902835309505463 0.07975403964519501 0.0788111686706543 0.07587392628192902 0.07208023220300674 0.06847622245550156 0.06505241245031357 0.0617997907102108 0.05870980024337769 0.05577430874109268 0.05298559367656708 0.0503363125026226 0.04781949520111084 0.04542852193117142
 0 0 0 0 0 0 0 0 0 0 0 0 0 0 0 0 0 0 0 0 0 0 0 0 0 0 0 0 0 0 0 0 0 0 0 0 0 0 0 0 0 0 0 0 0 0 0 0 0 0 0 0 0 0 0 0 0 0 0 0 0 0 0 0 0 0 0 0 0 0 0 0 0 0 0 0 0 0 0 0 0 0 0 0 0 0 0 0 0 0 0 0 0 0 0 0 0 0 0 0 0 0 0 0 0 0 0 0 0 0 0 0 0 0 0 0 0 0 0 0 0 0 0 0 0 0 0 0 0 0 0 0 0 0 0 0 0 0 0 0 0 0 0 0 0 0 0 0 0 0 0 0 0 0 0 0 0 0 0 0 0 0 0 0 0 0 0 0 0 0 0 0 0 0 0 0 0 0 0 0 0 0 0 0 0 0 0 0 0 0 0 0 0 0 0 0 0 0 0 0 0 0 0 0 0 0 0 0 0 0 0 0 0 0 0 0 0 0 0 0 0 0 0 0 0 0 0 0 0 0 0 0 0 0 0 0 0 0 0 0 0 0 0 0 0 0 0 0 0 0 0 0 0 0 0 0 0 0 0 0 0 0 0 0 0 0 0 0 0 0 0 0 0 0 0 0 0 0 0 0 0 0 0 0 0 0 0 0 0 0 0 0 0 0 0 0 0 0 0 0 0 0 0 0 0 0 0 0 0 0 0 0 0 0 0 0 0 0 0 0 0 0 0 0 0 0 0 0 0 0 0 0 0 0 0 0 0 0 0 0 0 0 0 0 0 0 0 0 0 0 0 0 0 0 0 0 0 0 0 0 0 0 0 0 0 0 0 0 0 0 0 0 0 0 0 0 0 0 0 0 0 0 0 0 0 0 0 0 0 0 0 0 0 0 0 0 0 0 0 0 0 0 0 0 0 0 0 0 0 0 0 0 0 0 0 0 0 0 0 0 0 0 0 0 0 0 0 0 0 0 0 0 0 0 0 0 0 0 0 0 0 0 0 0 0 0 0 0 0 0 0 0 0 0 0 0 0 0 0 0 0 0 0 0 0 0 0 0 0 0 0 0 0 0 0 0 0 0 0 0 0 0 0 0 0 0 0 0 0 0 0 0 0 0 0 0 0 0 0 0 0 0 0 0 0 0 0 0 0 0 0 0 0 0 0 0 0 0 0 0 0 0 0 0 0 0 0 0 0 0 0 0 0 0 0 0 0 0 0 0 0 0 0 0 0 0 0 0 0 0 0 0 0 0 0 0 0 0 0 0 0 0 0 0 0 0 0 0 0 0 0 0 0 0 0 0 0 0 0 0 0 0 0 0 0 0 0 0 0 0 0 0 0 0 0 0 0 0 0 0
 0 0 0 0 0 0 0 0 0 0 0 0 0 0 0 0 0 0 0 0 0 0 0 0 0 0 0 0 0 0 0 0 0 0 0 0 0 0 0 0 0 0 0 0 0 0 0 0 0 0 0 0 0 0 0 0 0 0 0 0 0 0 0 0 0 0 0 0 0 0 0 0 0 0 0 0 0 0 0 0 0 0 0 0 0 0 0 0 0 0 0 0 0 0 0 0 0 0 0 0 0 0 0 0 0 0 0 0 0 0 0 0 0 0 0 0 0 0 0 0 0 0 0 0 0 0 0 0 0 0 0 0 0 0 0 0 0 0 0 0 0 0 0 0 0 0 0 0 0 0 0 0 0 0 0 0 0 0 0 0 0 0 0 0 0 0 0 0 0 0 0 0 0 0 0 0 0 0 0 0 0 0 0 0 0 0 0 0 0 0 0 0 0 0 0 0 0 0 0 0 0 0 0 0 0 0 0 0 0 0 0 0 0 0 0 0 0 0 0 0 0 0 0 0 0 0 0 0 0 0 0 0 0 0 0 0 0 0 0 0 0 0 0 0 0 0 0 0 0 0 0 0 0 0 0 0 0 0 0 0 0 0 0 0 0 0 0 0 0 0 0 0 0 0 0 0 0 0 0 0 0 0 0 0 0 0 0 0 0 0 0 0 0 0 0 0 0 0 0 0 0 0 0 0 0 0 0 0 0 0 0 0 0 0 0 0 0 0 0 0 0 0 0 0 0 0 0 0 0 0 0 0 0 0 0 0 0 0 0 0 0 0 0 0 0 0 0 0 0 0 0 0 0 0 0 0 0 0 0 0 0 0 0 0 0 0 0 0 0 0 0 0 0 0 0 0 0 0 0 0 0 0 0 0 0 0 0 0 0 0 0 0 0 0 0 0 0 0 0 0 0 0 0 0 0 0 0 0 0 0 0 0 0 0 0 0 0 0 0 0 0 0 0 0 0 0 0 0 0 0 0 0 0 0 0 0 0 0 0 0 0 0 0 0 0 0 0 0 0 0 0 0 0 0 0 0 0 0 0 0 0 0 0 0 0 0 0 0 0 0 0 0 0 0 0 0 0 0 0 0 0 0 0 0 0 0 0 0 0 0 0 0 0 0 0 0 0 0 0 0 0 0 0 0 0 0 0 0 0 0 0 0 0 0 0 0 0 0 0 0 0 0 0 0 0 0 0 0 0 0 0 0 0 0 0 0 0 0 0 0 0 0 0 0 0 0 0 0 0 0 0 0 0 0 0 0 0 0 0 0 0 0 0 0 0 0 0 0 0 0 0 0 0 0 0 0 0 0 0 0 0 0 0 0 0 0 0 0 0 0 0 0 0 0 0 0 0 0 0 0
 0 0 0 0 0 0 0 0 0 0 0 0 0 0 0 0 0 0 0 0 0 0 0 0 0 0 0 0 0 0 0 0 0 0 0 0 0 0 0 0 0 0 0 0 0 0 0 0 0 0 0 0 0 0 0 0 0 0 0 0 0 0 0 0 0 0 0 0 0 0 0 0 0 0 0 0 0 0 0 0 0 0 0 0 0 0 0 0 0 0 0 0 0 0 0 0 0 0 0 0 0 0 0 0 0 0 0 0 0 0 0 0 0 0 0 0 0 0 0 0 0 0 0 0 0 0 0 0 0 0 0 0 0 0 0 0 0 0 0 0 0 0 0 0 0 0 0 0 0 0 0 0 0 0 0 0 0 0 0 0 0 0 0 0 0 0 0 0 0 0 0 0 0 0 0 0 0 0 0 0 0 0 0 0 0 0 0 0 0 0 0 0 0 0 0 0 0 0 0 0 0 0 0 0 0 0 0 0 0 0 0 0 0 0 0 0 0 0 0 0 0 0 0 0 0 0 0 0 0 0 0 0 0 0 0 0 0 0 0 0 0 0 0 0 0 0 0 0 0 0 0 0 0 0 0 0 0 0 0 0 0 0 0 0 0 0 0 0 0 0 0 0 0 0 0 0 0 0 0 0 0 0 0 0 0 0 0 0 0 0 0 0 0 0 0 0 0 0 0 0 0 0 0 0 0 0 0 0 0 0 0 0 0 0 0 0 0 0 0 0 0 0 0 0 0 0 0 0 0 0 0 0 0 0 0 0 0 0 0 0 0 0 0 0 0 0 0 0 0 0 0 0 0 0 0 0 0 0 0 0 0 0 0 0 0 0 0 0 0 0 0 0 0 0 0 0 0 0 0 0 0 0 0 0 0 0 0 0 0 0 0 0 0 0 0 0 0 0 0 0 0 0 0 0 0 0 0 0 0 0 0 0 0 0 0 0 0 0 0 0 0 0 0 0 0 0 0 0 0 0 0 0 0 0 0 0 0 0 0 0 0 0 0 0 0 0 0 0 0 0 0 0 0 0 0 0 0 0 0 0 0 0 0 0 0 0 0 0 0 0 0 0 0 0 0 0 0 0 0 0 0 0 0 0 0 0 0 0 0 0 0 0 0 0 0 0 0 0 0 0 0 0 0 0 0 0 0 0 0 0 0 0 0 0 0 0 0 0 0 0 0 0 0 0 0 0 0 0 0 0 0 0 0 0 0 0 0 0 0 0 0 0 0 0 0 0 0 0 0 0 0 0 0 0 0 0 0 0 0 0 0 0 0 0 0 0 0 0 0 0 0 0 0 0 0 0 0 0 0 0 0 0 0 0 0 0 0 0 0 0 0 0 0 0 0 0 0 0 0 0
 0 0 0 0 0 0 0 0 0 0 0 0 0 0 0 0 0 0 0 0 0 0 0 0 0 0 0 0 0 0 0 0 0 0 0 0 0 0 0 0 0 0 0 0 0 0 0 0 0 0 0 0 0 0 0 0 0 0 0 0 0 0 0 0 0 0 0 0 0 0 0 0 0 0 0 0 0 0 0 0 0 0 0 0 0 0 0 0 0 0 0 0 0 0 0 0 0 0 0 0 0 0 0 0 0 0 0 0 0 0 0 0 0 0 0 0 0 0 0 0 0 0 0 0 0 0 0 0 0 0 0 0 0 0 0 0 0 0 0 0 0 0 0 0 0 0 0 0 0 0 0 0 0 0 0 0 0 0 0 0 0 0 0 0 0 0 0 0 0 0 0 0 0 0 0 0 0 0 0 0 0 0 0 0 0 0 0 0 0 0 0 0 0 0 0 0 0 0 0 0 0 0 0 0 0 0 0 0 0 0 0 0 0 0 0 0 0 0 0 0 0 0 0 0 0 0 0 0 0 0 0 0 0 0 0 0 0 0 0 0 0 0 0 0 0 0 0 0 0 0 0 0 0 0 0 0 0 0 0 0 0 0 0 0 0 0 0 0 0 0 0 0 0 0 0 0 0 0 0 0 0 0 0 0 0 0 0 0 0 0 0 0 0 0 0 0 0 0 0 0 1.419435284333304e-05 0.0004240605048835278 0.001219803234562278 0.00235660863108933 0.003779245540499687 0.005469823256134987 0.007449601776897907 0.009679569862782955 0.01211879216134548 0.01479180157184601 0.01771494187414646 0.02085314132273197 0.02418550476431847 0.02770582027733326 0.03137198463082314 0.03516280278563499 0.03905540332198143 0.04304686188697815 0.04713207855820656 0.05132237076759338 0.05561196804046631 0.06000086292624474 0.06448458135128021 0.06908895820379257 0.07379745692014694 0.07861123979091644 0.08354896306991577 0.08858787268400192 0.09370073676109314 0.09888089448213577 0.1041147783398628 0.1094004511833191 0.1147285401821136 0.1200732737779617 0.1254424154758453 0.1294628530740738 0.131142184138298 0.1298802495002747 0.1252946257591248 0.1190298944711685 0.1130784004926682 0.1074244827032089 0.1020532548427582 0.09695059061050415 0.09210306406021118 0.08749791234731674 0.08312301337718964 0.07896686345338821 0.07501851767301559 0.07126758992671967 0.0677042081952095 0.06431899964809418 0.06110304966568947 0.05804789811372757 0.0551455020904541 0.05238822847604752 0.04976881667971611 0.04728037491440773 0.04491635784506798 0.04267054051160812 0.04053701460361481 0.03851016238331795 0.03658465296030045 0.03475541993975639 0.03301765024662018 0.03136676922440529 0.02979843132197857 0.02830850891768932 0.02689308300614357 0.02554842829704285 0.02427100762724876 0.02305745705962181 0.02190458402037621 0.02080935426056385 0.01976888626813889 0.01878044195473194 0.01784141920506954 0.01694934815168381 0.01610187999904156 0.01529678609222174 0.01453194674104452 0.01380534935742617 0.01311508193612099 0.01245932746678591 0.01183636114001274 0.01124454289674759 0.01068231556564569 0.01014820020645857 0.009640790522098541 0.009158750995993614 0.008700813166797161 0.008265772834420204 0.007852484472095966 0.007459860295057297 0.007086867466568947 0.006732523906975985 0.006395897828042507 0.006076103076338768 0.005772297736257315 0.005483682733029127 0.005209498573094606 0.004949023481458426 0.004701572470366955 0.004466493614017963 0.004243168979883194 0.004031010437756777 0.003829459892585874 0.003637986956164241 0.003456087550148368 0.003283283207565546 0.003119118977338076 0.002963162958621979 0.002815004903823137 0.002674254588782787 0.002540541812777519 0.002413514768704772 0.002292839111760259 0.002178197260946035 0.002069287467747927 0.001965823117643595 0.001867531915195286 0.001774155301973224 0.00168544752523303 0.001601175172254443 0.00152111635543406 0.001445060595870018 0.001372807542793453 0.001304167206399143 0.001238958793692291 0.001177010824903846 0.00111816031858325 0.001062252325937152 0.001009139697998762 0.0009586827363818884 0.0009107486112043262 0.0008652111864648759 0.0008219506125897169 0.0007808530936017632 0.0007418104214593768 0.0007047199178487062 0.0006694839103147388 0.0006360097322613001 0.0006042092572897673 0.0005739987827837467 0.0005452988552860916 0.0005180339212529361 0.0004921322106383741 0.0004675255913753062 0.0004441493074409664 0.0004219418333377689 0.0004008447285741568 0.0003808024921454489 0.0003617623588070273 0.000343674240866676 0.0003264905244577676 0.0003101660113316029 0.0002946577151305974 0.0002799248322844505 0.0002659285964909941 0.0002526321623008698 0.0002400005469098687 0.0002280005137436092 0.0002166004851460457 0.0002057704550679773 0.0001954819308593869 0.0001857078314060345 0.0001764224434737116 0.0001676013198448345 0.000159221250214614 0.000151260188431479 0.0001436971797375008 0.000136512317112647 0.0001296866976190358 0.0001232023641932756 0.0001170422474388033 0.0001111901365220547 0.0001056306282407604 0.000100349097920116 9.533164120512083e-05 9.056505950866267e-05 8.60368090798147e-05 8.173497190000489e-05 7.764822657918558e-05 7.376581197604537e-05 7.007751992205158e-05 6.657364428974688e-05 6.324495916487649e-05 6.008271157043055e-05 5.707857781089842e-05 5.42246489203535e-05 5.151341611053795e-05 4.893774530501105e-05 4.64908589492552e-05 4.416631418280303e-05 4.195799920125864e-05 3.986010051448829e-05 3.786709567066282e-05 3.59737423423212e-05 3.417505649849772e-05 3.246630512876436e-05 3.084298805333674e-05 2.930083792307414e-05 2.783579657261726e-05 2.644400592544116e-05 2.512180617486592e-05 2.386571577517316e-05 2.267242962261662e-05 2.153880814148579e-05 2.046186818915885e-05 1.943877396115568e-05 1.846683517214842e-05 1.75434943230357e-05 1.666631942498498e-05 1.583300399943255e-05 1.504135343566304e-05 1.428928590030409e-05 1.357482142338995e-05 1.289608007937204e-05 1.225127562065609e-05 1.163871183962328e-05 1.105677620216738e-05 1.05039371192106e-05 9.978740308724809e-06 9.479803338763304e-06 9.005812898976728e-06 8.555522072128952e-06 8.127745786623564e-06 7.72135808801977e-06 7.335290320042986e-06 6.968525667616632e-06 6.620099156862125e-06 6.289094017120078e-06 5.974639407213544e-06 5.675907232216559e-06 5.392111688706791e-06 5.122506081534084e-06 4.866380550083704e-06 4.623061613528989e-06 4.39190853285254e-06 4.172313310846221e-06 3.963697508879704e-06 3.765512701647822e-06 0.0001343695912510157 0.0004554699116852134 0.0009496414568275213 0.001603723620064557 0.002403884194791317 0.003339259885251522 0.00440658163279295 0.005592513829469681 0.006878372747451067 0.008266111835837364 0.009747644886374474 0.01131470035761595 0.01297076512128115 0.01471975818276405 0.01656337454915047 0.01850549131631851 0.02052594721317291 0.02259046770632267 0.02468414790928364 0.0268086139112711 0.02894764952361584 0.03109676763415337 0.03325767070055008 0.035428486764431 0.03760964050889015 0.03979850187897682 0.04200028628110886 0.04420205950737 0.046407550573349 0.04861786216497421 0.05083123594522476 0.05304555967450142 0.05526162311434746 0.05747352913022041 0.05968121439218521 0.06188596412539482 0.06409038603305817 0.06629911065101624 0.06850983947515488 0.07071506977081299 0.07291301339864731 0.075101338326931 0.07728330790996552 0.07946173101663589 0.08067598938941956 0.08030170202255249 0.07795669138431549 0.07405886054039001 0.07035591453313828 0.06683811545372009 0.06349620968103409 0.06032139807939529 0.05730532854795456 0.05444006249308586 0.05171805992722511 0.04913215711712837 0.04667554795742035 0.04434176906943321
 0 0 0 0 0 0 0 0 0 0 0 0 0 0 0 0 0 0 0 0 0 0 0 0 0 0 0 0 0 0 0 0 0 0 0 0 0 0 0 0 0 0 0 0 0 0 0 0 0 0 0 0 0 0 0 0 0 0 0 0 0 0 0 0 0 0 0 0 0 0 0 0 0 0 0 0 0 0 0 0 0 0 0 0 0 0 0 0 0 0 0 0 0 0 0 0 0 0 0 0 0 0 0 0 0 0 0 0 0 0 0 0 0 0 0 0 0 0 0 0 0 0 0 0 0 0 0 0 0 0 0 0 0 0 0 0 0 0 0 0 0 0 0 0 0 0 0 0 0 0 0 0 0 0 0 0 0 0 0 0 0 0 0 0 0 0 0 0 0 0 0 0 0 0 0 0 0 0 0 0 0 0 0 0 0 0 0 0 0 0 0 0 0 0 0 0 0 0 0 0 0 0 0 0 0 0 0 0 0 0 0 0 0 0 0 0 0 0 0 0 0 0 0 0 0 0 0 0 0 0 0 0 0 0 0 0 0 0 0 0 0 0 0 0 0 0 0 0 0 0 0 0 0 0 0 0 0 0 0 0 0 0 0 0 0 0 0 0 0 0 0 0 0 0 0 0 0 0 0 0 0 0 0 0 0 0 0 0 0 0 0 0 0 0 0 0 0 0 0 0 0 0 0 0 0 0 0 0 0 0 0 0 0 0 0 0 0 0 0 0 0 0 0 0 0 0 0 0 0 0 0 0 0 0 0 0 0 0 0 0 0 0 0 0 0 0 0 0 0 0 0 0 0 0 0 0 0 0 0 0 0 0 0 0 0 0 0 0 0 0 0 0 0 0 0 0 0 0 0 0 0 0 0 0 0 0 0 0 0 0 0 0 0 0 0 0 0 0 0 0 0 0 0 0 0 0 0 0 0 0 0 0 0 0 0 0 0 0 0 0 0 0 0 0 0 0 0 0 0 0 0 0 0 0 0 0 0 0 0 0 0 0 0 0 0 0 0 0 0 0 0 0 0 0 0 0 0 0 0 0 0 0 0 0 0 0 0 0 0 0 0 0 0 0 0 0 0 0 0 0 0 0 0 0 0 0 0 0 0 0 0 0 0 0 0 0 0 0 0 0 0 0 0 0 0 0 0 0 0 0 0 0 0 0 0 0 0 0 0 0 0 0 0 0 0 0 0 0 0 0 0 0 0 0 0 0 0 0 0 0 0 0 0 0 0 0 0 0 0 0 0 0 0 0 0 0 0 0 0 0 0 0 0 0 0 0 0 0 0 0 0 0 0 0 0 0 0 0 0 0 0 0 0 0 0 0 0 0 0 0 0 0 0 0 0 0 0 0 0 0
 0 0 0 0 0 0 0 0 0 0 0 0 0 0 0 0 0 0 0 0 0 0 0 0 0 0 0 0 0 0 0 0 0 0 0 0 0 0 0 0 0 0 0 0 0 0 0 0 0 0 0 0 0 0 0 0 0 0 0 0 0 0 0 0 0 0 0 0 0 0 0 0 0 0 0 0 0 0 0 0 0 0 0 0 0 0 0 0 0 0 0 0 0 0 0 0 0 0 0 0 0 0 0 0 0 0 0 0 0 0 0 0 0 0 0 0 0 0 0 0 0 0 0 0 0 0 0 0 0 0 0 0 0 0 0 0 0 0 0 0 0 0 0 0 0 0 0 0 0 0 0 0 0 0 0 0 0 0 0 0 0 0 0 0 0 0 0 0 0 0 0 0 0 0 0 0 0 0 0 0 0 0 0 0 0 0 0 0 0 0 0 0 0 0 0 0 0 0 0 0 0 0 0 0 0 0 0 0 0 0 0 0 0 0 0 0 0 0 0 0 0 0 0 0 0 0 0 0 0 0 0 0 0 0 0 0 0 0 0 0 0 0 0 0 0 0 0 0 0 0 0 0 0 0 0 0 0 0 0 0 0 0 0 0 0 0 0 0 0 0 0 0 0 0 0 0 0 0 0 0 0 0 0 0 0 0 0 0 0 0 0 0 0 0 0 0 0 0 0 0 0 0 0 0 0 0 0 0 0 0 0 0 0 0 0 0 0 0 0 0 0 0 0 0 0 0 0 0 0 0 0 0 0 0 0 0 0 0 0 0 0 0 0 0 0 0 0 0 0 0 0 0 0 0 0 0 0 0 0 0 0 0 0 0 0 0 0 0 0 0 0 0 0 0 0 0 0 0 0 0 0 0 0 0 0 0 0 0 0 0 0 0 0 0 0 0 0 0 0 0 0 0 0 0 0 0 0 0 0 0 0 0 0 0 0 0 0 0 0 0 0 0 0 0 0 0 0 0 0 0 0 0 0 0 0 0 0 0 0 0 0 0 0 0 0 0 0 0 0 0 0 0 0 0 0 0 0 0 0 0 0 0 0 0 0 0 0 0 0 0 0 0 0 0 0 0 0 0 0 0 0 0 0 0 0 0 0 0 0 0 0 0 0 0 0 0 0 0 0 0 0 0 0 0 0 0 0 0 0 0 0 0 0 0 0 0 0 0 0 0 0 0 0 0 0 0 0 0 0 0 0 0 0 0 0 0 0 0 0 0 0 0 0 0 0 0 0 0 0 0 0 0 0 0 0 0 0 0 0 0 0 0 0 0 0 0 0 0 0 0 0 0 0 0 0 0 0 0 0 0 0 0 0 0 0 0 0 0 0 0 0 0 0 0 0 0 0 0 0 0
 0 0 0 0 0 0 0 0 0 0 0 0 0 0 0 0 0 0 0 0 0 0 0 0 0 0 0 0 0 0 0 0 0 0 0 0 0 0 0 0 0 0 0 0 0 0 0 0 0 0 0 0 0 0 0 0 0 0 0 0 0 0 0 0 0 0 0 0 0 0 0 0 0 0 0 0 0 0 0 0 0 0 0 0 0 0 0 0 0 0 0 0 0 0 0 0 0 0 0 0 0 0 0 0 0 0 0 0 0 0 0 0 0 0 0 0 0 0 0 0 0 0 0 0 0 0 0 0 0 0 0 0 0 0 0 0 0 0 0 0 0 0 0 0 0 0 0 0 0 0 0 0 0 0 0 0 0 0 0 0 0 0 0 0 0 0 0 0 0 0 0 0 0 0 0 0 0 0 0 0 0 0 0 0 0 0 0 0 0 0 0 0 0 0 0 0 0 0 0 0 0 0 0 0 0 0 0 0 0 0 0 0 0 0 0 0 0 0 0 0 0 0 0 0 0 0 0 0 0 0 0 0 0 0 0 0 0 0 0 0 0 0 0 0 0 0 0 0 0 0 0 0 0 0 0 0 0 0 0 0 0 0 0 0 0 0 0 0 0 0 0 0 0 0 0 0 0 0 0 0 0 0 0 0 0 0 0 0 0 0 0 0 0 0 0 0 0 0 0 0 0 0 0 0 0 0 0 0 0 0 0 0 0 0 0 0 0 0 0 0 0 0 0 0 0 0 0 0 0 0 0 0 0 0 0 0 0 0 0 0 0 0 0 0 0 0 0 0 0 0 0 0 0 0 0 0 0 0 0 0 0 0 0 0 0 0 0 0 0 0 0 0 0 0 0 0 0 0 0 0 0 0 0 0 0 0 0 0 0 0 0 0 0 0 0 0 0 0 0 0 0 0 0 0 0 0 0 0 0 0 0 0 0 0 0 0 0 0 0 0 0 0 0 0 0 0 0 0 0 0 0 0 0 0 0 0 0 0 0 0 0 0 0 0 0 0 0 0 0 0 0 0 0 0 0 0 0 0 0 0 0 0 0 0 0 0 0 0 0 0 0 0 0 0 0 0 0 0 0 0 0 0 0 0 0 0 0 0 0 0 0 0 0 0 0 0 0 0 0 0 0 0 0 0 0 0 0 0 0 0 0 0 0 0 0 0 0 0 0 0 0 0 0 0 0 0 0 0 0 0 0 0 0 0 0 0 0 0 0 0 0 0 0 0 0 0 0 0 0 0 0 0 0 0 0 0 0 0 0 0 0 0 0 0 0 0 0 0 0 0 0 0 0 0 0 0 0 0 0 0 0 0 0 0 0 0 0 0 0 0 0 0 0 0 0 0 0 0 0 0
 0 0 0 0 0 0 0 0 0 0 0 0 0 0 0 0 0 0 0 0 0 0 0 0 0 0 0 0 0 0 0 0 0 0 0 0 0 0 0 0 0 0 0 0 0 0 0 0 0 0 0 0 0 0 0 0 0 0 0 0 0 0 0 0 0 0 0 0 0 0 0 0 0 0 0 0 0 0 0 0 0 0 0 0 0 0 0 0 0 0 0 0 0 0 0 0 0 0 0 0 0 0 0 0 0 0 0 0 0 0 0 0 0 0 0 0 0 0 0 0 0 0 0 0 0 0 0 0 0 0 0 0 0 0 0 0 0 0 0 0 0 0 0 0 0 0 0 0 0 0 0 0 0 0 0 0 0 0 0 0 0 0 0 0 0 0 0 0 0 0 0 0 0 0 0 0 0 0 0 0 0 0 0 0 0 0 0 0 0 0 0 0 0 0 0 0 0 0 0 0 0 0 0 0 0 0 0 0 0 0 0 0 0 0 0 0 0 0 0 0 0 0 0 0 0 0 0 0 0 0 0 0 0 0 0 0 0 0 0 0 0 0 0 0 0 0 0 0 0 0 0 0 0 0 0 0 0 0 0 0 0 0 0 0 0 0 0 0 0 0 0 0 0 0 0 0 0 0 0 0 0 0 0 0 0 0 0 0 0 0 0 0 0 0 0 0 0 0 0 6.724272680003196e-05 0.0005021493416279554 0.00128699210472405 0.00240001967176795 0.003794874995946884 0.005451121367514133 0.007373895030468702 0.009529261849820614 0.01188338547945023 0.01444247458130121 0.01721309497952461 0.02017471566796303 0.02330799959599972 0.02658891677856445 0.03003887459635735 0.03363116085529327 0.03737370297312737 0.04122195765376091 0.04518798738718033 0.04922452569007874 0.05332303792238235 0.05748793855309486 0.06172795966267586 0.06604002416133881 0.07042833417654037 0.07491104304790497 0.07949227839708328 0.08417899161577225 0.08897993713617325 0.09389059245586395 0.09886979311704636 0.1038961410522461 0.1089782267808914 0.1140962466597557 0.1192313954234123 0.1237262338399887 0.1263855248689651 0.1264370977878571 0.1233868896961212 0.1172175481915474 0.1113566681742668 0.1057888343930244 0.1004993915557861 0.09547442197799683 0.09070070087909698 0.0861656665802002 0.08185738325119019 0.07776451110839844 0.0738762840628624 0.07018247246742249 0.06667334586381912 0.06333968043327332 0.06017269566655159 0.05716406181454659 0.05430585891008377 0.05159056559205055 0.04901103675365448 0.04656048491597176 0.04423246160149574 0.04202083870768547 0.03991979733109474 0.03792380914092064 0.03602761775255203 0.03422623872756958 0.03251492604613304 0.03088917955756187 0.0293447207659483 0.02787748537957668 0.02648361027240753 0.02515942975878716 0.02390145882964134 0.02270638570189476 0.02157106623053551 0.02049251273274422 0.01946788653731346 0.0184944923967123 0.0175697673112154 0.01669127866625786 0.01585671491920948 0.01506387908011675 0.01431068498641253 0.01359515078365803 0.01291539333760738 0.01226962357759476 0.01165614277124405 0.01107333600521088 0.01051966939121485 0.009993686340749264 0.009494001977145672 0.009019302204251289 0.008568337187170982 0.008139920420944691 0.007732924539595842 0.00734627852216363 0.006978964433073997 0.006630016025155783 0.006298515014350414 0.005983589217066765 0.005684409756213427 0.005400189198553562 0.005130179692059755 0.004873670637607574 0.004629987291991711 0.004398487973958254 0.004178563598543406 0.003969635348767042 0.003771153511479497 0.003582595847547054 0.003403465962037444 0.003233292605727911 0.003071628045290709 0.002918046666309237 0.002772144274786115 0.002633537165820599 0.00250186026096344 0.002376767341047525 0.002257928950712085 0.002145032398402691 0.002037780825048685 0.001935891807079315 0.001839097240008414 0.001747142407111824 0.001659785280935466 0.001576796057634056 0.001497956225648522 0.001423058449290693 0.001351905521005392 0.001284310244955122 0.001220094738528132 0.001159089966677129 0.001101135509088635 0.001046078745275736 0.0009937748545780778 0.00094408611766994 0.0008968818001449108 0.0008520376868546009 0.0008094357908703387 0.0007689640042372048 0.0007305158069357276 0.0006939900340512395 0.0006592905265279114 0.0006263260147534311 0.0005950097111053765 0.0005652592517435551 0.0005369962891563773 0.0005101464921608567 0.0004846391675528139 0.0004604072018992156 0.0004373868287075311 0.00041551748290658 0.0003947415971197188 0.0003750045143533498 0.0003562542842701077 0.0003384415758773685 0.0003215195029042661 0.000305443536490202 0.0002901713596656919 0.0002756627800408751 0.0002618796424940228 0.0002487856545485556 0.0002363463718211278 0.0002245290525024757 0.0002133025991497561 0.0002026374713750556 0.0001925055985338986 0.0001828803215175867 0.0001737363054417074 0.0001650494959903881 0.0001567970175528899 0.0001489571732236072 0.0001415093138348311 0.0001344338525086641 0.000127712162793614 0.0001213265568367206 0.0001152602271758951 0.0001094972176360898 0.0001040223578456789 9.88212414085865e-05 9.388018224854022e-05 8.918617095332593e-05 8.472686022287235e-05 8.04905139375478e-05 7.646598533028737e-05 7.26426878827624e-05 6.901055166963488e-05 6.556002335855737e-05 6.228202255442739e-05 5.916791997151449e-05 5.620952288154513e-05 5.339904600987211e-05 5.072909334558062e-05 4.819263995159417e-05 4.578300649882294e-05 4.349385562818497e-05 4.131916284677573e-05 3.925320561393164e-05 3.729054515133612e-05 3.54260191670619e-05 3.36547163897194e-05 3.197198020643555e-05 3.037338137801271e-05 2.885471258196048e-05 2.741197749855928e-05 2.60413780779345e-05 2.47393090830883e-05 2.350234353798442e-05 2.232722545159049e-05 2.121086436090991e-05 2.015032077906653e-05 1.914280437631533e-05 1.818566488509532e-05 1.72763811860932e-05 1.641256130824331e-05 1.559193333378062e-05 1.48123363032937e-05 1.407171930623008e-05 1.336813329544384e-05 1.269972653972218e-05 1.206474007631186e-05 1.146150316344574e-05 1.088842782337451e-05 1.034400611388264e-05 9.826805580814835e-06 9.335465620097239e-06 8.868692020769231e-06 8.425256964983419e-06 8.003994480532128e-06 7.603794983879197e-06 7.223605280159973e-06 6.862424925202504e-06 6.519303497043438e-06 6.193338322191266e-06 5.883671292394865e-06 5.589487955148797e-06 5.310013420967152e-06 5.044512818130897e-06 4.79228719996172e-06 4.552672635327326e-06 4.325038844399387e-06 4.108786924916785e-06 3.570245826267637e-05 0.000270056480076164 0.0006785766454413533 0.001257336465641856 0.001997356070205569 0.002873778343200684 0.003870506770908833 0.004982633050531149 0.006208333186805248 0.007537774741649628 0.008944254368543625 0.01043027732521296 0.01199682801961899 0.0136455474421382 0.01537409424781799 0.01718202792108059 0.0190738607198 0.02103829011321068 0.02305543422698975 0.02510353922843933 0.02717898041009903 0.02927063405513763 0.03137955814599991 0.03350511938333511 0.03564542904496193 0.03779344260692596 0.03994983434677124 0.04211493581533432 0.04429031908512115 0.04648266360163689 0.04868597537279129 0.05088749155402184 0.05308869853615761 0.0552842803299427 0.05747308954596519 0.05965862795710564 0.06183713674545288 0.06400992721319199 0.06618040055036545 0.06834430992603302 0.07050725817680359 0.07265719026327133 0.07479710131883621 0.07692761719226837 0.07895792275667191 0.07996093481779099 0.07935588806867599 0.07679338753223419 0.0729537159204483 0.06930603086948395 0.06584072858095169 0.0625486895442009 0.05942125618457794 0.05645019188523293 0.05362768098711967 0.05094629526138306 0.04839897900819778 0.04597903043031693 0.04368007928133011 0.04149607568979263 0.03942127153277397
 0 0 0 0 0 0 0 0 0 0 0 0 0 0 0 0 0 0 0 0 0 0 0 0 0 0 0 0 0 0 0 0 0 0 0 0 0 0 0 0 0 0 0 0 0 0 0 0 0 0 0 0 0 0 0 0 0 0 0 0 0 0 0 0 0 0 0 0 0 0 0 0 0 0 0 0 0 0 0 0 0 0 0 0 0 0 0 0 0 0 0 0 0 0 0 0 0 0 0 0 0 0 0 0 0 0 0 0 0 0 0 0 0 0 0 0 0 0 0 0 0 0 0 0 0 0 0 0 0 0 0 0 0 0 0 0 0 0 0 0 0 0 0 0 0 0 0 0 0 0 0 0 0 0 0 0 0 0 0 0 0 0 0 0 0 0 0 0 0 0 0 0 0 0 0 0 0 0 0 0 0 0 0 0 0 0 0 0 0 0 0 0 0 0 0 0 0 0 0 0 0 0 0 0 0 0 0 0 0 0 0 0 0 0 0 0 0 0 0 0 0 0 0 0 0 0 0 0 0 0 0 0 0 0 0 0 0 0 0 0 0 0 0 0 0 0 0 0 0 0 0 0 0 0 0 0 0 0 0 0 0 0 0 0 0 0 0 0 0 0 0 0 0 0 0 0 0 0 0 0 0 0 0 0 0 0 0 0 0 0 0 0 0 0 0 0 0 0 0 0 0 0 0 0 0 0 0 0 0 0 0 0 0 0 0 0 0 0 0 0 0 0 0 0 0 0 0 0 0 0 0 0 0 0 0 0 0 0 0 0 0 0 0 0 0 0 0 0 0 0 0 0 0 0 0 0 0 0 0 0 0 0 0 0 0 0 0 0 0 0 0 0 0 0 0 0 0 0 0 0 0 0 0 0 0 0 0 0 0 0 0 0 0 0 0 0 0 0 0 0 0 0 0 0 0 0 0 0 0 0 0 0 0 0 0 0 0 0 0 0 0 0 0 0 0 0 0 0 0 0 0 0 0 0 0 0 0 0 0 0 0 0 0 0 0 0 0 0 0 0 0 0 0 0 0 0 0 0 0 0 0 0 0 0 0 0 0 0 0 0 0 0 0 0 0 0 0 0 0 0 0 0 0 0 0 0 0 0 0 0 0 0 0 0 0 0 0 0 0 0 0 0 0 0 0 0 0 0 0 0 0 0 0 0 0 0 0 0 0 0 0 0 0 0 0 0 0 0 0 0 0 0 0 0 0 0 0 0 0 0 0 0 0 0 0 0 0 0 0 0 0 0 0 0 0 0 0 0 0 0 0 0 0 0 0 0 0 0 0 0 0 0 0 0 0 0 0 0 0 0 0 0 0 0 0 0 0 0 0 0 0 0 0 0 0 0 0 0 0 0
 0 0 0 0 0 0 0 0 0 0 0 0 0 0 0 0 0 0 0 0 0 0 0 0 0 0 0 0 0 0 0 0 0 0 0 0 0 0 0 0 0 0 0 0 0 0 0 0 0 0 0 0 0 0 0 0 0 0 0 0 0 0 0 0 0 0 0 0 0 0 0 0 0 0 0 0 0 0 0 0 0 0 0 0 0 0 0 0 0 0 0 0 0 0 0 0 0 0 0 0 0 0 0 0 0 0 0 0 0 0 0 0 0 0 0 0 0 0 0 0 0 0 0 0 0 0 0 0 0 0 0 0 0 0 0 0 0 0 0 0 0 0 0 0 0 0 0 0 0 0 0 0 0 0 0 0 0 0 0 0 0 0 0 0 0 0 0 0 0 0 0 0 0 0 0 0 0 0 0 0 0 0 0 0 0 0 0 0 0 0 0 0 0 0 0 0 0 0 0 0 0 0 0 0 0 0 0 0 0 0 0 0 0 0 0 0 0 0 0 0 0 0 0 0 0 0 0 0 0 0 0 0 0 0 0 0 0 0 0 0 0 0 0 0 0 0 0 0 0 0 0 0 0 0 0 0 0 0 0 0 0 0 0 0 0 0 0 0 0 0 0 0 0 0 0 0 0 0 0 0 0 0 0 0 0 0 0 0 0 0 0 0 0 0 0 0 0 0 0 0 0 0 0 0 0 0 0 0 0 0 0 0 0 0 0 0 0 0 0 0 0 0 0 0 0 0 0 0 0 0 0 0 0 0 0 0 0 0 0 0 0 0 0 0 0 0 0 0 0 0 0 0 0 0 0 0 0 0 0 0 0 0 0 0 0 0 0 0 0 0 0 0 0 0 0 0 0 0 0 0 0 0 0 0 0 0 0 0 0 0 0 0 0 0 0 0 0 0 0 0 0 0 0 0 0 0 0 0 0 0 0 0 0 0 0 0 0 0 0 0 0 0 0 0 0 0 0 0 0 0 0 0 0 0 0 0 0 0 0 0 0 0 0 0 0 0 0 0 0 0 0 0 0 0 0 0 0 0 0 0 0 0 0 0 0 0 0 0 0 0 0 0 0 0 0 0 0 0 0 0 0 0 0 0 0 0 0 0 0 0 0 0 0 0 0 0 0 0 0 0 0 0 0 0 0 0 0 0 0 0 0 0 0 0 0 0 0 0 0 0 0 0 0 0 0 0 0 0 0 0 0 0 0 0 0 0 0 0 0 0 0 0 0 0 0 0 0 0 0 0 0 0 0 0 0 0 0 0 0 0 0 0 0 0 0 0 0 0 0 0 0 0 0 0 0 0 0 0 0 0 0 0 0 0 0 0 0 0 0 0 0 0 0 0 0 0 0 0 0 0
 0 0 0 0 0 0 0 0 0 0 0 0 0 0 0 0 0 0 0 0 0 0 0 0 0 0 0 0 0 0 0 0 0 0 0 0 0 0 0 0 0 0 0 0 0 0 0 0 0 0 0 0 0 0 0 0 0 0 0 0 0 0 0 0 0 0 0 0 0 0 0 0 0 0 0 0 0 0 0 0 0 0 0 0 0 0 0 0 0 0 0 0 0 0 0 0 0 0 0 0 0 0 0 0 0 0 0 0 0 0 0 0 0 0 0 0 0 0 0 0 0 0 0 0 0 0 0 0 0 0 0 0 0 0 0 0 0 0 0 0 0 0 0 0 0 0 0 0 0 0 0 0 0 0 0 0 0 0 0 0 0 0 0 0 0 0 0 0 0 0 0 0 0 0 0 0 0 0 0 0 0 0 0 0 0 0 0 0 0 0 0 0 0 0 0 0 0 0 0 0 0 0 0 0 0 0 0 0 0 0 0 0 0 0 0 0 0 0 0 0 0 0 0 0 0 0 0 0 0 0 0 0 0 0 0 0 0 0 0 0 0 0 0 0 0 0 0 0 0 0 0 0 0 0 0 0 0 0 0 0 0 0 0 0 0 0 0 0 0 0 0 0 0 0 0 0 0 0 0 0 0 0 0 0 0 0 0 0 0 0 0 0 0 0 0 0 0 0 0 0 0 0 0 0 0 0 0 0 0 0 0 0 0 0 0 0 0 0 0 0 0 0 0 0 0 0 0 0 0 0 0 0 0 0 0 0 0 0 0 0 0 0 0 0 0 0 0 0 0 0 0 0 0 0 0 0 0 0 0 0 0 0 0 0 0 0 0 0 0 0 0 0 0 0 0 0 0 0 0 0 0 0 0 0 0 0 0 0 0 0 0 0 0 0 0 0 0 0 0 0 0 0 0 0 0 0 0 0 0 0 0 0 0 0 0 0 0 0 0 0 0 0 0 0 0 0 0 0 0 0 0 0 0 0 0 0 0 0 0 0 0 0 0 0 0 0 0 0 0 0 0 0 0 0 0 0 0 0 0 0 0 0 0 0 0 0 0 0 0 0 0 0 0 0 0 0 0 0 0 0 0 0 0 0 0 0 0 0 0 0 0 0 0 0 0 0 0 0 0 0 0 0 0 0 0 0 0 0 0 0 0 0 0 0 0 0 0 0 0 0 0 0 0 0 0 0 0 0 0 0 0 0 0 0 0 0 0 0 0 0 0 0 0 0 0 0 0 0 0 0 0 0 0 0 0 0 0 0 0 0 0 0 0 0 0 0 0 0 0 0 0 0 0 0 0 0 0 0 0 0 0 0 0 0 0 0 0 0 0 0 0 0 0 0 0 0 0 0 0 0
 0 0 0 0 0 0 0 0 0 0 0 0 0 0 0 0 0 0 0 0 0 0 0 0 0 0 0 0 0 0 0 0 0 0 0 0 0 0 0 0 0 0 0 0 0 0 0 0 0 0 0 0 0 0 0 0 0 0 0 0 0 0 0 0 0 0 0 0 0 0 0 0 0 0 0 0 0 0 0 0 0 0 0 0 0 0 0 0 0 0 0 0 0 0 0 0 0 0 0 0 0 0 0 0 0 0 0 0 0 0 0 0 0 0 0 0 0 0 0 0 0 0 0 0 0 0 0 0 0 0 0 0 0 0 0 0 0 0 0 0 0 0 0 0 0 0 0 0 0 0 0 0 0 0 0 0 0 0 0 0 0 0 0 0 0 0 0 0 0 0 0 0 0 0 0 0 0 0 0 0 0 0 0 0 0 0 0 0 0 0 0 0 0 0 0 0 0 0 0 0 0 0 0 0 0 0 0 0 0 0 0 0 0 0 0 0 0 0 0 0 0 0 0 0 0 0 0 0 0 0 0 0 0 0 0 0 0 0 0 0 0 0 0 0 0 0 0 0 0 0 0 0 0 0 0 0 0 0 0 0 0 0 0 0 0 0 0 0 0 0 0 0 0 0 0 0 0 0 0 0 0 0 0 0 0 0 0 0 0 0 0 0 0 0 0 0 0 0 0 0 0 0.0001930988801177591 0.0007900778437033296 0.001750490861013532 0.003043859731405973 0.004620804917067289 0.006467279978096485 0.008544385433197021 0.01085397601127625 0.01339806616306305 0.01619286648929119 0.01927263103425503 0.02261769957840443 0.02617583610117435 0.02990805171430111 0.03376701101660728 0.03774130716919899 0.04177325963973999 0.04588772356510162 0.05010386183857918 0.05444019287824631 0.05888853594660759 0.0634736642241478 0.06817901134490967 0.07300073653459549 0.07794597744941711 0.0830179899930954 0.0881858766078949 0.09345898032188416 0.09877192974090576 0.1040934026241302 0.1094426810741425 0.1148230656981468 0.1201921477913857 0.1255608946084976 0.1300325393676758 0.1324613243341446 0.1321104317903519 0.1284905821084976 0.1220660507678986 0.1159627512097359 0.110164612531662 0.104656383395195 0.09942356497049332 0.0944523885846138 0.08972977101802826 0.08524328470230103 0.08098112046718597 0.07693206518888474 0.07308546453714371 0.06943119317293167 0.065959632396698 0.06266164779663086 0.05952856689691544 0.05655213817954063 0.05372453108429909 0.05103830620646477 0.04848638921976089 0.04606207087635994 0.04375896602869034 0.04157101735472679 0.03949246555566788 0.03751784190535545 0.03564194962382317 0.03385985270142555 0.03216686099767685 0.03055851720273495 0.02903059124946594 0.02757906168699265 0.02620010823011398 0.02489010244607925 0.02364559657871723 0.02246331609785557 0.02134015038609505 0.02027314342558384 0.0192594863474369 0.01829651184380054 0.0173816867172718 0.01651260256767273 0.01568697206676006 0.0149026233702898 0.0141574926674366 0.01344961766153574 0.01277713663876057 0.01213828008621931 0.01153136603534222 0.01095479726791382 0.01040705759078264 0.009886704385280609 0.009392369538545609 0.008922751061618328 0.008476613089442253 0.008052782155573368 0.007650143001228571 0.007267635781317949 0.006904254201799631 0.006559041328728199 0.006231089122593403 0.005919534713029861 0.005623558070510626 0.00534238014370203 0.005075260996818542 0.004821497946977615 0.00458042323589325 0.004351402167230844 0.004133832175284624 0.0039271404966712 0.00373078347183764 0.003544244216755033 0.003367031924426556 0.00319868023507297 0.003038746304810047 0.002886808943003416 0.002742468379437923 0.00260534486733377 0.002475077519193292 0.002351323608309031 0.002233757404610515 0.002122069476172328 0.002015965990722179 0.001915167667903006 0.001819409313611686 0.001728438888676465 0.001642016926780343 0.001559916068799794 0.001481920247897506 0.001407824223861098 0.001337433001026511 0.001270561362616718 0.001207033288665116 0.001146681606769562 0.001089347526431084 0.001034880173392594 0.0009831361239776015 0.000933979288674891 0.0008872803300619125 0.0008429163135588169 0.0008007704745978117 0.0007607319275848567 0.0007226953166536987 0.0006865605246275663 0.000652232498396188 0.000619620899669826 0.000588639872148633 0.0005592078668996692 0.0005312474677339196 0.0005046851001679897 0.0004794508568011224 0.0004554783226922154 0.0004327044007368386 0.0004110691952519119 0.0003905157209374011 0.000370989931980148 0.000352440431015566 0.0003348184109199792 0.0003180774801876396 0.0003021736047230661 0.0002870649332180619 0.0002727116807363927 0.0002590760996099561 0.000246122304815799 0.000233816186664626 0.0002221253816969693 0.0002110191126121208 0.0002004681591643021 0.0001904447562992573 0.0001809225213946775 0.0001718763960525393 0.0001632825733395293 0.0001551184395793825 0.0001473625161452219 0.000139994386699982 0.0001329946680925786 0.0001263449375983328 0.0001200276892632246 0.0001140263048000634 0.0001083249881048687 0.0001029087361530401 9.7763302619569e-05 9.287513967137784e-05 8.823138341540471e-05 8.38198175188154e-05 7.962882955325767e-05 7.564738916698843e-05 7.186501898104325e-05 6.827176548540592e-05 6.485817721113563e-05 6.161526835057884e-05 5.853450420545414e-05 5.560777935897931e-05 5.282738857204095e-05 5.018601950723678e-05 4.767671998706646e-05 4.529288344201632e-05 4.302823799662292e-05 4.087682464160025e-05 3.883298268192448e-05 3.689133518491872e-05 3.50467671523802e-05 3.329442915855907e-05 3.162970824632794e-05 3.004822247021366e-05 2.854581180145033e-05 2.711852175707463e-05 2.576259612396825e-05 2.447446604492143e-05 2.325074274267536e-05 2.208820478699636e-05 2.098379445669707e-05 1.993460500671063e-05 1.893787521112245e-05 1.799098208721261e-05 1.709143361949828e-05 1.623686148377601e-05 1.542501922813244e-05 1.46537686305237e-05 1.392108060827013e-05 1.322502612310927e-05 1.256377436220646e-05 1.19355854621972e-05 1.133880596171366e-05 1.077186607290059e-05 1.023327240545768e-05 9.721608876134269e-06 9.235528523277026e-06 8.773751687840559e-06 8.335064194398001e-06 7.918310984678101e-06 7.52239520807052e-06 7.146275493141729e-06 6.788961854908848e-06 6.449513875850243e-06 6.127037977421423e-06 5.820686055812985e-06 5.529651843971806e-06 5.253169092611643e-06 4.990510660718428e-06 4.740985332318814e-06 4.503935997490771e-06 4.278739197616233e-06 4.064802396896994e-06 3.861562163365306e-06 3.668484168883879e-06 2.937518365797587e-05 0.000247134972596541 0.000632776936981827 0.001183406799100339 0.001892208587378263 0.002738810842856765 0.003704904345795512 0.004782485775649548 0.005968651734292507 0.00726694893091917 0.008663883432745934 0.010140017606318 0.01169451512396336 0.01332626678049564 0.0150373438373208 0.01682654581964016 0.01869465224444866 0.02064528502523899 0.02266383171081543 0.0247283298522234 0.02681342512369156 0.0289150532335043 0.03103682398796082 0.03316955268383026 0.0353001095354557 0.037430040538311 0.03956061974167824 0.04169496521353722 0.0438338927924633 0.04598269611597061 0.0481492206454277 0.05032149329781532 0.05249581858515739 0.05466995760798454 0.05684848502278328 0.05902884900569916 0.06120956316590309 0.063385970890522 0.0655592754483223 0.06772878766059875 0.06990163773298264 0.07207682728767395 0.07425373047590256 0.07642991095781326 0.07860379666090012 0.07991809397935867 0.07971780747175217 0.07759759575128555 0.07371771335601807 0.07003182917833328 0.06653023511171341 0.06320372223854065 0.06004353612661362 0.05704135820269585 0.0541892908513546 0.05147982761263847 0.04890583455562592
 0 0 0 0 0 0 0 0 0 0 0 0 0 0 0 0 0 0 0 0 0 0 0 0 0 0 0 0 0 0 0 0 0 0 0 0 0 0 0 0 0 0 0 0 0 0 0 0 0 0 0 0 0 0 0 0 0 0 0 0 0 0 0 0 0 0 0 0 0 0 0 0 0 0 0 0 0 0 0 0 0 0 0 0 0 0 0 0 0 0 0 0 0 0 0 0 0 0 0 0 0 0 0 0 0 0 0 0 0 0 0 0 0 0 0 0 0 0 0 0 0 0 0 0 0 0 0 0 0 0 0 0 0 0 0 0 0 0 0 0 0 0 0 0 0 0 0 0 0 0 0 0 0 0 0 0 0 0 0 0 0 0 0 0 0 0 0 0 0 0 0 0 0 0 0 0 0 0 0 0 0 0 0 0 0 0 0 0 0 0 0 0 0 0 0 0 0 0 0 0 0 0 0 0 0 0 0 0 0 0 0 0 0 0 0 0 0 0 0 0 0 0 0 0 0 0 0 0 0 0 0 0 0 0 0 0 0 0 0 0 0 0 0 0 0 0 0 0 0 0 0 0 0 0 0 0 0 0 0 0 0 0 0 0 0 0 0 0 0 0 0 0 0 0 0 0 0 0 0 0 0 0 0 0 0 0 0 0 0 0 0 0 0 0 0 0 0 0 0 0 0 0 0 0 0 0 0 0 0 0 0 0 0 0 0 0 0 0 0 0 0 0 0 0 0 0 0 0 0 0 0 0 0 0 0 0 0 0 0 0 0 0 0 0 0 0 0 0 0 0 0 0 0 0 0 0 0 0 0 0 0 0 0 0 0 0 0 0 0 0 0 0 0 0 0 0 0 0 0 0 0 0 0 0 0 0 0 0 0 0 0 0 0 0 0 0 0 0 0 0 0 0 0 0 0 0 0 0 0 0 0 0 0 0 0 0 0 0 0 0 0 0 0 0 0 0 0 0 0 0 0 0 0 0 0 0 0 0 0 0 0 0 0 0 0 0 0 0 0 0 0 0 0 0 0 0 0 0 0 0 0 0 0 0 0 0 0 0 0 0 0 0 0 0 0 0 0 0 0 0 0 0 0 0 0 0 0 0 0 0 0 0 0 0 0 0 0 0 0 0 0 0 0 0 0 0 0 0 0 0 0 0 0 0 0 0 0 0 0 0 0 0 0 0 0 0 0 0 0 0 0 0 0 0 0 0 0 0 0 0 0 0 0 0 0 0 0 0 0 0 0 0 0 0 0 0 0 0 0 0 0 0 0 0 0 0 0 0 0 0 0 0 0 0 0 0 0 0 0 0 0 0 0 0 0 0 0 0 0 0 0 0 0 0 0 0 0 0 0 0
 0 0 0 0 0 0 0 0 0 0 0 0 0 0 0 0 0 0 0 0 0 0 0 0 0 0 0 0 0 0 0 0 0 0 0 0 0 0 0 0 0 0 0 0 0 0 0 0 0 0 0 0 0 0 0 0 0 0 0 0 0 0 0 0 0 0 0 0 0 0 0 0 0 0 0 0 0 0 0 0 0 0 0 0 0 0 0 0 0 0 0 0 0 0 0 0 0 0 0 0 0 0 0 0 0 0 0 0 0 0 0 0 0 0 0 0 0 0 0 0 0 0 0 0 0 0 0 0 0 0 0 0 0 0 0 0 0 0 0 0 0 0 0 0 0 0 0 0 0 0 0 0 0 0 0 0 0 0 0 0 0 0 0 0 0 0 0 0 0 0 0 0 0 0 0 0 0 0 0 0 0 0 0 0 0 0 0 0 0 0 0 0 0 0 0 0 0 0 0 0 0 0 0 0 0 0 0 0 0 0 0 0 0 0 0 0 0 0 0 0 0 0 0 0 0 0 0 0 0 0 0 0 0 0 0 0 0 0 0 0 0 0 0 0 0 0 0 0 0 0 0 0 0 0 0 0 0 0 0 0 0 0 0 0 0 0 0 0 0 0 0 0 0 0 0 0 0 0 0 0 0 0 0 0 0 0 0 0 0 0 0 0 0 0 0 0 0 0 0 0 0 0 0 0 0 0 0 0 0 0 0 0 0 0 0 0 0 0 0 0 0 0 0 0 0 0 0 0 0 0 0 0 0 0 0 0 0 0 0 0 0 0 0 0 0 0 0 0 0 0 0 0 0 0 0 0 0 0 0 0 0 0 0 0 0 0 0 0 0 0 0 0 0 0 0 0 0 0 0 0 0 0 0 0 0 0 0 0 0 0 0 0 0 0 0 0 0 0 0 0 0 0 0 0 0 0 0 0 0 0 0 0 0 0 0 0 0 0 0 0 0 0 0 0 0 0 0 0 0 0 0 0 0 0 0 0 0 0 0 0 0 0 0 0 0 0 0 0 0 0 0 0 0 0 0 0 0 0 0 0 0 0 0 0 0 0 0 0 0 0 0 0 0 0 0 0 0 0 0 0 0 0 0 0 0 0 0 0 0 0 0 0 0 0 0 0 0 0 0 0 0 0 0 0 0 0 0 0 0 0 0 0 0 0 0 0 0 0 0 0 0 0 0 0 0 0 0 0 0 0 0 0 0 0 0 0 0 0 0 0 0 0 0 0 0 0 0 0 0 0 0 0 0 0 0 0 0 0 0 0 0 0 0 0 0 0 0 0 0 0 0 0 0 0 0 0 0 0 0 0 0 0 0 0 0 0 0 0 0 0 0 0 0 0 0 0 0 0 0 0
 0 0 0 0 0 0 0 0 0 0 0 0 0 0 0 0 0 0 0 0 0 0 0 0 0 0 0 0 0 0 0 0 0 0 0 0 0 0 0 0 0 0 0 0 0 0 0 0 0 0 0 0 0 0 0 0 0 0 0 0 0 0 0 0 0 0 0 0 0 0 0 0 0 0 0 0 0 0 0 0 0 0 0 0 0 0 0 0 0 0 0 0 0 0 0 0 0 0 0 0 0 0 0 0 0 0 0 0 0 0 0 0 0 0 0 0 0 0 0 0 0 0 0 0 0 0 0 0 0 0 0 0 0 0 0 0 0 0 0 0 0 0 0 0 0 0 0 0 0 0 0 0 0 0 0 0 0 0 0 0 0 0 0 0 0 0 0 0 0 0 0 0 0 0 0 0 0 0 0 0 0 0 0 0 0 0 0 0 0 0 0 0 0 0 0 0 0 0 0 0 0 0 0 0 0 0 0 0 0 0 0 0 0 0 0 0 0 0 0 0 0 0 0 0 0 0 0 0 0 0 0 0 0 0 0 0 0 0 0 0 0 0 0 0 0 0 0 0 0 0 0 0 0 0 0 0 0 0 0 0 0 0 0 0 0 0 0 0 0 0 0 0 0 0 0 0 0 0 0 0 0 0 0 0 0 0 0 0 0 0 0 0 0 0 0 0 0 0 0 0 0 0 0 0 0 0 0 0 0 0 0 0 0 0 0 0 0 0 0 0 0 0 0 0 0 0 0 0 0 0 0 0 0 0 0 0 0 0 0 0 0 0 0 0 0 0 0 0 0 0 0 0 0 0 0 0 0 0 0 0 0 0 0 0 0 0 0 0 0 0 0 0 0 0 0 0 0 0 0 0 0 0 0 0 0 0 0 0 0 0 0 0 0 0 0 0 0 0 0 0 0 0 0 0 0 0 0 0 0 0 0 0 0 0 0 0 0 0 0 0 0 0 0 0 0 0 0 0 0 0 0 0 0 0 0 0 0 0 0 0 0 0 0 0 0 0 0 0 0 0 0 0 0 0 0 0 0 0 0 0 0 0 0 0 0 0 0 0 0 0 0 0 0 0 0 0 0 0 0 0 0 0 0 0 0 0 0 0 0 0 0 0 0 0 0 0 0 0 0 0 0 0 0 0 0 0 0 0 0 0 0 0 0 0 0 0 0 0 0 0 0 0 0 0 0 0 0 0 0 0 0 0 0 0 0 0 0 0 0 0 0 0 0 0 0 0 0 0 0 0 0 0 0 0 0 0 0 0 0 0 0 0 0 0 0 0 0 0 0 0 0 0 0 0 0 0 0 0 0 0 0 0 0 0 0 0 0 0 0 0 0 0 0 0 0 0 0 0 0 0
 0 0 0 0 0 0 0 0 0 0 0 0 0 0 0 0 0 0 0 0 0 0 0 0 0 0 0 0 0 0 0 0 0 0 0 0 0 0 0 0 0 0 0 0 0 0 0 0 0 0 0 0 0 0 0 0 0 0 0 0 0 0 0 0 0 0 0 0 0 0 0 0 0 0 0 0 0 0 0 0 0 0 0 0 0 0 0 0 0 0 0 0 0 0 0 0 0 0 0 0 0 0 0 0 0 0 0 0 0 0 0 0 0 0 0 0 0 0 0 0 0 0 0 0 0 0 0 0 0 0 0 0 0 0 0 0 0 0 0 0 0 0 0 0 0 0 0 0 0 0 0 0 0 0 0 0 0 0 0 0 0 0 0 0 0 0 0 0 0 0 0 0 0 0 0 0 0 0 0 0 0 0 0 0 0 0 0 0 0 0 0 0 0 0 0 0 0 0 0 0 0 0 0 0 0 0 0 0 0 0 0 0 0 0 0 0 0 0 0 0 0 0 0 0 0 0 0 0 0 0 0 0 0 0 0 0 0 0 0 0 0 0 0 0 0 0 0 0 0 0 0 0 0 0 0 0 0 0 0 0 0 0 0 0 0 0 0 0 0 0 0 0 0 0 0 0 0 0 0 0 0 0 0 0 0 0 0 0 0 0 0 0 0 0 0 0 0 0 0 0 0 0.0001996889477595687 0.0008064740686677396 0.001777890254743397 0.003064797725528479 0.004648119676858187 0.006471781991422176 0.008550063706934452 0.01085768826305866 0.01340613886713982 0.01618782058358192 0.01922800950706005 0.0225297287106514 0.02601587399840355 0.02962160483002663 0.03334508091211319 0.03718966618180275 0.04113676771521568 0.04516211897134781 0.04928147792816162 0.05350833013653755 0.05784907937049866 0.06229449808597565 0.0668317973613739 0.07148149609565735 0.07624795287847519 0.0811351016163826 0.08613315224647522 0.09120755642652512 0.0963505357503891 0.1015198677778244 0.1067019104957581 0.1119080260396004 0.117146410048008 0.1223896741867065 0.1269533485174179 0.1296194642782211 0.1296083182096481 0.1264610141515732 0.1201379597187042 0.1141310632228851 0.1084245070815086 0.1030032783746719 0.09785311669111252 0.09296046197414398 0.08831243962049484 0.08389681577682495 0.0797019749879837 0.07571687549352646 0.07193103432655334 0.06833448261022568 0.06491775810718536 0.06167187169194221 0.05858827754855156 0.05565886199474335 0.05287591740489006 0.05023211985826492 0.04772051423788071 0.04533448815345764 0.04306776449084282 0.0409143753349781 0.03886865824460983 0.03692522644996643 0.03507896512746811 0.03332501649856567 0.03165876492857933 0.03007582575082779 0.02857203409075737 0.02714343182742596 0.0257862601429224 0.02449694648385048 0.02327209897339344 0.02210849337279797 0.02100306935608387 0.0199529156088829 0.01895526982843876 0.01800750568509102 0.01710713095963001 0.01625177450478077 0.01543918624520302 0.01466722693294287 0.01393386535346508 0.01323717180639505 0.01257531344890594 0.01194654777646065 0.01134922076016665 0.01078175939619541 0.01024267170578241 0.009730538353323936 0.009244011715054512 0.008781811222434044 0.008342720568180084 0.00792558491230011 0.007529305759817362 0.007152840495109558 0.006795198656618595 0.006455438677221537 0.006132666952908039 0.005826033651828766 0.005534731782972813 0.005257995333522558 0.004995095543563366 0.004745340906083584 0.004508073907345533 0.004282670095562935 0.004068536683917046 0.003865109756588936 0.003671854268759489 0.003488261485472322 0.003313848515972495 0.003148155985400081 0.002990748267620802 0.002841210924088955 0.002699150471016765 0.002564192982390523 0.002435983391478658 0.002314184326678514 0.002198475180193782 0.002088551409542561 0.001984123839065433 0.001884917612187564 0.00179067172575742 0.001701138098724186 0.001616081222891808 0.001535277115181088 0.001458513317629695 0.001385587616823614 0.001316308276727796 0.001250492874532938 0.001187968184240162 0.001128569827415049 0.001072141341865063 0.001018534298054874 0.0009676076006144285 0.0009192271973006427 0.0008732658461667597 0.0008296025334857404 0.0007881224155426025 0.0007487162947654724 0.0007112805033102632 0.0006757164956070483 0.0006419306737370789 0.0006098341546021402 0.0005793424206785858 0.0005503753200173378 0.0005228565423749387 0.0004967137356288731 0.0004718780401162803 0.0004482841468416154 0.0004258699482306838 0.0004045764508191496 0.0003843476297333837 0.0003651302540674806 0.0003468737413641065 0.0003295300411991775 0.0003130535478703678 0.0002974008675664663 0.0002825308183673769 0.0002684042847249657 0.0002549840719439089 0.0002422348625259474 0.0002301231143064797 0.0002186169585911557 0.0002076861128443852 0.0001973018079297617 0.0001874367153504863 0.0001780648744897917 0.0001691616344032809 0.0001607035519555211 0.0001526683772681281 0.0001450349518563598 0.0001377832086291164 0.000130894040921703 0.0001243493461515754 0.0001181318802991882 0.0001122252870118245 0.0001066140248440206 0.0001012833236018196 9.621915523894131e-05 9.140819747699425e-05 8.68377901497297e-05 8.249589882325381e-05 7.837110024411231e-05 7.445254595950246e-05 7.072991866152734e-05 6.719342491123825e-05 6.383375148288906e-05 6.064206536393613e-05 5.760996282333508e-05 5.472946577356197e-05 5.199299266678281e-05 4.939334394293837e-05 4.692367656389251e-05 4.457749309949577e-05 4.23486198997125e-05 4.023118890472688e-05 3.821963036898524e-05 3.630864739534445e-05 3.449321593507193e-05 3.276855568401515e-05 3.113012644462287e-05 2.957362084998749e-05 2.809493889799342e-05 2.669019158929586e-05 2.535568273742683e-05 2.408789805485867e-05 2.288350333401468e-05 2.173932807636447e-05 2.065236185444519e-05 1.961974339792505e-05 1.863875695562456e-05 1.770681956259068e-05 1.682147922110744e-05 1.598040580574889e-05 1.518138560641091e-05 1.442231587134302e-05 1.370120025967481e-05 1.301614065596368e-05 1.236533353221603e-05 1.174706721940311e-05 1.115971372200875e-05 1.060172780853463e-05 1.007164155453211e-05 9.568059795128647e-06 9.089656487049069e-06 8.635173799120821e-06 8.203414836316369e-06 7.7932436397532e-06 7.40358154871501e-06 7.0334026531782e-06 6.68173242956982e-06 6.347645921778167e-06 6.030263648426626e-06 5.72875069337897e-06 5.442313067760551e-06 5.170197255210951e-06 4.911687483399874e-06 4.666102995543042e-06 4.432798050402198e-06 4.211158284306293e-06 4.000600256404141e-06 0.0001005981976049952 0.0003968456876464188 0.0008833649917505682 0.001525035477243364 0.002312753349542618 0.00323768611997366 0.004295874387025833 0.005484697874635458 0.006780438590794802 0.008168389089405537 0.009644349105656147 0.01120595540851355 0.01285425666719675 0.01459000539034605 0.01641377806663513 0.01832723617553711 0.02031431719660759 0.02236160635948181 0.02444318868219852 0.02655056491494179 0.02867824211716652 0.03081079199910164 0.03295206651091576 0.03510352596640587 0.03726829960942268 0.03944390267133713 0.04162796959280968 0.0438266359269619 0.04602424800395966 0.04822151362895966 0.05041523650288582 0.05260264500975609 0.05478027835488319 0.05694900080561638 0.05911039561033249 0.06126837804913521 0.06342437863349915 0.06557870656251907 0.06773066520690918 0.06986907869577408 0.07199204713106155 0.07410673797130585 0.07621368765830994 0.07831427454948425 0.07961495965719223 0.07945263385772705 0.07741918414831161 0.07354822754859924 0.06987081468105316 0.06637727469205856 0.06305841356515884 0.05990549176931381 0.05691021680831909 0.05406470596790314 0.05136147141456604 0.04879339784383774 0.04635372757911682 0.04403604194521904 0.04183423891663551
 0 0 0 0 0 0 0 0 0 0 0 0 0 0 0 0 0 0 0 0 0 0 0 0 0 0 0 0 0 0 0 0 0 0 0 0 0 0 0 0 0 0 0 0 0 0 0 0 0 0 0 0 0 0 0 0 0 0 0 0 0 0 0 0 0 0 0 0 0 0 0 0 0 0 0 0 0 0 0 0 0 0 0 0 0 0 0 0 0 0 0 0 0 0 0 0 0 0 0 0 0 0 0 0 0 0 0 0 0 0 0 0 0 0 0 0 0 0 0 0 0 0 0 0 0 0 0 0 0 0 0 0 0 0 0 0 0 0 0 0 0 0 0 0 0 0 0 0 0 0 0 0 0 0 0 0 0 0 0 0 0 0 0 0 0 0 0 0 0 0 0 0 0 0 0 0 0 0 0 0 0 0 0 0 0 0 0 0 0 0 0 0 0 0 0 0 0 0 0 0 0 0 0 0 0 0 0 0 0 0 0 0 0 0 0 0 0 0 0 0 0 0 0 0 0 0 0 0 0 0 0 0 0 0 0 0 0 0 0 0 0 0 0 0 0 0 0 0 0 0 0 0 0 0 0 0 0 0 0 0 0 0 0 0 0 0 0 0 0 0 0 0 0 0 0 0 0 0 0 0 0 0 0 0 0 0 0 0 0 0 0 0 0 0 0 0 0 0 0 0 0 0 0 0 0 0 0 0 0 0 0 0 0 0 0 0 0 0 0 0 0 0 0 0 0 0 0 0 0 0 0 0 0 0 0 0 0 0 0 0 0 0 0 0 0 0 0 0 0 0 0 0 0 0 0 0 0 0 0 0 0 0 0 0 0 0 0 0 0 0 0 0 0 0 0 0 0 0 0 0 0 0 0 0 0 0 0 0 0 0 0 0 0 0 0 0 0 0 0 0 0 0 0 0 0 0 0 0 0 0 0 0 0 0 0 0 0 0 0 0 0 0 0 0 0 0 0 0 0 0 0 0 0 0 0 0 0 0 0 0 0 0 0 0 0 0 0 0 0 0 0 0 0 0 0 0 0 0 0 0 0 0 0 0 0 0 0 0 0 0 0 0 0 0 0 0 0 0 0 0 0 0 0 0 0 0 0 0 0 0 0 0 0 0 0 0 0 0 0 0 0 0 0 0 0 0 0 0 0 0 0 0 0 0 0 0 0 0 0 0 0 0 0 0 0 0 0 0 0 0 0 0 0 0 0 0 0 0 0 0 0 0 0 0 0 0 0 0 0 0 0 0 0 0 0 0 0 0 0 0 0 0 0 0 0 0 0 0 0 0 0 0 0 0 0 0 0 0 0 0 0 0 0 0 0 0 0 0 0 0 0 0 0 0 0 0 0 0 0 0
 0 0 0 0 0 0 0 0 0 0 0 0 0 0 0 0 0 0 0 0 0 0 0 0 0 0 0 0 0 0 0 0 0 0 0 0 0 0 0 0 0 0 0 0 0 0 0 0 0 0 0 0 0 0 0 0 0 0 0 0 0 0 0 0 0 0 0 0 0 0 0 0 0 0 0 0 0 0 0 0 0 0 0 0 0 0 0 0 0 0 0 0 0 0 0 0 0 0 0 0 0 0 0 0 0 0 0 0 0 0 0 0 0 0 0 0 0 0 0 0 0 0 0 0 0 0 0 0 0 0 0 0 0 0 0 0 0 0 0 0 0 0 0 0 0 0 0 0 0 0 0 0 0 0 0 0 0 0 0 0 0 0 0 0 0 0 0 0 0 0 0 0 0 0 0 0 0 0 0 0 0 0 0 0 0 0 0 0 0 0 0 0 0 0 0 0 0 0 0 0 0 0 0 0 0 0 0 0 0 0 0 0 0 0 0 0 0 0 0 0 0 0 0 0 0 0 0 0 0 0 0 0 0 0 0 0 0 0 0 0 0 0 0 0 0 0 0 0 0 0 0 0 0 0 0 0 0 0 0 0 0 0 0 0 0 0 0 0 0 0 0 0 0 0 0 0 0 0 0 0 0 0 0 0 0 0 0 0 0 0 0 0 0 0 0 0 0 0 0 0 0 0 0 0 0 0 0 0 0 0 0 0 0 0 0 0 0 0 0 0 0 0 0 0 0 0 0 0 0 0 0 0 0 0 0 0 0 0 0 0 0 0 0 0 0 0 0 0 0 0 0 0 0 0 0 0 0 0 0 0 0 0 0 0 0 0 0 0 0 0 0 0 0 0 0 0 0 0 0 0 0 0 0 0 0 0 0 0 0 0 0 0 0 0 0 0 0 0 0 0 0 0 0 0 0 0 0 0 0 0 0 0 0 0 0 0 0 0 0 0 0 0 0 0 0 0 0 0 0 0 0 0 0 0 0 0 0 0 0 0 0 0 0 0 0 0 0 0 0 0 0 0 0 0 0 0 0 0 0 0 0 0 0 0 0 0 0 0 0 0 0 0 0 0 0 0 0 0 0 0 0 0 0 0 0 0 0 0 0 0 0 0 0 0 0 0 0 0 0 0 0 0 0 0 0 0 0 0 0 0 0 0 0 0 0 0 0 0 0 0 0 0 0 0 0 0 0 0 0 0 0 0 0 0 0 0 0 0 0 0 0 0 0 0 0 0 0 0 0 0 0 0 0 0 0 0 0 0 0 0 0 0 0 0 0 0 0 0 0 0 0 0 0 0 0 0 0 0 0 0 0 0 0 0 0 0 0 0 0 0 0 0 0 0 0 0 0 0 0 0
 0 0 0 0 0 0 0 0 0 0 0 0 0 0 0 0 0 0 0 0 0 0 0 0 0 0 0 0 0 0 0 0 0 0 0 0 0 0 0 0 0 0 0 0 0 0 0 0 0 0 0 0 0 0 0 0 0 0 0 0 0 0 0 0 0 0 0 0 0 0 0 0 0 0 0 0 0 0 0 0 0 0 0 0 0 0 0 0 0 0 0 0 0 0 0 0 0 0 0 0 0 0 0 0 0 0 0 0 0 0 0 0 0 0 0 0 0 0 0 0 0 0 0 0 0 0 0 0 0 0 0 0 0 0 0 0 0 0 0 0 0 0 0 0 0 0 0 0 0 0 0 0 0 0 0 0 0 0 0 0 0 0 0 0 0 0 0 0 0 0 0 0 0 0 0 0 0 0 0 0 0 0 0 0 0 0 0 0 0 0 0 0 0 0 0 0 0 0 0 0 0 0 0 0 0 0 0 0 0 0 0 0 0 0 0 0 0 0 0 0 0 0 0 0 0 0 0 0 0 0 0 0 0 0 0 0 0 0 0 0 0 0 0 0 0 0 0 0 0 0 0 0 0 0 0 0 0 0 0 0 0 0 0 0 0 0 0 0 0 0 0 0 0 0 0 0 0 0 0 0 0 0 0 0 0 0 0 0 0 0 0 0 0 0 0 0 0 0 0 0 0 0 0 0 0 0 0 0 0 0 0 0 0 0 0 0 0 0 0 0 0 0 0 0 0 0 0 0 0 0 0 0 0 0 0 0 0 0 0 0 0 0 0 0 0 0 0 0 0 0 0 0 0 0 0 0 0 0 0 0 0 0 0 0 0 0 0 0 0 0 0 0 0 0 0 0 0 0 0 0 0 0 0 0 0 0 0 0 0 0 0 0 0 0 0 0 0 0 0 0 0 0 0 0 0 0 0 0 0 0 0 0 0 0 0 0 0 0 0 0 0 0 0 0 0 0 0 0 0 0 0 0 0 0 0 0 0 0 0 0 0 0 0 0 0 0 0 0 0 0 0 0 0 0 0 0 0 0 0 0 0 0 0 0 0 0 0 0 0 0 0 0 0 0 0 0 0 0 0 0 0 0 0 0 0 0 0 0 0 0 0 0 0 0 0 0 0 0 0 0 0 0 0 0 0 0 0 0 0 0 0 0 0 0 0 0 0 0 0 0 0 0 0 0 0 0 0 0 0 0 0 0 0 0 0 0 0 0 0 0 0 0 0 0 0 0 0 0 0 0 0 0 0 0 0 0 0 0 0 0 0 0 0 0 0 0 0 0 0 0 0 0 0 0 0 0 0 0 0 0 0 0 0 0 0 0 0 0 0 0 0 0 0 0 0 0 0 0 0 0
 0 0 0 0 0 0 0 0 0 0 0 0 0 0 0 0 0 0 0 0 0 0 0 0 0 0 0 0 0 0 0 0 0 0 0 0 0 0 0 0 0 0 0 0 0 0 0 0 0 0 0 0 0 0 0 0 0 0 0 0 0 0 0 0 0 0 0 0 0 0 0 0 0 0 0 0 0 0 0 0 0 0 0 0 0 0 0 0 0 0 0 0 0 0 0 0 0 0 0 0 0 0 0 0 0 0 0 0 0 0 0 0 0 0 0 0 0 0 0 0 0 0 0 0 0 0 0 0 0 0 0 0 0 0 0 0 0 0 0 0 0 0 0 0 0 0 0 0 0 0 0 0 0 0 0 0 0 0 0 0 0 0 0 0 0 0 0 0 0 0 0 0 0 0 0 0 0 0 0 0 0 0 0 0 0 0 0 0 0 0 0 0 0 0 0 0 0 0 0 0 0 0 0 0 0 0 0 0 0 0 0 0 0 0 0 0 0 0 0 0 0 0 0 0 0 0 0 0 0 0 0 0 0 0 0 0 0 0 0 0 0 0 0 0 0 0 0 0 0 0 0 0 0 0 0 0 0 0 0 0 0 0 0 0 0 0 0 0 0 0 0 0 0 0 0 0 0 0 0 0 0 0 0 0 0 0 0 0 0 0 0 0 0 0 0 0 0 0 0 0 0 0.0001443375076632947 0.0006936956197023392 0.001601028488948941 0.002832223894074559 0.004342775326222181 0.006098482757806778 0.008089674636721611 0.01028634421527386 0.01270675845444202 0.01537058968096972 0.01826261356472969 0.02138780802488327 0.02471847273409367 0.02821544371545315 0.03183349967002869 0.03555931150913239 0.03937634825706482 0.04328807443380356 0.04728208854794502 0.05137794464826584 0.05558376759290695 0.05990787595510483 0.06435879319906235 0.06891287863254547 0.07358255237340927 0.07836657762527466 0.08327161520719528 0.08824590593576431 0.0932803750038147 0.09837145358324051 0.103517509996891 0.108701229095459 0.1139127835631371 0.1191503927111626 0.1243908852338791 0.12816222012043 0.1295703649520874 0.1280232071876526 0.1231629624962807 0.1170048117637634 0.1111545711755753 0.1055968403816223 0.1003170013427734 0.09530115127563477 0.09053609520196915 0.08600929379463196 0.08170882612466812 0.07762338221073151 0.07374221086502075 0.07005509734153748 0.06655234098434448 0.06322472542524338 0.06006348878145218 0.05706031620502472 0.05420729890465736 0.05149693414568901 0.0489220879971981 0.04647598415613174 0.04415218532085419 0.04194457456469536 0.03984734416007996 0.03785497695207596 0.03596222773194313 0.03416411578655243 0.03245590999722481 0.03083311393857002 0.02929145842790604 0.02782688476145267 0.02643554098904133 0.02511376328766346 0.0238580759614706 0.02266517281532288 0.02153191342949867 0.02045531757175922 0.01943255215883255 0.01846092380583286 0.01753787696361542 0.01666098274290562 0.01582793332636356 0.01503653638064861 0.01428470946848392 0.01357047446072102 0.01289195101708174 0.01224735379219055 0.01163498591631651 0.01105323620140553 0.01050057448446751 0.009975546039640903 0.009476768784224987 0.009002930484712124 0.008552784100174904 0.008125144988298416 0.007718887645751238 0.007332943379878998 0.00696629611775279 0.006617981474846601 0.006287082564085722 0.005972728598862886 0.005674092099070549 0.005390387494117022 0.00512086832895875 0.004864824935793877 0.004621583502739668 0.004390504211187363 0.004170978907495737 0.00396243017166853 0.00376430875621736 0.003576093353331089 0.003397288732230663 0.003227424342185259 0.00306605314835906 0.002912750467658043 0.002767113037407398 0.002628757385537028 0.002497319597750902 0.00237245368771255 0.002253830898553133 0.002141139470040798 0.002034082543104887 0.001932378392666578 0.001835759496316314 0.001743971486575902 0.001656772918067873 0.001573934219777584 0.001495237462222576 0.001420475542545319 0.001349451718851924 0.00128197914455086 0.001217880169861019 0.001156986108981073 0.001099136774428189 0.001044179894961417 0.0009919708827510476 0.0009423723677173257 0.0008952537318691611 0.0008504910510964692 0.0008079665130935609 0.0007675681845284998 0.0007291897782124579 0.0006927303038537502 0.0006580937770195305 0.0006251891027204692 0.0005939296679571271 0.0005642331670969725 0.0005360214854590595 0.0005092204082757235 0.0004837593878619373 0.0004595714271999896 0.0004365928471088409 0.0004147631989326328 0.0003940250317100435 0.0003743237757589668 0.0003556075971573591 0.0003378272231202573 0.0003209358546882868 0.0003048890503123403 0.0002896446094382554 0.000275162368780002 0.0002614042605273426 0.0002483340504113585 0.0002359173522563651 0.0002241214824607596 0.0002129154017893597 0.000202269628061913 0.0001921561488416046 0.0001825483341235667 0.000173420921782963 0.000164749872055836 0.000156512382091023 0.0001486867695348337 0.0001412524288753048 0.0001341898023383692 0.0001274803071282804 0.0001211062917718664 0.0001150509779108688 0.0001092984311981127 0.0001038335103658028 9.864183812169358e-05 9.370974294142798e-05 8.90242590685375e-05 8.457304647890851e-05 8.034439088078216e-05 7.632717461092398e-05 7.251081842696294e-05 6.888527423143387e-05 6.544101051986217e-05 6.216896144906059e-05 5.906051228521392e-05 5.610748485196382e-05 5.330211206455715e-05 5.063700518803671e-05 4.810515383724123e-05 4.569989687297493e-05 4.341490057413466e-05 4.124415499973111e-05 3.918194852303714e-05 3.722284964169376e-05 3.536170697771013e-05 3.35936201736331e-05 3.191393989254721e-05 3.031824235222302e-05 2.880232932511717e-05 2.736221358645707e-05 2.599410254333634e-05 2.469439823471475e-05 2.345967914152425e-05 2.228669472970068e-05 2.117235999321565e-05 2.011374272115063e-05 1.910805622173939e-05 1.815265386539977e-05 1.724502180877607e-05 1.638276989979204e-05 1.556363167765085e-05 1.478544982091989e-05 1.404617705702549e-05 1.334386797680054e-05 1.267667448701104e-05 1.204284035338787e-05 1.144069847214269e-05 1.086866359401029e-05 1.032523050525924e-05 9.808968570723664e-06 9.318519914813805e-06 8.85259396454785e-06 8.409964721067809e-06 7.989466212166008e-06 7.589992947032442e-06 7.210493095044512e-06 6.849968485767022e-06 6.507470061478671e-06 6.182096512930002e-06 5.872991550859297e-06 5.57934208700317e-06 5.300375050865114e-06 5.035356480220798e-06 4.783588792633964e-06 4.544409421214368e-06 4.317188995628385e-06 4.101329523109598e-06 2.005681562877726e-05 0.0002251908299513161 0.0006025854963809252 0.001145473681390285 0.001840910874307156 0.002670798916369677 0.003630754770711064 0.004710143897682428 0.005903493147343397 0.007198418490588665 0.008576746098697186 0.01003828644752502 0.01158234663307667 0.01320874691009521 0.01491660811007023 0.01670775003731251 0.0185786560177803 0.02052187547087669 0.02252965234220028 0.02457761764526367 0.02664002031087875 0.02871549874544144 0.03081106580793858 0.03292808309197426 0.03505358844995499 0.03718460351228714 0.03931986168026924 0.04146422818303108 0.04362066090106964 0.04578911885619164 0.04796801134943962 0.05014586076140404 0.05232112482190132 0.05449554324150085 0.05666494742035866 0.05882497876882553 0.06097811087965965 0.06312631070613861 0.06527519226074219 0.06742448359727859 0.06957314163446426 0.0717243030667305 0.07387929409742355 0.07602722942829132 0.07817032933235168 0.07955752313137054 0.0795028954744339 0.07758459448814392 0.07370536774396896 0.07002010196447372 0.06651909649372101 0.06319314241409302 0.06003348529338837 0.05703181028366089 0.05418021976947784 0.05147120729088783 0.0488976463675499 0.04645276442170143 0.04413012787699699
 0 0 0 0 0 0 0 0 0 0 0 0 0 0 0 0 0 0 0 0 0 0 0 0 0 0 0 0 0 0 0 0 0 0 0 0 0 0 0 0 0 0 0 0 0 0 0 0 0 0 0 0 0 0 0 0 0 0 0 0 0 0 0 0 0 0 0 0 0 0 0 0 0 0 0 0 0 0 0 0 0 0 0 0 0 0 0 0 0 0 0 0 0 0 0 0 0 0 0 0 0 0 0 0 0 0 0 0 0 0 0 0 0 0 0 0 0 0 0 0 0 0 0 0 0 0 0 0 0 0 0 0 0 0 0 0 0 0 0 0 0 0 0 0 0 0 0 0 0 0 0 0 0 0 0 0 0 0 0 0 0 0 0 0 0 0 0 0 0 0 0 0 0 0 0 0 0 0 0 0 0 0 0 0 0 0 0 0 0 0 0 0 0 0 0 0 0 0 0 0 0 0 0 0 0 0 0 0 0 0 0 0 0 0 0 0 0 0 0 0 0 0 0 0 0 0 0 0 0 0 0 0 0 0 0 0 0 0 0 0 0 0 0 0 0 0 0 0 0 0 0 0 0 0 0 0 0 0 0 0 0 0 0 0 0 0 0 0 0 0 0 0 0 0 0 0 0 0 0 0 0 0 0 0 0 0 0 0 0 0 0 0 0 0 0 0 0 0 0 0 0 0 0 0 0 0 0 0 0 0 0 0 0 0 0 0 0 0 0 0 0 0 0 0 0 0 0 0 0 0 0 0 0 0 0 0 0 0 0 0 0 0 0 0 0 0 0 0 0 0 0 0 0 0 0 0 0 0 0 0 0 0 0 0 0 0 0 0 0 0 0 0 0 0 0 0 0 0 0 0 0 0 0 0 0 0 0 0 0 0 0 0 0 0 0 0 0 0 0 0 0 0 0 0 0 0 0 0 0 0 0 0 0 0 0 0 0 0 0 0 0 0 0 0 0 0 0 0 0 0 0 0 0 0 0 0 0 0 0 0 0 0 0 0 0 0 0 0 0 0 0 0 0 0 0 0 0 0 0 0 0 0 0 0 0 0 0 0 0 0 0 0 0 0 0 0 0 0 0 0 0 0 0 0 0 0 0 0 0 0 0 0 0 0 0 0 0 0 0 0 0 0 0 0 0 0 0 0 0 0 0 0 0 0 0 0 0 0 0 0 0 0 0 0 0 0 0 0 0 0 0 0 0 0 0 0 0 0 0 0 0 0 0 0 0 0 0 0 0 0 0 0 0 0 0 0 0 0 0 0 0 0 0 0 0 0 0 0 0 0 0 0 0 0 0 0 0 0 0 0 0 0 0 0 0 0 0 0 0 0 0 0 0 0 0 0 0 0 0 0
 0 0 0 0 0 0 0 0 0 0 0 0 0 0 0 0 0 0 0 0 0 0 0 0 0 0 0 0 0 0 0 0 0 0 0 0 0 0 0 0 0 0 0 0 0 0 0 0 0 0 0 0 0 0 0 0 0 0 0 0 0 0 0 0 0 0 0 0 0 0 0 0 0 0 0 0 0 0 0 0 0 0 0 0 0 0 0 0 0 0 0 0 0 0 0 0 0 0 0 0 0 0 0 0 0 0 0 0 0 0 0 0 0 0 0 0 0 0 0 0 0 0 0 0 0 0 0 0 0 0 0 0 0 0 0 0 0 0 0 0 0 0 0 0 0 0 0 0 0 0 0 0 0 0 0 0 0 0 0 0 0 0 0 0 0 0 0 0 0 0 0 0 0 0 0 0 0 0 0 0 0 0 0 0 0 0 0 0 0 0 0 0 0 0 0 0 0 0 0 0 0 0 0 0 0 0 0 0 0 0 0 0 0 0 0 0 0 0 0 0 0 0 0 0 0 0 0 0 0 0 0 0 0 0 0 0 0 0 0 0 0 0 0 0 0 0 0 0 0 0 0 0 0 0 0 0 0 0 0 0 0 0 0 0 0 0 0 0 0 0 0 0 0 0 0 0 0 0 0 0 0 0 0 0 0 0 0 0 0 0 0 0 0 0 0 0 0 0 0 0 0 0 0 0 0 0 0 0 0 0 0 0 0 0 0 0 0 0 0 0 0 0 0 0 0 0 0 0 0 0 0 0 0 0 0 0 0 0 0 0 0 0 0 0 0 0 0 0 0 0 0 0 0 0 0 0 0 0 0 0 0 0 0 0 0 0 0 0 0 0 0 0 0 0 0 0 0 0 0 0 0 0 0 0 0 0 0 0 0 0 0 0 0 0 0 0 0 0 0 0 0 0 0 0 0 0 0 0 0 0 0 0 0 0 0 0 0 0 0 0 0 0 0 0 0 0 0 0 0 0 0 0 0 0 0 0 0 0 0 0 0 0 0 0 0 0 0 0 0 0 0 0 0 0 0 0 0 0 0 0 0 0 0 0 0 0 0 0 0 0 0 0 0 0 0 0 0 0 0 0 0 0 0 0 0 0 0 0 0 0 0 0 0 0 0 0 0 0 0 0 0 0 0 0 0 0 0 0 0 0 0 0 0 0 0 0 0 0 0 0 0 0 0 0 0 0 0 0 0 0 0 0 0 0 0 0 0 0 0 0 0 0 0 0 0 0 0 0 0 0 0 0 0 0 0 0 0 0 0 0 0 0 0 0 0 0 0 0 0 0 0 0 0 0 0 0 0 0 0 0 0 0 0 0 0 0 0 0 0 0 0 0 0 0 0 0 0 0 0 0


# name: r_0_m8_G0_L0p3_D0p7
# type: matrix
# rows: 1
# columns: 14
 0 -8 0.2 0 0.3 0 -3.251181666666668 0 0 0.06978235576896685 0 137.8333333333333 0.408248290463863 0.7




