# Created by Octave 3.8.2, Wed Jul 05 10:40:01 2017 BST <co1ssj@node117>
# name: result
# type: scalar struct
# ndims: 2
 1 1
# length: 3
# name: params
# type: scalar struct
# ndims: 2
 1 1
# length: 18
# name: cleanup
# type: scalar
0


# name: num_runs
# type: scalar
6


# name: dopamine
# type: scalar
0.7


# name: targetCross
# type: scalar
1


# name: targetLuminance
# type: scalar
0.3


# name: targetWidthX
# type: scalar
6


# name: targetWidthY
# type: scalar
2


# name: fixCross
# type: scalar
1


# name: fixLuminance
# type: scalar
0.2


# name: fixWidthX
# type: scalar
6


# name: fixWidthY
# type: scalar
2


# name: fixOn
# type: scalar
0


# name: targetOff
# type: scalar
1


# name: targetOn
# type: scalar
0.2


# name: fixOff
# type: scalar
0.2


# name: targetThetaX
# type: scalar
0


# name: targetThetaY
# type: scalar
-7


# name: exptnum
# type: scalar
0




# name: r_0_m7_G0_L0p3_D0p7_llbn
# type: matrix
# rows: 24
# columns: 600
 0 0 0 0 0 0 0 0 0 0 0 0 0 0 0 0 0 0 0 0 0 0 0 0 0 0 0 0 0 0 0 0 0 0 0 0 0 0 0 0 0 0 0 0 0 0 0 0 0 0 0 0 0 0 0 0 0 0 0 0 0 0 0 0 0 0 0 0 0 0 0 0 0 0 0 0 0 0 0 0 0 0 0 0 0 0 0 0 0 0 0 0 0 0 0 0 0 0 0 0 0 0 0 0 0 0 0 0 0 0 0 0 0 0 0 0 0 0 0 0 0 0 0 0 0 0 0 0 0 0 0 0 0 0 0 0 0 0 0 0 0 0 0 0 0 0 0 0 0 0 0 0 0 0 0 0 0 0 0 0 0 0 0 0 0 0 0 0 0 0 0 0 0 0 0 0 0 0 0 0 0 0 0 0 0 0 0 0 0 0 0 0 0 0 0 0 0 0 0 0 0 0 0 0 0 0 0 0 0 0 0 0 0 0 0 0 0 0 0 0 0 0 0 0 0 0 0 0 0 0 0 0 0 0 0 0 0 0 0 0 0 0 0 0 0 0 0 0 0 0 0 0 0 0 0 0 0 0 0 0 0 0 0 0 0 0 0 0 0 0 0 0 0 0 0 0 0 0 0 0 0 0 0 0 0 0 0 0 0 0 0 0 0 0 0 0 0 0 0 0 0 0 0 0 0 0 0 0 0 0 0 0 0 0 0 0 0 0 0 0 0 0 0 0 0 0 0 0 0 0 0 0 0 0 0 0 0 0 0 0 0 0 0 0 0 0 0 0 0 0 0 0 0 0 0 0 0 0 0 0 0 0 0 0 0 0 0 0 0 0 0 0 0 0 0 0 0 0 0 0 0 0 0 0 0 0 0 0 0 0 0 0 0 0 0 0 0 0 0 0 0 0 0 0 0 0 0 0 0 0 0 0 0 0 0 0 0 0 0 0 0 0 0 0 0 0 0 0 0 0 0 0 0 0 0 0 0 0 0 0 0 0 0 0 0 0 0 0 0 0 0 0 0 0 0 0 0 0 0 0 0 0 0 0 0 0 0 0 0 0 0 0 0 0 0 0 0 0 0 0 0 0 0 0 0 0 0 0 0 0 0 0 0 0 0 0 0 0 0 0 0 0 0 0 0 0 0 0 0 0 0 0 0 0 0 0 0 0 0 0 0 0 0 0 0 0 0 0 0 0 0 0 0 0 0 0 0 0 0 0 0 0 0 0 0 0 0 0 0 0 0 0 0 0 0 0 0 0 0 0 0 0 0 0 0 0 0 0 0 0 0 0 0 0 0 0 0 0 0 0 0 0 0 0 0 0 0 0 0 0 0 0 0 0 0 0 0 0 0 0
 0 0 0 0 0 0 0 0 0 0 0 0 0 0 0 0 0 0 0 0 0 0 0 0 0 0 0 0 0 0 0 0 0 0 0 0 0 0 0 0 0 0 0 0 0 0 0 0 0 0 0 0 0 0 0 0 0 0 0 0 0 0 0 0 0 0 0 0 0 0 0 0 0 0 0 0 0 0 0 0 0 0 0 0 0 0 0 0 0 0 0 0 0 0 0 0 0 0 0 0 0 0 0 0 0 0 0 0 0 0 0 0 0 0 0 0 0 0 0 0 0 0 0 0 0 0 0 0 0 0 0 0 0 0 0 0 0 0 0 0 0 0 0 0 0 0 0 0 0 0 0 0 0 0 0 0 0 0 0 0 0 0 0 0 0 0 0 0 0 0 0 0 0 0 0 0 0 0 0 0 0 0 0 0 0 0 0 0 0 0 0 0 0 0 0 0 0 0 0 0 0 0 0 0 0 0 0 0 0 0 0 0 0 0 0 0 0 0 0 0 0 0 0 0 0 0 0 0 0 0 0 0 0 0 0 0 0 0 0 0 0 0 0 0 0 0 0 0 0 0 0 0 0 0 0 0 0 0 0 0 0 0 0 0 0 0 0 0 0 0 0 0 0 0 0 0 0 0 0 0 0 0 0 0 0 0 0 0 0 0 0 0 0 0 0 0 0 0 0 0 0 0 0 0 0 0 0 0 0 0 0 0 0 0 0 0 0 0 0 0 0 0 5.454042366181966e-06 0.0003686195996124297 0.001081832451745868 0.002161072567105293 0.003599402960389853 0.005376053974032402 0.00745713384822011 0.009840316139161587 0.01249509304761887 0.01537750754505396 0.01848537474870682 0.02177947014570236 0.02522984705865383 0.02884397283196449 0.03263908624649048 0.03658400475978851 0.04065142571926117 0.04485771805047989 0.04920820891857147 0.05371938645839691 0.05839239060878754 0.06319031864404678 0.06806796044111252 0.07302402704954147 0.07807757705450058 0.08319319039583206 0.08834991604089737 0.09355534613132477 0.09878718107938766 0.1040328964591026 0.1092920899391174 0.1145739778876305 0.1198736280202866 0.1251970827579498 0.1299385726451874 0.1328275352716446 0.1330264359712601 0.1300170719623566 0.1235162168741226 0.1173404082655907 0.1114733889698982 0.1058997213840485 0.100604735314846 0.09557449817657471 0.09079577028751373 0.08625598251819611 0.08194318413734436 0.07784602791070938 0.07395372539758682 0.07025603950023651 0.06674323976039886 0.0634060800075531 0.06023577600717545 0.05722398683428764 0.05436278879642487 0.05164464935660362 0.04906241595745087 0.0466092936694622 0.0442788302898407 0.04206489026546478 0.03996164724230766 0.03796356543898582 0.03606538847088814 0.03426212072372437 0.03254901617765427 0.03092156536877155 0.02937548793852329 0.02790671400725842 0.02651137858629227 0.02518581040203571 0.02392652072012424 0.02273019403219223 0.02159368433058262 0.02051400020718575 0.01948830112814903 0.0185138862580061 0.01758819259703159 0.01670878380537033 0.01587334461510181 0.01507967710494995 0.01432569324970245 0.01360940840095282 0.01292893756181002 0.01228249073028564 0.01166836638003588 0.01108494773507118 0.01053069997578859 0.01000416465103626 0.009503956884145737 0.009028758853673935 0.008577320724725723 0.008148455061018467 0.007741032168269157 0.0073539805598557 0.006986281368881464 0.006636967416852713 0.006305119022727013 0.005989863071590662 0.005690369755029678 0.005405851174145937 0.005135558545589447 0.00487878080457449 0.004634841810911894 0.00440309988334775 0.004182945005595684 0.003973797895014286 0.003775107907131314 0.003586352569982409 0.003407035022974014 0.003236683318391442 0.00307484925724566 0.00292110675945878 0.002775051398202777 0.002636298770084977 0.002504483796656132 0.002379259560257196 0.002260296605527401 0.002147281775251031 0.00203991774469614 0.001937921857461333 0.001841025776229799 0.001748974435031414 0.001661525689996779 0.001578449388034642 0.001499526901170611 0.001424550544470549 0.001353322993963957 0.001285656820982695 0.001221374026499689 0.001160305342637002 0.001102290116250515 0.001047175610437989 0.0009948168881237507 0.0009450760553590953 0.0008978222613222897 0.0008529311744496226 0.0008102846331894398 0.0007697704131715 0.0007312818779610097 0.0006947178044356406 0.0006599819171242416 0.0006269828299991786 0.0005956336972303689 0.0005658520385622978 0.0005375594482757151 0.0005106814787723124 0.0004851474077440798 0.0004608900344464928 0.0004378455341793597 0.0004159532545600086 0.0003951555991079658 0.0003753978235181421 0.0003566279192455113 0.0003387965261936188 0.0003218566998839378 0.0003057638532482088 0.0002904756693169475 0.0002759518974926323 0.000262154295342043 0.0002490465703886002 0.0002365942345932126 0.0002247645170427859 0.0002135262911906466 0.0002028499729931355 0.0001927074772538617 0.0001830721012083814 0.0001739184954203665 0.0001652225764701143 0.0001569614541949704 0.0001491133880335838 0.00014165771426633 0.0001345748314633965 0.0001278460840694606 0.0001214537769556046 0.0001153810881078243 0.0001096120322472416 0.0001041314317262731 9.892485832097009e-05 9.397861867910251e-05 8.927968883654103e-05 8.481570694129914e-05 8.057492232182994e-05 7.654617365915328e-05 7.27188671589829e-05 6.908292562002316e-05 6.562878115801141e-05 6.234733882592991e-05 5.922997297602706e-05 5.626847269013524e-05 5.345504905562848e-05 5.078229514765553e-05 4.824317875318229e-05 4.583102054311894e-05 4.353946860646829e-05 4.136249481234699e-05 3.929436934413388e-05 3.732964978553355e-05 3.546316656866111e-05 3.369000842212699e-05 3.20055078191217e-05 3.04052318824688e-05 2.888496965169907e-05 2.744072116911411e-05 2.606868474686053e-05 2.476524969097227e-05 2.352698720642366e-05 2.235063766420353e-05 2.123310514434706e-05 2.017145015997812e-05 1.916287692438345e-05 1.820473335101269e-05 1.729449650156312e-05 1.642977076699026e-05 1.560828241053969e-05 1.482786865381058e-05 1.408647494827164e-05 1.338215133728227e-05 1.271304336114554e-05 1.207739114761353e-05 1.147352122643497e-05 1.089984471036587e-05 1.035485274769599e-05 9.837110155785922e-06 9.345254511572421e-06 8.877991604094859e-06 8.434091796516441e-06 8.012387297640089e-06 7.61176806918229e-06 7.231179552036338e-06 6.86962039253558e-06 6.526139259221964e-06 6.199832114361925e-06 5.889840394956991e-06 5.595348284259671e-06 5.315580892784055e-06 5.049801984569058e-06 4.797311703441665e-06 4.557446118269581e-06 4.329574039729778e-06 4.113095201319084e-06 3.907440259354189e-06 3.712068291861215e-06 3.526464979586308e-06 3.350141696500941e-06 3.18263460030721e-06 3.023502813448431e-06 2.872327740988112e-06 2.728711251620553e-06 2.592275677670841e-06 2.462661996105453e-06 2.339528919037548e-06 2.222552438979619e-06 2.111424919348792e-06 2.005853730224771e-06 1.905561020976165e-06 1.810282924452622e-06 1.719768761176965e-06 1.633780357224168e-06 1.552091362100327e-06 1.474486793995311e-06 1.400762471348571e-06 1.330724330728117e-06 1.264188085770002e-06 1.200978658744134e-06 1.140929725806927e-06 1.083883262253948e-06 1.029689087772567e-06 9.782046390682808e-07 9.292944014305249e-07 8.828296813589986e-07 8.386882086597325e-07 7.967537953845749e-07 7.569161084575171e-07 7.190703286141797e-07 6.831168093412998e-07 6.489609631898929e-07 6.165129207147402e-07 5.856873031007126e-07
 0 0 0 0 0 0 0 0 0 0 0 0 0 0 0 0 0 0 0 0 0 0 0 0 0 0 0 0 0 0 0 0 0 0 0 0 0 0 0 0 0 0 0 0 0 0 0 0 0 0 0 0 0 0 0 0 0 0 0 0 0 0 0 0 0 0 0 0 0 0 0 0 0 0 0 0 0 0 0 0 0 0 0 0 0 0 0 0 0 0 0 0 0 0 0 0 0 0 0 0 0 0 0 0 0 0 0 0 0 0 0 0 0 0 0 0 0 0 0 0 0 0 0 0 0 0 0 0 0 0 0 0 0 0 0 0 0 0 0 0 0 0 0 0 0 0 0 0 0 0 0 0 0 0 0 0 0 0 0 0 0 0 0 0 0 0 0 0 0 0 0 0 0 0 0 0 0 0 0 0 0 0 0 0 0 0 0 0 0 0 0 0 0 0 0 0 0 0 0 0 0 0 0 0 0 0 0 0 0 0 0 0 0 0 0 0 0 0 0 0 0 0 0 0 0 0 0 0 0 0 0 0 0 0 0 0 0 0 0 0 0 0 0 0 0 0 0 0 0 0 0 0 0 0 0 0 0 0 0 0 0 0 0 0 0 0 0 0 0 0 0 0 0 0 0 0 0 0 0 0 0 0 0 0 0 0 0 0 0 0 0 0 0 0 0 0 0 0 0 0 0 0 0 0 0 0 0 0 0 0 0 0 0 0 0 0 0 0 0 0 0 0 0 0 0 0 0 0 0 0 0 0 0 0 0 0 0 0 0 0 0 0 0 0 0 0 0 0 0 0 0 0 0 0 0 0 0 0 0 0 0 0 0 0 0 0 0 0 0 0 0 0 0 0 0 0 0 0 0 0 0 0 0 0 0 0 0 0 0 0 0 0 0 0 0 0 0 0 0 0 0 0 0 0 0 0 0 0 0 0 0 0 0 0 0 0 0 0 0 0 0 0 0 0 0 0 0 0 0 0 0 0 0 0 0 0 0 0 0 0 0 0 0 0 0 0 0 0 0 0 0 0 0 0 0 0 0 0 0 0 0 0 0 0 0 0 0 0 0 0 0 0 0 0 0 0 0 0 0 0 0 0 0 0 0 0 0 0 0 0 0 0 0 0 0 0 0 0 0 0 0 0 0 0 0 0 0 0 0 0 0 0 0 0 0 0 0 0 0 0 0 0 0 0 0 0 0 0 0 0 0 0 0 0 0 0 0 0 0 0 0 0 0 0 0 0 0 0 0 0 0 0 0 0 0 0 0 0 0 0 0 0 0 0 0 0 0 0 0 0 0 0 0 0 0 0 0 0 0 0 0 0 0 0 0 0 0 0 0 0 0 0 0 0 0 0 0 0 0 0
 0 0 0 0 0 0 0 0 0 0 0 0 0 0 0 0 0 0 0 0 0 0 0 0 0 0 0 0 0 0 0 0 0 0 0 0 0 0 0 0 0 0 0 0 0 0 0 0 0 0 0 0 0 0 0 0 0 0 0 0 0 0 0 0 0 0 0 0 0 0 0 0 0 0 0 0 0 0 0 0 0 0 0 0 0 0 0 0 0 0 0 0 0 0 0 0 0 0 0 0 0 0 0 0 0 0 0 0 0 0 0 0 0 0 0 0 0 0 0 0 0 0 0 0 0 0 0 0 0 0 0 0 0 0 0 0 0 0 0 0 0 0 0 0 0 0 0 0 0 0 0 0 0 0 0 0 0 0 0 0 0 0 0 0 0 0 0 0 0 0 0 0 0 0 0 0 0 0 0 0 0 0 0 0 0 0 0 0 0 0 0 0 0 0 0 0 0 0 0 0 0 0 0 0 0 0 0 0 0 0 0 0 0 0 0 0 0 0 0 0 0 0 0 0 0 0 0 0 0 0 0 0 0 0 0 0 0 0 0 0 0 0 0 0 0 0 0 0 0 0 0 0 0 0 0 0 0 0 0 0 0 0 0 0 0 0 0 0 0 0 0 0 0 0 0 0 0 0 0 0 0 0 0 0 0 0 0 0 0 0 0 0 0 0 0 0 0 0 0 0 0 0 0 0 0 0 0 0 0 0 0 0 0 0 0 0 0 0 0 0 0 0 0 0 0 0 0 0 0 0 0 0 0 0 0 0 0 0 0 0 0 0 0 0 0 0 0 0 0 0 0 0 0 0 0 0 0 0 0 0 0 0 0 0 0 0 0 0 0 0 0 0 0 0 0 0 0 0 0 0 0 0 0 0 0 0 0 0 0 0 0 0 0 0 0 0 0 0 0 0 0 0 0 0 0 0 0 0 0 0 0 0 0 0 0 0 0 0 0 0 0 0 0 0 0 0 0 0 0 0 0 0 0 0 0 0 0 0 0 0 0 0 0 0 0 0 0 0 0 0 0 0 0 0 0 0 0 0 0 0 0 0 0 0 0 0 0 0 0 0 0 0 0 0 0 0 0 0 0 0 0 0 0 0 0 0 0 0 0 0 0 0 0 0 0 0 0 0 0 0 0 0 0 0 0 0 0 0 0 0 0 0 0 0 0 0 0 0 0 0 0 0 0 0 0 0 0 0 0 0 0 0 0 0 0 0 0 0 0 0 0 0 0 0 0 0 0 0 0 0 0 0 0 0 0 0 0 0 0 0 0 0 0 0 0 0 0 0 0 0 0 0 0 0 0 0 0 0 0 0 0 0 0 0 0 0 0 0 0 0 0 0 0 0 0 0 0 0 0 0
 0 0 0 0 0 0 0 0 0 0 0 0 0 0 0 0 0 0 0 0 0 0 0 0 0 0 0 0 0 0 0 0 0 0 0 0 0 0 0 0 0 0 0 0 0 0 0 0 0 0 0 0 0 0 0 0 0 0 0 0 0 0 0 0 0 0 0 0 0 0 0 0 0 0 0 0 0 0 0 0 0 0 0 0 0 0 0 0 0 0 0 0 0 0 0 0 0 0 0 0 0 0 0 0 0 0 0 0 0 0 0 0 0 0 0 0 0 0 0 0 0 0 0 0 0 0 0 0 0 0 0 0 0 0 0 0 0 0 0 0 0 0 0 0 0 0 0 0 0 0 0 0 0 0 0 0 0 0 0 0 0 0 0 0 0 0 0 0 0 0 0 0 0 0 0 0 0 0 0 0 0 0 0 0 0 0 0 0 0 0 0 0 0 0 0 0 0 0 0 0 0 0 0 0 0 0 0 0 0 0 0 0 0 0 0 0 0 0 0 0 0 0 0 0 0 0 0 0 0 0 0 0 0 0 0 0 0 0 0 0 0 0 0 0 0 0 0 0 0 0 0 0 0 0 0 0 0 0 0 0 0 0 0 0 0 0 0 0 0 0 0 0 0 0 0 0 0 0 0 0 0 0 0 0 0 0 0 0 0 0 0 0 0 0 0 0 0 0 0 0 0 0 0 0 0 0 0 0 0 0 0 0 0 0 0 0 0 0 0 0 0 0 0 0 0 0 0 0 0 0 0 0 0 0 0 0 0 0 0 0 0 0 0 0 0 0 0 0 0 0 0 0 0 0 0 0 0 0 0 0 0 0 0 0 0 0 0 0 0 0 0 0 0 0 0 0 0 0 0 0 0 0 0 0 0 0 0 0 0 0 0 0 0 0 0 0 0 0 0 0 0 0 0 0 0 0 0 0 0 0 0 0 0 0 0 0 0 0 0 0 0 0 0 0 0 0 0 0 0 0 0 0 0 0 0 0 0 0 0 0 0 0 0 0 0 0 0 0 0 0 0 0 0 0 0 0 0 0 0 0 0 0 0 0 0 0 0 0 0 0 0 0 0 0 0 0 0 0 0 0 0 0 0 0 0 0 0 0 0 0 0 0 0 0 0 0 0 0 0 0 0 0 0 0 0 0 0 0 0 0 0 0 0 0 0 0 0 0 0 0 0 0 0 0 0 0 0 0 0 0 0 0 0 0 0 0 0 0 0 0 0 0 0 0 0 0 0 0 0 0 0 0 0 0 0 0 0 0 0 0 0 0 0 0 0 0 0 0 0 0 0 0 0 0 0 0 0 0 0 0 0 0 0 0 0 0 0 0 0 0 0 0 0 0 0 0 0 0 0 0
 0 0 0 0 0 0 0 0 0 0 0 0 0 0 0 0 0 0 0 0 0 0 0 0 0 0 0 0 0 0 0 0 0 0 0 0 0 0 0 0 0 0 0 0 0 0 0 0 0 0 0 0 0 0 0 0 0 0 0 0 0 0 0 0 0 0 0 0 0 0 0 0 0 0 0 0 0 0 0 0 0 0 0 0 0 0 0 0 0 0 0 0 0 0 0 0 0 0 0 0 0 0 0 0 0 0 0 0 0 0 0 0 0 0 0 0 0 0 0 0 0 0 0 0 0 0 0 0 0 0 0 0 0 0 0 0 0 0 0 0 0 0 0 0 0 0 0 0 0 0 0 0 0 0 0 0 0 0 0 0 0 0 0 0 0 0 0 0 0 0 0 0 0 0 0 0 0 0 0 0 0 0 0 0 0 0 0 0 0 0 0 0 0 0 0 0 0 0 0 0 0 0 0 0 0 0 0 0 0 0 0 0 0 0 0 0 0 0 0 0 0 0 0 0 0 0 0 0 0 0 0 0 0 0 0 0 0 0 0 0 0 0 0 0 0 0 0 0 0 0 0 0 0 0 0 0 0 0 0 0 0 0 0 0 0 0 0 0 0 0 0 0 0 0 0 0 0 0 0 0 0 0 0 0 0 0 0 0 0 0 0 0 0 0 0 0 0 0 0 0 0 0 0 0 0 0 0 0 0 0 0 0 0 0 0 0 0 0 0 0 0 0 0 0.0001064616953954101 0.0005346514517441392 0.001291651278734207 0.002361750230193138 0.003733105957508087 0.005402527749538422 0.007357155438512564 0.009579161182045937 0.01205452624708414 0.01475109253078699 0.01766556315124035 0.02081353403627872 0.02417730540037155 0.02774728089570999 0.03153859078884125 0.03551603481173515 0.03968121856451035 0.04404905438423157 0.04861137270927429 0.05337938666343689 0.05833932012319565 0.06345988810062408 0.06872246414422989 0.07411514967679977 0.07964137941598892 0.08528091758489609 0.09099043905735016 0.09675982594490051 0.1025846302509308 0.1084775775671005 0.1144460439682007 0.120482861995697 0.1265543103218079 0.1326490491628647 0.1383658796548843 0.1422729045152664 0.1434242427349091 0.1412005871534348 0.1351995319128036 0.1284395605325699 0.1220175847411156 0.1159167066216469 0.1101208701729774 0.1046148240566254 0.09938408434391022 0.09441488236188889 0.08969413489103317 0.0852094292640686 0.08094895631074905 0.07690151035785675 0.07305643707513809 0.06940361857414246 0.06593343615531921 0.06263676285743713 0.0595049262046814 0.05652967840433121 0.0537031963467598 0.05101803690195084 0.04846713691949844 0.04604377970099449 0.04374159127473831 0.04155451059341431 0.03947678580880165 0.0375029481947422 0.03562780097126961 0.0338464118540287 0.03215409070253372 0.03054638579487801 0.02901906706392765 0.02756811305880547 0.02618970721960068 0.02488022111356258 0.02363621070981026 0.0224543996155262 0.02133167907595634 0.02026509493589401 0.01925184018909931 0.01828924752771854 0.0173747856169939 0.01650604605674744 0.01568074338138103 0.0148967057466507 0.01415187027305365 0.01344427652657032 0.01277206279337406 0.0121334595605731 0.01152678672224283 0.01095044706016779 0.0104029243811965 0.00988277792930603 0.009388638660311699 0.008919206447899342 0.008473246358335018 0.008049583993852139 0.007647104561328888 0.007264749146997929 0.006901511922478676 0.006556436419487 0.00622861459851265 0.005917184054851532 0.005621324758976698 0.005340258590877056 0.005073245614767075 0.004819583147764206 0.004578603897243738 0.004349673632532358 0.00413218978792429 0.003925580531358719 0.003729301504790783 0.003542836522683501 0.003365694778040051 0.003197410143911839 0.003037539543583989 0.002885662484914064 0.002741379430517554 0.002604310400784016 0.002474094973877072 0.002350390190258622 0.002232870785519481 0.002121227327734232 0.002015165984630585 0.00191440770868212 0.001818687305785716 0.00172775296960026 0.001641365350224078 0.00155929708853364 0.001481332234106958 0.001407265663146973 0.001336902379989624 0.001270057284273207 0.001206554472446442 0.001146226772107184 0.001088915392756462 0.00103446957655251 0.0009827461326494813 0.0009336088551208377 0.0008869284065440297 0.00084258196875453 0.0008004528935998678 0.0007604302372783422 0.0007224087021313608 0.0006862882873974741 0.0006519738817587495 0.0006193752051331103 0.00058840645942837 0.0005589861539192498 0.0005310368724167347 0.0005044850404374301 0.0004792607796844095 0.0004552977334242314 0.0004325328336562961 0.0004109061846975237 0.0003903608885593712 0.0003708428412210196 0.0003523007035255432 0.0003346856683492661 0.0003179513732902706 0.0003020538133569062 0.0002869511372409761 0.0002726035891100764 0.0002589734212961048 0.000246024748776108 0.0002337235055165365 0.0002220373280579224 0.0002109354682033882 0.0002003886911552399 0.0001903692609630525 0.0001808507950045168 0.0001718082494335249 0.0001632178318686783 0.0001550569431856275 0.00014730409020558 0.000139938885695301 0.0001329419465037063 0.0001262948499061167 0.0001199801045004278 0.0001139810992754065 0.0001082820454030298 0.0001028679398586974 9.772454359335825e-05 9.283831604989246e-05 8.819640061119571e-05 8.378658094443381e-05 7.959725189721212e-05 7.561739039374515e-05 7.183651905506849e-05 6.824469164712355e-05 6.483245670096949e-05 6.159083568491042e-05 5.85112939006649e-05 5.558572956942953e-05 5.280644472804852e-05 5.016612340114079e-05 4.765781704918481e-05 4.527492637862451e-05 4.301117951399647e-05 4.086062108399346e-05 3.881759039359167e-05 3.687671051011421e-05 3.503287371131591e-05 3.328123057144694e-05 3.161716813337989e-05 3.003630990860984e-05 2.853449404938146e-05 2.710776971071027e-05 2.575238067947794e-05 2.446476173645351e-05 2.324152410437819e-05 2.207944817200769e-05 2.097547621815465e-05 1.992670149775222e-05 1.893036642286461e-05 1.798384801077191e-05 1.708465606498066e-05 1.623042408027686e-05 1.541890378575772e-05 1.464795877836877e-05 1.391556088492507e-05 1.321978288615355e-05 1.255879396921955e-05 1.193085427075857e-05 1.13343112388975e-05 1.076759599527577e-05 1.022921605908778e-05 9.717755347082857e-06 9.23186780710239e-06 8.770274689595681e-06 8.331760909641162e-06 7.915173227956984e-06 7.51941479393281e-06 7.14344423613511e-06 6.786272024328355e-06 6.446958650485612e-06 6.124610536062391e-06 5.818380031996639e-06 5.527460871235235e-06 5.251087713986635e-06 4.988533419236774e-06 4.739106771012302e-06 4.502151568885893e-06 4.277043899492128e-06 4.063191681780154e-06 3.860031938529573e-06 3.667030341603095e-06 3.483678938209778e-06 3.309495014036656e-06 3.144020183754037e-06 2.986819254147122e-06 2.837478405126603e-06 2.695604507607641e-06 2.560824214015156e-06 2.432783048789133e-06 2.31114381676889e-06 2.195586603193078e-06 2.085807182083954e-06 1.981516788873705e-06 1.882440983536071e-06 1.788318968465319e-06 1.698903020042053e-06 1.613957920199027e-06 1.533260046926443e-06 1.456597033211438e-06 1.383767198603891e-06 1.314578867095406e-06 1.248849912371952e-06 1.186407416753354e-06 1.127086989072268e-06 1.070732650987338e-06 1.017196041175339e-06 9.66336187957495e-07 9.180193956126459e-07 8.721184485693811e-07 8.285124977192027e-07 7.870868898862682e-07 7.477325425497838e-07 7.103459438440041e-07 6.74828640967462e-07
 0 0 0 0 0 0 0 0 0 0 0 0 0 0 0 0 0 0 0 0 0 0 0 0 0 0 0 0 0 0 0 0 0 0 0 0 0 0 0 0 0 0 0 0 0 0 0 0 0 0 0 0 0 0 0 0 0 0 0 0 0 0 0 0 0 0 0 0 0 0 0 0 0 0 0 0 0 0 0 0 0 0 0 0 0 0 0 0 0 0 0 0 0 0 0 0 0 0 0 0 0 0 0 0 0 0 0 0 0 0 0 0 0 0 0 0 0 0 0 0 0 0 0 0 0 0 0 0 0 0 0 0 0 0 0 0 0 0 0 0 0 0 0 0 0 0 0 0 0 0 0 0 0 0 0 0 0 0 0 0 0 0 0 0 0 0 0 0 0 0 0 0 0 0 0 0 0 0 0 0 0 0 0 0 0 0 0 0 0 0 0 0 0 0 0 0 0 0 0 0 0 0 0 0 0 0 0 0 0 0 0 0 0 0 0 0 0 0 0 0 0 0 0 0 0 0 0 0 0 0 0 0 0 0 0 0 0 0 0 0 0 0 0 0 0 0 0 0 0 0 0 0 0 0 0 0 0 0 0 0 0 0 0 0 0 0 0 0 0 0 0 0 0 0 0 0 0 0 0 0 0 0 0 0 0 0 0 0 0 0 0 0 0 0 0 0 0 0 0 0 0 0 0 0 0 0 0 0 0 0 0 0 0 0 0 0 0 0 0 0 0 0 0 0 0 0 0 0 0 0 0 0 0 0 0 0 0 0 0 0 0 0 0 0 0 0 0 0 0 0 0 0 0 0 0 0 0 0 0 0 0 0 0 0 0 0 0 0 0 0 0 0 0 0 0 0 0 0 0 0 0 0 0 0 0 0 0 0 0 0 0 0 0 0 0 0 0 0 0 0 0 0 0 0 0 0 0 0 0 0 0 0 0 0 0 0 0 0 0 0 0 0 0 0 0 0 0 0 0 0 0 0 0 0 0 0 0 0 0 0 0 0 0 0 0 0 0 0 0 0 0 0 0 0 0 0 0 0 0 0 0 0 0 0 0 0 0 0 0 0 0 0 0 0 0 0 0 0 0 0 0 0 0 0 0 0 0 0 0 0 0 0 0 0 0 0 0 0 0 0 0 0 0 0 0 0 0 0 0 0 0 0 0 0 0 0 0 0 0 0 0 0 0 0 0 0 0 0 0 0 0 0 0 0 0 0 0 0 0 0 0 0 0 0 0 0 0 0 0 0 0 0 0 0 0 0 0 0 0 0 0 0 0 0 0 0 0 0 0 0 0 0 0 0 0 0 0 0 0 0 0 0 0 0 0 0 0 0 0 0 0 0 0 0 0 0 0 0 0 0
 0 0 0 0 0 0 0 0 0 0 0 0 0 0 0 0 0 0 0 0 0 0 0 0 0 0 0 0 0 0 0 0 0 0 0 0 0 0 0 0 0 0 0 0 0 0 0 0 0 0 0 0 0 0 0 0 0 0 0 0 0 0 0 0 0 0 0 0 0 0 0 0 0 0 0 0 0 0 0 0 0 0 0 0 0 0 0 0 0 0 0 0 0 0 0 0 0 0 0 0 0 0 0 0 0 0 0 0 0 0 0 0 0 0 0 0 0 0 0 0 0 0 0 0 0 0 0 0 0 0 0 0 0 0 0 0 0 0 0 0 0 0 0 0 0 0 0 0 0 0 0 0 0 0 0 0 0 0 0 0 0 0 0 0 0 0 0 0 0 0 0 0 0 0 0 0 0 0 0 0 0 0 0 0 0 0 0 0 0 0 0 0 0 0 0 0 0 0 0 0 0 0 0 0 0 0 0 0 0 0 0 0 0 0 0 0 0 0 0 0 0 0 0 0 0 0 0 0 0 0 0 0 0 0 0 0 0 0 0 0 0 0 0 0 0 0 0 0 0 0 0 0 0 0 0 0 0 0 0 0 0 0 0 0 0 0 0 0 0 0 0 0 0 0 0 0 0 0 0 0 0 0 0 0 0 0 0 0 0 0 0 0 0 0 0 0 0 0 0 0 0 0 0 0 0 0 0 0 0 0 0 0 0 0 0 0 0 0 0 0 0 0 0 0 0 0 0 0 0 0 0 0 0 0 0 0 0 0 0 0 0 0 0 0 0 0 0 0 0 0 0 0 0 0 0 0 0 0 0 0 0 0 0 0 0 0 0 0 0 0 0 0 0 0 0 0 0 0 0 0 0 0 0 0 0 0 0 0 0 0 0 0 0 0 0 0 0 0 0 0 0 0 0 0 0 0 0 0 0 0 0 0 0 0 0 0 0 0 0 0 0 0 0 0 0 0 0 0 0 0 0 0 0 0 0 0 0 0 0 0 0 0 0 0 0 0 0 0 0 0 0 0 0 0 0 0 0 0 0 0 0 0 0 0 0 0 0 0 0 0 0 0 0 0 0 0 0 0 0 0 0 0 0 0 0 0 0 0 0 0 0 0 0 0 0 0 0 0 0 0 0 0 0 0 0 0 0 0 0 0 0 0 0 0 0 0 0 0 0 0 0 0 0 0 0 0 0 0 0 0 0 0 0 0 0 0 0 0 0 0 0 0 0 0 0 0 0 0 0 0 0 0 0 0 0 0 0 0 0 0 0 0 0 0 0 0 0 0 0 0 0 0 0 0 0 0 0 0 0 0 0 0 0 0 0 0 0 0 0 0 0 0 0 0 0 0 0 0 0 0
 0 0 0 0 0 0 0 0 0 0 0 0 0 0 0 0 0 0 0 0 0 0 0 0 0 0 0 0 0 0 0 0 0 0 0 0 0 0 0 0 0 0 0 0 0 0 0 0 0 0 0 0 0 0 0 0 0 0 0 0 0 0 0 0 0 0 0 0 0 0 0 0 0 0 0 0 0 0 0 0 0 0 0 0 0 0 0 0 0 0 0 0 0 0 0 0 0 0 0 0 0 0 0 0 0 0 0 0 0 0 0 0 0 0 0 0 0 0 0 0 0 0 0 0 0 0 0 0 0 0 0 0 0 0 0 0 0 0 0 0 0 0 0 0 0 0 0 0 0 0 0 0 0 0 0 0 0 0 0 0 0 0 0 0 0 0 0 0 0 0 0 0 0 0 0 0 0 0 0 0 0 0 0 0 0 0 0 0 0 0 0 0 0 0 0 0 0 0 0 0 0 0 0 0 0 0 0 0 0 0 0 0 0 0 0 0 0 0 0 0 0 0 0 0 0 0 0 0 0 0 0 0 0 0 0 0 0 0 0 0 0 0 0 0 0 0 0 0 0 0 0 0 0 0 0 0 0 0 0 0 0 0 0 0 0 0 0 0 0 0 0 0 0 0 0 0 0 0 0 0 0 0 0 0 0 0 0 0 0 0 0 0 0 0 0 0 0 0 0 0 0 0 0 0 0 0 0 0 0 0 0 0 0 0 0 0 0 0 0 0 0 0 0 0 0 0 0 0 0 0 0 0 0 0 0 0 0 0 0 0 0 0 0 0 0 0 0 0 0 0 0 0 0 0 0 0 0 0 0 0 0 0 0 0 0 0 0 0 0 0 0 0 0 0 0 0 0 0 0 0 0 0 0 0 0 0 0 0 0 0 0 0 0 0 0 0 0 0 0 0 0 0 0 0 0 0 0 0 0 0 0 0 0 0 0 0 0 0 0 0 0 0 0 0 0 0 0 0 0 0 0 0 0 0 0 0 0 0 0 0 0 0 0 0 0 0 0 0 0 0 0 0 0 0 0 0 0 0 0 0 0 0 0 0 0 0 0 0 0 0 0 0 0 0 0 0 0 0 0 0 0 0 0 0 0 0 0 0 0 0 0 0 0 0 0 0 0 0 0 0 0 0 0 0 0 0 0 0 0 0 0 0 0 0 0 0 0 0 0 0 0 0 0 0 0 0 0 0 0 0 0 0 0 0 0 0 0 0 0 0 0 0 0 0 0 0 0 0 0 0 0 0 0 0 0 0 0 0 0 0 0 0 0 0 0 0 0 0 0 0 0 0 0 0 0 0 0 0 0 0 0 0 0 0 0 0 0 0 0 0 0 0 0 0 0 0 0 0 0 0
 0 0 0 0 0 0 0 0 0 0 0 0 0 0 0 0 0 0 0 0 0 0 0 0 0 0 0 0 0 0 0 0 0 0 0 0 0 0 0 0 0 0 0 0 0 0 0 0 0 0 0 0 0 0 0 0 0 0 0 0 0 0 0 0 0 0 0 0 0 0 0 0 0 0 0 0 0 0 0 0 0 0 0 0 0 0 0 0 0 0 0 0 0 0 0 0 0 0 0 0 0 0 0 0 0 0 0 0 0 0 0 0 0 0 0 0 0 0 0 0 0 0 0 0 0 0 0 0 0 0 0 0 0 0 0 0 0 0 0 0 0 0 0 0 0 0 0 0 0 0 0 0 0 0 0 0 0 0 0 0 0 0 0 0 0 0 0 0 0 0 0 0 0 0 0 0 0 0 0 0 0 0 0 0 0 0 0 0 0 0 0 0 0 0 0 0 0 0 0 0 0 0 0 0 0 0 0 0 0 0 0 0 0 0 0 0 0 0 0 0 0 0 0 0 0 0 0 0 0 0 0 0 0 0 0 0 0 0 0 0 0 0 0 0 0 0 0 0 0 0 0 0 0 0 0 0 0 0 0 0 0 0 0 0 0 0 0 0 0 0 0 0 0 0 0 0 0 0 0 0 0 0 0 0 0 0 0 0 0 0 0 0 0 0 0 0 0 0 0 0 0 0 0 0 0 0 0 0 0 0 0 0 0 0 0 0 0 0 0 0 0 0 0 0 4.936107870889828e-05 0.0003953497507609427 0.001051943749189377 0.002004577778279781 0.003244219813495874 0.00480333250015974 0.00664646876975894 0.008760504424571991 0.01113901659846306 0.01375642884522676 0.01658189669251442 0.019606102257967 0.02281090244650841 0.02618800848722458 0.02970828488469124 0.0333687849342823 0.03715891763567924 0.04106585681438446 0.04509412869811058 0.04925251752138138 0.05356818810105324 0.05805565416812897 0.06270077079534531 0.06744363903999329 0.07226331532001495 0.07714971154928207 0.08208820223808289 0.08704744279384613 0.09202492237091064 0.0970228910446167 0.1020386144518852 0.1070730835199356 0.1121251285076141 0.1171993017196655 0.122286356985569 0.1266766637563705 0.1291641891002655 0.129000797867775 0.1256993412971497 0.1194143742322922 0.1134436577558517 0.1077714711427689 0.1023828983306885 0.09726375341415405 0.09240056574344635 0.08778053522109985 0.08339150995016098 0.0792219340801239 0.07526084035634995 0.07149779796600342 0.06792290508747101 0.0645267590880394 0.06130041927099228 0.05823539942502975 0.05532363057136536 0.05255744978785515 0.04992957785725594 0.04743310064077377 0.04506144672632217 0.04280837625265121 0.04066795855760574 0.03863456100225449 0.03670283406972885 0.03486769273877144 0.03312430903315544 0.03146809339523315 0.02989468909800053 0.02839995548129082 0.0269799567759037 0.02563095837831497 0.02434941008687019 0.02313194051384926 0.02197534404695034 0.0208765771239996 0.01983274891972542 0.01884111203253269 0.01789905689656734 0.01700410433113575 0.01615389995276928 0.01534620486199856 0.01457889471203089 0.0138499503955245 0.01315745245665312 0.01249958015978336 0.01187460124492645 0.01128087099641562 0.01071682758629322 0.01018098648637533 0.009671936742961407 0.009188340045511723 0.00872892327606678 0.008292477577924728 0.007877853699028492 0.007483961060643196 0.007109763100743294 0.006754274945706129 0.006416561082005501 0.006095733027905226 0.005790946539491415 0.005501399282366037 0.005226329434663057 0.004965012893080711 0.004716762341558933 0.00448092445731163 0.004256878048181534 0.0040440340526402 0.003841832280158997 0.003649740712717175 0.00346725364215672 0.003293890971690416 0.003129196353256702 0.002972736489027739 0.002824099734425545 0.002682894701138139 0.002548750024288893 0.002421312499791384 0.00230024685151875 0.002185234567150474 0.00207597273401916 0.001972174039110541 0.001873565372079611 0.001779887126758695 0.001690892735496163 0.001606348087079823 0.001526030711829662 0.001449729199521244 0.001377242733724415 0.001308380626142025 0.001242961618117988 0.001180813531391323 0.001121772802434862 0.001065684133209288 0.001012399909086525 0.0009617799078114331 0.0009136908920481801 0.0008680063765496016 0.0008246060460805893 0.000783375755418092 0.0007442069472745061 0.0007069965940900147 0.0006716467905789614 0.0006380644626915455 0.0006061612511985004 0.000575853162445128 0.0005470605101436377 0.0005197075079195201 0.0004937221528962255 0.0004690360510721803 0.0004455842426978052 0.0004233050276525319 0.0004021397908218205 0.0003820327983703464 0.0003629311686381698 0.0003447846102062613 0.0003275453927926719 0.0003111681144218892 0.0002956097014248371 0.0002808292047120631 0.0002667877415660769 0.0002534483501221985 0.000240775931160897 0.0002287371316924691 0.0002173002721974626 0.0002064352593151852 0.0001961134985322133 0.0001863078214228153 0.0001769924274412915 0.0001681428111623973 0.000159735674969852 0.0001517488854005933 0.0001441614440409467 0.0001369533711113036 0.0001301057054661214 0.0001236004172824323 0.0001174203935079277 0.0001115493723773398 0.0001059719070326537 0.0001006733145914041 9.563964704284444e-05 9.085766214411706e-05 8.631477976450697e-05 8.199903822969645e-05 7.789908704580739e-05 7.400413596769795e-05 7.030392589513212e-05 6.678872887277976e-05 6.34492898825556e-05 6.027682684361935e-05 5.72629869566299e-05 5.439983942778781e-05 5.167984636500478e-05 4.909585550194606e-05 4.66410638182424e-05 4.43090102635324e-05 4.20935612055473e-05 3.998888132628053e-05 3.798943725996651e-05 3.608996485127136e-05 3.428546551731415e-05 3.257119169575162e-05 3.094263229286298e-05 2.939549995062407e-05 2.792572558973916e-05 2.65294402197469e-05 2.520296766306274e-05 2.394281909801066e-05 2.274567850690801e-05 2.160839540010784e-05 2.052797572105192e-05 1.95015763893025e-05 1.852649802458473e-05 1.760017403285019e-05 1.672016514930874e-05 1.588415761943907e-05 1.508994955656817e-05 1.433545185136609e-05 1.361867907689884e-05 1.293774494115496e-05 1.229085773957195e-05 1.167631489806809e-05 1.109249933506362e-05 1.053787400451256e-05 1.001098007691326e-05 9.510431482340209e-06 9.034909453475848e-06 8.583164344599936e-06 8.154006536642555e-06 7.746306437184103e-06 7.358991297223838e-06 6.991041573201073e-06 6.641489562753122e-06 6.309414857241791e-06 5.993943887006026e-06 5.69424673813046e-06 5.409534423961304e-06 5.139057520864299e-06 4.882104803982656e-06 4.637999609258259e-06 4.406099833431654e-06 4.185794750810601e-06 3.976505013270071e-06 3.777679694394465e-06 3.588795607356587e-06 3.409355940675596e-06 3.238888211853919e-06 3.076943812629906e-06 2.923096644735779e-06 2.776941755655571e-06 2.638094656504109e-06 2.506189957784954e-06 2.380880459895707e-06 2.261836471006973e-06 2.148744670193992e-06 2.041307425315608e-06 1.939242110893247e-06 1.842279971242533e-06 1.750166006786458e-06 1.662657723500161e-06 1.579524791850417e-06 1.50054859204829e-06 1.425521190867585e-06 1.35424511427118e-06 1.286532892663672e-06 1.222206265083514e-06 1.161095951829338e-06 1.103041199712607e-06 1.047889099936583e-06 9.954947017831728e-07 9.457199894313817e-07 8.984339956441545e-07 8.535122901776049e-07 8.108366955639212e-07 7.702948323640157e-07 7.317801191675244e-07 6.951910904717806e-07 6.604315103686531e-07
 0 0 0 0 0 0 0 0 0 0 0 0 0 0 0 0 0 0 0 0 0 0 0 0 0 0 0 0 0 0 0 0 0 0 0 0 0 0 0 0 0 0 0 0 0 0 0 0 0 0 0 0 0 0 0 0 0 0 0 0 0 0 0 0 0 0 0 0 0 0 0 0 0 0 0 0 0 0 0 0 0 0 0 0 0 0 0 0 0 0 0 0 0 0 0 0 0 0 0 0 0 0 0 0 0 0 0 0 0 0 0 0 0 0 0 0 0 0 0 0 0 0 0 0 0 0 0 0 0 0 0 0 0 0 0 0 0 0 0 0 0 0 0 0 0 0 0 0 0 0 0 0 0 0 0 0 0 0 0 0 0 0 0 0 0 0 0 0 0 0 0 0 0 0 0 0 0 0 0 0 0 0 0 0 0 0 0 0 0 0 0 0 0 0 0 0 0 0 0 0 0 0 0 0 0 0 0 0 0 0 0 0 0 0 0 0 0 0 0 0 0 0 0 0 0 0 0 0 0 0 0 0 0 0 0 0 0 0 0 0 0 0 0 0 0 0 0 0 0 0 0 0 0 0 0 0 0 0 0 0 0 0 0 0 0 0 0 0 0 0 0 0 0 0 0 0 0 0 0 0 0 0 0 0 0 0 0 0 0 0 0 0 0 0 0 0 0 0 0 0 0 0 0 0 0 0 0 0 0 0 0 0 0 0 0 0 0 0 0 0 0 0 0 0 0 0 0 0 0 0 0 0 0 0 0 0 0 0 0 0 0 0 0 0 0 0 0 0 0 0 0 0 0 0 0 0 0 0 0 0 0 0 0 0 0 0 0 0 0 0 0 0 0 0 0 0 0 0 0 0 0 0 0 0 0 0 0 0 0 0 0 0 0 0 0 0 0 0 0 0 0 0 0 0 0 0 0 0 0 0 0 0 0 0 0 0 0 0 0 0 0 0 0 0 0 0 0 0 0 0 0 0 0 0 0 0 0 0 0 0 0 0 0 0 0 0 0 0 0 0 0 0 0 0 0 0 0 0 0 0 0 0 0 0 0 0 0 0 0 0 0 0 0 0 0 0 0 0 0 0 0 0 0 0 0 0 0 0 0 0 0 0 0 0 0 0 0 0 0 0 0 0 0 0 0 0 0 0 0 0 0 0 0 0 0 0 0 0 0 0 0 0 0 0 0 0 0 0 0 0 0 0 0 0 0 0 0 0 0 0 0 0 0 0 0 0 0 0 0 0 0 0 0 0 0 0 0 0 0 0 0 0 0 0 0 0 0 0 0 0 0 0 0 0 0 0 0 0 0 0 0 0 0 0 0 0 0 0 0 0 0 0 0 0 0 0 0 0 0 0
 0 0 0 0 0 0 0 0 0 0 0 0 0 0 0 0 0 0 0 0 0 0 0 0 0 0 0 0 0 0 0 0 0 0 0 0 0 0 0 0 0 0 0 0 0 0 0 0 0 0 0 0 0 0 0 0 0 0 0 0 0 0 0 0 0 0 0 0 0 0 0 0 0 0 0 0 0 0 0 0 0 0 0 0 0 0 0 0 0 0 0 0 0 0 0 0 0 0 0 0 0 0 0 0 0 0 0 0 0 0 0 0 0 0 0 0 0 0 0 0 0 0 0 0 0 0 0 0 0 0 0 0 0 0 0 0 0 0 0 0 0 0 0 0 0 0 0 0 0 0 0 0 0 0 0 0 0 0 0 0 0 0 0 0 0 0 0 0 0 0 0 0 0 0 0 0 0 0 0 0 0 0 0 0 0 0 0 0 0 0 0 0 0 0 0 0 0 0 0 0 0 0 0 0 0 0 0 0 0 0 0 0 0 0 0 0 0 0 0 0 0 0 0 0 0 0 0 0 0 0 0 0 0 0 0 0 0 0 0 0 0 0 0 0 0 0 0 0 0 0 0 0 0 0 0 0 0 0 0 0 0 0 0 0 0 0 0 0 0 0 0 0 0 0 0 0 0 0 0 0 0 0 0 0 0 0 0 0 0 0 0 0 0 0 0 0 0 0 0 0 0 0 0 0 0 0 0 0 0 0 0 0 0 0 0 0 0 0 0 0 0 0 0 0 0 0 0 0 0 0 0 0 0 0 0 0 0 0 0 0 0 0 0 0 0 0 0 0 0 0 0 0 0 0 0 0 0 0 0 0 0 0 0 0 0 0 0 0 0 0 0 0 0 0 0 0 0 0 0 0 0 0 0 0 0 0 0 0 0 0 0 0 0 0 0 0 0 0 0 0 0 0 0 0 0 0 0 0 0 0 0 0 0 0 0 0 0 0 0 0 0 0 0 0 0 0 0 0 0 0 0 0 0 0 0 0 0 0 0 0 0 0 0 0 0 0 0 0 0 0 0 0 0 0 0 0 0 0 0 0 0 0 0 0 0 0 0 0 0 0 0 0 0 0 0 0 0 0 0 0 0 0 0 0 0 0 0 0 0 0 0 0 0 0 0 0 0 0 0 0 0 0 0 0 0 0 0 0 0 0 0 0 0 0 0 0 0 0 0 0 0 0 0 0 0 0 0 0 0 0 0 0 0 0 0 0 0 0 0 0 0 0 0 0 0 0 0 0 0 0 0 0 0 0 0 0 0 0 0 0 0 0 0 0 0 0 0 0 0 0 0 0 0 0 0 0 0 0 0 0 0 0 0 0 0 0 0 0 0 0 0 0 0 0 0 0 0 0 0 0
 0 0 0 0 0 0 0 0 0 0 0 0 0 0 0 0 0 0 0 0 0 0 0 0 0 0 0 0 0 0 0 0 0 0 0 0 0 0 0 0 0 0 0 0 0 0 0 0 0 0 0 0 0 0 0 0 0 0 0 0 0 0 0 0 0 0 0 0 0 0 0 0 0 0 0 0 0 0 0 0 0 0 0 0 0 0 0 0 0 0 0 0 0 0 0 0 0 0 0 0 0 0 0 0 0 0 0 0 0 0 0 0 0 0 0 0 0 0 0 0 0 0 0 0 0 0 0 0 0 0 0 0 0 0 0 0 0 0 0 0 0 0 0 0 0 0 0 0 0 0 0 0 0 0 0 0 0 0 0 0 0 0 0 0 0 0 0 0 0 0 0 0 0 0 0 0 0 0 0 0 0 0 0 0 0 0 0 0 0 0 0 0 0 0 0 0 0 0 0 0 0 0 0 0 0 0 0 0 0 0 0 0 0 0 0 0 0 0 0 0 0 0 0 0 0 0 0 0 0 0 0 0 0 0 0 0 0 0 0 0 0 0 0 0 0 0 0 0 0 0 0 0 0 0 0 0 0 0 0 0 0 0 0 0 0 0 0 0 0 0 0 0 0 0 0 0 0 0 0 0 0 0 0 0 0 0 0 0 0 0 0 0 0 0 0 0 0 0 0 0 0 0 0 0 0 0 0 0 0 0 0 0 0 0 0 0 0 0 0 0 0 0 0 0 0 0 0 0 0 0 0 0 0 0 0 0 0 0 0 0 0 0 0 0 0 0 0 0 0 0 0 0 0 0 0 0 0 0 0 0 0 0 0 0 0 0 0 0 0 0 0 0 0 0 0 0 0 0 0 0 0 0 0 0 0 0 0 0 0 0 0 0 0 0 0 0 0 0 0 0 0 0 0 0 0 0 0 0 0 0 0 0 0 0 0 0 0 0 0 0 0 0 0 0 0 0 0 0 0 0 0 0 0 0 0 0 0 0 0 0 0 0 0 0 0 0 0 0 0 0 0 0 0 0 0 0 0 0 0 0 0 0 0 0 0 0 0 0 0 0 0 0 0 0 0 0 0 0 0 0 0 0 0 0 0 0 0 0 0 0 0 0 0 0 0 0 0 0 0 0 0 0 0 0 0 0 0 0 0 0 0 0 0 0 0 0 0 0 0 0 0 0 0 0 0 0 0 0 0 0 0 0 0 0 0 0 0 0 0 0 0 0 0 0 0 0 0 0 0 0 0 0 0 0 0 0 0 0 0 0 0 0 0 0 0 0 0 0 0 0 0 0 0 0 0 0 0 0 0 0 0 0 0 0 0 0 0 0 0 0 0 0 0 0 0 0 0 0 0 0
 0 0 0 0 0 0 0 0 0 0 0 0 0 0 0 0 0 0 0 0 0 0 0 0 0 0 0 0 0 0 0 0 0 0 0 0 0 0 0 0 0 0 0 0 0 0 0 0 0 0 0 0 0 0 0 0 0 0 0 0 0 0 0 0 0 0 0 0 0 0 0 0 0 0 0 0 0 0 0 0 0 0 0 0 0 0 0 0 0 0 0 0 0 0 0 0 0 0 0 0 0 0 0 0 0 0 0 0 0 0 0 0 0 0 0 0 0 0 0 0 0 0 0 0 0 0 0 0 0 0 0 0 0 0 0 0 0 0 0 0 0 0 0 0 0 0 0 0 0 0 0 0 0 0 0 0 0 0 0 0 0 0 0 0 0 0 0 0 0 0 0 0 0 0 0 0 0 0 0 0 0 0 0 0 0 0 0 0 0 0 0 0 0 0 0 0 0 0 0 0 0 0 0 0 0 0 0 0 0 0 0 0 0 0 0 0 0 0 0 0 0 0 0 0 0 0 0 0 0 0 0 0 0 0 0 0 0 0 0 0 0 0 0 0 0 0 0 0 0 0 0 0 0 0 0 0 0 0 0 0 0 0 0 0 0 0 0 0 0 0 0 0 0 0 0 0 0 0 0 0 0 0 0 0 0 0 0 0 0 0 0 0 0 0 0 0 0 0 0 0 0 0 0 0 0 0 0 0 0 0 0 0 0 0 0 0 0 0 0 0 0 0 0 0 0.0003201443760190159 0.0009896908886730671 0.001995458267629147 0.003329615341499448 0.004987085238099098 0.006955538876354694 0.009222913533449173 0.01174183003604412 0.01445950567722321 0.01739315688610077 0.02054187282919884 0.02387416921555996 0.02739592827856541 0.03110017254948616 0.03501616790890694 0.0391155332326889 0.04340134561061859 0.0478661060333252 0.05250929296016693 0.05730901658535004 0.06223277747631073 0.06726941466331482 0.07242045551538467 0.07768125087022781 0.08303719013929367 0.0884285569190979 0.09384848922491074 0.09929876029491425 0.1047767624258995 0.1102745085954666 0.1157871037721634 0.1213113442063332 0.126859188079834 0.1323967278003693 0.1363968551158905 0.1378816962242126 0.136215016245842 0.1310194879770279 0.1244685128331184 0.1182450875639915 0.1123328357934952 0.1067161932587624 0.1013803854584694 0.09631136804819107 0.09149579703807831 0.08692100644111633 0.08257495611906052 0.07844620943069458 0.07452389597892761 0.07079770416021347 0.06725782155990601 0.06389492750167847 0.0607001818716526 0.05766517296433449 0.05478191375732422 0.05204281955957413 0.04944067820906639 0.04696864262223244 0.04462021216750145 0.04238920286297798 0.04026974365115166 0.03825625777244568 0.03634344413876534 0.0345262736082077 0.03279995918273926 0.03115996159613132 0.02960196323692799 0.02812186442315578 0.02671577036380768 0.02537998184561729 0.02411098219454288 0.02290543355047703 0.02176016196608543 0.02067215368151665 0.0196385458111763 0.01865661889314651 0.01772378757596016 0.0168375987559557 0.01599571853876114 0.01519593223929405 0.01443613599985838 0.01371432933956385 0.01302861329168081 0.01237718295305967 0.01175832375884056 0.01117040775716305 0.01061188708990812 0.01008129306137562 0.009577228687703609 0.00909836683422327 0.008643448352813721 0.008211275562644005 0.007800711784511805 0.007410676218569279 0.007040142547339201 0.006688135210424662 0.006353728473186493 0.006036042235791683 0.005734240170568228 0.005447528325021267 0.005175151862204075 0.004916394129395485 0.004670574329793453 0.004437045659869909 0.004215193446725607 0.004004433751106262 0.003804211970418692 0.00361400144174695 0.003433301346376538 0.003261636244133115 0.003098554443567991 0.00294362660497427 0.002796445274725556 0.002656623022630811 0.00252379197627306 0.002397602424025536 0.002277722349390388 0.002163836266845465 0.002055644523352385 0.001952862250618637 0.001855219132266939 0.001762458123266697 0.001674335217103362 0.001590618398040533 0.001511087524704635 0.001435533165931702 0.001363756484352052 0.001295568654313684 0.00123079027980566 0.001169250812381506 0.001110788318328559 0.001055248896591365 0.001002486445941031 0.0009523621411062777 0.0009047440253198147 0.0008595068356953561 0.0008165314793586731 0.0007757049170322716 0.0007369196973741055 0.0007000737241469324 0.0006650700233876705 0.0006318165105767548 0.0006002256995998323 0.0005702144117094576 0.0005417037173174322 0.0005146185285411775 0.0004888875992037356 0.000464443233795464 0.000441221083747223 0.0004191600310150534 0.0003982020425610244 0.0003782919375225902 0.0003593773290049285 0.0003414084494579583 0.000324338034261018 0.0003081211470998824 0.0002927150926552713 0.0002780793292913586 0.00026417535264045 0.0002509665791876614 0.0002384182444075122 0.0002264973300043494 0.0002151724620489404 0.0002044138382188976 0.0001941931404871866 0.0001844834769144654 0.0001752593088895082 0.0001664963492657989 0.0001581715332577005 0.0001502629602327943 0.0001427498064003885 0.000135612310259603 0.0001288316998397931 0.0001223901199409738 0.0001162706175819039 0.0001104570837924257 0.0001049342317855917 9.968751692213118e-05 9.470314398640767e-05 8.996798715088516e-05 8.546958997612819e-05 8.119610720314085e-05 7.713630475336686e-05 7.327948696911335e-05 6.961551116546616e-05 6.613473669858649e-05 6.28280031378381e-05 5.968660116195679e-05 5.670227255905047e-05 5.386715929489583e-05 5.117379987495951e-05 4.861511115450412e-05 4.618435559677891e-05 4.387513763504103e-05 4.168138184468262e-05 3.959731111535802e-05 3.761744665098377e-05 3.573657522792928e-05 3.394974555703811e-05 3.225225736969151e-05 3.063964322791435e-05 2.910766124841757e-05 2.765227873169351e-05 2.626966488605831e-05 2.495618173270486e-05 2.370837319176644e-05 2.252295416838024e-05 2.139680691470858e-05 2.032696647802368e-05 1.931061888171826e-05 1.834508839237969e-05 1.742783388181124e-05 1.655644155107439e-05 1.572861947352067e-05 1.494218849984463e-05 1.419507862010505e-05 1.348532441625139e-05 1.28110577861662e-05 1.217050521518104e-05 1.156197959062411e-05 1.098388020182028e-05 1.043468637362821e-05 9.912952009472065e-06 9.417304681846872e-06 8.946439265855588e-06 8.499117029714398e-06 8.074161087279208e-06 7.670452760066837e-06 7.286930213012965e-06 6.922583906998625e-06 6.576454779860796e-06 6.247631972655654e-06 5.935250555921812e-06 5.638487891701516e-06 5.356563633540645e-06 5.088735633762553e-06 4.834299033973366e-06 4.592583991325228e-06 4.362954769021599e-06 4.144807007833151e-06 3.937566816603066e-06 3.740688498510281e-06 3.553654096322134e-06 3.375971346031292e-06 3.207172767361044e-06 3.046814072149573e-06 2.894473254855257e-06 2.749749683061964e-06 2.612262278489652e-06 2.481649062247016e-06 2.357566700084135e-06 2.239688456029398e-06 2.127703965015826e-06 2.021318778133718e-06 1.92025277101493e-06 1.824240143832867e-06 1.733028170747275e-06 1.646376745156886e-06 1.564057924952067e-06 1.485855023020122e-06 1.411562266184774e-06 1.340984113085142e-06 1.273934913115227e-06 1.210238224302884e-06 1.149726358562475e-06 1.092240040634351e-06 1.037628067024343e-06 9.857466238827328e-07 9.364592870042543e-07 8.896363397070672e-07 8.451545454590814e-07 8.028968068174436e-07 7.62751938054862e-07 7.246143240990932e-07 6.883835794724291e-07 6.539643777614401e-07
 0 0 0 0 0 0 0 0 0 0 0 0 0 0 0 0 0 0 0 0 0 0 0 0 0 0 0 0 0 0 0 0 0 0 0 0 0 0 0 0 0 0 0 0 0 0 0 0 0 0 0 0 0 0 0 0 0 0 0 0 0 0 0 0 0 0 0 0 0 0 0 0 0 0 0 0 0 0 0 0 0 0 0 0 0 0 0 0 0 0 0 0 0 0 0 0 0 0 0 0 0 0 0 0 0 0 0 0 0 0 0 0 0 0 0 0 0 0 0 0 0 0 0 0 0 0 0 0 0 0 0 0 0 0 0 0 0 0 0 0 0 0 0 0 0 0 0 0 0 0 0 0 0 0 0 0 0 0 0 0 0 0 0 0 0 0 0 0 0 0 0 0 0 0 0 0 0 0 0 0 0 0 0 0 0 0 0 0 0 0 0 0 0 0 0 0 0 0 0 0 0 0 0 0 0 0 0 0 0 0 0 0 0 0 0 0 0 0 0 0 0 0 0 0 0 0 0 0 0 0 0 0 0 0 0 0 0 0 0 0 0 0 0 0 0 0 0 0 0 0 0 0 0 0 0 0 0 0 0 0 0 0 0 0 0 0 0 0 0 0 0 0 0 0 0 0 0 0 0 0 0 0 0 0 0 0 0 0 0 0 0 0 0 0 0 0 0 0 0 0 0 0 0 0 0 0 0 0 0 0 0 0 0 0 0 0 0 0 0 0 0 0 0 0 0 0 0 0 0 0 0 0 0 0 0 0 0 0 0 0 0 0 0 0 0 0 0 0 0 0 0 0 0 0 0 0 0 0 0 0 0 0 0 0 0 0 0 0 0 0 0 0 0 0 0 0 0 0 0 0 0 0 0 0 0 0 0 0 0 0 0 0 0 0 0 0 0 0 0 0 0 0 0 0 0 0 0 0 0 0 0 0 0 0 0 0 0 0 0 0 0 0 0 0 0 0 0 0 0 0 0 0 0 0 0 0 0 0 0 0 0 0 0 0 0 0 0 0 0 0 0 0 0 0 0 0 0 0 0 0 0 0 0 0 0 0 0 0 0 0 0 0 0 0 0 0 0 0 0 0 0 0 0 0 0 0 0 0 0 0 0 0 0 0 0 0 0 0 0 0 0 0 0 0 0 0 0 0 0 0 0 0 0 0 0 0 0 0 0 0 0 0 0 0 0 0 0 0 0 0 0 0 0 0 0 0 0 0 0 0 0 0 0 0 0 0 0 0 0 0 0 0 0 0 0 0 0 0 0 0 0 0 0 0 0 0 0 0 0 0 0 0 0 0 0 0 0 0 0 0 0 0 0 0 0 0 0 0 0 0 0 0 0 0 0 0 0 0 0 0
 0 0 0 0 0 0 0 0 0 0 0 0 0 0 0 0 0 0 0 0 0 0 0 0 0 0 0 0 0 0 0 0 0 0 0 0 0 0 0 0 0 0 0 0 0 0 0 0 0 0 0 0 0 0 0 0 0 0 0 0 0 0 0 0 0 0 0 0 0 0 0 0 0 0 0 0 0 0 0 0 0 0 0 0 0 0 0 0 0 0 0 0 0 0 0 0 0 0 0 0 0 0 0 0 0 0 0 0 0 0 0 0 0 0 0 0 0 0 0 0 0 0 0 0 0 0 0 0 0 0 0 0 0 0 0 0 0 0 0 0 0 0 0 0 0 0 0 0 0 0 0 0 0 0 0 0 0 0 0 0 0 0 0 0 0 0 0 0 0 0 0 0 0 0 0 0 0 0 0 0 0 0 0 0 0 0 0 0 0 0 0 0 0 0 0 0 0 0 0 0 0 0 0 0 0 0 0 0 0 0 0 0 0 0 0 0 0 0 0 0 0 0 0 0 0 0 0 0 0 0 0 0 0 0 0 0 0 0 0 0 0 0 0 0 0 0 0 0 0 0 0 0 0 0 0 0 0 0 0 0 0 0 0 0 0 0 0 0 0 0 0 0 0 0 0 0 0 0 0 0 0 0 0 0 0 0 0 0 0 0 0 0 0 0 0 0 0 0 0 0 0 0 0 0 0 0 0 0 0 0 0 0 0 0 0 0 0 0 0 0 0 0 0 0 0 0 0 0 0 0 0 0 0 0 0 0 0 0 0 0 0 0 0 0 0 0 0 0 0 0 0 0 0 0 0 0 0 0 0 0 0 0 0 0 0 0 0 0 0 0 0 0 0 0 0 0 0 0 0 0 0 0 0 0 0 0 0 0 0 0 0 0 0 0 0 0 0 0 0 0 0 0 0 0 0 0 0 0 0 0 0 0 0 0 0 0 0 0 0 0 0 0 0 0 0 0 0 0 0 0 0 0 0 0 0 0 0 0 0 0 0 0 0 0 0 0 0 0 0 0 0 0 0 0 0 0 0 0 0 0 0 0 0 0 0 0 0 0 0 0 0 0 0 0 0 0 0 0 0 0 0 0 0 0 0 0 0 0 0 0 0 0 0 0 0 0 0 0 0 0 0 0 0 0 0 0 0 0 0 0 0 0 0 0 0 0 0 0 0 0 0 0 0 0 0 0 0 0 0 0 0 0 0 0 0 0 0 0 0 0 0 0 0 0 0 0 0 0 0 0 0 0 0 0 0 0 0 0 0 0 0 0 0 0 0 0 0 0 0 0 0 0 0 0 0 0 0 0 0 0 0 0 0 0 0 0 0 0 0 0 0 0 0 0 0 0 0 0 0 0
 0 0 0 0 0 0 0 0 0 0 0 0 0 0 0 0 0 0 0 0 0 0 0 0 0 0 0 0 0 0 0 0 0 0 0 0 0 0 0 0 0 0 0 0 0 0 0 0 0 0 0 0 0 0 0 0 0 0 0 0 0 0 0 0 0 0 0 0 0 0 0 0 0 0 0 0 0 0 0 0 0 0 0 0 0 0 0 0 0 0 0 0 0 0 0 0 0 0 0 0 0 0 0 0 0 0 0 0 0 0 0 0 0 0 0 0 0 0 0 0 0 0 0 0 0 0 0 0 0 0 0 0 0 0 0 0 0 0 0 0 0 0 0 0 0 0 0 0 0 0 0 0 0 0 0 0 0 0 0 0 0 0 0 0 0 0 0 0 0 0 0 0 0 0 0 0 0 0 0 0 0 0 0 0 0 0 0 0 0 0 0 0 0 0 0 0 0 0 0 0 0 0 0 0 0 0 0 0 0 0 0 0 0 0 0 0 0 0 0 0 0 0 0 0 0 0 0 0 0 0 0 0 0 0 0 0 0 0 0 0 0 0 0 0 0 0 0 0 0 0 0 0 0 0 0 0 0 0 0 0 0 0 0 0 0 0 0 0 0 0 0 0 0 0 0 0 0 0 0 0 0 0 0 0 0 0 0 0 0 0 0 0 0 0 0 0 0 0 0 0 0 0 0 0 0 0 0 0 0 0 0 0 0 0 0 0 0 0 0 0 0 0 0 0 0 0 0 0 0 0 0 0 0 0 0 0 0 0 0 0 0 0 0 0 0 0 0 0 0 0 0 0 0 0 0 0 0 0 0 0 0 0 0 0 0 0 0 0 0 0 0 0 0 0 0 0 0 0 0 0 0 0 0 0 0 0 0 0 0 0 0 0 0 0 0 0 0 0 0 0 0 0 0 0 0 0 0 0 0 0 0 0 0 0 0 0 0 0 0 0 0 0 0 0 0 0 0 0 0 0 0 0 0 0 0 0 0 0 0 0 0 0 0 0 0 0 0 0 0 0 0 0 0 0 0 0 0 0 0 0 0 0 0 0 0 0 0 0 0 0 0 0 0 0 0 0 0 0 0 0 0 0 0 0 0 0 0 0 0 0 0 0 0 0 0 0 0 0 0 0 0 0 0 0 0 0 0 0 0 0 0 0 0 0 0 0 0 0 0 0 0 0 0 0 0 0 0 0 0 0 0 0 0 0 0 0 0 0 0 0 0 0 0 0 0 0 0 0 0 0 0 0 0 0 0 0 0 0 0 0 0 0 0 0 0 0 0 0 0 0 0 0 0 0 0 0 0 0 0 0 0 0 0 0 0 0 0 0 0 0 0 0 0 0 0 0 0 0 0 0
 0 0 0 0 0 0 0 0 0 0 0 0 0 0 0 0 0 0 0 0 0 0 0 0 0 0 0 0 0 0 0 0 0 0 0 0 0 0 0 0 0 0 0 0 0 0 0 0 0 0 0 0 0 0 0 0 0 0 0 0 0 0 0 0 0 0 0 0 0 0 0 0 0 0 0 0 0 0 0 0 0 0 0 0 0 0 0 0 0 0 0 0 0 0 0 0 0 0 0 0 0 0 0 0 0 0 0 0 0 0 0 0 0 0 0 0 0 0 0 0 0 0 0 0 0 0 0 0 0 0 0 0 0 0 0 0 0 0 0 0 0 0 0 0 0 0 0 0 0 0 0 0 0 0 0 0 0 0 0 0 0 0 0 0 0 0 0 0 0 0 0 0 0 0 0 0 0 0 0 0 0 0 0 0 0 0 0 0 0 0 0 0 0 0 0 0 0 0 0 0 0 0 0 0 0 0 0 0 0 0 0 0 0 0 0 0 0 0 0 0 0 0 0 0 0 0 0 0 0 0 0 0 0 0 0 0 0 0 0 0 0 0 0 0 0 0 0 0 0 0 0 0 0 0 0 0 0 0 0 0 0 0 0 0 0 0 0 0 0 0 0 0 0 0 0 0 0 0 0 0 0 0 0 0 0 0 0 0 0 0 0 0 0 0 0 0 0 0 0 0 0 0 0 0 0 0 0 0 0 0 0 0 0 0 0 0 0 0 0 0 0 0 0 0 0.0001228809705935419 0.0005595731199719012 0.001310763880610466 0.002371074631810188 0.003742850385606289 0.005428147036582232 0.007382789626717567 0.009593199007213116 0.01204838044941425 0.01473604794591665 0.01761631853878498 0.02070356346666813 0.0239791925996542 0.02741468884050846 0.03105325438082218 0.03488948568701744 0.03890594840049744 0.04309744387865067 0.04747285693883896 0.05202598869800568 0.05677083879709244 0.06168435513973236 0.06671905517578125 0.07186903804540634 0.07711715996265411 0.08243481814861298 0.08781510591506958 0.09324571490287781 0.09872236102819443 0.10422233492136 0.1097467690706253 0.1153037622570992 0.120891772210598 0.1265142410993576 0.1321728676557541 0.1363725960254669 0.1380995213985443 0.1367260366678238 0.1318844109773636 0.125290185213089 0.1190256774425507 0.113074392080307 0.1074206754565239 0.1020496413111687 0.09694715589284897 0.09209980070590973 0.08749481290578842 0.08312007039785385 0.07896406948566437 0.07501586526632309 0.07126507163047791 0.06770181655883789 0.06431672722101212 0.06110089272260666 0.05804584920406342 0.0551435574889183 0.05238638073205948 0.04976706206798553 0.04727870970964432 0.04491477459669113 0.04266903549432755 0.0405355840921402 0.03850880637764931 0.03658336773514748 0.0347541980445385 0.03301648795604706 0.03136566281318665 0.02979737892746925 0.02830751053988934 0.02689213491976261 0.02554752863943577 0.02427015267312527 0.02305664494633675 0.02190381288528442 0.0208086222410202 0.01976819150149822 0.01877978257834911 0.0178407933562994 0.0169487539678812 0.01610131561756134 0.01529624965041876 0.01453143730759621 0.01380486506968737 0.01311462186276913 0.01245889067649841 0.01183594577014446 0.01124414801597595 0.01068194024264812 0.01014784350991249 0.009640451520681381 0.009158428758382797 0.008700507692992687 0.008265482261776924 0.007852207869291306 0.007459597662091255 0.00708661787211895 0.006732286885380745 0.00639567244797945 0.006075888872146606 0.005772094242274761 0.005483489483594894 0.005209315102547407 0.004948849324136972 0.004701406694948673 0.004466336220502853 0.004243019502609968 0.004030868411064148 0.003829325083643198 0.003637858899310231 0.003455966012552381 0.003283167723566294 0.003119009314104915 0.002963058883324265 0.002814905950799584 0.002674160758033395 0.002540452638641 0.002413430018350482 0.002292758552357554 0.002178120659664273 0.002069214591756463 0.00196575396694243 0.001867466256953776 0.001774092903360724 0.00168538826983422 0.001601118827238679 0.001521062920801342 0.00144500972237438 0.001372759230434895 0.001304121222347021 0.001238915137946606 0.001176969381049275 0.001118120970204473 0.001062214956618845 0.001009104191325605 0.0009586489759385586 0.0009107165387831628 0.0008651806856505573 0.000821921625174582 0.0007808255613781512 0.0007417842862196267 0.0007046950631774962 0.0006694603362120688 0.0006359873223118484 0.0006041879532858729 0.0005739785265177488 0.0005452795885503292 0.0005180155858397484 0.000492114806547761 0.0004675090603996068 0.0004441336204763502 0.0004219269321765751 0.0004008305841125548 0.0003807890461757779 0.0003617495822254568 0.0003436621045693755 0.0003264789993409067 0.0003101550391875207 0.0002946472959592938 0.0002799149369820952 0.0002659191959537566 0.0002526232274249196 0.0002399920631432906 0.0002279924665344879 0.0002165928453905508 0.0002057632082141936 0.0001954750478034839 0.000185701297596097 0.0001764162298059091 0.0001675954117672518 0.0001592156477272511 0.0001512548624305055 0.0001436921156710014 0.0001365075149806216 0.0001296821428695694 0.0001231980422744527 0.0001170381437987089 0.0001111862366087735 0.0001056269247783348 0.0001003455763566308 9.532829426461831e-05 9.056187991518527e-05 8.603378955740482e-05 8.173209789674729e-05 7.764549081912264e-05 7.376321445917711e-05 7.007505337242037e-05 6.657130143139511e-05 6.324273999780416e-05 6.008060154272243e-05 5.707656964659691e-05 5.422274261945859e-05 5.151160439709201e-05 4.893602454103529e-05 4.648922185879201e-05 4.416476076585241e-05 4.195652218186297e-05 3.985869625466876e-05 3.786576053244062e-05 3.597247268771753e-05 3.417384868953377e-05 3.246515552746132e-05 3.084189665969461e-05 2.929980109911412e-05 2.783481068036053e-05 2.644307096488774e-05 2.512091668904759e-05 2.386487176408991e-05 2.267162744828966e-05 2.15380459849257e-05 2.046114423137624e-05 1.943808638316114e-05 1.846618215495255e-05 1.754287222865969e-05 1.666572825342882e-05 1.583244193170685e-05 1.50408195622731e-05 1.42887784022605e-05 1.357433939119801e-05 1.289562260353705e-05 1.225084179168334e-05 1.163829983852338e-05 1.105638511944562e-05 1.050356604537228e-05 9.978387424780522e-06 9.47946773521835e-06 9.005494575831108e-06 8.555220119887963e-06 8.127459295792505e-06 7.72108614910394e-06 7.335032023547683e-06 6.968280558794504e-06 6.619866326218471e-06 6.288873009907547e-06 5.974429313937435e-06 5.675708052876871e-06 5.391922513808822e-06 5.122326456330484e-06 4.866210019827122e-06 4.622899723472074e-06 4.39175482824794e-06 4.172166882199235e-06 3.963558356190333e-06 3.765380370168714e-06 3.577111328922911e-06 3.398255785214133e-06 3.228343075534212e-06 3.066925955863553e-06 2.913579692176427e-06 2.767900696198922e-06 2.62950561591424e-06 2.498030426067999e-06 2.373128836552496e-06 2.254472292406717e-06 2.141748609574279e-06 2.034661065408727e-06 1.932927943926188e-06 1.836281512623827e-06 1.744467454045662e-06 1.657244069974695e-06 1.574381826685567e-06 1.495662786510366e-06 1.420879698343924e-06 1.349835656583309e-06 1.282343873754144e-06 1.218226657329069e-06 1.157315296040906e-06 1.099449491448468e-06 1.044477016876044e-06 9.922531489792163e-07 9.426404972145974e-07 8.955084922490641e-07 8.507330448992434e-07 8.081963756012556e-07 7.677865596633637e-07 7.293972430488793e-07 6.929273581590678e-07
 0 0 0 0 0 0 0 0 0 0 0 0 0 0 0 0 0 0 0 0 0 0 0 0 0 0 0 0 0 0 0 0 0 0 0 0 0 0 0 0 0 0 0 0 0 0 0 0 0 0 0 0 0 0 0 0 0 0 0 0 0 0 0 0 0 0 0 0 0 0 0 0 0 0 0 0 0 0 0 0 0 0 0 0 0 0 0 0 0 0 0 0 0 0 0 0 0 0 0 0 0 0 0 0 0 0 0 0 0 0 0 0 0 0 0 0 0 0 0 0 0 0 0 0 0 0 0 0 0 0 0 0 0 0 0 0 0 0 0 0 0 0 0 0 0 0 0 0 0 0 0 0 0 0 0 0 0 0 0 0 0 0 0 0 0 0 0 0 0 0 0 0 0 0 0 0 0 0 0 0 0 0 0 0 0 0 0 0 0 0 0 0 0 0 0 0 0 0 0 0 0 0 0 0 0 0 0 0 0 0 0 0 0 0 0 0 0 0 0 0 0 0 0 0 0 0 0 0 0 0 0 0 0 0 0 0 0 0 0 0 0 0 0 0 0 0 0 0 0 0 0 0 0 0 0 0 0 0 0 0 0 0 0 0 0 0 0 0 0 0 0 0 0 0 0 0 0 0 0 0 0 0 0 0 0 0 0 0 0 0 0 0 0 0 0 0 0 0 0 0 0 0 0 0 0 0 0 0 0 0 0 0 0 0 0 0 0 0 0 0 0 0 0 0 0 0 0 0 0 0 0 0 0 0 0 0 0 0 0 0 0 0 0 0 0 0 0 0 0 0 0 0 0 0 0 0 0 0 0 0 0 0 0 0 0 0 0 0 0 0 0 0 0 0 0 0 0 0 0 0 0 0 0 0 0 0 0 0 0 0 0 0 0 0 0 0 0 0 0 0 0 0 0 0 0 0 0 0 0 0 0 0 0 0 0 0 0 0 0 0 0 0 0 0 0 0 0 0 0 0 0 0 0 0 0 0 0 0 0 0 0 0 0 0 0 0 0 0 0 0 0 0 0 0 0 0 0 0 0 0 0 0 0 0 0 0 0 0 0 0 0 0 0 0 0 0 0 0 0 0 0 0 0 0 0 0 0 0 0 0 0 0 0 0 0 0 0 0 0 0 0 0 0 0 0 0 0 0 0 0 0 0 0 0 0 0 0 0 0 0 0 0 0 0 0 0 0 0 0 0 0 0 0 0 0 0 0 0 0 0 0 0 0 0 0 0 0 0 0 0 0 0 0 0 0 0 0 0 0 0 0 0 0 0 0 0 0 0 0 0 0 0 0 0 0 0 0 0 0 0 0 0 0 0 0 0 0 0 0 0 0 0 0 0 0 0 0 0 0 0
 0 0 0 0 0 0 0 0 0 0 0 0 0 0 0 0 0 0 0 0 0 0 0 0 0 0 0 0 0 0 0 0 0 0 0 0 0 0 0 0 0 0 0 0 0 0 0 0 0 0 0 0 0 0 0 0 0 0 0 0 0 0 0 0 0 0 0 0 0 0 0 0 0 0 0 0 0 0 0 0 0 0 0 0 0 0 0 0 0 0 0 0 0 0 0 0 0 0 0 0 0 0 0 0 0 0 0 0 0 0 0 0 0 0 0 0 0 0 0 0 0 0 0 0 0 0 0 0 0 0 0 0 0 0 0 0 0 0 0 0 0 0 0 0 0 0 0 0 0 0 0 0 0 0 0 0 0 0 0 0 0 0 0 0 0 0 0 0 0 0 0 0 0 0 0 0 0 0 0 0 0 0 0 0 0 0 0 0 0 0 0 0 0 0 0 0 0 0 0 0 0 0 0 0 0 0 0 0 0 0 0 0 0 0 0 0 0 0 0 0 0 0 0 0 0 0 0 0 0 0 0 0 0 0 0 0 0 0 0 0 0 0 0 0 0 0 0 0 0 0 0 0 0 0 0 0 0 0 0 0 0 0 0 0 0 0 0 0 0 0 0 0 0 0 0 0 0 0 0 0 0 0 0 0 0 0 0 0 0 0 0 0 0 0 0 0 0 0 0 0 0 0 0 0 0 0 0 0 0 0 0 0 0 0 0 0 0 0 0 0 0 0 0 0 0 0 0 0 0 0 0 0 0 0 0 0 0 0 0 0 0 0 0 0 0 0 0 0 0 0 0 0 0 0 0 0 0 0 0 0 0 0 0 0 0 0 0 0 0 0 0 0 0 0 0 0 0 0 0 0 0 0 0 0 0 0 0 0 0 0 0 0 0 0 0 0 0 0 0 0 0 0 0 0 0 0 0 0 0 0 0 0 0 0 0 0 0 0 0 0 0 0 0 0 0 0 0 0 0 0 0 0 0 0 0 0 0 0 0 0 0 0 0 0 0 0 0 0 0 0 0 0 0 0 0 0 0 0 0 0 0 0 0 0 0 0 0 0 0 0 0 0 0 0 0 0 0 0 0 0 0 0 0 0 0 0 0 0 0 0 0 0 0 0 0 0 0 0 0 0 0 0 0 0 0 0 0 0 0 0 0 0 0 0 0 0 0 0 0 0 0 0 0 0 0 0 0 0 0 0 0 0 0 0 0 0 0 0 0 0 0 0 0 0 0 0 0 0 0 0 0 0 0 0 0 0 0 0 0 0 0 0 0 0 0 0 0 0 0 0 0 0 0 0 0 0 0 0 0 0 0 0 0 0 0 0 0 0 0 0 0 0 0 0 0 0 0 0 0 0
 0 0 0 0 0 0 0 0 0 0 0 0 0 0 0 0 0 0 0 0 0 0 0 0 0 0 0 0 0 0 0 0 0 0 0 0 0 0 0 0 0 0 0 0 0 0 0 0 0 0 0 0 0 0 0 0 0 0 0 0 0 0 0 0 0 0 0 0 0 0 0 0 0 0 0 0 0 0 0 0 0 0 0 0 0 0 0 0 0 0 0 0 0 0 0 0 0 0 0 0 0 0 0 0 0 0 0 0 0 0 0 0 0 0 0 0 0 0 0 0 0 0 0 0 0 0 0 0 0 0 0 0 0 0 0 0 0 0 0 0 0 0 0 0 0 0 0 0 0 0 0 0 0 0 0 0 0 0 0 0 0 0 0 0 0 0 0 0 0 0 0 0 0 0 0 0 0 0 0 0 0 0 0 0 0 0 0 0 0 0 0 0 0 0 0 0 0 0 0 0 0 0 0 0 0 0 0 0 0 0 0 0 0 0 0 0 0 0 0 0 0 0 0 0 0 0 0 0 0 0 0 0 0 0 0 0 0 0 0 0 0 0 0 0 0 0 0 0 0 0 0 0 0 0 0 0 0 0 0 0 0 0 0 0 0 0 0 0 0 0 0 0 0 0 0 0 0 0 0 0 0 0 0 0 0 0 0 0 0 0 0 0 0 0 0 0 0 0 0 0 0 0 0 0 0 0 0 0 0 0 0 0 0 0 0 0 0 0 0 0 0 0 0 0 0 0 0 0 0 0 0 0 0 0 0 0 0 0 0 0 0 0 0 0 0 0 0 0 0 0 0 0 0 0 0 0 0 0 0 0 0 0 0 0 0 0 0 0 0 0 0 0 0 0 0 0 0 0 0 0 0 0 0 0 0 0 0 0 0 0 0 0 0 0 0 0 0 0 0 0 0 0 0 0 0 0 0 0 0 0 0 0 0 0 0 0 0 0 0 0 0 0 0 0 0 0 0 0 0 0 0 0 0 0 0 0 0 0 0 0 0 0 0 0 0 0 0 0 0 0 0 0 0 0 0 0 0 0 0 0 0 0 0 0 0 0 0 0 0 0 0 0 0 0 0 0 0 0 0 0 0 0 0 0 0 0 0 0 0 0 0 0 0 0 0 0 0 0 0 0 0 0 0 0 0 0 0 0 0 0 0 0 0 0 0 0 0 0 0 0 0 0 0 0 0 0 0 0 0 0 0 0 0 0 0 0 0 0 0 0 0 0 0 0 0 0 0 0 0 0 0 0 0 0 0 0 0 0 0 0 0 0 0 0 0 0 0 0 0 0 0 0 0 0 0 0 0 0 0 0 0 0 0 0 0 0 0 0 0 0 0 0 0 0 0 0 0 0 0 0
 0 0 0 0 0 0 0 0 0 0 0 0 0 0 0 0 0 0 0 0 0 0 0 0 0 0 0 0 0 0 0 0 0 0 0 0 0 0 0 0 0 0 0 0 0 0 0 0 0 0 0 0 0 0 0 0 0 0 0 0 0 0 0 0 0 0 0 0 0 0 0 0 0 0 0 0 0 0 0 0 0 0 0 0 0 0 0 0 0 0 0 0 0 0 0 0 0 0 0 0 0 0 0 0 0 0 0 0 0 0 0 0 0 0 0 0 0 0 0 0 0 0 0 0 0 0 0 0 0 0 0 0 0 0 0 0 0 0 0 0 0 0 0 0 0 0 0 0 0 0 0 0 0 0 0 0 0 0 0 0 0 0 0 0 0 0 0 0 0 0 0 0 0 0 0 0 0 0 0 0 0 0 0 0 0 0 0 0 0 0 0 0 0 0 0 0 0 0 0 0 0 0 0 0 0 0 0 0 0 0 0 0 0 0 0 0 0 0 0 0 0 0 0 0 0 0 0 0 0 0 0 0 0 0 0 0 0 0 0 0 0 0 0 0 0 0 0 0 0 0 0 0 0 0 0 0 0 0 0 0 0 0 0 0 0 0 0 0 0 0 0 0 0 0 0 0 0 0 0 0 0 0 0 0 0 0 0 0 0 0 0 0 0 0 0 0 0 0 0 0 0 0 0 0 0 0 0 0 0 0 0 0 0 0 0 0 0 0 0 0 0 0 0 0 0.000155527304741554 0.0006612298311665654 0.001514869043603539 0.002731621265411377 0.004298461135476828 0.006205116864293814 0.008416274562478065 0.01091392152011395 0.01369732525199652 0.01673365756869316 0.01999283023178577 0.02343635633587837 0.0270615927875042 0.0308659765869379 0.03487275540828705 0.03906174004077911 0.04343191161751747 0.04798723012208939 0.05273696407675743 0.05767123401165009 0.06278181821107864 0.06803254038095474 0.07339556515216827 0.07885002344846725 0.08436860144138336 0.08994822204113007 0.0955837145447731 0.1012687981128693 0.1069851070642471 0.1127277165651321 0.1184847801923752 0.1242427676916122 0.1299792975187302 0.1356414258480072 0.1396727859973907 0.1410656869411469 0.1391657590866089 0.1335849165916443 0.1269056648015976 0.1205603778362274 0.114532358944416 0.108805738389492 0.1033654510974884 0.09819717705249786 0.09328731894493103 0.08862295001745224 0.08419179916381836 0.0799822062253952 0.07598309218883514 0.07218393683433533 0.06857474148273468 0.06514600664377213 0.06188870593905449 0.05879427120089531 0.05585455894470215 0.0530618317425251 0.0504087395966053 0.04788830131292343 0.04549388587474823 0.0432191900908947 0.04105823114514351 0.03900532051920891 0.03705505281686783 0.03520230203866959 0.0334421880543232 0.03177008032798767 0.03018157556653023 0.02867249771952629 0.0272388719022274 0.02587692812085152 0.02458308264613152 0.02335392870008945 0.02218623273074627 0.02107692137360573 0.02002307586371899 0.01902192272245884 0.01807082630693913 0.01716728508472443 0.01630892045795918 0.0154934749007225 0.01471880078315735 0.01398286037147045 0.01328371744602919 0.01261953171342611 0.01198855508118868 0.01138912700116634 0.01081967074424028 0.01027868688106537 0.009764752350747585 0.009276514872908592 0.00881268922239542 0.008372054435312748 0.007953451946377754 0.007555779535323381 0.007177990395575762 0.006819090805947781 0.006478136405348778 0.006154229398816824 0.005846518091857433 0.00555419223383069 0.005276482552289963 0.005012658424675465 0.00476202555000782 0.004523924086242914 0.004297727718949318 0.004082841333001852 0.003878699149936438 0.003684764262288809 0.003500526072457433 0.003325499827042222 0.003159224754199386 0.003001263597980142 0.002851200522854924 0.002708640415221453 0.002573208417743444 0.002444548066705465 0.002322320593520999 0.002206204459071159 0.002095894189551473 0.001991099445149302 0.001891544437967241 0.001796967233531177 0.001707118819467723 0.001621762872673571 0.001540674711577594 0.001463640946894884 0.00139045889955014 0.001320935902185738 0.001254889066331089 0.001192144583910704 0.001132537377998233 0.001075910520739853 0.001022115000523627 0.0009710092563182116 0.0009224587702192366 0.0008763358346186578 0.0008325190283358097 0.0007908931002020836 0.0007513484451919794 0.0007137810462154448 0.0006780920084565878 0.000644187384750694 0.0006119780009612441 0.000581379106733948 0.0005523101426661015 0.0005246946238912642 0.0004984599072486162 0.0004735369002446532 0.0004498600610531867 0.0004273670492693782 0.0004059986968059093 0.0003856987750623375 0.0003664138494059443 0.0003480931627564132 0.0003306884900666773 0.0003141540801152587 0.0002984463644679636 0.0002835240447893739 0.000269347830908373 0.0002558804408181459 0.0002430864260531962 0.0002309320989297703 0.0002193854888901114 0.0002084162115352228 0.0001979953958652914 0.0001880956260720268 0.0001786908396752551 0.0001697562984190881 0.0001612684864085168 0.0001532050664536655 0.0001455448073102161 0.0001382675691274926 0.0001313541870331392 0.0001247864711331204 0.0001185471483040601 0.0001126197894336656 0.0001069888021447696 0.000101639365311712 9.655739995650947e-05 9.172953286906704e-05 8.714305295143276e-05 8.278590394183993e-05 7.864661165513098e-05 7.471428398275748e-05 7.097856723703444e-05 6.742963887518272e-05 6.40581565676257e-05 6.085524728405289e-05 5.781248546554707e-05 5.492186028277501e-05 5.217576836002991e-05 4.956698103342205e-05 4.708863343694247e-05 4.473420267459005e-05 4.249749326845631e-05 4.037261896883138e-05 3.835398820228875e-05 3.643628951977007e-05 3.46144734066911e-05 3.288374864496291e-05 3.1239560485119e-05 2.967758337035775e-05 2.819370456563774e-05 2.678401870070957e-05 2.544481685617939e-05 2.417257564957254e-05 2.296394632139709e-05 2.181574927817564e-05 2.072496135951951e-05 1.96887140191393e-05 1.870427877292968e-05 1.776906537998002e-05 1.688061274762731e-05 1.603658165549859e-05 1.523475293652155e-05 1.447301565349335e-05 1.37493652800913e-05 1.306189733440988e-05 1.240880283148726e-05 1.178836282633711e-05 1.119894477596972e-05 1.063899799191859e-05 1.010704818327213e-05 9.601695637684315e-06 9.121610673901159e-06 8.665530003781896e-06 8.232253094320185e-06 7.820640348654706e-06 7.429608558595646e-06 7.058128176140599e-06 6.705221949232509e-06 6.369960829033516e-06 6.0514626056829e-06 5.748889634560328e-06 5.461445198307047e-06 5.188373052078532e-06 4.928954240313033e-06 4.682506641984219e-06 4.448381332622375e-06 4.225962129567051e-06 4.014664227725007e-06 3.813931016338756e-06 3.623234533733921e-06 3.442072738835122e-06 3.269969056418631e-06 3.106470558122965e-06 2.951147052954184e-06 2.803589723043842e-06 2.663410214154283e-06 2.530239726183936e-06 2.403727648925269e-06 2.283541334691108e-06 2.169364279325237e-06 2.060896122202394e-06 1.957851281986223e-06 1.859958729255595e-06 1.766960849636234e-06 1.678612761679688e-06 1.594682089489652e-06 1.514947939540434e-06 1.439200559616438e-06 1.3672405430043e-06 1.298878487432376e-06 1.233934540323389e-06 1.172237830360245e-06 1.11362589905184e-06 1.057944587046222e-06 1.005047352009569e-06 9.547950412525097e-07 9.070552664525167e-07 8.617025173407455e-07 8.186173658941698e-07 7.776865231789998e-07 7.388022140730754e-07 7.018621204224473e-07 6.667690399808635e-07
 0 0 0 0 0 0 0 0 0 0 0 0 0 0 0 0 0 0 0 0 0 0 0 0 0 0 0 0 0 0 0 0 0 0 0 0 0 0 0 0 0 0 0 0 0 0 0 0 0 0 0 0 0 0 0 0 0 0 0 0 0 0 0 0 0 0 0 0 0 0 0 0 0 0 0 0 0 0 0 0 0 0 0 0 0 0 0 0 0 0 0 0 0 0 0 0 0 0 0 0 0 0 0 0 0 0 0 0 0 0 0 0 0 0 0 0 0 0 0 0 0 0 0 0 0 0 0 0 0 0 0 0 0 0 0 0 0 0 0 0 0 0 0 0 0 0 0 0 0 0 0 0 0 0 0 0 0 0 0 0 0 0 0 0 0 0 0 0 0 0 0 0 0 0 0 0 0 0 0 0 0 0 0 0 0 0 0 0 0 0 0 0 0 0 0 0 0 0 0 0 0 0 0 0 0 0 0 0 0 0 0 0 0 0 0 0 0 0 0 0 0 0 0 0 0 0 0 0 0 0 0 0 0 0 0 0 0 0 0 0 0 0 0 0 0 0 0 0 0 0 0 0 0 0 0 0 0 0 0 0 0 0 0 0 0 0 0 0 0 0 0 0 0 0 0 0 0 0 0 0 0 0 0 0 0 0 0 0 0 0 0 0 0 0 0 0 0 0 0 0 0 0 0 0 0 0 0 0 0 0 0 0 0 0 0 0 0 0 0 0 0 0 0 0 0 0 0 0 0 0 0 0 0 0 0 0 0 0 0 0 0 0 0 0 0 0 0 0 0 0 0 0 0 0 0 0 0 0 0 0 0 0 0 0 0 0 0 0 0 0 0 0 0 0 0 0 0 0 0 0 0 0 0 0 0 0 0 0 0 0 0 0 0 0 0 0 0 0 0 0 0 0 0 0 0 0 0 0 0 0 0 0 0 0 0 0 0 0 0 0 0 0 0 0 0 0 0 0 0 0 0 0 0 0 0 0 0 0 0 0 0 0 0 0 0 0 0 0 0 0 0 0 0 0 0 0 0 0 0 0 0 0 0 0 0 0 0 0 0 0 0 0 0 0 0 0 0 0 0 0 0 0 0 0 0 0 0 0 0 0 0 0 0 0 0 0 0 0 0 0 0 0 0 0 0 0 0 0 0 0 0 0 0 0 0 0 0 0 0 0 0 0 0 0 0 0 0 0 0 0 0 0 0 0 0 0 0 0 0 0 0 0 0 0 0 0 0 0 0 0 0 0 0 0 0 0 0 0 0 0 0 0 0 0 0 0 0 0 0 0 0 0 0 0 0 0 0 0 0 0 0 0 0 0 0 0 0 0 0 0 0 0 0 0 0 0 0 0 0 0
 0 0 0 0 0 0 0 0 0 0 0 0 0 0 0 0 0 0 0 0 0 0 0 0 0 0 0 0 0 0 0 0 0 0 0 0 0 0 0 0 0 0 0 0 0 0 0 0 0 0 0 0 0 0 0 0 0 0 0 0 0 0 0 0 0 0 0 0 0 0 0 0 0 0 0 0 0 0 0 0 0 0 0 0 0 0 0 0 0 0 0 0 0 0 0 0 0 0 0 0 0 0 0 0 0 0 0 0 0 0 0 0 0 0 0 0 0 0 0 0 0 0 0 0 0 0 0 0 0 0 0 0 0 0 0 0 0 0 0 0 0 0 0 0 0 0 0 0 0 0 0 0 0 0 0 0 0 0 0 0 0 0 0 0 0 0 0 0 0 0 0 0 0 0 0 0 0 0 0 0 0 0 0 0 0 0 0 0 0 0 0 0 0 0 0 0 0 0 0 0 0 0 0 0 0 0 0 0 0 0 0 0 0 0 0 0 0 0 0 0 0 0 0 0 0 0 0 0 0 0 0 0 0 0 0 0 0 0 0 0 0 0 0 0 0 0 0 0 0 0 0 0 0 0 0 0 0 0 0 0 0 0 0 0 0 0 0 0 0 0 0 0 0 0 0 0 0 0 0 0 0 0 0 0 0 0 0 0 0 0 0 0 0 0 0 0 0 0 0 0 0 0 0 0 0 0 0 0 0 0 0 0 0 0 0 0 0 0 0 0 0 0 0 0 0 0 0 0 0 0 0 0 0 0 0 0 0 0 0 0 0 0 0 0 0 0 0 0 0 0 0 0 0 0 0 0 0 0 0 0 0 0 0 0 0 0 0 0 0 0 0 0 0 0 0 0 0 0 0 0 0 0 0 0 0 0 0 0 0 0 0 0 0 0 0 0 0 0 0 0 0 0 0 0 0 0 0 0 0 0 0 0 0 0 0 0 0 0 0 0 0 0 0 0 0 0 0 0 0 0 0 0 0 0 0 0 0 0 0 0 0 0 0 0 0 0 0 0 0 0 0 0 0 0 0 0 0 0 0 0 0 0 0 0 0 0 0 0 0 0 0 0 0 0 0 0 0 0 0 0 0 0 0 0 0 0 0 0 0 0 0 0 0 0 0 0 0 0 0 0 0 0 0 0 0 0 0 0 0 0 0 0 0 0 0 0 0 0 0 0 0 0 0 0 0 0 0 0 0 0 0 0 0 0 0 0 0 0 0 0 0 0 0 0 0 0 0 0 0 0 0 0 0 0 0 0 0 0 0 0 0 0 0 0 0 0 0 0 0 0 0 0 0 0 0 0 0 0 0 0 0 0 0 0 0 0 0 0 0 0 0 0 0 0 0 0 0 0 0 0


# name: r_0_m7_G0_L0p3_D0p7
# type: matrix
# rows: 1
# columns: 14
 0 -7 0.2 0 0.3 0 -3.478976666666667 0 0 0.1608703259978878 0 160.5 1.224744871391589 0.7




