# Created by Octave 3.8.2, Wed Jul 05 10:40:02 2017 BST <co1ssj@node117>
# name: result
# type: scalar struct
# ndims: 2
 1 1
# length: 3
# name: params
# type: scalar struct
# ndims: 2
 1 1
# length: 18
# name: cleanup
# type: scalar
0


# name: num_runs
# type: scalar
6


# name: dopamine
# type: scalar
0.7


# name: targetCross
# type: scalar
1


# name: targetLuminance
# type: scalar
0.3


# name: targetWidthX
# type: scalar
6


# name: targetWidthY
# type: scalar
2


# name: fixCross
# type: scalar
1


# name: fixLuminance
# type: scalar
0.2


# name: fixWidthX
# type: scalar
6


# name: fixWidthY
# type: scalar
2


# name: fixOn
# type: scalar
0


# name: targetOff
# type: scalar
1


# name: targetOn
# type: scalar
0.2


# name: fixOff
# type: scalar
0.2


# name: targetThetaX
# type: scalar
0


# name: targetThetaY
# type: scalar
-10


# name: exptnum
# type: scalar
0




# name: r_0_m10_G0_L0p3_D0p7_llbn
# type: matrix
# rows: 24
# columns: 600
 0 0 0 0 0 0 0 0 0 0 0 0 0 0 0 0 0 0 0 0 0 0 0 0 0 0 0 0 0 0 0 0 0 0 0 0 0 0 0 0 0 0 0 0 0 0 0 0 0 0 0 0 0 0 0 0 0 0 0 0 0 0 0 0 0 0 0 0 0 0 0 0 0 0 0 0 0 0 0 0 0 0 0 0 0 0 0 0 0 0 0 0 0 0 0 0 0 0 0 0 0 0 0 0 0 0 0 0 0 0 0 0 0 0 0 0 0 0 0 0 0 0 0 0 0 0 0 0 0 0 0 0 0 0 0 0 0 0 0 0 0 0 0 0 0 0 0 0 0 0 0 0 0 0 0 0 0 0 0 0 0 0 0 0 0 0 0 0 0 0 0 0 0 0 0 0 0 0 0 0 0 0 0 0 0 0 0 0 0 0 0 0 0 0 0 0 0 0 0 0 0 0 0 0 0 0 0 0 0 0 0 0 0 0 0 0 0 0 0 0 0 0 0 0 0 0 0 0 0 0 0 0 0 0 0 0 0 0 0 0 0 0 0 0 0 0 0 0 0 0 0 0 0 0 0 0 0 0 0 0 0 0 0 0 0 0 0 0 0 0 0 0 0 0 0 0 0 0 0 0 0 0 0 0 0 0 0 0 0 0 0 0 0 0 0 0 0 0 0 0 0 0 0 0 0 0 0 0 0 0 0 0 0 0 0 0 0 0 0 0 0 0 0 0 0 0 0 0 0 0 0 0 0 0 0 0 0 0 0 0 0 0 0 0 0 0 0 0 0 0 0 0 0 0 0 0 0 0 0 0 0 0 0 0 0 0 0 0 0 0 0 0 0 0 0 0 0 0 0 0 0 0 0 0 0 0 0 0 0 0 0 0 0 0 0 0 0 0 0 0 0 0 0 0 0 0 0 0 0 0 0 0 0 0 0 0 0 0 0 0 0 0 0 0 0 0 0 0 0 0 0 0 0 0 0 0 0 0 0 0 0 0 0 0 0 0 0 0 0 0 0 0 0 0 0 0 0 0 0 0 0 0 0 0 0 0 0 0 0 0 0 0 0 0 0 0 0 0 0 0 0 0 0 0 0 0 0 0 0 0 0 0 0 0 0 0 0 0 0 0 0 0 0 0 0 0 0 0 0 0 0 0 0 0 0 0 0 0 0 0 0 0 0 0 0 0 0 0 0 0 0 0 0 0 0 0 0 0 0 0 0 0 0 0 0 0 0 0 0 0 0 0 0 0 0 0 0 0 0 0 0 0 0 0 0 0 0 0 0 0 0 0 0 0 0 0 0 0 0 0 0 0 0 0 0 0 0 0 0 0 0 0 0 0 0 0 0 0 0 0
 0 0 0 0 0 0 0 0 0 0 0 0 0 0 0 0 0 0 0 0 0 0 0 0 0 0 0 0 0 0 0 0 0 0 0 0 0 0 0 0 0 0 0 0 0 0 0 0 0 0 0 0 0 0 0 0 0 0 0 0 0 0 0 0 0 0 0 0 0 0 0 0 0 0 0 0 0 0 0 0 0 0 0 0 0 0 0 0 0 0 0 0 0 0 0 0 0 0 0 0 0 0 0 0 0 0 0 0 0 0 0 0 0 0 0 0 0 0 0 0 0 0 0 0 0 0 0 0 0 0 0 0 0 0 0 0 0 0 0 0 0 0 0 0 0 0 0 0 0 0 0 0 0 0 0 0 0 0 0 0 0 0 0 0 0 0 0 0 0 0 0 0 0 0 0 0 0 0 0 0 0 0 0 0 0 0 0 0 0 0 0 0 0 0 0 0 0 0 0 0 0 0 0 0 0 0 0 0 0 0 0 0 0 0 0 0 0 0 0 0 0 0 0 0 0 0 0 0 0 0 0 0 0 0 0 0 0 0 0 0 0 0 0 0 0 0 0 0 0 0 0 0 0 0 0 0 0 0 0 0 0 0 0 0 0 0 0 0 0 0 0 0 0 0 0 0 0 0 0 0 0 0 0 0 0 0 0 0 0 0 0 0 0 0 0 0 0 0 0 0 0 0 0 0 0 0 0 0 0 0 0 0 0 0 0 0 0 0 0 0 0 0 0.0002662083134055138 0.00104530923999846 0.00231963349506259 0.004076249431818724 0.006356924772262573 0.009166608564555645 0.01255451329052448 0.01656023040413857 0.02118818089365959 0.02641237527132034 0.03223565220832825 0.03867761045694351 0.04568803310394287 0.05326173081994057 0.06136108189821243 0.06990358978509903 0.07881899923086166 0.0880313366651535 0.0975012332201004 0.1072346717119217 0.1172267645597458 0.1274288296699524 0.137815535068512 0.1483725160360336 0.1591251045465469 0.1700628101825714 0.1811786293983459 0.1924447268247604 0.2039219737052917 0.2142013907432556 0.2214040905237198 0.2242524474859238 0.2219243496656418 0.213841125369072 0.2031490653753281 0.1929916143417358 0.1833420395851135 0.1741749346256256 0.1654661893844604 0.1571928858757019 0.1493332386016846 0.1418665796518326 0.1347732543945312 0.1280345916748047 0.1216328591108322 0.1155512183904648 0.1097736582159996 0.1042849719524384 0.0990707203745842 0.0941171869635582 0.08941132575273514 0.08494076132774353 0.08069372177124023 0.07665903866291046 0.072826087474823 0.06918478012084961 0.06572554260492325 0.06243926659226418 0.05931730195879936 0.056351438164711 0.05353386700153351 0.05085717514157295 0.04831431806087494 0.04589860141277313 0.04360366985201836 0.0414234846830368 0.03935230895876884 0.03738469257950783 0.03551545739173889 0.03373968601226807 0.03205270320177078 0.03045006841421127 0.02892756462097168 0.02748118713498116 0.02610712870955467 0.02480177208781242 0.02356168255209923 0.02238359861075878 0.02126441895961761 0.02020119875669479 0.01919113844633102 0.0182315818965435 0.01732000336050987 0.01645400375127792 0.015631303191185 0.01484973821789026 0.01410725153982639 0.01340188924223185 0.01273179519921541 0.01209520548582077 0.01149044558405876 0.01091592293232679 0.01037012692540884 0.009851620532572269 0.00935903936624527 0.008891087025403976 0.008446532301604748 0.008024205453693867 0.007622995413839817 0.007241845596581697 0.006879753433167934 0.006535765714943409 0.006208977662026882 0.005898528732359409 0.005603602156043053 0.005323422141373158 0.005057251080870628 0.004804388619959354 0.004564169328659773 0.00433596083894372 0.004119162913411856 0.003913204651325941 0.003717544488608837 0.003531667171046138 0.00335508375428617 0.003187329508364201 0.003027962986379862 0.002876564860343933 0.002732736524194479 0.002596099628135562 0.00246629468165338 0.00234297988936305 0.002225830918177962 0.002114539267495275 0.002008812269195914 0.001908371690660715 0.001812953152693808 0.001722305547446012 0.001636190223507583 0.001554380753077567 0.001476661767810583 0.001402828725986183 0.001332687330432236 0.001266052946448326 0.001202750252559781 0.001142612774856389 0.001085482188500464 0.001031208084896207 0.0009796477388590574 0.0009306653519161046 0.0008841321105137467 0.0008399254875257611 0.0007979292422533035 0.0007580327801406384 0.0007201311527751386 0.0006841245922259986 0.0006499183364212513 0.0006174223963171244 0.000586551264859736 0.0005572236841544509 0.0005293624708428979 0.0005028943414799869 0.0004777496214956045 0.0004538621287792921 0.0004311690281610936 0.0004096105694770813 0.0003891300293616951 0.0003696735366247594 0.0003511898685246706 0.0003336303634569049 0.0003169488336425275 0.0003011013905052096 0.0002860463282559067 0.0002717440074775368 0.0002581567969173193 0.0002452489570714533 0.0002329865092178807 0.0002213371772086248 0.0002102703147102147 0.0001997568033402786 0.0001897689653560519 0.0001802805199986324 0.000171266496181488 0.0001627031742827967 0.0001545680133858696 0.0001468396076234058 0.0001394976279698312 0.0001325227494817227 0.000125896607642062 0.0001196017765323631 0.0001136216887971386 0.000107940606540069 0.0001025435776682571 9.741639951243997e-05 9.254558244720101e-05 8.791830623522401e-05 8.352239092346281e-05 7.934626773931086e-05 7.537895726272836e-05 7.161001121858135e-05 6.802951247664168e-05 6.4628038671799e-05 6.139664037618786e-05 5.832680835737847e-05 5.541046630241908e-05 5.263994171400554e-05 5.000794408260845e-05 4.750754669657908e-05 4.513216845225543e-05 4.28755593020469e-05 4.073178206454031e-05 3.869519423460588e-05 3.676043343148194e-05 3.492241012281738e-05 3.317628943477757e-05 3.151747660012916e-05 2.994160240632482e-05 2.844452319550328e-05 2.702229721762706e-05 2.567118281149305e-05 2.438762385281734e-05 2.316824247827753e-05 2.200982999056578e-05 2.090933776344173e-05 1.986386996577494e-05 1.887067628558725e-05 1.792714283510577e-05 1.703078487480525e-05 1.61792449944187e-05 1.537028219900094e-05 1.460176827094983e-05 1.387167958455393e-05 1.317809528700309e-05 1.251919093192555e-05 1.189323120343033e-05 1.129856991610723e-05 1.073364182957448e-05 1.01969599199947e-05 9.687111742096022e-06 9.20275579119334e-06 8.742617865209468e-06 8.305487426696345e-06 7.890213055361528e-06 7.495702448068187e-06 7.120917416614247e-06 6.764871613995638e-06 6.42662780592218e-06 6.105296506575542e-06 5.800031885883072e-06 5.510030405275756e-06 5.234528998698806e-06 4.972802344127558e-06 4.724162408820121e-06 4.487954356591217e-06 4.263556547812186e-06 4.050378720421577e-06 3.847859716188395e-06 3.655466798591078e-06 3.472693379080738e-06 3.299058789707487e-06 3.13410578201001e-06 2.977400527015561e-06 2.828530568876886e-06 2.687104142751195e-06 2.55274903793179e-06 2.425111688353354e-06 2.303856035723584e-06 2.188663302149507e-06 2.079230171148083e-06 1.975268560272525e-06 1.87650516636495e-06 1.782679873940651e-06 1.693545868874935e-06 1.608868615221581e-06 1.528425173091819e-06 1.452003971280647e-06 1.379403784085298e-06 1.310433617618401e-06 1.244911914000113e-06 1.182666323984449e-06 1.123533024838252e-06 1.067356379280682e-06 1.013988594422699e-06 9.632891533328802e-07 9.151247013505781e-07 8.69368477651733e-07 8.259000310317788e-07 7.846050493753864e-07
 0 0 0 0 0 0 0 0 0 0 0 0 0 0 0 0 0 0 0 0 0 0 0 0 0 0 0 0 0 0 0 0 0 0 0 0 0 0 0 0 0 0 0 0 0 0 0 0 0 0 0 0 0 0 0 0 0 0 0 0 0 0 0 0 0 0 0 0 0 0 0 0 0 0 0 0 0 0 0 0 0 0 0 0 0 0 0 0 0 0 0 0 0 0 0 0 0 0 0 0 0 0 0 0 0 0 0 0 0 0 0 0 0 0 0 0 0 0 0 0 0 0 0 0 0 0 0 0 0 0 0 0 0 0 0 0 0 0 0 0 0 0 0 0 0 0 0 0 0 0 0 0 0 0 0 0 0 0 0 0 0 0 0 0 0 0 0 0 0 0 0 0 0 0 0 0 0 0 0 0 0 0 0 0 0 0 0 0 0 0 0 0 0 0 0 0 0 0 0 0 0 0 0 0 0 0 0 0 0 0 0 0 0 0 0 0 0 0 0 0 0 0 0 0 0 0 0 0 0 0 0 0 0 0 0 0 0 0 0 0 0 0 0 0 0 0 0 0 0 0 0 0 0 0 0 0 0 0 0 0 0 0 0 0 0 0 0 0 0 0 0 0 0 0 0 0 0 0 0 0 0 0 0 0 0 0 0 0 0 0 0 0 0 0 0 0 0 0 0 0 0 0 0 0 0 0 0 0 0 0 0 0 0 0 0 0 0 0 0 0 0 0 0 0 0 0 0 0 0 0 0 0 0 0 0 0 0 0 0 0 0 0 0 0 0 0 0 0 0 0 0 0 0 0 0 0 0 0 0 0 0 0 0 0 0 0 0 0 0 0 0 0 0 0 0 0 0 0 0 0 0 0 0 0 0 0 0 0 0 0 0 0 0 0 0 0 0 0 0 0 0 0 0 0 0 0 0 0 0 0 0 0 0 0 0 0 0 0 0 0 0 0 0 0 0 0 0 0 0 0 0 0 0 0 0 0 0 0 0 0 0 0 0 0 0 0 0 0 0 0 0 0 0 0 0 0 0 0 0 0 0 0 0 0 0 0 0 0 0 0 0 0 0 0 0 0 0 0 0 0 0 0 0 0 0 0 0 0 0 0 0 0 0 0 0 0 0 0 0 0 0 0 0 0 0 0 0 0 0 0 0 0 0 0 0 0 0 0 0 0 0 0 0 0 0 0 0 0 0 0 0 0 0 0 0 0 0 0 0 0 0 0 0 0 0 0 0 0 0 0 0 0 0 0 0 0 0 0 0 0 0 0 0 0 0 0 0 0 0 0 0 0 0 0 0 0 0 0 0 0 0 0 0 0 0 0 0 0 0 0 0 0 0 0 0 0 0 0 0 0
 0 0 0 0 0 0 0 0 0 0 0 0 0 0 0 0 0 0 0 0 0 0 0 0 0 0 0 0 0 0 0 0 0 0 0 0 0 0 0 0 0 0 0 0 0 0 0 0 0 0 0 0 0 0 0 0 0 0 0 0 0 0 0 0 0 0 0 0 0 0 0 0 0 0 0 0 0 0 0 0 0 0 0 0 0 0 0 0 0 0 0 0 0 0 0 0 0 0 0 0 0 0 0 0 0 0 0 0 0 0 0 0 0 0 0 0 0 0 0 0 0 0 0 0 0 0 0 0 0 0 0 0 0 0 0 0 0 0 0 0 0 0 0 0 0 0 0 0 0 0 0 0 0 0 0 0 0 0 0 0 0 0 0 0 0 0 0 0 0 0 0 0 0 0 0 0 0 0 0 0 0 0 0 0 0 0 0 0 0 0 0 0 0 0 0 0 0 0 0 0 0 0 0 0 0 0 0 0 0 0 0 0 0 0 0 0 0 0 0 0 0 0 0 0 0 0 0 0 0 0 0 0 0 0 0 0 0 0 0 0 0 0 0 0 0 0 0 0 0 0 0 0 0 0 0 0 0 0 0 0 0 0 0 0 0 0 0 0 0 0 0 0 0 0 0 0 0 0 0 0 0 0 0 0 0 0 0 0 0 0 0 0 0 0 0 0 0 0 0 0 0 0 0 0 0 0 0 0 0 0 0 0 0 0 0 0 0 0 0 0 0 0 0 0 0 0 0 0 0 0 0 0 0 0 0 0 0 0 0 0 0 0 0 0 0 0 0 0 0 0 0 0 0 0 0 0 0 0 0 0 0 0 0 0 0 0 0 0 0 0 0 0 0 0 0 0 0 0 0 0 0 0 0 0 0 0 0 0 0 0 0 0 0 0 0 0 0 0 0 0 0 0 0 0 0 0 0 0 0 0 0 0 0 0 0 0 0 0 0 0 0 0 0 0 0 0 0 0 0 0 0 0 0 0 0 0 0 0 0 0 0 0 0 0 0 0 0 0 0 0 0 0 0 0 0 0 0 0 0 0 0 0 0 0 0 0 0 0 0 0 0 0 0 0 0 0 0 0 0 0 0 0 0 0 0 0 0 0 0 0 0 0 0 0 0 0 0 0 0 0 0 0 0 0 0 0 0 0 0 0 0 0 0 0 0 0 0 0 0 0 0 0 0 0 0 0 0 0 0 0 0 0 0 0 0 0 0 0 0 0 0 0 0 0 0 0 0 0 0 0 0 0 0 0 0 0 0 0 0 0 0 0 0 0 0 0 0 0 0 0 0 0 0 0 0 0 0 0 0 0 0 0 0 0 0 0 0 0 0 0 0 0 0 0 0 0 0 0 0 0
 0 0 0 0 0 0 0 0 0 0 0 0 0 0 0 0 0 0 0 0 0 0 0 0 0 0 0 0 0 0 0 0 0 0 0 0 0 0 0 0 0 0 0 0 0 0 0 0 0 0 0 0 0 0 0 0 0 0 0 0 0 0 0 0 0 0 0 0 0 0 0 0 0 0 0 0 0 0 0 0 0 0 0 0 0 0 0 0 0 0 0 0 0 0 0 0 0 0 0 0 0 0 0 0 0 0 0 0 0 0 0 0 0 0 0 0 0 0 0 0 0 0 0 0 0 0 0 0 0 0 0 0 0 0 0 0 0 0 0 0 0 0 0 0 0 0 0 0 0 0 0 0 0 0 0 0 0 0 0 0 0 0 0 0 0 0 0 0 0 0 0 0 0 0 0 0 0 0 0 0 0 0 0 0 0 0 0 0 0 0 0 0 0 0 0 0 0 0 0 0 0 0 0 0 0 0 0 0 0 0 0 0 0 0 0 0 0 0 0 0 0 0 0 0 0 0 0 0 0 0 0 0 0 0 0 0 0 0 0 0 0 0 0 0 0 0 0 0 0 0 0 0 0 0 0 0 0 0 0 0 0 0 0 0 0 0 0 0 0 0 0 0 0 0 0 0 0 0 0 0 0 0 0 0 0 0 0 0 0 0 0 0 0 0 0 0 0 0 0 0 0 0 0 0 0 0 0 0 0 0 0 0 0 0 0 0 0 0 0 0 0 0 0 0 0 0 0 0 0 0 0 0 0 0 0 0 0 0 0 0 0 0 0 0 0 0 0 0 0 0 0 0 0 0 0 0 0 0 0 0 0 0 0 0 0 0 0 0 0 0 0 0 0 0 0 0 0 0 0 0 0 0 0 0 0 0 0 0 0 0 0 0 0 0 0 0 0 0 0 0 0 0 0 0 0 0 0 0 0 0 0 0 0 0 0 0 0 0 0 0 0 0 0 0 0 0 0 0 0 0 0 0 0 0 0 0 0 0 0 0 0 0 0 0 0 0 0 0 0 0 0 0 0 0 0 0 0 0 0 0 0 0 0 0 0 0 0 0 0 0 0 0 0 0 0 0 0 0 0 0 0 0 0 0 0 0 0 0 0 0 0 0 0 0 0 0 0 0 0 0 0 0 0 0 0 0 0 0 0 0 0 0 0 0 0 0 0 0 0 0 0 0 0 0 0 0 0 0 0 0 0 0 0 0 0 0 0 0 0 0 0 0 0 0 0 0 0 0 0 0 0 0 0 0 0 0 0 0 0 0 0 0 0 0 0 0 0 0 0 0 0 0 0 0 0 0 0 0 0 0 0 0 0 0 0 0 0 0 0 0 0 0 0 0 0 0 0 0 0 0
 0 0 0 0 0 0 0 0 0 0 0 0 0 0 0 0 0 0 0 0 0 0 0 0 0 0 0 0 0 0 0 0 0 0 0 0 0 0 0 0 0 0 0 0 0 0 0 0 0 0 0 0 0 0 0 0 0 0 0 0 0 0 0 0 0 0 0 0 0 0 0 0 0 0 0 0 0 0 0 0 0 0 0 0 0 0 0 0 0 0 0 0 0 0 0 0 0 0 0 0 0 0 0 0 0 0 0 0 0 0 0 0 0 0 0 0 0 0 0 0 0 0 0 0 0 0 0 0 0 0 0 0 0 0 0 0 0 0 0 0 0 0 0 0 0 0 0 0 0 0 0 0 0 0 0 0 0 0 0 0 0 0 0 0 0 0 0 0 0 0 0 0 0 0 0 0 0 0 0 0 0 0 0 0 0 0 0 0 0 0 0 0 0 0 0 0 0 0 0 0 0 0 0 0 0 0 0 0 0 0 0 0 0 0 0 0 0 0 0 0 0 0 0 0 0 0 0 0 0 0 0 0 0 0 0 0 0 0 0 0 0 0 0 0 0 0 0 0 0 0 0 0 0 0 0 0 0 0 0 0 0 0 0 0 0 0 0 0 0 0 0 0 0 0 0 0 0 0 0 0 0 0 0 0 0 0 0 0 0 0 0 0 0 0 0 0 0 0 0 0 0 0 0 0 0 0 0 0 0 0 0 0 0 0 0 0 0 0 0 0 0 0 0.0001032451691571623 0.0007323515601456165 0.001896751462481916 0.003582622855901718 0.005786740221083164 0.008612132631242275 0.01204401627182961 0.01611433923244476 0.02088084630668163 0.02636351808905602 0.03248156234622002 0.03922361880540848 0.04654305428266525 0.05441778898239136 0.06271089613437653 0.07141473144292831 0.08049321919679642 0.08983808010816574 0.09938862919807434 0.1091383770108223 0.1191039606928825 0.1292712241411209 0.1396135985851288 0.1501301378011703 0.1608041226863861 0.1716726124286652 0.1827648431062698 0.1940475702285767 0.2055049240589142 0.2155314683914185 0.2223340570926666 0.2247237712144852 0.2218556702136993 0.213155135512352 0.2024973779916763 0.1923725157976151 0.1827538907527924 0.1736162006855011 0.1649353951215744 0.1566886305809021 0.1488541960716248 0.1414114832878113 0.134340912103653 0.1276238709688187 0.1212426796555519 0.1151805445551872 0.1094215139746666 0.1039504408836365 0.09875291585922241 0.09381526708602905 0.08912450075149536 0.08466827869415283 0.08043486624956131 0.07641312479972839 0.07259246706962585 0.06896284222602844 0.0655146986246109 0.06223896518349648 0.05912701785564423 0.05617066845297813 0.05336213484406471 0.05069402977824211 0.04815932735800743 0.04575135931372643 0.04346379265189171 0.04129060357809067 0.03922607377171516 0.03726477175951004 0.03540153428912163 0.03363145887851715 0.03194988518953323 0.0303523913025856 0.02883477136492729 0.02739303186535835 0.02602338045835495 0.02472221106290817 0.02348610013723373 0.02231179550290108 0.02119620516896248 0.0201363954693079 0.01912957616150379 0.0181730967015028 0.01726444251835346 0.01640122011303902 0.01558115892112255 0.01480210106819868 0.0140619957819581 0.0133588956668973 0.01269095111638308 0.01205640379339457 0.01145358383655548 0.01088090427219868 0.010336859151721 0.009820016101002693 0.009329015389084816 0.008862564340233803 0.008419436402618885 0.00799846462905407 0.007598541211336851 0.007218614220619202 0.006857683416455984 0.006514799315482378 0.006189059466123581 0.005879606585949659 0.005585626233369112 0.005306344944983721 0.005041027907282114 0.00478897662833333 0.004549528006464243 0.004322051536291838 0.004105948843061924 0.003900651354342699 0.003705618903040886 0.003520337864756584 0.003344320924952626 0.003177104983478785 0.00301824975758791 0.002867337316274643 0.002723970450460911 0.002587771974503994 0.002458383329212666 0.002335464116185904 0.002218690933659673 0.00210775644518435 0.002002368681132793 0.001902250223793089 0.001807137741707265 0.001716780825518072 0.001630941755138338 0.001549394684843719 0.001471924944780767 0.001398328691720963 0.001328412210568786 0.00126199156511575 0.001198892015963793 0.001138947438448668 0.001082000089809299 0.001027900027111173 0.0009765050490386784 0.0009276798227801919 0.0008812958258204162 0.0008372310549020767 0.0007953695021569729 0.0007556010386906564 0.0007178210071288049 0.0006819299305789173 0.0006478334544226527 0.0006154417642392218 0.0005846697022207081 0.0005554362433031201 0.0005276644369587302 0.000501281232573092 0.0004762171593029052 0.0004524062969721854 0.0004297859850339592 0.0004082966770511121 0.0003878818533848971 0.0003684877592604607 0.0003500633756630123 0.0003325602156110108 0.0003159322077408433 0.0003001356089953333 0.0002851288300007582 0.0002708723768591881 0.0002573287638369948 0.0002444623387418687 0.0002322392247151583 0.0002206272620242089 0.0002095958916470408 0.0001991160970646888 0.0001891602878458798 0.0001797022705432028 0.0001707171613816172 0.0001621812989469618 0.0001540722296340391 0.0001463686203351244 0.0001390501856803894 0.0001320976734859869 0.0001254927919944748 0.0001192181516671553 0.0001132572433562018 0.0001075943800969981 0.0001022146607283503 9.710392623674124e-05 9.224873065249994e-05 8.763629739405587e-05 8.325448288815096e-05 7.909176201792434e-05 7.513717719120905e-05 7.138031651265919e-05 6.781129923183471e-05 6.442073208745569e-05 6.119969475548714e-05 5.813971074530855e-05 5.5232725571841e-05 5.247108856565319e-05 4.984753468306735e-05 4.735515904030763e-05 4.498740236158483e-05 4.273803278920241e-05 4.060113133164123e-05 3.857107367366552e-05 3.664251926238649e-05 3.481039311736822e-05 3.306987491669133e-05 3.141638080705889e-05 2.9845561584807e-05 2.835328268702142e-05 2.693561873456929e-05 2.558883716119453e-05 2.430939457553905e-05 2.309392402821686e-05 2.193922773585655e-05 2.084226616716478e-05 1.980015258595813e-05 1.881014577520546e-05 1.786963912309147e-05 1.697615698503796e-05 1.612734922673553e-05 1.532098212919664e-05 1.455493293178733e-05 1.38271861942485e-05 1.313582652073819e-05 1.247903492185287e-05 1.185508335765917e-05 1.126232928072568e-05 1.069921290763887e-05 1.016425267152954e-05 9.656039765104651e-06 9.1732381406473e-06 8.714576324564405e-06 8.278847417386714e-06 7.864905455789994e-06 7.471659955626819e-06 7.098076821421273e-06 6.743172889400739e-06 6.406014108506497e-06 6.085713266656967e-06 5.781427717010956e-06 5.492356194736203e-06 5.217738362262025e-06 4.956851626047865e-06 4.709008862846531e-06 4.473558419704204e-06 4.249880475981627e-06 4.037386588606751e-06 3.835517418337986e-06 3.643741592895822e-06 3.461554570094449e-06 3.288476818852359e-06 3.124052909697639e-06 2.967850377899595e-06 2.81945790447935e-06 2.678485088836169e-06 2.544560857131728e-06 2.41733278016909e-06 2.296466163898003e-06 2.181642912546522e-06 2.072560846499982e-06 1.968932792806299e-06 1.870486130428617e-06 1.776961880750605e-06 1.688113798081758e-06 1.603708142283722e-06 1.523522769275587e-06 1.447346676286543e-06 1.374979319734848e-06 1.306230387854157e-06 1.240918891198817e-06 1.178872935270192e-06 1.119929265769315e-06 1.063932813849533e-06 1.010736127682321e-06 9.601993724572822e-07 9.121894208874437e-07 8.665799668960972e-07 8.232509571826085e-07 7.820884206921619e-07
 0 0 0 0 0 0 0 0 0 0 0 0 0 0 0 0 0 0 0 0 0 0 0 0 0 0 0 0 0 0 0 0 0 0 0 0 0 0 0 0 0 0 0 0 0 0 0 0 0 0 0 0 0 0 0 0 0 0 0 0 0 0 0 0 0 0 0 0 0 0 0 0 0 0 0 0 0 0 0 0 0 0 0 0 0 0 0 0 0 0 0 0 0 0 0 0 0 0 0 0 0 0 0 0 0 0 0 0 0 0 0 0 0 0 0 0 0 0 0 0 0 0 0 0 0 0 0 0 0 0 0 0 0 0 0 0 0 0 0 0 0 0 0 0 0 0 0 0 0 0 0 0 0 0 0 0 0 0 0 0 0 0 0 0 0 0 0 0 0 0 0 0 0 0 0 0 0 0 0 0 0 0 0 0 0 0 0 0 0 0 0 0 0 0 0 0 0 0 0 0 0 0 0 0 0 0 0 0 0 0 0 0 0 0 0 0 0 0 0 0 0 0 0 0 0 0 0 0 0 0 0 0 0 0 0 0 0 0 0 0 0 0 0 0 0 0 0 0 0 0 0 0 0 0 0 0 0 0 0 0 0 0 0 0 0 0 0 0 0 0 0 0 0 0 0 0 0 0 0 0 0 0 0 0 0 0 0 0 0 0 0 0 0 0 0 0 0 0 0 0 0 0 0 0 0 0 0 0 0 0 0 0 0 0 0 0 0 0 0 0 0 0 0 0 0 0 0 0 0 0 0 0 0 0 0 0 0 0 0 0 0 0 0 0 0 0 0 0 0 0 0 0 0 0 0 0 0 0 0 0 0 0 0 0 0 0 0 0 0 0 0 0 0 0 0 0 0 0 0 0 0 0 0 0 0 0 0 0 0 0 0 0 0 0 0 0 0 0 0 0 0 0 0 0 0 0 0 0 0 0 0 0 0 0 0 0 0 0 0 0 0 0 0 0 0 0 0 0 0 0 0 0 0 0 0 0 0 0 0 0 0 0 0 0 0 0 0 0 0 0 0 0 0 0 0 0 0 0 0 0 0 0 0 0 0 0 0 0 0 0 0 0 0 0 0 0 0 0 0 0 0 0 0 0 0 0 0 0 0 0 0 0 0 0 0 0 0 0 0 0 0 0 0 0 0 0 0 0 0 0 0 0 0 0 0 0 0 0 0 0 0 0 0 0 0 0 0 0 0 0 0 0 0 0 0 0 0 0 0 0 0 0 0 0 0 0 0 0 0 0 0 0 0 0 0 0 0 0 0 0 0 0 0 0 0 0 0 0 0 0 0 0 0 0 0 0 0 0 0 0 0 0 0 0 0 0 0 0 0 0 0 0 0 0 0 0 0 0 0 0
 0 0 0 0 0 0 0 0 0 0 0 0 0 0 0 0 0 0 0 0 0 0 0 0 0 0 0 0 0 0 0 0 0 0 0 0 0 0 0 0 0 0 0 0 0 0 0 0 0 0 0 0 0 0 0 0 0 0 0 0 0 0 0 0 0 0 0 0 0 0 0 0 0 0 0 0 0 0 0 0 0 0 0 0 0 0 0 0 0 0 0 0 0 0 0 0 0 0 0 0 0 0 0 0 0 0 0 0 0 0 0 0 0 0 0 0 0 0 0 0 0 0 0 0 0 0 0 0 0 0 0 0 0 0 0 0 0 0 0 0 0 0 0 0 0 0 0 0 0 0 0 0 0 0 0 0 0 0 0 0 0 0 0 0 0 0 0 0 0 0 0 0 0 0 0 0 0 0 0 0 0 0 0 0 0 0 0 0 0 0 0 0 0 0 0 0 0 0 0 0 0 0 0 0 0 0 0 0 0 0 0 0 0 0 0 0 0 0 0 0 0 0 0 0 0 0 0 0 0 0 0 0 0 0 0 0 0 0 0 0 0 0 0 0 0 0 0 0 0 0 0 0 0 0 0 0 0 0 0 0 0 0 0 0 0 0 0 0 0 0 0 0 0 0 0 0 0 0 0 0 0 0 0 0 0 0 0 0 0 0 0 0 0 0 0 0 0 0 0 0 0 0 0 0 0 0 0 0 0 0 0 0 0 0 0 0 0 0 0 0 0 0 0 0 0 0 0 0 0 0 0 0 0 0 0 0 0 0 0 0 0 0 0 0 0 0 0 0 0 0 0 0 0 0 0 0 0 0 0 0 0 0 0 0 0 0 0 0 0 0 0 0 0 0 0 0 0 0 0 0 0 0 0 0 0 0 0 0 0 0 0 0 0 0 0 0 0 0 0 0 0 0 0 0 0 0 0 0 0 0 0 0 0 0 0 0 0 0 0 0 0 0 0 0 0 0 0 0 0 0 0 0 0 0 0 0 0 0 0 0 0 0 0 0 0 0 0 0 0 0 0 0 0 0 0 0 0 0 0 0 0 0 0 0 0 0 0 0 0 0 0 0 0 0 0 0 0 0 0 0 0 0 0 0 0 0 0 0 0 0 0 0 0 0 0 0 0 0 0 0 0 0 0 0 0 0 0 0 0 0 0 0 0 0 0 0 0 0 0 0 0 0 0 0 0 0 0 0 0 0 0 0 0 0 0 0 0 0 0 0 0 0 0 0 0 0 0 0 0 0 0 0 0 0 0 0 0 0 0 0 0 0 0 0 0 0 0 0 0 0 0 0 0 0 0 0 0 0 0 0 0 0 0 0 0 0 0 0 0 0 0 0 0 0 0 0 0 0 0 0
 0 0 0 0 0 0 0 0 0 0 0 0 0 0 0 0 0 0 0 0 0 0 0 0 0 0 0 0 0 0 0 0 0 0 0 0 0 0 0 0 0 0 0 0 0 0 0 0 0 0 0 0 0 0 0 0 0 0 0 0 0 0 0 0 0 0 0 0 0 0 0 0 0 0 0 0 0 0 0 0 0 0 0 0 0 0 0 0 0 0 0 0 0 0 0 0 0 0 0 0 0 0 0 0 0 0 0 0 0 0 0 0 0 0 0 0 0 0 0 0 0 0 0 0 0 0 0 0 0 0 0 0 0 0 0 0 0 0 0 0 0 0 0 0 0 0 0 0 0 0 0 0 0 0 0 0 0 0 0 0 0 0 0 0 0 0 0 0 0 0 0 0 0 0 0 0 0 0 0 0 0 0 0 0 0 0 0 0 0 0 0 0 0 0 0 0 0 0 0 0 0 0 0 0 0 0 0 0 0 0 0 0 0 0 0 0 0 0 0 0 0 0 0 0 0 0 0 0 0 0 0 0 0 0 0 0 0 0 0 0 0 0 0 0 0 0 0 0 0 0 0 0 0 0 0 0 0 0 0 0 0 0 0 0 0 0 0 0 0 0 0 0 0 0 0 0 0 0 0 0 0 0 0 0 0 0 0 0 0 0 0 0 0 0 0 0 0 0 0 0 0 0 0 0 0 0 0 0 0 0 0 0 0 0 0 0 0 0 0 0 0 0 0 0 0 0 0 0 0 0 0 0 0 0 0 0 0 0 0 0 0 0 0 0 0 0 0 0 0 0 0 0 0 0 0 0 0 0 0 0 0 0 0 0 0 0 0 0 0 0 0 0 0 0 0 0 0 0 0 0 0 0 0 0 0 0 0 0 0 0 0 0 0 0 0 0 0 0 0 0 0 0 0 0 0 0 0 0 0 0 0 0 0 0 0 0 0 0 0 0 0 0 0 0 0 0 0 0 0 0 0 0 0 0 0 0 0 0 0 0 0 0 0 0 0 0 0 0 0 0 0 0 0 0 0 0 0 0 0 0 0 0 0 0 0 0 0 0 0 0 0 0 0 0 0 0 0 0 0 0 0 0 0 0 0 0 0 0 0 0 0 0 0 0 0 0 0 0 0 0 0 0 0 0 0 0 0 0 0 0 0 0 0 0 0 0 0 0 0 0 0 0 0 0 0 0 0 0 0 0 0 0 0 0 0 0 0 0 0 0 0 0 0 0 0 0 0 0 0 0 0 0 0 0 0 0 0 0 0 0 0 0 0 0 0 0 0 0 0 0 0 0 0 0 0 0 0 0 0 0 0 0 0 0 0 0 0 0 0 0 0 0 0 0 0 0 0 0 0 0
 0 0 0 0 0 0 0 0 0 0 0 0 0 0 0 0 0 0 0 0 0 0 0 0 0 0 0 0 0 0 0 0 0 0 0 0 0 0 0 0 0 0 0 0 0 0 0 0 0 0 0 0 0 0 0 0 0 0 0 0 0 0 0 0 0 0 0 0 0 0 0 0 0 0 0 0 0 0 0 0 0 0 0 0 0 0 0 0 0 0 0 0 0 0 0 0 0 0 0 0 0 0 0 0 0 0 0 0 0 0 0 0 0 0 0 0 0 0 0 0 0 0 0 0 0 0 0 0 0 0 0 0 0 0 0 0 0 0 0 0 0 0 0 0 0 0 0 0 0 0 0 0 0 0 0 0 0 0 0 0 0 0 0 0 0 0 0 0 0 0 0 0 0 0 0 0 0 0 0 0 0 0 0 0 0 0 0 0 0 0 0 0 0 0 0 0 0 0 0 0 0 0 0 0 0 0 0 0 0 0 0 0 0 0 0 0 0 0 0 0 0 0 0 0 0 0 0 0 0 0 0 0 0 0 0 0 0 0 0 0 0 0 0 0 0 0 0 0 0 0 0 0 0 0 0 0 0 0 0 0 0 0 0 0 0 0 0 0 0 0 0 0 0 0 0 0 0 0 0 0 0 0 0 0 0 0 0 0 0 0 0 0 0 0 0 0 0 0 0 0 0 0 0 0 0 0 0 0 0 0 0 0 0 0 0 0 0 0 0 0 0 0.0001810864923754707 0.0008773905574344099 0.002090448280796409 0.003832237794995308 0.006104673258960247 0.008913176134228706 0.01227643247693777 0.01618388667702675 0.02066817693412304 0.02575629577040672 0.03143036365509033 0.03763836249709129 0.04436587169766426 0.05161912739276886 0.05941075086593628 0.06766316294670105 0.07625667005777359 0.08508551865816116 0.09417728334665298 0.103531539440155 0.1130922064185143 0.1228593364357948 0.1328060030937195 0.1429769843816757 0.1533915102481842 0.1640617549419403 0.1749241501092911 0.1859521865844727 0.1971046030521393 0.2076071500778198 0.2154201567173004 0.2192284613847733 0.2181471884250641 0.2115481793880463 0.2009707689285278 0.1909222304821014 0.181376114487648 0.1723073124885559 0.1636919528245926 0.155507355928421 0.1477319896221161 0.1403453946113586 0.1333281248807907 0.1266617178916931 0.1203286349773407 0.1143122017383575 0.1085965931415558 0.1031667664647102 0.09800843149423599 0.09310801327228546 0.08845261484384537 0.08402998745441437 0.07982848584651947 0.07583706080913544 0.07204520702362061 0.06844294816255569 0.06502079963684082 0.0617697611451149 0.05868127197027206 0.05574720725417137 0.05295984819531441 0.0503118559718132 0.04779626429080963 0.04540644958615303 0.04313612729310989 0.04097932204604149 0.03893035650253296 0.03698384016752243 0.03513464704155922 0.03337791562080383 0.03170901909470558 0.03012356907129288 0.02861739136278629 0.02718652226030827 0.02582719549536705 0.02453583478927612 0.02330904267728329 0.02214359119534492 0.02103641256690025 0.01998459175229073 0.01898536272346973 0.01803609542548656 0.01713429018855095 0.01627757586538792 0.01546369679272175 0.0146905118599534 0.01395598612725735 0.01325818710029125 0.0125952772796154 0.01196551322937012 0.01136723719537258 0.01079887524247169 0.01025893166661263 0.009745985269546509 0.009258685633540154 0.008795751258730888 0.008355963975191116 0.00793816614896059 0.00754125788807869 0.00716419517993927 0.006805985234677792 0.006465686019510031 0.006142401602119207 0.005835281684994698 0.005543517414480448 0.005266341380774975 0.005003024358302355 0.004752872977405787 0.004515229258686304 0.004289467819035053 0.004074994474649429 0.003871244844049215 0.003677682485431433 0.003493798431009054 0.00331910839304328 0.00315315299667418 0.002995495451614261 0.002845720620825887 0.002703434554859996 0.002568262862041593 0.002439849777147174 0.002317857230082154 0.002201964380219579 0.002091866219416261 0.001987272873520851 0.001887909253127873 0.001793513773009181 0.001703838119283319 0.00161864620167762 0.00153771392069757 0.001460828236304224 0.001387786818668246 0.001318397466093302 0.001252477639354765 0.001189853763207793 0.001130361109972 0.001073843101039529 0.001020150957629085 0.0009691434097476304 0.0009206862305290997 0.0008746519451960921 0.0008309193653985858 0.0007893734145909548 0.0007499047205783427 0.0007124094991013408 0.0006767890299670398 0.0006429495988413692 0.0006108020897954702 0.0005802619853056967 0.0005512489005923271 0.0005236864672042429 0.000497502158395946 0.0004726270562969148 0.0004489957063924521 0.0004265459137968719 0.0004052186268381774 0.0003849577042274177 0.000365709827747196 0.000347424327628687 0.0003300531243439764 0.000313550466671586 0.0002978729316964746 0.0002829792792908847 0.0002688303065951914 0.0002553887898102403 0.0002426193532301113 0.0002304883819306269 0.0002189639635616913 0.0002080157719319686 0.0001976149796973914 0.0001877342292573303 0.0001783475163392723 0.0001694301463430747 0.0001609586324775591 0.0001529106957605109 0.0001452651631552726 0.0001380019093630835 0.0001311018131673336 0.000124546728329733 0.0001183193890028633 0.000112403417006135 0.0001067832490662113 0.000101444085885305 9.637188486522064e-05 9.155328734777868e-05 8.697562589077279e-05 8.262684423243627e-05 7.849550456739962e-05 7.457072933902964e-05 7.08421939634718e-05 6.730008317390457e-05 6.393507646862417e-05 6.073832264519297e-05 5.770140705863014e-05 5.481633706949651e-05 5.207552021602169e-05 4.947174602421001e-05 4.699816054198891e-05 4.46482517872937e-05 4.241583883413114e-05 4.029504634672776e-05 3.828029366559349e-05 3.63662802556064e-05 3.454796751611866e-05 3.282056786702015e-05 3.11795411107596e-05 2.96205635095248e-05 2.813953506120015e-05 2.673255767149385e-05 2.539592969696969e-05 2.41261332121212e-05 2.291982673341408e-05 2.177383612433914e-05 2.068514368147589e-05 1.965088631550316e-05 1.866834281827323e-05 1.773492476786487e-05 1.684817834757268e-05 1.600576979399193e-05 1.520548175903969e-05 1.444520785298664e-05 1.37229471874889e-05 1.303679982811445e-05 1.238495951838559e-05 1.176571186078945e-05 1.117742613132577e-05 1.061855437001213e-05 1.008762683341047e-05 9.58324562816415e-06 9.104083801503293e-06 8.648879884276539e-06 8.216436071961652e-06 7.805614586686715e-06 7.41533403925132e-06 7.044567155389814e-06 6.692338956781896e-06 6.357722213579109e-06 6.039836080162786e-06 5.737844276154647e-06 5.450951903185342e-06 5.17840453539975e-06 4.919484126730822e-06 4.673509920394281e-06 4.439834356162464e-06 4.217842615616973e-06 4.00695034841192e-06 3.806602762779221e-06 3.616272579165525e-06 3.43545889336383e-06 3.263686039645108e-06 3.100501771768904e-06 2.945476580862305e-06 2.798202785925241e-06 2.658292714841082e-06 2.525378022255609e-06 2.399109234829666e-06 2.27915370487608e-06 2.165196065107011e-06 2.056936182270874e-06 1.954089384526014e-06 1.856384869824979e-06 1.763565592227678e-06 1.675387352406688e-06 1.591618001839379e-06 1.51203710174741e-06 1.436435240975698e-06 1.364613467558229e-06 1.296382833970711e-06 1.231563715009543e-06 1.169985580418142e-06 1.111486312765919e-06 1.055911980074598e-06 1.003116381070868e-06 9.529605904390337e-07 9.05312560917082e-07 8.600469527664245e-07 8.170446221811289e-07 7.761923939142434e-07 7.373827770607022e-07
 0 0 0 0 0 0 0 0 0 0 0 0 0 0 0 0 0 0 0 0 0 0 0 0 0 0 0 0 0 0 0 0 0 0 0 0 0 0 0 0 0 0 0 0 0 0 0 0 0 0 0 0 0 0 0 0 0 0 0 0 0 0 0 0 0 0 0 0 0 0 0 0 0 0 0 0 0 0 0 0 0 0 0 0 0 0 0 0 0 0 0 0 0 0 0 0 0 0 0 0 0 0 0 0 0 0 0 0 0 0 0 0 0 0 0 0 0 0 0 0 0 0 0 0 0 0 0 0 0 0 0 0 0 0 0 0 0 0 0 0 0 0 0 0 0 0 0 0 0 0 0 0 0 0 0 0 0 0 0 0 0 0 0 0 0 0 0 0 0 0 0 0 0 0 0 0 0 0 0 0 0 0 0 0 0 0 0 0 0 0 0 0 0 0 0 0 0 0 0 0 0 0 0 0 0 0 0 0 0 0 0 0 0 0 0 0 0 0 0 0 0 0 0 0 0 0 0 0 0 0 0 0 0 0 0 0 0 0 0 0 0 0 0 0 0 0 0 0 0 0 0 0 0 0 0 0 0 0 0 0 0 0 0 0 0 0 0 0 0 0 0 0 0 0 0 0 0 0 0 0 0 0 0 0 0 0 0 0 0 0 0 0 0 0 0 0 0 0 0 0 0 0 0 0 0 0 0 0 0 0 0 0 0 0 0 0 0 0 0 0 0 0 0 0 0 0 0 0 0 0 0 0 0 0 0 0 0 0 0 0 0 0 0 0 0 0 0 0 0 0 0 0 0 0 0 0 0 0 0 0 0 0 0 0 0 0 0 0 0 0 0 0 0 0 0 0 0 0 0 0 0 0 0 0 0 0 0 0 0 0 0 0 0 0 0 0 0 0 0 0 0 0 0 0 0 0 0 0 0 0 0 0 0 0 0 0 0 0 0 0 0 0 0 0 0 0 0 0 0 0 0 0 0 0 0 0 0 0 0 0 0 0 0 0 0 0 0 0 0 0 0 0 0 0 0 0 0 0 0 0 0 0 0 0 0 0 0 0 0 0 0 0 0 0 0 0 0 0 0 0 0 0 0 0 0 0 0 0 0 0 0 0 0 0 0 0 0 0 0 0 0 0 0 0 0 0 0 0 0 0 0 0 0 0 0 0 0 0 0 0 0 0 0 0 0 0 0 0 0 0 0 0 0 0 0 0 0 0 0 0 0 0 0 0 0 0 0 0 0 0 0 0 0 0 0 0 0 0 0 0 0 0 0 0 0 0 0 0 0 0 0 0 0 0 0 0 0 0 0 0 0 0 0 0 0 0 0 0 0 0 0 0 0 0 0 0 0 0 0 0
 0 0 0 0 0 0 0 0 0 0 0 0 0 0 0 0 0 0 0 0 0 0 0 0 0 0 0 0 0 0 0 0 0 0 0 0 0 0 0 0 0 0 0 0 0 0 0 0 0 0 0 0 0 0 0 0 0 0 0 0 0 0 0 0 0 0 0 0 0 0 0 0 0 0 0 0 0 0 0 0 0 0 0 0 0 0 0 0 0 0 0 0 0 0 0 0 0 0 0 0 0 0 0 0 0 0 0 0 0 0 0 0 0 0 0 0 0 0 0 0 0 0 0 0 0 0 0 0 0 0 0 0 0 0 0 0 0 0 0 0 0 0 0 0 0 0 0 0 0 0 0 0 0 0 0 0 0 0 0 0 0 0 0 0 0 0 0 0 0 0 0 0 0 0 0 0 0 0 0 0 0 0 0 0 0 0 0 0 0 0 0 0 0 0 0 0 0 0 0 0 0 0 0 0 0 0 0 0 0 0 0 0 0 0 0 0 0 0 0 0 0 0 0 0 0 0 0 0 0 0 0 0 0 0 0 0 0 0 0 0 0 0 0 0 0 0 0 0 0 0 0 0 0 0 0 0 0 0 0 0 0 0 0 0 0 0 0 0 0 0 0 0 0 0 0 0 0 0 0 0 0 0 0 0 0 0 0 0 0 0 0 0 0 0 0 0 0 0 0 0 0 0 0 0 0 0 0 0 0 0 0 0 0 0 0 0 0 0 0 0 0 0 0 0 0 0 0 0 0 0 0 0 0 0 0 0 0 0 0 0 0 0 0 0 0 0 0 0 0 0 0 0 0 0 0 0 0 0 0 0 0 0 0 0 0 0 0 0 0 0 0 0 0 0 0 0 0 0 0 0 0 0 0 0 0 0 0 0 0 0 0 0 0 0 0 0 0 0 0 0 0 0 0 0 0 0 0 0 0 0 0 0 0 0 0 0 0 0 0 0 0 0 0 0 0 0 0 0 0 0 0 0 0 0 0 0 0 0 0 0 0 0 0 0 0 0 0 0 0 0 0 0 0 0 0 0 0 0 0 0 0 0 0 0 0 0 0 0 0 0 0 0 0 0 0 0 0 0 0 0 0 0 0 0 0 0 0 0 0 0 0 0 0 0 0 0 0 0 0 0 0 0 0 0 0 0 0 0 0 0 0 0 0 0 0 0 0 0 0 0 0 0 0 0 0 0 0 0 0 0 0 0 0 0 0 0 0 0 0 0 0 0 0 0 0 0 0 0 0 0 0 0 0 0 0 0 0 0 0 0 0 0 0 0 0 0 0 0 0 0 0 0 0 0 0 0 0 0 0 0 0 0 0 0 0 0 0 0 0 0 0 0 0 0 0 0 0 0 0 0
 0 0 0 0 0 0 0 0 0 0 0 0 0 0 0 0 0 0 0 0 0 0 0 0 0 0 0 0 0 0 0 0 0 0 0 0 0 0 0 0 0 0 0 0 0 0 0 0 0 0 0 0 0 0 0 0 0 0 0 0 0 0 0 0 0 0 0 0 0 0 0 0 0 0 0 0 0 0 0 0 0 0 0 0 0 0 0 0 0 0 0 0 0 0 0 0 0 0 0 0 0 0 0 0 0 0 0 0 0 0 0 0 0 0 0 0 0 0 0 0 0 0 0 0 0 0 0 0 0 0 0 0 0 0 0 0 0 0 0 0 0 0 0 0 0 0 0 0 0 0 0 0 0 0 0 0 0 0 0 0 0 0 0 0 0 0 0 0 0 0 0 0 0 0 0 0 0 0 0 0 0 0 0 0 0 0 0 0 0 0 0 0 0 0 0 0 0 0 0 0 0 0 0 0 0 0 0 0 0 0 0 0 0 0 0 0 0 0 0 0 0 0 0 0 0 0 0 0 0 0 0 0 0 0 0 0 0 0 0 0 0 0 0 0 0 0 0 0 0 0 0 0 0 0 0 0 0 0 0 0 0 0 0 0 0 0 0 0 0 0 0 0 0 0 0 0 0 0 0 0 0 0 0 0 0 0 0 0 0 0 0 0 0 0 0 0 0 0 0 0 0 0 0 0 0 0 0 0 0 0 0 0 0 0 0 0 0 0 0 0 0 0 0 0 0 0 0 0 0 0 0 0 0 0 0 0 0 0 0 0 0 0 0 0 0 0 0 0 0 0 0 0 0 0 0 0 0 0 0 0 0 0 0 0 0 0 0 0 0 0 0 0 0 0 0 0 0 0 0 0 0 0 0 0 0 0 0 0 0 0 0 0 0 0 0 0 0 0 0 0 0 0 0 0 0 0 0 0 0 0 0 0 0 0 0 0 0 0 0 0 0 0 0 0 0 0 0 0 0 0 0 0 0 0 0 0 0 0 0 0 0 0 0 0 0 0 0 0 0 0 0 0 0 0 0 0 0 0 0 0 0 0 0 0 0 0 0 0 0 0 0 0 0 0 0 0 0 0 0 0 0 0 0 0 0 0 0 0 0 0 0 0 0 0 0 0 0 0 0 0 0 0 0 0 0 0 0 0 0 0 0 0 0 0 0 0 0 0 0 0 0 0 0 0 0 0 0 0 0 0 0 0 0 0 0 0 0 0 0 0 0 0 0 0 0 0 0 0 0 0 0 0 0 0 0 0 0 0 0 0 0 0 0 0 0 0 0 0 0 0 0 0 0 0 0 0 0 0 0 0 0 0 0 0 0 0 0 0 0 0 0 0 0 0 0 0 0 0 0 0
 0 0 0 0 0 0 0 0 0 0 0 0 0 0 0 0 0 0 0 0 0 0 0 0 0 0 0 0 0 0 0 0 0 0 0 0 0 0 0 0 0 0 0 0 0 0 0 0 0 0 0 0 0 0 0 0 0 0 0 0 0 0 0 0 0 0 0 0 0 0 0 0 0 0 0 0 0 0 0 0 0 0 0 0 0 0 0 0 0 0 0 0 0 0 0 0 0 0 0 0 0 0 0 0 0 0 0 0 0 0 0 0 0 0 0 0 0 0 0 0 0 0 0 0 0 0 0 0 0 0 0 0 0 0 0 0 0 0 0 0 0 0 0 0 0 0 0 0 0 0 0 0 0 0 0 0 0 0 0 0 0 0 0 0 0 0 0 0 0 0 0 0 0 0 0 0 0 0 0 0 0 0 0 0 0 0 0 0 0 0 0 0 0 0 0 0 0 0 0 0 0 0 0 0 0 0 0 0 0 0 0 0 0 0 0 0 0 0 0 0 0 0 0 0 0 0 0 0 0 0 0 0 0 0 0 0 0 0 0 0 0 0 0 0 0 0 0 0 0 0 0 0 0 0 0 0 0 0 0 0 0 0 0 0 0 0 0 0 0 0 0 0 0 0 0 0 0 0 0 0 0 0 0 0 0 0 0 0 0 0 0 0 0 0 0 0 0 0 0 0 0 0 0 0 0 0 0 0 0 0 0 0 0 0 0 0 0 0 0 0 0 0 0.0001936498883878812 0.0008755785529501736 0.002032946795225143 0.003639576956629753 0.005729279015213251 0.008331031538546085 0.01145404390990734 0.01509987097233534 0.01924286782741547 0.02388343028724194 0.02903234399855137 0.03471051529049873 0.04084561765193939 0.04743045195937157 0.05447876453399658 0.06200296804308891 0.06995395570993423 0.0783238485455513 0.08709100633859634 0.09618948400020599 0.1056101024150848 0.1153774484992027 0.1254603564739227 0.1358415633440018 0.1465052664279938 0.1574171334505081 0.1685719788074493 0.180010974407196 0.1916972994804382 0.2036276608705521 0.2138259559869766 0.2206696569919586 0.2230719178915024 0.2203370183706284 0.2120308727025986 0.2014293223619461 0.1913578510284424 0.1817899644374847 0.1727004647254944 0.1640654355287552 0.1558621674776077 0.1480690538883209 0.1406656056642532 0.1336323320865631 0.1269507110118866 0.1206031739711761 0.1145730167627335 0.1088443696498871 0.1034021526575089 0.09823204576969147 0.09332044422626495 0.08865442126989365 0.08422169834375381 0.08001061528921127 0.0760100856423378 0.07220958173274994 0.06859910488128662 0.06516914814710617 0.06191068887710571 0.05881515517830849 0.05587439611554146 0.05308067798614502 0.05042664334177971 0.04790531098842621 0.04551004618406296 0.04323454201221466 0.04107281565666199 0.03901917487382889 0.03706821799278259 0.03521480783820152 0.03345406800508499 0.03178136423230171 0.0301922969520092 0.02868268266320229 0.02724854834377766 0.02588612027466297 0.02459181472659111 0.02336222305893898 0.02219411171972752 0.02108440548181534 0.0200301855802536 0.01902867667376995 0.01807724311947823 0.01717338152229786 0.01631471328437328 0.01549897715449333 0.01472402829676867 0.01398782711476088 0.01328843552619219 0.01262401416897774 0.01199281308799982 0.01139317266643047 0.01082351431250572 0.01028233859688044 0.009768221527338028 0.009279810823500156 0.008815820328891277 0.00837502907961607 0.007956277579069138 0.007558463606983423 0.007180540356785059 0.006821513175964355 0.006480437703430653 0.006156415678560734 0.005848594941198826 0.005556165240705013 0.005278356838971376 0.005014439113438129 0.004763717297464609 0.004525531549006701 0.004299255087971687 0.004084292333573103 0.003880077740177512 0.003686073934659362 0.003501770319417119 0.003326681908220053 0.003160347696393728 0.00300233019515872 0.002852213568985462 0.002709602937102318 0.002574122743681073 0.002445416525006294 0.002323145745322108 0.002206988399848342 0.002096639014780521 0.001991807017475367 0.00189221662003547 0.001797605771571398 0.001707725459709764 0.001622339244931936 0.001541222329251468 0.001464161206968129 0.001390953199006617 0.001321405521593988 0.001255335286259651 0.001192568568512797 0.001132940175011754 0.001076293177902699 0.001022478565573692 0.0009713546605780721 0.0009227869450114667 0.0008766475948505104 0.0008328151889145374 0.0007911744178272784 0.0007516156765632331 0.0007140348898246884 0.0006783331627957523 0.0006444164901040494 0.0006121956394053996 0.0005815858603455126 0.0005525065935216844 0.0005248812376521528 0.0004986371495760977 0.0004737052950076759 0.0004500200157053769 0.0004275190294720232 0.0004061430809088051 0.0003858359414152801 0.0003665441472548991 0.0003482169413473457 0.000330806098645553 0.0003142657806165516 0.0002985525061376393 0.0002836248895619065 0.0002694436407182366 0.0002559714484959841 0.0002431728789815679 0.0002310142299393192 0.0002194635162595659 0.0002084903389913961 0.0001980658271349967 0.0001881625357782468 0.0001787544024409726 0.0001698166888672858 0.000161325850058347 0.0001532595633761957 0.0001455965830245987 0.0001383167546009645 0.0001314009132329375 0.0001248308690264821 0.0001185893270303495 0.0001126598581322469 0.0001070268626790494 0.0001016755195450969 9.659174247644842e-05 9.176215826300904e-05 8.717404853086919e-05 8.281534246634692e-05 7.867457316024229e-05 7.474084122804925e-05 7.100380025804043e-05 6.745361315552145e-05 6.40809303149581e-05 6.087688234401867e-05 5.783303640782833e-05 5.494138531503268e-05 5.219431477598846e-05 4.95845997647848e-05 4.710536813945509e-05 4.475010064197704e-05 4.251259451848455e-05 4.038696351926774e-05 3.836761607090011e-05 3.644923708634451e-05 3.462677705101669e-05 3.289543747087009e-05 3.125066723441705e-05 2.968813350889832e-05 2.820372719725128e-05 2.679354111023713e-05 2.545386450947262e-05 2.418117219349369e-05 2.297211358381901e-05 2.182350726798177e-05 2.073233190458268e-05 1.969571530935355e-05 1.871092899818905e-05 1.777538273017853e-05 1.688661359366961e-05 1.604228236828931e-05 1.52401680679759e-05 1.447815975552658e-05 1.375425199512392e-05 1.306653939536773e-05 1.241321206180146e-05 1.179255104943877e-05 1.120292381528998e-05 1.064277785189915e-05 1.011063886835473e-05 9.605107152310666e-06 9.124852113018278e-06 8.668609552842099e-06 8.235178938775789e-06 7.823419764463324e-06 7.432248821714893e-06 7.060636562528089e-06 6.707604825351154e-06 6.372224561346229e-06 6.053613105905242e-06 5.75093235966051e-06 5.463385605253279e-06 5.190216143091675e-06 4.930705472361296e-06 4.684170107793761e-06 4.449961579666706e-06 4.227463705319678e-06 4.016090315417387e-06 3.815285708697047e-06 3.62452146873693e-06 3.443295327087981e-06 3.271130481152795e-06 3.107574002569891e-06 2.952195245597977e-06 2.804585392368608e-06 2.664356088644126e-06 2.531138306949288e-06 2.404581437076558e-06 2.284352376591414e-06 2.170134848711314e-06 2.061628038063645e-06 1.958546590685728e-06 1.860619249782758e-06 1.76758828729362e-06 1.679208821769862e-06 1.595248363628343e-06 1.515485905656533e-06 1.439711581951997e-06 1.367725985801371e-06 1.299339714933012e-06 1.234372689395968e-06 1.172654037873144e-06 1.114021301873436e-06 1.058320208358055e-06 1.005404214993177e-06 9.551340554025955e-07 9.07377341263782e-07 8.620084486210544e-07 8.189080062948051e-07
 0 0 0 0 0 0 0 0 0 0 0 0 0 0 0 0 0 0 0 0 0 0 0 0 0 0 0 0 0 0 0 0 0 0 0 0 0 0 0 0 0 0 0 0 0 0 0 0 0 0 0 0 0 0 0 0 0 0 0 0 0 0 0 0 0 0 0 0 0 0 0 0 0 0 0 0 0 0 0 0 0 0 0 0 0 0 0 0 0 0 0 0 0 0 0 0 0 0 0 0 0 0 0 0 0 0 0 0 0 0 0 0 0 0 0 0 0 0 0 0 0 0 0 0 0 0 0 0 0 0 0 0 0 0 0 0 0 0 0 0 0 0 0 0 0 0 0 0 0 0 0 0 0 0 0 0 0 0 0 0 0 0 0 0 0 0 0 0 0 0 0 0 0 0 0 0 0 0 0 0 0 0 0 0 0 0 0 0 0 0 0 0 0 0 0 0 0 0 0 0 0 0 0 0 0 0 0 0 0 0 0 0 0 0 0 0 0 0 0 0 0 0 0 0 0 0 0 0 0 0 0 0 0 0 0 0 0 0 0 0 0 0 0 0 0 0 0 0 0 0 0 0 0 0 0 0 0 0 0 0 0 0 0 0 0 0 0 0 0 0 0 0 0 0 0 0 0 0 0 0 0 0 0 0 0 0 0 0 0 0 0 0 0 0 0 0 0 0 0 0 0 0 0 0 0 0 0 0 0 0 0 0 0 0 0 0 0 0 0 0 0 0 0 0 0 0 0 0 0 0 0 0 0 0 0 0 0 0 0 0 0 0 0 0 0 0 0 0 0 0 0 0 0 0 0 0 0 0 0 0 0 0 0 0 0 0 0 0 0 0 0 0 0 0 0 0 0 0 0 0 0 0 0 0 0 0 0 0 0 0 0 0 0 0 0 0 0 0 0 0 0 0 0 0 0 0 0 0 0 0 0 0 0 0 0 0 0 0 0 0 0 0 0 0 0 0 0 0 0 0 0 0 0 0 0 0 0 0 0 0 0 0 0 0 0 0 0 0 0 0 0 0 0 0 0 0 0 0 0 0 0 0 0 0 0 0 0 0 0 0 0 0 0 0 0 0 0 0 0 0 0 0 0 0 0 0 0 0 0 0 0 0 0 0 0 0 0 0 0 0 0 0 0 0 0 0 0 0 0 0 0 0 0 0 0 0 0 0 0 0 0 0 0 0 0 0 0 0 0 0 0 0 0 0 0 0 0 0 0 0 0 0 0 0 0 0 0 0 0 0 0 0 0 0 0 0 0 0 0 0 0 0 0 0 0 0 0 0 0 0 0 0 0 0 0 0 0 0 0 0 0 0 0 0 0 0 0 0 0 0 0 0 0 0 0 0 0 0 0 0
 0 0 0 0 0 0 0 0 0 0 0 0 0 0 0 0 0 0 0 0 0 0 0 0 0 0 0 0 0 0 0 0 0 0 0 0 0 0 0 0 0 0 0 0 0 0 0 0 0 0 0 0 0 0 0 0 0 0 0 0 0 0 0 0 0 0 0 0 0 0 0 0 0 0 0 0 0 0 0 0 0 0 0 0 0 0 0 0 0 0 0 0 0 0 0 0 0 0 0 0 0 0 0 0 0 0 0 0 0 0 0 0 0 0 0 0 0 0 0 0 0 0 0 0 0 0 0 0 0 0 0 0 0 0 0 0 0 0 0 0 0 0 0 0 0 0 0 0 0 0 0 0 0 0 0 0 0 0 0 0 0 0 0 0 0 0 0 0 0 0 0 0 0 0 0 0 0 0 0 0 0 0 0 0 0 0 0 0 0 0 0 0 0 0 0 0 0 0 0 0 0 0 0 0 0 0 0 0 0 0 0 0 0 0 0 0 0 0 0 0 0 0 0 0 0 0 0 0 0 0 0 0 0 0 0 0 0 0 0 0 0 0 0 0 0 0 0 0 0 0 0 0 0 0 0 0 0 0 0 0 0 0 0 0 0 0 0 0 0 0 0 0 0 0 0 0 0 0 0 0 0 0 0 0 0 0 0 0 0 0 0 0 0 0 0 0 0 0 0 0 0 0 0 0 0 0 0 0 0 0 0 0 0 0 0 0 0 0 0 0 0 0 0 0 0 0 0 0 0 0 0 0 0 0 0 0 0 0 0 0 0 0 0 0 0 0 0 0 0 0 0 0 0 0 0 0 0 0 0 0 0 0 0 0 0 0 0 0 0 0 0 0 0 0 0 0 0 0 0 0 0 0 0 0 0 0 0 0 0 0 0 0 0 0 0 0 0 0 0 0 0 0 0 0 0 0 0 0 0 0 0 0 0 0 0 0 0 0 0 0 0 0 0 0 0 0 0 0 0 0 0 0 0 0 0 0 0 0 0 0 0 0 0 0 0 0 0 0 0 0 0 0 0 0 0 0 0 0 0 0 0 0 0 0 0 0 0 0 0 0 0 0 0 0 0 0 0 0 0 0 0 0 0 0 0 0 0 0 0 0 0 0 0 0 0 0 0 0 0 0 0 0 0 0 0 0 0 0 0 0 0 0 0 0 0 0 0 0 0 0 0 0 0 0 0 0 0 0 0 0 0 0 0 0 0 0 0 0 0 0 0 0 0 0 0 0 0 0 0 0 0 0 0 0 0 0 0 0 0 0 0 0 0 0 0 0 0 0 0 0 0 0 0 0 0 0 0 0 0 0 0 0 0 0 0 0 0 0 0 0 0 0 0 0 0 0 0 0 0 0
 0 0 0 0 0 0 0 0 0 0 0 0 0 0 0 0 0 0 0 0 0 0 0 0 0 0 0 0 0 0 0 0 0 0 0 0 0 0 0 0 0 0 0 0 0 0 0 0 0 0 0 0 0 0 0 0 0 0 0 0 0 0 0 0 0 0 0 0 0 0 0 0 0 0 0 0 0 0 0 0 0 0 0 0 0 0 0 0 0 0 0 0 0 0 0 0 0 0 0 0 0 0 0 0 0 0 0 0 0 0 0 0 0 0 0 0 0 0 0 0 0 0 0 0 0 0 0 0 0 0 0 0 0 0 0 0 0 0 0 0 0 0 0 0 0 0 0 0 0 0 0 0 0 0 0 0 0 0 0 0 0 0 0 0 0 0 0 0 0 0 0 0 0 0 0 0 0 0 0 0 0 0 0 0 0 0 0 0 0 0 0 0 0 0 0 0 0 0 0 0 0 0 0 0 0 0 0 0 0 0 0 0 0 0 0 0 0 0 0 0 0 0 0 0 0 0 0 0 0 0 0 0 0 0 0 0 0 0 0 0 0 0 0 0 0 0 0 0 0 0 0 0 0 0 0 0 0 0 0 0 0 0 0 0 0 0 0 0 0 0 0 0 0 0 0 0 0 0 0 0 0 0 0 0 0 0 0 0 0 0 0 0 0 0 0 0 0 0 0 0 0 0 0 0 0 0 0 0 0 0 0 0 0 0 0 0 0 0 0 0 0 0 0 0 0 0 0 0 0 0 0 0 0 0 0 0 0 0 0 0 0 0 0 0 0 0 0 0 0 0 0 0 0 0 0 0 0 0 0 0 0 0 0 0 0 0 0 0 0 0 0 0 0 0 0 0 0 0 0 0 0 0 0 0 0 0 0 0 0 0 0 0 0 0 0 0 0 0 0 0 0 0 0 0 0 0 0 0 0 0 0 0 0 0 0 0 0 0 0 0 0 0 0 0 0 0 0 0 0 0 0 0 0 0 0 0 0 0 0 0 0 0 0 0 0 0 0 0 0 0 0 0 0 0 0 0 0 0 0 0 0 0 0 0 0 0 0 0 0 0 0 0 0 0 0 0 0 0 0 0 0 0 0 0 0 0 0 0 0 0 0 0 0 0 0 0 0 0 0 0 0 0 0 0 0 0 0 0 0 0 0 0 0 0 0 0 0 0 0 0 0 0 0 0 0 0 0 0 0 0 0 0 0 0 0 0 0 0 0 0 0 0 0 0 0 0 0 0 0 0 0 0 0 0 0 0 0 0 0 0 0 0 0 0 0 0 0 0 0 0 0 0 0 0 0 0 0 0 0 0 0 0 0 0 0 0 0 0 0 0 0 0 0 0 0 0 0 0 0 0
 0 0 0 0 0 0 0 0 0 0 0 0 0 0 0 0 0 0 0 0 0 0 0 0 0 0 0 0 0 0 0 0 0 0 0 0 0 0 0 0 0 0 0 0 0 0 0 0 0 0 0 0 0 0 0 0 0 0 0 0 0 0 0 0 0 0 0 0 0 0 0 0 0 0 0 0 0 0 0 0 0 0 0 0 0 0 0 0 0 0 0 0 0 0 0 0 0 0 0 0 0 0 0 0 0 0 0 0 0 0 0 0 0 0 0 0 0 0 0 0 0 0 0 0 0 0 0 0 0 0 0 0 0 0 0 0 0 0 0 0 0 0 0 0 0 0 0 0 0 0 0 0 0 0 0 0 0 0 0 0 0 0 0 0 0 0 0 0 0 0 0 0 0 0 0 0 0 0 0 0 0 0 0 0 0 0 0 0 0 0 0 0 0 0 0 0 0 0 0 0 0 0 0 0 0 0 0 0 0 0 0 0 0 0 0 0 0 0 0 0 0 0 0 0 0 0 0 0 0 0 0 0 0 0 0 0 0 0 0 0 0 0 0 0 0 0 0 0 0 0 0 0 0 0 0 0 0 0 0 0 0 0 0 0 0 0 0 0 0 0 0 0 0 0 0 0 0 0 0 0 0 0 0 0 0 0 0 0 0 0 0 0 0 0 0 0 0 0 0 0 0 0 0 0 0 0 0 0 0 0 0 0 0 0 0 0 0 0 0 0 0 0 0.0002042474807240069 0.000915312091819942 0.00213957903906703 0.003867474617436528 0.006128582172095776 0.008982637897133827 0.01242030784487724 0.0164656937122345 0.02115117199718952 0.02651740610599518 0.0325511246919632 0.03926995769143105 0.04663513600826263 0.05451764166355133 0.06287031620740891 0.07158596813678741 0.08066079020500183 0.09004434198141098 0.09970422089099884 0.1095815151929855 0.1196411699056625 0.1299068182706833 0.140393927693367 0.1510987877845764 0.162018284201622 0.1731353253126144 0.1844058930873871 0.1957915425300598 0.2072985023260117 0.2173147052526474 0.2240602076053619 0.2263928353786469 0.223436176776886 0.2146080732345581 0.2038776725530624 0.1936837881803513 0.1839995980262756 0.1747996211051941 0.1660596430301666 0.1577566564083099 0.1498688161373138 0.1423753798007965 0.1352566182613373 0.1284937858581543 0.1220690980553627 0.1159656420350075 0.1101673617959023 0.1046589910984039 0.0994260385632515 0.09445473551750183 0.08973199874162674 0.08524540066719055 0.08098313212394714 0.07693397253751755 0.07308727502822876 0.06943291425704956 0.06596127152442932 0.06266320496797562 0.05953004583716393 0.05655354261398315 0.05372586473822594 0.05103957280516624 0.0484875924885273 0.04606321454048157 0.04376005381345749 0.04157204926013947 0.03949344530701637 0.03751877322793007 0.0356428362429142 0.033860694617033 0.03216765820980072 0.03055927529931068 0.02903131209313869 0.02757974714040756 0.02620076015591621 0.02489072270691395 0.02364618703722954 0.02246387675404549 0.02134068310260773 0.02027364820241928 0.01925996504724026 0.01829696632921696 0.01738211885094643 0.01651301234960556 0.01568736135959625 0.01490299310535192 0.01415784377604723 0.01344995200634003 0.01277745421975851 0.01213858183473349 0.0115316528826952 0.01095507014542818 0.01040731649845839 0.009886950254440308 0.009392602369189262 0.008922971785068512 0.008476823568344116 0.00805298238992691 0.00765033345669508 0.007267816923558712 0.006904426030814648 0.006559204775840044 0.006231244653463364 0.005919682327657938 0.005623698234558105 0.0053425133228302 0.00507538765668869 0.004821618087589741 0.00458053732290864 0.004351510666310787 0.004133935086429119 0.003927238285541534 0.003730876371264458 0.003544332459568977 0.003367115743458271 0.0031987598631531 0.003038821974769235 0.002886880887672305 0.002742536831647158 0.002605410059913993 0.002475139452144504 0.002351382514461875 0.002233813283964992 0.002122122561559081 0.002016016514971852 0.001915215747430921 0.001819454948417842 0.001728482195176184 0.00164205813780427 0.001559955184347928 0.001481957384385169 0.001407859497703612 0.001337466528639197 0.001270593143999577 0.001207063440233469 0.001146710244938731 0.001089374767616391 0.001034906017594039 0.000983160687610507 0.0009340026299469173 0.0008873025071807206 0.0008429373847320676 0.0008007904980331659 0.0007607509614899755 0.0007227134192362428 0.0006865777540951967 0.0006522488547489047 0.000619636382907629 0.0005886545404791832 0.0005592218367382884 0.0005312607390806079 0.000504697673022747 0.0004794627893716097 0.0004554896440822631 0.0004327151691541076 0.0004110794106964022 0.0003905254416167736 0.0003709991578944027 0.0003524491912685335 0.0003348267346154898 0.0003180853964295238 0.0003021811135113239 0.0002870720636565238 0.0002727184619288892 0.0002590825315564871 0.0002461284166201949 0.0002338219928788021 0.0002221308968728408 0.000211024351301603 0.0002004731359193102 0.0001904494856717065 0.000180927017936483 0.0001718806743156165 0.000163286633323878 0.0001551222958369181 0.0001473661832278594 0.0001399978791596368 0.0001329979859292507 0.0001263480808120221 0.000120030679681804 0.0001140291424235329 0.0001083276874851435 0.0001029113045660779 9.776574006536976e-05 9.287745342589915e-05 8.823358075460419e-05 8.382189844269305e-05 7.963080133777112e-05 7.564925908809528e-05 7.186679431470111e-05 6.827345350757241e-05 6.485977792181075e-05 6.161678902572021e-05 5.853594848304056e-05 5.560915087698959e-05 5.282869460643269e-05 5.018726005801e-05 4.767789869219996e-05 4.52940039394889e-05 4.30293039244134e-05 4.087783963768743e-05 3.883394674630836e-05 3.68922483175993e-05 3.504763662931509e-05 3.329525497974828e-05 3.163049404975027e-05 3.004897007485852e-05 2.854652120731771e-05 2.711919478315394e-05 2.57632345892489e-05 2.447507358738221e-05 2.325131936231628e-05 2.208875412179623e-05 2.098431650665589e-05 1.993510159081779e-05 1.893834632937796e-05 1.799142955860589e-05 1.70918574440293e-05 1.62372652994236e-05 1.542540121590719e-05 1.465413151890971e-05 1.39214253067621e-05 1.322535445069661e-05 1.256408631888917e-05 1.193588195746997e-05 1.133908790507121e-05 1.077213346434291e-05 1.023352706397418e-05 9.721850801724941e-06 9.235758625436574e-06 8.773970876063686e-06 8.335272468684707e-06 7.918509254523087e-06 7.522583928221138e-06 7.146454663597979e-06 6.78913193041808e-06 6.449675311159808e-06 6.127191682026023e-06 5.820832029712619e-06 5.529790541913826e-06 5.2533009693434e-06 4.990635716239922e-06 4.741104021377396e-06 4.504048774833791e-06 4.278846517991042e-06 4.064904260303592e-06 3.861659024551045e-06 3.668576027848758e-06 3.48514731740579e-06 3.310889951535501e-06 3.145345544908196e-06 2.988078222188051e-06 2.838674390659435e-06 2.696740693863831e-06 2.561903556852485e-06 2.433808276691707e-06 2.312117885594489e-06 2.196512014052132e-06 2.086686436086893e-06 1.982352159757284e-06 1.883234517663368e-06 1.789072825886251e-06 1.699619133432861e-06 1.614638222235953e-06 1.533906356598891e-06 1.457211055821972e-06 1.384350525768241e-06 1.315132976742461e-06 1.249376282430603e-06 1.186907411465654e-06 1.127562086367107e-06 1.071183987733093e-06 1.017624754240387e-06 9.667435278970515e-07 9.184063287648314e-07 8.724859981157351e-07 8.288616868412646e-07 7.874186280787399e-07
 0 0 0 0 0 0 0 0 0 0 0 0 0 0 0 0 0 0 0 0 0 0 0 0 0 0 0 0 0 0 0 0 0 0 0 0 0 0 0 0 0 0 0 0 0 0 0 0 0 0 0 0 0 0 0 0 0 0 0 0 0 0 0 0 0 0 0 0 0 0 0 0 0 0 0 0 0 0 0 0 0 0 0 0 0 0 0 0 0 0 0 0 0 0 0 0 0 0 0 0 0 0 0 0 0 0 0 0 0 0 0 0 0 0 0 0 0 0 0 0 0 0 0 0 0 0 0 0 0 0 0 0 0 0 0 0 0 0 0 0 0 0 0 0 0 0 0 0 0 0 0 0 0 0 0 0 0 0 0 0 0 0 0 0 0 0 0 0 0 0 0 0 0 0 0 0 0 0 0 0 0 0 0 0 0 0 0 0 0 0 0 0 0 0 0 0 0 0 0 0 0 0 0 0 0 0 0 0 0 0 0 0 0 0 0 0 0 0 0 0 0 0 0 0 0 0 0 0 0 0 0 0 0 0 0 0 0 0 0 0 0 0 0 0 0 0 0 0 0 0 0 0 0 0 0 0 0 0 0 0 0 0 0 0 0 0 0 0 0 0 0 0 0 0 0 0 0 0 0 0 0 0 0 0 0 0 0 0 0 0 0 0 0 0 0 0 0 0 0 0 0 0 0 0 0 0 0 0 0 0 0 0 0 0 0 0 0 0 0 0 0 0 0 0 0 0 0 0 0 0 0 0 0 0 0 0 0 0 0 0 0 0 0 0 0 0 0 0 0 0 0 0 0 0 0 0 0 0 0 0 0 0 0 0 0 0 0 0 0 0 0 0 0 0 0 0 0 0 0 0 0 0 0 0 0 0 0 0 0 0 0 0 0 0 0 0 0 0 0 0 0 0 0 0 0 0 0 0 0 0 0 0 0 0 0 0 0 0 0 0 0 0 0 0 0 0 0 0 0 0 0 0 0 0 0 0 0 0 0 0 0 0 0 0 0 0 0 0 0 0 0 0 0 0 0 0 0 0 0 0 0 0 0 0 0 0 0 0 0 0 0 0 0 0 0 0 0 0 0 0 0 0 0 0 0 0 0 0 0 0 0 0 0 0 0 0 0 0 0 0 0 0 0 0 0 0 0 0 0 0 0 0 0 0 0 0 0 0 0 0 0 0 0 0 0 0 0 0 0 0 0 0 0 0 0 0 0 0 0 0 0 0 0 0 0 0 0 0 0 0 0 0 0 0 0 0 0 0 0 0 0 0 0 0 0 0 0 0 0 0 0 0 0 0 0 0 0 0 0 0 0 0 0 0 0 0 0 0 0 0 0 0 0 0 0 0 0 0 0 0
 0 0 0 0 0 0 0 0 0 0 0 0 0 0 0 0 0 0 0 0 0 0 0 0 0 0 0 0 0 0 0 0 0 0 0 0 0 0 0 0 0 0 0 0 0 0 0 0 0 0 0 0 0 0 0 0 0 0 0 0 0 0 0 0 0 0 0 0 0 0 0 0 0 0 0 0 0 0 0 0 0 0 0 0 0 0 0 0 0 0 0 0 0 0 0 0 0 0 0 0 0 0 0 0 0 0 0 0 0 0 0 0 0 0 0 0 0 0 0 0 0 0 0 0 0 0 0 0 0 0 0 0 0 0 0 0 0 0 0 0 0 0 0 0 0 0 0 0 0 0 0 0 0 0 0 0 0 0 0 0 0 0 0 0 0 0 0 0 0 0 0 0 0 0 0 0 0 0 0 0 0 0 0 0 0 0 0 0 0 0 0 0 0 0 0 0 0 0 0 0 0 0 0 0 0 0 0 0 0 0 0 0 0 0 0 0 0 0 0 0 0 0 0 0 0 0 0 0 0 0 0 0 0 0 0 0 0 0 0 0 0 0 0 0 0 0 0 0 0 0 0 0 0 0 0 0 0 0 0 0 0 0 0 0 0 0 0 0 0 0 0 0 0 0 0 0 0 0 0 0 0 0 0 0 0 0 0 0 0 0 0 0 0 0 0 0 0 0 0 0 0 0 0 0 0 0 0 0 0 0 0 0 0 0 0 0 0 0 0 0 0 0 0 0 0 0 0 0 0 0 0 0 0 0 0 0 0 0 0 0 0 0 0 0 0 0 0 0 0 0 0 0 0 0 0 0 0 0 0 0 0 0 0 0 0 0 0 0 0 0 0 0 0 0 0 0 0 0 0 0 0 0 0 0 0 0 0 0 0 0 0 0 0 0 0 0 0 0 0 0 0 0 0 0 0 0 0 0 0 0 0 0 0 0 0 0 0 0 0 0 0 0 0 0 0 0 0 0 0 0 0 0 0 0 0 0 0 0 0 0 0 0 0 0 0 0 0 0 0 0 0 0 0 0 0 0 0 0 0 0 0 0 0 0 0 0 0 0 0 0 0 0 0 0 0 0 0 0 0 0 0 0 0 0 0 0 0 0 0 0 0 0 0 0 0 0 0 0 0 0 0 0 0 0 0 0 0 0 0 0 0 0 0 0 0 0 0 0 0 0 0 0 0 0 0 0 0 0 0 0 0 0 0 0 0 0 0 0 0 0 0 0 0 0 0 0 0 0 0 0 0 0 0 0 0 0 0 0 0 0 0 0 0 0 0 0 0 0 0 0 0 0 0 0 0 0 0 0 0 0 0 0 0 0 0 0 0 0 0 0 0 0 0 0 0 0 0 0 0 0
 0 0 0 0 0 0 0 0 0 0 0 0 0 0 0 0 0 0 0 0 0 0 0 0 0 0 0 0 0 0 0 0 0 0 0 0 0 0 0 0 0 0 0 0 0 0 0 0 0 0 0 0 0 0 0 0 0 0 0 0 0 0 0 0 0 0 0 0 0 0 0 0 0 0 0 0 0 0 0 0 0 0 0 0 0 0 0 0 0 0 0 0 0 0 0 0 0 0 0 0 0 0 0 0 0 0 0 0 0 0 0 0 0 0 0 0 0 0 0 0 0 0 0 0 0 0 0 0 0 0 0 0 0 0 0 0 0 0 0 0 0 0 0 0 0 0 0 0 0 0 0 0 0 0 0 0 0 0 0 0 0 0 0 0 0 0 0 0 0 0 0 0 0 0 0 0 0 0 0 0 0 0 0 0 0 0 0 0 0 0 0 0 0 0 0 0 0 0 0 0 0 0 0 0 0 0 0 0 0 0 0 0 0 0 0 0 0 0 0 0 0 0 0 0 0 0 0 0 0 0 0 0 0 0 0 0 0 0 0 0 0 0 0 0 0 0 0 0 0 0 0 0 0 0 0 0 0 0 0 0 0 0 0 0 0 0 0 0 0 0 0 0 0 0 0 0 0 0 0 0 0 0 0 0 0 0 0 0 0 0 0 0 0 0 0 0 0 0 0 0 0 0 0 0 0 0 0 0 0 0 0 0 0 0 0 0 0 0 0 0 0 0 0 0 0 0 0 0 0 0 0 0 0 0 0 0 0 0 0 0 0 0 0 0 0 0 0 0 0 0 0 0 0 0 0 0 0 0 0 0 0 0 0 0 0 0 0 0 0 0 0 0 0 0 0 0 0 0 0 0 0 0 0 0 0 0 0 0 0 0 0 0 0 0 0 0 0 0 0 0 0 0 0 0 0 0 0 0 0 0 0 0 0 0 0 0 0 0 0 0 0 0 0 0 0 0 0 0 0 0 0 0 0 0 0 0 0 0 0 0 0 0 0 0 0 0 0 0 0 0 0 0 0 0 0 0 0 0 0 0 0 0 0 0 0 0 0 0 0 0 0 0 0 0 0 0 0 0 0 0 0 0 0 0 0 0 0 0 0 0 0 0 0 0 0 0 0 0 0 0 0 0 0 0 0 0 0 0 0 0 0 0 0 0 0 0 0 0 0 0 0 0 0 0 0 0 0 0 0 0 0 0 0 0 0 0 0 0 0 0 0 0 0 0 0 0 0 0 0 0 0 0 0 0 0 0 0 0 0 0 0 0 0 0 0 0 0 0 0 0 0 0 0 0 0 0 0 0 0 0 0 0 0 0 0 0 0 0 0 0 0 0 0 0 0 0 0 0 0 0
 0 0 0 0 0 0 0 0 0 0 0 0 0 0 0 0 0 0 0 0 0 0 0 0 0 0 0 0 0 0 0 0 0 0 0 0 0 0 0 0 0 0 0 0 0 0 0 0 0 0 0 0 0 0 0 0 0 0 0 0 0 0 0 0 0 0 0 0 0 0 0 0 0 0 0 0 0 0 0 0 0 0 0 0 0 0 0 0 0 0 0 0 0 0 0 0 0 0 0 0 0 0 0 0 0 0 0 0 0 0 0 0 0 0 0 0 0 0 0 0 0 0 0 0 0 0 0 0 0 0 0 0 0 0 0 0 0 0 0 0 0 0 0 0 0 0 0 0 0 0 0 0 0 0 0 0 0 0 0 0 0 0 0 0 0 0 0 0 0 0 0 0 0 0 0 0 0 0 0 0 0 0 0 0 0 0 0 0 0 0 0 0 0 0 0 0 0 0 0 0 0 0 0 0 0 0 0 0 0 0 0 0 0 0 0 0 0 0 0 0 0 0 0 0 0 0 0 0 0 0 0 0 0 0 0 0 0 0 0 0 0 0 0 0 0 0 0 0 0 0 0 0 0 0 0 0 0 0 0 0 0 0 0 0 0 0 0 0 0 0 0 0 0 0 0 0 0 0 0 0 0 0 0 0 0 0 0 0 0 0 0 0 0 0 0 0 0 0 0 0 0 0 0 0 0 0 0 0 0 0 0 0 0 0 0 0 0 0 0 0 0 0 0.0003576917806640267 0.001227745437063277 0.002605912508442998 0.004523845389485359 0.006981729529798031 0.009999060072004795 0.01359892636537552 0.0177601296454668 0.022501140832901 0.02784783020615578 0.03374677896499634 0.04015416279435158 0.04706107452511787 0.05445051938295364 0.06230355426669121 0.07060038298368454 0.07922186702489853 0.08809208869934082 0.09721065312623978 0.106597900390625 0.116260826587677 0.126178115606308 0.1363202184438705 0.1466778367757797 0.1572327315807343 0.1680083423852921 0.1790221184492111 0.1902475655078888 0.2016703635454178 0.2114704102277756 0.2179438769817352 0.219987541437149 0.2169327586889267 0.2082879543304443 0.1978735625743866 0.1879798769950867 0.1785808801651001 0.1696518361568451 0.161169245839119 0.1531107872724533 0.1454552412033081 0.1381824761629105 0.1312733590602875 0.1247096881270409 0.1184742003679276 0.1125504896044731 0.1069229617714882 0.1015768125653267 0.09649797528982162 0.09167307615280151 0.0870894193649292 0.08273494988679886 0.07859820127487183 0.074668288230896 0.07093487679958344 0.0673881322145462 0.06401872634887695 0.06081778928637505 0.05777689814567566 0.054888054728508 0.0521436519920826 0.04953647032380104 0.04705964773893356 0.04470666497945786 0.04247133061289787 0.04034776240587234 0.03833037614822388 0.03641385585069656 0.03459316492080688 0.03286350518465042 0.0312203299254179 0.02965931408107281 0.02817634865641594 0.02676753140985966 0.02542915567755699 0.0241576973348856 0.0229498129338026 0.02180232293903828 0.02071220614016056 0.01967659592628479 0.01869276538491249 0.01775812730193138 0.01687022112309933 0.01602670922875404 0.01522537413984537 0.01446410547941923 0.01374089997261763 0.01305385492742062 0.0124011617153883 0.01178110390901566 0.01119204889982939 0.01063244603574276 0.01010082382708788 0.009595782496035099 0.009115993045270443 0.008660193532705307 0.008227183483541012 0.007815823890268803 0.007425032556056976 0.00705378083512187 0.006701091770082712 0.006366037297993898 0.006047735456377268 0.005745348520576954 0.005458081141114235 0.005185177084058523 0.00492591829970479 0.00467962259426713 0.004445641301572323 0.004223359283059835 0.004012191202491522 0.003811581525951624 0.003621002426370978 0.003439952386543155 0.003267954802140594 0.003104557050392032 0.00294932909309864 0.002801862545311451 0.002661769511178136 0.002528680954128504 0.002402246929705143 0.002282134490087628 0.002168027684092522 0.002059626393020153 0.001956645166501403 0.001858812873251736 0.001765872235409915 0.001677578664384782 0.001593699678778648 0.001514014671556652 0.001438313978724182 0.001366398297250271 0.001298078335821629 0.001233174465596676 0.001171515788882971 0.001112940022721887 0.001057293033227324 0.001004428369924426 0.0009542069747112691 0.0009064965997822583 0.000861171749420464 0.0008181131561286747 0.0007772074895910919 0.0007383471238426864 0.0007014297880232334 0.0006663582753390074 0.0006330403848551214 0.0006013883394189179 0.0005713189020752907 0.0005427529686130583 0.0005156153347343206 0.0004898345796391368 0.0004653428622987121 0.000442075717728585 0.0004199719405733049 0.0003989733522757888 0.0003790246846619993 0.0003600734635256231 0.0003420697757974267 0.0003249662986490875 0.0003087179793510586 0.0002932820934802294 0.0002786179829854518 0.0002646870852913707 0.0002514527295716107 0.0002388800930930302 0.0002269360848003998 0.0002155892871087417 0.0002048098249360919 0.0001945693365996704 0.0001848408719524741 0.0001755988341756165 0.0001668188924668357 0.0001584779529366642 0.0001505540567450225 0.0001430263509973884 0.0001358750305371359 0.0001290812797378749 0.0001226272142957896 0.0001164958521258086 0.0001106710624299012 0.0001051375074894167 9.988063538912684e-05 9.48866072576493e-05 9.014227543957531e-05 8.563516166759655e-05 8.135340613080189e-05 7.728573837084696e-05 7.342144817812368e-05 6.975037831580266e-05 6.626285903621465e-05 6.294971535680816e-05 5.980223068036139e-05 5.68121176911518e-05 5.397151107899845e-05 5.127293479745276e-05 4.87092875118833e-05 4.627382440958172e-05 4.396013173391111e-05 4.176212678430602e-05 3.967402153648436e-05 3.769031900446862e-05 3.580580232664943e-05 3.401551293791272e-05 3.23147360177245e-05 3.069900049013086e-05 2.916404991992749e-05 2.770584796962794e-05 2.632055475260131e-05 2.50045268330723e-05 2.375430085521657e-05 2.256658626720309e-05 2.143825622624718e-05 2.036634396063164e-05 1.934802639880218e-05 1.838062598835677e-05 1.746159432514105e-05 1.658851397223771e-05 1.575908754603006e-05 1.497113316872856e-05 1.422257628291845e-05 1.351144783257041e-05 1.283587516809348e-05 1.21940811368404e-05 1.158437680714997e-05 1.100515783036826e-05 1.045489989337511e-05 9.932155080605298e-06 9.435547326575033e-06 8.963769687397871e-06 8.515581612300593e-06 8.089802577160299e-06 7.685312084504403e-06 7.301046480279183e-06 6.935993951628916e-06 6.58919407214853e-06 6.259734163904795e-06 5.946747478446923e-06 5.649410013575107e-06 5.366939603845822e-06 5.098592737340368e-06 4.84366319142282e-06 4.601480213750619e-06 4.371406248537824e-06 4.152836027060403e-06 3.945194293919485e-06 3.747934670172981e-06 3.560537834346178e-06 3.382510840310715e-06 3.213385298295179e-06 3.052716010643053e-06 2.900080289691687e-06 2.755076366156572e-06 2.617322479636641e-06 2.486456423866912e-06 2.362133500355412e-06 2.244026745756855e-06 2.13182534025691e-06 2.025234152824851e-06 1.923972376971506e-06 1.82777375812293e-06 1.736385115691519e-06 1.649565888328652e-06 1.56708756549051e-06 1.48873323269072e-06 1.414296548318816e-06 1.343581743640243e-06 1.276402599614812e-06 1.212582446896704e-06 1.151953370026604e-06 1.094355752684351e-06 1.039637936628424e-06 9.876559943222674e-07 9.382732173435215e-07 8.913595479498326e-07 8.467915790788538e-07 8.044519859140564e-07 7.642294121978921e-07
 0 0 0 0 0 0 0 0 0 0 0 0 0 0 0 0 0 0 0 0 0 0 0 0 0 0 0 0 0 0 0 0 0 0 0 0 0 0 0 0 0 0 0 0 0 0 0 0 0 0 0 0 0 0 0 0 0 0 0 0 0 0 0 0 0 0 0 0 0 0 0 0 0 0 0 0 0 0 0 0 0 0 0 0 0 0 0 0 0 0 0 0 0 0 0 0 0 0 0 0 0 0 0 0 0 0 0 0 0 0 0 0 0 0 0 0 0 0 0 0 0 0 0 0 0 0 0 0 0 0 0 0 0 0 0 0 0 0 0 0 0 0 0 0 0 0 0 0 0 0 0 0 0 0 0 0 0 0 0 0 0 0 0 0 0 0 0 0 0 0 0 0 0 0 0 0 0 0 0 0 0 0 0 0 0 0 0 0 0 0 0 0 0 0 0 0 0 0 0 0 0 0 0 0 0 0 0 0 0 0 0 0 0 0 0 0 0 0 0 0 0 0 0 0 0 0 0 0 0 0 0 0 0 0 0 0 0 0 0 0 0 0 0 0 0 0 0 0 0 0 0 0 0 0 0 0 0 0 0 0 0 0 0 0 0 0 0 0 0 0 0 0 0 0 0 0 0 0 0 0 0 0 0 0 0 0 0 0 0 0 0 0 0 0 0 0 0 0 0 0 0 0 0 0 0 0 0 0 0 0 0 0 0 0 0 0 0 0 0 0 0 0 0 0 0 0 0 0 0 0 0 0 0 0 0 0 0 0 0 0 0 0 0 0 0 0 0 0 0 0 0 0 0 0 0 0 0 0 0 0 0 0 0 0 0 0 0 0 0 0 0 0 0 0 0 0 0 0 0 0 0 0 0 0 0 0 0 0 0 0 0 0 0 0 0 0 0 0 0 0 0 0 0 0 0 0 0 0 0 0 0 0 0 0 0 0 0 0 0 0 0 0 0 0 0 0 0 0 0 0 0 0 0 0 0 0 0 0 0 0 0 0 0 0 0 0 0 0 0 0 0 0 0 0 0 0 0 0 0 0 0 0 0 0 0 0 0 0 0 0 0 0 0 0 0 0 0 0 0 0 0 0 0 0 0 0 0 0 0 0 0 0 0 0 0 0 0 0 0 0 0 0 0 0 0 0 0 0 0 0 0 0 0 0 0 0 0 0 0 0 0 0 0 0 0 0 0 0 0 0 0 0 0 0 0 0 0 0 0 0 0 0 0 0 0 0 0 0 0 0 0 0 0 0 0 0 0 0 0 0 0 0 0 0 0 0 0 0 0 0 0 0 0 0 0 0 0 0 0 0 0 0 0 0 0 0 0 0 0 0 0 0 0 0 0 0 0 0 0 0
 0 0 0 0 0 0 0 0 0 0 0 0 0 0 0 0 0 0 0 0 0 0 0 0 0 0 0 0 0 0 0 0 0 0 0 0 0 0 0 0 0 0 0 0 0 0 0 0 0 0 0 0 0 0 0 0 0 0 0 0 0 0 0 0 0 0 0 0 0 0 0 0 0 0 0 0 0 0 0 0 0 0 0 0 0 0 0 0 0 0 0 0 0 0 0 0 0 0 0 0 0 0 0 0 0 0 0 0 0 0 0 0 0 0 0 0 0 0 0 0 0 0 0 0 0 0 0 0 0 0 0 0 0 0 0 0 0 0 0 0 0 0 0 0 0 0 0 0 0 0 0 0 0 0 0 0 0 0 0 0 0 0 0 0 0 0 0 0 0 0 0 0 0 0 0 0 0 0 0 0 0 0 0 0 0 0 0 0 0 0 0 0 0 0 0 0 0 0 0 0 0 0 0 0 0 0 0 0 0 0 0 0 0 0 0 0 0 0 0 0 0 0 0 0 0 0 0 0 0 0 0 0 0 0 0 0 0 0 0 0 0 0 0 0 0 0 0 0 0 0 0 0 0 0 0 0 0 0 0 0 0 0 0 0 0 0 0 0 0 0 0 0 0 0 0 0 0 0 0 0 0 0 0 0 0 0 0 0 0 0 0 0 0 0 0 0 0 0 0 0 0 0 0 0 0 0 0 0 0 0 0 0 0 0 0 0 0 0 0 0 0 0 0 0 0 0 0 0 0 0 0 0 0 0 0 0 0 0 0 0 0 0 0 0 0 0 0 0 0 0 0 0 0 0 0 0 0 0 0 0 0 0 0 0 0 0 0 0 0 0 0 0 0 0 0 0 0 0 0 0 0 0 0 0 0 0 0 0 0 0 0 0 0 0 0 0 0 0 0 0 0 0 0 0 0 0 0 0 0 0 0 0 0 0 0 0 0 0 0 0 0 0 0 0 0 0 0 0 0 0 0 0 0 0 0 0 0 0 0 0 0 0 0 0 0 0 0 0 0 0 0 0 0 0 0 0 0 0 0 0 0 0 0 0 0 0 0 0 0 0 0 0 0 0 0 0 0 0 0 0 0 0 0 0 0 0 0 0 0 0 0 0 0 0 0 0 0 0 0 0 0 0 0 0 0 0 0 0 0 0 0 0 0 0 0 0 0 0 0 0 0 0 0 0 0 0 0 0 0 0 0 0 0 0 0 0 0 0 0 0 0 0 0 0 0 0 0 0 0 0 0 0 0 0 0 0 0 0 0 0 0 0 0 0 0 0 0 0 0 0 0 0 0 0 0 0 0 0 0 0 0 0 0 0 0 0 0 0 0 0 0 0 0 0 0 0 0 0 0 0


# name: r_0_m10_G0_L0p3_D0p7
# type: matrix
# rows: 1
# columns: 14
 0 -10 0.2 0 0.3 0 -6.198163333333333 0 0 0.07609550595578347 0 154 0.6324555320336759 0.7




