# Created by Octave 3.8.2, Wed Jul 05 10:40:03 2017 BST <co1ssj@node117>
# name: result
# type: scalar struct
# ndims: 2
 1 1
# length: 3
# name: params
# type: scalar struct
# ndims: 2
 1 1
# length: 18
# name: cleanup
# type: scalar
0


# name: num_runs
# type: scalar
6


# name: dopamine
# type: scalar
0.7


# name: targetCross
# type: scalar
1


# name: targetLuminance
# type: scalar
0.3


# name: targetWidthX
# type: scalar
6


# name: targetWidthY
# type: scalar
2


# name: fixCross
# type: scalar
1


# name: fixLuminance
# type: scalar
0.2


# name: fixWidthX
# type: scalar
6


# name: fixWidthY
# type: scalar
2


# name: fixOn
# type: scalar
0


# name: targetOff
# type: scalar
1


# name: targetOn
# type: scalar
0.2


# name: fixOff
# type: scalar
0.2


# name: targetThetaX
# type: scalar
0


# name: targetThetaY
# type: scalar
-13


# name: exptnum
# type: scalar
0




# name: r_0_m13_G0_L0p3_D0p7_llbn
# type: matrix
# rows: 24
# columns: 600
 0 0 0 0 0 0 0 0 0 0 0 0 0 0 0 0 0 0 0 0 0 0 0 0 0 0 0 0 0 0 0 0 0 0 0 0 0 0 0 0 0 0 0 0 0 0 0 0 0 0 0 0 0 0 0 0 0 0 0 0 0 0 0 0 0 0 0 0 0 0 0 0 0 0 0 0 0 0 0 0 0 0 0 0 0 0 0 0 0 0 0 0 0 0 0 0 0 0 0 0 0 0 0 0 0 0 0 0 0 0 0 0 0 0 0 0 0 0 0 0 0 0 0 0 0 0 0 0 0 0 0 0 0 0 0 0 0 0 0 0 0 0 0 0 0 0 0 0 0 0 0 0 0 0 0 0 0 0 0 0 0 0 0 0 0 0 0 0 0 0 0 0 0 0 0 0 0 0 0 0 0 0 0 0 0 0 0 0 0 0 0 0 0 0 0 0 0 0 0 0 0 0 0 0 0 0 0 0 0 0 0 0 0 0 0 0 0 0 0 0 0 0 0 0 0 0 0 0 0 0 0 0 0 0 0 0 0 0 0 0 0 0 0 0 0 0 0 0 0 0 0 0 0 0 0 0 0 0 0 0 0 0 0 0 0 0 0 0 0 0 0 0 0 0 0 0 0 0 0 0 0 0 0 0 0 0 0 0 0 0 0 0 0 0 0 0 0 0 0 0 0 0 0 0 0 0 0 0 0 0 0 0 0 0 0 0 0 0 0 0 0 0 0 0 0 0 0 0 0 0 0 0 0 0 0 0 0 0 0 0 0 0 0 0 0 0 0 0 0 0 0 0 0 0 0 0 0 0 0 0 0 0 0 0 0 0 0 0 0 0 0 0 0 0 0 0 0 0 0 0 0 0 0 0 0 0 0 0 0 0 0 0 0 0 0 0 0 0 0 0 0 0 0 0 0 0 0 0 0 0 0 0 0 0 0 0 0 0 0 0 0 0 0 0 0 0 0 0 0 0 0 0 0 0 0 0 0 0 0 0 0 0 0 0 0 0 0 0 0 0 0 0 0 0 0 0 0 0 0 0 0 0 0 0 0 0 0 0 0 0 0 0 0 0 0 0 0 0 0 0 0 0 0 0 0 0 0 0 0 0 0 0 0 0 0 0 0 0 0 0 0 0 0 0 0 0 0 0 0 0 0 0 0 0 0 0 0 0 0 0 0 0 0 0 0 0 0 0 0 0 0 0 0 0 0 0 0 0 0 0 0 0 0 0 0 0 0 0 0 0 0 0 0 0 0 0 0 0 0 0 0 0 0 0 0 0 0 0 0 0 0 0 0 0 0 0 0 0 0 0 0 0 0 0 0 0 0 0 0 0 0 0 0 0 0 0 0 0 0 0
 0 0 0 0 0 0 0 0 0 0 0 0 0 0 0 0 0 0 0 0 0 0 0 0 0 0 0 0 0 0 0 0 0 0 0 0 0 0 0 0 0 0 0 0 0 0 0 0 0 0 0 0 0 0 0 0 0 0 0 0 0 0 0 0 0 0 0 0 0 0 0 0 0 0 0 0 0 0 0 0 0 0 0 0 0 0 0 0 0 0 0 0 0 0 0 0 0 0 0 0 0 0 0 0 0 0 0 0 0 0 0 0 0 0 0 0 0 0 0 0 0 0 0 0 0 0 0 0 0 0 0 0 0 0 0 0 0 0 0 0 0 0 0 0 0 0 0 0 0 0 0 0 0 0 0 0 0 0 0 0 0 0 0 0 0 0 0 0 0 0 0 0 0 0 0 0 0 0 0 0 0 0 0 0 0 0 0 0 0 0 0 0 0 0 0 0 0 0 0 0 0 0 0 0 0 0 0 0 0 0 0 0 0 0 0 0 0 0 0 0 0 0 0 0 0 0 0 0 0 0 0 0 0 0 0 0 0 0 0 0 0 0 0 0 0 0 0 0 0 0 0 0 0 0 0 0 0 0 0 0 0 0 0 0 0 0 0 0 0 0 0 0 0 0 0 0 0 0 0 0 0 0 0 0 0 0 0 0 0 0 0 0 0 0 0 0 0 0 0 0 0 0 0 0 0 0 0 0 0 0 0 0 0 0 0 0 0 0 0 0 0 0 0 0 0 0 0 0 0 0.0001730119984131306 0.00103545852471143 0.002584304660558701 0.004794198088347912 0.007670894730836153 0.01122208777815104 0.0154424449428916 0.0203092098236084 0.02581023052334785 0.03192981332540512 0.03868614882230759 0.04616920277476311 0.05435761064291 0.06326044350862503 0.07287455350160599 0.08318042755126953 0.09429450333118439 0.1062865033745766 0.1191089823842049 0.1327831298112869 0.1472212374210358 0.162285178899765 0.1778757721185684 0.1939682066440582 0.2105927020311356 0.2277538329362869 0.2452858984470367 0.2631523609161377 0.2787290513515472 0.2899972498416901 0.2954782545566559 0.2942486107349396 0.285610556602478 0.2713300287723541 0.257763534784317 0.244875356554985 0.2326315939426422 0.2210000157356262 0.2099500149488449 0.1994525194168091 0.1894798874855042 0.1800058931112289 0.171005591750145 0.1624553054571152 0.1543325334787369 0.1466159075498581 0.1392851173877716 0.1323208659887314 0.125704824924469 0.1194195821881294 0.1134486049413681 0.1077761724591255 0.102387361228466 0.0972679927945137 0.09240459650754929 0.08778436481952667 0.08339514583349228 0.07922539114952087 0.07526411861181259 0.07150091230869293 0.06792587041854858 0.06452957540750504 0.06130309775471687 0.0582379437983036 0.05532604828476906 0.052559744566679 0.04993175715208054 0.04743516817688942 0.04506340995430946 0.04281023889780045 0.04066972807049751 0.03863624110817909 0.03670442849397659 0.03486920893192291 0.03312574699521065 0.03146946057677269 0.02989598736166954 0.02840118855237961 0.02698112837970257 0.02563207224011421 0.02435046806931496 0.02313294447958469 0.02197629772126675 0.02087748236954212 0.01983360759913921 0.01884192787110806 0.01789983175694942 0.0170048400759697 0.01615459844470024 0.01534686889499426 0.0145795252174139 0.01385054923593998 0.01315802149474621 0.01250012032687664 0.01187511440366507 0.01128135900944471 0.01071729138493538 0.01018142700195312 0.009672355838119984 0.009188737720251083 0.008729300461709499 0.008292835205793381 0.007878193631768227 0.0074842837639153 0.007110069505870342 0.006754565984010696 0.006416837684810162 0.006095995660871267 0.005791195668280125 0.00550163583829999 0.00522655388340354 0.004965226165950298 0.004716964904218912 0.004481116775423288 0.004257061053067446 0.004044208209961653 0.003841997822746634 0.003649897873401642 0.003467402886599302 0.003294032765552402 0.003129331162199378 0.002972864545881748 0.002824221272021532 0.002683010185137391 0.002548859687522054 0.002421416807919741 0.002300346037372947 0.00218532863073051 0.002076062140986323 0.001972259022295475 0.001873646047897637 0.001779963728040457 0.001690965495072305 0.001606417237780988 0.001526096370071173 0.001449791598133743 0.001377301989123225 0.001308436854742467 0.001243015052750707 0.001180864288471639 0.00112182111479342 0.00106573011726141 0.001012443564832211 0.0009618214098736644 0.0009137303568422794 0.0008680438622832298 0.0008246416691690683 0.0007834095740690827 0.0007442390779033303 0.0007070271531119943 0.0006716757779940963 0.0006380919949151576 0.0006061873864382505 0.000575878017116338 0.0005470841424539685 0.0005197299178689718 0.0004937433986924589 0.0004690562200266868 0.0004456034221220762 0.0004233232466503978 0.0004021570784971118 0.000382049212930724 0.0003629467391874641 0.0003447993949521333 0.0003275594208389521 0.0003111814439762384 0.0002956223615910858 0.0002808412536978722 0.0002667991793714464 0.0002534592058509588 0.0002407862484687939 0.000228746939683333 0.000217309599975124 0.0002064441214315593 0.0001961219095392153 0.0001863158104242757 0.0001770000235410407 0.0001681500289123505 0.0001597425289219245 0.0001517554046586156 0.0001441676286049187 0.0001369592500850558 0.0001301112934015691 0.0001236057287314907 0.0001174254430225119 0.0001115541672334075 0.0001059764617821202 0.0001006776365102269 9.564375795889646e-05 9.086156933335587e-05 8.63184905028902e-05 8.200256706913933e-05 7.790244126226753e-05 7.400731556117535e-05 7.030695269349962e-05 6.679160287603736e-05 6.345202564261854e-05 6.027942436048761e-05 5.726545350626111e-05 5.440218228613958e-05 5.168207280803472e-05 4.909796916763298e-05 4.664307198254392e-05 4.431091656442732e-05 4.209536928101443e-05 3.999060209025629e-05 3.799107071245089e-05 3.609151826822199e-05 3.428694253670983e-05 3.257259595557116e-05 3.094396743108518e-05 2.939676960522775e-05 2.792693157971371e-05 2.653058436408173e-05 2.520405541872606e-05 2.394385228399187e-05 2.274665894219652e-05 2.160932672268245e-05 2.052885974990204e-05 1.950241676240694e-05 1.852729656093288e-05 1.760093255143147e-05 1.672088546911255e-05 1.58848415594548e-05 1.509059984527994e-05 1.433607030776329e-05 1.361926661047619e-05 1.293830337090185e-05 1.229138797498308e-05 1.167681875813287e-05 1.109297772927675e-05 1.053832875186345e-05 1.00114120868966e-05 9.510841664450709e-06 9.035299626702908e-06 8.583534508943558e-06 8.154357601597439e-06 7.746639312244952e-06 7.359307346632704e-06 6.991342161200009e-06 6.641775144089479e-06 6.30968634141027e-06 5.994202183501329e-06 5.694491846952587e-06 5.409767254604958e-06 5.13927898282418e-06 4.882314897258766e-06 4.638199243345298e-06 4.406289463076973e-06 4.185974830761552e-06 3.976675998274004e-06 3.777842266572407e-06 3.588950221455889e-06 3.409502824069932e-06 3.239027591916965e-06 3.077076144109014e-06 2.923222382378299e-06 2.777061354208854e-06 2.63820834334183e-06 2.50629796028079e-06 2.380983005423332e-06 2.261933786940062e-06 2.148837211279897e-06 2.041395418928005e-06 1.939325557032134e-06 1.842359324655263e-06 1.750241381159867e-06 1.662729346207925e-06 1.579592890266213e-06 1.500613279858953e-06 1.425582581759954e-06
 0 0 0 0 0 0 0 0 0 0 0 0 0 0 0 0 0 0 0 0 0 0 0 0 0 0 0 0 0 0 0 0 0 0 0 0 0 0 0 0 0 0 0 0 0 0 0 0 0 0 0 0 0 0 0 0 0 0 0 0 0 0 0 0 0 0 0 0 0 0 0 0 0 0 0 0 0 0 0 0 0 0 0 0 0 0 0 0 0 0 0 0 0 0 0 0 0 0 0 0 0 0 0 0 0 0 0 0 0 0 0 0 0 0 0 0 0 0 0 0 0 0 0 0 0 0 0 0 0 0 0 0 0 0 0 0 0 0 0 0 0 0 0 0 0 0 0 0 0 0 0 0 0 0 0 0 0 0 0 0 0 0 0 0 0 0 0 0 0 0 0 0 0 0 0 0 0 0 0 0 0 0 0 0 0 0 0 0 0 0 0 0 0 0 0 0 0 0 0 0 0 0 0 0 0 0 0 0 0 0 0 0 0 0 0 0 0 0 0 0 0 0 0 0 0 0 0 0 0 0 0 0 0 0 0 0 0 0 0 0 0 0 0 0 0 0 0 0 0 0 0 0 0 0 0 0 0 0 0 0 0 0 0 0 0 0 0 0 0 0 0 0 0 0 0 0 0 0 0 0 0 0 0 0 0 0 0 0 0 0 0 0 0 0 0 0 0 0 0 0 0 0 0 0 0 0 0 0 0 0 0 0 0 0 0 0 0 0 0 0 0 0 0 0 0 0 0 0 0 0 0 0 0 0 0 0 0 0 0 0 0 0 0 0 0 0 0 0 0 0 0 0 0 0 0 0 0 0 0 0 0 0 0 0 0 0 0 0 0 0 0 0 0 0 0 0 0 0 0 0 0 0 0 0 0 0 0 0 0 0 0 0 0 0 0 0 0 0 0 0 0 0 0 0 0 0 0 0 0 0 0 0 0 0 0 0 0 0 0 0 0 0 0 0 0 0 0 0 0 0 0 0 0 0 0 0 0 0 0 0 0 0 0 0 0 0 0 0 0 0 0 0 0 0 0 0 0 0 0 0 0 0 0 0 0 0 0 0 0 0 0 0 0 0 0 0 0 0 0 0 0 0 0 0 0 0 0 0 0 0 0 0 0 0 0 0 0 0 0 0 0 0 0 0 0 0 0 0 0 0 0 0 0 0 0 0 0 0 0 0 0 0 0 0 0 0 0 0 0 0 0 0 0 0 0 0 0 0 0 0 0 0 0 0 0 0 0 0 0 0 0 0 0 0 0 0 0 0 0 0 0 0 0 0 0 0 0 0 0 0 0 0 0 0 0 0 0 0 0 0 0 0 0 0 0 0 0 0 0 0 0 0 0 0 0 0 0 0 0 0
 0 0 0 0 0 0 0 0 0 0 0 0 0 0 0 0 0 0 0 0 0 0 0 0 0 0 0 0 0 0 0 0 0 0 0 0 0 0 0 0 0 0 0 0 0 0 0 0 0 0 0 0 0 0 0 0 0 0 0 0 0 0 0 0 0 0 0 0 0 0 0 0 0 0 0 0 0 0 0 0 0 0 0 0 0 0 0 0 0 0 0 0 0 0 0 0 0 0 0 0 0 0 0 0 0 0 0 0 0 0 0 0 0 0 0 0 0 0 0 0 0 0 0 0 0 0 0 0 0 0 0 0 0 0 0 0 0 0 0 0 0 0 0 0 0 0 0 0 0 0 0 0 0 0 0 0 0 0 0 0 0 0 0 0 0 0 0 0 0 0 0 0 0 0 0 0 0 0 0 0 0 0 0 0 0 0 0 0 0 0 0 0 0 0 0 0 0 0 0 0 0 0 0 0 0 0 0 0 0 0 0 0 0 0 0 0 0 0 0 0 0 0 0 0 0 0 0 0 0 0 0 0 0 0 0 0 0 0 0 0 0 0 0 0 0 0 0 0 0 0 0 0 0 0 0 0 0 0 0 0 0 0 0 0 0 0 0 0 0 0 0 0 0 0 0 0 0 0 0 0 0 0 0 0 0 0 0 0 0 0 0 0 0 0 0 0 0 0 0 0 0 0 0 0 0 0 0 0 0 0 0 0 0 0 0 0 0 0 0 0 0 0 0 0 0 0 0 0 0 0 0 0 0 0 0 0 0 0 0 0 0 0 0 0 0 0 0 0 0 0 0 0 0 0 0 0 0 0 0 0 0 0 0 0 0 0 0 0 0 0 0 0 0 0 0 0 0 0 0 0 0 0 0 0 0 0 0 0 0 0 0 0 0 0 0 0 0 0 0 0 0 0 0 0 0 0 0 0 0 0 0 0 0 0 0 0 0 0 0 0 0 0 0 0 0 0 0 0 0 0 0 0 0 0 0 0 0 0 0 0 0 0 0 0 0 0 0 0 0 0 0 0 0 0 0 0 0 0 0 0 0 0 0 0 0 0 0 0 0 0 0 0 0 0 0 0 0 0 0 0 0 0 0 0 0 0 0 0 0 0 0 0 0 0 0 0 0 0 0 0 0 0 0 0 0 0 0 0 0 0 0 0 0 0 0 0 0 0 0 0 0 0 0 0 0 0 0 0 0 0 0 0 0 0 0 0 0 0 0 0 0 0 0 0 0 0 0 0 0 0 0 0 0 0 0 0 0 0 0 0 0 0 0 0 0 0 0 0 0 0 0 0 0 0 0 0 0 0 0 0 0 0 0 0 0 0 0 0 0 0 0 0 0 0 0 0 0 0 0 0
 0 0 0 0 0 0 0 0 0 0 0 0 0 0 0 0 0 0 0 0 0 0 0 0 0 0 0 0 0 0 0 0 0 0 0 0 0 0 0 0 0 0 0 0 0 0 0 0 0 0 0 0 0 0 0 0 0 0 0 0 0 0 0 0 0 0 0 0 0 0 0 0 0 0 0 0 0 0 0 0 0 0 0 0 0 0 0 0 0 0 0 0 0 0 0 0 0 0 0 0 0 0 0 0 0 0 0 0 0 0 0 0 0 0 0 0 0 0 0 0 0 0 0 0 0 0 0 0 0 0 0 0 0 0 0 0 0 0 0 0 0 0 0 0 0 0 0 0 0 0 0 0 0 0 0 0 0 0 0 0 0 0 0 0 0 0 0 0 0 0 0 0 0 0 0 0 0 0 0 0 0 0 0 0 0 0 0 0 0 0 0 0 0 0 0 0 0 0 0 0 0 0 0 0 0 0 0 0 0 0 0 0 0 0 0 0 0 0 0 0 0 0 0 0 0 0 0 0 0 0 0 0 0 0 0 0 0 0 0 0 0 0 0 0 0 0 0 0 0 0 0 0 0 0 0 0 0 0 0 0 0 0 0 0 0 0 0 0 0 0 0 0 0 0 0 0 0 0 0 0 0 0 0 0 0 0 0 0 0 0 0 0 0 0 0 0 0 0 0 0 0 0 0 0 0 0 0 0 0 0 0 0 0 0 0 0 0 0 0 0 0 0 0 0 0 0 0 0 0 0 0 0 0 0 0 0 0 0 0 0 0 0 0 0 0 0 0 0 0 0 0 0 0 0 0 0 0 0 0 0 0 0 0 0 0 0 0 0 0 0 0 0 0 0 0 0 0 0 0 0 0 0 0 0 0 0 0 0 0 0 0 0 0 0 0 0 0 0 0 0 0 0 0 0 0 0 0 0 0 0 0 0 0 0 0 0 0 0 0 0 0 0 0 0 0 0 0 0 0 0 0 0 0 0 0 0 0 0 0 0 0 0 0 0 0 0 0 0 0 0 0 0 0 0 0 0 0 0 0 0 0 0 0 0 0 0 0 0 0 0 0 0 0 0 0 0 0 0 0 0 0 0 0 0 0 0 0 0 0 0 0 0 0 0 0 0 0 0 0 0 0 0 0 0 0 0 0 0 0 0 0 0 0 0 0 0 0 0 0 0 0 0 0 0 0 0 0 0 0 0 0 0 0 0 0 0 0 0 0 0 0 0 0 0 0 0 0 0 0 0 0 0 0 0 0 0 0 0 0 0 0 0 0 0 0 0 0 0 0 0 0 0 0 0 0 0 0 0 0 0 0 0 0 0 0 0 0 0 0 0 0 0 0 0 0 0 0 0 0 0
 0 0 0 0 0 0 0 0 0 0 0 0 0 0 0 0 0 0 0 0 0 0 0 0 0 0 0 0 0 0 0 0 0 0 0 0 0 0 0 0 0 0 0 0 0 0 0 0 0 0 0 0 0 0 0 0 0 0 0 0 0 0 0 0 0 0 0 0 0 0 0 0 0 0 0 0 0 0 0 0 0 0 0 0 0 0 0 0 0 0 0 0 0 0 0 0 0 0 0 0 0 0 0 0 0 0 0 0 0 0 0 0 0 0 0 0 0 0 0 0 0 0 0 0 0 0 0 0 0 0 0 0 0 0 0 0 0 0 0 0 0 0 0 0 0 0 0 0 0 0 0 0 0 0 0 0 0 0 0 0 0 0 0 0 0 0 0 0 0 0 0 0 0 0 0 0 0 0 0 0 0 0 0 0 0 0 0 0 0 0 0 0 0 0 0 0 0 0 0 0 0 0 0 0 0 0 0 0 0 0 0 0 0 0 0 0 0 0 0 0 0 0 0 0 0 0 0 0 0 0 0 0 0 0 0 0 0 0 0 0 0 0 0 0 0 0 0 0 0 0 0 0 0 0 0 0 0 0 0 0 0 0 0 0 0 0 0 0 0 0 0 0 0 0 0 0 0 0 0 0 0 0 0 0 0 0 0 0 0 0 0 0 0 0 0 0 0 0 0 0 0 0 0 0 0 0 0 0 0 0 0 0 0 0 0 0 0 0 0 0 0 0 0 0 0 0 0 8.243784395745024e-05 0.0008156163385137916 0.002241108566522598 0.004355206619948149 0.00714263366535306 0.01055675651878119 0.01459054835140705 0.01922115869820118 0.02442691475152969 0.03022583015263081 0.03668439015746117 0.04380286857485771 0.05161568894982338 0.06012952700257301 0.06934475898742676 0.07928508520126343 0.08990753442049026 0.101196177303791 0.11319849640131 0.1259613037109375 0.1393285244703293 0.1531879305839539 0.1674909293651581 0.182249054312706 0.1973958313465118 0.2128053903579712 0.2284413725137711 0.244309589266777 0.2590811550617218 0.2703500390052795 0.276556134223938 0.2766769230365753 0.2699140012264252 0.2564182877540588 0.2435973733663559 0.2314175069332123 0.2198466360569 0.2088543027639389 0.1984115839004517 0.1884910017251968 0.1790664494037628 0.170113131403923 0.1616074740886688 0.153527095913887 0.1458507478237152 0.1385582089424133 0.1316303014755249 0.1250487864017487 0.1187963485717773 0.1128565296530724 0.1072137057781219 0.1018530204892159 0.09676036983728409 0.09192235022783279 0.08732623606920242 0.08295992761850357 0.07881192862987518 0.07487133145332336 0.0711277648806572 0.06757137924432755 0.06419280916452408 0.06098316982388496 0.05793401226401329 0.05503731220960617 0.05228544771671295 0.04967117682099342 0.04718761891126633 0.04482823610305786 0.04258682578802109 0.04045748338103294 0.03843460977077484 0.03651287779211998 0.03468723222613335 0.03295287117362022 0.0313052274286747 0.02973996661603451 0.02825296856462955 0.0268403198570013 0.02549830451607704 0.02422338910400867 0.02301221899688244 0.021861607208848 0.02076852694153786 0.01973010040819645 0.01874359510838985 0.01780641451478004 0.01691609434783459 0.0160702895373106 0.01526677515357733 0.01450343616306782 0.0137782646343112 0.01308935135602951 0.01243488397449255 0.01181313954293728 0.01122248265892267 0.0106613589450717 0.01012829132378101 0.00962187722325325 0.009140782989561558 0.008683743886649609 0.008249556645750999 0.007837078534066677 0.007445224560797215 0.007072963286191225 0.006719314958900213 0.006383349187672138 0.006064181681722403 0.005760972388088703 0.005472923628985882 0.005199277307838202 0.004939313512295485 0.004692347720265388 0.004457730334252119 0.004234843887388706 0.004023101646453142 0.003821946680545807 0.003630849299952388 0.003449306823313236 0.003276841482147574 0.003112999489530921 0.002957349410280585 0.002809481928125024 0.002669007750228047 0.002535557374358177 0.00240877945907414 0.002288340590894222 0.002173923654481769 0.002065227366983891 0.001961966045200825 0.001863867742940784 0.001770674367435277 0.001682140631601214 0.001598033588379622 0.001518131932243705 0.001442225300706923 0.001370114041492343 0.001301608281210065 0.001236527925357223 0.001174701494164765 0.001115966471843421 0.001060168142430484 0.00100715970620513 0.0009568016976118088 0.0009089616360142827 0.0008635135600343347 0.0008203379111364484 0.0007793210097588599 0.0007403549388982356 0.0007033371948637068 0.0006681703380309045 0.0006347618182189763 0.0006030237418599427 0.000572872580960393 0.0005442289402708411 0.0005170174990780652 0.0004911666037514806 0.0004666082677431405 0.0004432778514456004 0.0004211139457765967 0.0004000582557637244 0.0003800553386099637 0.0003610525745898485 0.0003429999342188239 0.0003258499491494149 0.0003095574502367526 0.0002940795675385743 0.0002793755847960711 0.0002654067939147353 0.0002521364658605307 0.0002395296469330788 0.0002275531587656587 0.0002161754964618012 0.0002053667267318815 0.0001950983860297129 0.0001853434660006315 0.0001760762970661744 0.0001672724756645039 0.0001589088496984914 0.0001509634021203965 0.0001434152363799512 0.0001362444745609537 0.0001294322573812678 0.0001229606423294172 0.0001168126109405421 0.0001109719814849086 0.000105423379864078 0.0001001522105070762 9.514459816273302e-05 9.038736607180908e-05 8.586799958720803e-05 8.157460251823068e-05 7.749587530270219e-05 7.362107862718403e-05 6.994002615101635e-05 6.644302629865706e-05 6.312087498372421e-05 5.996483014314435e-05 5.696658990927972e-05 5.411825986811891e-05 5.141234578331932e-05 4.884172813035548e-05 4.639964026864618e-05 4.407965752761811e-05 4.187567537883297e-05 3.978189124609344e-05 3.779279722948559e-05 3.590315827750601e-05 3.410800127312541e-05 3.240260048187338e-05 3.078247027588077e-05 2.924334694398567e-05 2.778117959678639e-05 2.639212107169442e-05 2.507251520000864e-05 2.381888953095768e-05 2.26279444177635e-05 2.149654756067321e-05 2.042171945504379e-05 1.940063339134213e-05 1.843060090322979e-05 1.7509071767563e-05 1.663361763348803e-05 1.580193747940939e-05 1.501184033259051e-05 1.426124799763784e-05 1.354818596155383e-05 1.287077702727402e-05 1.222723858518293e-05 1.161587624665117e-05 1.103508202504599e-05 1.048332796926843e-05 9.959161616279744e-06 9.461203262617346e-06 8.988143235910684e-06 8.53873643791303e-06 8.111799616017379e-06 7.70620954426704e-06 7.320898930629482e-06 6.954854143259581e-06 6.607111572520807e-06 6.276755811995827e-06 5.962917839497095e-06 5.664771833835403e-06 5.38153335583047e-06 5.112456619826844e-06 4.856833584199194e-06 4.61399213236291e-06 4.383292434795294e-06 4.164127858530264e-06 3.955921329179546e-06 3.758125330932671e-06 3.570219178072875e-06 3.391708105482394e-06 3.222122813895112e-06 3.061016741412459e-06 2.907965836129733e-06 2.762567646641401e-06 2.624439275678014e-06 2.493217380106216e-06 2.368556579313008e-06 2.250128773084725e-06 2.137622232112335e-06 2.030741143244086e-06 1.929204017869779e-06 1.832743805607606e-06 1.741106643748935e-06 1.654051288824121e-06 1.571348775541992e-06 1.492781393608311e-06 1.418142346665263e-06 1.347235183857265e-06 1.279873458770453e-06 1.215879819937982e-06
 0 0 0 0 0 0 0 0 0 0 0 0 0 0 0 0 0 0 0 0 0 0 0 0 0 0 0 0 0 0 0 0 0 0 0 0 0 0 0 0 0 0 0 0 0 0 0 0 0 0 0 0 0 0 0 0 0 0 0 0 0 0 0 0 0 0 0 0 0 0 0 0 0 0 0 0 0 0 0 0 0 0 0 0 0 0 0 0 0 0 0 0 0 0 0 0 0 0 0 0 0 0 0 0 0 0 0 0 0 0 0 0 0 0 0 0 0 0 0 0 0 0 0 0 0 0 0 0 0 0 0 0 0 0 0 0 0 0 0 0 0 0 0 0 0 0 0 0 0 0 0 0 0 0 0 0 0 0 0 0 0 0 0 0 0 0 0 0 0 0 0 0 0 0 0 0 0 0 0 0 0 0 0 0 0 0 0 0 0 0 0 0 0 0 0 0 0 0 0 0 0 0 0 0 0 0 0 0 0 0 0 0 0 0 0 0 0 0 0 0 0 0 0 0 0 0 0 0 0 0 0 0 0 0 0 0 0 0 0 0 0 0 0 0 0 0 0 0 0 0 0 0 0 0 0 0 0 0 0 0 0 0 0 0 0 0 0 0 0 0 0 0 0 0 0 0 0 0 0 0 0 0 0 0 0 0 0 0 0 0 0 0 0 0 0 0 0 0 0 0 0 0 0 0 0 0 0 0 0 0 0 0 0 0 0 0 0 0 0 0 0 0 0 0 0 0 0 0 0 0 0 0 0 0 0 0 0 0 0 0 0 0 0 0 0 0 0 0 0 0 0 0 0 0 0 0 0 0 0 0 0 0 0 0 0 0 0 0 0 0 0 0 0 0 0 0 0 0 0 0 0 0 0 0 0 0 0 0 0 0 0 0 0 0 0 0 0 0 0 0 0 0 0 0 0 0 0 0 0 0 0 0 0 0 0 0 0 0 0 0 0 0 0 0 0 0 0 0 0 0 0 0 0 0 0 0 0 0 0 0 0 0 0 0 0 0 0 0 0 0 0 0 0 0 0 0 0 0 0 0 0 0 0 0 0 0 0 0 0 0 0 0 0 0 0 0 0 0 0 0 0 0 0 0 0 0 0 0 0 0 0 0 0 0 0 0 0 0 0 0 0 0 0 0 0 0 0 0 0 0 0 0 0 0 0 0 0 0 0 0 0 0 0 0 0 0 0 0 0 0 0 0 0 0 0 0 0 0 0 0 0 0 0 0 0 0 0 0 0 0 0 0 0 0 0 0 0 0 0 0 0 0 0 0 0 0 0 0 0 0 0 0 0 0 0 0 0 0 0 0 0 0 0 0 0 0 0 0 0 0 0 0 0 0 0 0 0 0 0 0
 0 0 0 0 0 0 0 0 0 0 0 0 0 0 0 0 0 0 0 0 0 0 0 0 0 0 0 0 0 0 0 0 0 0 0 0 0 0 0 0 0 0 0 0 0 0 0 0 0 0 0 0 0 0 0 0 0 0 0 0 0 0 0 0 0 0 0 0 0 0 0 0 0 0 0 0 0 0 0 0 0 0 0 0 0 0 0 0 0 0 0 0 0 0 0 0 0 0 0 0 0 0 0 0 0 0 0 0 0 0 0 0 0 0 0 0 0 0 0 0 0 0 0 0 0 0 0 0 0 0 0 0 0 0 0 0 0 0 0 0 0 0 0 0 0 0 0 0 0 0 0 0 0 0 0 0 0 0 0 0 0 0 0 0 0 0 0 0 0 0 0 0 0 0 0 0 0 0 0 0 0 0 0 0 0 0 0 0 0 0 0 0 0 0 0 0 0 0 0 0 0 0 0 0 0 0 0 0 0 0 0 0 0 0 0 0 0 0 0 0 0 0 0 0 0 0 0 0 0 0 0 0 0 0 0 0 0 0 0 0 0 0 0 0 0 0 0 0 0 0 0 0 0 0 0 0 0 0 0 0 0 0 0 0 0 0 0 0 0 0 0 0 0 0 0 0 0 0 0 0 0 0 0 0 0 0 0 0 0 0 0 0 0 0 0 0 0 0 0 0 0 0 0 0 0 0 0 0 0 0 0 0 0 0 0 0 0 0 0 0 0 0 0 0 0 0 0 0 0 0 0 0 0 0 0 0 0 0 0 0 0 0 0 0 0 0 0 0 0 0 0 0 0 0 0 0 0 0 0 0 0 0 0 0 0 0 0 0 0 0 0 0 0 0 0 0 0 0 0 0 0 0 0 0 0 0 0 0 0 0 0 0 0 0 0 0 0 0 0 0 0 0 0 0 0 0 0 0 0 0 0 0 0 0 0 0 0 0 0 0 0 0 0 0 0 0 0 0 0 0 0 0 0 0 0 0 0 0 0 0 0 0 0 0 0 0 0 0 0 0 0 0 0 0 0 0 0 0 0 0 0 0 0 0 0 0 0 0 0 0 0 0 0 0 0 0 0 0 0 0 0 0 0 0 0 0 0 0 0 0 0 0 0 0 0 0 0 0 0 0 0 0 0 0 0 0 0 0 0 0 0 0 0 0 0 0 0 0 0 0 0 0 0 0 0 0 0 0 0 0 0 0 0 0 0 0 0 0 0 0 0 0 0 0 0 0 0 0 0 0 0 0 0 0 0 0 0 0 0 0 0 0 0 0 0 0 0 0 0 0 0 0 0 0 0 0 0 0 0 0 0 0 0 0 0 0 0 0 0 0 0 0 0 0 0 0 0 0 0 0
 0 0 0 0 0 0 0 0 0 0 0 0 0 0 0 0 0 0 0 0 0 0 0 0 0 0 0 0 0 0 0 0 0 0 0 0 0 0 0 0 0 0 0 0 0 0 0 0 0 0 0 0 0 0 0 0 0 0 0 0 0 0 0 0 0 0 0 0 0 0 0 0 0 0 0 0 0 0 0 0 0 0 0 0 0 0 0 0 0 0 0 0 0 0 0 0 0 0 0 0 0 0 0 0 0 0 0 0 0 0 0 0 0 0 0 0 0 0 0 0 0 0 0 0 0 0 0 0 0 0 0 0 0 0 0 0 0 0 0 0 0 0 0 0 0 0 0 0 0 0 0 0 0 0 0 0 0 0 0 0 0 0 0 0 0 0 0 0 0 0 0 0 0 0 0 0 0 0 0 0 0 0 0 0 0 0 0 0 0 0 0 0 0 0 0 0 0 0 0 0 0 0 0 0 0 0 0 0 0 0 0 0 0 0 0 0 0 0 0 0 0 0 0 0 0 0 0 0 0 0 0 0 0 0 0 0 0 0 0 0 0 0 0 0 0 0 0 0 0 0 0 0 0 0 0 0 0 0 0 0 0 0 0 0 0 0 0 0 0 0 0 0 0 0 0 0 0 0 0 0 0 0 0 0 0 0 0 0 0 0 0 0 0 0 0 0 0 0 0 0 0 0 0 0 0 0 0 0 0 0 0 0 0 0 0 0 0 0 0 0 0 0 0 0 0 0 0 0 0 0 0 0 0 0 0 0 0 0 0 0 0 0 0 0 0 0 0 0 0 0 0 0 0 0 0 0 0 0 0 0 0 0 0 0 0 0 0 0 0 0 0 0 0 0 0 0 0 0 0 0 0 0 0 0 0 0 0 0 0 0 0 0 0 0 0 0 0 0 0 0 0 0 0 0 0 0 0 0 0 0 0 0 0 0 0 0 0 0 0 0 0 0 0 0 0 0 0 0 0 0 0 0 0 0 0 0 0 0 0 0 0 0 0 0 0 0 0 0 0 0 0 0 0 0 0 0 0 0 0 0 0 0 0 0 0 0 0 0 0 0 0 0 0 0 0 0 0 0 0 0 0 0 0 0 0 0 0 0 0 0 0 0 0 0 0 0 0 0 0 0 0 0 0 0 0 0 0 0 0 0 0 0 0 0 0 0 0 0 0 0 0 0 0 0 0 0 0 0 0 0 0 0 0 0 0 0 0 0 0 0 0 0 0 0 0 0 0 0 0 0 0 0 0 0 0 0 0 0 0 0 0 0 0 0 0 0 0 0 0 0 0 0 0 0 0 0 0 0 0 0 0 0 0 0 0 0 0 0 0 0 0 0 0 0 0 0 0 0 0 0
 0 0 0 0 0 0 0 0 0 0 0 0 0 0 0 0 0 0 0 0 0 0 0 0 0 0 0 0 0 0 0 0 0 0 0 0 0 0 0 0 0 0 0 0 0 0 0 0 0 0 0 0 0 0 0 0 0 0 0 0 0 0 0 0 0 0 0 0 0 0 0 0 0 0 0 0 0 0 0 0 0 0 0 0 0 0 0 0 0 0 0 0 0 0 0 0 0 0 0 0 0 0 0 0 0 0 0 0 0 0 0 0 0 0 0 0 0 0 0 0 0 0 0 0 0 0 0 0 0 0 0 0 0 0 0 0 0 0 0 0 0 0 0 0 0 0 0 0 0 0 0 0 0 0 0 0 0 0 0 0 0 0 0 0 0 0 0 0 0 0 0 0 0 0 0 0 0 0 0 0 0 0 0 0 0 0 0 0 0 0 0 0 0 0 0 0 0 0 0 0 0 0 0 0 0 0 0 0 0 0 0 0 0 0 0 0 0 0 0 0 0 0 0 0 0 0 0 0 0 0 0 0 0 0 0 0 0 0 0 0 0 0 0 0 0 0 0 0 0 0 0 0 0 0 0 0 0 0 0 0 0 0 0 0 0 0 0 0 0 0 0 0 0 0 0 0 0 0 0 0 0 0 0 0 0 0 0 0 0 0 0 0 0 0 0 0 0 0 0 0 0 0 0 0 0 0 0 0 0 0 0 0 0 0 0 0 0 0 0 0 0 0 0 0 0 0 0 0 0 0.000378726574126631 0.001401392742991447 0.003054271452128887 0.005364967510104179 0.00835094228386879 0.01196909882128239 0.01619324460625648 0.02107180282473564 0.02658140286803246 0.03277819231152534 0.03971771895885468 0.04737744480371475 0.05573076009750366 0.06480623781681061 0.07471483200788498 0.08537127077579498 0.09673586487770081 0.1088617071509361 0.1217737644910812 0.1355021148920059 0.1498901546001434 0.1647123247385025 0.1799942702054977 0.1956781148910522 0.2117626965045929 0.2281913608312607 0.2449423968791962 0.2616839408874512 0.2756616473197937 0.28502357006073 0.2885231673717499 0.2852722108364105 0.2746229767799377 0.2608918249607086 0.2478472292423248 0.2354548722505569 0.2236821353435516 0.2124980241060257 0.2018731236457825 0.1917794644832611 0.1821904927492142 0.1730809658765793 0.1644269227981567 0.1562055796384811 0.148395299911499 0.1409755349159241 0.1339267641305923 0.1272304207086563 0.1208688989281654 0.1148254573345184 0.1090841814875603 0.103629969060421 0.09844847023487091 0.09352605044841766 0.0888497456908226 0.0844072550535202 0.08018688857555389 0.07617754489183426 0.07236866652965546 0.06875023245811462 0.06531272083520889 0.0620470866560936 0.05894473195075989 0.05599749460816383 0.05319761857390404 0.05053773894906044 0.04801085218787193 0.04561030864715576 0.04332979395985603 0.04116330295801163 0.0391051396727562 0.03714988380670547 0.03529239073395729 0.03352777287364006 0.0318513847887516 0.03025881573557854 0.0287458747625351 0.02730858139693737 0.02594315260648727 0.02464599534869194 0.02341369539499283 0.02224300988018513 0.02113085985183716 0.02007431723177433 0.01907060109078884 0.01811707019805908 0.01721121743321419 0.01635065674781799 0.01553312409669161 0.01475646812468767 0.0140186445787549 0.0133177125826478 0.01265182718634605 0.01201923564076424 0.01141827367246151 0.01084735989570618 0.01030499208718538 0.009789742529392242 0.009300255216658115 0.008835242129862309 0.008393480442464352 0.007973806001245975 0.007575115654617548 0.007196359802037477 0.006836541928350925 0.006494714878499508 0.006169978994876146 0.005861480254679918 0.005568406078964472 0.005289985798299313 0.005025486461818218 0.004774211905896664 0.004535501357167959 0.004308726172894239 0.004093289840966463 0.003888625418767333 0.003694194136187434 0.003509484464302659 0.003334010252729058 0.003167309798300266 0.003008944215252995 0.002858496969565749 0.002715572016313672 0.002579793334007263 0.002450803760439157 0.002328263595700264 0.002211850369349122 0.002101257909089327 0.001996194943785667 0.001896385219879448 0.001801565987989306 0.001711487653665245 0.001625913311727345 0.001544617698527873 0.001467386842705309 0.001394017483107746 0.001324316603131592 0.00125810073222965 0.001195195713080466 0.00113543588668108 0.001078664092347026 0.001024730852805078 0.0009734943159855902 0.0009248196147382259 0.0008785786340013146 0.0008346497197635472 0.0007929172134026885 0.0007532713352702558 0.0007156077772378922 0.0006798274116590619 0.0006458360585384071 0.0006135442527011037 0.000582867069169879 0.000553723715711385 0.0005260375328361988 0.0004997356445528567 0.000474748871056363 0.0004510114376898855 0.0004284608585294336 0.0004070378199685365 0.000386685918783769 0.0003673516330309212 0.0003489840601105243 0.0003315348585601896 0.0003149581025354564 0.0002992101944983006 0.0002842496905941516 0.0002700372133404016 0.0002565353643149137 0.000243708593188785 0.0002315231686225161 0.0002199470036430284 0.0002089496556436643 0.0001985021663131192 0.0001885770616354421 0.0001791482063708827 0.0001701907895039767 0.0001616812514839694 0.0001535971823614091 0.0001459173217881471 0.0001386214571539313 0.0001316903799306601 0.0001251058565685526 0.0001188505630125292 0.0001129080337705091 0.0001072626328095794 0.0001018995026242919 9.680452785687521e-05 9.196429891744629e-05 8.736608288018033e-05 8.299777982756495e-05 7.884789374656975e-05 7.490549614885822e-05 7.116021879483014e-05 6.760221003787592e-05 6.422209844458848e-05 6.10109927947633e-05 5.796044206363149e-05 5.506242086994462e-05 5.230930037214421e-05 4.969383371644653e-05 4.720914148492739e-05 4.484868259169161e-05 4.260624700691551e-05 4.047593392897397e-05 3.845213723252527e-05 3.652953091659583e-05 3.470305455266498e-05 3.296790237072855e-05 3.131950870738365e-05 2.975353345391341e-05 2.826585659931879e-05 2.685256367840338e-05 2.550993485783692e-05 2.423443766019773e-05 2.302271605003625e-05 2.187157951993868e-05 2.077800127153751e-05 1.973910184460692e-05 1.87521472980734e-05 1.781454011506867e-05 1.692381374596152e-05 1.60776235134108e-05 1.527374297438655e-05 1.451005573471775e-05 1.378455272060819e-05 1.309532490267884e-05 1.244055874849437e-05 1.181853076559491e-05 1.122760386351729e-05 1.066622371581616e-05 1.013291239360115e-05 9.626266546547413e-06 9.144952855422162e-06 8.687705303600524e-06 8.253319720097352e-06 7.840653779567219e-06 7.448621090588858e-06 7.076189831423108e-06 6.722380476276157e-06 6.386261247826042e-06 6.066948117222637e-06 5.763600711361505e-06 5.475420493894489e-06 5.201649400987662e-06 4.94156711283722e-06 4.694488779932726e-06 4.459764568309765e-06 4.236776476318482e-06 4.024937879876234e-06 3.823690803983482e-06 3.632506377471145e-06 3.450880967648118e-06 3.278336862422293e-06 3.114419996563811e-06 2.958699042210355e-06 2.810764044625103e-06 2.670225740075693e-06 2.536714418965857e-06 2.409878788967035e-06 2.289384838149999e-06 2.174915607611183e-06 2.066169827230624e-06 1.962861233550939e-06 1.864718115029973e-06 1.771482175172423e-06 1.682908077782486e-06 1.598762651155994e-06 1.518824547019904e-06 1.442883331037592e-06 1.370739141748345e-06
 0 0 0 0 0 0 0 0 0 0 0 0 0 0 0 0 0 0 0 0 0 0 0 0 0 0 0 0 0 0 0 0 0 0 0 0 0 0 0 0 0 0 0 0 0 0 0 0 0 0 0 0 0 0 0 0 0 0 0 0 0 0 0 0 0 0 0 0 0 0 0 0 0 0 0 0 0 0 0 0 0 0 0 0 0 0 0 0 0 0 0 0 0 0 0 0 0 0 0 0 0 0 0 0 0 0 0 0 0 0 0 0 0 0 0 0 0 0 0 0 0 0 0 0 0 0 0 0 0 0 0 0 0 0 0 0 0 0 0 0 0 0 0 0 0 0 0 0 0 0 0 0 0 0 0 0 0 0 0 0 0 0 0 0 0 0 0 0 0 0 0 0 0 0 0 0 0 0 0 0 0 0 0 0 0 0 0 0 0 0 0 0 0 0 0 0 0 0 0 0 0 0 0 0 0 0 0 0 0 0 0 0 0 0 0 0 0 0 0 0 0 0 0 0 0 0 0 0 0 0 0 0 0 0 0 0 0 0 0 0 0 0 0 0 0 0 0 0 0 0 0 0 0 0 0 0 0 0 0 0 0 0 0 0 0 0 0 0 0 0 0 0 0 0 0 0 0 0 0 0 0 0 0 0 0 0 0 0 0 0 0 0 0 0 0 0 0 0 0 0 0 0 0 0 0 0 0 0 0 0 0 0 0 0 0 0 0 0 0 0 0 0 0 0 0 0 0 0 0 0 0 0 0 0 0 0 0 0 0 0 0 0 0 0 0 0 0 0 0 0 0 0 0 0 0 0 0 0 0 0 0 0 0 0 0 0 0 0 0 0 0 0 0 0 0 0 0 0 0 0 0 0 0 0 0 0 0 0 0 0 0 0 0 0 0 0 0 0 0 0 0 0 0 0 0 0 0 0 0 0 0 0 0 0 0 0 0 0 0 0 0 0 0 0 0 0 0 0 0 0 0 0 0 0 0 0 0 0 0 0 0 0 0 0 0 0 0 0 0 0 0 0 0 0 0 0 0 0 0 0 0 0 0 0 0 0 0 0 0 0 0 0 0 0 0 0 0 0 0 0 0 0 0 0 0 0 0 0 0 0 0 0 0 0 0 0 0 0 0 0 0 0 0 0 0 0 0 0 0 0 0 0 0 0 0 0 0 0 0 0 0 0 0 0 0 0 0 0 0 0 0 0 0 0 0 0 0 0 0 0 0 0 0 0 0 0 0 0 0 0 0 0 0 0 0 0 0 0 0 0 0 0 0 0 0 0 0 0 0 0 0 0 0 0 0 0 0 0 0 0 0 0 0 0 0 0 0 0 0 0 0 0 0 0 0 0 0 0 0 0
 0 0 0 0 0 0 0 0 0 0 0 0 0 0 0 0 0 0 0 0 0 0 0 0 0 0 0 0 0 0 0 0 0 0 0 0 0 0 0 0 0 0 0 0 0 0 0 0 0 0 0 0 0 0 0 0 0 0 0 0 0 0 0 0 0 0 0 0 0 0 0 0 0 0 0 0 0 0 0 0 0 0 0 0 0 0 0 0 0 0 0 0 0 0 0 0 0 0 0 0 0 0 0 0 0 0 0 0 0 0 0 0 0 0 0 0 0 0 0 0 0 0 0 0 0 0 0 0 0 0 0 0 0 0 0 0 0 0 0 0 0 0 0 0 0 0 0 0 0 0 0 0 0 0 0 0 0 0 0 0 0 0 0 0 0 0 0 0 0 0 0 0 0 0 0 0 0 0 0 0 0 0 0 0 0 0 0 0 0 0 0 0 0 0 0 0 0 0 0 0 0 0 0 0 0 0 0 0 0 0 0 0 0 0 0 0 0 0 0 0 0 0 0 0 0 0 0 0 0 0 0 0 0 0 0 0 0 0 0 0 0 0 0 0 0 0 0 0 0 0 0 0 0 0 0 0 0 0 0 0 0 0 0 0 0 0 0 0 0 0 0 0 0 0 0 0 0 0 0 0 0 0 0 0 0 0 0 0 0 0 0 0 0 0 0 0 0 0 0 0 0 0 0 0 0 0 0 0 0 0 0 0 0 0 0 0 0 0 0 0 0 0 0 0 0 0 0 0 0 0 0 0 0 0 0 0 0 0 0 0 0 0 0 0 0 0 0 0 0 0 0 0 0 0 0 0 0 0 0 0 0 0 0 0 0 0 0 0 0 0 0 0 0 0 0 0 0 0 0 0 0 0 0 0 0 0 0 0 0 0 0 0 0 0 0 0 0 0 0 0 0 0 0 0 0 0 0 0 0 0 0 0 0 0 0 0 0 0 0 0 0 0 0 0 0 0 0 0 0 0 0 0 0 0 0 0 0 0 0 0 0 0 0 0 0 0 0 0 0 0 0 0 0 0 0 0 0 0 0 0 0 0 0 0 0 0 0 0 0 0 0 0 0 0 0 0 0 0 0 0 0 0 0 0 0 0 0 0 0 0 0 0 0 0 0 0 0 0 0 0 0 0 0 0 0 0 0 0 0 0 0 0 0 0 0 0 0 0 0 0 0 0 0 0 0 0 0 0 0 0 0 0 0 0 0 0 0 0 0 0 0 0 0 0 0 0 0 0 0 0 0 0 0 0 0 0 0 0 0 0 0 0 0 0 0 0 0 0 0 0 0 0 0 0 0 0 0 0 0 0 0 0 0 0 0 0 0 0 0 0 0 0 0 0 0 0 0 0 0 0
 0 0 0 0 0 0 0 0 0 0 0 0 0 0 0 0 0 0 0 0 0 0 0 0 0 0 0 0 0 0 0 0 0 0 0 0 0 0 0 0 0 0 0 0 0 0 0 0 0 0 0 0 0 0 0 0 0 0 0 0 0 0 0 0 0 0 0 0 0 0 0 0 0 0 0 0 0 0 0 0 0 0 0 0 0 0 0 0 0 0 0 0 0 0 0 0 0 0 0 0 0 0 0 0 0 0 0 0 0 0 0 0 0 0 0 0 0 0 0 0 0 0 0 0 0 0 0 0 0 0 0 0 0 0 0 0 0 0 0 0 0 0 0 0 0 0 0 0 0 0 0 0 0 0 0 0 0 0 0 0 0 0 0 0 0 0 0 0 0 0 0 0 0 0 0 0 0 0 0 0 0 0 0 0 0 0 0 0 0 0 0 0 0 0 0 0 0 0 0 0 0 0 0 0 0 0 0 0 0 0 0 0 0 0 0 0 0 0 0 0 0 0 0 0 0 0 0 0 0 0 0 0 0 0 0 0 0 0 0 0 0 0 0 0 0 0 0 0 0 0 0 0 0 0 0 0 0 0 0 0 0 0 0 0 0 0 0 0 0 0 0 0 0 0 0 0 0 0 0 0 0 0 0 0 0 0 0 0 0 0 0 0 0 0 0 0 0 0 0 0 0 0 0 0 0 0 0 0 0 0 0 0 0 0 0 0 0 0 0 0 0 0 0 0 0 0 0 0 0 0 0 0 0 0 0 0 0 0 0 0 0 0 0 0 0 0 0 0 0 0 0 0 0 0 0 0 0 0 0 0 0 0 0 0 0 0 0 0 0 0 0 0 0 0 0 0 0 0 0 0 0 0 0 0 0 0 0 0 0 0 0 0 0 0 0 0 0 0 0 0 0 0 0 0 0 0 0 0 0 0 0 0 0 0 0 0 0 0 0 0 0 0 0 0 0 0 0 0 0 0 0 0 0 0 0 0 0 0 0 0 0 0 0 0 0 0 0 0 0 0 0 0 0 0 0 0 0 0 0 0 0 0 0 0 0 0 0 0 0 0 0 0 0 0 0 0 0 0 0 0 0 0 0 0 0 0 0 0 0 0 0 0 0 0 0 0 0 0 0 0 0 0 0 0 0 0 0 0 0 0 0 0 0 0 0 0 0 0 0 0 0 0 0 0 0 0 0 0 0 0 0 0 0 0 0 0 0 0 0 0 0 0 0 0 0 0 0 0 0 0 0 0 0 0 0 0 0 0 0 0 0 0 0 0 0 0 0 0 0 0 0 0 0 0 0 0 0 0 0 0 0 0 0 0 0 0 0 0 0 0 0 0 0 0 0 0 0 0 0 0
 0 0 0 0 0 0 0 0 0 0 0 0 0 0 0 0 0 0 0 0 0 0 0 0 0 0 0 0 0 0 0 0 0 0 0 0 0 0 0 0 0 0 0 0 0 0 0 0 0 0 0 0 0 0 0 0 0 0 0 0 0 0 0 0 0 0 0 0 0 0 0 0 0 0 0 0 0 0 0 0 0 0 0 0 0 0 0 0 0 0 0 0 0 0 0 0 0 0 0 0 0 0 0 0 0 0 0 0 0 0 0 0 0 0 0 0 0 0 0 0 0 0 0 0 0 0 0 0 0 0 0 0 0 0 0 0 0 0 0 0 0 0 0 0 0 0 0 0 0 0 0 0 0 0 0 0 0 0 0 0 0 0 0 0 0 0 0 0 0 0 0 0 0 0 0 0 0 0 0 0 0 0 0 0 0 0 0 0 0 0 0 0 0 0 0 0 0 0 0 0 0 0 0 0 0 0 0 0 0 0 0 0 0 0 0 0 0 0 0 0 0 0 0 0 0 0 0 0 0 0 0 0 0 0 0 0 0 0 0 0 0 0 0 0 0 0 0 0 0 0 0 0 0 0 0 0 0 0 0 0 0 0 0 0 0 0 0 0 0 0 0 0 0 0 0 0 0 0 0 0 0 0 0 0 0 0 0 0 0 0 0 0 0 0 0 0 0 0 0 0 0 0 0 0 0 0 0 0 0 0 0 0 0 0 0 0 0 0 0 0 0 0 0 0 0 0 0 0 0.0002554403909016401 0.001191160874441266 0.002859039464965463 0.005242832936346531 0.008322060108184814 0.01208033133298159 0.01651785522699356 0.02162833325564861 0.02743677049875259 0.03392113745212555 0.04111164435744286 0.04909521713852882 0.05790772289037704 0.0675208643078804 0.07787259668111801 0.08898905664682388 0.1009508296847343 0.1137874126434326 0.1274812966585159 0.1418793797492981 0.1568783074617386 0.1722983121871948 0.1880904287099838 0.2042099982500076 0.2206384688615799 0.2374161034822464 0.254544734954834 0.2710003554821014 0.2841494977474213 0.2922602891921997 0.2941736876964569 0.2890800833702087 0.2764090895652771 0.2625886201858521 0.2494591921567917 0.2369862347841263 0.2251369208097458 0.2138800770044327 0.2031860798597336 0.1930267810821533 0.1833754479885101 0.1742066740989685 0.1654963344335556 0.1572215110063553 0.1493604332208633 0.1418924182653427 0.1347977966070175 0.1280579119920731 0.1216550171375275 0.1155722662806511 0.1097936555743217 0.1043039709329605 0.09908877313137054 0.09413433074951172 0.08942761272192001 0.08495622873306274 0.08070841431617737 0.0766729936003685 0.07283934205770493 0.06919737160205841 0.06573750078678131 0.06245062500238419 0.05932809412479401 0.05636169016361237 0.05354360491037369 0.05086642503738403 0.04832310229539871 0.04590694606304169 0.04361159726977348 0.04143101722002029 0.03935946524143219 0.03739149123430252 0.03552191704511642 0.03374582156538963 0.03205852955579758 0.03045560233294964 0.02893282286822796 0.02748618088662624 0.02611187100410461 0.02480627782642841 0.02356596477329731 0.0223876666277647 0.02126828394830227 0.02020487003028393 0.01919462718069553 0.01823489554226398 0.01732315123081207 0.01645699329674244 0.01563414372503757 0.01485243625938892 0.01410981453955173 0.01340432371944189 0.01273410767316818 0.01209740247577429 0.01149253267794847 0.01091790571808815 0.01037201005965471 0.009853409603238106 0.009360739029943943 0.00889270193874836 0.008448067121207714 0.008025663904845715 0.007624380756169558 0.007243161555379629 0.006881003268063068 0.006536953151226044 0.006210105493664742 0.005899600218981504 0.005604620091617107 0.005324388854205608 0.005058169364929199 0.004805260803550482 0.004564997740089893 0.00433674780651927 0.004119910299777985 0.003913914784789085 0.003718218998983502 0.003532308153808117 0.003355692839249969 0.00318790809251368 0.003028512699529529 0.002877087099477649 0.002733232686296105 0.002596571110188961 0.00246674264781177 0.00234340550377965 0.002226235345005989 0.002114923670887947 0.002009177580475807 0.001908718724735081 0.001813282840885222 0.001722618704661727 0.001636487781070173 0.001554663409478962 0.001476930221542716 0.001403083675540984 0.001332929474301636 0.001266282983124256 0.001202968880534172 0.001142820459790528 0.001085679396055639 0.001031395397149026 0.000979825621470809 0.0009308343287557364 0.0008842925890348852 0.0008400779333896935 0.0007980740629136562 0.0007581703830510378 0.0007202618871815503 0.000684248807374388 0.0006500363815575838 0.0006175345624797046 0.0005866578430868685 0.0005573249654844403 0.0005294587463140488 0.000502985785715282 0.0004778364964295179 0.0004539446672424674 0.000431247433880344 0.0004096850752830505 0.0003892008098773658 0.0003697407664731145 0.0003512537223286927 0.0003336910449434072 0.0003170064883306623 0.0003011561639141291 0.0002860983659047633 0.0002717934548854828 0.0002582037704996765 0.0002452935732435435 0.0002330288989469409 0.0002213774569099769 0.0002103085862472653 0.000199793154024519 0.0001898034970508888 0.0001803133200155571 0.000171297651831992 0.0001627327728783712 0.0001545961276860908 0.000146866324939765 0.0001395230065099895 0.0001325468620052561 0.0001259195123566315 0.0001196235389215872 0.0001136423597927205 0.0001079602443496697 0.0001025622332235798 9.743412374518812e-05 9.256241901312023e-05 8.793429879005998e-05 8.353758312296122e-05 7.93607032392174e-05 7.539266516687348e-05 7.162303518271074e-05 6.80418816045858e-05 6.463978934334591e-05 6.140780169516802e-05 5.833741306560114e-05 5.542054350371473e-05 5.264951687422581e-05 5.001704266760498e-05 4.751619053422473e-05 4.514037937042303e-05 4.28833591286093e-05 4.073919262737036e-05 3.87022337235976e-05 3.676712367450818e-05 3.492876567179337e-05 3.318232847959734e-05 3.152321369270794e-05 2.994705209857784e-05 2.844970003934577e-05 2.702721576497424e-05 2.567585579527076e-05 2.439206218696199e-05 2.317245889571495e-05 2.201383540523238e-05 2.091314308927394e-05 1.986748611670919e-05 1.887411235657055e-05 1.793040610209573e-05 1.703388625173829e-05 1.618219175725244e-05 1.5373081623693e-05 1.460442763345782e-05 1.387420616083546e-05 1.318049544352107e-05 1.252147103514289e-05 1.189539761980996e-05 1.130062810261734e-05 1.073559633368859e-05 1.019881619868102e-05 9.688875252322759e-06 9.204431080434006e-06 8.74420948093757e-06 8.306999006890692e-06 7.891649147495627e-06 7.497066690120846e-06 7.122213446564274e-06 6.766102615074487e-06 6.42779741610866e-06 6.106407454353757e-06 5.801086899737129e-06 5.51103266843711e-06 5.235481239651563e-06 4.973707291355822e-06 4.725021881313296e-06 4.488770628086058e-06 4.264331892045448e-06 4.051115411130013e-06 3.84855957236141e-06 3.656131639218074e-06 3.473325023151119e-06 3.299658828836982e-06 3.134675807814347e-06 2.977942131110467e-06 2.829045115504414e-06 2.687592768779723e-06 2.553213107603369e-06 2.425552338536363e-06 2.304274630660075e-06 2.189060978707857e-06 2.079607838822994e-06 1.975627355932374e-06 1.87684599950444e-06 1.783003654054482e-06 1.69385350545781e-06 1.609160790394526e-06 1.528702796349535e-06 1.452267611057323e-06 1.379654236188799e-06 1.310671564169752e-06
 0 0 0 0 0 0 0 0 0 0 0 0 0 0 0 0 0 0 0 0 0 0 0 0 0 0 0 0 0 0 0 0 0 0 0 0 0 0 0 0 0 0 0 0 0 0 0 0 0 0 0 0 0 0 0 0 0 0 0 0 0 0 0 0 0 0 0 0 0 0 0 0 0 0 0 0 0 0 0 0 0 0 0 0 0 0 0 0 0 0 0 0 0 0 0 0 0 0 0 0 0 0 0 0 0 0 0 0 0 0 0 0 0 0 0 0 0 0 0 0 0 0 0 0 0 0 0 0 0 0 0 0 0 0 0 0 0 0 0 0 0 0 0 0 0 0 0 0 0 0 0 0 0 0 0 0 0 0 0 0 0 0 0 0 0 0 0 0 0 0 0 0 0 0 0 0 0 0 0 0 0 0 0 0 0 0 0 0 0 0 0 0 0 0 0 0 0 0 0 0 0 0 0 0 0 0 0 0 0 0 0 0 0 0 0 0 0 0 0 0 0 0 0 0 0 0 0 0 0 0 0 0 0 0 0 0 0 0 0 0 0 0 0 0 0 0 0 0 0 0 0 0 0 0 0 0 0 0 0 0 0 0 0 0 0 0 0 0 0 0 0 0 0 0 0 0 0 0 0 0 0 0 0 0 0 0 0 0 0 0 0 0 0 0 0 0 0 0 0 0 0 0 0 0 0 0 0 0 0 0 0 0 0 0 0 0 0 0 0 0 0 0 0 0 0 0 0 0 0 0 0 0 0 0 0 0 0 0 0 0 0 0 0 0 0 0 0 0 0 0 0 0 0 0 0 0 0 0 0 0 0 0 0 0 0 0 0 0 0 0 0 0 0 0 0 0 0 0 0 0 0 0 0 0 0 0 0 0 0 0 0 0 0 0 0 0 0 0 0 0 0 0 0 0 0 0 0 0 0 0 0 0 0 0 0 0 0 0 0 0 0 0 0 0 0 0 0 0 0 0 0 0 0 0 0 0 0 0 0 0 0 0 0 0 0 0 0 0 0 0 0 0 0 0 0 0 0 0 0 0 0 0 0 0 0 0 0 0 0 0 0 0 0 0 0 0 0 0 0 0 0 0 0 0 0 0 0 0 0 0 0 0 0 0 0 0 0 0 0 0 0 0 0 0 0 0 0 0 0 0 0 0 0 0 0 0 0 0 0 0 0 0 0 0 0 0 0 0 0 0 0 0 0 0 0 0 0 0 0 0 0 0 0 0 0 0 0 0 0 0 0 0 0 0 0 0 0 0 0 0 0 0 0 0 0 0 0 0 0 0 0 0 0 0 0 0 0 0 0 0 0 0 0 0 0 0 0 0 0 0 0 0 0 0 0 0 0 0 0 0
 0 0 0 0 0 0 0 0 0 0 0 0 0 0 0 0 0 0 0 0 0 0 0 0 0 0 0 0 0 0 0 0 0 0 0 0 0 0 0 0 0 0 0 0 0 0 0 0 0 0 0 0 0 0 0 0 0 0 0 0 0 0 0 0 0 0 0 0 0 0 0 0 0 0 0 0 0 0 0 0 0 0 0 0 0 0 0 0 0 0 0 0 0 0 0 0 0 0 0 0 0 0 0 0 0 0 0 0 0 0 0 0 0 0 0 0 0 0 0 0 0 0 0 0 0 0 0 0 0 0 0 0 0 0 0 0 0 0 0 0 0 0 0 0 0 0 0 0 0 0 0 0 0 0 0 0 0 0 0 0 0 0 0 0 0 0 0 0 0 0 0 0 0 0 0 0 0 0 0 0 0 0 0 0 0 0 0 0 0 0 0 0 0 0 0 0 0 0 0 0 0 0 0 0 0 0 0 0 0 0 0 0 0 0 0 0 0 0 0 0 0 0 0 0 0 0 0 0 0 0 0 0 0 0 0 0 0 0 0 0 0 0 0 0 0 0 0 0 0 0 0 0 0 0 0 0 0 0 0 0 0 0 0 0 0 0 0 0 0 0 0 0 0 0 0 0 0 0 0 0 0 0 0 0 0 0 0 0 0 0 0 0 0 0 0 0 0 0 0 0 0 0 0 0 0 0 0 0 0 0 0 0 0 0 0 0 0 0 0 0 0 0 0 0 0 0 0 0 0 0 0 0 0 0 0 0 0 0 0 0 0 0 0 0 0 0 0 0 0 0 0 0 0 0 0 0 0 0 0 0 0 0 0 0 0 0 0 0 0 0 0 0 0 0 0 0 0 0 0 0 0 0 0 0 0 0 0 0 0 0 0 0 0 0 0 0 0 0 0 0 0 0 0 0 0 0 0 0 0 0 0 0 0 0 0 0 0 0 0 0 0 0 0 0 0 0 0 0 0 0 0 0 0 0 0 0 0 0 0 0 0 0 0 0 0 0 0 0 0 0 0 0 0 0 0 0 0 0 0 0 0 0 0 0 0 0 0 0 0 0 0 0 0 0 0 0 0 0 0 0 0 0 0 0 0 0 0 0 0 0 0 0 0 0 0 0 0 0 0 0 0 0 0 0 0 0 0 0 0 0 0 0 0 0 0 0 0 0 0 0 0 0 0 0 0 0 0 0 0 0 0 0 0 0 0 0 0 0 0 0 0 0 0 0 0 0 0 0 0 0 0 0 0 0 0 0 0 0 0 0 0 0 0 0 0 0 0 0 0 0 0 0 0 0 0 0 0 0 0 0 0 0 0 0 0 0 0 0 0 0 0 0 0 0 0 0 0 0 0 0
 0 0 0 0 0 0 0 0 0 0 0 0 0 0 0 0 0 0 0 0 0 0 0 0 0 0 0 0 0 0 0 0 0 0 0 0 0 0 0 0 0 0 0 0 0 0 0 0 0 0 0 0 0 0 0 0 0 0 0 0 0 0 0 0 0 0 0 0 0 0 0 0 0 0 0 0 0 0 0 0 0 0 0 0 0 0 0 0 0 0 0 0 0 0 0 0 0 0 0 0 0 0 0 0 0 0 0 0 0 0 0 0 0 0 0 0 0 0 0 0 0 0 0 0 0 0 0 0 0 0 0 0 0 0 0 0 0 0 0 0 0 0 0 0 0 0 0 0 0 0 0 0 0 0 0 0 0 0 0 0 0 0 0 0 0 0 0 0 0 0 0 0 0 0 0 0 0 0 0 0 0 0 0 0 0 0 0 0 0 0 0 0 0 0 0 0 0 0 0 0 0 0 0 0 0 0 0 0 0 0 0 0 0 0 0 0 0 0 0 0 0 0 0 0 0 0 0 0 0 0 0 0 0 0 0 0 0 0 0 0 0 0 0 0 0 0 0 0 0 0 0 0 0 0 0 0 0 0 0 0 0 0 0 0 0 0 0 0 0 0 0 0 0 0 0 0 0 0 0 0 0 0 0 0 0 0 0 0 0 0 0 0 0 0 0 0 0 0 0 0 0 0 0 0 0 0 0 0 0 0 0 0 0 0 0 0 0 0 0 0 0 0 0 0 0 0 0 0 0 0 0 0 0 0 0 0 0 0 0 0 0 0 0 0 0 0 0 0 0 0 0 0 0 0 0 0 0 0 0 0 0 0 0 0 0 0 0 0 0 0 0 0 0 0 0 0 0 0 0 0 0 0 0 0 0 0 0 0 0 0 0 0 0 0 0 0 0 0 0 0 0 0 0 0 0 0 0 0 0 0 0 0 0 0 0 0 0 0 0 0 0 0 0 0 0 0 0 0 0 0 0 0 0 0 0 0 0 0 0 0 0 0 0 0 0 0 0 0 0 0 0 0 0 0 0 0 0 0 0 0 0 0 0 0 0 0 0 0 0 0 0 0 0 0 0 0 0 0 0 0 0 0 0 0 0 0 0 0 0 0 0 0 0 0 0 0 0 0 0 0 0 0 0 0 0 0 0 0 0 0 0 0 0 0 0 0 0 0 0 0 0 0 0 0 0 0 0 0 0 0 0 0 0 0 0 0 0 0 0 0 0 0 0 0 0 0 0 0 0 0 0 0 0 0 0 0 0 0 0 0 0 0 0 0 0 0 0 0 0 0 0 0 0 0 0 0 0 0 0 0 0 0 0 0 0 0 0 0 0 0 0 0 0 0 0 0 0 0 0 0
 0 0 0 0 0 0 0 0 0 0 0 0 0 0 0 0 0 0 0 0 0 0 0 0 0 0 0 0 0 0 0 0 0 0 0 0 0 0 0 0 0 0 0 0 0 0 0 0 0 0 0 0 0 0 0 0 0 0 0 0 0 0 0 0 0 0 0 0 0 0 0 0 0 0 0 0 0 0 0 0 0 0 0 0 0 0 0 0 0 0 0 0 0 0 0 0 0 0 0 0 0 0 0 0 0 0 0 0 0 0 0 0 0 0 0 0 0 0 0 0 0 0 0 0 0 0 0 0 0 0 0 0 0 0 0 0 0 0 0 0 0 0 0 0 0 0 0 0 0 0 0 0 0 0 0 0 0 0 0 0 0 0 0 0 0 0 0 0 0 0 0 0 0 0 0 0 0 0 0 0 0 0 0 0 0 0 0 0 0 0 0 0 0 0 0 0 0 0 0 0 0 0 0 0 0 0 0 0 0 0 0 0 0 0 0 0 0 0 0 0 0 0 0 0 0 0 0 0 0 0 0 0 0 0 0 0 0 0 0 0 0 0 0 0 0 0 0 0 0 0 0 0 0 0 0 0 0 0 0 0 0 0 0 0 0 0 0 0 0 0 0 0 0 0 0 0 0 0 0 0 0 0 0 0 0 0 0 0 0 0 0 0 0 0 0 0 0 0 0 0 0 0 0 0 0 0 0 0 0 0 0 0 0 0 0 0 0 0 0 0 0 0 0 0 0 0 0 0 6.948976806597784e-05 0.0008430861053057015 0.002339753787964582 0.004540012218058109 0.007414126303046942 0.01101866085082293 0.01532205753028393 0.02030780166387558 0.02598321624100208 0.03230192884802818 0.03929201886057854 0.04694800078868866 0.05536432564258575 0.06453199684619904 0.07436250895261765 0.08492792397737503 0.09622917324304581 0.1082710176706314 0.1210924237966537 0.1346777975559235 0.1489793956279755 0.1639751046895981 0.1795842349529266 0.1956917196512222 0.2121559381484985 0.2289457768201828 0.2460426688194275 0.2634367048740387 0.2783460021018982 0.2887249290943146 0.2931997179985046 0.2907688319683075 0.2807779610157013 0.2667390704154968 0.2534021139144897 0.2407320141792297 0.2286954075098038 0.2172606438398361 0.206397607922554 0.1960777342319489 0.1862738430500031 0.1769601553678513 0.1681121438741684 0.1597065329551697 0.1517212092876434 0.1441351473331451 0.1369283944368362 0.130081981420517 0.1235778853297234 0.1173989921808243 0.1115290448069572 0.1059525907039642 0.1006549596786499 0.09562221169471741 0.09084109961986542 0.08629904687404633 0.08198409527540207 0.07788489013910294 0.07399064302444458 0.07029110938310623 0.06677655130624771 0.06343772262334824 0.06026583537459373 0.05725254490971565 0.05438991636037827 0.05167042091488838 0.04908689856529236 0.0466325543820858 0.04430092498660088 0.04208587855100632 0.03998158499598503 0.0379825048148632 0.03608337789773941 0.03427920863032341 0.03256524726748466 0.03093698434531689 0.02939013577997684 0.02792062982916832 0.02652459777891636 0.02519836835563183 0.02393844909965992 0.02274152636528015 0.02160445041954517 0.02052422799170017 0.01949801668524742 0.01852311566472054 0.01759696006774902 0.01671711169183254 0.0158812552690506 0.0150871928781271 0.01433283276855946 0.01361619122326374 0.01293538138270378 0.01228861231356859 0.01167418155819178 0.0110904723405838 0.01053594890981913 0.01000915188342333 0.009508694522082806 0.009033259935677052 0.008581597357988358 0.00815251749008894 0.007744891569018364 0.007357647176831961 0.006989764980971813 0.006640276871621609 0.006308263167738914 0.005992849823087454 0.005693207494914532 0.005408546887338161 0.00513811968266964 0.004881213884800673 0.004637153353542089 0.004405295476317406 0.004185030702501535 0.00397577928379178 0.003776990342885256 0.003588140942156315 0.003408733988180757 0.003238297300413251 0.003076382447034121 0.002922563347965479 0.002776435110718012 0.002637613331899047 0.002505732700228691 0.002380446065217257 0.002261423738673329 0.002148352563381195 0.002040934981778264 0.001938888221047819 0.001841943827457726 0.001749846618622541 0.001662354334257543 0.001579236588440835 0.001500274753198028 0.001425261027179658 0.001353997969999909 0.001286298036575317 0.001221983111463487 0.001160883926786482 0.00110283971298486 0.001047697733156383 0.0009953128173947334 0.0009455471881665289 0.0008982698200270534 0.0008533563232049346 0.0008106884779408574 0.0007701540598645806 0.0007316463743336499 0.0006950640818104148 0.0006603108486160636 0.0006272952887229621 0.0005959304980933666 0.0005661339964717627 0.0005378273199312389 0.0005109359626658261 0.0004853891732636839 0.0004611197218764573 0.0004380637255962938 0.0004161605320405215 0.0003953525156248361 0.000375584902940318 0.0003568056563381106 0.0003389653866179287 0.0003220171201974154 0.0003059162700083107 0.0002906204608734697 0.0002760894421953708 0.0002622849715407938 0.0002491707273293287 0.0002367121924180537 0.0002248765813419595 0.0002136327530024573 0.0002029511088039726 0.0001928035489981994 0.0001831633708206937 0.0001740051957312971 0.0001653049403103068 0.0001570396998431534 0.0001491877192165703 0.0001417283347109333 0.0001346419157925993 0.0001279098214581609 0.0001215143274748698 0.0001154386118287221 0.0001096666819648817 0.0001041833456838503 9.897418203763664e-05 9.402547584613785e-05 8.93242031452246e-05 8.485799480695277e-05 8.061509288381785e-05 7.658433605683967e-05 7.275511597981676e-05 6.911736272741109e-05 6.566149386344478e-05 6.23784217168577e-05 5.925950245000422e-05 5.629652878269553e-05 5.348170088836923e-05 5.080761548015289e-05 4.826723306905478e-05 4.585387068800628e-05 4.356117642601021e-05 4.13831185142044e-05 3.931396349798888e-05 3.734826532308944e-05 3.548085078364238e-05 3.370680860825814e-05 3.202146763214841e-05 3.042039497813676e-05 2.889937604777515e-05 2.745440724538639e-05 2.608168688311707e-05 2.477760244801175e-05 2.353872150706593e-05 2.236178625025786e-05 2.124369711964391e-05 2.018151280935854e-05 1.917243753268849e-05 1.82138155651046e-05 1.730312396830413e-05 1.643796713324264e-05 1.561606950417627e-05 1.48352664837148e-05 1.409350352332694e-05 1.338882793788798e-05 1.27193861771957e-05 1.208341655001277e-05 1.147924558608793e-05 1.090528348868247e-05 1.036001958709676e-05 9.84201869869139e-06 9.34991749090841e-06 8.882421752787195e-06 8.438300937996246e-06 8.016386345843785e-06 7.615567028551595e-06 7.234788881760323e-06 6.873049642308615e-06 6.529397069243714e-06 6.202927124832058e-06 5.892780791327823e-06 5.598141797236167e-06 5.318234798323829e-06 5.052323103882372e-06 4.799706857738784e-06 4.559721674013417e-06 4.331735453888541e-06 4.115148840355687e-06 3.909391580236843e-06 3.713922069437103e-06 3.528225988702616e-06 3.351814712004852e-06 3.184223942298559e-06 3.025012802027049e-06 2.873762241506483e-06 2.730074129431159e-06 2.593570343378815e-06 2.463891860315925e-06 2.340697164981975e-06 2.223662249889458e-06 2.112479251081822e-06 2.006855311265099e-06 1.906512579807895e-06 1.811186962186184e-06 1.720627665235952e-06 1.634596287658496e-06 1.552866478959913e-06 1.475223143643234e-06 1.401461986461072e-06 1.3313888302946e-06
 0 0 0 0 0 0 0 0 0 0 0 0 0 0 0 0 0 0 0 0 0 0 0 0 0 0 0 0 0 0 0 0 0 0 0 0 0 0 0 0 0 0 0 0 0 0 0 0 0 0 0 0 0 0 0 0 0 0 0 0 0 0 0 0 0 0 0 0 0 0 0 0 0 0 0 0 0 0 0 0 0 0 0 0 0 0 0 0 0 0 0 0 0 0 0 0 0 0 0 0 0 0 0 0 0 0 0 0 0 0 0 0 0 0 0 0 0 0 0 0 0 0 0 0 0 0 0 0 0 0 0 0 0 0 0 0 0 0 0 0 0 0 0 0 0 0 0 0 0 0 0 0 0 0 0 0 0 0 0 0 0 0 0 0 0 0 0 0 0 0 0 0 0 0 0 0 0 0 0 0 0 0 0 0 0 0 0 0 0 0 0 0 0 0 0 0 0 0 0 0 0 0 0 0 0 0 0 0 0 0 0 0 0 0 0 0 0 0 0 0 0 0 0 0 0 0 0 0 0 0 0 0 0 0 0 0 0 0 0 0 0 0 0 0 0 0 0 0 0 0 0 0 0 0 0 0 0 0 0 0 0 0 0 0 0 0 0 0 0 0 0 0 0 0 0 0 0 0 0 0 0 0 0 0 0 0 0 0 0 0 0 0 0 0 0 0 0 0 0 0 0 0 0 0 0 0 0 0 0 0 0 0 0 0 0 0 0 0 0 0 0 0 0 0 0 0 0 0 0 0 0 0 0 0 0 0 0 0 0 0 0 0 0 0 0 0 0 0 0 0 0 0 0 0 0 0 0 0 0 0 0 0 0 0 0 0 0 0 0 0 0 0 0 0 0 0 0 0 0 0 0 0 0 0 0 0 0 0 0 0 0 0 0 0 0 0 0 0 0 0 0 0 0 0 0 0 0 0 0 0 0 0 0 0 0 0 0 0 0 0 0 0 0 0 0 0 0 0 0 0 0 0 0 0 0 0 0 0 0 0 0 0 0 0 0 0 0 0 0 0 0 0 0 0 0 0 0 0 0 0 0 0 0 0 0 0 0 0 0 0 0 0 0 0 0 0 0 0 0 0 0 0 0 0 0 0 0 0 0 0 0 0 0 0 0 0 0 0 0 0 0 0 0 0 0 0 0 0 0 0 0 0 0 0 0 0 0 0 0 0 0 0 0 0 0 0 0 0 0 0 0 0 0 0 0 0 0 0 0 0 0 0 0 0 0 0 0 0 0 0 0 0 0 0 0 0 0 0 0 0 0 0 0 0 0 0 0 0 0 0 0 0 0 0 0 0 0 0 0 0 0 0 0 0 0 0 0 0 0 0 0 0 0 0 0 0 0 0 0 0
 0 0 0 0 0 0 0 0 0 0 0 0 0 0 0 0 0 0 0 0 0 0 0 0 0 0 0 0 0 0 0 0 0 0 0 0 0 0 0 0 0 0 0 0 0 0 0 0 0 0 0 0 0 0 0 0 0 0 0 0 0 0 0 0 0 0 0 0 0 0 0 0 0 0 0 0 0 0 0 0 0 0 0 0 0 0 0 0 0 0 0 0 0 0 0 0 0 0 0 0 0 0 0 0 0 0 0 0 0 0 0 0 0 0 0 0 0 0 0 0 0 0 0 0 0 0 0 0 0 0 0 0 0 0 0 0 0 0 0 0 0 0 0 0 0 0 0 0 0 0 0 0 0 0 0 0 0 0 0 0 0 0 0 0 0 0 0 0 0 0 0 0 0 0 0 0 0 0 0 0 0 0 0 0 0 0 0 0 0 0 0 0 0 0 0 0 0 0 0 0 0 0 0 0 0 0 0 0 0 0 0 0 0 0 0 0 0 0 0 0 0 0 0 0 0 0 0 0 0 0 0 0 0 0 0 0 0 0 0 0 0 0 0 0 0 0 0 0 0 0 0 0 0 0 0 0 0 0 0 0 0 0 0 0 0 0 0 0 0 0 0 0 0 0 0 0 0 0 0 0 0 0 0 0 0 0 0 0 0 0 0 0 0 0 0 0 0 0 0 0 0 0 0 0 0 0 0 0 0 0 0 0 0 0 0 0 0 0 0 0 0 0 0 0 0 0 0 0 0 0 0 0 0 0 0 0 0 0 0 0 0 0 0 0 0 0 0 0 0 0 0 0 0 0 0 0 0 0 0 0 0 0 0 0 0 0 0 0 0 0 0 0 0 0 0 0 0 0 0 0 0 0 0 0 0 0 0 0 0 0 0 0 0 0 0 0 0 0 0 0 0 0 0 0 0 0 0 0 0 0 0 0 0 0 0 0 0 0 0 0 0 0 0 0 0 0 0 0 0 0 0 0 0 0 0 0 0 0 0 0 0 0 0 0 0 0 0 0 0 0 0 0 0 0 0 0 0 0 0 0 0 0 0 0 0 0 0 0 0 0 0 0 0 0 0 0 0 0 0 0 0 0 0 0 0 0 0 0 0 0 0 0 0 0 0 0 0 0 0 0 0 0 0 0 0 0 0 0 0 0 0 0 0 0 0 0 0 0 0 0 0 0 0 0 0 0 0 0 0 0 0 0 0 0 0 0 0 0 0 0 0 0 0 0 0 0 0 0 0 0 0 0 0 0 0 0 0 0 0 0 0 0 0 0 0 0 0 0 0 0 0 0 0 0 0 0 0 0 0 0 0 0 0 0 0 0 0 0 0 0 0 0 0 0 0 0 0 0 0 0
 0 0 0 0 0 0 0 0 0 0 0 0 0 0 0 0 0 0 0 0 0 0 0 0 0 0 0 0 0 0 0 0 0 0 0 0 0 0 0 0 0 0 0 0 0 0 0 0 0 0 0 0 0 0 0 0 0 0 0 0 0 0 0 0 0 0 0 0 0 0 0 0 0 0 0 0 0 0 0 0 0 0 0 0 0 0 0 0 0 0 0 0 0 0 0 0 0 0 0 0 0 0 0 0 0 0 0 0 0 0 0 0 0 0 0 0 0 0 0 0 0 0 0 0 0 0 0 0 0 0 0 0 0 0 0 0 0 0 0 0 0 0 0 0 0 0 0 0 0 0 0 0 0 0 0 0 0 0 0 0 0 0 0 0 0 0 0 0 0 0 0 0 0 0 0 0 0 0 0 0 0 0 0 0 0 0 0 0 0 0 0 0 0 0 0 0 0 0 0 0 0 0 0 0 0 0 0 0 0 0 0 0 0 0 0 0 0 0 0 0 0 0 0 0 0 0 0 0 0 0 0 0 0 0 0 0 0 0 0 0 0 0 0 0 0 0 0 0 0 0 0 0 0 0 0 0 0 0 0 0 0 0 0 0 0 0 0 0 0 0 0 0 0 0 0 0 0 0 0 0 0 0 0 0 0 0 0 0 0 0 0 0 0 0 0 0 0 0 0 0 0 0 0 0 0 0 0 0 0 0 0 0 0 0 0 0 0 0 0 0 0 0 0 0 0 0 0 0 0 0 0 0 0 0 0 0 0 0 0 0 0 0 0 0 0 0 0 0 0 0 0 0 0 0 0 0 0 0 0 0 0 0 0 0 0 0 0 0 0 0 0 0 0 0 0 0 0 0 0 0 0 0 0 0 0 0 0 0 0 0 0 0 0 0 0 0 0 0 0 0 0 0 0 0 0 0 0 0 0 0 0 0 0 0 0 0 0 0 0 0 0 0 0 0 0 0 0 0 0 0 0 0 0 0 0 0 0 0 0 0 0 0 0 0 0 0 0 0 0 0 0 0 0 0 0 0 0 0 0 0 0 0 0 0 0 0 0 0 0 0 0 0 0 0 0 0 0 0 0 0 0 0 0 0 0 0 0 0 0 0 0 0 0 0 0 0 0 0 0 0 0 0 0 0 0 0 0 0 0 0 0 0 0 0 0 0 0 0 0 0 0 0 0 0 0 0 0 0 0 0 0 0 0 0 0 0 0 0 0 0 0 0 0 0 0 0 0 0 0 0 0 0 0 0 0 0 0 0 0 0 0 0 0 0 0 0 0 0 0 0 0 0 0 0 0 0 0 0 0 0 0 0 0 0 0 0 0 0 0 0 0 0 0 0 0 0 0 0 0 0
 0 0 0 0 0 0 0 0 0 0 0 0 0 0 0 0 0 0 0 0 0 0 0 0 0 0 0 0 0 0 0 0 0 0 0 0 0 0 0 0 0 0 0 0 0 0 0 0 0 0 0 0 0 0 0 0 0 0 0 0 0 0 0 0 0 0 0 0 0 0 0 0 0 0 0 0 0 0 0 0 0 0 0 0 0 0 0 0 0 0 0 0 0 0 0 0 0 0 0 0 0 0 0 0 0 0 0 0 0 0 0 0 0 0 0 0 0 0 0 0 0 0 0 0 0 0 0 0 0 0 0 0 0 0 0 0 0 0 0 0 0 0 0 0 0 0 0 0 0 0 0 0 0 0 0 0 0 0 0 0 0 0 0 0 0 0 0 0 0 0 0 0 0 0 0 0 0 0 0 0 0 0 0 0 0 0 0 0 0 0 0 0 0 0 0 0 0 0 0 0 0 0 0 0 0 0 0 0 0 0 0 0 0 0 0 0 0 0 0 0 0 0 0 0 0 0 0 0 0 0 0 0 0 0 0 0 0 0 0 0 0 0 0 0 0 0 0 0 0 0 0 0 0 0 0 0 0 0 0 0 0 0 0 0 0 0 0 0 0 0 0 0 0 0 0 0 0 0 0 0 0 0 0 0 0 0 0 0 0 0 0 0 0 0 0 0 0 0 0 0 0 0 0 0 0 0 0 0 0 0 0 0 0 0 0 0 0 0 0 0 0 0 0 0 0 0 0 0 0.0001244966260856017 0.0009274162002839148 0.002396729541942477 0.004543520510196686 0.007327660918235779 0.01076281256973743 0.01484322268515825 0.01957855187356472 0.02495051361620426 0.03094186261296272 0.03755932301282883 0.04482841119170189 0.05280312895774841 0.06158208474516869 0.07116150110960007 0.08157362043857574 0.09280453622341156 0.104881539940834 0.1178164407610893 0.1315583437681198 0.1459457874298096 0.1608906090259552 0.1762750148773193 0.1920869946479797 0.2083246260881424 0.2248989343643188 0.2416965812444687 0.2586061060428619 0.2735927999019623 0.284509539604187 0.2898915112018585 0.2887517809867859 0.2803823351860046 0.2663632035255432 0.2530450522899628 0.240392804145813 0.2283731698989868 0.2169545143842697 0.2061067819595337 0.1958014369010925 0.1860113590955734 0.1767107844352722 0.1678752452135086 0.159481480717659 0.1515074074268341 0.143932044506073 0.1367354393005371 0.1298986673355103 0.1234037354588509 0.1172335520386696 0.1113718748092651 0.1058032810688019 0.1005131155252457 0.09548746049404144 0.09071308374404907 0.08617743104696274 0.08186855912208557 0.07777512818574905 0.07388637214899063 0.07019205391407013 0.06668245047330856 0.06334833055734634 0.06018091365695 0.05717186629772186 0.05431327223777771 0.05159761011600494 0.04901773110032082 0.04656684398651123 0.04423850029706955 0.0420265756547451 0.03992524743080139 0.0379289835691452 0.036032535135746 0.03423091024160385 0.03251936286687851 0.03089339472353458 0.02934872545301914 0.02788128890097141 0.02648722380399704 0.02516286261379719 0.02390472032129765 0.02270948514342308 0.02157401107251644 0.02049531042575836 0.01947054453194141 0.01849701814353466 0.01757216639816761 0.01669355854392052 0.01585888117551804 0.01506593730300665 0.01431264076381922 0.01359700877219439 0.01291715819388628 0.01227129995822906 0.01165773533284664 0.01107484847307205 0.01052110642194748 0.009995050728321075 0.009495298378169537 0.009020533412694931 0.008569506928324699 0.008141031488776207 0.007733979728072882 0.007347280625253916 0.006979916710406542 0.006630920805037022 0.006299374625086784 0.005984405986964703 0.005685185547918081 0.00540092634037137 0.005130880046635866 0.004874336067587137 0.004630619194358587 0.004399088211357594 0.004179134033620358 0.003970177378505468 0.003771668532863259 0.003583085024729371 0.003403930692002177 0.003233734052628279 0.003072047373279929 0.002918445039540529 0.002772522857412696 0.0026338966563344 0.00250220182351768 0.002377091674134135 0.002258236985653639 0.002145325066521764 0.002038058824837208 0.001936155837029219 0.001839347998611629 0.001747380592860281 0.001660011592321098 0.001577010960318148 0.001498160418123007 0.001423252397216856 0.001352089806459844 0.00128448533359915 0.001220261096023023 0.00115924805868417 0.001101285684853792 0.001046221354044974 0.0009939102455973625 0.0009442147566005588 0.0008970040362328291 0.0008521538111381233 0.0008095460943877697 0.000769068778026849 0.0007306153420358896 0.000694084563292563 0.0006593803409487009 0.0006264113471843302 0.0005950907943770289 0.0005653362604789436 0.0005370694561861455 0.0005102159921079874 0.0004847052041441202 0.0004604699497576803 0.0004374464624561369 0.0004155741480644792 0.0003947954392060637 0.0003750556788872927 0.0003563028876669705 0.0003384877345524728 0.000321563333272934 0.0003054851549677551 0.0002902108826674521 0.0002757003530859947 0.0002619153237901628 0.0002488195605110377 0.0002363785752095282 0.0002245596406282857 0.0002133316593244672 0.0002026650763582438 0.0001925318210851401 0.0001829052343964577 0.0001737599668558687 0.0001650719641475007 0.0001568183652125299 0.0001489774440415204 0.0001415285660186782 0.0001344521442661062 0.0001277295377803966 0.0001213430587085895 0.0001152759068645537 0.000109512111521326 0.0001040365023072809 9.88346801022999e-05 9.38929442781955e-05 8.919829997466877e-05 8.473838533973321e-05 8.050146425375715e-05 7.647638994967565e-05 7.265256863320246e-05 6.901993765495718e-05 6.556894368259236e-05 6.229049904504791e-05 5.917597445659339e-05 5.621717718895525e-05 5.340631832950749e-05 5.073600186733529e-05 4.819920286536217e-05 4.57892419944983e-05 4.349977825768292e-05 4.13247907999903e-05 3.925854980479926e-05 3.729562376975082e-05 3.54308431269601e-05 3.365930024301633e-05 3.197633486706764e-05 3.037751775991637e-05 2.885864159907214e-05 2.741571006481536e-05 2.604492510727141e-05 2.474267967045307e-05 2.350554495933466e-05 2.233026680187322e-05 2.121375291608274e-05 2.015306563407648e-05 1.914541280712001e-05 1.818814234866295e-05 1.727873495838139e-05 1.641479866520967e-05 1.559405791340396e-05 1.481435538153164e-05 1.407363743055612e-05 1.336995592282619e-05 1.270145821763435e-05 1.206638535222737e-05 1.146306567534339e-05 1.088991211872781e-05 1.034541674016509e-05 9.828146176005248e-06 9.336738912679721e-06 8.869901648722589e-06 8.42640656628646e-06 8.005085874174256e-06 7.604831807839219e-06 7.224590262921993e-06 6.863360795250628e-06 6.520192982861772e-06 6.194183242769213e-06 5.88447392146918e-06 5.590250111708883e-06 5.310737833497114e-06 5.045200850872789e-06 4.792940671904944e-06 4.553293820208637e-06 4.325629106460838e-06 4.109347628400428e-06 3.903880042344099e-06 3.708686108438997e-06 3.523251734804944e-06 3.347089204908116e-06 3.179734676450607e-06 3.020747953996761e-06 2.869710442610085e-06 2.726224920479581e-06 2.589913719930337e-06 2.460418045302504e-06 2.337397063456592e-06 2.220527221652446e-06 2.109500883307192e-06 2.004025873247883e-06 1.903824568216805e-06 1.808633328437281e-06 1.71820170180581e-06 1.632291628084204e-06 1.55067709783907e-06 1.473143242947117e-06 1.399486109221471e-06 1.329511860603816e-06
 0 0 0 0 0 0 0 0 0 0 0 0 0 0 0 0 0 0 0 0 0 0 0 0 0 0 0 0 0 0 0 0 0 0 0 0 0 0 0 0 0 0 0 0 0 0 0 0 0 0 0 0 0 0 0 0 0 0 0 0 0 0 0 0 0 0 0 0 0 0 0 0 0 0 0 0 0 0 0 0 0 0 0 0 0 0 0 0 0 0 0 0 0 0 0 0 0 0 0 0 0 0 0 0 0 0 0 0 0 0 0 0 0 0 0 0 0 0 0 0 0 0 0 0 0 0 0 0 0 0 0 0 0 0 0 0 0 0 0 0 0 0 0 0 0 0 0 0 0 0 0 0 0 0 0 0 0 0 0 0 0 0 0 0 0 0 0 0 0 0 0 0 0 0 0 0 0 0 0 0 0 0 0 0 0 0 0 0 0 0 0 0 0 0 0 0 0 0 0 0 0 0 0 0 0 0 0 0 0 0 0 0 0 0 0 0 0 0 0 0 0 0 0 0 0 0 0 0 0 0 0 0 0 0 0 0 0 0 0 0 0 0 0 0 0 0 0 0 0 0 0 0 0 0 0 0 0 0 0 0 0 0 0 0 0 0 0 0 0 0 0 0 0 0 0 0 0 0 0 0 0 0 0 0 0 0 0 0 0 0 0 0 0 0 0 0 0 0 0 0 0 0 0 0 0 0 0 0 0 0 0 0 0 0 0 0 0 0 0 0 0 0 0 0 0 0 0 0 0 0 0 0 0 0 0 0 0 0 0 0 0 0 0 0 0 0 0 0 0 0 0 0 0 0 0 0 0 0 0 0 0 0 0 0 0 0 0 0 0 0 0 0 0 0 0 0 0 0 0 0 0 0 0 0 0 0 0 0 0 0 0 0 0 0 0 0 0 0 0 0 0 0 0 0 0 0 0 0 0 0 0 0 0 0 0 0 0 0 0 0 0 0 0 0 0 0 0 0 0 0 0 0 0 0 0 0 0 0 0 0 0 0 0 0 0 0 0 0 0 0 0 0 0 0 0 0 0 0 0 0 0 0 0 0 0 0 0 0 0 0 0 0 0 0 0 0 0 0 0 0 0 0 0 0 0 0 0 0 0 0 0 0 0 0 0 0 0 0 0 0 0 0 0 0 0 0 0 0 0 0 0 0 0 0 0 0 0 0 0 0 0 0 0 0 0 0 0 0 0 0 0 0 0 0 0 0 0 0 0 0 0 0 0 0 0 0 0 0 0 0 0 0 0 0 0 0 0 0 0 0 0 0 0 0 0 0 0 0 0 0 0 0 0 0 0 0 0 0 0 0 0 0 0 0 0 0 0 0 0 0 0 0 0 0 0 0 0 0 0 0
 0 0 0 0 0 0 0 0 0 0 0 0 0 0 0 0 0 0 0 0 0 0 0 0 0 0 0 0 0 0 0 0 0 0 0 0 0 0 0 0 0 0 0 0 0 0 0 0 0 0 0 0 0 0 0 0 0 0 0 0 0 0 0 0 0 0 0 0 0 0 0 0 0 0 0 0 0 0 0 0 0 0 0 0 0 0 0 0 0 0 0 0 0 0 0 0 0 0 0 0 0 0 0 0 0 0 0 0 0 0 0 0 0 0 0 0 0 0 0 0 0 0 0 0 0 0 0 0 0 0 0 0 0 0 0 0 0 0 0 0 0 0 0 0 0 0 0 0 0 0 0 0 0 0 0 0 0 0 0 0 0 0 0 0 0 0 0 0 0 0 0 0 0 0 0 0 0 0 0 0 0 0 0 0 0 0 0 0 0 0 0 0 0 0 0 0 0 0 0 0 0 0 0 0 0 0 0 0 0 0 0 0 0 0 0 0 0 0 0 0 0 0 0 0 0 0 0 0 0 0 0 0 0 0 0 0 0 0 0 0 0 0 0 0 0 0 0 0 0 0 0 0 0 0 0 0 0 0 0 0 0 0 0 0 0 0 0 0 0 0 0 0 0 0 0 0 0 0 0 0 0 0 0 0 0 0 0 0 0 0 0 0 0 0 0 0 0 0 0 0 0 0 0 0 0 0 0 0 0 0 0 0 0 0 0 0 0 0 0 0 0 0 0 0 0 0 0 0 0 0 0 0 0 0 0 0 0 0 0 0 0 0 0 0 0 0 0 0 0 0 0 0 0 0 0 0 0 0 0 0 0 0 0 0 0 0 0 0 0 0 0 0 0 0 0 0 0 0 0 0 0 0 0 0 0 0 0 0 0 0 0 0 0 0 0 0 0 0 0 0 0 0 0 0 0 0 0 0 0 0 0 0 0 0 0 0 0 0 0 0 0 0 0 0 0 0 0 0 0 0 0 0 0 0 0 0 0 0 0 0 0 0 0 0 0 0 0 0 0 0 0 0 0 0 0 0 0 0 0 0 0 0 0 0 0 0 0 0 0 0 0 0 0 0 0 0 0 0 0 0 0 0 0 0 0 0 0 0 0 0 0 0 0 0 0 0 0 0 0 0 0 0 0 0 0 0 0 0 0 0 0 0 0 0 0 0 0 0 0 0 0 0 0 0 0 0 0 0 0 0 0 0 0 0 0 0 0 0 0 0 0 0 0 0 0 0 0 0 0 0 0 0 0 0 0 0 0 0 0 0 0 0 0 0 0 0 0 0 0 0 0 0 0 0 0 0 0 0 0 0 0 0 0 0 0 0 0 0 0 0 0 0 0 0 0 0 0 0 0 0


# name: r_0_m13_G0_L0p3_D0p7
# type: matrix
# rows: 1
# columns: 14
 0 -13 0.2 0 0.3 0 -8.233521666666666 0 0 0.2047598335041975 0 158.8333333333333 0.752772652709081 0.7




