# Created by Octave 3.8.2, Wed Jul 05 10:40:01 2017 BST <co1ssj@node117>
# name: result
# type: scalar struct
# ndims: 2
 1 1
# length: 3
# name: params
# type: scalar struct
# ndims: 2
 1 1
# length: 18
# name: cleanup
# type: scalar
0


# name: num_runs
# type: scalar
6


# name: dopamine
# type: scalar
0.7


# name: targetCross
# type: scalar
1


# name: targetLuminance
# type: scalar
0.3


# name: targetWidthX
# type: scalar
6


# name: targetWidthY
# type: scalar
2


# name: fixCross
# type: scalar
1


# name: fixLuminance
# type: scalar
0.2


# name: fixWidthX
# type: scalar
6


# name: fixWidthY
# type: scalar
2


# name: fixOn
# type: scalar
0


# name: targetOff
# type: scalar
1


# name: targetOn
# type: scalar
0.2


# name: fixOff
# type: scalar
0.2


# name: targetThetaX
# type: scalar
0


# name: targetThetaY
# type: scalar
-12


# name: exptnum
# type: scalar
0




# name: r_0_m12_G0_L0p3_D0p7_llbn
# type: matrix
# rows: 24
# columns: 600
 0 0 0 0 0 0 0 0 0 0 0 0 0 0 0 0 0 0 0 0 0 0 0 0 0 0 0 0 0 0 0 0 0 0 0 0 0 0 0 0 0 0 0 0 0 0 0 0 0 0 0 0 0 0 0 0 0 0 0 0 0 0 0 0 0 0 0 0 0 0 0 0 0 0 0 0 0 0 0 0 0 0 0 0 0 0 0 0 0 0 0 0 0 0 0 0 0 0 0 0 0 0 0 0 0 0 0 0 0 0 0 0 0 0 0 0 0 0 0 0 0 0 0 0 0 0 0 0 0 0 0 0 0 0 0 0 0 0 0 0 0 0 0 0 0 0 0 0 0 0 0 0 0 0 0 0 0 0 0 0 0 0 0 0 0 0 0 0 0 0 0 0 0 0 0 0 0 0 0 0 0 0 0 0 0 0 0 0 0 0 0 0 0 0 0 0 0 0 0 0 0 0 0 0 0 0 0 0 0 0 0 0 0 0 0 0 0 0 0 0 0 0 0 0 0 0 0 0 0 0 0 0 0 0 0 0 0 0 0 0 0 0 0 0 0 0 0 0 0 0 0 0 0 0 0 0 0 0 0 0 0 0 0 0 0 0 0 0 0 0 0 0 0 0 0 0 0 0 0 0 0 0 0 0 0 0 0 0 0 0 0 0 0 0 0 0 0 0 0 0 0 0 0 0 0 0 0 0 0 0 0 0 0 0 0 0 0 0 0 0 0 0 0 0 0 0 0 0 0 0 0 0 0 0 0 0 0 0 0 0 0 0 0 0 0 0 0 0 0 0 0 0 0 0 0 0 0 0 0 0 0 0 0 0 0 0 0 0 0 0 0 0 0 0 0 0 0 0 0 0 0 0 0 0 0 0 0 0 0 0 0 0 0 0 0 0 0 0 0 0 0 0 0 0 0 0 0 0 0 0 0 0 0 0 0 0 0 0 0 0 0 0 0 0 0 0 0 0 0 0 0 0 0 0 0 0 0 0 0 0 0 0 0 0 0 0 0 0 0 0 0 0 0 0 0 0 0 0 0 0 0 0 0 0 0 0 0 0 0 0 0 0 0 0 0 0 0 0 0 0 0 0 0 0 0 0 0 0 0 0 0 0 0 0 0 0 0 0 0 0 0 0 0 0 0 0 0 0 0 0 0 0 0 0 0 0 0 0 0 0 0 0 0 0 0 0 0 0 0 0 0 0 0 0 0 0 0 0 0 0 0 0 0 0 0 0 0 0 0 0 0 0 0 0 0 0 0 0 0 0 0 0 0 0 0 0 0 0 0 0 0 0 0 0 0 0 0 0 0 0 0 0 0 0 0 0 0 0 0 0 0 0 0 0 0 0 0 0 0 0
 0 0 0 0 0 0 0 0 0 0 0 0 0 0 0 0 0 0 0 0 0 0 0 0 0 0 0 0 0 0 0 0 0 0 0 0 0 0 0 0 0 0 0 0 0 0 0 0 0 0 0 0 0 0 0 0 0 0 0 0 0 0 0 0 0 0 0 0 0 0 0 0 0 0 0 0 0 0 0 0 0 0 0 0 0 0 0 0 0 0 0 0 0 0 0 0 0 0 0 0 0 0 0 0 0 0 0 0 0 0 0 0 0 0 0 0 0 0 0 0 0 0 0 0 0 0 0 0 0 0 0 0 0 0 0 0 0 0 0 0 0 0 0 0 0 0 0 0 0 0 0 0 0 0 0 0 0 0 0 0 0 0 0 0 0 0 0 0 0 0 0 0 0 0 0 0 0 0 0 0 0 0 0 0 0 0 0 0 0 0 0 0 0 0 0 0 0 0 0 0 0 0 0 0 0 0 0 0 0 0 0 0 0 0 0 0 0 0 0 0 0 0 0 0 0 0 0 0 0 0 0 0 0 0 0 0 0 0 0 0 0 0 0 0 0 0 0 0 0 0 0 0 0 0 0 0 0 0 0 0 0 0 0 0 0 0 0 0 0 0 0 0 0 0 0 0 0 0 0 0 0 0 0 0 0 0 0 0 0 0 0 0 0 0 0 0 0 0 0 0 0 0 0 0 0 0 0 0 0 0 0 0 0 0 0 0 0 0 0 0 0 0 0 0 0 0 0.0004686324973590672 0.001549266278743744 0.003222432918846607 0.005497576668858528 0.008436172269284725 0.01202224940061569 0.01626712270081043 0.02118001133203506 0.02676194533705711 0.03298334032297134 0.03987129405140877 0.04740426689386368 0.05557214468717575 0.06440962851047516 0.07386580854654312 0.08397352695465088 0.09471721202135086 0.1059346124529839 0.1176584959030151 0.1299657076597214 0.1427053511142731 0.1558823436498642 0.1694881767034531 0.1835183352231979 0.197983518242836 0.2128177434206009 0.2279235124588013 0.2432488948106766 0.256151556968689 0.2648470103740692 0.2681372463703156 0.2651521563529968 0.2553275525569916 0.2425611764192581 0.2304331213235855 0.2189114689826965 0.2079658955335617 0.1975675970315933 0.1876892149448395 0.1783047616481781 0.1693895161151886 0.160920038819313 0.1528740376234055 0.1452303379774094 0.1379688233137131 0.1310703754425049 0.1245168596506119 0.1182910203933716 0.1123764663934708 0.106757640838623 0.1014197617769241 0.09634877741336823 0.09153133630752563 0.08695477247238159 0.08260703086853027 0.078476682305336 0.07455284893512726 0.07082520425319672 0.06728394329547882 0.06391974538564682 0.06072375923395157 0.05768757313489914 0.05480319261550903 0.05206303298473358 0.04945988208055496 0.0469868890941143 0.04463754594326019 0.04240566864609718 0.0402853861451149 0.03827111795544624 0.03635756298899651 0.03453968465328217 0.03281269967556 0.03117206506431103 0.02961346134543419 0.02813278883695602 0.02672614902257919 0.02538984082639217 0.02412034943699837 0.0229143314063549 0.02176861464977264 0.02068018354475498 0.01964617520570755 0.01866386644542217 0.01773067377507687 0.0168441403657198 0.01600193418562412 0.01520183775573969 0.01444174628704786 0.01371965929865837 0.01303367596119642 0.01238199230283499 0.01176289282739162 0.01117474772036076 0.01061601005494595 0.01008520927280188 0.009580948390066624 0.009101901203393936 0.00864680577069521 0.008214465342462063 0.007803741842508316 0.007413554936647415 0.007042877376079559 0.006690733600407839 0.006356196943670511 0.006038387306034565 0.005736467894166708 0.005449644289910793 0.005177162121981382 0.004918303806334734 0.004672388546168804 0.004438769072294235 0.004216830711811781 0.00400598905980587 0.003805689513683319 0.003615404944866896 0.003434634767472744 0.003262903075665236 0.003099757945165038 0.002944770036265254 0.002797531429678202 0.002657654928043485 0.002524772193282843 0.002398533513769507 0.002278606873005629 0.002164676552638412 0.00205644266679883 0.001953620463609695 0.001855939393863082 0.001763142412528396 0.001674985280260444 0.001591235981322825 0.001511674141511321 0.001436090446077287 0.001364285941235721 0.001296071684919298 0.001231268048286438 0.001169704599305987 0.001111219404265285 0.001055658445693552 0.001002875505946577 0.0009527317015454173 0.0009050951339304447 0.0008598403655923903 0.000816848361864686 0.0007760059670545161 0.0007372056716121733 0.0007003453793004155 0.0006653281161561608 0.0006320617394521832 0.000600458646658808 0.0005704357172362506 0.0005419139051809907 0.0005148182390257716 0.0004890772979706526 0.0004646234447136521 0.0004413922724779695 0.0004193226632196456 0.0003983565256930888 0.0003784387081395835 0.0003595167654566467 0.0003415409300941974 0.000324463879223913 0.0003082406765315682 0.0002928286558017135 0.0002781872171908617 0.0002642778563313186 0.0002510639606043696 0.0002385107654845342 0.0002265852235723287 0.0002152559609385207 0.0002044931607088074 0.0001942685048561543 0.000184555072337389 0.0001753273245412856 0.0001665609597694129 0.0001582329132361338 0.0001503212697571144 0.0001428052055416629 0.000135664944536984 0.0001288817002205178 0.0001224376173922792 0.0001163157357950695 0.0001104999464587308 0.0001049749480444007 9.972620318876579e-05 9.473989484831691e-05 9.000289719551802e-05 8.550275379093364e-05 8.122761937556788e-05 7.716623804299161e-05 7.330792868742719e-05 6.964253407204524e-05 6.616040627704933e-05 6.285238487180322e-05 5.970976417302154e-05 5.672427505487576e-05 5.388806312112138e-05 5.119365960126743e-05 4.86339777125977e-05 4.620227991836146e-05 4.389216701383702e-05 4.169755993643776e-05 3.961268157581799e-05 3.763204585993662e-05 3.575044320314191e-05 3.39629223162774e-05 3.226477565476671e-05 3.065153578063473e-05 2.911895899160299e-05 2.766301076917443e-05 2.627986032166518e-05 2.496586785127874e-05 2.371757364016958e-05 2.253169441246428e-05 2.140511060133576e-05 2.033485543506686e-05 1.931811311806086e-05 1.835220791690517e-05 1.743459688441362e-05 1.656286622164771e-05 1.573472218296956e-05 1.494798561907373e-05 1.420058652001899e-05 1.349055673927069e-05 1.281602908420609e-05 1.217522731167264e-05 1.156646612798795e-05 1.098814300348749e-05 1.04387354440405e-05 9.916798262565862e-06 9.420958122063894e-06 8.949909897637554e-06 8.502414857503027e-06 8.077294296526816e-06 7.67342953622574e-06 7.289758286788128e-06 6.925270554347662e-06 6.579006821993971e-06 6.250056685530581e-06 5.937553851254052e-06 5.640676135953981e-06 5.358642283681547e-06 5.090710146760102e-06 4.836174412048422e-06 4.594365691446001e-06 4.364647338661598e-06 4.146414994465886e-06 3.939094312954694e-06 3.742139597306959e-06 3.555032662916346e-06 3.377281018401845e-06 3.208416956113069e-06 3.047996187888202e-06 2.895596480811946e-06 2.750816747720819e-06 2.613275910334778e-06 2.482612217136193e-06 2.358481651754119e-06 2.240557478216942e-06 2.12852955883136e-06 2.022102989940322e-06 1.920997874549357e-06 1.824947958084522e-06 1.733700514705561e-06 1.647015437811206e-06 1.564664671604987e-06 1.48643141528737e-06 1.412109895682079e-06 1.341504457741394e-06 1.27442922348564e-06 1.210707750942674e-06 1.150172352026857e-06 1.09266375147854e-06
 0 0 0 0 0 0 0 0 0 0 0 0 0 0 0 0 0 0 0 0 0 0 0 0 0 0 0 0 0 0 0 0 0 0 0 0 0 0 0 0 0 0 0 0 0 0 0 0 0 0 0 0 0 0 0 0 0 0 0 0 0 0 0 0 0 0 0 0 0 0 0 0 0 0 0 0 0 0 0 0 0 0 0 0 0 0 0 0 0 0 0 0 0 0 0 0 0 0 0 0 0 0 0 0 0 0 0 0 0 0 0 0 0 0 0 0 0 0 0 0 0 0 0 0 0 0 0 0 0 0 0 0 0 0 0 0 0 0 0 0 0 0 0 0 0 0 0 0 0 0 0 0 0 0 0 0 0 0 0 0 0 0 0 0 0 0 0 0 0 0 0 0 0 0 0 0 0 0 0 0 0 0 0 0 0 0 0 0 0 0 0 0 0 0 0 0 0 0 0 0 0 0 0 0 0 0 0 0 0 0 0 0 0 0 0 0 0 0 0 0 0 0 0 0 0 0 0 0 0 0 0 0 0 0 0 0 0 0 0 0 0 0 0 0 0 0 0 0 0 0 0 0 0 0 0 0 0 0 0 0 0 0 0 0 0 0 0 0 0 0 0 0 0 0 0 0 0 0 0 0 0 0 0 0 0 0 0 0 0 0 0 0 0 0 0 0 0 0 0 0 0 0 0 0 0 0 0 0 0 0 0 0 0 0 0 0 0 0 0 0 0 0 0 0 0 0 0 0 0 0 0 0 0 0 0 0 0 0 0 0 0 0 0 0 0 0 0 0 0 0 0 0 0 0 0 0 0 0 0 0 0 0 0 0 0 0 0 0 0 0 0 0 0 0 0 0 0 0 0 0 0 0 0 0 0 0 0 0 0 0 0 0 0 0 0 0 0 0 0 0 0 0 0 0 0 0 0 0 0 0 0 0 0 0 0 0 0 0 0 0 0 0 0 0 0 0 0 0 0 0 0 0 0 0 0 0 0 0 0 0 0 0 0 0 0 0 0 0 0 0 0 0 0 0 0 0 0 0 0 0 0 0 0 0 0 0 0 0 0 0 0 0 0 0 0 0 0 0 0 0 0 0 0 0 0 0 0 0 0 0 0 0 0 0 0 0 0 0 0 0 0 0 0 0 0 0 0 0 0 0 0 0 0 0 0 0 0 0 0 0 0 0 0 0 0 0 0 0 0 0 0 0 0 0 0 0 0 0 0 0 0 0 0 0 0 0 0 0 0 0 0 0 0 0 0 0 0 0 0 0 0 0 0 0 0 0 0 0 0 0 0 0 0 0 0 0 0 0 0 0 0 0 0 0 0 0 0 0 0 0 0 0 0 0 0 0 0 0 0 0
 0 0 0 0 0 0 0 0 0 0 0 0 0 0 0 0 0 0 0 0 0 0 0 0 0 0 0 0 0 0 0 0 0 0 0 0 0 0 0 0 0 0 0 0 0 0 0 0 0 0 0 0 0 0 0 0 0 0 0 0 0 0 0 0 0 0 0 0 0 0 0 0 0 0 0 0 0 0 0 0 0 0 0 0 0 0 0 0 0 0 0 0 0 0 0 0 0 0 0 0 0 0 0 0 0 0 0 0 0 0 0 0 0 0 0 0 0 0 0 0 0 0 0 0 0 0 0 0 0 0 0 0 0 0 0 0 0 0 0 0 0 0 0 0 0 0 0 0 0 0 0 0 0 0 0 0 0 0 0 0 0 0 0 0 0 0 0 0 0 0 0 0 0 0 0 0 0 0 0 0 0 0 0 0 0 0 0 0 0 0 0 0 0 0 0 0 0 0 0 0 0 0 0 0 0 0 0 0 0 0 0 0 0 0 0 0 0 0 0 0 0 0 0 0 0 0 0 0 0 0 0 0 0 0 0 0 0 0 0 0 0 0 0 0 0 0 0 0 0 0 0 0 0 0 0 0 0 0 0 0 0 0 0 0 0 0 0 0 0 0 0 0 0 0 0 0 0 0 0 0 0 0 0 0 0 0 0 0 0 0 0 0 0 0 0 0 0 0 0 0 0 0 0 0 0 0 0 0 0 0 0 0 0 0 0 0 0 0 0 0 0 0 0 0 0 0 0 0 0 0 0 0 0 0 0 0 0 0 0 0 0 0 0 0 0 0 0 0 0 0 0 0 0 0 0 0 0 0 0 0 0 0 0 0 0 0 0 0 0 0 0 0 0 0 0 0 0 0 0 0 0 0 0 0 0 0 0 0 0 0 0 0 0 0 0 0 0 0 0 0 0 0 0 0 0 0 0 0 0 0 0 0 0 0 0 0 0 0 0 0 0 0 0 0 0 0 0 0 0 0 0 0 0 0 0 0 0 0 0 0 0 0 0 0 0 0 0 0 0 0 0 0 0 0 0 0 0 0 0 0 0 0 0 0 0 0 0 0 0 0 0 0 0 0 0 0 0 0 0 0 0 0 0 0 0 0 0 0 0 0 0 0 0 0 0 0 0 0 0 0 0 0 0 0 0 0 0 0 0 0 0 0 0 0 0 0 0 0 0 0 0 0 0 0 0 0 0 0 0 0 0 0 0 0 0 0 0 0 0 0 0 0 0 0 0 0 0 0 0 0 0 0 0 0 0 0 0 0 0 0 0 0 0 0 0 0 0 0 0 0 0 0 0 0 0 0 0 0 0 0 0 0 0 0 0 0 0 0 0 0 0 0 0 0 0 0 0 0 0 0
 0 0 0 0 0 0 0 0 0 0 0 0 0 0 0 0 0 0 0 0 0 0 0 0 0 0 0 0 0 0 0 0 0 0 0 0 0 0 0 0 0 0 0 0 0 0 0 0 0 0 0 0 0 0 0 0 0 0 0 0 0 0 0 0 0 0 0 0 0 0 0 0 0 0 0 0 0 0 0 0 0 0 0 0 0 0 0 0 0 0 0 0 0 0 0 0 0 0 0 0 0 0 0 0 0 0 0 0 0 0 0 0 0 0 0 0 0 0 0 0 0 0 0 0 0 0 0 0 0 0 0 0 0 0 0 0 0 0 0 0 0 0 0 0 0 0 0 0 0 0 0 0 0 0 0 0 0 0 0 0 0 0 0 0 0 0 0 0 0 0 0 0 0 0 0 0 0 0 0 0 0 0 0 0 0 0 0 0 0 0 0 0 0 0 0 0 0 0 0 0 0 0 0 0 0 0 0 0 0 0 0 0 0 0 0 0 0 0 0 0 0 0 0 0 0 0 0 0 0 0 0 0 0 0 0 0 0 0 0 0 0 0 0 0 0 0 0 0 0 0 0 0 0 0 0 0 0 0 0 0 0 0 0 0 0 0 0 0 0 0 0 0 0 0 0 0 0 0 0 0 0 0 0 0 0 0 0 0 0 0 0 0 0 0 0 0 0 0 0 0 0 0 0 0 0 0 0 0 0 0 0 0 0 0 0 0 0 0 0 0 0 0 0 0 0 0 0 0 0 0 0 0 0 0 0 0 0 0 0 0 0 0 0 0 0 0 0 0 0 0 0 0 0 0 0 0 0 0 0 0 0 0 0 0 0 0 0 0 0 0 0 0 0 0 0 0 0 0 0 0 0 0 0 0 0 0 0 0 0 0 0 0 0 0 0 0 0 0 0 0 0 0 0 0 0 0 0 0 0 0 0 0 0 0 0 0 0 0 0 0 0 0 0 0 0 0 0 0 0 0 0 0 0 0 0 0 0 0 0 0 0 0 0 0 0 0 0 0 0 0 0 0 0 0 0 0 0 0 0 0 0 0 0 0 0 0 0 0 0 0 0 0 0 0 0 0 0 0 0 0 0 0 0 0 0 0 0 0 0 0 0 0 0 0 0 0 0 0 0 0 0 0 0 0 0 0 0 0 0 0 0 0 0 0 0 0 0 0 0 0 0 0 0 0 0 0 0 0 0 0 0 0 0 0 0 0 0 0 0 0 0 0 0 0 0 0 0 0 0 0 0 0 0 0 0 0 0 0 0 0 0 0 0 0 0 0 0 0 0 0 0 0 0 0 0 0 0 0 0 0 0 0 0 0 0 0 0 0 0 0 0 0 0 0 0 0 0 0 0 0
 0 0 0 0 0 0 0 0 0 0 0 0 0 0 0 0 0 0 0 0 0 0 0 0 0 0 0 0 0 0 0 0 0 0 0 0 0 0 0 0 0 0 0 0 0 0 0 0 0 0 0 0 0 0 0 0 0 0 0 0 0 0 0 0 0 0 0 0 0 0 0 0 0 0 0 0 0 0 0 0 0 0 0 0 0 0 0 0 0 0 0 0 0 0 0 0 0 0 0 0 0 0 0 0 0 0 0 0 0 0 0 0 0 0 0 0 0 0 0 0 0 0 0 0 0 0 0 0 0 0 0 0 0 0 0 0 0 0 0 0 0 0 0 0 0 0 0 0 0 0 0 0 0 0 0 0 0 0 0 0 0 0 0 0 0 0 0 0 0 0 0 0 0 0 0 0 0 0 0 0 0 0 0 0 0 0 0 0 0 0 0 0 0 0 0 0 0 0 0 0 0 0 0 0 0 0 0 0 0 0 0 0 0 0 0 0 0 0 0 0 0 0 0 0 0 0 0 0 0 0 0 0 0 0 0 0 0 0 0 0 0 0 0 0 0 0 0 0 0 0 0 0 0 0 0 0 0 0 0 0 0 0 0 0 0 0 0 0 0 0 0 0 0 0 0 0 0 0 0 0 0 0 0 0 0 0 0 0 0 0 0 0 0 0 0 0 0 0 0 0 0 0 0 0 0 0 0 0 0 0 0 0 0 0 0 0 0 0 0 0 0 0 0 0.0004034161102026701 0.001369470031931996 0.002904735272750258 0.005019138101488352 0.00775197334587574 0.01110320258885622 0.01507037319242954 0.01964432932436466 0.02483970299363136 0.03071841411292553 0.03722589462995529 0.0443401150405407 0.05207950249314308 0.0603523775935173 0.06913060694932938 0.0784667581319809 0.08831930905580521 0.09878654778003693 0.1097951456904411 0.1212400048971176 0.1330370306968689 0.145178884267807 0.1576377749443054 0.1704564392566681 0.1836199313402176 0.1971042901277542 0.2109246551990509 0.2250286191701889 0.2382632941007614 0.2483455240726471 0.2537873685359955 0.2535610795021057 0.2469668835401535 0.2346185445785522 0.2228876203298569 0.2117432355880737 0.2011560797691345 0.1910982728004456 0.1815433651208878 0.1724662035703659 0.1638428866863251 0.1556507349014282 0.1478682011365891 0.140474796295166 0.13345105946064 0.1267785131931305 0.1204395890235901 0.1144176125526428 0.1086967289447784 0.1032618954777718 0.09809879958629608 0.09319385886192322 0.0885341688990593 0.08410745859146118 0.07990208268165588 0.07590697705745697 0.07211162894964218 0.06850604712963104 0.06508074700832367 0.06182670965790749 0.05873537436127663 0.05579860508441925 0.05300867557525635 0.05035824328660965 0.04784033074975014 0.04544831439852715 0.04317589849233627 0.04101710394024849 0.03896624967455864 0.03701793774962425 0.03516704216599464 0.03340869024395943 0.03173825517296791 0.03015134297311306 0.02864377573132515 0.02721158787608147 0.02585100755095482 0.02455845661461353 0.02333053387701511 0.02216400764882565 0.02105580642819405 0.02000301703810692 0.01900286599993706 0.01805272325873375 0.01715008728206158 0.01629258319735527 0.01547795441001654 0.01470405701547861 0.01396885421127081 0.01327041164040565 0.01260689087212086 0.01197654660791159 0.01137771923094988 0.01080883294343948 0.01026839111000299 0.009754971601068974 0.009267223067581654 0.008803862147033215 0.00836366880685091 0.007945485413074493 0.007548211142420769 0.00717080058529973 0.006812260486185551 0.006471647415310144 0.006148064974695444 0.005840661935508251 0.005548628978431225 0.00527119729667902 0.005007637664675713 0.004757255781441927 0.00451939320191741 0.004293423611670732 0.004078752361238003 0.00387481483630836 0.003681074129417539 0.003497020341455936 0.003322169417515397 0.003156061051413417 0.002998257987201214 0.002848345087841153 0.002705927938222885 0.002570631448179483 0.002442099852487445 0.00231999484822154 0.002203995129093528 0.002093795454129577 0.001989105716347694 0.001889650477096438 0.00179516791831702 0.001705409493297338 0.001620138995349407 0.001539132092148066 0.001462175510823727 0.001389066688716412 0.001319613307714462 0.00125363259576261 0.001190950977616012 0.001131403376348317 0.001074833213351667 0.001021091593429446 0.0009700370137579739 0.0009215351892635226 0.0008754584123380482 0.0008316854946315289 0.0007901012431830168 0.0007505961693823338 0.0007130663725547493 0.0006774130742996931 0.0006435424438677728 0.0006113653071224689 0.0005807970301248133 0.0005517571698874235 0.0005241692997515202 0.0004979608347639441 0.000473062798846513 0.0004494096501730382 0.0004269391647540033 0.0004055922036059201 0.0003853125963360071 0.0003660469665192068 0.0003477446152828634 0.0003303573757875711 0.0003138394968118519 0.0002981475263368338 0.0002832401369232684 0.0002690781257115304 0.0002556242106948048 0.0002428430016152561 0.0002307008544448763 0.000219165813177824 0.0002082075225189328 0.0001977971405722201 0.000187907280633226 0.0001785119238775223 0.0001695863320492208 0.0001611070183571428 0.0001530516601633281 0.000145399069879204 0.0001381291222060099 0.0001312226668233052 0.0001246615283889696 0.0001184284483315423 0.000112507026642561 0.000106881678220816 0.0001015375964925624 9.64607170317322e-05 9.163768118014559e-05 8.705579966772348e-05 8.270300895674154e-05 7.856785668991506e-05 7.463946531061083e-05 7.09074956830591e-05 6.73621179885231e-05 6.399401172529906e-05 6.079431113903411e-05 5.775459430878982e-05 5.486686495714821e-05 5.212352334638126e-05 4.95173480885569e-05 4.704148159362376e-05 4.468940824153833e-05 4.245493619237095e-05 4.033219011034817e-05 3.831558206002228e-05 3.639980423031375e-05 3.457981438259594e-05 3.285082493675873e-05 3.120828478131443e-05 2.964787017845083e-05 2.816547748807352e-05 2.675720315892249e-05 2.541934372857213e-05 2.414837581454776e-05 2.294095611432567e-05 2.179390867240727e-05 2.070421396638267e-05 1.966900344996247e-05 1.868555409600958e-05 1.775127566361334e-05 1.686371251707897e-05 1.60205272550229e-05 1.521950071037281e-05 1.44585255839047e-05 1.373559916828526e-05 1.304881880059838e-05 1.239637822436634e-05 1.17765594040975e-05 1.118773161579156e-05 1.062834508047672e-05 1.00969282357255e-05 9.592082278686576e-06 9.112478437600657e-06 8.656854333821684e-06 8.224011253332719e-06 7.812810508767143e-06 7.422169801429845e-06 7.051061402307823e-06 6.698508514091372e-06 6.363582997437334e-06 6.04540400672704e-06 5.743133897340158e-06 5.455977316159988e-06 5.183178473089356e-06 4.924019776808564e-06 4.67781865154393e-06 4.443927537067793e-06 4.221731160214404e-06 4.010644715890521e-06 3.810112502833363e-06 3.619606786742224e-06 3.438626436036429e-06 3.266695102865924e-06 3.103360313616577e-06 2.948192332041799e-06 2.800782795020496e-06 2.660743575688684e-06 2.527706328692148e-06 2.401321125944378e-06 2.281255092384527e-06 2.167192405977403e-06 2.058832706097746e-06 1.955891093530226e-06 1.858096538853715e-06 1.765191655067611e-06 1.676932015470811e-06 1.593085471540689e-06 1.51343124343839e-06 1.437759692635154e-06 1.365871753478132e-06 1.297578137382516e-06 1.232699219144706e-06 1.171064241134445e-06 1.112510972234304e-06 1.05688536677917e-06 1.004041109808895e-06 9.538390486341086e-07 9.061470791493775e-07
 0 0 0 0 0 0 0 0 0 0 0 0 0 0 0 0 0 0 0 0 0 0 0 0 0 0 0 0 0 0 0 0 0 0 0 0 0 0 0 0 0 0 0 0 0 0 0 0 0 0 0 0 0 0 0 0 0 0 0 0 0 0 0 0 0 0 0 0 0 0 0 0 0 0 0 0 0 0 0 0 0 0 0 0 0 0 0 0 0 0 0 0 0 0 0 0 0 0 0 0 0 0 0 0 0 0 0 0 0 0 0 0 0 0 0 0 0 0 0 0 0 0 0 0 0 0 0 0 0 0 0 0 0 0 0 0 0 0 0 0 0 0 0 0 0 0 0 0 0 0 0 0 0 0 0 0 0 0 0 0 0 0 0 0 0 0 0 0 0 0 0 0 0 0 0 0 0 0 0 0 0 0 0 0 0 0 0 0 0 0 0 0 0 0 0 0 0 0 0 0 0 0 0 0 0 0 0 0 0 0 0 0 0 0 0 0 0 0 0 0 0 0 0 0 0 0 0 0 0 0 0 0 0 0 0 0 0 0 0 0 0 0 0 0 0 0 0 0 0 0 0 0 0 0 0 0 0 0 0 0 0 0 0 0 0 0 0 0 0 0 0 0 0 0 0 0 0 0 0 0 0 0 0 0 0 0 0 0 0 0 0 0 0 0 0 0 0 0 0 0 0 0 0 0 0 0 0 0 0 0 0 0 0 0 0 0 0 0 0 0 0 0 0 0 0 0 0 0 0 0 0 0 0 0 0 0 0 0 0 0 0 0 0 0 0 0 0 0 0 0 0 0 0 0 0 0 0 0 0 0 0 0 0 0 0 0 0 0 0 0 0 0 0 0 0 0 0 0 0 0 0 0 0 0 0 0 0 0 0 0 0 0 0 0 0 0 0 0 0 0 0 0 0 0 0 0 0 0 0 0 0 0 0 0 0 0 0 0 0 0 0 0 0 0 0 0 0 0 0 0 0 0 0 0 0 0 0 0 0 0 0 0 0 0 0 0 0 0 0 0 0 0 0 0 0 0 0 0 0 0 0 0 0 0 0 0 0 0 0 0 0 0 0 0 0 0 0 0 0 0 0 0 0 0 0 0 0 0 0 0 0 0 0 0 0 0 0 0 0 0 0 0 0 0 0 0 0 0 0 0 0 0 0 0 0 0 0 0 0 0 0 0 0 0 0 0 0 0 0 0 0 0 0 0 0 0 0 0 0 0 0 0 0 0 0 0 0 0 0 0 0 0 0 0 0 0 0 0 0 0 0 0 0 0 0 0 0 0 0 0 0 0 0 0 0 0 0 0 0 0 0 0 0 0 0 0 0 0 0 0 0 0 0 0 0 0 0 0 0 0
 0 0 0 0 0 0 0 0 0 0 0 0 0 0 0 0 0 0 0 0 0 0 0 0 0 0 0 0 0 0 0 0 0 0 0 0 0 0 0 0 0 0 0 0 0 0 0 0 0 0 0 0 0 0 0 0 0 0 0 0 0 0 0 0 0 0 0 0 0 0 0 0 0 0 0 0 0 0 0 0 0 0 0 0 0 0 0 0 0 0 0 0 0 0 0 0 0 0 0 0 0 0 0 0 0 0 0 0 0 0 0 0 0 0 0 0 0 0 0 0 0 0 0 0 0 0 0 0 0 0 0 0 0 0 0 0 0 0 0 0 0 0 0 0 0 0 0 0 0 0 0 0 0 0 0 0 0 0 0 0 0 0 0 0 0 0 0 0 0 0 0 0 0 0 0 0 0 0 0 0 0 0 0 0 0 0 0 0 0 0 0 0 0 0 0 0 0 0 0 0 0 0 0 0 0 0 0 0 0 0 0 0 0 0 0 0 0 0 0 0 0 0 0 0 0 0 0 0 0 0 0 0 0 0 0 0 0 0 0 0 0 0 0 0 0 0 0 0 0 0 0 0 0 0 0 0 0 0 0 0 0 0 0 0 0 0 0 0 0 0 0 0 0 0 0 0 0 0 0 0 0 0 0 0 0 0 0 0 0 0 0 0 0 0 0 0 0 0 0 0 0 0 0 0 0 0 0 0 0 0 0 0 0 0 0 0 0 0 0 0 0 0 0 0 0 0 0 0 0 0 0 0 0 0 0 0 0 0 0 0 0 0 0 0 0 0 0 0 0 0 0 0 0 0 0 0 0 0 0 0 0 0 0 0 0 0 0 0 0 0 0 0 0 0 0 0 0 0 0 0 0 0 0 0 0 0 0 0 0 0 0 0 0 0 0 0 0 0 0 0 0 0 0 0 0 0 0 0 0 0 0 0 0 0 0 0 0 0 0 0 0 0 0 0 0 0 0 0 0 0 0 0 0 0 0 0 0 0 0 0 0 0 0 0 0 0 0 0 0 0 0 0 0 0 0 0 0 0 0 0 0 0 0 0 0 0 0 0 0 0 0 0 0 0 0 0 0 0 0 0 0 0 0 0 0 0 0 0 0 0 0 0 0 0 0 0 0 0 0 0 0 0 0 0 0 0 0 0 0 0 0 0 0 0 0 0 0 0 0 0 0 0 0 0 0 0 0 0 0 0 0 0 0 0 0 0 0 0 0 0 0 0 0 0 0 0 0 0 0 0 0 0 0 0 0 0 0 0 0 0 0 0 0 0 0 0 0 0 0 0 0 0 0 0 0 0 0 0 0 0 0 0 0 0 0 0 0 0 0 0 0 0 0 0 0 0 0 0 0 0
 0 0 0 0 0 0 0 0 0 0 0 0 0 0 0 0 0 0 0 0 0 0 0 0 0 0 0 0 0 0 0 0 0 0 0 0 0 0 0 0 0 0 0 0 0 0 0 0 0 0 0 0 0 0 0 0 0 0 0 0 0 0 0 0 0 0 0 0 0 0 0 0 0 0 0 0 0 0 0 0 0 0 0 0 0 0 0 0 0 0 0 0 0 0 0 0 0 0 0 0 0 0 0 0 0 0 0 0 0 0 0 0 0 0 0 0 0 0 0 0 0 0 0 0 0 0 0 0 0 0 0 0 0 0 0 0 0 0 0 0 0 0 0 0 0 0 0 0 0 0 0 0 0 0 0 0 0 0 0 0 0 0 0 0 0 0 0 0 0 0 0 0 0 0 0 0 0 0 0 0 0 0 0 0 0 0 0 0 0 0 0 0 0 0 0 0 0 0 0 0 0 0 0 0 0 0 0 0 0 0 0 0 0 0 0 0 0 0 0 0 0 0 0 0 0 0 0 0 0 0 0 0 0 0 0 0 0 0 0 0 0 0 0 0 0 0 0 0 0 0 0 0 0 0 0 0 0 0 0 0 0 0 0 0 0 0 0 0 0 0 0 0 0 0 0 0 0 0 0 0 0 0 0 0 0 0 0 0 0 0 0 0 0 0 0 0 0 0 0 0 0 0 0 0 0 0 0 0 0 0 0 0 0 0 0 0 0 0 0 0 0 0 0 0 0 0 0 0 0 0 0 0 0 0 0 0 0 0 0 0 0 0 0 0 0 0 0 0 0 0 0 0 0 0 0 0 0 0 0 0 0 0 0 0 0 0 0 0 0 0 0 0 0 0 0 0 0 0 0 0 0 0 0 0 0 0 0 0 0 0 0 0 0 0 0 0 0 0 0 0 0 0 0 0 0 0 0 0 0 0 0 0 0 0 0 0 0 0 0 0 0 0 0 0 0 0 0 0 0 0 0 0 0 0 0 0 0 0 0 0 0 0 0 0 0 0 0 0 0 0 0 0 0 0 0 0 0 0 0 0 0 0 0 0 0 0 0 0 0 0 0 0 0 0 0 0 0 0 0 0 0 0 0 0 0 0 0 0 0 0 0 0 0 0 0 0 0 0 0 0 0 0 0 0 0 0 0 0 0 0 0 0 0 0 0 0 0 0 0 0 0 0 0 0 0 0 0 0 0 0 0 0 0 0 0 0 0 0 0 0 0 0 0 0 0 0 0 0 0 0 0 0 0 0 0 0 0 0 0 0 0 0 0 0 0 0 0 0 0 0 0 0 0 0 0 0 0 0 0 0 0 0 0 0 0 0 0 0 0 0 0 0 0 0 0 0 0 0 0 0
 0 0 0 0 0 0 0 0 0 0 0 0 0 0 0 0 0 0 0 0 0 0 0 0 0 0 0 0 0 0 0 0 0 0 0 0 0 0 0 0 0 0 0 0 0 0 0 0 0 0 0 0 0 0 0 0 0 0 0 0 0 0 0 0 0 0 0 0 0 0 0 0 0 0 0 0 0 0 0 0 0 0 0 0 0 0 0 0 0 0 0 0 0 0 0 0 0 0 0 0 0 0 0 0 0 0 0 0 0 0 0 0 0 0 0 0 0 0 0 0 0 0 0 0 0 0 0 0 0 0 0 0 0 0 0 0 0 0 0 0 0 0 0 0 0 0 0 0 0 0 0 0 0 0 0 0 0 0 0 0 0 0 0 0 0 0 0 0 0 0 0 0 0 0 0 0 0 0 0 0 0 0 0 0 0 0 0 0 0 0 0 0 0 0 0 0 0 0 0 0 0 0 0 0 0 0 0 0 0 0 0 0 0 0 0 0 0 0 0 0 0 0 0 0 0 0 0 0 0 0 0 0 0 0 0 0 0 0 0 0 0 0 0 0 0 0 0 0 0 0 0 0 0 0 0 0 0 0 0 0 0 0 0 0 0 0 0 0 0 0 0 0 0 0 0 0 0 0 0 0 0 0 0 0 0 0 0 0 0 0 0 0 0 0 0 0 0 0 0 0 0 0 0 0 0 0 0 0 0 0 0 0 0 0 0 0 0 0 0 0 0 0 0 1.701305518508889e-05 0.0006581650814041495 0.001907196012325585 0.00383351743221283 0.00641248282045126 0.009638242423534393 0.01351574994623661 0.01802528463304043 0.02321457117795944 0.02908265218138695 0.03564271703362465 0.04287480190396309 0.05075138062238693 0.05923690274357796 0.06828217208385468 0.07788602262735367 0.08799106627702713 0.09851863980293274 0.1094384044408798 0.1207917630672455 0.1325465589761734 0.1446943134069443 0.1571853458881378 0.1700251251459122 0.1832064241170883 0.1966992318630219 0.210418313741684 0.2243833690881729 0.2379703521728516 0.2488035708665848 0.2552255392074585 0.2561198174953461 0.2507464289665222 0.238554835319519 0.2266270965337753 0.215295746922493 0.2045309543609619 0.1943044066429138 0.1845891922712326 0.1753597259521484 0.1665917336940765 0.1582621484994888 0.150349035859108 0.1428315788507462 0.1356900036334991 0.1289055049419403 0.1224602311849594 0.1163372173905373 0.1105203554034233 0.1049943342804909 0.09974461793899536 0.09475738555192947 0.09001951664686203 0.08551853895187378 0.08124261349439621 0.07718048244714737 0.07332146167755127 0.06965538859367371 0.06617262214422226 0.06286399066448212 0.05972079187631607 0.05673475190997124 0.05389801412820816 0.05120311304926872 0.04864295572042465 0.04621080681681633 0.043900266289711 0.04170525446534157 0.03961999341845512 0.03763899207115173 0.03575704246759415 0.03396918997168541 0.03227072954177856 0.03065719269216061 0.02912433259189129 0.02766811661422253 0.0262847114354372 0.02497047558426857 0.02372195199131966 0.02253585495054722 0.02140906266868114 0.02033860981464386 0.01932168006896973 0.0183555968105793 0.01743781752884388 0.01656592637300491 0.0157376304268837 0.01495074853301048 0.01420321129262447 0.01349305082112551 0.01281839795410633 0.0121774785220623 0.01156860496848822 0.01099017448723316 0.01044066622853279 0.009918632917106152 0.009422700852155685 0.008951566182076931 0.008503987453877926 0.008078788407146931 0.00767484912648797 0.007291106507182121 0.0069265509955585 0.006580223329365253 0.00625121220946312 0.005938651505857706 0.005641718860715628 0.005359632894396782 0.0050916513428092 0.004837068729102612 0.004595215432345867 0.00436545442789793 0.004147181753069162 0.003939822781831026 0.003742831759154797 0.003555690171197057 0.003377905581146479 0.003209010232239962 0.00304855965077877 0.002896131714805961 0.002751325024291873 0.00261375866830349 0.002483070828020573 0.002358917379751801 0.002240971429273486 0.00212892284616828 0.002022476634010673 0.001921352813951671 0.001825285144150257 0.001734020886942744 0.001647319877520204 0.001564953941851854 0.001486706198193133 0.001412370940670371 0.001341752358712256 0.001274664769880474 0.001210931572131813 0.00115038501098752 0.001092865713872015 0.001038222457282245 0.0009863113518804312 0.0009369957842864096 0.0008901460096240044 0.0008456386858597398 0.0008033567573875189 0.0007631889311596751 0.0007250295020639896 0.0006887780036777258 0.0006543390918523073 0.000621622137259692 0.0005905410507693887 0.0005610139924101532 0.0005329633131623268 0.0005063151475042105 0.0004809993843082339 0.0004569494049064815 0.0004341019375715405 0.0004123968537896872 0.000391777022741735 0.0003721881657838821 0.0003535787691362202 0.0003358998219482601 0.0003191048162989318 0.0003031495725736022 0.0002879920939449221 0.0002735924790613353 0.0002599128638394177 0.0002469172177370638 0.0002345713583054021 0.0002228427911177278 0.0002117006515618414 0.0002011156175285578 0.0001910598366521299 0.0001815068389987573 0.0001724314934108406 0.0001638099201954901 0.0001556194183649495 0.0001478384510846809 0.0001404465292580426 0.0001334241969743744 0.0001267529878532514 0.0001204153377329931 0.0001143945701187477 0.0001086748379748315 0.0001032410946208984 9.807904280023649e-05 9.317509102402255e-05 8.851633901940659e-05 8.409051952185109e-05 7.988599099917337e-05 7.589169399579987e-05 7.209710747702047e-05 6.849224882898852e-05 6.506763747893274e-05 6.181425851536915e-05 5.872354449820705e-05 5.57873681827914e-05 5.299799886415713e-05 5.034809873905033e-05 4.783069380209781e-05 4.543915929389186e-05 4.316720151109621e-05 4.1008839616552e-05 3.895839836332016e-05 3.701047899085097e-05 3.515995558700524e-05 3.340195689816028e-05 3.173185905325226e-05 3.014526555489283e-05 2.863800182240084e-05 2.720610245887656e-05 2.584579669928644e-05 2.455350659147371e-05 2.332583062525373e-05 2.215953827544581e-05 2.105156090692617e-05 1.999898267968092e-05 1.899903327284846e-05 1.804908242775127e-05 1.714662903395947e-05 1.628929749131203e-05 1.547483225294854e-05 1.470109054935165e-05 1.396603602188407e-05 1.326773417531513e-05 1.260434783034725e-05 1.197413075715303e-05 1.137542403739644e-05 1.0806652426254e-05 1.02663198049413e-05 9.753003723744769e-06 9.265353583032265e-06 8.802086085779592e-06 8.361981599591672e-06 7.943882337713148e-06 7.546688266302226e-06 7.169353921199217e-06 6.810886134189786e-06 6.470341759268194e-06 6.146824489405844e-06 5.839483492309228e-06 5.547509317693766e-06 5.270133897283813e-06 5.006627361581195e-06 4.756296220875811e-06 4.518481546256226e-06 4.29255760536762e-06 4.077929588675033e-06 3.874033154716017e-06 3.680331474242848e-06 3.49631500284886e-06 3.321499207231682e-06 3.155424337819568e-06 2.997653155034641e-06 2.847770474545541e-06 2.705382030399051e-06 2.570112883404363e-06 2.44160719375941e-06 2.319526856808807e-06 2.203550593549153e-06 2.093373041134328e-06 1.988704298128141e-06 1.889269128696469e-06 1.794805712052039e-06 1.705065415080753e-06 1.619812110220664e-06 1.538821493340947e-06 1.461880401620874e-06 1.388786358802463e-06 1.319347006756288e-06 1.253379650734132e-06 1.190710690934793e-06 1.131175167756737e-06 1.074616420737584e-06 1.020885633806756e-06 9.698413805381279e-07 9.21349283089512e-07
 0 0 0 0 0 0 0 0 0 0 0 0 0 0 0 0 0 0 0 0 0 0 0 0 0 0 0 0 0 0 0 0 0 0 0 0 0 0 0 0 0 0 0 0 0 0 0 0 0 0 0 0 0 0 0 0 0 0 0 0 0 0 0 0 0 0 0 0 0 0 0 0 0 0 0 0 0 0 0 0 0 0 0 0 0 0 0 0 0 0 0 0 0 0 0 0 0 0 0 0 0 0 0 0 0 0 0 0 0 0 0 0 0 0 0 0 0 0 0 0 0 0 0 0 0 0 0 0 0 0 0 0 0 0 0 0 0 0 0 0 0 0 0 0 0 0 0 0 0 0 0 0 0 0 0 0 0 0 0 0 0 0 0 0 0 0 0 0 0 0 0 0 0 0 0 0 0 0 0 0 0 0 0 0 0 0 0 0 0 0 0 0 0 0 0 0 0 0 0 0 0 0 0 0 0 0 0 0 0 0 0 0 0 0 0 0 0 0 0 0 0 0 0 0 0 0 0 0 0 0 0 0 0 0 0 0 0 0 0 0 0 0 0 0 0 0 0 0 0 0 0 0 0 0 0 0 0 0 0 0 0 0 0 0 0 0 0 0 0 0 0 0 0 0 0 0 0 0 0 0 0 0 0 0 0 0 0 0 0 0 0 0 0 0 0 0 0 0 0 0 0 0 0 0 0 0 0 0 0 0 0 0 0 0 0 0 0 0 0 0 0 0 0 0 0 0 0 0 0 0 0 0 0 0 0 0 0 0 0 0 0 0 0 0 0 0 0 0 0 0 0 0 0 0 0 0 0 0 0 0 0 0 0 0 0 0 0 0 0 0 0 0 0 0 0 0 0 0 0 0 0 0 0 0 0 0 0 0 0 0 0 0 0 0 0 0 0 0 0 0 0 0 0 0 0 0 0 0 0 0 0 0 0 0 0 0 0 0 0 0 0 0 0 0 0 0 0 0 0 0 0 0 0 0 0 0 0 0 0 0 0 0 0 0 0 0 0 0 0 0 0 0 0 0 0 0 0 0 0 0 0 0 0 0 0 0 0 0 0 0 0 0 0 0 0 0 0 0 0 0 0 0 0 0 0 0 0 0 0 0 0 0 0 0 0 0 0 0 0 0 0 0 0 0 0 0 0 0 0 0 0 0 0 0 0 0 0 0 0 0 0 0 0 0 0 0 0 0 0 0 0 0 0 0 0 0 0 0 0 0 0 0 0 0 0 0 0 0 0 0 0 0 0 0 0 0 0 0 0 0 0 0 0 0 0 0 0 0 0 0 0 0 0 0 0 0 0 0 0 0 0 0 0 0 0 0 0 0 0 0 0 0 0 0 0 0 0 0 0 0
 0 0 0 0 0 0 0 0 0 0 0 0 0 0 0 0 0 0 0 0 0 0 0 0 0 0 0 0 0 0 0 0 0 0 0 0 0 0 0 0 0 0 0 0 0 0 0 0 0 0 0 0 0 0 0 0 0 0 0 0 0 0 0 0 0 0 0 0 0 0 0 0 0 0 0 0 0 0 0 0 0 0 0 0 0 0 0 0 0 0 0 0 0 0 0 0 0 0 0 0 0 0 0 0 0 0 0 0 0 0 0 0 0 0 0 0 0 0 0 0 0 0 0 0 0 0 0 0 0 0 0 0 0 0 0 0 0 0 0 0 0 0 0 0 0 0 0 0 0 0 0 0 0 0 0 0 0 0 0 0 0 0 0 0 0 0 0 0 0 0 0 0 0 0 0 0 0 0 0 0 0 0 0 0 0 0 0 0 0 0 0 0 0 0 0 0 0 0 0 0 0 0 0 0 0 0 0 0 0 0 0 0 0 0 0 0 0 0 0 0 0 0 0 0 0 0 0 0 0 0 0 0 0 0 0 0 0 0 0 0 0 0 0 0 0 0 0 0 0 0 0 0 0 0 0 0 0 0 0 0 0 0 0 0 0 0 0 0 0 0 0 0 0 0 0 0 0 0 0 0 0 0 0 0 0 0 0 0 0 0 0 0 0 0 0 0 0 0 0 0 0 0 0 0 0 0 0 0 0 0 0 0 0 0 0 0 0 0 0 0 0 0 0 0 0 0 0 0 0 0 0 0 0 0 0 0 0 0 0 0 0 0 0 0 0 0 0 0 0 0 0 0 0 0 0 0 0 0 0 0 0 0 0 0 0 0 0 0 0 0 0 0 0 0 0 0 0 0 0 0 0 0 0 0 0 0 0 0 0 0 0 0 0 0 0 0 0 0 0 0 0 0 0 0 0 0 0 0 0 0 0 0 0 0 0 0 0 0 0 0 0 0 0 0 0 0 0 0 0 0 0 0 0 0 0 0 0 0 0 0 0 0 0 0 0 0 0 0 0 0 0 0 0 0 0 0 0 0 0 0 0 0 0 0 0 0 0 0 0 0 0 0 0 0 0 0 0 0 0 0 0 0 0 0 0 0 0 0 0 0 0 0 0 0 0 0 0 0 0 0 0 0 0 0 0 0 0 0 0 0 0 0 0 0 0 0 0 0 0 0 0 0 0 0 0 0 0 0 0 0 0 0 0 0 0 0 0 0 0 0 0 0 0 0 0 0 0 0 0 0 0 0 0 0 0 0 0 0 0 0 0 0 0 0 0 0 0 0 0 0 0 0 0 0 0 0 0 0 0 0 0 0 0 0 0 0 0 0 0 0 0 0 0 0 0 0 0 0 0 0
 0 0 0 0 0 0 0 0 0 0 0 0 0 0 0 0 0 0 0 0 0 0 0 0 0 0 0 0 0 0 0 0 0 0 0 0 0 0 0 0 0 0 0 0 0 0 0 0 0 0 0 0 0 0 0 0 0 0 0 0 0 0 0 0 0 0 0 0 0 0 0 0 0 0 0 0 0 0 0 0 0 0 0 0 0 0 0 0 0 0 0 0 0 0 0 0 0 0 0 0 0 0 0 0 0 0 0 0 0 0 0 0 0 0 0 0 0 0 0 0 0 0 0 0 0 0 0 0 0 0 0 0 0 0 0 0 0 0 0 0 0 0 0 0 0 0 0 0 0 0 0 0 0 0 0 0 0 0 0 0 0 0 0 0 0 0 0 0 0 0 0 0 0 0 0 0 0 0 0 0 0 0 0 0 0 0 0 0 0 0 0 0 0 0 0 0 0 0 0 0 0 0 0 0 0 0 0 0 0 0 0 0 0 0 0 0 0 0 0 0 0 0 0 0 0 0 0 0 0 0 0 0 0 0 0 0 0 0 0 0 0 0 0 0 0 0 0 0 0 0 0 0 0 0 0 0 0 0 0 0 0 0 0 0 0 0 0 0 0 0 0 0 0 0 0 0 0 0 0 0 0 0 0 0 0 0 0 0 0 0 0 0 0 0 0 0 0 0 0 0 0 0 0 0 0 0 0 0 0 0 0 0 0 0 0 0 0 0 0 0 0 0 0 0 0 0 0 0 0 0 0 0 0 0 0 0 0 0 0 0 0 0 0 0 0 0 0 0 0 0 0 0 0 0 0 0 0 0 0 0 0 0 0 0 0 0 0 0 0 0 0 0 0 0 0 0 0 0 0 0 0 0 0 0 0 0 0 0 0 0 0 0 0 0 0 0 0 0 0 0 0 0 0 0 0 0 0 0 0 0 0 0 0 0 0 0 0 0 0 0 0 0 0 0 0 0 0 0 0 0 0 0 0 0 0 0 0 0 0 0 0 0 0 0 0 0 0 0 0 0 0 0 0 0 0 0 0 0 0 0 0 0 0 0 0 0 0 0 0 0 0 0 0 0 0 0 0 0 0 0 0 0 0 0 0 0 0 0 0 0 0 0 0 0 0 0 0 0 0 0 0 0 0 0 0 0 0 0 0 0 0 0 0 0 0 0 0 0 0 0 0 0 0 0 0 0 0 0 0 0 0 0 0 0 0 0 0 0 0 0 0 0 0 0 0 0 0 0 0 0 0 0 0 0 0 0 0 0 0 0 0 0 0 0 0 0 0 0 0 0 0 0 0 0 0 0 0 0 0 0 0 0 0 0 0 0 0 0 0 0 0 0 0 0 0 0 0 0 0 0
 0 0 0 0 0 0 0 0 0 0 0 0 0 0 0 0 0 0 0 0 0 0 0 0 0 0 0 0 0 0 0 0 0 0 0 0 0 0 0 0 0 0 0 0 0 0 0 0 0 0 0 0 0 0 0 0 0 0 0 0 0 0 0 0 0 0 0 0 0 0 0 0 0 0 0 0 0 0 0 0 0 0 0 0 0 0 0 0 0 0 0 0 0 0 0 0 0 0 0 0 0 0 0 0 0 0 0 0 0 0 0 0 0 0 0 0 0 0 0 0 0 0 0 0 0 0 0 0 0 0 0 0 0 0 0 0 0 0 0 0 0 0 0 0 0 0 0 0 0 0 0 0 0 0 0 0 0 0 0 0 0 0 0 0 0 0 0 0 0 0 0 0 0 0 0 0 0 0 0 0 0 0 0 0 0 0 0 0 0 0 0 0 0 0 0 0 0 0 0 0 0 0 0 0 0 0 0 0 0 0 0 0 0 0 0 0 0 0 0 0 0 0 0 0 0 0 0 0 0 0 0 0 0 0 0 0 0 0 0 0 0 0 0 0 0 0 0 0 0 0 0 0 0 0 0 0 0 0 0 0 0 0 0 0 0 0 0 0 0 0 0 0 0 0 0 0 0 0 0 0 0 0 0 0 0 0 0 0 0 0 0 0 0 0 0 0 0 0 0 0 0 0 0 0 0 0 0 0 0 0 0 0 0 0 0 0 0 0 0 0 0 0 0 0 2.719941903706058e-06 0.000646008993498981 0.00190418295096606 0.003791765309870243 0.006351021118462086 0.009577619843184948 0.01350113935768604 0.01812459342181683 0.02344105020165443 0.02943859621882439 0.03608737885951996 0.04336890578269958 0.05129585415124893 0.05987110361456871 0.06903107464313507 0.07879886031150818 0.08914811909198761 0.1000211834907532 0.1113036274909973 0.1229642704129219 0.1351179480552673 0.1477981507778168 0.1610020697116852 0.174670547246933 0.1887255609035492 0.2031886130571365 0.2179684638977051 0.2330436855554581 0.2474561333656311 0.2587811946868896 0.2653598189353943 0.2661106288433075 0.2603646218776703 0.2475616484880447 0.2351835668087006 0.2234243899583817 0.2122531682252884 0.2016405165195465 0.1915584951639175 0.1819805651903152 0.172881543636322 0.1642374694347382 0.1560255885124207 0.1482243090867996 0.1408130973577499 0.1337724477052689 0.1270838230848312 0.1207296326756477 0.1146931499242783 0.1089584901928902 0.1035105660557747 0.09833503514528275 0.09341828525066376 0.08874736726284027 0.08430999517440796 0.08009449392557144 0.0760897696018219 0.07228527963161469 0.06867101788520813 0.06523746997117996 0.06197559833526611 0.05887681990861893 0.05593298003077507 0.05313633009791374 0.05047951266169548 0.04795553535223007 0.04555775970220566 0.04327987134456635 0.04111587628722191 0.0390600822865963 0.03710707649588585 0.03525172173976898 0.03348913416266441 0.03181467577815056 0.03022394143044949 0.02871274389326572 0.02727710641920567 0.02591325156390667 0.02461758814752102 0.02338670939207077 0.02221737429499626 0.02110650576651096 0.02005118131637573 0.01904862187802792 0.0180961899459362 0.01719138026237488 0.01633181050419807 0.0155152203515172 0.01473945938050747 0.01400248613208532 0.01330236159265041 0.01263724360615015 0.01200538128614426 0.01140511222183704 0.01083485689014196 0.01029311399906874 0.009778458625078201 0.009289535693824291 0.008825059048831463 0.008383805863559246 0.00796461571007967 0.007566384971141815 0.007188065908849239 0.006828662473708391 0.006487229373306036 0.00616286788135767 0.005854724440723658 0.005561988335102797 0.005283888895064592 0.005019694566726685 0.004768709652125835 0.00453027430921793 0.004303760826587677 0.004088572692126036 0.003884144127368927 0.003689936827868223 0.003505439963191748 0.003330167848616838 0.003163659479469061 0.003005476435646415 0.002855202648788691 0.00271244253963232 0.002576820319518447 0.002447979291900992 0.002325580222532153 0.002209301106631756 0.002098836004734039 0.00199389411136508 0.001894199405796826 0.001799489487893879 0.001709514996036887 0.001624039257876575 0.001542837242595851 0.001465695328079164 0.001392410602420568 0.001322790049016476 0.001256650546565652 0.001193818054161966 0.001134127145633101 0.001077420776709914 0.001023549702949822 0.0009723722469061613 0.0009237536578439176 0.000877565995324403 0.0008336877217516303 0.0007920033531263471 0.0007524031680077314 0.0007147830328904092 0.0006790438783355057 0.0006450916989706457 0.000612837087828666 0.0005821952363476157 0.0005530854687094688 0.0005254311836324632 0.000499159621540457 0.000474201631732285 0.0004504915559664369 0.0004279669665265828 0.000406568608013913 0.0003862401645164937 0.0003669281431939453 0.0003485817287582904 0.0003311526379548013 0.0003145950031466782 0.0002988652558997273 0.0002839219814632088 0.000269725889666006 0.000256239582085982 0.0002434276102576405 0.0002312562282895669 0.0002196934219682589 0.0002087087486870587 0.0001982733083423227 0.000188359641470015 0.0001789416564861313 0.0001699945714790374 0.000161494841449894 0.0001534201001049951 0.0001457491016481072 0.0001384616480208933 0.0001315385597990826 0.0001249616325367242 0.0001187135494546965 0.0001127778741647489 0.0001071389779099263 0.0001017820322886109 9.669292921898887e-05 9.185828093905002e-05 8.72653690748848e-05 8.290210098493844e-05 7.875699520809576e-05 7.481914508389309e-05 7.107818964868784e-05 6.75242772558704e-05 6.414806557586417e-05 6.09406633884646e-05 5.789363058283925e-05 5.499894905369729e-05 5.224900087341666e-05 4.963655010215007e-05 4.71547209599521e-05 4.479698327486403e-05 4.255713429301977e-05 4.042927685077302e-05 3.840781209873967e-05 3.648742131190374e-05 3.46630513377022e-05 3.292990004410967e-05 3.128340540570207e-05 2.971923458972014e-05 2.823327304213308e-05 2.682160993572325e-05 2.54805290751392e-05 2.420650343992747e-05 2.299617881362792e-05 2.184637014579494e-05 2.075405245705042e-05 1.971634992514737e-05 1.873053224699106e-05 1.779400554369204e-05 1.69043050846085e-05 1.605908983037807e-05 1.525613515696023e-05 1.449332830816275e-05 1.376866202917881e-05 1.308022910961881e-05 1.242621783603681e-05 1.180490653496236e-05 1.121466084441636e-05 1.065392825694289e-05 1.012123175314628e-05 9.615169801691081e-06 9.134410902333912e-06 8.6776899479446e-06 8.243805496022105e-06 7.831615221221e-06 7.44003455110942e-06 7.068033028190257e-06 6.714631581417052e-06 6.378899797709892e-06 6.059955012460705e-06 5.756957307312405e-06 5.469109510158887e-06 5.195654011913575e-06 4.935871402267367e-06 4.689077741204528e-06 4.454623649507994e-06 4.231892489769962e-06 4.020297637907788e-06 3.819282937911339e-06 3.628318836490507e-06 3.446902837822563e-06 3.274557684562751e-06 3.110829766228562e-06 2.955288209705031e-06 2.807523742376361e-06 2.667147555257543e-06 2.533790166125982e-06 2.407100737400469e-06 2.28674571189913e-06 2.172408358092071e-06 2.063787860606681e-06 1.960598410732928e-06 1.862568524302333e-06 1.769440132193267e-06 1.680968125583604e-06 1.596919673829689e-06 1.517073656032153e-06 1.441219978914887e-06 1.369159008390852e-06 1.300701114814728e-06 1.235666104548727e-06 1.173882765215239e-06 1.115188638323161e-06 1.059429223460029e-06 1.006457750918344e-06
 0 0 0 0 0 0 0 0 0 0 0 0 0 0 0 0 0 0 0 0 0 0 0 0 0 0 0 0 0 0 0 0 0 0 0 0 0 0 0 0 0 0 0 0 0 0 0 0 0 0 0 0 0 0 0 0 0 0 0 0 0 0 0 0 0 0 0 0 0 0 0 0 0 0 0 0 0 0 0 0 0 0 0 0 0 0 0 0 0 0 0 0 0 0 0 0 0 0 0 0 0 0 0 0 0 0 0 0 0 0 0 0 0 0 0 0 0 0 0 0 0 0 0 0 0 0 0 0 0 0 0 0 0 0 0 0 0 0 0 0 0 0 0 0 0 0 0 0 0 0 0 0 0 0 0 0 0 0 0 0 0 0 0 0 0 0 0 0 0 0 0 0 0 0 0 0 0 0 0 0 0 0 0 0 0 0 0 0 0 0 0 0 0 0 0 0 0 0 0 0 0 0 0 0 0 0 0 0 0 0 0 0 0 0 0 0 0 0 0 0 0 0 0 0 0 0 0 0 0 0 0 0 0 0 0 0 0 0 0 0 0 0 0 0 0 0 0 0 0 0 0 0 0 0 0 0 0 0 0 0 0 0 0 0 0 0 0 0 0 0 0 0 0 0 0 0 0 0 0 0 0 0 0 0 0 0 0 0 0 0 0 0 0 0 0 0 0 0 0 0 0 0 0 0 0 0 0 0 0 0 0 0 0 0 0 0 0 0 0 0 0 0 0 0 0 0 0 0 0 0 0 0 0 0 0 0 0 0 0 0 0 0 0 0 0 0 0 0 0 0 0 0 0 0 0 0 0 0 0 0 0 0 0 0 0 0 0 0 0 0 0 0 0 0 0 0 0 0 0 0 0 0 0 0 0 0 0 0 0 0 0 0 0 0 0 0 0 0 0 0 0 0 0 0 0 0 0 0 0 0 0 0 0 0 0 0 0 0 0 0 0 0 0 0 0 0 0 0 0 0 0 0 0 0 0 0 0 0 0 0 0 0 0 0 0 0 0 0 0 0 0 0 0 0 0 0 0 0 0 0 0 0 0 0 0 0 0 0 0 0 0 0 0 0 0 0 0 0 0 0 0 0 0 0 0 0 0 0 0 0 0 0 0 0 0 0 0 0 0 0 0 0 0 0 0 0 0 0 0 0 0 0 0 0 0 0 0 0 0 0 0 0 0 0 0 0 0 0 0 0 0 0 0 0 0 0 0 0 0 0 0 0 0 0 0 0 0 0 0 0 0 0 0 0 0 0 0 0 0 0 0 0 0 0 0 0 0 0 0 0 0 0 0 0 0 0 0 0 0 0 0 0 0 0 0 0 0 0 0 0 0 0 0 0 0 0 0 0 0 0
 0 0 0 0 0 0 0 0 0 0 0 0 0 0 0 0 0 0 0 0 0 0 0 0 0 0 0 0 0 0 0 0 0 0 0 0 0 0 0 0 0 0 0 0 0 0 0 0 0 0 0 0 0 0 0 0 0 0 0 0 0 0 0 0 0 0 0 0 0 0 0 0 0 0 0 0 0 0 0 0 0 0 0 0 0 0 0 0 0 0 0 0 0 0 0 0 0 0 0 0 0 0 0 0 0 0 0 0 0 0 0 0 0 0 0 0 0 0 0 0 0 0 0 0 0 0 0 0 0 0 0 0 0 0 0 0 0 0 0 0 0 0 0 0 0 0 0 0 0 0 0 0 0 0 0 0 0 0 0 0 0 0 0 0 0 0 0 0 0 0 0 0 0 0 0 0 0 0 0 0 0 0 0 0 0 0 0 0 0 0 0 0 0 0 0 0 0 0 0 0 0 0 0 0 0 0 0 0 0 0 0 0 0 0 0 0 0 0 0 0 0 0 0 0 0 0 0 0 0 0 0 0 0 0 0 0 0 0 0 0 0 0 0 0 0 0 0 0 0 0 0 0 0 0 0 0 0 0 0 0 0 0 0 0 0 0 0 0 0 0 0 0 0 0 0 0 0 0 0 0 0 0 0 0 0 0 0 0 0 0 0 0 0 0 0 0 0 0 0 0 0 0 0 0 0 0 0 0 0 0 0 0 0 0 0 0 0 0 0 0 0 0 0 0 0 0 0 0 0 0 0 0 0 0 0 0 0 0 0 0 0 0 0 0 0 0 0 0 0 0 0 0 0 0 0 0 0 0 0 0 0 0 0 0 0 0 0 0 0 0 0 0 0 0 0 0 0 0 0 0 0 0 0 0 0 0 0 0 0 0 0 0 0 0 0 0 0 0 0 0 0 0 0 0 0 0 0 0 0 0 0 0 0 0 0 0 0 0 0 0 0 0 0 0 0 0 0 0 0 0 0 0 0 0 0 0 0 0 0 0 0 0 0 0 0 0 0 0 0 0 0 0 0 0 0 0 0 0 0 0 0 0 0 0 0 0 0 0 0 0 0 0 0 0 0 0 0 0 0 0 0 0 0 0 0 0 0 0 0 0 0 0 0 0 0 0 0 0 0 0 0 0 0 0 0 0 0 0 0 0 0 0 0 0 0 0 0 0 0 0 0 0 0 0 0 0 0 0 0 0 0 0 0 0 0 0 0 0 0 0 0 0 0 0 0 0 0 0 0 0 0 0 0 0 0 0 0 0 0 0 0 0 0 0 0 0 0 0 0 0 0 0 0 0 0 0 0 0 0 0 0 0 0 0 0 0 0 0 0 0 0 0 0 0 0 0 0 0 0 0
 0 0 0 0 0 0 0 0 0 0 0 0 0 0 0 0 0 0 0 0 0 0 0 0 0 0 0 0 0 0 0 0 0 0 0 0 0 0 0 0 0 0 0 0 0 0 0 0 0 0 0 0 0 0 0 0 0 0 0 0 0 0 0 0 0 0 0 0 0 0 0 0 0 0 0 0 0 0 0 0 0 0 0 0 0 0 0 0 0 0 0 0 0 0 0 0 0 0 0 0 0 0 0 0 0 0 0 0 0 0 0 0 0 0 0 0 0 0 0 0 0 0 0 0 0 0 0 0 0 0 0 0 0 0 0 0 0 0 0 0 0 0 0 0 0 0 0 0 0 0 0 0 0 0 0 0 0 0 0 0 0 0 0 0 0 0 0 0 0 0 0 0 0 0 0 0 0 0 0 0 0 0 0 0 0 0 0 0 0 0 0 0 0 0 0 0 0 0 0 0 0 0 0 0 0 0 0 0 0 0 0 0 0 0 0 0 0 0 0 0 0 0 0 0 0 0 0 0 0 0 0 0 0 0 0 0 0 0 0 0 0 0 0 0 0 0 0 0 0 0 0 0 0 0 0 0 0 0 0 0 0 0 0 0 0 0 0 0 0 0 0 0 0 0 0 0 0 0 0 0 0 0 0 0 0 0 0 0 0 0 0 0 0 0 0 0 0 0 0 0 0 0 0 0 0 0 0 0 0 0 0 0 0 0 0 0 0 0 0 0 0 0 0 0 0 0 0 0 0 0 0 0 0 0 0 0 0 0 0 0 0 0 0 0 0 0 0 0 0 0 0 0 0 0 0 0 0 0 0 0 0 0 0 0 0 0 0 0 0 0 0 0 0 0 0 0 0 0 0 0 0 0 0 0 0 0 0 0 0 0 0 0 0 0 0 0 0 0 0 0 0 0 0 0 0 0 0 0 0 0 0 0 0 0 0 0 0 0 0 0 0 0 0 0 0 0 0 0 0 0 0 0 0 0 0 0 0 0 0 0 0 0 0 0 0 0 0 0 0 0 0 0 0 0 0 0 0 0 0 0 0 0 0 0 0 0 0 0 0 0 0 0 0 0 0 0 0 0 0 0 0 0 0 0 0 0 0 0 0 0 0 0 0 0 0 0 0 0 0 0 0 0 0 0 0 0 0 0 0 0 0 0 0 0 0 0 0 0 0 0 0 0 0 0 0 0 0 0 0 0 0 0 0 0 0 0 0 0 0 0 0 0 0 0 0 0 0 0 0 0 0 0 0 0 0 0 0 0 0 0 0 0 0 0 0 0 0 0 0 0 0 0 0 0 0 0 0 0 0 0 0 0 0 0 0 0 0 0 0 0 0 0 0 0 0 0 0 0 0 0
 0 0 0 0 0 0 0 0 0 0 0 0 0 0 0 0 0 0 0 0 0 0 0 0 0 0 0 0 0 0 0 0 0 0 0 0 0 0 0 0 0 0 0 0 0 0 0 0 0 0 0 0 0 0 0 0 0 0 0 0 0 0 0 0 0 0 0 0 0 0 0 0 0 0 0 0 0 0 0 0 0 0 0 0 0 0 0 0 0 0 0 0 0 0 0 0 0 0 0 0 0 0 0 0 0 0 0 0 0 0 0 0 0 0 0 0 0 0 0 0 0 0 0 0 0 0 0 0 0 0 0 0 0 0 0 0 0 0 0 0 0 0 0 0 0 0 0 0 0 0 0 0 0 0 0 0 0 0 0 0 0 0 0 0 0 0 0 0 0 0 0 0 0 0 0 0 0 0 0 0 0 0 0 0 0 0 0 0 0 0 0 0 0 0 0 0 0 0 0 0 0 0 0 0 0 0 0 0 0 0 0 0 0 0 0 0 0 0 0 0 0 0 0 0 0 0 0 0 0 0 0 0 0 0 0 0 0 0 0 0 0 0 0 0 0 0 0 0 0 0 0 0 0 0 0 0 0 0 0 0 0 0 0 0 0 0 0 0 0 0 0 0 0 0 0 0 0 0 0 0 0 0 0 0 0 0 0 0 0 0 0 0 0 0 0 0 0 0 0 0 0 0 0 0 0 0 0 0 0 0 0 0 0 0 0 0 0 0 0 0 0 0 0 0 0 0.0004353087570052594 0.001493535353802145 0.003166623879224062 0.005461515858769417 0.008443386293947697 0.01213184930384159 0.01654230803251266 0.02164089493453503 0.02745702303946018 0.03396224230527878 0.04111897200345993 0.04890889674425125 0.05729051679372787 0.06617459654808044 0.07552654296159744 0.085377037525177 0.09565821290016174 0.1063329726457596 0.1173716336488724 0.1287753134965897 0.1405515819787979 0.1528012454509735 0.1654339134693146 0.1784331798553467 0.1917926222085953 0.2055134624242783 0.2195035815238953 0.2336856424808502 0.2455538809299469 0.2533452212810516 0.2559027075767517 0.2524507939815521 0.2424124032258987 0.2302917838096619 0.2187771946191788 0.2078383415937424 0.197446420788765 0.187574103474617 0.1781954020261765 0.1692856252193451 0.1608213484287262 0.1527802795171738 0.1451412588357925 0.1378841996192932 0.1309899836778641 0.1244404837489128 0.1182184591889381 0.112307533621788 0.1066921576857567 0.1013575494289398 0.09628967195749283 0.09147518873214722 0.08690142631530762 0.08255635201931 0.07842853665351868 0.07450710982084274 0.07078175246715546 0.06724266707897186 0.06388053297996521 0.06068650633096695 0.05765218287706375 0.05476957559585571 0.05203109607100487 0.04942953959107399 0.04695806279778481 0.0446101613342762 0.04237965494394302 0.0402606725692749 0.03824763745069504 0.03633525595068932 0.03451849147677422 0.03279256820678711 0.03115293942391872 0.02959529310464859 0.0281155277043581 0.02670975215733051 0.0253742653876543 0.02410555258393288 0.02290027588605881 0.02175526134669781 0.02066749893128872 0.01963412389159203 0.01865241676568985 0.01771979592740536 0.01683380641043186 0.01599211618304253 0.01519251056015491 0.0144328847527504 0.01371124014258385 0.01302567776292562 0.0123743936419487 0.01175567414611578 0.01116789039224386 0.01060949545353651 0.01007902063429356 0.009575069881975651 0.009096316061913967 0.008641500025987625 0.008209425024688244 0.007798953913152218 0.007409006357192993 0.007038556039333344 0.006686628330498934 0.006352297030389309 0.006034682039171457 0.005732947960495949 0.005446300376206636 0.005173985380679369 0.00491528632119298 0.004669521935284138 0.00443604588508606 0.004214243497699499 0.00400353129953146 0.003803354687988758 0.003613187000155449 0.003432527650147676 0.0032609011977911 0.003097856184467673 0.0029429632704705 0.002795815002173185 0.002656024182215333 0.00252322293817997 0.002397061791270971 0.002277208724990487 0.002163348253816366 0.002055180724710226 0.001952421735040843 0.001854800619184971 0.001762060564942658 0.001673957565799356 0.001590259722433984 0.001510746777057648 0.001435209414921701 0.001363448915071785 0.001295276451855898 0.001230512629263103 0.001168987015262246 0.001110537676140666 0.001055010827258229 0.001002260250970721 0.0009521472384221852 0.0009045398910529912 0.0008593128877691925 0.000816347252111882 0.0007755298865959048 0.0007367533980868757 0.0006999157485552132 0.0006649199640378356 0.0006316739600151777 0.0006000902503728867 0.000570085714571178 0.000541581423021853 0.0005145023460499942 0.0004887772374786437 0.0004643383726943284 0.0004411214613355696 0.0004190653853584081 0.0003981121117249131 0.0003782065177801996 0.0003592961875256151 0.0003413313825149089 0.0003242648090235889 0.0003080515598412603 0.0002926489687524736 0.000278016523225233 0.0002641156897880137 0.0002509099140297621 0.0002383644168730825 0.0002264461945742369 0.0002151238877559081 0.0002043676940957084 0.0001941493101185188 0.0001844418438849971 0.0001752197567839175 0.0001664587762206793 0.0001581358374096453 0.000150229039718397 0.0001427175884600729 0.0001355817075818777 0.0001288026251131669 0.0001223625004058704 0.0001162443732027896 0.0001104321563616395 0.0001049105485435575 9.966501966118813e-05 9.46817672229372e-05 8.994767995318398e-05 8.545029413653538e-05 8.117777906591073e-05 7.711889338679612e-05 7.326294871745631e-05 6.959980237297714e-05 6.61198137095198e-05 6.281382229644805e-05 5.967312972643413e-05 5.668947414960712e-05 5.385500116972253e-05 5.1162249292247e-05 4.860413537244312e-05 4.617392914951779e-05 4.386523141874932e-05 4.167197039350867e-05 3.9588372601429e-05 3.760895560844801e-05 3.572850619093515e-05 3.394208033569157e-05 3.224497777409852e-05 3.063272743020207e-05 2.910109105869196e-05 2.764603596006054e-05 2.626373498060275e-05 2.495054832252208e-05 2.370302172494121e-05 2.251787009299733e-05 2.139197749784216e-05 2.032237898674794e-05 1.930626058310736e-05 1.834094837249722e-05 1.742390122672077e-05 1.65527053468395e-05 1.572507062519435e-05 1.493881700298516e-05 1.419187628926011e-05 1.348228215647396e-05 1.280816832149867e-05 1.216776036017109e-05 1.155937206931412e-05 1.098140364774736e-05 1.043233351083472e-05 9.910716471495107e-06 9.415181011718232e-06 8.944422006607056e-06 8.497200724377763e-06 8.072340278886259e-06 7.668722901144065e-06 7.285286756086862e-06 6.921022304595681e-06 6.574971394002205e-06 6.246222710615257e-06 5.933911779720802e-06 5.637216418108437e-06 5.355355824576691e-06 5.087587851448916e-06 4.83320854982594e-06 4.591548076859908e-06 4.36197069575428e-06 4.143872047279729e-06 3.936678240279434e-06 3.73984426005336e-06 3.552852149368846e-06 3.375209644218558e-06 3.206449264325784e-06 3.046126721528708e-06 2.893820465033059e-06 2.749129407675355e-06 2.611672925922903e-06 2.481089268258074e-06 2.357034873057273e-06 2.239183231722564e-06 2.127223979186965e-06 2.020862666540779e-06 1.91981962416321e-06 1.823828597480315e-06 1.73263720171235e-06 1.646005330258049e-06 1.563705041007779e-06 1.485519760535681e-06 1.411243829352316e-06 1.340681592409965e-06 1.273647512789466e-06 1.209965148518677e-06 1.149466925198794e-06 1.091993567570171e-06 1.037393872138637e-06 9.855241387413116e-07
 0 0 0 0 0 0 0 0 0 0 0 0 0 0 0 0 0 0 0 0 0 0 0 0 0 0 0 0 0 0 0 0 0 0 0 0 0 0 0 0 0 0 0 0 0 0 0 0 0 0 0 0 0 0 0 0 0 0 0 0 0 0 0 0 0 0 0 0 0 0 0 0 0 0 0 0 0 0 0 0 0 0 0 0 0 0 0 0 0 0 0 0 0 0 0 0 0 0 0 0 0 0 0 0 0 0 0 0 0 0 0 0 0 0 0 0 0 0 0 0 0 0 0 0 0 0 0 0 0 0 0 0 0 0 0 0 0 0 0 0 0 0 0 0 0 0 0 0 0 0 0 0 0 0 0 0 0 0 0 0 0 0 0 0 0 0 0 0 0 0 0 0 0 0 0 0 0 0 0 0 0 0 0 0 0 0 0 0 0 0 0 0 0 0 0 0 0 0 0 0 0 0 0 0 0 0 0 0 0 0 0 0 0 0 0 0 0 0 0 0 0 0 0 0 0 0 0 0 0 0 0 0 0 0 0 0 0 0 0 0 0 0 0 0 0 0 0 0 0 0 0 0 0 0 0 0 0 0 0 0 0 0 0 0 0 0 0 0 0 0 0 0 0 0 0 0 0 0 0 0 0 0 0 0 0 0 0 0 0 0 0 0 0 0 0 0 0 0 0 0 0 0 0 0 0 0 0 0 0 0 0 0 0 0 0 0 0 0 0 0 0 0 0 0 0 0 0 0 0 0 0 0 0 0 0 0 0 0 0 0 0 0 0 0 0 0 0 0 0 0 0 0 0 0 0 0 0 0 0 0 0 0 0 0 0 0 0 0 0 0 0 0 0 0 0 0 0 0 0 0 0 0 0 0 0 0 0 0 0 0 0 0 0 0 0 0 0 0 0 0 0 0 0 0 0 0 0 0 0 0 0 0 0 0 0 0 0 0 0 0 0 0 0 0 0 0 0 0 0 0 0 0 0 0 0 0 0 0 0 0 0 0 0 0 0 0 0 0 0 0 0 0 0 0 0 0 0 0 0 0 0 0 0 0 0 0 0 0 0 0 0 0 0 0 0 0 0 0 0 0 0 0 0 0 0 0 0 0 0 0 0 0 0 0 0 0 0 0 0 0 0 0 0 0 0 0 0 0 0 0 0 0 0 0 0 0 0 0 0 0 0 0 0 0 0 0 0 0 0 0 0 0 0 0 0 0 0 0 0 0 0 0 0 0 0 0 0 0 0 0 0 0 0 0 0 0 0 0 0 0 0 0 0 0 0 0 0 0 0 0 0 0 0 0 0 0 0 0 0 0 0 0 0 0 0 0 0 0 0 0 0 0 0 0 0 0 0 0 0 0
 0 0 0 0 0 0 0 0 0 0 0 0 0 0 0 0 0 0 0 0 0 0 0 0 0 0 0 0 0 0 0 0 0 0 0 0 0 0 0 0 0 0 0 0 0 0 0 0 0 0 0 0 0 0 0 0 0 0 0 0 0 0 0 0 0 0 0 0 0 0 0 0 0 0 0 0 0 0 0 0 0 0 0 0 0 0 0 0 0 0 0 0 0 0 0 0 0 0 0 0 0 0 0 0 0 0 0 0 0 0 0 0 0 0 0 0 0 0 0 0 0 0 0 0 0 0 0 0 0 0 0 0 0 0 0 0 0 0 0 0 0 0 0 0 0 0 0 0 0 0 0 0 0 0 0 0 0 0 0 0 0 0 0 0 0 0 0 0 0 0 0 0 0 0 0 0 0 0 0 0 0 0 0 0 0 0 0 0 0 0 0 0 0 0 0 0 0 0 0 0 0 0 0 0 0 0 0 0 0 0 0 0 0 0 0 0 0 0 0 0 0 0 0 0 0 0 0 0 0 0 0 0 0 0 0 0 0 0 0 0 0 0 0 0 0 0 0 0 0 0 0 0 0 0 0 0 0 0 0 0 0 0 0 0 0 0 0 0 0 0 0 0 0 0 0 0 0 0 0 0 0 0 0 0 0 0 0 0 0 0 0 0 0 0 0 0 0 0 0 0 0 0 0 0 0 0 0 0 0 0 0 0 0 0 0 0 0 0 0 0 0 0 0 0 0 0 0 0 0 0 0 0 0 0 0 0 0 0 0 0 0 0 0 0 0 0 0 0 0 0 0 0 0 0 0 0 0 0 0 0 0 0 0 0 0 0 0 0 0 0 0 0 0 0 0 0 0 0 0 0 0 0 0 0 0 0 0 0 0 0 0 0 0 0 0 0 0 0 0 0 0 0 0 0 0 0 0 0 0 0 0 0 0 0 0 0 0 0 0 0 0 0 0 0 0 0 0 0 0 0 0 0 0 0 0 0 0 0 0 0 0 0 0 0 0 0 0 0 0 0 0 0 0 0 0 0 0 0 0 0 0 0 0 0 0 0 0 0 0 0 0 0 0 0 0 0 0 0 0 0 0 0 0 0 0 0 0 0 0 0 0 0 0 0 0 0 0 0 0 0 0 0 0 0 0 0 0 0 0 0 0 0 0 0 0 0 0 0 0 0 0 0 0 0 0 0 0 0 0 0 0 0 0 0 0 0 0 0 0 0 0 0 0 0 0 0 0 0 0 0 0 0 0 0 0 0 0 0 0 0 0 0 0 0 0 0 0 0 0 0 0 0 0 0 0 0 0 0 0 0 0 0 0 0 0 0 0 0 0 0 0 0 0 0 0 0 0 0 0 0
 0 0 0 0 0 0 0 0 0 0 0 0 0 0 0 0 0 0 0 0 0 0 0 0 0 0 0 0 0 0 0 0 0 0 0 0 0 0 0 0 0 0 0 0 0 0 0 0 0 0 0 0 0 0 0 0 0 0 0 0 0 0 0 0 0 0 0 0 0 0 0 0 0 0 0 0 0 0 0 0 0 0 0 0 0 0 0 0 0 0 0 0 0 0 0 0 0 0 0 0 0 0 0 0 0 0 0 0 0 0 0 0 0 0 0 0 0 0 0 0 0 0 0 0 0 0 0 0 0 0 0 0 0 0 0 0 0 0 0 0 0 0 0 0 0 0 0 0 0 0 0 0 0 0 0 0 0 0 0 0 0 0 0 0 0 0 0 0 0 0 0 0 0 0 0 0 0 0 0 0 0 0 0 0 0 0 0 0 0 0 0 0 0 0 0 0 0 0 0 0 0 0 0 0 0 0 0 0 0 0 0 0 0 0 0 0 0 0 0 0 0 0 0 0 0 0 0 0 0 0 0 0 0 0 0 0 0 0 0 0 0 0 0 0 0 0 0 0 0 0 0 0 0 0 0 0 0 0 0 0 0 0 0 0 0 0 0 0 0 0 0 0 0 0 0 0 0 0 0 0 0 0 0 0 0 0 0 0 0 0 0 0 0 0 0 0 0 0 0 0 0 0 0 0 0 0 0 0 0 0 0 0 0 0 0 0 0 0 0 0 0 0 0 0 0 0 0 0 0 0 0 0 0 0 0 0 0 0 0 0 0 0 0 0 0 0 0 0 0 0 0 0 0 0 0 0 0 0 0 0 0 0 0 0 0 0 0 0 0 0 0 0 0 0 0 0 0 0 0 0 0 0 0 0 0 0 0 0 0 0 0 0 0 0 0 0 0 0 0 0 0 0 0 0 0 0 0 0 0 0 0 0 0 0 0 0 0 0 0 0 0 0 0 0 0 0 0 0 0 0 0 0 0 0 0 0 0 0 0 0 0 0 0 0 0 0 0 0 0 0 0 0 0 0 0 0 0 0 0 0 0 0 0 0 0 0 0 0 0 0 0 0 0 0 0 0 0 0 0 0 0 0 0 0 0 0 0 0 0 0 0 0 0 0 0 0 0 0 0 0 0 0 0 0 0 0 0 0 0 0 0 0 0 0 0 0 0 0 0 0 0 0 0 0 0 0 0 0 0 0 0 0 0 0 0 0 0 0 0 0 0 0 0 0 0 0 0 0 0 0 0 0 0 0 0 0 0 0 0 0 0 0 0 0 0 0 0 0 0 0 0 0 0 0 0 0 0 0 0 0 0 0 0 0 0 0 0 0 0 0 0 0 0 0 0 0 0 0 0 0
 0 0 0 0 0 0 0 0 0 0 0 0 0 0 0 0 0 0 0 0 0 0 0 0 0 0 0 0 0 0 0 0 0 0 0 0 0 0 0 0 0 0 0 0 0 0 0 0 0 0 0 0 0 0 0 0 0 0 0 0 0 0 0 0 0 0 0 0 0 0 0 0 0 0 0 0 0 0 0 0 0 0 0 0 0 0 0 0 0 0 0 0 0 0 0 0 0 0 0 0 0 0 0 0 0 0 0 0 0 0 0 0 0 0 0 0 0 0 0 0 0 0 0 0 0 0 0 0 0 0 0 0 0 0 0 0 0 0 0 0 0 0 0 0 0 0 0 0 0 0 0 0 0 0 0 0 0 0 0 0 0 0 0 0 0 0 0 0 0 0 0 0 0 0 0 0 0 0 0 0 0 0 0 0 0 0 0 0 0 0 0 0 0 0 0 0 0 0 0 0 0 0 0 0 0 0 0 0 0 0 0 0 0 0 0 0 0 0 0 0 0 0 0 0 0 0 0 0 0 0 0 0 0 0 0 0 0 0 0 0 0 0 0 0 0 0 0 0 0 0 0 0 0 0 0 0 0 0 0 0 0 0 0 0 0 0 0 0 0 0 0 0 0 0 0 0 0 0 0 0 0 0 0 0 0 0 0 0 0 0 0 0 0 0 0 0 0 0 0 0 0 0 0 0 0 0 0 0 0 0 0 0 0 0 0 0 0 0 0 0 0 0 0 0 0.0001083912429749034 0.0008116693934425712 0.002172550186514854 0.004177085123956203 0.006802079267799854 0.01009190268814564 0.01401035208255053 0.01855727471411228 0.02374217472970486 0.02957146428525448 0.03601562604308128 0.04306541383266449 0.05072832852602005 0.05891526862978935 0.06765793263912201 0.07693997770547867 0.08675814419984818 0.09713826328516006 0.108039602637291 0.1193675771355629 0.1311473995447159 0.1433381140232086 0.1559294313192368 0.1688827723264694 0.1821286380290985 0.1956773400306702 0.2095259130001068 0.2236828207969666 0.2374593019485474 0.2483884692192078 0.2548547089099884 0.2558573186397552 0.2506653964519501 0.2387526333332062 0.2268150001764297 0.2154742479324341 0.2047005295753479 0.1944655030965805 0.1847422271966934 0.1755051165819168 0.1667298674583435 0.1583933681249619 0.1504736989736557 0.1429500132799149 0.1358025074005127 0.1290123760700226 0.1225617602467537 0.116433672606945 0.1106119900941849 0.1050813943147659 0.09982732683420181 0.09483595937490463 0.09009416401386261 0.0855894535779953 0.08130998164415359 0.07724448293447495 0.07338225841522217 0.06971314549446106 0.06622748821973801 0.0629161149263382 0.05977030843496323 0.05678179115056992 0.05394270271062851 0.05124556645750999 0.0486832894384861 0.04624912515282631 0.04393666982650757 0.04173983633518219 0.03965284302830696 0.03767020255327225 0.03578669205307961 0.03399735689163208 0.03229748830199242 0.03068261407315731 0.02914848364889622 0.0276910588145256 0.02630650624632835 0.02499118074774742 0.02374162152409554 0.0225545410066843 0.02142681367695332 0.02035547234117985 0.01933769881725311 0.01837081462144852 0.01745227351784706 0.01657965965569019 0.01575067639350891 0.01496314257383347 0.01421498507261276 0.01350423600524664 0.01282902434468269 0.01218757312744856 0.01157819479703903 0.01099928468465805 0.01044932007789612 0.009926853701472282 0.009430510923266411 0.008958985097706318 0.008511035703122616 0.008085483685135841 0.007681209594011307 0.007297148928046227 0.00693229166790843 0.006585677154362202 0.006256393156945705 0.005943573545664549 0.005646395031362772 0.005364075303077698 0.00509587163105607 0.004841078072786331 0.004599024076014757 0.004369073081761599 0.004150619264692068 0.003943088464438915 0.003745933994650841 0.003558637341484427 0.003380705369636416 0.003211670089513063 0.003051086561754346 0.002898532198742032 0.002753605600446463 0.002615925390273333 0.002485129050910473 0.002360872691497207 0.002242828952148557 0.002130687469616532 0.00202415301464498 0.001922945375554264 0.00182679807767272 0.00173545815050602 0.00164868519641459 0.001566250924952328 0.001487938337959349 0.001413541380316019 0.001342864357866347 0.001275721122510731 0.001211935072205961 0.001151338336057961 0.001093771425075829 0.001039082882925868 0.0009871287038549781 0.0009377722744829953 0.0008908836753107607 0.0008463395060971379 0.0008040225366130471 0.0007638214156031609 0.0007256303215399384 0.0006893487880006433 0.0006548813544213772 0.0006221372750587761 0.0005910304025746882 0.000561478896997869 0.0005334049346856773 0.0005067347083240747 0.0004813979612663388 0.0004573280748445541 0.0004344616609159857 0.0004127385909669101 0.0003921016468666494 0.0003724965499714017 0.0003538717282935977 0.0003361781418789178 0.0003193692245986313 0.0003034007677342743 0.0002882307162508368 0.0002738191687967628 0.0002601282030809671 0.0002471217885613441 0.0002347656991332769 0.00022302741126623 0.0002118760457960889 0.0002012822369579226 0.0001912181323859841 0.0001816572330426425 0.0001725743641145527 0.0001639456459088251 0.0001557483628857881 0.0001479609491070732 0.0001405629009241238 0.0001335347624262795 0.0001268580235773697 0.000120515120215714 0.0001144893612945452 0.0001087648925022222 0.0001033266453305259 9.816031524678692e-05 9.325229621026665e-05 8.858968067215756e-05 8.416019409196451e-05 7.995218766154721e-05 7.595458009745926e-05 7.215685036499053e-05 6.854900857433677e-05 6.512155960081145e-05 6.1865481256973e-05 5.877220610273071e-05 5.583359597949311e-05 5.304191654431634e-05 5.038981908001006e-05 4.787032958120108e-05 4.547681237454526e-05 4.320297011872754e-05 4.104282197658904e-05 3.899068178725429e-05 3.704114715219475e-05 3.518908852129243e-05 3.342963464092463e-05 3.175815436406992e-05 3.017024573637173e-05 2.86617341771489e-05 2.72286470135441e-05 2.586721529951319e-05 2.457385380694177e-05 2.334516102564521e-05 2.217790279246401e-05 2.106900683429558e-05 2.001555731112603e-05 1.901478026411496e-05 1.806404179660603e-05 1.716083897917997e-05 1.630279621167574e-05 1.548765612824354e-05 1.47132732308819e-05 1.397760934196413e-05 1.327872905676486e-05 1.261479246750241e-05 1.198405243485468e-05 1.138485004048562e-05 1.081560731108766e-05 1.027482721838169e-05 9.761085493664723e-06 9.273031537304632e-06 8.809380233287811e-06 8.36891103972448e-06 7.950465260364581e-06 7.552941951871617e-06 7.175294740591198e-06 6.816530003561638e-06 6.475703685282497e-06 6.151918569230475e-06 5.84432245887001e-06 5.552106358663877e-06 5.274500836094376e-06 5.010775566915981e-06 4.760236606671242e-06 4.522224571701372e-06 4.296113274904201e-06 4.081307451997418e-06 3.877242306771223e-06 3.683380100483191e-06 3.49921106135298e-06 3.324250428704545e-06 3.158037998218788e-06 3.000136075570481e-06 2.850129249054589e-06 2.707622797970544e-06 2.572241555753862e-06 2.443629455228802e-06 2.321447936992627e-06 2.20537549466826e-06 2.095106765409582e-06 1.990351393033052e-06 1.890833800644032e-06 1.796292053768411e-06 1.706477405605256e-06 1.621153501218942e-06 1.540095809104969e-06 1.463091052755772e-06 1.389936528539693e-06 1.320439650953631e-06 1.254417611562531e-06 1.191696696878353e-06 1.132111833612726e-06 1.075506247616431e-06 1.021730895445216e-06 9.706443506729556e-07
 0 0 0 0 0 0 0 0 0 0 0 0 0 0 0 0 0 0 0 0 0 0 0 0 0 0 0 0 0 0 0 0 0 0 0 0 0 0 0 0 0 0 0 0 0 0 0 0 0 0 0 0 0 0 0 0 0 0 0 0 0 0 0 0 0 0 0 0 0 0 0 0 0 0 0 0 0 0 0 0 0 0 0 0 0 0 0 0 0 0 0 0 0 0 0 0 0 0 0 0 0 0 0 0 0 0 0 0 0 0 0 0 0 0 0 0 0 0 0 0 0 0 0 0 0 0 0 0 0 0 0 0 0 0 0 0 0 0 0 0 0 0 0 0 0 0 0 0 0 0 0 0 0 0 0 0 0 0 0 0 0 0 0 0 0 0 0 0 0 0 0 0 0 0 0 0 0 0 0 0 0 0 0 0 0 0 0 0 0 0 0 0 0 0 0 0 0 0 0 0 0 0 0 0 0 0 0 0 0 0 0 0 0 0 0 0 0 0 0 0 0 0 0 0 0 0 0 0 0 0 0 0 0 0 0 0 0 0 0 0 0 0 0 0 0 0 0 0 0 0 0 0 0 0 0 0 0 0 0 0 0 0 0 0 0 0 0 0 0 0 0 0 0 0 0 0 0 0 0 0 0 0 0 0 0 0 0 0 0 0 0 0 0 0 0 0 0 0 0 0 0 0 0 0 0 0 0 0 0 0 0 0 0 0 0 0 0 0 0 0 0 0 0 0 0 0 0 0 0 0 0 0 0 0 0 0 0 0 0 0 0 0 0 0 0 0 0 0 0 0 0 0 0 0 0 0 0 0 0 0 0 0 0 0 0 0 0 0 0 0 0 0 0 0 0 0 0 0 0 0 0 0 0 0 0 0 0 0 0 0 0 0 0 0 0 0 0 0 0 0 0 0 0 0 0 0 0 0 0 0 0 0 0 0 0 0 0 0 0 0 0 0 0 0 0 0 0 0 0 0 0 0 0 0 0 0 0 0 0 0 0 0 0 0 0 0 0 0 0 0 0 0 0 0 0 0 0 0 0 0 0 0 0 0 0 0 0 0 0 0 0 0 0 0 0 0 0 0 0 0 0 0 0 0 0 0 0 0 0 0 0 0 0 0 0 0 0 0 0 0 0 0 0 0 0 0 0 0 0 0 0 0 0 0 0 0 0 0 0 0 0 0 0 0 0 0 0 0 0 0 0 0 0 0 0 0 0 0 0 0 0 0 0 0 0 0 0 0 0 0 0 0 0 0 0 0 0 0 0 0 0 0 0 0 0 0 0 0 0 0 0 0 0 0 0 0 0 0 0 0 0 0 0 0 0 0 0 0 0 0 0 0 0 0 0 0 0 0 0 0
 0 0 0 0 0 0 0 0 0 0 0 0 0 0 0 0 0 0 0 0 0 0 0 0 0 0 0 0 0 0 0 0 0 0 0 0 0 0 0 0 0 0 0 0 0 0 0 0 0 0 0 0 0 0 0 0 0 0 0 0 0 0 0 0 0 0 0 0 0 0 0 0 0 0 0 0 0 0 0 0 0 0 0 0 0 0 0 0 0 0 0 0 0 0 0 0 0 0 0 0 0 0 0 0 0 0 0 0 0 0 0 0 0 0 0 0 0 0 0 0 0 0 0 0 0 0 0 0 0 0 0 0 0 0 0 0 0 0 0 0 0 0 0 0 0 0 0 0 0 0 0 0 0 0 0 0 0 0 0 0 0 0 0 0 0 0 0 0 0 0 0 0 0 0 0 0 0 0 0 0 0 0 0 0 0 0 0 0 0 0 0 0 0 0 0 0 0 0 0 0 0 0 0 0 0 0 0 0 0 0 0 0 0 0 0 0 0 0 0 0 0 0 0 0 0 0 0 0 0 0 0 0 0 0 0 0 0 0 0 0 0 0 0 0 0 0 0 0 0 0 0 0 0 0 0 0 0 0 0 0 0 0 0 0 0 0 0 0 0 0 0 0 0 0 0 0 0 0 0 0 0 0 0 0 0 0 0 0 0 0 0 0 0 0 0 0 0 0 0 0 0 0 0 0 0 0 0 0 0 0 0 0 0 0 0 0 0 0 0 0 0 0 0 0 0 0 0 0 0 0 0 0 0 0 0 0 0 0 0 0 0 0 0 0 0 0 0 0 0 0 0 0 0 0 0 0 0 0 0 0 0 0 0 0 0 0 0 0 0 0 0 0 0 0 0 0 0 0 0 0 0 0 0 0 0 0 0 0 0 0 0 0 0 0 0 0 0 0 0 0 0 0 0 0 0 0 0 0 0 0 0 0 0 0 0 0 0 0 0 0 0 0 0 0 0 0 0 0 0 0 0 0 0 0 0 0 0 0 0 0 0 0 0 0 0 0 0 0 0 0 0 0 0 0 0 0 0 0 0 0 0 0 0 0 0 0 0 0 0 0 0 0 0 0 0 0 0 0 0 0 0 0 0 0 0 0 0 0 0 0 0 0 0 0 0 0 0 0 0 0 0 0 0 0 0 0 0 0 0 0 0 0 0 0 0 0 0 0 0 0 0 0 0 0 0 0 0 0 0 0 0 0 0 0 0 0 0 0 0 0 0 0 0 0 0 0 0 0 0 0 0 0 0 0 0 0 0 0 0 0 0 0 0 0 0 0 0 0 0 0 0 0 0 0 0 0 0 0 0 0 0 0 0 0 0 0 0 0 0 0 0 0 0 0 0 0 0 0 0 0


# name: r_0_m12_G0_L0p3_D0p7
# type: matrix
# rows: 1
# columns: 14
 0 -12 0.2 0 0.3 0 -7.319485 0 0 0.1908099766521656 0 155 1.095445115010332 0.7




