# Created by Octave 3.8.2, Wed Jul 05 10:40:02 2017 BST <co1ssj@node117>
# name: result
# type: scalar struct
# ndims: 2
 1 1
# length: 3
# name: params
# type: scalar struct
# ndims: 2
 1 1
# length: 18
# name: cleanup
# type: scalar
0


# name: num_runs
# type: scalar
6


# name: dopamine
# type: scalar
0.7


# name: targetCross
# type: scalar
1


# name: targetLuminance
# type: scalar
0.3


# name: targetWidthX
# type: scalar
6


# name: targetWidthY
# type: scalar
2


# name: fixCross
# type: scalar
1


# name: fixLuminance
# type: scalar
0.2


# name: fixWidthX
# type: scalar
6


# name: fixWidthY
# type: scalar
2


# name: fixOn
# type: scalar
0


# name: targetOff
# type: scalar
1


# name: targetOn
# type: scalar
0.2


# name: fixOff
# type: scalar
0.2


# name: targetThetaX
# type: scalar
0


# name: targetThetaY
# type: scalar
-17


# name: exptnum
# type: scalar
0




# name: r_0_m17_G0_L0p3_D0p7_llbn
# type: matrix
# rows: 24
# columns: 600
 0 0 0 0 0 0 0 0 0 0 0 0 0 0 0 0 0 0 0 0 0 0 0 0 0 0 0 0 0 0 0 0 0 0 0 0 0 0 0 0 0 0 0 0 0 0 0 0 0 0 0 0 0 0 0 0 0 0 0 0 0 0 0 0 0 0 0 0 0 0 0 0 0 0 0 0 0 0 0 0 0 0 0 0 0 0 0 0 0 0 0 0 0 0 0 0 0 0 0 0 0 0 0 0 0 0 0 0 0 0 0 0 0 0 0 0 0 0 0 0 0 0 0 0 0 0 0 0 0 0 0 0 0 0 0 0 0 0 0 0 0 0 0 0 0 0 0 0 0 0 0 0 0 0 0 0 0 0 0 0 0 0 0 0 0 0 0 0 0 0 0 0 0 0 0 0 0 0 0 0 0 0 0 0 0 0 0 0 0 0 0 0 0 0 0 0 0 0 0 0 0 0 0 0 0 0 0 0 0 0 0 0 0 0 0 0 0 0 0 0 0 0 0 0 0 0 0 0 0 0 0 0 0 0 0 0 0 0 0 0 0 0 0 0 0 0 0 0 0 0 0 0 0 0 0 0 0 0 0 0 0 0 0 0 0 0 0 0 0 0 0 0 0 0 0 0 0 0 0 0 0 0 0 0 0 0 0 0 0 0 0 0 0 0 0 0 0 0 0 0 0 0 0 0 0 0 0 0 0 0 0 0 0 0 0 0 0 0 0 0 0 0 0 0 0 0 0 0 0 0 0 0 0 0 0 0 0 0 0 0 0 0 0 0 0 0 0 0 0 0 0 0 0 0 0 0 0 0 0 0 0 0 0 0 0 0 0 0 0 0 0 0 0 0 0 0 0 0 0 0 0 0 0 0 0 0 0 0 0 0 0 0 0 0 0 0 0 0 0 0 0 0 0 0 0 0 0 0 0 0 0 0 0 0 0 0 0 0 0 0 0 0 0 0 0 0 0 0 0 0 0 0 0 0 0 0 0 0 0 0 0 0 0 0 0 0 0 0 0 0 0 0 0 0 0 0 0 0 0 0 0 0 0 0 0 0 0 0 0 0 0 0 0 0 0 0 0 0 0 0 0 0 0 0 0 0 0 0 0 0 0 0 0 0 0 0 0 0 0 0 0 0 0 0 0 0 0 0 0 0 0 0 0 0 0 0 0 0 0 0 0 0 0 0 0 0 0 0 0 0 0 0 0 0 0 0 0 0 0 0 0 0 0 0 0 0 0 0 0 0 0 0 0 0 0 0 0 0 0 0 0 0 0 0 0 0 0 0 0 0 0 0 0 0 0 0 0 0 0 0 0 0 0 0 0 0 0 0 0 0 0 0 0 0 0 0 0 0 0 0
 0 0 0 0 0 0 0 0 0 0 0 0 0 0 0 0 0 0 0 0 0 0 0 0 0 0 0 0 0 0 0 0 0 0 0 0 0 0 0 0 0 0 0 0 0 0 0 0 0 0 0 0 0 0 0 0 0 0 0 0 0 0 0 0 0 0 0 0 0 0 0 0 0 0 0 0 0 0 0 0 0 0 0 0 0 0 0 0 0 0 0 0 0 0 0 0 0 0 0 0 0 0 0 0 0 0 0 0 0 0 0 0 0 0 0 0 0 0 0 0 0 0 0 0 0 0 0 0 0 0 0 0 0 0 0 0 0 0 0 0 0 0 0 0 0 0 0 0 0 0 0 0 0 0 0 0 0 0 0 0 0 0 0 0 0 0 0 0 0 0 0 0 0 0 0 0 0 0 0 0 0 0 0 0 0 0 0 0 0 0 0 0 0 0 0 0 0 0 0 0 0 0 0 0 0 0 0 0 0 0 0 0 0 0 0 0 0 0 0 0 0 0 0 0 0 0 0 0 0 0 0 0 0 0 0 0 0 0 0 0 0 0 0 0 0 0 0 0 0 0 0 0 0 0 0 0 0 0 0 0 0 0 0 0 0 0 0 0 0 0 0 0 0 0 0 0 0 0 0 0 0 0 0 0 0 0 0 0 0 0 0 0 0 0 0 0 0 0 0 0 0 0 0 0 0 0 0 0 0 0 0 0 0 0 0 0 0 0 0 0 0 0 0 0 0 0 0 0 0 0 0 0 0 0 3.51240778400097e-05 0.000800872512627393 0.002344586187973619 0.004678261466324329 0.007761241868138313 0.01159394346177578 0.01613298617303371 0.02153106220066547 0.02782829105854034 0.03499477729201317 0.04298258572816849 0.05177634954452515 0.06144130229949951 0.07191842794418335 0.08321802318096161 0.09532488882541656 0.1083340868353844 0.1222574710845947 0.1372118145227432 0.153261810541153 0.1702913790941238 0.1882544308900833 0.2072744369506836 0.2272962033748627 0.2481274604797363 0.2696496844291687 0.2917491495609283 0.3126375377178192 0.3296386897563934 0.3409566879272461 0.3452563285827637 0.3413975834846497 0.3285292685031891 0.3121027946472168 0.296497642993927 0.2816727757453918 0.2675891518592834 0.2542096972465515 0.2414992153644562 0.2294242531061172 0.2179530411958694 0.207055389881134 0.1967026144266129 0.1868674904108047 0.1775241196155548 0.1686479151248932 0.1602155268192291 0.1522047519683838 0.1445945203304291 0.1373647898435593 0.130496546626091 0.1239717155694962 0.1177731305360794 0.1118844747543335 0.1062902510166168 0.1009757369756699 0.09592694789171219 0.09113059937953949 0.08657407015562057 0.0822453647851944 0.07813309878110886 0.07422644644975662 0.07051512598991394 0.06698936969041824 0.06363990157842636 0.06045790761709213 0.05743501335382462 0.0545632615685463 0.05183509737253189 0.04924334213137627 0.04678117483854294 0.04444211721420288 0.04222001135349274 0.04010901227593422 0.03810356184840202 0.03619838505983353 0.034388467669487 0.03266904503107071 0.03103559277951717 0.02948381379246712 0.02800962328910828 0.0266091413795948 0.02527868375182152 0.02401474863290787 0.02281401120126247 0.02167331054806709 0.02058964595198631 0.01956016384065151 0.01858215592801571 0.01765304803848267 0.01677039638161659 0.01593187637627125 0.01513528265058994 0.01437851879745722 0.01365959271788597 0.01297661289572716 0.01232778187841177 0.01171139255166054 0.01112582255154848 0.01056953147053719 0.01004105526953936 0.009539002552628517 0.009062052704393864 0.008608950302004814 0.008178502321243286 0.007769577205181122 0.007381098344922066 0.007012043613940477 0.006661441642791033 0.006328369490802288 0.00601195078343153 0.00571135338395834 0.005425785668194294 0.005154496524482965 0.004896771628409624 0.00465193297713995 0.004419336095452309 0.004198369104415178 0.003988450858741999 0.003789028385654092 0.003599576884880662 0.00341959809884429 0.00324861821718514 0.003086187411099672 0.002931877970695496 0.002785284072160721 0.002646019915118814 0.002513719024136662 0.002388033084571362 0.002268631476908922 0.002155199879780412 0.002047439804300666 0.001945067779161036 0.001847814419306815 0.001755423727445304 0.001667652511969209 0.001584269921295345 0.001505056396126747 0.001429803553037345 0.001358313369564712 0.001290397718548775 0.001225877786055207 0.001164583954960108 0.001106354757212102 0.001051036990247667 0.0009984851349145174 0.0009485608898103237 0.0009011328220367432 0.0008560761925764382 0.0008132723742164671 0.0007726087351329625 0.0007339782896451652 0.0006972793489694595 0.0006624154048040509 0.0006292946636676788 0.0005978299304842949 0.0005679384339600801 0.0005395415355451405 0.0005125644383952022 0.0004869362164754421 0.0004625894071068615 0.0004394599236547947 0.0004174869391135871 0.0003966125950682908 0.0003767819725908339 0.0003579428885132074 0.0003400457499083132 0.0003230434667784721 0.0003068913065362722 0.0002915467484854162 0.0002769693965092301 0.0002631209208630025 0.0002499648835510015 0.0002374666364630684 0.0002255933068227023 0.0002143136371159926 0.0002035979559877887 0.0001934180618263781 0.0001837471645558253 0.0001745598128763959 0.0001658318215049803 0.0001575402275193483 0.0001496632175985724 0.0001421800552634522 0.0001350710517726839 0.0001283174933632836 0.0001219016194227152 0.0001158065351773985 0.0001100162116927095 0.0001045153985614888 9.928963117999956e-05 9.432515071239322e-05 8.960888953879476e-05 8.512844215147197e-05 8.08720214990899e-05 7.682842260692269e-05 7.298700074898079e-05 6.933764962013811e-05 6.587076495634392e-05 6.257722998270765e-05 5.944836811977439e-05 5.647595025948249e-05 5.36521511094179e-05 5.096954191685654e-05 4.842106500291266e-05 4.600001193466596e-05 4.370001261122525e-05 4.151501343585551e-05 3.943926276406273e-05 3.746729998965748e-05 3.559393371688202e-05 3.381423812243156e-05 3.212352748960257e-05 3.051735075132456e-05 2.89914823952131e-05 2.754190791165456e-05 2.616481287986971e-05 2.485657205397729e-05 2.361374390602577e-05 2.243305607407819e-05 2.13114035432227e-05 2.024583409365732e-05 1.923354284372181e-05 1.827186497393996e-05 1.735827208904084e-05 1.649035766604356e-05 1.566583887324668e-05 1.488254656578647e-05 1.4138418919174e-05 1.343149779131636e-05 1.275992326554842e-05 1.212192728416994e-05 1.151583091996145e-05 1.094003891921602e-05 1.039303697325522e-05 9.873385351966135e-06 9.379716175317299e-06 8.910730684874579e-06 8.46519378683297e-06 8.041934052016586e-06 7.639837349415757e-06 7.257845481944969e-06 6.894953003211413e-06 6.550205398525577e-06 6.222694992175093e-06 5.91156003793003e-06 5.615981990558794e-06 5.335182777344016e-06 5.068423433840508e-06 4.81500228488585e-06 4.574252216116292e-06 4.345539764472051e-06 4.128262844460551e-06 3.921849838661728e-06 3.725757323991274e-06 3.539469389579608e-06 3.362495817782474e-06 3.194370947312564e-06 3.034652308997465e-06 2.88291971628496e-06 2.738773673627293e-06 2.601834921733825e-06 2.47174307332898e-06 2.348155931031215e-06 2.23074812311097e-06 2.119210648743319e-06
 0 0 0 0 0 0 0 0 0 0 0 0 0 0 0 0 0 0 0 0 0 0 0 0 0 0 0 0 0 0 0 0 0 0 0 0 0 0 0 0 0 0 0 0 0 0 0 0 0 0 0 0 0 0 0 0 0 0 0 0 0 0 0 0 0 0 0 0 0 0 0 0 0 0 0 0 0 0 0 0 0 0 0 0 0 0 0 0 0 0 0 0 0 0 0 0 0 0 0 0 0 0 0 0 0 0 0 0 0 0 0 0 0 0 0 0 0 0 0 0 0 0 0 0 0 0 0 0 0 0 0 0 0 0 0 0 0 0 0 0 0 0 0 0 0 0 0 0 0 0 0 0 0 0 0 0 0 0 0 0 0 0 0 0 0 0 0 0 0 0 0 0 0 0 0 0 0 0 0 0 0 0 0 0 0 0 0 0 0 0 0 0 0 0 0 0 0 0 0 0 0 0 0 0 0 0 0 0 0 0 0 0 0 0 0 0 0 0 0 0 0 0 0 0 0 0 0 0 0 0 0 0 0 0 0 0 0 0 0 0 0 0 0 0 0 0 0 0 0 0 0 0 0 0 0 0 0 0 0 0 0 0 0 0 0 0 0 0 0 0 0 0 0 0 0 0 0 0 0 0 0 0 0 0 0 0 0 0 0 0 0 0 0 0 0 0 0 0 0 0 0 0 0 0 0 0 0 0 0 0 0 0 0 0 0 0 0 0 0 0 0 0 0 0 0 0 0 0 0 0 0 0 0 0 0 0 0 0 0 0 0 0 0 0 0 0 0 0 0 0 0 0 0 0 0 0 0 0 0 0 0 0 0 0 0 0 0 0 0 0 0 0 0 0 0 0 0 0 0 0 0 0 0 0 0 0 0 0 0 0 0 0 0 0 0 0 0 0 0 0 0 0 0 0 0 0 0 0 0 0 0 0 0 0 0 0 0 0 0 0 0 0 0 0 0 0 0 0 0 0 0 0 0 0 0 0 0 0 0 0 0 0 0 0 0 0 0 0 0 0 0 0 0 0 0 0 0 0 0 0 0 0 0 0 0 0 0 0 0 0 0 0 0 0 0 0 0 0 0 0 0 0 0 0 0 0 0 0 0 0 0 0 0 0 0 0 0 0 0 0 0 0 0 0 0 0 0 0 0 0 0 0 0 0 0 0 0 0 0 0 0 0 0 0 0 0 0 0 0 0 0 0 0 0 0 0 0 0 0 0 0 0 0 0 0 0 0 0 0 0 0 0 0 0 0 0 0 0 0 0 0 0 0 0 0 0 0 0 0 0 0 0 0 0 0 0 0 0 0 0 0 0 0 0 0 0 0 0 0 0 0 0 0 0 0 0 0 0 0 0
 0 0 0 0 0 0 0 0 0 0 0 0 0 0 0 0 0 0 0 0 0 0 0 0 0 0 0 0 0 0 0 0 0 0 0 0 0 0 0 0 0 0 0 0 0 0 0 0 0 0 0 0 0 0 0 0 0 0 0 0 0 0 0 0 0 0 0 0 0 0 0 0 0 0 0 0 0 0 0 0 0 0 0 0 0 0 0 0 0 0 0 0 0 0 0 0 0 0 0 0 0 0 0 0 0 0 0 0 0 0 0 0 0 0 0 0 0 0 0 0 0 0 0 0 0 0 0 0 0 0 0 0 0 0 0 0 0 0 0 0 0 0 0 0 0 0 0 0 0 0 0 0 0 0 0 0 0 0 0 0 0 0 0 0 0 0 0 0 0 0 0 0 0 0 0 0 0 0 0 0 0 0 0 0 0 0 0 0 0 0 0 0 0 0 0 0 0 0 0 0 0 0 0 0 0 0 0 0 0 0 0 0 0 0 0 0 0 0 0 0 0 0 0 0 0 0 0 0 0 0 0 0 0 0 0 0 0 0 0 0 0 0 0 0 0 0 0 0 0 0 0 0 0 0 0 0 0 0 0 0 0 0 0 0 0 0 0 0 0 0 0 0 0 0 0 0 0 0 0 0 0 0 0 0 0 0 0 0 0 0 0 0 0 0 0 0 0 0 0 0 0 0 0 0 0 0 0 0 0 0 0 0 0 0 0 0 0 0 0 0 0 0 0 0 0 0 0 0 0 0 0 0 0 0 0 0 0 0 0 0 0 0 0 0 0 0 0 0 0 0 0 0 0 0 0 0 0 0 0 0 0 0 0 0 0 0 0 0 0 0 0 0 0 0 0 0 0 0 0 0 0 0 0 0 0 0 0 0 0 0 0 0 0 0 0 0 0 0 0 0 0 0 0 0 0 0 0 0 0 0 0 0 0 0 0 0 0 0 0 0 0 0 0 0 0 0 0 0 0 0 0 0 0 0 0 0 0 0 0 0 0 0 0 0 0 0 0 0 0 0 0 0 0 0 0 0 0 0 0 0 0 0 0 0 0 0 0 0 0 0 0 0 0 0 0 0 0 0 0 0 0 0 0 0 0 0 0 0 0 0 0 0 0 0 0 0 0 0 0 0 0 0 0 0 0 0 0 0 0 0 0 0 0 0 0 0 0 0 0 0 0 0 0 0 0 0 0 0 0 0 0 0 0 0 0 0 0 0 0 0 0 0 0 0 0 0 0 0 0 0 0 0 0 0 0 0 0 0 0 0 0 0 0 0 0 0 0 0 0 0 0 0 0 0 0 0 0 0 0 0 0 0 0 0 0 0 0 0 0 0 0 0 0 0 0 0 0 0 0 0
 0 0 0 0 0 0 0 0 0 0 0 0 0 0 0 0 0 0 0 0 0 0 0 0 0 0 0 0 0 0 0 0 0 0 0 0 0 0 0 0 0 0 0 0 0 0 0 0 0 0 0 0 0 0 0 0 0 0 0 0 0 0 0 0 0 0 0 0 0 0 0 0 0 0 0 0 0 0 0 0 0 0 0 0 0 0 0 0 0 0 0 0 0 0 0 0 0 0 0 0 0 0 0 0 0 0 0 0 0 0 0 0 0 0 0 0 0 0 0 0 0 0 0 0 0 0 0 0 0 0 0 0 0 0 0 0 0 0 0 0 0 0 0 0 0 0 0 0 0 0 0 0 0 0 0 0 0 0 0 0 0 0 0 0 0 0 0 0 0 0 0 0 0 0 0 0 0 0 0 0 0 0 0 0 0 0 0 0 0 0 0 0 0 0 0 0 0 0 0 0 0 0 0 0 0 0 0 0 0 0 0 0 0 0 0 0 0 0 0 0 0 0 0 0 0 0 0 0 0 0 0 0 0 0 0 0 0 0 0 0 0 0 0 0 0 0 0 0 0 0 0 0 0 0 0 0 0 0 0 0 0 0 0 0 0 0 0 0 0 0 0 0 0 0 0 0 0 0 0 0 0 0 0 0 0 0 0 0 0 0 0 0 0 0 0 0 0 0 0 0 0 0 0 0 0 0 0 0 0 0 0 0 0 0 0 0 0 0 0 0 0 0 0 0 0 0 0 0 0 0 0 0 0 0 0 0 0 0 0 0 0 0 0 0 0 0 0 0 0 0 0 0 0 0 0 0 0 0 0 0 0 0 0 0 0 0 0 0 0 0 0 0 0 0 0 0 0 0 0 0 0 0 0 0 0 0 0 0 0 0 0 0 0 0 0 0 0 0 0 0 0 0 0 0 0 0 0 0 0 0 0 0 0 0 0 0 0 0 0 0 0 0 0 0 0 0 0 0 0 0 0 0 0 0 0 0 0 0 0 0 0 0 0 0 0 0 0 0 0 0 0 0 0 0 0 0 0 0 0 0 0 0 0 0 0 0 0 0 0 0 0 0 0 0 0 0 0 0 0 0 0 0 0 0 0 0 0 0 0 0 0 0 0 0 0 0 0 0 0 0 0 0 0 0 0 0 0 0 0 0 0 0 0 0 0 0 0 0 0 0 0 0 0 0 0 0 0 0 0 0 0 0 0 0 0 0 0 0 0 0 0 0 0 0 0 0 0 0 0 0 0 0 0 0 0 0 0 0 0 0 0 0 0 0 0 0 0 0 0 0 0 0 0 0 0 0 0 0 0 0 0 0 0 0 0 0 0 0 0 0 0 0 0 0 0 0 0 0 0 0
 0 0 0 0 0 0 0 0 0 0 0 0 0 0 0 0 0 0 0 0 0 0 0 0 0 0 0 0 0 0 0 0 0 0 0 0 0 0 0 0 0 0 0 0 0 0 0 0 0 0 0 0 0 0 0 0 0 0 0 0 0 0 0 0 0 0 0 0 0 0 0 0 0 0 0 0 0 0 0 0 0 0 0 0 0 0 0 0 0 0 0 0 0 0 0 0 0 0 0 0 0 0 0 0 0 0 0 0 0 0 0 0 0 0 0 0 0 0 0 0 0 0 0 0 0 0 0 0 0 0 0 0 0 0 0 0 0 0 0 0 0 0 0 0 0 0 0 0 0 0 0 0 0 0 0 0 0 0 0 0 0 0 0 0 0 0 0 0 0 0 0 0 0 0 0 0 0 0 0 0 0 0 0 0 0 0 0 0 0 0 0 0 0 0 0 0 0 0 0 0 0 0 0 0 0 0 0 0 0 0 0 0 0 0 0 0 0 0 0 0 0 0 0 0 0 0 0 0 0 0 0 0 0 0 0 0 0 0 0 0 0 0 0 0 0 0 0 0 0 0 0 0 0 0 0 0 0 0 0 0 0 0 0 0 0 0 0 0 0 0 0 0 0 0 0 0 0 0 0 0 0 0 0 0 0 0 0 0 0 0 0 0 0 0 0 0 0 0 0 0 0 0 0 0 0 0 0 0 0 0 0 0 0 0 0 0 0 0 0 0 0 0 0 0 0 0 0 0 0 0 0 0 0 0 2.676550502656028e-05 0.0007558271172456443 0.002131992252543569 0.004131393507122993 0.006729323416948318 0.009934926405549049 0.01376862078905106 0.01824209280312061 0.02340786531567574 0.02928924933075905 0.03593304753303528 0.04335350170731544 0.05155002325773239 0.06067246198654175 0.0707089900970459 0.08179384469985962 0.09400799870491028 0.1072249934077263 0.1215129718184471 0.136930912733078 0.1535187959671021 0.1712255626916885 0.1899763494729996 0.2097184956073761 0.230442076921463 0.2520232796669006 0.274402529001236 0.2974570691585541 0.3190551698207855 0.3365001380443573 0.3479813039302826 0.3520633578300476 0.3477193415164948 0.3341070413589478 0.3174016773700714 0.301531583070755 0.2864550054073334 0.2721322476863861 0.2585256397724152 0.2455993592739105 0.2333193868398666 0.2216534167528152 0.210570752620697 0.2000422179698944 0.190040111541748 0.1805381029844284 0.1715112030506134 0.1629356443881989 0.1547888666391373 0.1470494270324707 0.1396969556808472 0.132712110877037 0.1260765045881271 0.1197726801037788 0.1137840449810028 0.1080948412418365 0.1026901006698608 0.09755559265613556 0.09267781674861908 0.0880439281463623 0.08364173024892807 0.07945964485406876 0.07548666000366211 0.07171232998371124 0.06812671571969986 0.06472037732601166 0.06148435920476913 0.05841014161705971 0.05548963323235512 0.05271515250205994 0.05007939413189888 0.04757542535662651 0.04519665241241455 0.04293682053685188 0.04078998044133186 0.03875048086047173 0.03681295737624168 0.03497231006622314 0.03322369605302811 0.03156251087784767 0.02998438477516174 0.02848516590893269 0.02706090733408928 0.02570786140859127 0.02442246861755848 0.02320134453475475 0.02204127795994282 0.02093921415507793 0.01989225298166275 0.01889763958752155 0.01795275695621967 0.01705511845648289 0.01620236225426197 0.0153922438621521 0.01462263148277998 0.01389149948954582 0.01319692470133305 0.01253707893192768 0.01191022526472807 0.01131471432745457 0.0107489787042141 0.01021153014153242 0.009700953960418701 0.009215906262397766 0.008755111135542393 0.008317355997860432 0.007901487872004509 0.007506413385272026 0.007131092716008425 0.006774538196623325 0.006435811519622803 0.006114020943641663 0.005808319896459579 0.005517903715372086 0.005242008715867996 0.004979908466339111 0.004730912856757641 0.00449436716735363 0.004269648808985949 0.004056166391819715 0.003853358095511794 0.00366069027222693 0.003477655816823244 0.003303773002699018 0.00313858431763947 0.0029816550668329 0.002832572208717465 0.002690943656489253 0.002556396415457129 0.002428576583042741 0.002307147718966007 0.002191790379583836 0.002082200953736901 0.001978090964257717 0.001879186369478703 0.001785227097570896 0.001695965765975416 0.001611167448572814 0.001530609093606472 0.00145407859236002 0.001381374662742019 0.001312305917963386 0.001246690633706748 0.001184356049634516 0.001125138252973557 0.001068881363607943 0.001015437301248312 0.0009646654361858964 0.0009164321818388999 0.0008706105872988701 0.0008270800462923944 0.000785726064350456 0.0007464397349394858 0.0007091177394613624 0.0006736618233844638 0.0006399787380360067 0.0006079797749407589 0.0005775807658210397 0.0005487017333507538 0.0005212666583247483 0.0004952033050358295 0.000470443133963272 0.0004469209816306829 0.000424574944190681 0.000403346202801913 0.0003831788781099021 0.0003640199429355562 0.0003458189312368631 0.0003285279963165522 0.0003121015906799585 0.0002964965242426842 0.0002816717023961246 0.0002675881260074675 0.0002542087167967111 0.0002414982882328331 0.0002294233709108084 0.0002179521979996935 0.0002070545888273045 0.0001967018615687266 0.0001868667750386521 0.0001775234413798898 0.0001686472678557038 0.0001602148986421525 0.000152204156620428 0.000144593941513449 0.0001373642444377765 0.0001304960314882919 0.0001239712291862816 0.000117772666271776 0.0001118840300478041 0.0001062898300006054 0.0001009753395919688 9.592657443135977e-05 9.113024862017483e-05 8.657373837195337e-05 8.224505290854722e-05 7.813279808033258e-05 7.422616181429476e-05 7.05148559063673e-05 6.698911602143198e-05 6.36396580375731e-05 6.045767440809868e-05 5.743479050579481e-05 5.456305007101037e-05 5.183489702176303e-05 4.92431536258664e-05 4.678099503507838e-05 4.444194564712234e-05 4.221985000185668e-05 4.010885822935961e-05 3.810341513599269e-05 3.619824565248564e-05 3.438833300606348e-05 3.266891508246772e-05 3.103546987404115e-05 2.94836972898338e-05 2.800951187964529e-05 2.660903555806726e-05 2.527858305256814e-05 2.401465462753549e-05 2.281392153236084e-05 2.167322600143962e-05 2.058956488326658e-05 1.956008600245696e-05 1.858208088378888e-05 1.765297747624572e-05 1.677032923907973e-05 1.593181332282256e-05 1.513522238383302e-05 1.437846094631823e-05 1.365953812637599e-05 1.297656126553193e-05 1.232773320225533e-05 1.171134681499097e-05 1.11257795651909e-05 1.056949076883029e-05 1.004101613943931e-05 9.538965059618931e-06 9.06201694306219e-06 8.608915777585935e-06 8.178470125130843e-06 7.769546755298506e-06 7.381069281109376e-06 7.01201588526601e-06 6.661415227426914e-06 6.328344625217142e-06 6.011927325744182e-06 5.711331141355913e-06 5.425764356914442e-06 5.154476184543455e-06 4.896752216154709e-06 4.651914423448034e-06 4.419318884174572e-06 4.198353053652681e-06 3.988435310020577e-06 3.789013589994283e-06 3.599562887757202e-06 3.41958480021276e-06 3.248605480621336e-06 3.086175183852902e-06 2.931866447397624e-06 2.785273181871162e-06 2.646009534146287e-06 2.513708977858187e-06 2.388023631283431e-06 2.268622438350576e-06
 0 0 0 0 0 0 0 0 0 0 0 0 0 0 0 0 0 0 0 0 0 0 0 0 0 0 0 0 0 0 0 0 0 0 0 0 0 0 0 0 0 0 0 0 0 0 0 0 0 0 0 0 0 0 0 0 0 0 0 0 0 0 0 0 0 0 0 0 0 0 0 0 0 0 0 0 0 0 0 0 0 0 0 0 0 0 0 0 0 0 0 0 0 0 0 0 0 0 0 0 0 0 0 0 0 0 0 0 0 0 0 0 0 0 0 0 0 0 0 0 0 0 0 0 0 0 0 0 0 0 0 0 0 0 0 0 0 0 0 0 0 0 0 0 0 0 0 0 0 0 0 0 0 0 0 0 0 0 0 0 0 0 0 0 0 0 0 0 0 0 0 0 0 0 0 0 0 0 0 0 0 0 0 0 0 0 0 0 0 0 0 0 0 0 0 0 0 0 0 0 0 0 0 0 0 0 0 0 0 0 0 0 0 0 0 0 0 0 0 0 0 0 0 0 0 0 0 0 0 0 0 0 0 0 0 0 0 0 0 0 0 0 0 0 0 0 0 0 0 0 0 0 0 0 0 0 0 0 0 0 0 0 0 0 0 0 0 0 0 0 0 0 0 0 0 0 0 0 0 0 0 0 0 0 0 0 0 0 0 0 0 0 0 0 0 0 0 0 0 0 0 0 0 0 0 0 0 0 0 0 0 0 0 0 0 0 0 0 0 0 0 0 0 0 0 0 0 0 0 0 0 0 0 0 0 0 0 0 0 0 0 0 0 0 0 0 0 0 0 0 0 0 0 0 0 0 0 0 0 0 0 0 0 0 0 0 0 0 0 0 0 0 0 0 0 0 0 0 0 0 0 0 0 0 0 0 0 0 0 0 0 0 0 0 0 0 0 0 0 0 0 0 0 0 0 0 0 0 0 0 0 0 0 0 0 0 0 0 0 0 0 0 0 0 0 0 0 0 0 0 0 0 0 0 0 0 0 0 0 0 0 0 0 0 0 0 0 0 0 0 0 0 0 0 0 0 0 0 0 0 0 0 0 0 0 0 0 0 0 0 0 0 0 0 0 0 0 0 0 0 0 0 0 0 0 0 0 0 0 0 0 0 0 0 0 0 0 0 0 0 0 0 0 0 0 0 0 0 0 0 0 0 0 0 0 0 0 0 0 0 0 0 0 0 0 0 0 0 0 0 0 0 0 0 0 0 0 0 0 0 0 0 0 0 0 0 0 0 0 0 0 0 0 0 0 0 0 0 0 0 0 0 0 0 0 0 0 0 0 0 0 0 0 0 0 0 0 0 0 0 0 0 0 0 0 0 0 0 0 0 0 0 0 0 0 0 0 0 0 0
 0 0 0 0 0 0 0 0 0 0 0 0 0 0 0 0 0 0 0 0 0 0 0 0 0 0 0 0 0 0 0 0 0 0 0 0 0 0 0 0 0 0 0 0 0 0 0 0 0 0 0 0 0 0 0 0 0 0 0 0 0 0 0 0 0 0 0 0 0 0 0 0 0 0 0 0 0 0 0 0 0 0 0 0 0 0 0 0 0 0 0 0 0 0 0 0 0 0 0 0 0 0 0 0 0 0 0 0 0 0 0 0 0 0 0 0 0 0 0 0 0 0 0 0 0 0 0 0 0 0 0 0 0 0 0 0 0 0 0 0 0 0 0 0 0 0 0 0 0 0 0 0 0 0 0 0 0 0 0 0 0 0 0 0 0 0 0 0 0 0 0 0 0 0 0 0 0 0 0 0 0 0 0 0 0 0 0 0 0 0 0 0 0 0 0 0 0 0 0 0 0 0 0 0 0 0 0 0 0 0 0 0 0 0 0 0 0 0 0 0 0 0 0 0 0 0 0 0 0 0 0 0 0 0 0 0 0 0 0 0 0 0 0 0 0 0 0 0 0 0 0 0 0 0 0 0 0 0 0 0 0 0 0 0 0 0 0 0 0 0 0 0 0 0 0 0 0 0 0 0 0 0 0 0 0 0 0 0 0 0 0 0 0 0 0 0 0 0 0 0 0 0 0 0 0 0 0 0 0 0 0 0 0 0 0 0 0 0 0 0 0 0 0 0 0 0 0 0 0 0 0 0 0 0 0 0 0 0 0 0 0 0 0 0 0 0 0 0 0 0 0 0 0 0 0 0 0 0 0 0 0 0 0 0 0 0 0 0 0 0 0 0 0 0 0 0 0 0 0 0 0 0 0 0 0 0 0 0 0 0 0 0 0 0 0 0 0 0 0 0 0 0 0 0 0 0 0 0 0 0 0 0 0 0 0 0 0 0 0 0 0 0 0 0 0 0 0 0 0 0 0 0 0 0 0 0 0 0 0 0 0 0 0 0 0 0 0 0 0 0 0 0 0 0 0 0 0 0 0 0 0 0 0 0 0 0 0 0 0 0 0 0 0 0 0 0 0 0 0 0 0 0 0 0 0 0 0 0 0 0 0 0 0 0 0 0 0 0 0 0 0 0 0 0 0 0 0 0 0 0 0 0 0 0 0 0 0 0 0 0 0 0 0 0 0 0 0 0 0 0 0 0 0 0 0 0 0 0 0 0 0 0 0 0 0 0 0 0 0 0 0 0 0 0 0 0 0 0 0 0 0 0 0 0 0 0 0 0 0 0 0 0 0 0 0 0 0 0 0 0 0 0 0 0 0 0 0 0 0 0 0 0 0 0 0 0 0 0 0 0
 0 0 0 0 0 0 0 0 0 0 0 0 0 0 0 0 0 0 0 0 0 0 0 0 0 0 0 0 0 0 0 0 0 0 0 0 0 0 0 0 0 0 0 0 0 0 0 0 0 0 0 0 0 0 0 0 0 0 0 0 0 0 0 0 0 0 0 0 0 0 0 0 0 0 0 0 0 0 0 0 0 0 0 0 0 0 0 0 0 0 0 0 0 0 0 0 0 0 0 0 0 0 0 0 0 0 0 0 0 0 0 0 0 0 0 0 0 0 0 0 0 0 0 0 0 0 0 0 0 0 0 0 0 0 0 0 0 0 0 0 0 0 0 0 0 0 0 0 0 0 0 0 0 0 0 0 0 0 0 0 0 0 0 0 0 0 0 0 0 0 0 0 0 0 0 0 0 0 0 0 0 0 0 0 0 0 0 0 0 0 0 0 0 0 0 0 0 0 0 0 0 0 0 0 0 0 0 0 0 0 0 0 0 0 0 0 0 0 0 0 0 0 0 0 0 0 0 0 0 0 0 0 0 0 0 0 0 0 0 0 0 0 0 0 0 0 0 0 0 0 0 0 0 0 0 0 0 0 0 0 0 0 0 0 0 0 0 0 0 0 0 0 0 0 0 0 0 0 0 0 0 0 0 0 0 0 0 0 0 0 0 0 0 0 0 0 0 0 0 0 0 0 0 0 0 0 0 0 0 0 0 0 0 0 0 0 0 0 0 0 0 0 0 0 0 0 0 0 0 0 0 0 0 0 0 0 0 0 0 0 0 0 0 0 0 0 0 0 0 0 0 0 0 0 0 0 0 0 0 0 0 0 0 0 0 0 0 0 0 0 0 0 0 0 0 0 0 0 0 0 0 0 0 0 0 0 0 0 0 0 0 0 0 0 0 0 0 0 0 0 0 0 0 0 0 0 0 0 0 0 0 0 0 0 0 0 0 0 0 0 0 0 0 0 0 0 0 0 0 0 0 0 0 0 0 0 0 0 0 0 0 0 0 0 0 0 0 0 0 0 0 0 0 0 0 0 0 0 0 0 0 0 0 0 0 0 0 0 0 0 0 0 0 0 0 0 0 0 0 0 0 0 0 0 0 0 0 0 0 0 0 0 0 0 0 0 0 0 0 0 0 0 0 0 0 0 0 0 0 0 0 0 0 0 0 0 0 0 0 0 0 0 0 0 0 0 0 0 0 0 0 0 0 0 0 0 0 0 0 0 0 0 0 0 0 0 0 0 0 0 0 0 0 0 0 0 0 0 0 0 0 0 0 0 0 0 0 0 0 0 0 0 0 0 0 0 0 0 0 0 0 0 0 0 0 0 0 0 0 0 0 0 0 0 0 0 0 0 0 0
 0 0 0 0 0 0 0 0 0 0 0 0 0 0 0 0 0 0 0 0 0 0 0 0 0 0 0 0 0 0 0 0 0 0 0 0 0 0 0 0 0 0 0 0 0 0 0 0 0 0 0 0 0 0 0 0 0 0 0 0 0 0 0 0 0 0 0 0 0 0 0 0 0 0 0 0 0 0 0 0 0 0 0 0 0 0 0 0 0 0 0 0 0 0 0 0 0 0 0 0 0 0 0 0 0 0 0 0 0 0 0 0 0 0 0 0 0 0 0 0 0 0 0 0 0 0 0 0 0 0 0 0 0 0 0 0 0 0 0 0 0 0 0 0 0 0 0 0 0 0 0 0 0 0 0 0 0 0 0 0 0 0 0 0 0 0 0 0 0 0 0 0 0 0 0 0 0 0 0 0 0 0 0 0 0 0 0 0 0 0 0 0 0 0 0 0 0 0 0 0 0 0 0 0 0 0 0 0 0 0 0 0 0 0 0 0 0 0 0 0 0 0 0 0 0 0 0 0 0 0 0 0 0 0 0 0 0 0 0 0 0 0 0 0 0 0 0 0 0 0 0 0 0 0 0 0 0 0 0 0 0 0 0 0 0 0 0 0 0 0 0 0 0 0 0 0 0 0 0 0 0 0 0 0 0 0 0 0 0 0 0 0 0 0 0 0 0 0 0 0 0 0 0 0 0 0 0 0 0 0 0 0 0 0 0 0 0 0 0 0 0 0 0 0 0 0 0 0 0 0 0 0 0 0.0005173082463443279 0.001831874949857593 0.003916866146028042 0.006780354306101799 0.01048724167048931 0.01510264538228512 0.02066941931843758 0.02712468057870865 0.03447014093399048 0.04273886978626251 0.05202389881014824 0.06243081763386726 0.073843814432621 0.08633792400360107 0.09993986785411835 0.1145087480545044 0.1300121545791626 0.146380752325058 0.1637088060379028 0.1818861812353134 0.2008676826953888 0.2207804322242737 0.2414263784885406 0.2627666294574738 0.2845911681652069 0.3069263100624084 0.3275965452194214 0.343791127204895 0.3536821603775024 0.3559673428535461 0.3498281836509705 0.3345728814601898 0.3178442418575287 0.3019520342350006 0.2868544459342957 0.2725117206573486 0.2588861286640167 0.2459418177604675 0.2336447238922119 0.2219624817371368 0.2108643651008606 0.200321152806282 0.1903050988912582 0.1807898432016373 0.1717503517866135 0.1631628274917603 0.1550046801567078 0.1472544521093369 0.139891728758812 0.1328971385955811 0.1262522786855698 0.1199396625161171 0.1139426827430725 0.1082455515861511 0.1028332710266113 0.097691610455513 0.09280703216791153 0.08816668391227722 0.08375834673643112 0.07957042753696442 0.07559190690517426 0.07181230932474136 0.06822169572114944 0.064810611307621 0.06157008185982704 0.05849157646298409 0.05556699633598328 0.05278864502906799 0.05014921352267265 0.04764175415039062 0.04525966569781303 0.04299668222665787 0.04084684699773788 0.03880450502038002 0.03686428070068359 0.03502106666564941 0.03327001258730888 0.03160651028156281 0.03002618439495564 0.02852487564086914 0.02709863148629665 0.02574370056390762 0.02445651590824127 0.02323368936777115 0.02207200415432453 0.02096840366721153 0.0199199840426445 0.01892398484051228 0.01797778531908989 0.01707889512181282 0.01622495055198669 0.01541370339691639 0.01464301813393831 0.01391086727380753 0.01321532391011715 0.01255455799400806 0.01192682981491089 0.01133048813790083 0.01076396368443966 0.01022576540708542 0.009714476764202118 0.009228752925992012 0.008767315186560154 0.008328949101269245 0.007912501692771912 0.007516876794397831 0.007141033187508583 0.006783981341868639 0.006444782484322786 0.006122543476521969 0.005816416349261999 0.005525595508515835 0.005249315872788429 0.004986850079149008 0.004737507551908493 0.004500632174313068 0.004275600425899029 0.004061820451170206 0.003858729498460889 0.003665792988613248 0.003482503350824118 0.003308378159999847 0.003142959205433726 0.002985811326652765 0.002836520783603191 0.002694694790989161 0.002559960121288896 0.002431962173432112 0.002310364041477442 0.002194845816120505 0.00208510342054069 0.001980848144739866 0.001881805714219809 0.001787715475074947 0.001698329695500433 0.001613413216546178 0.001532742520794272 0.001456105383113027 0.001383300172165036 0.001314135151915252 0.001248428365215659 0.001186006935313344 0.001126706600189209 0.001070371246896684 0.001016852678731084 0.0009660100331529975 0.0009177095489576459 0.0008718241006135941 0.0008282329072244465 0.0007868212414905429 0.000747480196878314 0.000710106163751334 0.0006746008293703198 0.0006408707704395056 0.0006088272202759981 0.0005783858359791338 0.0005494665238074958 0.0005219932063482702 0.0004958935314789414 0.0004710988432634622 0.0004475438909139484 0.0004251666832715273 0.0004039083432871848 0.0003837129333987832 0.000364527280908078 0.0003463009197730571 0.000328985886881128 0.0003125366056337953 0.0002969097695313394 0.0002820642839651555 0.0002679610624909401 0.0002545629977248609 0.0002418348449282348 0.0002297431055922061 0.0002182559546781704 0.0002073431533062831 0.0001969759905477986 0.000187127196113579 0.0001777708384906873 0.0001688822958385572 0.0001604381832294166 0.0001524162798887119 0.0001447954709874466 0.0001375557039864361 0.0001306779158767313 0.0001241440186277032 0.0001179368191515096 0.0001120399756473489 0.0001064379757735878 0.0001011160784401 9.6060277428478e-05 9.125726501224563e-05 8.669440285302699e-05 8.235968562075868e-05 7.824170461390167e-05 7.432961865561083e-05 7.061313954181969e-05 6.708248110953718e-05 6.372835923684761e-05 6.054194091120735e-05 5.751484422944486e-05 5.463910201797262e-05 5.190714728087187e-05 4.93117913720198e-05 4.684620216721669e-05 4.45038931502495e-05 4.22786979470402e-05 4.016476304968819e-05 3.815652598859742e-05 3.624870078056119e-05 3.443626701482572e-05 3.271445530117489e-05 3.107873271801509e-05 2.952479553641751e-05 2.80485564871924e-05 2.664612838998437e-05 2.531382233428303e-05 2.404813130851835e-05 2.284572474309243e-05 2.170343941543251e-05 2.061826671706513e-05 1.958735265361611e-05 1.860798511188477e-05 1.76775865838863e-05 1.67937068908941e-05 1.595402136445045e-05 1.515631993243005e-05 1.43985034810612e-05 1.367857839795761e-05 1.299464929616079e-05 1.234491719515063e-05 1.17276713353931e-05 1.114128735935083e-05 1.058422276400961e-05 1.005501144391019e-05 9.55226096266415e-06 9.074648005480412e-06 8.620915650681127e-06 8.189869731722865e-06 7.780376108712517e-06 7.391357485175831e-06 7.021789770078612e-06 6.670700258837314e-06 6.337165359582286e-06 6.020306955178967e-06 5.719291493733181e-06 5.433326805359684e-06 5.161660283192759e-06 4.903577064396814e-06 4.658398211176973e-06 4.425478437042329e-06 4.204204742563888e-06 3.993994596385164e-06 3.794294798353803e-06 3.604580115279532e-06 3.424351007197401e-06 3.253133399994113e-06 3.090476639044937e-06 2.93595280709269e-06 2.789155132632004e-06 2.649697307788301e-06 2.517212351449416e-06 2.391351699770894e-06 2.271784069307614e-06 2.158194774892763e-06 2.050285047516809e-06 1.947770897459122e-06
 0 0 0 0 0 0 0 0 0 0 0 0 0 0 0 0 0 0 0 0 0 0 0 0 0 0 0 0 0 0 0 0 0 0 0 0 0 0 0 0 0 0 0 0 0 0 0 0 0 0 0 0 0 0 0 0 0 0 0 0 0 0 0 0 0 0 0 0 0 0 0 0 0 0 0 0 0 0 0 0 0 0 0 0 0 0 0 0 0 0 0 0 0 0 0 0 0 0 0 0 0 0 0 0 0 0 0 0 0 0 0 0 0 0 0 0 0 0 0 0 0 0 0 0 0 0 0 0 0 0 0 0 0 0 0 0 0 0 0 0 0 0 0 0 0 0 0 0 0 0 0 0 0 0 0 0 0 0 0 0 0 0 0 0 0 0 0 0 0 0 0 0 0 0 0 0 0 0 0 0 0 0 0 0 0 0 0 0 0 0 0 0 0 0 0 0 0 0 0 0 0 0 0 0 0 0 0 0 0 0 0 0 0 0 0 0 0 0 0 0 0 0 0 0 0 0 0 0 0 0 0 0 0 0 0 0 0 0 0 0 0 0 0 0 0 0 0 0 0 0 0 0 0 0 0 0 0 0 0 0 0 0 0 0 0 0 0 0 0 0 0 0 0 0 0 0 0 0 0 0 0 0 0 0 0 0 0 0 0 0 0 0 0 0 0 0 0 0 0 0 0 0 0 0 0 0 0 0 0 0 0 0 0 0 0 0 0 0 0 0 0 0 0 0 0 0 0 0 0 0 0 0 0 0 0 0 0 0 0 0 0 0 0 0 0 0 0 0 0 0 0 0 0 0 0 0 0 0 0 0 0 0 0 0 0 0 0 0 0 0 0 0 0 0 0 0 0 0 0 0 0 0 0 0 0 0 0 0 0 0 0 0 0 0 0 0 0 0 0 0 0 0 0 0 0 0 0 0 0 0 0 0 0 0 0 0 0 0 0 0 0 0 0 0 0 0 0 0 0 0 0 0 0 0 0 0 0 0 0 0 0 0 0 0 0 0 0 0 0 0 0 0 0 0 0 0 0 0 0 0 0 0 0 0 0 0 0 0 0 0 0 0 0 0 0 0 0 0 0 0 0 0 0 0 0 0 0 0 0 0 0 0 0 0 0 0 0 0 0 0 0 0 0 0 0 0 0 0 0 0 0 0 0 0 0 0 0 0 0 0 0 0 0 0 0 0 0 0 0 0 0 0 0 0 0 0 0 0 0 0 0 0 0 0 0 0 0 0 0 0 0 0 0 0 0 0 0 0 0 0 0 0 0 0 0 0 0 0 0 0 0 0 0 0 0 0 0 0 0 0 0 0 0 0 0 0 0 0 0 0 0 0 0 0 0 0 0 0 0 0
 0 0 0 0 0 0 0 0 0 0 0 0 0 0 0 0 0 0 0 0 0 0 0 0 0 0 0 0 0 0 0 0 0 0 0 0 0 0 0 0 0 0 0 0 0 0 0 0 0 0 0 0 0 0 0 0 0 0 0 0 0 0 0 0 0 0 0 0 0 0 0 0 0 0 0 0 0 0 0 0 0 0 0 0 0 0 0 0 0 0 0 0 0 0 0 0 0 0 0 0 0 0 0 0 0 0 0 0 0 0 0 0 0 0 0 0 0 0 0 0 0 0 0 0 0 0 0 0 0 0 0 0 0 0 0 0 0 0 0 0 0 0 0 0 0 0 0 0 0 0 0 0 0 0 0 0 0 0 0 0 0 0 0 0 0 0 0 0 0 0 0 0 0 0 0 0 0 0 0 0 0 0 0 0 0 0 0 0 0 0 0 0 0 0 0 0 0 0 0 0 0 0 0 0 0 0 0 0 0 0 0 0 0 0 0 0 0 0 0 0 0 0 0 0 0 0 0 0 0 0 0 0 0 0 0 0 0 0 0 0 0 0 0 0 0 0 0 0 0 0 0 0 0 0 0 0 0 0 0 0 0 0 0 0 0 0 0 0 0 0 0 0 0 0 0 0 0 0 0 0 0 0 0 0 0 0 0 0 0 0 0 0 0 0 0 0 0 0 0 0 0 0 0 0 0 0 0 0 0 0 0 0 0 0 0 0 0 0 0 0 0 0 0 0 0 0 0 0 0 0 0 0 0 0 0 0 0 0 0 0 0 0 0 0 0 0 0 0 0 0 0 0 0 0 0 0 0 0 0 0 0 0 0 0 0 0 0 0 0 0 0 0 0 0 0 0 0 0 0 0 0 0 0 0 0 0 0 0 0 0 0 0 0 0 0 0 0 0 0 0 0 0 0 0 0 0 0 0 0 0 0 0 0 0 0 0 0 0 0 0 0 0 0 0 0 0 0 0 0 0 0 0 0 0 0 0 0 0 0 0 0 0 0 0 0 0 0 0 0 0 0 0 0 0 0 0 0 0 0 0 0 0 0 0 0 0 0 0 0 0 0 0 0 0 0 0 0 0 0 0 0 0 0 0 0 0 0 0 0 0 0 0 0 0 0 0 0 0 0 0 0 0 0 0 0 0 0 0 0 0 0 0 0 0 0 0 0 0 0 0 0 0 0 0 0 0 0 0 0 0 0 0 0 0 0 0 0 0 0 0 0 0 0 0 0 0 0 0 0 0 0 0 0 0 0 0 0 0 0 0 0 0 0 0 0 0 0 0 0 0 0 0 0 0 0 0 0 0 0 0 0 0 0 0 0 0 0 0 0 0 0 0 0 0 0 0 0 0 0 0
 0 0 0 0 0 0 0 0 0 0 0 0 0 0 0 0 0 0 0 0 0 0 0 0 0 0 0 0 0 0 0 0 0 0 0 0 0 0 0 0 0 0 0 0 0 0 0 0 0 0 0 0 0 0 0 0 0 0 0 0 0 0 0 0 0 0 0 0 0 0 0 0 0 0 0 0 0 0 0 0 0 0 0 0 0 0 0 0 0 0 0 0 0 0 0 0 0 0 0 0 0 0 0 0 0 0 0 0 0 0 0 0 0 0 0 0 0 0 0 0 0 0 0 0 0 0 0 0 0 0 0 0 0 0 0 0 0 0 0 0 0 0 0 0 0 0 0 0 0 0 0 0 0 0 0 0 0 0 0 0 0 0 0 0 0 0 0 0 0 0 0 0 0 0 0 0 0 0 0 0 0 0 0 0 0 0 0 0 0 0 0 0 0 0 0 0 0 0 0 0 0 0 0 0 0 0 0 0 0 0 0 0 0 0 0 0 0 0 0 0 0 0 0 0 0 0 0 0 0 0 0 0 0 0 0 0 0 0 0 0 0 0 0 0 0 0 0 0 0 0 0 0 0 0 0 0 0 0 0 0 0 0 0 0 0 0 0 0 0 0 0 0 0 0 0 0 0 0 0 0 0 0 0 0 0 0 0 0 0 0 0 0 0 0 0 0 0 0 0 0 0 0 0 0 0 0 0 0 0 0 0 0 0 0 0 0 0 0 0 0 0 0 0 0 0 0 0 0 0 0 0 0 0 0 0 0 0 0 0 0 0 0 0 0 0 0 0 0 0 0 0 0 0 0 0 0 0 0 0 0 0 0 0 0 0 0 0 0 0 0 0 0 0 0 0 0 0 0 0 0 0 0 0 0 0 0 0 0 0 0 0 0 0 0 0 0 0 0 0 0 0 0 0 0 0 0 0 0 0 0 0 0 0 0 0 0 0 0 0 0 0 0 0 0 0 0 0 0 0 0 0 0 0 0 0 0 0 0 0 0 0 0 0 0 0 0 0 0 0 0 0 0 0 0 0 0 0 0 0 0 0 0 0 0 0 0 0 0 0 0 0 0 0 0 0 0 0 0 0 0 0 0 0 0 0 0 0 0 0 0 0 0 0 0 0 0 0 0 0 0 0 0 0 0 0 0 0 0 0 0 0 0 0 0 0 0 0 0 0 0 0 0 0 0 0 0 0 0 0 0 0 0 0 0 0 0 0 0 0 0 0 0 0 0 0 0 0 0 0 0 0 0 0 0 0 0 0 0 0 0 0 0 0 0 0 0 0 0 0 0 0 0 0 0 0 0 0 0 0 0 0 0 0 0 0 0 0 0 0 0 0 0 0 0 0 0 0 0 0 0
 0 0 0 0 0 0 0 0 0 0 0 0 0 0 0 0 0 0 0 0 0 0 0 0 0 0 0 0 0 0 0 0 0 0 0 0 0 0 0 0 0 0 0 0 0 0 0 0 0 0 0 0 0 0 0 0 0 0 0 0 0 0 0 0 0 0 0 0 0 0 0 0 0 0 0 0 0 0 0 0 0 0 0 0 0 0 0 0 0 0 0 0 0 0 0 0 0 0 0 0 0 0 0 0 0 0 0 0 0 0 0 0 0 0 0 0 0 0 0 0 0 0 0 0 0 0 0 0 0 0 0 0 0 0 0 0 0 0 0 0 0 0 0 0 0 0 0 0 0 0 0 0 0 0 0 0 0 0 0 0 0 0 0 0 0 0 0 0 0 0 0 0 0 0 0 0 0 0 0 0 0 0 0 0 0 0 0 0 0 0 0 0 0 0 0 0 0 0 0 0 0 0 0 0 0 0 0 0 0 0 0 0 0 0 0 0 0 0 0 0 0 0 0 0 0 0 0 0 0 0 0 0 0 0 0 0 0 0 0 0 0 0 0 0 0 0 0 0 0 0 0 0 0 0 0 0 0 0 0 0 0 0 0 0 0 0 0 0 0 0 0 0 0 0 0 0 0 0 0 0 0 0 0 0 0 0 0 0 0 0 0 0 0 0 0 0 0 0 0 0 0 0 0 0 0 0 0 0 0 0 0 0 0 0 0 0 0 0 0 0 0 0 0 0 0 0 0 0 0 0 0 0 0 0 0.0003329476458020508 0.001367272110655904 0.003034952096641064 0.005446109920740128 0.008651156909763813 0.01267124153673649 0.01750910468399525 0.02311432920396328 0.02944702282547951 0.0365230068564415 0.04445338994264603 0.05335325002670288 0.06316926330327988 0.07387605309486389 0.08538453280925751 0.09784975647926331 0.111387237906456 0.1258862614631653 0.1413463801145554 0.1577507704496384 0.1752559095621109 0.1937591880559921 0.2133275419473648 0.2339999377727509 0.2555940747261047 0.2780870795249939 0.3011166751384735 0.3222292959690094 0.3390505909919739 0.3497952520847321 0.3532370328903198 0.3484187722206116 0.3346489667892456 0.3179165124893188 0.3020206987857819 0.2869196534156799 0.2725736796855927 0.2589449882507324 0.245997741818428 0.2336978614330292 0.2220129668712616 0.2109123170375824 0.2003667056560516 0.1903483718633652 0.1808309555053711 0.1717894077301025 0.1631999313831329 0.1550399363040924 0.1472879350185394 0.1399235427379608 0.1329273581504822 0.1262809932231903 0.119966946542263 0.1139685958623886 0.1082701683044434 0.1028566583991051 0.09771382808685303 0.09282813966274261 0.08818673342466354 0.08377739787101746 0.07958852499723434 0.07560909539461136 0.07182864099740982 0.06823720782995224 0.06482534855604172 0.06158408150076866 0.05850487574934959 0.05557963252067566 0.05280065163969994 0.05016062036156654 0.04765259101986885 0.04526996240019798 0.04300646483898163 0.04085614159703255 0.03881333395838737 0.03687266632914543 0.03502903133630753 0.03327757865190506 0.03161370009183884 0.03003301471471786 0.02853136323392391 0.02710479497909546 0.02574955485761166 0.02446207776665688 0.02323897369205952 0.02207702584564686 0.02097317390143871 0.01992451585829258 0.01892828941345215 0.0179818756878376 0.01708278246223927 0.01622864417731762 0.01541721168905497 0.01464635133743286 0.01391403377056122 0.01321833208203316 0.01255741529166698 0.01192954462021589 0.01133306697010994 0.01076641399413347 0.01022809371352196 0.00971668865531683 0.009230853989720345 0.008769311010837555 0.008330845274031162 0.007914302870631218 0.0075185876339674 0.007142658345401287 0.006785525474697351 0.006446249317377806 0.006123936735093594 0.005817739758640528 0.005526852793991566 0.005250510293990374 0.004987984895706177 0.00473858555778861 0.004501656163483858 0.004276573192328215 0.004062744323164225 0.00385960703715682 0.003666626755148172 0.003483295440673828 0.003309130668640137 0.003143674228340387 0.002986490493640304 0.002837165957316756 0.002695307601243258 0.00256054219789803 0.00243251514621079 0.002310889307409525 0.002195344772189856 0.00208557746373117 0.001981298672035336 0.001882233773358166 0.001788122113794088 0.001698715961538255 0.001613780157640576 0.001533091184683144 0.001456436584703624 0.001383614726364613 0.001314433990046382 0.001248712302185595 0.001186276669614017 0.00112696283031255 0.001070614671334624 0.001017083879560232 0.0009662297088652849 0.0009179182234220207 0.0008720222976990044 0.0008284212090075016 0.0007870001718401909 0.0007476501632481813 0.0007102676318027079 0.0006747542647644877 0.0006410165224224329 0.0006089656963013113 0.0005785173852927983 0.000549591495655477 0.0005221118917688727 0.0004960062797181308 0.0004712059744633734 0.0004476456670090556 0.000425263395300135 0.0004040002240799367 0.000383800215786323 0.0003646101977210492 0.000346379674738273 0.0003290606837254018 0.0003126076480839401 0.0002969772613141686 0.0002821283997036517 0.000268021976808086 0.0002546208852436393 0.0002418898366158828 0.000229795346967876 0.0002183055767090991 0.000207390301511623 0.0001970207813428715 0.0001871697459137067 0.0001778112637111917 0.0001689206983428448 0.0001604746648808941 0.0001524509279988706 0.0001448283874196932 0.0001375869615003467 0.0001307076163357124 0.000124172234791331 0.0001179636237793602 0.0001120654414989986 0.000106462168332655 0.0001011390631902032 9.608211257727817e-05 9.127800876740366e-05 8.671410614624619e-05 8.237839938374236e-05 7.825947977835312e-05 7.434650615323335e-05 7.062918302835897e-05 6.70977242407389e-05 6.374283839249983e-05 6.055569610907696e-05 5.752791184931993e-05 5.465151480166242e-05 5.191893797018565e-05 4.932299270876683e-05 4.685684325522743e-05 4.45139994553756e-05 4.228829857311212e-05 4.017388346255757e-05 3.816518801613711e-05 3.625692988862284e-05 3.444408503128216e-05 3.272188041592017e-05 3.108578675892204e-05 2.953149669338018e-05 2.805492113111541e-05 2.665217471076176e-05 2.531956670281943e-05 2.405358827672899e-05 2.285090886289254e-05 2.170836341974791e-05 2.062294515781105e-05 1.959179826371837e-05 1.861220880527981e-05 1.768159927451052e-05 1.679751949268393e-05 1.595764297235291e-05 1.515976055088686e-05 1.440177220501937e-05 1.368168341286946e-05 1.299759969697334e-05 1.234771934832679e-05 1.173033342638519e-05 1.114381666411646e-05 1.058662564901169e-05 1.005729427561164e-05 9.554429198033176e-06 9.076708010979928e-06 8.622872883279342e-06 8.191729648387991e-06 7.782143256918062e-06 7.393035957647953e-06 7.02338411429082e-06 6.672215022263117e-06 6.338604180200491e-06 6.021673925715731e-06 5.720590252167312e-06 5.434560534922639e-06 5.162832621863345e-06 4.904691195406485e-06 4.659456863009837e-06 4.426483883435139e-06 4.20515971200075e-06 3.994901817350183e-06 3.795156771957409e-06 3.605398887884803e-06 3.425128852541093e-06 3.253872364439303e-06 3.091178768954705e-06 2.93661992145644e-06 2.789788823065464e-06 2.650299393280875e-06 2.517784423616831e-06 2.391895122855203e-06 2.272300434924546e-06 2.15868544728437e-06
 0 0 0 0 0 0 0 0 0 0 0 0 0 0 0 0 0 0 0 0 0 0 0 0 0 0 0 0 0 0 0 0 0 0 0 0 0 0 0 0 0 0 0 0 0 0 0 0 0 0 0 0 0 0 0 0 0 0 0 0 0 0 0 0 0 0 0 0 0 0 0 0 0 0 0 0 0 0 0 0 0 0 0 0 0 0 0 0 0 0 0 0 0 0 0 0 0 0 0 0 0 0 0 0 0 0 0 0 0 0 0 0 0 0 0 0 0 0 0 0 0 0 0 0 0 0 0 0 0 0 0 0 0 0 0 0 0 0 0 0 0 0 0 0 0 0 0 0 0 0 0 0 0 0 0 0 0 0 0 0 0 0 0 0 0 0 0 0 0 0 0 0 0 0 0 0 0 0 0 0 0 0 0 0 0 0 0 0 0 0 0 0 0 0 0 0 0 0 0 0 0 0 0 0 0 0 0 0 0 0 0 0 0 0 0 0 0 0 0 0 0 0 0 0 0 0 0 0 0 0 0 0 0 0 0 0 0 0 0 0 0 0 0 0 0 0 0 0 0 0 0 0 0 0 0 0 0 0 0 0 0 0 0 0 0 0 0 0 0 0 0 0 0 0 0 0 0 0 0 0 0 0 0 0 0 0 0 0 0 0 0 0 0 0 0 0 0 0 0 0 0 0 0 0 0 0 0 0 0 0 0 0 0 0 0 0 0 0 0 0 0 0 0 0 0 0 0 0 0 0 0 0 0 0 0 0 0 0 0 0 0 0 0 0 0 0 0 0 0 0 0 0 0 0 0 0 0 0 0 0 0 0 0 0 0 0 0 0 0 0 0 0 0 0 0 0 0 0 0 0 0 0 0 0 0 0 0 0 0 0 0 0 0 0 0 0 0 0 0 0 0 0 0 0 0 0 0 0 0 0 0 0 0 0 0 0 0 0 0 0 0 0 0 0 0 0 0 0 0 0 0 0 0 0 0 0 0 0 0 0 0 0 0 0 0 0 0 0 0 0 0 0 0 0 0 0 0 0 0 0 0 0 0 0 0 0 0 0 0 0 0 0 0 0 0 0 0 0 0 0 0 0 0 0 0 0 0 0 0 0 0 0 0 0 0 0 0 0 0 0 0 0 0 0 0 0 0 0 0 0 0 0 0 0 0 0 0 0 0 0 0 0 0 0 0 0 0 0 0 0 0 0 0 0 0 0 0 0 0 0 0 0 0 0 0 0 0 0 0 0 0 0 0 0 0 0 0 0 0 0 0 0 0 0 0 0 0 0 0 0 0 0 0 0 0 0 0 0 0 0 0 0 0 0 0 0 0 0 0 0 0 0 0 0 0 0 0 0 0 0
 0 0 0 0 0 0 0 0 0 0 0 0 0 0 0 0 0 0 0 0 0 0 0 0 0 0 0 0 0 0 0 0 0 0 0 0 0 0 0 0 0 0 0 0 0 0 0 0 0 0 0 0 0 0 0 0 0 0 0 0 0 0 0 0 0 0 0 0 0 0 0 0 0 0 0 0 0 0 0 0 0 0 0 0 0 0 0 0 0 0 0 0 0 0 0 0 0 0 0 0 0 0 0 0 0 0 0 0 0 0 0 0 0 0 0 0 0 0 0 0 0 0 0 0 0 0 0 0 0 0 0 0 0 0 0 0 0 0 0 0 0 0 0 0 0 0 0 0 0 0 0 0 0 0 0 0 0 0 0 0 0 0 0 0 0 0 0 0 0 0 0 0 0 0 0 0 0 0 0 0 0 0 0 0 0 0 0 0 0 0 0 0 0 0 0 0 0 0 0 0 0 0 0 0 0 0 0 0 0 0 0 0 0 0 0 0 0 0 0 0 0 0 0 0 0 0 0 0 0 0 0 0 0 0 0 0 0 0 0 0 0 0 0 0 0 0 0 0 0 0 0 0 0 0 0 0 0 0 0 0 0 0 0 0 0 0 0 0 0 0 0 0 0 0 0 0 0 0 0 0 0 0 0 0 0 0 0 0 0 0 0 0 0 0 0 0 0 0 0 0 0 0 0 0 0 0 0 0 0 0 0 0 0 0 0 0 0 0 0 0 0 0 0 0 0 0 0 0 0 0 0 0 0 0 0 0 0 0 0 0 0 0 0 0 0 0 0 0 0 0 0 0 0 0 0 0 0 0 0 0 0 0 0 0 0 0 0 0 0 0 0 0 0 0 0 0 0 0 0 0 0 0 0 0 0 0 0 0 0 0 0 0 0 0 0 0 0 0 0 0 0 0 0 0 0 0 0 0 0 0 0 0 0 0 0 0 0 0 0 0 0 0 0 0 0 0 0 0 0 0 0 0 0 0 0 0 0 0 0 0 0 0 0 0 0 0 0 0 0 0 0 0 0 0 0 0 0 0 0 0 0 0 0 0 0 0 0 0 0 0 0 0 0 0 0 0 0 0 0 0 0 0 0 0 0 0 0 0 0 0 0 0 0 0 0 0 0 0 0 0 0 0 0 0 0 0 0 0 0 0 0 0 0 0 0 0 0 0 0 0 0 0 0 0 0 0 0 0 0 0 0 0 0 0 0 0 0 0 0 0 0 0 0 0 0 0 0 0 0 0 0 0 0 0 0 0 0 0 0 0 0 0 0 0 0 0 0 0 0 0 0 0 0 0 0 0 0 0 0 0 0 0 0 0 0 0 0 0 0 0 0 0 0 0 0 0 0 0 0 0
 0 0 0 0 0 0 0 0 0 0 0 0 0 0 0 0 0 0 0 0 0 0 0 0 0 0 0 0 0 0 0 0 0 0 0 0 0 0 0 0 0 0 0 0 0 0 0 0 0 0 0 0 0 0 0 0 0 0 0 0 0 0 0 0 0 0 0 0 0 0 0 0 0 0 0 0 0 0 0 0 0 0 0 0 0 0 0 0 0 0 0 0 0 0 0 0 0 0 0 0 0 0 0 0 0 0 0 0 0 0 0 0 0 0 0 0 0 0 0 0 0 0 0 0 0 0 0 0 0 0 0 0 0 0 0 0 0 0 0 0 0 0 0 0 0 0 0 0 0 0 0 0 0 0 0 0 0 0 0 0 0 0 0 0 0 0 0 0 0 0 0 0 0 0 0 0 0 0 0 0 0 0 0 0 0 0 0 0 0 0 0 0 0 0 0 0 0 0 0 0 0 0 0 0 0 0 0 0 0 0 0 0 0 0 0 0 0 0 0 0 0 0 0 0 0 0 0 0 0 0 0 0 0 0 0 0 0 0 0 0 0 0 0 0 0 0 0 0 0 0 0 0 0 0 0 0 0 0 0 0 0 0 0 0 0 0 0 0 0 0 0 0 0 0 0 0 0 0 0 0 0 0 0 0 0 0 0 0 0 0 0 0 0 0 0 0 0 0 0 0 0 0 0 0 0 0 0 0 0 0 0 0 0 0 0 0 0 0 0 0 0 0 0 0 0 0 0 0 0 0 0 0 0 0 0 0 0 0 0 0 0 0 0 0 0 0 0 0 0 0 0 0 0 0 0 0 0 0 0 0 0 0 0 0 0 0 0 0 0 0 0 0 0 0 0 0 0 0 0 0 0 0 0 0 0 0 0 0 0 0 0 0 0 0 0 0 0 0 0 0 0 0 0 0 0 0 0 0 0 0 0 0 0 0 0 0 0 0 0 0 0 0 0 0 0 0 0 0 0 0 0 0 0 0 0 0 0 0 0 0 0 0 0 0 0 0 0 0 0 0 0 0 0 0 0 0 0 0 0 0 0 0 0 0 0 0 0 0 0 0 0 0 0 0 0 0 0 0 0 0 0 0 0 0 0 0 0 0 0 0 0 0 0 0 0 0 0 0 0 0 0 0 0 0 0 0 0 0 0 0 0 0 0 0 0 0 0 0 0 0 0 0 0 0 0 0 0 0 0 0 0 0 0 0 0 0 0 0 0 0 0 0 0 0 0 0 0 0 0 0 0 0 0 0 0 0 0 0 0 0 0 0 0 0 0 0 0 0 0 0 0 0 0 0 0 0 0 0 0 0 0 0 0 0 0 0 0 0 0 0 0 0 0 0 0 0 0 0 0 0
 0 0 0 0 0 0 0 0 0 0 0 0 0 0 0 0 0 0 0 0 0 0 0 0 0 0 0 0 0 0 0 0 0 0 0 0 0 0 0 0 0 0 0 0 0 0 0 0 0 0 0 0 0 0 0 0 0 0 0 0 0 0 0 0 0 0 0 0 0 0 0 0 0 0 0 0 0 0 0 0 0 0 0 0 0 0 0 0 0 0 0 0 0 0 0 0 0 0 0 0 0 0 0 0 0 0 0 0 0 0 0 0 0 0 0 0 0 0 0 0 0 0 0 0 0 0 0 0 0 0 0 0 0 0 0 0 0 0 0 0 0 0 0 0 0 0 0 0 0 0 0 0 0 0 0 0 0 0 0 0 0 0 0 0 0 0 0 0 0 0 0 0 0 0 0 0 0 0 0 0 0 0 0 0 0 0 0 0 0 0 0 0 0 0 0 0 0 0 0 0 0 0 0 0 0 0 0 0 0 0 0 0 0 0 0 0 0 0 0 0 0 0 0 0 0 0 0 0 0 0 0 0 0 0 0 0 0 0 0 0 0 0 0 0 0 0 0 0 0 0 0 0 0 0 0 0 0 0 0 0 0 0 0 0 0 0 0 0 0 0 0 0 0 0 0 0 0 0 0 0 0 0 0 0 0 0 0 0 0 0 0 0 0 0 0 0 0 0 0 0 0 0 0 0 0 0 0 0 0 0 0 0 0 0 0 0 0 0 0 0 0 0 0 0 0 0 0 0 0 0 0 0 0 0 0.0003680163354147226 0.001458382117561996 0.003409657161682844 0.006219981238245964 0.009915735572576523 0.01450685597956181 0.01993975974619389 0.02627358585596085 0.0334644615650177 0.04150202125310898 0.05031286925077438 0.05999265238642693 0.07063198834657669 0.08212981373071671 0.09440599381923676 0.1074090972542763 0.1211160123348236 0.1356052905321121 0.1509113013744354 0.1669696122407913 0.1837816834449768 0.2012698203325272 0.2194359600543976 0.2383169531822205 0.2578120529651642 0.2776844203472137 0.2967332601547241 0.3123432099819183 0.3226695656776428 0.3264811038970947 0.3228307068347931 0.3109272122383118 0.2953808605670929 0.2806118130683899 0.2665812373161316 0.2532521784305573 0.2405895739793777 0.2285600900650024 0.2171320915222168 0.2062754929065704 0.1959617137908936 0.1861636340618134 0.1768554449081421 0.1680126786231995 0.1596120446920395 0.1516314446926117 0.1440498679876328 0.1368473768234253 0.1300050020217896 0.123504750430584 0.117329515516758 0.1114630401134491 0.1058898866176605 0.1005953922867775 0.09556562453508377 0.09078734368085861 0.08624797314405441 0.0819355770945549 0.07783880084753036 0.07394686341285706 0.0702495202422142 0.06673704087734222 0.06340018659830093 0.06023017689585686 0.05721866711974144 0.05435773357748985 0.05163984745740891 0.04905785620212555 0.04660496488213539 0.0442747175693512 0.0420609824359417 0.0399579331278801 0.03796003758907318 0.03606203570961952 0.03425893560051918 0.03254598751664162 0.03091868758201599 0.02937275357544422 0.02790411561727524 0.02650891058146954 0.02518346533179283 0.02392429113388062 0.02272807620465755 0.02159167267382145 0.02051208913326263 0.01948648504912853 0.01851216144859791 0.01758655346930027 0.01670722663402557 0.01587186567485332 0.01507827267050743 0.01432435866445303 0.01360814087092876 0.01292773336172104 0.01228134706616402 0.0116672795265913 0.01108391582965851 0.0105297202244401 0.01000323425978422 0.009503072127699852 0.009027918800711632 0.008576522581279278 0.008147696033120155 0.007740311324596405 0.00735329557210207 0.006985630840063095 0.006636349484324455 0.006304531823843718 0.005989305209368467 0.005689839832484722 0.005405347794294357 0.005135080311447382 0.004878326319158077 0.00463441014289856 0.004402689635753632 0.004182555247098207 0.003973427694290876 0.003774756332859397 0.003586018458008766 0.00340671744197607 0.003236381569877267 0.003074562409892678 0.002920834347605705 0.002774792723357677 0.002636053133755922 0.002504250500351191 0.002379037905484438 0.002260086126625538 0.002147081773728132 0.002039727754890919 0.001937741413712502 0.001840854296460748 0.001748811569996178 0.001661370974034071 0.001578302471898496 0.001499387319199741 0.001424417947418988 0.00135319703258574 0.001285537146031857 0.001221260288730264 0.001160197309218347 0.001102187437936664 0.001047078054398298 0.0009947241051122546 0.0009449878707528114 0.0008977385004982352 0.000852851546369493 0.0008102089632302523 0.0007696985267102718 0.0007312136003747582 0.0006946529028937221 0.0006599202752113342 0.0006269242730922997 0.0005955780507065356 0.0005657991277985275 0.0005375091568566859 0.0005106336902827024 0.0004851020057685673 0.0004608469025697559 0.0004378045559860766 0.000415914342738688 0.0003951186372432858 0.0003753626951947808 0.0003565945662558079 0.0003387648321222514 0.0003218265774194151 0.0003057352441828698 0.0002904484863393009 0.0002759260532911867 0.000262129760812968 0.0002490232582204044 0.0002365721011301503 0.0002247434895252809 0.000213506311411038 0.0002028309972956777 0.0001926894474308938 0.0001830549736041576 0.0001739022263791412 0.0001652071077842265 0.0001569467567605898 0.0001490994181949645 0.0001416444429196417 0.0001345622149528936 0.0001278341078432277 0.0001214424046338536 0.0001153702833107673 0.000109601765871048 0.0001041216746671125 9.891558875096962e-05 9.396980749443173e-05 8.92713142093271e-05 8.480774704366922e-05 8.056736260186881e-05 7.653899228898808e-05 7.27120423107408e-05 6.907644274178892e-05 6.562261842191219e-05 6.234148895600811e-05 5.922441414440982e-05 5.626319398288615e-05 5.345003592083231e-05 5.077753303339705e-05 4.823865674552508e-05 4.582672409014776e-05 4.353538679424673e-05 4.135861672693864e-05 3.929068770958111e-05 3.732615368789993e-05 3.545984509401023e-05 3.368685429450125e-05 3.200251012458466e-05 3.040238516405225e-05 2.88822666334454e-05 2.743815275607631e-05 2.606624548207037e-05 2.476293229847215e-05 2.352478622924536e-05 2.234854764537886e-05 2.12311206269078e-05 2.016956386796664e-05 1.916108521982096e-05 1.820303077693097e-05 1.729287941998336e-05 1.642823553993367e-05 1.560682358103804e-05 1.482648258388508e-05 1.408515890943818e-05 1.338090078206733e-05 1.271185556106502e-05 1.207626246468863e-05 1.147244893218158e-05 1.089882607629988e-05 1.03538850453333e-05 9.83619065664243e-06 9.344381396658719e-06 8.877162144926842e-06 8.433304174104705e-06 8.01163878350053e-06 7.611056844325503e-06 7.23050379747292e-06 6.86897874402348e-06 6.525529897771776e-06 6.199253220984247e-06 5.889290605409769e-06 5.594826234300854e-06 5.315084763424238e-06 5.049330411566189e-06 4.796863777301041e-06 4.557020474749152e-06 4.329169314587489e-06 4.112710939807585e-06 3.907075551978778e-06 3.711721774379839e-06 3.526135742504266e-06 3.349829057697207e-06 3.182337650287081e-06 3.023220870090881e-06 2.87205989479844e-06 2.728456820477732e-06 2.592033979453845e-06 2.462432348693255e-06 2.339310640309122e-06 2.222345074187615e-06 2.111227786372183e-06 2.005666374316206e-06 1.905383101075131e-06
 0 0 0 0 0 0 0 0 0 0 0 0 0 0 0 0 0 0 0 0 0 0 0 0 0 0 0 0 0 0 0 0 0 0 0 0 0 0 0 0 0 0 0 0 0 0 0 0 0 0 0 0 0 0 0 0 0 0 0 0 0 0 0 0 0 0 0 0 0 0 0 0 0 0 0 0 0 0 0 0 0 0 0 0 0 0 0 0 0 0 0 0 0 0 0 0 0 0 0 0 0 0 0 0 0 0 0 0 0 0 0 0 0 0 0 0 0 0 0 0 0 0 0 0 0 0 0 0 0 0 0 0 0 0 0 0 0 0 0 0 0 0 0 0 0 0 0 0 0 0 0 0 0 0 0 0 0 0 0 0 0 0 0 0 0 0 0 0 0 0 0 0 0 0 0 0 0 0 0 0 0 0 0 0 0 0 0 0 0 0 0 0 0 0 0 0 0 0 0 0 0 0 0 0 0 0 0 0 0 0 0 0 0 0 0 0 0 0 0 0 0 0 0 0 0 0 0 0 0 0 0 0 0 0 0 0 0 0 0 0 0 0 0 0 0 0 0 0 0 0 0 0 0 0 0 0 0 0 0 0 0 0 0 0 0 0 0 0 0 0 0 0 0 0 0 0 0 0 0 0 0 0 0 0 0 0 0 0 0 0 0 0 0 0 0 0 0 0 0 0 0 0 0 0 0 0 0 0 0 0 0 0 0 0 0 0 0 0 0 0 0 0 0 0 0 0 0 0 0 0 0 0 0 0 0 0 0 0 0 0 0 0 0 0 0 0 0 0 0 0 0 0 0 0 0 0 0 0 0 0 0 0 0 0 0 0 0 0 0 0 0 0 0 0 0 0 0 0 0 0 0 0 0 0 0 0 0 0 0 0 0 0 0 0 0 0 0 0 0 0 0 0 0 0 0 0 0 0 0 0 0 0 0 0 0 0 0 0 0 0 0 0 0 0 0 0 0 0 0 0 0 0 0 0 0 0 0 0 0 0 0 0 0 0 0 0 0 0 0 0 0 0 0 0 0 0 0 0 0 0 0 0 0 0 0 0 0 0 0 0 0 0 0 0 0 0 0 0 0 0 0 0 0 0 0 0 0 0 0 0 0 0 0 0 0 0 0 0 0 0 0 0 0 0 0 0 0 0 0 0 0 0 0 0 0 0 0 0 0 0 0 0 0 0 0 0 0 0 0 0 0 0 0 0 0 0 0 0 0 0 0 0 0 0 0 0 0 0 0 0 0 0 0 0 0 0 0 0 0 0 0 0 0 0 0 0 0 0 0 0 0 0 0 0 0 0 0 0 0 0 0 0 0 0 0 0 0 0 0 0 0 0 0 0 0 0 0 0 0 0
 0 0 0 0 0 0 0 0 0 0 0 0 0 0 0 0 0 0 0 0 0 0 0 0 0 0 0 0 0 0 0 0 0 0 0 0 0 0 0 0 0 0 0 0 0 0 0 0 0 0 0 0 0 0 0 0 0 0 0 0 0 0 0 0 0 0 0 0 0 0 0 0 0 0 0 0 0 0 0 0 0 0 0 0 0 0 0 0 0 0 0 0 0 0 0 0 0 0 0 0 0 0 0 0 0 0 0 0 0 0 0 0 0 0 0 0 0 0 0 0 0 0 0 0 0 0 0 0 0 0 0 0 0 0 0 0 0 0 0 0 0 0 0 0 0 0 0 0 0 0 0 0 0 0 0 0 0 0 0 0 0 0 0 0 0 0 0 0 0 0 0 0 0 0 0 0 0 0 0 0 0 0 0 0 0 0 0 0 0 0 0 0 0 0 0 0 0 0 0 0 0 0 0 0 0 0 0 0 0 0 0 0 0 0 0 0 0 0 0 0 0 0 0 0 0 0 0 0 0 0 0 0 0 0 0 0 0 0 0 0 0 0 0 0 0 0 0 0 0 0 0 0 0 0 0 0 0 0 0 0 0 0 0 0 0 0 0 0 0 0 0 0 0 0 0 0 0 0 0 0 0 0 0 0 0 0 0 0 0 0 0 0 0 0 0 0 0 0 0 0 0 0 0 0 0 0 0 0 0 0 0 0 0 0 0 0 0 0 0 0 0 0 0 0 0 0 0 0 0 0 0 0 0 0 0 0 0 0 0 0 0 0 0 0 0 0 0 0 0 0 0 0 0 0 0 0 0 0 0 0 0 0 0 0 0 0 0 0 0 0 0 0 0 0 0 0 0 0 0 0 0 0 0 0 0 0 0 0 0 0 0 0 0 0 0 0 0 0 0 0 0 0 0 0 0 0 0 0 0 0 0 0 0 0 0 0 0 0 0 0 0 0 0 0 0 0 0 0 0 0 0 0 0 0 0 0 0 0 0 0 0 0 0 0 0 0 0 0 0 0 0 0 0 0 0 0 0 0 0 0 0 0 0 0 0 0 0 0 0 0 0 0 0 0 0 0 0 0 0 0 0 0 0 0 0 0 0 0 0 0 0 0 0 0 0 0 0 0 0 0 0 0 0 0 0 0 0 0 0 0 0 0 0 0 0 0 0 0 0 0 0 0 0 0 0 0 0 0 0 0 0 0 0 0 0 0 0 0 0 0 0 0 0 0 0 0 0 0 0 0 0 0 0 0 0 0 0 0 0 0 0 0 0 0 0 0 0 0 0 0 0 0 0 0 0 0 0 0 0 0 0 0 0 0 0 0 0 0 0 0 0 0 0 0 0 0 0 0 0 0
 0 0 0 0 0 0 0 0 0 0 0 0 0 0 0 0 0 0 0 0 0 0 0 0 0 0 0 0 0 0 0 0 0 0 0 0 0 0 0 0 0 0 0 0 0 0 0 0 0 0 0 0 0 0 0 0 0 0 0 0 0 0 0 0 0 0 0 0 0 0 0 0 0 0 0 0 0 0 0 0 0 0 0 0 0 0 0 0 0 0 0 0 0 0 0 0 0 0 0 0 0 0 0 0 0 0 0 0 0 0 0 0 0 0 0 0 0 0 0 0 0 0 0 0 0 0 0 0 0 0 0 0 0 0 0 0 0 0 0 0 0 0 0 0 0 0 0 0 0 0 0 0 0 0 0 0 0 0 0 0 0 0 0 0 0 0 0 0 0 0 0 0 0 0 0 0 0 0 0 0 0 0 0 0 0 0 0 0 0 0 0 0 0 0 0 0 0 0 0 0 0 0 0 0 0 0 0 0 0 0 0 0 0 0 0 0 0 0 0 0 0 0 0 0 0 0 0 0 0 0 0 0 0 0 0 0 0 0 0 0 0 0 0 0 0 0 0 0 0 0 0 0 0 0 0 0 0 0 0 0 0 0 0 0 0 0 0 0 0 0 0 0 0 0 0 0 0 0 0 0 0 0 0 0 0 0 0 0 0 0 0 0 0 0 0 0 0 0 0 0 0 0 0 0 0 0 0 0 0 0 0 0 0 0 0 0 0 0 0 0 0 0 0 0 0 0 0 0 0 0 0 0 0 0 0 0 0 0 0 0 0 0 0 0 0 0 0 0 0 0 0 0 0 0 0 0 0 0 0 0 0 0 0 0 0 0 0 0 0 0 0 0 0 0 0 0 0 0 0 0 0 0 0 0 0 0 0 0 0 0 0 0 0 0 0 0 0 0 0 0 0 0 0 0 0 0 0 0 0 0 0 0 0 0 0 0 0 0 0 0 0 0 0 0 0 0 0 0 0 0 0 0 0 0 0 0 0 0 0 0 0 0 0 0 0 0 0 0 0 0 0 0 0 0 0 0 0 0 0 0 0 0 0 0 0 0 0 0 0 0 0 0 0 0 0 0 0 0 0 0 0 0 0 0 0 0 0 0 0 0 0 0 0 0 0 0 0 0 0 0 0 0 0 0 0 0 0 0 0 0 0 0 0 0 0 0 0 0 0 0 0 0 0 0 0 0 0 0 0 0 0 0 0 0 0 0 0 0 0 0 0 0 0 0 0 0 0 0 0 0 0 0 0 0 0 0 0 0 0 0 0 0 0 0 0 0 0 0 0 0 0 0 0 0 0 0 0 0 0 0 0 0 0 0 0 0 0 0 0 0 0 0 0 0 0 0 0 0 0 0
 0 0 0 0 0 0 0 0 0 0 0 0 0 0 0 0 0 0 0 0 0 0 0 0 0 0 0 0 0 0 0 0 0 0 0 0 0 0 0 0 0 0 0 0 0 0 0 0 0 0 0 0 0 0 0 0 0 0 0 0 0 0 0 0 0 0 0 0 0 0 0 0 0 0 0 0 0 0 0 0 0 0 0 0 0 0 0 0 0 0 0 0 0 0 0 0 0 0 0 0 0 0 0 0 0 0 0 0 0 0 0 0 0 0 0 0 0 0 0 0 0 0 0 0 0 0 0 0 0 0 0 0 0 0 0 0 0 0 0 0 0 0 0 0 0 0 0 0 0 0 0 0 0 0 0 0 0 0 0 0 0 0 0 0 0 0 0 0 0 0 0 0 0 0 0 0 0 0 0 0 0 0 0 0 0 0 0 0 0 0 0 0 0 0 0 0 0 0 0 0 0 0 0 0 0 0 0 0 0 0 0 0 0 0 0 0 0 0 0 0 0 0 0 0 0 0 0 0 0 0 0 0 0 0 0 0 0 0 0 0 0 0 0 0 0 0 0 0 0 0 0 0 0 0 0 0 0 0 0 0 0 0 0 0 0 0 0 0 0 0 0 0 0 0 0 0 0 0 0 0 0 0 0 0 0 0 0 0 0 0 0 0 0 0 0 0 0 0 0 0 0 0 0 0 0 0 0 0 0 0 0 0 0 0 0 0 0 0 0 0 0 0 0 0 0 0 0 0 0 0 0 0 0 0 0.0005408774595707655 0.001776343211531639 0.003721304703503847 0.006315434351563454 0.009627918712794781 0.01367482915520668 0.01844102703034878 0.02404233813285828 0.03041232004761696 0.03758388757705688 0.04560006037354469 0.05442798137664795 0.06414515525102615 0.07484693825244904 0.08658793568611145 0.09947297722101212 0.1134218275547028 0.1284839510917664 0.1445760428905487 0.1616849005222321 0.1798735857009888 0.1990738064050674 0.219252735376358 0.2403759211301804 0.2623293399810791 0.2851385176181793 0.3085102736949921 0.3295923173427582 0.346065491437912 0.3560338914394379 0.3581404387950897 0.3515789210796356 0.3357823491096497 0.3189932405948639 0.3030435740947723 0.2878913879394531 0.2734968066215515 0.2598219513893127 0.2468308508396149 0.234489306807518 0.2227648347616196 0.2116265892982483 0.2010452598333359 0.190992996096611 0.1814433485269547 0.1723711788654327 0.1637526154518127 0.1555649787187576 0.1477867364883423 0.1403973996639252 0.1333775222301483 0.1267086416482925 0.1203732118010521 0.1143545508384705 0.1086368262767792 0.1032049879431725 0.0980447381734848 0.09314250200986862 0.08848537504673004 0.08406110852956772 0.07985804975032806 0.07586514949798584 0.07207189500331879 0.06846830248832703 0.06504488736391068 0.06179264187812805 0.05870300903916359 0.05576786026358604 0.05297946557402611 0.05033049359917641 0.04781397059559822 0.04542327299714088 0.0431521087884903 0.04099450260400772 0.03894477710127831 0.03699753805994987 0.03514765948057175 0.03339027613401413 0.03172076120972633 0.03013472259044647 0.02862798608839512 0.02719658613204956 0.02583675645291805 0.02454491890966892 0.02331767231225967 0.02215178869664669 0.02104419842362404 0.01999198831617832 0.01899238862097263 0.01804276928305626 0.01714063063263893 0.01628359965980053 0.01546941976994276 0.01469594892114401 0.01396115124225616 0.01326309330761433 0.01259993854910135 0.01196994166821241 0.01137144491076469 0.01080287247896194 0.01026272866874933 0.009749592281877995 0.009262112900614738 0.008799007162451744 0.008359056897461414 0.007941104471683502 0.007544049061834812 0.0071668466553092 0.006808504462242126 0.006468079052865505 0.006144674960523844 0.005837441422045231 0.005545569583773613 0.005268291104584932 0.005004876758903265 0.004754632711410522 0.004516900982707739 0.004291055724024773 0.004076502751559019 0.003872677683830261 0.003679043846204877 0.003495091572403908 0.003320337040349841 0.003154320176690817 0.00299660419113934 0.002846773946657777 0.00270443526096642 0.002569213509559631 0.002440752927213907 0.002318715211004019 0.002202779520303011 0.002092640614137053 0.001988008618354797 0.001888608210720122 0.001794177806004882 0.001704468857496977 0.001619245391339064 0.001538283075205982 0.001461368869058788 0.001388300443068147 0.0013188854791224 0.00125294120516628 0.001190294162370265 0.001130779506638646 0.001074240542948246 0.001020528492517769 0.0009695020853541791 0.0009210269781760871 0.0008749756379984319 0.0008312268764711916 0.0007896655588410795 0.0007501822547055781 0.0007126731215976179 0.0006770394393242896 0.0006431874935515225 0.0006110281101427972 0.0005804767133668065 0.0005514528602361679 0.0005238802405074239 0.0004976862110197544 0.0004728019121102989 0.0004491618019528687 0.0004267037147656083 0.0004053685406688601 0.0003851001092698425 0.0003658451023511589 0.000347552850143984 0.0003301752149127424 0.0003136664454359561 0.0002979831187985837 0.0002830839657690376 0.000268929754383862 0.0002554832608439028 0.0002427090948913246 0.0002305736416019499 0.0002190449595218524 0.000208092707907781 0.0001976880739675835 0.0001878036709968001 0.0001784134947229177 0.0001694928214419633 0.0001610181789146736 0.0001529672736069188 0.000145318903378211 0.0001380529574817047 0.0001311503147007897 0.000124592799693346 0.0001183631611638702 0.0001124450063798577 0.0001068227575160563 0.0001014816225506365 9.640754433348775e-05 9.158716420643032e-05 8.700780745130032e-05 8.265741780633107e-05 7.852455019019544e-05 7.459831977030262e-05 7.086840196279809e-05 6.73249815008603e-05 6.395873060682788e-05 6.076079444028437e-05 5.772275471827015e-05 5.483661516336724e-05 5.209478331380524e-05 4.949004505760968e-05 4.701554280472919e-05 4.466476457309909e-05 4.243152579874732e-05 4.030995114590041e-05 3.829445267911069e-05 3.637972986325622e-05 3.456074409768917e-05 3.283270780229941e-05 3.119107350357808e-05 2.963151928270236e-05 2.814994331856724e-05 2.674244569789153e-05 2.54053229582496e-05 2.4135057174135e-05 2.292830504302401e-05 2.178189060941804e-05 2.069279616989661e-05 1.965815681614913e-05 1.86752495210385e-05 1.774148768163286e-05 1.685441384324804e-05 1.601169242348988e-05 1.521110789326485e-05 1.445055204385426e-05 1.37280239869142e-05 1.304162287851796e-05 1.238954155269312e-05 1.177006470243214e-05 1.118156160373474e-05 1.062248338712379e-05 1.009135939966654e-05 9.586791748006362e-06 9.10745256987866e-06 8.652079486637376e-06 8.219475603254978e-06 7.808502232364845e-06 7.418077075271867e-06 7.047173312457744e-06 6.694814601360122e-06 6.360073712130543e-06 6.04206979915034e-06 5.739966127293883e-06 5.452967798191821e-06 5.180319476494333e-06 4.921303570881719e-06 4.675238415075e-06 4.441476448846515e-06 4.219402399030514e-06 4.008432370028459e-06 3.808010660577565e-06 3.617610218498157e-06 3.436729684835882e-06 3.264893166488037e-06 3.101648417214165e-06 2.946565928141354e-06 2.799237563522183e-06 2.659275651240023e-06 2.526311845940654e-06 2.39999621953757e-06 2.279996351717273e-06 2.165996647818247e-06
 0 0 0 0 0 0 0 0 0 0 0 0 0 0 0 0 0 0 0 0 0 0 0 0 0 0 0 0 0 0 0 0 0 0 0 0 0 0 0 0 0 0 0 0 0 0 0 0 0 0 0 0 0 0 0 0 0 0 0 0 0 0 0 0 0 0 0 0 0 0 0 0 0 0 0 0 0 0 0 0 0 0 0 0 0 0 0 0 0 0 0 0 0 0 0 0 0 0 0 0 0 0 0 0 0 0 0 0 0 0 0 0 0 0 0 0 0 0 0 0 0 0 0 0 0 0 0 0 0 0 0 0 0 0 0 0 0 0 0 0 0 0 0 0 0 0 0 0 0 0 0 0 0 0 0 0 0 0 0 0 0 0 0 0 0 0 0 0 0 0 0 0 0 0 0 0 0 0 0 0 0 0 0 0 0 0 0 0 0 0 0 0 0 0 0 0 0 0 0 0 0 0 0 0 0 0 0 0 0 0 0 0 0 0 0 0 0 0 0 0 0 0 0 0 0 0 0 0 0 0 0 0 0 0 0 0 0 0 0 0 0 0 0 0 0 0 0 0 0 0 0 0 0 0 0 0 0 0 0 0 0 0 0 0 0 0 0 0 0 0 0 0 0 0 0 0 0 0 0 0 0 0 0 0 0 0 0 0 0 0 0 0 0 0 0 0 0 0 0 0 0 0 0 0 0 0 0 0 0 0 0 0 0 0 0 0 0 0 0 0 0 0 0 0 0 0 0 0 0 0 0 0 0 0 0 0 0 0 0 0 0 0 0 0 0 0 0 0 0 0 0 0 0 0 0 0 0 0 0 0 0 0 0 0 0 0 0 0 0 0 0 0 0 0 0 0 0 0 0 0 0 0 0 0 0 0 0 0 0 0 0 0 0 0 0 0 0 0 0 0 0 0 0 0 0 0 0 0 0 0 0 0 0 0 0 0 0 0 0 0 0 0 0 0 0 0 0 0 0 0 0 0 0 0 0 0 0 0 0 0 0 0 0 0 0 0 0 0 0 0 0 0 0 0 0 0 0 0 0 0 0 0 0 0 0 0 0 0 0 0 0 0 0 0 0 0 0 0 0 0 0 0 0 0 0 0 0 0 0 0 0 0 0 0 0 0 0 0 0 0 0 0 0 0 0 0 0 0 0 0 0 0 0 0 0 0 0 0 0 0 0 0 0 0 0 0 0 0 0 0 0 0 0 0 0 0 0 0 0 0 0 0 0 0 0 0 0 0 0 0 0 0 0 0 0 0 0 0 0 0 0 0 0 0 0 0 0 0 0 0 0 0 0 0 0 0 0 0 0 0 0 0 0 0 0 0 0 0 0 0 0 0 0 0 0 0 0 0 0 0
 0 0 0 0 0 0 0 0 0 0 0 0 0 0 0 0 0 0 0 0 0 0 0 0 0 0 0 0 0 0 0 0 0 0 0 0 0 0 0 0 0 0 0 0 0 0 0 0 0 0 0 0 0 0 0 0 0 0 0 0 0 0 0 0 0 0 0 0 0 0 0 0 0 0 0 0 0 0 0 0 0 0 0 0 0 0 0 0 0 0 0 0 0 0 0 0 0 0 0 0 0 0 0 0 0 0 0 0 0 0 0 0 0 0 0 0 0 0 0 0 0 0 0 0 0 0 0 0 0 0 0 0 0 0 0 0 0 0 0 0 0 0 0 0 0 0 0 0 0 0 0 0 0 0 0 0 0 0 0 0 0 0 0 0 0 0 0 0 0 0 0 0 0 0 0 0 0 0 0 0 0 0 0 0 0 0 0 0 0 0 0 0 0 0 0 0 0 0 0 0 0 0 0 0 0 0 0 0 0 0 0 0 0 0 0 0 0 0 0 0 0 0 0 0 0 0 0 0 0 0 0 0 0 0 0 0 0 0 0 0 0 0 0 0 0 0 0 0 0 0 0 0 0 0 0 0 0 0 0 0 0 0 0 0 0 0 0 0 0 0 0 0 0 0 0 0 0 0 0 0 0 0 0 0 0 0 0 0 0 0 0 0 0 0 0 0 0 0 0 0 0 0 0 0 0 0 0 0 0 0 0 0 0 0 0 0 0 0 0 0 0 0 0 0 0 0 0 0 0 0 0 0 0 0 0 0 0 0 0 0 0 0 0 0 0 0 0 0 0 0 0 0 0 0 0 0 0 0 0 0 0 0 0 0 0 0 0 0 0 0 0 0 0 0 0 0 0 0 0 0 0 0 0 0 0 0 0 0 0 0 0 0 0 0 0 0 0 0 0 0 0 0 0 0 0 0 0 0 0 0 0 0 0 0 0 0 0 0 0 0 0 0 0 0 0 0 0 0 0 0 0 0 0 0 0 0 0 0 0 0 0 0 0 0 0 0 0 0 0 0 0 0 0 0 0 0 0 0 0 0 0 0 0 0 0 0 0 0 0 0 0 0 0 0 0 0 0 0 0 0 0 0 0 0 0 0 0 0 0 0 0 0 0 0 0 0 0 0 0 0 0 0 0 0 0 0 0 0 0 0 0 0 0 0 0 0 0 0 0 0 0 0 0 0 0 0 0 0 0 0 0 0 0 0 0 0 0 0 0 0 0 0 0 0 0 0 0 0 0 0 0 0 0 0 0 0 0 0 0 0 0 0 0 0 0 0 0 0 0 0 0 0 0 0 0 0 0 0 0 0 0 0 0 0 0 0 0 0 0 0 0 0 0 0 0 0 0 0 0 0


# name: r_0_m17_G0_L0p3_D0p7
# type: matrix
# rows: 1
# columns: 14
 0 -17 0.2 0 0.3 0 -9.995946666666667 0 0 0.3293581261585433 0 163.6666666666667 1.032795558988644 0.7




