# Created by Octave 3.8.2, Wed Jul 05 10:40:02 2017 BST <co1ssj@node117>
# name: result
# type: scalar struct
# ndims: 2
 1 1
# length: 3
# name: params
# type: scalar struct
# ndims: 2
 1 1
# length: 18
# name: cleanup
# type: scalar
0


# name: num_runs
# type: scalar
6


# name: dopamine
# type: scalar
0.7


# name: targetCross
# type: scalar
1


# name: targetLuminance
# type: scalar
0.3


# name: targetWidthX
# type: scalar
6


# name: targetWidthY
# type: scalar
2


# name: fixCross
# type: scalar
1


# name: fixLuminance
# type: scalar
0.2


# name: fixWidthX
# type: scalar
6


# name: fixWidthY
# type: scalar
2


# name: fixOn
# type: scalar
0


# name: targetOff
# type: scalar
1


# name: targetOn
# type: scalar
0.2


# name: fixOff
# type: scalar
0.2


# name: targetThetaX
# type: scalar
0


# name: targetThetaY
# type: scalar
-15


# name: exptnum
# type: scalar
0




# name: r_0_m15_G0_L0p3_D0p7_llbn
# type: matrix
# rows: 24
# columns: 600
 0 0 0 0 0 0 0 0 0 0 0 0 0 0 0 0 0 0 0 0 0 0 0 0 0 0 0 0 0 0 0 0 0 0 0 0 0 0 0 0 0 0 0 0 0 0 0 0 0 0 0 0 0 0 0 0 0 0 0 0 0 0 0 0 0 0 0 0 0 0 0 0 0 0 0 0 0 0 0 0 0 0 0 0 0 0 0 0 0 0 0 0 0 0 0 0 0 0 0 0 0 0 0 0 0 0 0 0 0 0 0 0 0 0 0 0 0 0 0 0 0 0 0 0 0 0 0 0 0 0 0 0 0 0 0 0 0 0 0 0 0 0 0 0 0 0 0 0 0 0 0 0 0 0 0 0 0 0 0 0 0 0 0 0 0 0 0 0 0 0 0 0 0 0 0 0 0 0 0 0 0 0 0 0 0 0 0 0 0 0 0 0 0 0 0 0 0 0 0 0 0 0 0 0 0 0 0 0 0 0 0 0 0 0 0 0 0 0 0 0 0 0 0 0 0 0 0 0 0 0 0 0 0 0 0 0 0 0 0 0 0 0 0 0 0 0 0 0 0 0 0 0 0 0 0 0 0 0 0 0 0 0 0 0 0 0 0 0 0 0 0 0 0 0 0 0 0 0 0 0 0 0 0 0 0 0 0 0 0 0 0 0 0 0 0 0 0 0 0 0 0 0 0 0 0 0 0 0 0 0 0 0 0 0 0 0 0 0 0 0 0 0 0 0 0 0 0 0 0 0 0 0 0 0 0 0 0 0 0 0 0 0 0 0 0 0 0 0 0 0 0 0 0 0 0 0 0 0 0 0 0 0 0 0 0 0 0 0 0 0 0 0 0 0 0 0 0 0 0 0 0 0 0 0 0 0 0 0 0 0 0 0 0 0 0 0 0 0 0 0 0 0 0 0 0 0 0 0 0 0 0 0 0 0 0 0 0 0 0 0 0 0 0 0 0 0 0 0 0 0 0 0 0 0 0 0 0 0 0 0 0 0 0 0 0 0 0 0 0 0 0 0 0 0 0 0 0 0 0 0 0 0 0 0 0 0 0 0 0 0 0 0 0 0 0 0 0 0 0 0 0 0 0 0 0 0 0 0 0 0 0 0 0 0 0 0 0 0 0 0 0 0 0 0 0 0 0 0 0 0 0 0 0 0 0 0 0 0 0 0 0 0 0 0 0 0 0 0 0 0 0 0 0 0 0 0 0 0 0 0 0 0 0 0 0 0 0 0 0 0 0 0 0 0 0 0 0 0 0 0 0 0 0 0 0 0 0 0 0 0 0 0 0 0 0 0 0 0 0 0 0 0 0 0 0 0 0 0 0 0 0 0 0 0 0 0 0 0 0 0
 0 0 0 0 0 0 0 0 0 0 0 0 0 0 0 0 0 0 0 0 0 0 0 0 0 0 0 0 0 0 0 0 0 0 0 0 0 0 0 0 0 0 0 0 0 0 0 0 0 0 0 0 0 0 0 0 0 0 0 0 0 0 0 0 0 0 0 0 0 0 0 0 0 0 0 0 0 0 0 0 0 0 0 0 0 0 0 0 0 0 0 0 0 0 0 0 0 0 0 0 0 0 0 0 0 0 0 0 0 0 0 0 0 0 0 0 0 0 0 0 0 0 0 0 0 0 0 0 0 0 0 0 0 0 0 0 0 0 0 0 0 0 0 0 0 0 0 0 0 0 0 0 0 0 0 0 0 0 0 0 0 0 0 0 0 0 0 0 0 0 0 0 0 0 0 0 0 0 0 0 0 0 0 0 0 0 0 0 0 0 0 0 0 0 0 0 0 0 0 0 0 0 0 0 0 0 0 0 0 0 0 0 0 0 0 0 0 0 0 0 0 0 0 0 0 0 0 0 0 0 0 0 0 0 0 0 0 0 0 0 0 0 0 0 0 0 0 0 0 0 0 0 0 0 0 0 0 0 0 0 0 0 0 0 0 0 0 0 0 0 0 0 0 0 0 0 0 0 0 0 0 0 0 0 0 0 0 0 0 0 0 0 0 0 0 0 0 0 0 0 0 0 0 0 0 0 0 0 0 0 0 0 0 0 0 0 0 0 0 0 0 0 0 0 0 0 0 0 0 0 0 0 0 0 0.0003853412345051765 0.001446780515834689 0.003245553001761436 0.005777014885097742 0.009009096771478653 0.01293515041470528 0.01756185851991177 0.02293184027075768 0.02914924919605255 0.03619037941098213 0.04405243322253227 0.05281414091587067 0.06251489371061325 0.0732135996222496 0.08491057902574539 0.09760779142379761 0.111452691257 0.1264703422784805 0.1426122784614563 0.1597029119729996 0.1776469647884369 0.1962151676416397 0.215344101190567 0.2349846065044403 0.255104660987854 0.2756471335887909 0.2965417206287384 0.3153271079063416 0.3293710649013519 0.3369551002979279 0.3369390368461609 0.3285054564476013 0.3120801746845245 0.2964761555194855 0.2816523611545563 0.2675697505474091 0.2541912496089935 0.2414816915988922 0.2294076085090637 0.2179372310638428 0.2070403695106506 0.1966883540153503 0.1868539303541183 0.1775112301111221 0.1686356663703918 0.1602038890123367 0.152193695306778 0.1445840150117874 0.1373548209667206 0.1304870843887329 0.1239627301692963 0.1177645921707153 0.1118763610720634 0.106282539665699 0.1009684130549431 0.09591998904943466 0.09112399071455002 0.08656778931617737 0.08223939687013626 0.0781274288892746 0.07422105967998505 0.07051000744104385 0.06698450446128845 0.06363528221845627 0.06045351922512054 0.05743084475398064 0.05455930158495903 0.05183133482933044 0.04923976957798004 0.04677778109908104 0.04443889111280441 0.0422169454395771 0.04010609909892082 0.03810079395771027 0.03619575500488281 0.03438596799969673 0.03266666829586029 0.03103333525359631 0.0294816680252552 0.02800758555531502 0.02660720609128475 0.02527684532105923 0.02401300333440304 0.02281235344707966 0.02167173661291599 0.02058815024793148 0.01955874264240265 0.01858080551028252 0.01765176467597485 0.01676917634904385 0.01593071781098843 0.01513418182730675 0.01437747292220592 0.01365859899669886 0.01297566946595907 0.01232688594609499 0.01171054132282734 0.01112501416355371 0.01056876312941313 0.01004032511264086 0.009538308717310429 0.009061393328011036 0.008608323521912098 0.008177907206118107 0.00776901189237833 0.0073805614374578 0.007011533249169588 0.006660956423729658 0.006327908486127853 0.006011513061821461 0.005710937548428774 0.005425390787422657 0.005154121201485395 0.004896414931863546 0.00465159397572279 0.004419014323502779 0.004198063630610704 0.003988160286098719 0.003788752248510718 0.003599314717575908 0.00341934897005558 0.003248381428420544 0.003085962263867259 0.002931664232164621 0.002785081043839455 0.002645826898515224 0.002513535553589463 0.002387858694419265 0.002268465701490641 0.002155042486265302 0.00204729032702744 0.001944925868883729 0.001847679610364139 0.001755295670591295 0.0016675308579579 0.001584154320880771 0.001504946616478264 0.001429699244908988 0.001358214300125837 0.001290303538553417 0.001225788379088044 0.001164498971775174 0.001106274081394076 0.001050960388965905 0.0009984123753383756 0.0009484917391091585 0.0009010671637952328 0.000856013793963939 0.0008132131188176572 0.0007725524483248591 0.0007339247968047857 0.0006972285336814821 0.0006623670924454927 0.0006292487378232181 0.0005977862747386098 0.0005678969901055098 0.0005395021289587021 0.0005125270108692348 0.0004869006515946239 0.0004625556175597012 0.0004394278512336314 0.0004174564674030989 0.0003965836367569864 0.0003767544403672218 0.0003579167241696268 0.0003400208952371031 0.0003230198635719717 0.00030686886748299 0.0002915254153776914 0.0002769491402432323 0.0002631016832310706 0.0002499466063454747 0.000237449276028201 0.0002255768049508333 0.0002142979647032917 0.0002035830693785101 0.0001934039173647761 0.0001837337185861543 0.0001745470362948254 0.0001658196852076799 0.0001575287024024874 0.0001496522745583206 0.0001421696651959792 0.000135061185574159 0.0001283081219298765 0.0001218927136505954 0.0001157980805146508 0.0001100081790355034 0.0001045077733579092 9.928238432621583e-05 9.431826765649021e-05 8.960235572885722e-05 8.512223575962707e-05 8.086612069746479e-05 7.682281284360215e-05 7.298167474800721e-05 6.933259282959625e-05 6.586596282431856e-05 6.257266795728356e-05 5.944403528701514e-05 5.647183206747286e-05 5.364824028220028e-05 5.09658275404945e-05 4.841753616346978e-05 4.599665771820582e-05 4.369682574179024e-05 4.15119829995092e-05 3.943638512282632e-05 3.746456422959454e-05 3.559133620001376e-05 3.381176793482155e-05 3.212118099327199e-05 3.051512248930521e-05 2.898936691053677e-05 2.753989792836364e-05 2.616290294099599e-05 2.485475852154195e-05 2.361202132306062e-05 2.243142080260441e-05 2.130985012627207e-05 2.024435707426164e-05 1.923213858390227e-05 1.827053165470716e-05 1.735700425342657e-05 1.648915349505842e-05 1.566469654790126e-05 1.488146153860725e-05 1.413738846167689e-05 1.343051917501725e-05 1.275899285246851e-05 1.212104325531982e-05 1.151499145635171e-05 1.093924220185727e-05 1.039228027366335e-05 9.872665941657033e-06 9.379032235301565e-06 8.910080396162812e-06 8.464576239930466e-06 8.041347427933943e-06 7.63927982916357e-06 7.257315701281186e-06 6.894450052641332e-06 6.549727459059795e-06 6.222241154318908e-06 5.91112893744139e-06 5.615572263195645e-06 5.334793513611658e-06 5.068053724244237e-06 4.814651219930965e-06 4.573918886308093e-06 4.345222805568483e-06 4.127961801714264e-06 3.921563802578021e-06 3.72548561244912e-06 3.53921132045798e-06 3.362250708960346e-06 3.19413811666891e-06 3.034431301784934e-06 2.882709850382525e-06 2.738574266913929e-06 2.601645519462181e-06 2.471563220751705e-06 2.347985173400957e-06 2.230586005680379e-06 2.119056716765044e-06 2.013103767239954e-06
 0 0 0 0 0 0 0 0 0 0 0 0 0 0 0 0 0 0 0 0 0 0 0 0 0 0 0 0 0 0 0 0 0 0 0 0 0 0 0 0 0 0 0 0 0 0 0 0 0 0 0 0 0 0 0 0 0 0 0 0 0 0 0 0 0 0 0 0 0 0 0 0 0 0 0 0 0 0 0 0 0 0 0 0 0 0 0 0 0 0 0 0 0 0 0 0 0 0 0 0 0 0 0 0 0 0 0 0 0 0 0 0 0 0 0 0 0 0 0 0 0 0 0 0 0 0 0 0 0 0 0 0 0 0 0 0 0 0 0 0 0 0 0 0 0 0 0 0 0 0 0 0 0 0 0 0 0 0 0 0 0 0 0 0 0 0 0 0 0 0 0 0 0 0 0 0 0 0 0 0 0 0 0 0 0 0 0 0 0 0 0 0 0 0 0 0 0 0 0 0 0 0 0 0 0 0 0 0 0 0 0 0 0 0 0 0 0 0 0 0 0 0 0 0 0 0 0 0 0 0 0 0 0 0 0 0 0 0 0 0 0 0 0 0 0 0 0 0 0 0 0 0 0 0 0 0 0 0 0 0 0 0 0 0 0 0 0 0 0 0 0 0 0 0 0 0 0 0 0 0 0 0 0 0 0 0 0 0 0 0 0 0 0 0 0 0 0 0 0 0 0 0 0 0 0 0 0 0 0 0 0 0 0 0 0 0 0 0 0 0 0 0 0 0 0 0 0 0 0 0 0 0 0 0 0 0 0 0 0 0 0 0 0 0 0 0 0 0 0 0 0 0 0 0 0 0 0 0 0 0 0 0 0 0 0 0 0 0 0 0 0 0 0 0 0 0 0 0 0 0 0 0 0 0 0 0 0 0 0 0 0 0 0 0 0 0 0 0 0 0 0 0 0 0 0 0 0 0 0 0 0 0 0 0 0 0 0 0 0 0 0 0 0 0 0 0 0 0 0 0 0 0 0 0 0 0 0 0 0 0 0 0 0 0 0 0 0 0 0 0 0 0 0 0 0 0 0 0 0 0 0 0 0 0 0 0 0 0 0 0 0 0 0 0 0 0 0 0 0 0 0 0 0 0 0 0 0 0 0 0 0 0 0 0 0 0 0 0 0 0 0 0 0 0 0 0 0 0 0 0 0 0 0 0 0 0 0 0 0 0 0 0 0 0 0 0 0 0 0 0 0 0 0 0 0 0 0 0 0 0 0 0 0 0 0 0 0 0 0 0 0 0 0 0 0 0 0 0 0 0 0 0 0 0 0 0 0 0 0 0 0 0 0 0 0 0 0 0 0 0 0 0 0 0 0 0 0 0 0 0 0 0 0 0 0 0 0 0 0 0
 0 0 0 0 0 0 0 0 0 0 0 0 0 0 0 0 0 0 0 0 0 0 0 0 0 0 0 0 0 0 0 0 0 0 0 0 0 0 0 0 0 0 0 0 0 0 0 0 0 0 0 0 0 0 0 0 0 0 0 0 0 0 0 0 0 0 0 0 0 0 0 0 0 0 0 0 0 0 0 0 0 0 0 0 0 0 0 0 0 0 0 0 0 0 0 0 0 0 0 0 0 0 0 0 0 0 0 0 0 0 0 0 0 0 0 0 0 0 0 0 0 0 0 0 0 0 0 0 0 0 0 0 0 0 0 0 0 0 0 0 0 0 0 0 0 0 0 0 0 0 0 0 0 0 0 0 0 0 0 0 0 0 0 0 0 0 0 0 0 0 0 0 0 0 0 0 0 0 0 0 0 0 0 0 0 0 0 0 0 0 0 0 0 0 0 0 0 0 0 0 0 0 0 0 0 0 0 0 0 0 0 0 0 0 0 0 0 0 0 0 0 0 0 0 0 0 0 0 0 0 0 0 0 0 0 0 0 0 0 0 0 0 0 0 0 0 0 0 0 0 0 0 0 0 0 0 0 0 0 0 0 0 0 0 0 0 0 0 0 0 0 0 0 0 0 0 0 0 0 0 0 0 0 0 0 0 0 0 0 0 0 0 0 0 0 0 0 0 0 0 0 0 0 0 0 0 0 0 0 0 0 0 0 0 0 0 0 0 0 0 0 0 0 0 0 0 0 0 0 0 0 0 0 0 0 0 0 0 0 0 0 0 0 0 0 0 0 0 0 0 0 0 0 0 0 0 0 0 0 0 0 0 0 0 0 0 0 0 0 0 0 0 0 0 0 0 0 0 0 0 0 0 0 0 0 0 0 0 0 0 0 0 0 0 0 0 0 0 0 0 0 0 0 0 0 0 0 0 0 0 0 0 0 0 0 0 0 0 0 0 0 0 0 0 0 0 0 0 0 0 0 0 0 0 0 0 0 0 0 0 0 0 0 0 0 0 0 0 0 0 0 0 0 0 0 0 0 0 0 0 0 0 0 0 0 0 0 0 0 0 0 0 0 0 0 0 0 0 0 0 0 0 0 0 0 0 0 0 0 0 0 0 0 0 0 0 0 0 0 0 0 0 0 0 0 0 0 0 0 0 0 0 0 0 0 0 0 0 0 0 0 0 0 0 0 0 0 0 0 0 0 0 0 0 0 0 0 0 0 0 0 0 0 0 0 0 0 0 0 0 0 0 0 0 0 0 0 0 0 0 0 0 0 0 0 0 0 0 0 0 0 0 0 0 0 0 0 0 0 0 0 0 0 0 0 0 0 0 0 0 0 0 0 0 0 0 0 0 0 0
 0 0 0 0 0 0 0 0 0 0 0 0 0 0 0 0 0 0 0 0 0 0 0 0 0 0 0 0 0 0 0 0 0 0 0 0 0 0 0 0 0 0 0 0 0 0 0 0 0 0 0 0 0 0 0 0 0 0 0 0 0 0 0 0 0 0 0 0 0 0 0 0 0 0 0 0 0 0 0 0 0 0 0 0 0 0 0 0 0 0 0 0 0 0 0 0 0 0 0 0 0 0 0 0 0 0 0 0 0 0 0 0 0 0 0 0 0 0 0 0 0 0 0 0 0 0 0 0 0 0 0 0 0 0 0 0 0 0 0 0 0 0 0 0 0 0 0 0 0 0 0 0 0 0 0 0 0 0 0 0 0 0 0 0 0 0 0 0 0 0 0 0 0 0 0 0 0 0 0 0 0 0 0 0 0 0 0 0 0 0 0 0 0 0 0 0 0 0 0 0 0 0 0 0 0 0 0 0 0 0 0 0 0 0 0 0 0 0 0 0 0 0 0 0 0 0 0 0 0 0 0 0 0 0 0 0 0 0 0 0 0 0 0 0 0 0 0 0 0 0 0 0 0 0 0 0 0 0 0 0 0 0 0 0 0 0 0 0 0 0 0 0 0 0 0 0 0 0 0 0 0 0 0 0 0 0 0 0 0 0 0 0 0 0 0 0 0 0 0 0 0 0 0 0 0 0 0 0 0 0 0 0 0 0 0 0 0 0 0 0 0 0 0 0 0 0 0 0 0 0 0 0 0 0 0 0 0 0 0 0 0 0 0 0 0 0 0 0 0 0 0 0 0 0 0 0 0 0 0 0 0 0 0 0 0 0 0 0 0 0 0 0 0 0 0 0 0 0 0 0 0 0 0 0 0 0 0 0 0 0 0 0 0 0 0 0 0 0 0 0 0 0 0 0 0 0 0 0 0 0 0 0 0 0 0 0 0 0 0 0 0 0 0 0 0 0 0 0 0 0 0 0 0 0 0 0 0 0 0 0 0 0 0 0 0 0 0 0 0 0 0 0 0 0 0 0 0 0 0 0 0 0 0 0 0 0 0 0 0 0 0 0 0 0 0 0 0 0 0 0 0 0 0 0 0 0 0 0 0 0 0 0 0 0 0 0 0 0 0 0 0 0 0 0 0 0 0 0 0 0 0 0 0 0 0 0 0 0 0 0 0 0 0 0 0 0 0 0 0 0 0 0 0 0 0 0 0 0 0 0 0 0 0 0 0 0 0 0 0 0 0 0 0 0 0 0 0 0 0 0 0 0 0 0 0 0 0 0 0 0 0 0 0 0 0 0 0 0 0 0 0 0 0 0 0 0 0 0 0 0 0 0 0 0 0 0 0 0 0 0
 0 0 0 0 0 0 0 0 0 0 0 0 0 0 0 0 0 0 0 0 0 0 0 0 0 0 0 0 0 0 0 0 0 0 0 0 0 0 0 0 0 0 0 0 0 0 0 0 0 0 0 0 0 0 0 0 0 0 0 0 0 0 0 0 0 0 0 0 0 0 0 0 0 0 0 0 0 0 0 0 0 0 0 0 0 0 0 0 0 0 0 0 0 0 0 0 0 0 0 0 0 0 0 0 0 0 0 0 0 0 0 0 0 0 0 0 0 0 0 0 0 0 0 0 0 0 0 0 0 0 0 0 0 0 0 0 0 0 0 0 0 0 0 0 0 0 0 0 0 0 0 0 0 0 0 0 0 0 0 0 0 0 0 0 0 0 0 0 0 0 0 0 0 0 0 0 0 0 0 0 0 0 0 0 0 0 0 0 0 0 0 0 0 0 0 0 0 0 0 0 0 0 0 0 0 0 0 0 0 0 0 0 0 0 0 0 0 0 0 0 0 0 0 0 0 0 0 0 0 0 0 0 0 0 0 0 0 0 0 0 0 0 0 0 0 0 0 0 0 0 0 0 0 0 0 0 0 0 0 0 0 0 0 0 0 0 0 0 0 0 0 0 0 0 0 0 0 0 0 0 0 0 0 0 0 0 0 0 0 0 0 0 0 0 0 0 0 0 0 0 0 0 0 0 0 0 0 0 0 0 0 0 0 0 0 0 0 0 0 0 0 0 0 0 0 0 0 0 0 0 0 0 0 7.394389831461012e-05 0.0007967193378135562 0.002226192969828844 0.00438761617988348 0.007269639521837234 0.01085302233695984 0.01513814367353916 0.0201838742941618 0.02609618194401264 0.03282688558101654 0.04036636650562286 0.04874198883771896 0.05810049921274185 0.06845452636480331 0.07985545694828033 0.09232736378908157 0.1059520095586777 0.1206797584891319 0.1364722847938538 0.153271958231926 0.1708804070949554 0.18905870616436 0.2077385783195496 0.2268356531858444 0.2463338077068329 0.2661920487880707 0.2863270342350006 0.3054256737232208 0.3205768465995789 0.3298532366752625 0.3319052457809448 0.325766921043396 0.3108112215995789 0.2952706515789032 0.2805071175098419 0.2664817571640015 0.2531576752662659 0.2404997944831848 0.2284748107194901 0.2170510739088058 0.206198513507843 0.1958885937929153 0.1860941648483276 0.1767894625663757 0.1679499894380569 0.1595524847507477 0.1515748649835587 0.1439961194992065 0.136796310544014 0.1299564987421036 0.1234586760401726 0.117285743355751 0.1114214584231377 0.1058503836393356 0.1005578637123108 0.09552997350692749 0.090753473341465 0.0862158015370369 0.08190501481294632 0.07780976593494415 0.07391928136348724 0.07022331655025482 0.0667121484875679 0.0633765384554863 0.06020770967006683 0.05719732493162155 0.05433745682239532 0.05162058398127556 0.04903955385088921 0.04658757522702217 0.04425819590687752 0.04204528778791428 0.03994302451610565 0.03794587403535843 0.03604857996106148 0.03424615040421486 0.03253384307026863 0.03090715035796165 0.029361791908741 0.02789370156824589 0.02649901621043682 0.02517406456172466 0.0239153616130352 0.02271959371864796 0.02158361487090588 0.0205044336616993 0.01947921141982079 0.01850525103509426 0.01757998764514923 0.0167009886354208 0.01586593873798847 0.01507264189422131 0.01431901007890701 0.01360305957496166 0.01292290631681681 0.01227676123380661 0.01166292279958725 0.01107977703213692 0.01052578818053007 0.009999498724937439 0.009499523788690567 0.009024547412991524 0.008573319762945175 0.008144653402268887 0.007737420499324799 0.007350549567490816 0.006983022205531597 0.006633871234953403 0.006302177906036377 0.005987069103866816 0.005687715485692024 0.005403329618275166 0.005133163183927536 0.004876505117863417 0.004632679745554924 0.004401045851409435 0.004180993419140577 0.003971943631768227 0.003773346543312073 0.003584679216146469 0.003405445255339146 0.00323517294600606 0.003073414321988821 0.002919743536040187 0.002773756394162774 0.00263506849296391 0.002503314986824989 0.002378149190917611 0.002259241649881005 0.002146279672160745 0.00203896570019424 0.00193701742682606 0.001840166514739394 0.001748158130794764 0.00166075024753809 0.001577712711878121 0.00149882712867111 0.001423885812982917 0.001352691557258368 0.00128505693282932 0.001220804057084024 0.001159763894975185 0.001101775676943362 0.00104668689891696 0.000994352507404983 0.0009446348994970322 0.0008974031661637127 0.0008525330340489745 0.0008099063998088241 0.0007694110972806811 0.0007309405482374132 0.0006943935295566916 0.0006596738239750266 0.0006266901036724448 0.0005953555810265243 0.0005655877757817507 0.0005373083986341953 0.0005104430019855499 0.0004849208635278046 0.0004606748116202652 0.0004376410797704011 0.0004157590155955404 0.0003949710517190397 0.0003752225020434707 0.0003564613871276379 0.000338638317771256 0.0003217064077034593 0.0003056210989598185 0.0002903400454670191 0.0002758230548352003 0.0002620319137349725 0.000248930329689756 0.0002364838146604598 0.0002246596268378198 0.0002134266396751627 0.0002027553127845749 0.0001926175464177504 0.0001829866669140756 0.0001738373393891379 0.0001651454658713192 0.0001568881853017956 0.0001490437716711313 0.0001415915903635323 0.0001345120108453557 0.0001277864066651091 0.0001213970826938748 0.0001153272314695641 0.0001095608677132986 0.0001040828210534528 9.887867781799287e-05 9.393474465468898e-05 8.923800487536937e-05 8.477610390400514e-05 8.0537298345007e-05 7.651043415535241e-05 7.268491026479751e-05 6.905066402396187e-05 6.559812754858285e-05 6.231822044355795e-05 5.920230978517793e-05 5.624219556921162e-05 5.343008524505422e-05 5.07585791638121e-05 4.822064875042997e-05 4.580961467581801e-05 4.351913230493665e-05 4.134317714488134e-05 3.927601937903091e-05 3.731221659108996e-05 3.544660648913123e-05 3.367427780176513e-05 3.199056300218217e-05 3.039103467017412e-05 2.887148366426118e-05 2.742791002674494e-05 2.60565138887614e-05 2.475368819432333e-05 2.351600414840505e-05 2.234020394098479e-05 2.122319347108714e-05 2.016203325183596e-05 1.915393113449682e-05 1.819623503251933e-05 1.728642382659018e-05 1.642210190766491e-05 1.560099735797849e-05 1.482094739913009e-05 1.407990021107253e-05 1.337590492767049e-05 1.270710981771117e-05 1.207175409945194e-05 1.146816612163093e-05 1.089475790649885e-05 1.035001969285076e-05 9.832519026531372e-06 9.340893484477419e-06 8.873848855728284e-06 8.430156412941869e-06 8.0086483649211e-06 7.608216037624516e-06 7.22780532669276e-06 6.866414878459182e-06 6.523094270960428e-06 6.196939466462936e-06 5.887092356715584e-06 5.592737579718232e-06 5.313100700732321e-06 5.047445483796764e-06 4.795073436980601e-06 4.555319719656836e-06 4.327553597249789e-06 4.111175712750992e-06 3.905616722477134e-06 3.710335931828013e-06 3.524819021549774e-06 3.348578047734918e-06 3.18114916808554e-06 3.02209173241863e-06 2.870987145797699e-06 2.727437731664395e-06 2.591065822343808e-06 2.461512622176087e-06 2.338437070648069e-06 2.221515160272247e-06 2.110439481839421e-06 2.004917405429296e-06 1.904671535157831e-06
 0 0 0 0 0 0 0 0 0 0 0 0 0 0 0 0 0 0 0 0 0 0 0 0 0 0 0 0 0 0 0 0 0 0 0 0 0 0 0 0 0 0 0 0 0 0 0 0 0 0 0 0 0 0 0 0 0 0 0 0 0 0 0 0 0 0 0 0 0 0 0 0 0 0 0 0 0 0 0 0 0 0 0 0 0 0 0 0 0 0 0 0 0 0 0 0 0 0 0 0 0 0 0 0 0 0 0 0 0 0 0 0 0 0 0 0 0 0 0 0 0 0 0 0 0 0 0 0 0 0 0 0 0 0 0 0 0 0 0 0 0 0 0 0 0 0 0 0 0 0 0 0 0 0 0 0 0 0 0 0 0 0 0 0 0 0 0 0 0 0 0 0 0 0 0 0 0 0 0 0 0 0 0 0 0 0 0 0 0 0 0 0 0 0 0 0 0 0 0 0 0 0 0 0 0 0 0 0 0 0 0 0 0 0 0 0 0 0 0 0 0 0 0 0 0 0 0 0 0 0 0 0 0 0 0 0 0 0 0 0 0 0 0 0 0 0 0 0 0 0 0 0 0 0 0 0 0 0 0 0 0 0 0 0 0 0 0 0 0 0 0 0 0 0 0 0 0 0 0 0 0 0 0 0 0 0 0 0 0 0 0 0 0 0 0 0 0 0 0 0 0 0 0 0 0 0 0 0 0 0 0 0 0 0 0 0 0 0 0 0 0 0 0 0 0 0 0 0 0 0 0 0 0 0 0 0 0 0 0 0 0 0 0 0 0 0 0 0 0 0 0 0 0 0 0 0 0 0 0 0 0 0 0 0 0 0 0 0 0 0 0 0 0 0 0 0 0 0 0 0 0 0 0 0 0 0 0 0 0 0 0 0 0 0 0 0 0 0 0 0 0 0 0 0 0 0 0 0 0 0 0 0 0 0 0 0 0 0 0 0 0 0 0 0 0 0 0 0 0 0 0 0 0 0 0 0 0 0 0 0 0 0 0 0 0 0 0 0 0 0 0 0 0 0 0 0 0 0 0 0 0 0 0 0 0 0 0 0 0 0 0 0 0 0 0 0 0 0 0 0 0 0 0 0 0 0 0 0 0 0 0 0 0 0 0 0 0 0 0 0 0 0 0 0 0 0 0 0 0 0 0 0 0 0 0 0 0 0 0 0 0 0 0 0 0 0 0 0 0 0 0 0 0 0 0 0 0 0 0 0 0 0 0 0 0 0 0 0 0 0 0 0 0 0 0 0 0 0 0 0 0 0 0 0 0 0 0 0 0 0 0 0 0 0 0 0 0 0 0 0 0 0 0 0 0 0 0 0 0 0 0 0 0 0 0 0 0 0 0 0
 0 0 0 0 0 0 0 0 0 0 0 0 0 0 0 0 0 0 0 0 0 0 0 0 0 0 0 0 0 0 0 0 0 0 0 0 0 0 0 0 0 0 0 0 0 0 0 0 0 0 0 0 0 0 0 0 0 0 0 0 0 0 0 0 0 0 0 0 0 0 0 0 0 0 0 0 0 0 0 0 0 0 0 0 0 0 0 0 0 0 0 0 0 0 0 0 0 0 0 0 0 0 0 0 0 0 0 0 0 0 0 0 0 0 0 0 0 0 0 0 0 0 0 0 0 0 0 0 0 0 0 0 0 0 0 0 0 0 0 0 0 0 0 0 0 0 0 0 0 0 0 0 0 0 0 0 0 0 0 0 0 0 0 0 0 0 0 0 0 0 0 0 0 0 0 0 0 0 0 0 0 0 0 0 0 0 0 0 0 0 0 0 0 0 0 0 0 0 0 0 0 0 0 0 0 0 0 0 0 0 0 0 0 0 0 0 0 0 0 0 0 0 0 0 0 0 0 0 0 0 0 0 0 0 0 0 0 0 0 0 0 0 0 0 0 0 0 0 0 0 0 0 0 0 0 0 0 0 0 0 0 0 0 0 0 0 0 0 0 0 0 0 0 0 0 0 0 0 0 0 0 0 0 0 0 0 0 0 0 0 0 0 0 0 0 0 0 0 0 0 0 0 0 0 0 0 0 0 0 0 0 0 0 0 0 0 0 0 0 0 0 0 0 0 0 0 0 0 0 0 0 0 0 0 0 0 0 0 0 0 0 0 0 0 0 0 0 0 0 0 0 0 0 0 0 0 0 0 0 0 0 0 0 0 0 0 0 0 0 0 0 0 0 0 0 0 0 0 0 0 0 0 0 0 0 0 0 0 0 0 0 0 0 0 0 0 0 0 0 0 0 0 0 0 0 0 0 0 0 0 0 0 0 0 0 0 0 0 0 0 0 0 0 0 0 0 0 0 0 0 0 0 0 0 0 0 0 0 0 0 0 0 0 0 0 0 0 0 0 0 0 0 0 0 0 0 0 0 0 0 0 0 0 0 0 0 0 0 0 0 0 0 0 0 0 0 0 0 0 0 0 0 0 0 0 0 0 0 0 0 0 0 0 0 0 0 0 0 0 0 0 0 0 0 0 0 0 0 0 0 0 0 0 0 0 0 0 0 0 0 0 0 0 0 0 0 0 0 0 0 0 0 0 0 0 0 0 0 0 0 0 0 0 0 0 0 0 0 0 0 0 0 0 0 0 0 0 0 0 0 0 0 0 0 0 0 0 0 0 0 0 0 0 0 0 0 0 0 0 0 0 0 0 0 0 0 0 0 0 0 0 0 0 0 0 0 0 0 0 0
 0 0 0 0 0 0 0 0 0 0 0 0 0 0 0 0 0 0 0 0 0 0 0 0 0 0 0 0 0 0 0 0 0 0 0 0 0 0 0 0 0 0 0 0 0 0 0 0 0 0 0 0 0 0 0 0 0 0 0 0 0 0 0 0 0 0 0 0 0 0 0 0 0 0 0 0 0 0 0 0 0 0 0 0 0 0 0 0 0 0 0 0 0 0 0 0 0 0 0 0 0 0 0 0 0 0 0 0 0 0 0 0 0 0 0 0 0 0 0 0 0 0 0 0 0 0 0 0 0 0 0 0 0 0 0 0 0 0 0 0 0 0 0 0 0 0 0 0 0 0 0 0 0 0 0 0 0 0 0 0 0 0 0 0 0 0 0 0 0 0 0 0 0 0 0 0 0 0 0 0 0 0 0 0 0 0 0 0 0 0 0 0 0 0 0 0 0 0 0 0 0 0 0 0 0 0 0 0 0 0 0 0 0 0 0 0 0 0 0 0 0 0 0 0 0 0 0 0 0 0 0 0 0 0 0 0 0 0 0 0 0 0 0 0 0 0 0 0 0 0 0 0 0 0 0 0 0 0 0 0 0 0 0 0 0 0 0 0 0 0 0 0 0 0 0 0 0 0 0 0 0 0 0 0 0 0 0 0 0 0 0 0 0 0 0 0 0 0 0 0 0 0 0 0 0 0 0 0 0 0 0 0 0 0 0 0 0 0 0 0 0 0 0 0 0 0 0 0 0 0 0 0 0 0 0 0 0 0 0 0 0 0 0 0 0 0 0 0 0 0 0 0 0 0 0 0 0 0 0 0 0 0 0 0 0 0 0 0 0 0 0 0 0 0 0 0 0 0 0 0 0 0 0 0 0 0 0 0 0 0 0 0 0 0 0 0 0 0 0 0 0 0 0 0 0 0 0 0 0 0 0 0 0 0 0 0 0 0 0 0 0 0 0 0 0 0 0 0 0 0 0 0 0 0 0 0 0 0 0 0 0 0 0 0 0 0 0 0 0 0 0 0 0 0 0 0 0 0 0 0 0 0 0 0 0 0 0 0 0 0 0 0 0 0 0 0 0 0 0 0 0 0 0 0 0 0 0 0 0 0 0 0 0 0 0 0 0 0 0 0 0 0 0 0 0 0 0 0 0 0 0 0 0 0 0 0 0 0 0 0 0 0 0 0 0 0 0 0 0 0 0 0 0 0 0 0 0 0 0 0 0 0 0 0 0 0 0 0 0 0 0 0 0 0 0 0 0 0 0 0 0 0 0 0 0 0 0 0 0 0 0 0 0 0 0 0 0 0 0 0 0 0 0 0 0 0 0 0 0 0 0 0 0 0 0 0 0 0 0 0
 0 0 0 0 0 0 0 0 0 0 0 0 0 0 0 0 0 0 0 0 0 0 0 0 0 0 0 0 0 0 0 0 0 0 0 0 0 0 0 0 0 0 0 0 0 0 0 0 0 0 0 0 0 0 0 0 0 0 0 0 0 0 0 0 0 0 0 0 0 0 0 0 0 0 0 0 0 0 0 0 0 0 0 0 0 0 0 0 0 0 0 0 0 0 0 0 0 0 0 0 0 0 0 0 0 0 0 0 0 0 0 0 0 0 0 0 0 0 0 0 0 0 0 0 0 0 0 0 0 0 0 0 0 0 0 0 0 0 0 0 0 0 0 0 0 0 0 0 0 0 0 0 0 0 0 0 0 0 0 0 0 0 0 0 0 0 0 0 0 0 0 0 0 0 0 0 0 0 0 0 0 0 0 0 0 0 0 0 0 0 0 0 0 0 0 0 0 0 0 0 0 0 0 0 0 0 0 0 0 0 0 0 0 0 0 0 0 0 0 0 0 0 0 0 0 0 0 0 0 0 0 0 0 0 0 0 0 0 0 0 0 0 0 0 0 0 0 0 0 0 0 0 0 0 0 0 0 0 0 0 0 0 0 0 0 0 0 0 0 0 0 0 0 0 0 0 0 0 0 0 0 0 0 0 0 0 0 0 0 0 0 0 0 0 0 0 0 0 0 0 0 0 0 0 0 0 0 0 0 0 0 0 0 0 0 0 0 0 0 0 0 0 0 0 0 0 0 0 0 0 0 0 0 0 0 0.0005913820350542665 0.001922270632348955 0.003987375646829605 0.00679660402238369 0.0103071266785264 0.01463744789361954 0.01985017955303192 0.02592076361179352 0.03289633616805077 0.0408480279147625 0.04970447719097137 0.05944793298840523 0.07007370889186859 0.0816422700881958 0.09407529234886169 0.1073944866657257 0.1216500699520111 0.1367881149053574 0.1528605818748474 0.1697949916124344 0.1874109208583832 0.2055485844612122 0.2241780161857605 0.2432439625263214 0.2627134919166565 0.2826730310916901 0.301753044128418 0.3171769380569458 0.3269325196743011 0.32973313331604 0.3246863782405853 0.3111651539802551 0.2956069111824036 0.2808265686035156 0.2667852342128754 0.2534459829330444 0.2407736778259277 0.2287349998950958 0.2172982543706894 0.2064333409070969 0.1961116790771484 0.1863060891628265 0.1769907772541046 0.16814124584198 0.1597341895103455 0.1517474800348282 0.1441601067781448 0.1369521021842957 0.1301044970750809 0.1235992759466171 0.1174193099141121 0.1115483418107033 0.1059709265828133 0.1006723791360855 0.09563875943422318 0.09085682034492493 0.08631397783756256 0.08199828118085861 0.07789836823940277 0.07400345057249069 0.07030327618122101 0.06678811460733414 0.0634487122297287 0.06027627736330032 0.05726246535778046 0.05439934134483337 0.05167937278747559 0.04909540340304375 0.04664063453674316 0.04430860280990601 0.04209317266941071 0.03998851403594017 0.03798908740282059 0.03608963266015053 0.03428515046834946 0.03257089108228683 0.03094234690070152 0.02939523011445999 0.02792546898126602 0.02652919478714466 0.02520273439586163 0.02394259721040726 0.02274546772241592 0.02160819433629513 0.02052778378129005 0.01950139552354813 0.01852632500231266 0.01760000921785831 0.0167200081050396 0.01588400825858116 0.01508980803191662 0.01433531753718853 0.01361855119466782 0.01293762400746346 0.01229074317961931 0.01167620625346899 0.01109239552170038 0.01053777616471052 0.01001088693737984 0.009510342963039875 0.00903482548892498 0.008583083748817444 0.008153929375112057 0.00774623267352581 0.007358921226114035 0.006990975234657526 0.006641426589339972 0.006309355143457651 0.005993887316435575 0.005694192834198475 0.005409483332186937 0.005139009095728397 0.004882058594375849 0.004637955687940121 0.004406057763844728 0.004185754805803299 0.003976467065513134 0.003777643665671349 0.003588761435821652 0.003409323282539845 0.003238857025280595 0.003076914232224226 0.002923068590462208 0.002776915207505226 0.002638069447129965 0.002506165998056531 0.002380857709795237 0.002261814894154668 0.002148724161088467 0.002041287953034043 0.001939223613590002 0.001842262456193566 0.001750149298459291 0.001662641880102456 0.001579509815201163 0.001500534359365702 0.001425507594831288 0.001354232197627425 0.00128652062267065 0.001222194638103247 0.001161084859631956 0.001103030634112656 0.001047879108227789 0.0009954851120710373 0.0009457108681090176 0.0008984253508970141 0.000853504054248333 0.0008108288748189807 0.0007702874136157334 0.0007317730342037976 0.0006951843970455229 0.0006604251684620976 0.0006274039042182267 0.0005960337002761662 0.0005662320181727409 0.0005379203939810395 0.0005110243801027536 0.000485473166918382 0.0004611994954757392 0.0004381395119708031 0.0004162325349170715 0.0003954209096264094 0.0003756498626898974 0.0003568673564586788 0.0003390240017324686 0.0003220727958250791 0.0003059691516682506 0.000290670694084838 0.0002761371724773198 0.0002623303153086454 0.0002492138009984046 0.0002367531124036759 0.0002249154495075345 0.0002136696712113917 0.0002029861934715882 0.0001928368874359876 0.0001831950503401458 0.0001740353036439046 0.0001653335348237306 0.0001570668537169695 0.0001492135052103549 0.0001417528255842626 0.0001346651843050495 0.0001279319258173928 0.0001215353258885443 0.0001154585625045002 0.0001096856358344667 0.0001042013536789455 9.899128781398758e-05 9.404172305949032e-05 8.933963545132428e-05 8.487265586154535e-05 8.062902634264901e-05 7.659757829969749e-05 7.276769611053169e-05 6.912930984981358e-05 6.56728443573229e-05 6.238920468604192e-05 5.926974336034618e-05 5.63062567380257e-05 5.349094499251805e-05 5.081639756099321e-05 4.827557859243825e-05 4.586180148180574e-05 4.356871068011969e-05 4.139027441851795e-05 3.932075924240053e-05 3.735472273547202e-05 3.548698805388995e-05 3.371264028828591e-05 3.202700827387162e-05 3.042565731448121e-05 2.890437463065609e-05 2.745915662671905e-05 2.608619797683787e-05 2.47818879870465e-05 2.354279422434047e-05 2.236565524071921e-05 2.124737329722848e-05 2.018500526901335e-05 1.917575536936056e-05 1.821696787374094e-05 1.730611984385177e-05 1.644081385165919e-05 1.561877252242994e-05 1.483783398725791e-05 1.40959418786224e-05 1.33911444208934e-05 1.272158715437399e-05 1.208550747833215e-05 1.14812319225166e-05 1.090717069018865e-05 1.036181220115395e-05 9.843721272773109e-06 9.351535481982864e-06 8.883958798833191e-06 8.439760676992591e-06 8.017772415769286e-06 7.616883976879762e-06 7.236039891722612e-06 6.874237897136481e-06 6.530526206915965e-06 6.203999873832799e-06 5.89379988014116e-06 5.599109954346204e-06 5.319154297467321e-06 5.053196673543425e-06 4.800536771654151e-06 4.560509751172503e-06 4.332484422775451e-06 4.115860065212473e-06 3.910066880052909e-06 3.714563490575529e-06 3.528835350152804e-06 3.352393605382531e-06 3.184773959219456e-06 3.025535306733218e-06 2.874258598239976e-06 2.730545702434028e-06 2.594018496893113e-06 2.464317503836355e-06 2.341101662750589e-06 2.224046511400957e-06 2.112844185830909e-06 2.00720205612015e-06
 0 0 0 0 0 0 0 0 0 0 0 0 0 0 0 0 0 0 0 0 0 0 0 0 0 0 0 0 0 0 0 0 0 0 0 0 0 0 0 0 0 0 0 0 0 0 0 0 0 0 0 0 0 0 0 0 0 0 0 0 0 0 0 0 0 0 0 0 0 0 0 0 0 0 0 0 0 0 0 0 0 0 0 0 0 0 0 0 0 0 0 0 0 0 0 0 0 0 0 0 0 0 0 0 0 0 0 0 0 0 0 0 0 0 0 0 0 0 0 0 0 0 0 0 0 0 0 0 0 0 0 0 0 0 0 0 0 0 0 0 0 0 0 0 0 0 0 0 0 0 0 0 0 0 0 0 0 0 0 0 0 0 0 0 0 0 0 0 0 0 0 0 0 0 0 0 0 0 0 0 0 0 0 0 0 0 0 0 0 0 0 0 0 0 0 0 0 0 0 0 0 0 0 0 0 0 0 0 0 0 0 0 0 0 0 0 0 0 0 0 0 0 0 0 0 0 0 0 0 0 0 0 0 0 0 0 0 0 0 0 0 0 0 0 0 0 0 0 0 0 0 0 0 0 0 0 0 0 0 0 0 0 0 0 0 0 0 0 0 0 0 0 0 0 0 0 0 0 0 0 0 0 0 0 0 0 0 0 0 0 0 0 0 0 0 0 0 0 0 0 0 0 0 0 0 0 0 0 0 0 0 0 0 0 0 0 0 0 0 0 0 0 0 0 0 0 0 0 0 0 0 0 0 0 0 0 0 0 0 0 0 0 0 0 0 0 0 0 0 0 0 0 0 0 0 0 0 0 0 0 0 0 0 0 0 0 0 0 0 0 0 0 0 0 0 0 0 0 0 0 0 0 0 0 0 0 0 0 0 0 0 0 0 0 0 0 0 0 0 0 0 0 0 0 0 0 0 0 0 0 0 0 0 0 0 0 0 0 0 0 0 0 0 0 0 0 0 0 0 0 0 0 0 0 0 0 0 0 0 0 0 0 0 0 0 0 0 0 0 0 0 0 0 0 0 0 0 0 0 0 0 0 0 0 0 0 0 0 0 0 0 0 0 0 0 0 0 0 0 0 0 0 0 0 0 0 0 0 0 0 0 0 0 0 0 0 0 0 0 0 0 0 0 0 0 0 0 0 0 0 0 0 0 0 0 0 0 0 0 0 0 0 0 0 0 0 0 0 0 0 0 0 0 0 0 0 0 0 0 0 0 0 0 0 0 0 0 0 0 0 0 0 0 0 0 0 0 0 0 0 0 0 0 0 0 0 0 0 0 0 0 0 0 0 0 0 0 0 0 0 0 0 0 0 0 0 0 0 0 0 0 0 0 0 0 0 0 0 0 0
 0 0 0 0 0 0 0 0 0 0 0 0 0 0 0 0 0 0 0 0 0 0 0 0 0 0 0 0 0 0 0 0 0 0 0 0 0 0 0 0 0 0 0 0 0 0 0 0 0 0 0 0 0 0 0 0 0 0 0 0 0 0 0 0 0 0 0 0 0 0 0 0 0 0 0 0 0 0 0 0 0 0 0 0 0 0 0 0 0 0 0 0 0 0 0 0 0 0 0 0 0 0 0 0 0 0 0 0 0 0 0 0 0 0 0 0 0 0 0 0 0 0 0 0 0 0 0 0 0 0 0 0 0 0 0 0 0 0 0 0 0 0 0 0 0 0 0 0 0 0 0 0 0 0 0 0 0 0 0 0 0 0 0 0 0 0 0 0 0 0 0 0 0 0 0 0 0 0 0 0 0 0 0 0 0 0 0 0 0 0 0 0 0 0 0 0 0 0 0 0 0 0 0 0 0 0 0 0 0 0 0 0 0 0 0 0 0 0 0 0 0 0 0 0 0 0 0 0 0 0 0 0 0 0 0 0 0 0 0 0 0 0 0 0 0 0 0 0 0 0 0 0 0 0 0 0 0 0 0 0 0 0 0 0 0 0 0 0 0 0 0 0 0 0 0 0 0 0 0 0 0 0 0 0 0 0 0 0 0 0 0 0 0 0 0 0 0 0 0 0 0 0 0 0 0 0 0 0 0 0 0 0 0 0 0 0 0 0 0 0 0 0 0 0 0 0 0 0 0 0 0 0 0 0 0 0 0 0 0 0 0 0 0 0 0 0 0 0 0 0 0 0 0 0 0 0 0 0 0 0 0 0 0 0 0 0 0 0 0 0 0 0 0 0 0 0 0 0 0 0 0 0 0 0 0 0 0 0 0 0 0 0 0 0 0 0 0 0 0 0 0 0 0 0 0 0 0 0 0 0 0 0 0 0 0 0 0 0 0 0 0 0 0 0 0 0 0 0 0 0 0 0 0 0 0 0 0 0 0 0 0 0 0 0 0 0 0 0 0 0 0 0 0 0 0 0 0 0 0 0 0 0 0 0 0 0 0 0 0 0 0 0 0 0 0 0 0 0 0 0 0 0 0 0 0 0 0 0 0 0 0 0 0 0 0 0 0 0 0 0 0 0 0 0 0 0 0 0 0 0 0 0 0 0 0 0 0 0 0 0 0 0 0 0 0 0 0 0 0 0 0 0 0 0 0 0 0 0 0 0 0 0 0 0 0 0 0 0 0 0 0 0 0 0 0 0 0 0 0 0 0 0 0 0 0 0 0 0 0 0 0 0 0 0 0 0 0 0 0 0 0 0 0 0 0 0 0 0 0 0 0 0 0 0 0 0 0 0 0 0
 0 0 0 0 0 0 0 0 0 0 0 0 0 0 0 0 0 0 0 0 0 0 0 0 0 0 0 0 0 0 0 0 0 0 0 0 0 0 0 0 0 0 0 0 0 0 0 0 0 0 0 0 0 0 0 0 0 0 0 0 0 0 0 0 0 0 0 0 0 0 0 0 0 0 0 0 0 0 0 0 0 0 0 0 0 0 0 0 0 0 0 0 0 0 0 0 0 0 0 0 0 0 0 0 0 0 0 0 0 0 0 0 0 0 0 0 0 0 0 0 0 0 0 0 0 0 0 0 0 0 0 0 0 0 0 0 0 0 0 0 0 0 0 0 0 0 0 0 0 0 0 0 0 0 0 0 0 0 0 0 0 0 0 0 0 0 0 0 0 0 0 0 0 0 0 0 0 0 0 0 0 0 0 0 0 0 0 0 0 0 0 0 0 0 0 0 0 0 0 0 0 0 0 0 0 0 0 0 0 0 0 0 0 0 0 0 0 0 0 0 0 0 0 0 0 0 0 0 0 0 0 0 0 0 0 0 0 0 0 0 0 0 0 0 0 0 0 0 0 0 0 0 0 0 0 0 0 0 0 0 0 0 0 0 0 0 0 0 0 0 0 0 0 0 0 0 0 0 0 0 0 0 0 0 0 0 0 0 0 0 0 0 0 0 0 0 0 0 0 0 0 0 0 0 0 0 0 0 0 0 0 0 0 0 0 0 0 0 0 0 0 0 0 0 0 0 0 0 0 0 0 0 0 0 0 0 0 0 0 0 0 0 0 0 0 0 0 0 0 0 0 0 0 0 0 0 0 0 0 0 0 0 0 0 0 0 0 0 0 0 0 0 0 0 0 0 0 0 0 0 0 0 0 0 0 0 0 0 0 0 0 0 0 0 0 0 0 0 0 0 0 0 0 0 0 0 0 0 0 0 0 0 0 0 0 0 0 0 0 0 0 0 0 0 0 0 0 0 0 0 0 0 0 0 0 0 0 0 0 0 0 0 0 0 0 0 0 0 0 0 0 0 0 0 0 0 0 0 0 0 0 0 0 0 0 0 0 0 0 0 0 0 0 0 0 0 0 0 0 0 0 0 0 0 0 0 0 0 0 0 0 0 0 0 0 0 0 0 0 0 0 0 0 0 0 0 0 0 0 0 0 0 0 0 0 0 0 0 0 0 0 0 0 0 0 0 0 0 0 0 0 0 0 0 0 0 0 0 0 0 0 0 0 0 0 0 0 0 0 0 0 0 0 0 0 0 0 0 0 0 0 0 0 0 0 0 0 0 0 0 0 0 0 0 0 0 0 0 0 0 0 0 0 0 0 0 0 0 0 0 0 0 0 0 0 0 0 0 0 0
 0 0 0 0 0 0 0 0 0 0 0 0 0 0 0 0 0 0 0 0 0 0 0 0 0 0 0 0 0 0 0 0 0 0 0 0 0 0 0 0 0 0 0 0 0 0 0 0 0 0 0 0 0 0 0 0 0 0 0 0 0 0 0 0 0 0 0 0 0 0 0 0 0 0 0 0 0 0 0 0 0 0 0 0 0 0 0 0 0 0 0 0 0 0 0 0 0 0 0 0 0 0 0 0 0 0 0 0 0 0 0 0 0 0 0 0 0 0 0 0 0 0 0 0 0 0 0 0 0 0 0 0 0 0 0 0 0 0 0 0 0 0 0 0 0 0 0 0 0 0 0 0 0 0 0 0 0 0 0 0 0 0 0 0 0 0 0 0 0 0 0 0 0 0 0 0 0 0 0 0 0 0 0 0 0 0 0 0 0 0 0 0 0 0 0 0 0 0 0 0 0 0 0 0 0 0 0 0 0 0 0 0 0 0 0 0 0 0 0 0 0 0 0 0 0 0 0 0 0 0 0 0 0 0 0 0 0 0 0 0 0 0 0 0 0 0 0 0 0 0 0 0 0 0 0 0 0 0 0 0 0 0 0 0 0 0 0 0 0 0 0 0 0 0 0 0 0 0 0 0 0 0 0 0 0 0 0 0 0 0 0 0 0 0 0 0 0 0 0 0 0 0 0 0 0 0 0 0 0 0 0 0 0 0 0 0 0 0 0 0 0 0 0 0 0 0 0 0 0 0 0 0 0 0 0 0 0.0004322437744121999 0.001531609334051609 0.003340390510857105 0.005867515690624714 0.009043745696544647 0.01293698698282242 0.01754414290189743 0.02293865755200386 0.0291717741638422 0.03621407598257065 0.0441049337387085 0.05290939658880234 0.06258992850780487 0.07312523573637009 0.08451053500175476 0.0967092290520668 0.1097835823893547 0.123662032186985 0.1383418589830399 0.1538411229848862 0.1699693202972412 0.1865354776382446 0.2035841047763824 0.2211663722991943 0.2391981780529022 0.2576482892036438 0.2765331566333771 0.2938593626022339 0.3072516918182373 0.3149335384368896 0.3157339990139008 0.3087932169437408 0.2935977876186371 0.2789179086685181 0.2649720013141632 0.2517234086990356 0.2391372323036194 0.2271803766489029 0.2158213555812836 0.2050302922725677 0.1947787702083588 0.1850398331880569 0.1757878363132477 0.1669984459877014 0.1586485207080841 0.150716096162796 0.1431802958250046 0.1360212862491608 0.1292202174663544 0.1227592080831528 0.1166212484240532 0.1107901856303215 0.1052506789565086 0.09998814761638641 0.09498874098062515 0.09023930132389069 0.08572733402252197 0.08144097030162811 0.07736892253160477 0.07350047677755356 0.06982545554637909 0.06633418053388596 0.06301747262477875 0.05986659973859787 0.05687326937913895 0.05402960628271103 0.05132812634110451 0.04876172170042992 0.04632363468408585 0.04400745406746864 0.04180708155035973 0.03971672803163528 0.03773089125752449 0.0358443483710289 0.03405212983489037 0.03234952315688133 0.03073204681277275 0.02919544465839863 0.02773567289113998 0.02634888887405396 0.0250314436852932 0.02377987094223499 0.0225908774882555 0.02146133407950401 0.02038826793432236 0.0193688552826643 0.0184004120528698 0.01748039200901985 0.01660637184977531 0.01577605307102203 0.01498725078999996 0.01423788815736771 0.01352599356323481 0.01284969411790371 0.01220720913261175 0.01159684825688601 0.01101700589060783 0.01046615559607744 0.009942848235368729 0.009445705451071262 0.008973420597612858 0.008524749428033829 0.008098511956632137 0.007693586405366659 0.007308906875550747 0.006943461485207081 0.00659628864377737 0.006266474258154631 0.00595315033569932 0.005655492655932903 0.005372717976570129 0.00510408217087388 0.004848877899348736 0.004606434144079685 0.00437611248344183 0.004157306626439095 0.003949441481381655 0.003751969430595636 0.003564371028915048 0.003386152442544699 0.003216844750568271 0.003056002547964454 0.002903202315792441 0.002758042188361287 0.002620140090584755 0.002489133039489388 0.00236467644572258 0.002246442716568708 0.002134120557457209 0.002027414506301284 0.001926043769344687 0.001829741522669792 0.001738254446536303 0.001651341677643359 0.001568774576298892 0.001490335795097053 0.001415819046087563 0.001345028053037822 0.001277776667848229 0.001213887822814286 0.001153193414211273 0.001095533720217645 0.001040757051669061 0.0009887191699817777 0.0009392832289449871 0.0008923190762288868 0.0008477031369693577 0.0008053180063143373 0.0007650521001778543 0.0007267994806170464 0.000690459506586194 0.0006559365428984165 0.0006231397273950279 0.0005919827381148934 0.000562383618671447 0.0005342644290067255 0.000507551187183708 0.0004821736365556717 0.0004580649547278881 0.0004351616953499615 0.0004134036134928465 0.0003927334328182042 0.0003730967582669109 0.000354441930539906 0.0003367198223713785 0.0003198838385287672 0.0003038896538782865 0.0002886951842810959 0.0002742604119703174 0.0002605473855510354 0.0002475200162734836 0.000235144019825384 0.0002233868144685403 0.000212217477383092 0.0002016065991483629 0.0001915262691909447 0.0001819499593693763 0.0001728524657664821 0.0001642098359297961 0.0001559993397677317 0.0001481993676861748 0.0001407894014846534 0.0001337499270448461 0.0001270624343305826 0.0001207093155244365 0.0001146738504758105 0.0001089401557692327 0.0001034931483445689 9.831848728936166e-05 9.340255928691477e-05 8.873242768459022e-05 8.429580338997766e-05 8.008101576706395e-05 7.607696170452982e-05 7.227311289170757e-05 6.865945761092007e-05 6.522648618556559e-05 6.196516187628731e-05 5.88669026910793e-05 5.592355591943488e-05 5.312737630447373e-05 5.047100785304792e-05 4.794745836989023e-05 4.55500849056989e-05 4.327257920522243e-05 4.110894951736555e-05 3.905350240529515e-05 3.710082819452509e-05 3.524578642100096e-05 3.348349855514243e-05 3.180932253599167e-05 3.021885640919209e-05 2.870791286113672e-05 2.727251739997882e-05 2.590889198472723e-05 2.461344774928875e-05 2.338277590752114e-05 2.221363683929667e-05 2.110295463353395e-05 2.00478061742615e-05 1.904541568364948e-05 1.809314562706277e-05 1.718848761811387e-05 1.632906241866294e-05 1.551260902488139e-05 1.473697830078891e-05 1.400012934027473e-05 1.330012310063466e-05 1.263511694560293e-05 1.200336100737331e-05 1.140319272963097e-05 1.083303322957363e-05 1.029138184094336e-05 9.77681247604778e-06 9.287971806770656e-06 8.823572898108978e-06 8.382394298678264e-06 7.963274583744351e-06 7.565110990981339e-06 7.186855327745434e-06 6.827512606832897e-06 6.486136953753885e-06 6.161830242490396e-06 5.853738912264816e-06 5.561052148550516e-06 5.282999609335093e-06 5.018849606130971e-06 4.767907284985995e-06 4.529511897999328e-06 4.303036348574096e-06 4.087884462933289e-06 3.883490080625052e-06 3.689315690280637e-06 3.504849928503972e-06 3.329607352497987e-06 3.163127075822558e-06 3.00497072203143e-06 2.854722197298543e-06 2.711986098802299e-06 2.576386805230868e-06 2.447567567287479e-06 2.32518914344837e-06 2.208929799962789e-06 2.098483264489914e-06
 0 0 0 0 0 0 0 0 0 0 0 0 0 0 0 0 0 0 0 0 0 0 0 0 0 0 0 0 0 0 0 0 0 0 0 0 0 0 0 0 0 0 0 0 0 0 0 0 0 0 0 0 0 0 0 0 0 0 0 0 0 0 0 0 0 0 0 0 0 0 0 0 0 0 0 0 0 0 0 0 0 0 0 0 0 0 0 0 0 0 0 0 0 0 0 0 0 0 0 0 0 0 0 0 0 0 0 0 0 0 0 0 0 0 0 0 0 0 0 0 0 0 0 0 0 0 0 0 0 0 0 0 0 0 0 0 0 0 0 0 0 0 0 0 0 0 0 0 0 0 0 0 0 0 0 0 0 0 0 0 0 0 0 0 0 0 0 0 0 0 0 0 0 0 0 0 0 0 0 0 0 0 0 0 0 0 0 0 0 0 0 0 0 0 0 0 0 0 0 0 0 0 0 0 0 0 0 0 0 0 0 0 0 0 0 0 0 0 0 0 0 0 0 0 0 0 0 0 0 0 0 0 0 0 0 0 0 0 0 0 0 0 0 0 0 0 0 0 0 0 0 0 0 0 0 0 0 0 0 0 0 0 0 0 0 0 0 0 0 0 0 0 0 0 0 0 0 0 0 0 0 0 0 0 0 0 0 0 0 0 0 0 0 0 0 0 0 0 0 0 0 0 0 0 0 0 0 0 0 0 0 0 0 0 0 0 0 0 0 0 0 0 0 0 0 0 0 0 0 0 0 0 0 0 0 0 0 0 0 0 0 0 0 0 0 0 0 0 0 0 0 0 0 0 0 0 0 0 0 0 0 0 0 0 0 0 0 0 0 0 0 0 0 0 0 0 0 0 0 0 0 0 0 0 0 0 0 0 0 0 0 0 0 0 0 0 0 0 0 0 0 0 0 0 0 0 0 0 0 0 0 0 0 0 0 0 0 0 0 0 0 0 0 0 0 0 0 0 0 0 0 0 0 0 0 0 0 0 0 0 0 0 0 0 0 0 0 0 0 0 0 0 0 0 0 0 0 0 0 0 0 0 0 0 0 0 0 0 0 0 0 0 0 0 0 0 0 0 0 0 0 0 0 0 0 0 0 0 0 0 0 0 0 0 0 0 0 0 0 0 0 0 0 0 0 0 0 0 0 0 0 0 0 0 0 0 0 0 0 0 0 0 0 0 0 0 0 0 0 0 0 0 0 0 0 0 0 0 0 0 0 0 0 0 0 0 0 0 0 0 0 0 0 0 0 0 0 0 0 0 0 0 0 0 0 0 0 0 0 0 0 0 0 0 0 0 0 0 0 0 0 0 0 0 0 0 0 0 0 0 0 0 0 0 0 0 0 0 0 0
 0 0 0 0 0 0 0 0 0 0 0 0 0 0 0 0 0 0 0 0 0 0 0 0 0 0 0 0 0 0 0 0 0 0 0 0 0 0 0 0 0 0 0 0 0 0 0 0 0 0 0 0 0 0 0 0 0 0 0 0 0 0 0 0 0 0 0 0 0 0 0 0 0 0 0 0 0 0 0 0 0 0 0 0 0 0 0 0 0 0 0 0 0 0 0 0 0 0 0 0 0 0 0 0 0 0 0 0 0 0 0 0 0 0 0 0 0 0 0 0 0 0 0 0 0 0 0 0 0 0 0 0 0 0 0 0 0 0 0 0 0 0 0 0 0 0 0 0 0 0 0 0 0 0 0 0 0 0 0 0 0 0 0 0 0 0 0 0 0 0 0 0 0 0 0 0 0 0 0 0 0 0 0 0 0 0 0 0 0 0 0 0 0 0 0 0 0 0 0 0 0 0 0 0 0 0 0 0 0 0 0 0 0 0 0 0 0 0 0 0 0 0 0 0 0 0 0 0 0 0 0 0 0 0 0 0 0 0 0 0 0 0 0 0 0 0 0 0 0 0 0 0 0 0 0 0 0 0 0 0 0 0 0 0 0 0 0 0 0 0 0 0 0 0 0 0 0 0 0 0 0 0 0 0 0 0 0 0 0 0 0 0 0 0 0 0 0 0 0 0 0 0 0 0 0 0 0 0 0 0 0 0 0 0 0 0 0 0 0 0 0 0 0 0 0 0 0 0 0 0 0 0 0 0 0 0 0 0 0 0 0 0 0 0 0 0 0 0 0 0 0 0 0 0 0 0 0 0 0 0 0 0 0 0 0 0 0 0 0 0 0 0 0 0 0 0 0 0 0 0 0 0 0 0 0 0 0 0 0 0 0 0 0 0 0 0 0 0 0 0 0 0 0 0 0 0 0 0 0 0 0 0 0 0 0 0 0 0 0 0 0 0 0 0 0 0 0 0 0 0 0 0 0 0 0 0 0 0 0 0 0 0 0 0 0 0 0 0 0 0 0 0 0 0 0 0 0 0 0 0 0 0 0 0 0 0 0 0 0 0 0 0 0 0 0 0 0 0 0 0 0 0 0 0 0 0 0 0 0 0 0 0 0 0 0 0 0 0 0 0 0 0 0 0 0 0 0 0 0 0 0 0 0 0 0 0 0 0 0 0 0 0 0 0 0 0 0 0 0 0 0 0 0 0 0 0 0 0 0 0 0 0 0 0 0 0 0 0 0 0 0 0 0 0 0 0 0 0 0 0 0 0 0 0 0 0 0 0 0 0 0 0 0 0 0 0 0 0 0 0 0 0 0 0 0 0 0 0 0 0 0 0 0 0 0 0 0 0 0 0
 0 0 0 0 0 0 0 0 0 0 0 0 0 0 0 0 0 0 0 0 0 0 0 0 0 0 0 0 0 0 0 0 0 0 0 0 0 0 0 0 0 0 0 0 0 0 0 0 0 0 0 0 0 0 0 0 0 0 0 0 0 0 0 0 0 0 0 0 0 0 0 0 0 0 0 0 0 0 0 0 0 0 0 0 0 0 0 0 0 0 0 0 0 0 0 0 0 0 0 0 0 0 0 0 0 0 0 0 0 0 0 0 0 0 0 0 0 0 0 0 0 0 0 0 0 0 0 0 0 0 0 0 0 0 0 0 0 0 0 0 0 0 0 0 0 0 0 0 0 0 0 0 0 0 0 0 0 0 0 0 0 0 0 0 0 0 0 0 0 0 0 0 0 0 0 0 0 0 0 0 0 0 0 0 0 0 0 0 0 0 0 0 0 0 0 0 0 0 0 0 0 0 0 0 0 0 0 0 0 0 0 0 0 0 0 0 0 0 0 0 0 0 0 0 0 0 0 0 0 0 0 0 0 0 0 0 0 0 0 0 0 0 0 0 0 0 0 0 0 0 0 0 0 0 0 0 0 0 0 0 0 0 0 0 0 0 0 0 0 0 0 0 0 0 0 0 0 0 0 0 0 0 0 0 0 0 0 0 0 0 0 0 0 0 0 0 0 0 0 0 0 0 0 0 0 0 0 0 0 0 0 0 0 0 0 0 0 0 0 0 0 0 0 0 0 0 0 0 0 0 0 0 0 0 0 0 0 0 0 0 0 0 0 0 0 0 0 0 0 0 0 0 0 0 0 0 0 0 0 0 0 0 0 0 0 0 0 0 0 0 0 0 0 0 0 0 0 0 0 0 0 0 0 0 0 0 0 0 0 0 0 0 0 0 0 0 0 0 0 0 0 0 0 0 0 0 0 0 0 0 0 0 0 0 0 0 0 0 0 0 0 0 0 0 0 0 0 0 0 0 0 0 0 0 0 0 0 0 0 0 0 0 0 0 0 0 0 0 0 0 0 0 0 0 0 0 0 0 0 0 0 0 0 0 0 0 0 0 0 0 0 0 0 0 0 0 0 0 0 0 0 0 0 0 0 0 0 0 0 0 0 0 0 0 0 0 0 0 0 0 0 0 0 0 0 0 0 0 0 0 0 0 0 0 0 0 0 0 0 0 0 0 0 0 0 0 0 0 0 0 0 0 0 0 0 0 0 0 0 0 0 0 0 0 0 0 0 0 0 0 0 0 0 0 0 0 0 0 0 0 0 0 0 0 0 0 0 0 0 0 0 0 0 0 0 0 0 0 0 0 0 0 0 0 0 0 0 0 0 0 0 0 0 0 0 0 0 0 0 0
 0 0 0 0 0 0 0 0 0 0 0 0 0 0 0 0 0 0 0 0 0 0 0 0 0 0 0 0 0 0 0 0 0 0 0 0 0 0 0 0 0 0 0 0 0 0 0 0 0 0 0 0 0 0 0 0 0 0 0 0 0 0 0 0 0 0 0 0 0 0 0 0 0 0 0 0 0 0 0 0 0 0 0 0 0 0 0 0 0 0 0 0 0 0 0 0 0 0 0 0 0 0 0 0 0 0 0 0 0 0 0 0 0 0 0 0 0 0 0 0 0 0 0 0 0 0 0 0 0 0 0 0 0 0 0 0 0 0 0 0 0 0 0 0 0 0 0 0 0 0 0 0 0 0 0 0 0 0 0 0 0 0 0 0 0 0 0 0 0 0 0 0 0 0 0 0 0 0 0 0 0 0 0 0 0 0 0 0 0 0 0 0 0 0 0 0 0 0 0 0 0 0 0 0 0 0 0 0 0 0 0 0 0 0 0 0 0 0 0 0 0 0 0 0 0 0 0 0 0 0 0 0 0 0 0 0 0 0 0 0 0 0 0 0 0 0 0 0 0 0 0 0 0 0 0 0 0 0 0 0 0 0 0 0 0 0 0 0 0 0 0 0 0 0 0 0 0 0 0 0 0 0 0 0 0 0 0 0 0 0 0 0 0 0 0 0 0 0 0 0 0 0 0 0 0 0 0 0 0 0 0 0 0 0 0 0 0 0 0 0 0 0 0 0 0 0 0 0 0 0 0 0 0 0 0 0.0004367226210888475 0.00155629450455308 0.003414080012589693 0.005996715277433395 0.009254828095436096 0.01319037564098835 0.01792308315634727 0.02347511798143387 0.02984416484832764 0.03711650520563126 0.0452905036509037 0.05431250482797623 0.06427188962697983 0.07513228058815002 0.08694770932197571 0.09978904575109482 0.1136629357933998 0.1285268515348434 0.1443386077880859 0.1610473990440369 0.1784842908382416 0.1963888108730316 0.2147347778081894 0.2335133254528046 0.2527310848236084 0.2723065614700317 0.2921881973743439 0.3096590638160706 0.3222936391830444 0.328572005033493 0.3274151682853699 0.3181162178516388 0.3022104203701019 0.2870998978614807 0.27274489402771 0.2591076493263245 0.2461522668600082 0.2338446527719498 0.2221524268388748 0.2110448032617569 0.2004925608634949 0.1904679387807846 0.1809445470571518 0.1718973219394684 0.1633024513721466 0.1551373302936554 0.1473804712295532 0.1400114446878433 0.1330108791589737 0.1263603419065475 0.1200423240661621 0.1140402108430862 0.1083381995558739 0.1029212921857834 0.09777522832155228 0.09288647025823593 0.08824214339256287 0.08383003622293472 0.0796385332942009 0.07565660774707794 0.07187377661466599 0.06828008592128754 0.0648660808801651 0.06162277609109879 0.05854163691401482 0.05561455339193344 0.05283382534980774 0.05019213259220123 0.04768252745270729 0.04529840126633644 0.04303348064422607 0.04088180512189865 0.03883771598339081 0.03689583018422127 0.03505104035139084 0.03329848870635033 0.03163356333971024 0.03005188517272472 0.02854929119348526 0.02712182700634003 0.02576573565602303 0.02447744831442833 0.02325357496738434 0.02209089696407318 0.02098635211586952 0.01993703469634056 0.01894018240272999 0.01799317263066769 0.01709351316094398 0.01623883843421936 0.01542689651250839 0.01465555187314749 0.01392277423292398 0.01322663575410843 0.01256530359387398 0.01193703804165125 0.0113401859998703 0.01077317632734776 0.01023451797664165 0.009722791612148285 0.009236652404069901 0.008774819783866405 0.008336078375577927 0.007919274270534515 0.007523310370743275 0.007147144991904497 0.006789787672460079 0.006450298242270947 0.006127783097326756 0.005821393802762032 0.005530324298888445 0.005253808107227087 0.004991117864847183 0.004741562064737082 0.004504484124481678 0.00427926005795598 0.004065297078341246 0.003862032201141119 0.003668930614367127 0.003485484048724174 0.003311209846287966 0.003145649330690503 0.00298836687579751 0.00283894850872457 0.002697000978514552 0.002562150824815035 0.00243404321372509 0.002312341006472707 0.002196724060922861 0.002086887834593654 0.00198254338465631 0.001883416203781962 0.001789245405234396 0.001699783140793443 0.001614794018678367 0.001534054288640618 0.001457351609133184 0.001384483999572694 0.001315259840339422 0.001249496825039387 0.001187021960504353 0.001127670868299901 0.00107128731906414 0.001017722999677062 0.0009668368729762733 0.0009184950031340122 0.0008725702646188438 0.0008289417601190507 0.0007874946459196508 0.000748119899071753 0.0007107139099389315 0.0006751781911589205 0.0006414192612282932 0.0006093482952564955 0.0005788808921352029 0.0005499368417076766 0.000522440008353442 0.0004963179817423224 0.0004715020768344402 0.0004479269846342504 0.0004255306266713887 0.0004042540967930108 0.0003840413992293179 0.0003648393321782351 0.0003465973713900894 0.0003292674955446273 0.0003128041280433536 0.0002971639332827181 0.0002823057293426245 0.0002681904297787696 0.0002547808981034905 0.0002420418604742736 0.0002299397601746023 0.0002184427721658722 0.0002075206284644082 0.0001971446035895497 0.0001872873690444976 0.0001779230078682303 0.0001690268545644358 0.0001605755096534267 0.0001525467378087342 0.0001449193950975314 0.0001376734289806336 0.0001307897618971765 0.0001242502767127007 0.0001180377657874487 0.0001121358800446615 0.0001065290853148326 0.0001012026332318783 9.614250302547589e-05 9.13353796931915e-05 8.676861034473404e-05 8.243018237408251e-05 7.830867252778262e-05 7.439323962898925e-05 7.067358092172071e-05 6.713990296702832e-05 6.378290709108114e-05 6.059376028133556e-05 5.756407335866243e-05 5.468586823553778e-05 5.195157427806407e-05 4.935399556416087e-05 4.688629633164965e-05 4.454198278835975e-05 4.231488492223434e-05 4.019914194941521e-05 3.818918412434869e-05 3.627972546382807e-05 3.446573828114197e-05 3.274244954809546e-05 3.110532634309493e-05 2.955005948024336e-05 2.807255623338278e-05 2.666892760316841e-05 2.533548104111105e-05 2.406870771665126e-05 2.286527160322294e-05 2.172200765926391e-05 2.063590727630071e-05 1.960411100299098e-05 1.862390490714461e-05 1.769270966178738e-05 1.680807326920331e-05 1.596766924194526e-05 1.516928568889853e-05 1.441082167730201e-05 1.369028086628532e-05 1.300576695939526e-05 1.235547824762762e-05 1.173770397144835e-05 1.115081886382541e-05 1.059327769326046e-05 1.006361344479956e-05 9.560432772559579e-06 9.082411452254746e-06 8.628290743217804e-06 8.196876478905324e-06 7.787032700434793e-06 7.397681201837258e-06 7.027796982583823e-06 6.676407338090939e-06 6.342586857499555e-06 6.025457423675107e-06 5.724184575228719e-06 5.437975232780445e-06 5.166076334717218e-06 4.907772563456092e-06 4.662384071707493e-06 4.42926466348581e-06 4.207801339362049e-06 3.997411113232374e-06 3.797540557570755e-06 3.607663529692218e-06 3.427280262258137e-06 3.255916226407862e-06 3.093120312769315e-06 2.938464376711636e-06 2.791541191982105e-06 2.65196422333247e-06 2.519366034903214e-06 2.393397835476208e-06 2.273727886858978e-06 2.160041503884713e-06 2.052039462796529e-06
 0 0 0 0 0 0 0 0 0 0 0 0 0 0 0 0 0 0 0 0 0 0 0 0 0 0 0 0 0 0 0 0 0 0 0 0 0 0 0 0 0 0 0 0 0 0 0 0 0 0 0 0 0 0 0 0 0 0 0 0 0 0 0 0 0 0 0 0 0 0 0 0 0 0 0 0 0 0 0 0 0 0 0 0 0 0 0 0 0 0 0 0 0 0 0 0 0 0 0 0 0 0 0 0 0 0 0 0 0 0 0 0 0 0 0 0 0 0 0 0 0 0 0 0 0 0 0 0 0 0 0 0 0 0 0 0 0 0 0 0 0 0 0 0 0 0 0 0 0 0 0 0 0 0 0 0 0 0 0 0 0 0 0 0 0 0 0 0 0 0 0 0 0 0 0 0 0 0 0 0 0 0 0 0 0 0 0 0 0 0 0 0 0 0 0 0 0 0 0 0 0 0 0 0 0 0 0 0 0 0 0 0 0 0 0 0 0 0 0 0 0 0 0 0 0 0 0 0 0 0 0 0 0 0 0 0 0 0 0 0 0 0 0 0 0 0 0 0 0 0 0 0 0 0 0 0 0 0 0 0 0 0 0 0 0 0 0 0 0 0 0 0 0 0 0 0 0 0 0 0 0 0 0 0 0 0 0 0 0 0 0 0 0 0 0 0 0 0 0 0 0 0 0 0 0 0 0 0 0 0 0 0 0 0 0 0 0 0 0 0 0 0 0 0 0 0 0 0 0 0 0 0 0 0 0 0 0 0 0 0 0 0 0 0 0 0 0 0 0 0 0 0 0 0 0 0 0 0 0 0 0 0 0 0 0 0 0 0 0 0 0 0 0 0 0 0 0 0 0 0 0 0 0 0 0 0 0 0 0 0 0 0 0 0 0 0 0 0 0 0 0 0 0 0 0 0 0 0 0 0 0 0 0 0 0 0 0 0 0 0 0 0 0 0 0 0 0 0 0 0 0 0 0 0 0 0 0 0 0 0 0 0 0 0 0 0 0 0 0 0 0 0 0 0 0 0 0 0 0 0 0 0 0 0 0 0 0 0 0 0 0 0 0 0 0 0 0 0 0 0 0 0 0 0 0 0 0 0 0 0 0 0 0 0 0 0 0 0 0 0 0 0 0 0 0 0 0 0 0 0 0 0 0 0 0 0 0 0 0 0 0 0 0 0 0 0 0 0 0 0 0 0 0 0 0 0 0 0 0 0 0 0 0 0 0 0 0 0 0 0 0 0 0 0 0 0 0 0 0 0 0 0 0 0 0 0 0 0 0 0 0 0 0 0 0 0 0 0 0 0 0 0 0 0 0 0 0 0 0 0 0 0 0 0 0 0 0 0 0 0
 0 0 0 0 0 0 0 0 0 0 0 0 0 0 0 0 0 0 0 0 0 0 0 0 0 0 0 0 0 0 0 0 0 0 0 0 0 0 0 0 0 0 0 0 0 0 0 0 0 0 0 0 0 0 0 0 0 0 0 0 0 0 0 0 0 0 0 0 0 0 0 0 0 0 0 0 0 0 0 0 0 0 0 0 0 0 0 0 0 0 0 0 0 0 0 0 0 0 0 0 0 0 0 0 0 0 0 0 0 0 0 0 0 0 0 0 0 0 0 0 0 0 0 0 0 0 0 0 0 0 0 0 0 0 0 0 0 0 0 0 0 0 0 0 0 0 0 0 0 0 0 0 0 0 0 0 0 0 0 0 0 0 0 0 0 0 0 0 0 0 0 0 0 0 0 0 0 0 0 0 0 0 0 0 0 0 0 0 0 0 0 0 0 0 0 0 0 0 0 0 0 0 0 0 0 0 0 0 0 0 0 0 0 0 0 0 0 0 0 0 0 0 0 0 0 0 0 0 0 0 0 0 0 0 0 0 0 0 0 0 0 0 0 0 0 0 0 0 0 0 0 0 0 0 0 0 0 0 0 0 0 0 0 0 0 0 0 0 0 0 0 0 0 0 0 0 0 0 0 0 0 0 0 0 0 0 0 0 0 0 0 0 0 0 0 0 0 0 0 0 0 0 0 0 0 0 0 0 0 0 0 0 0 0 0 0 0 0 0 0 0 0 0 0 0 0 0 0 0 0 0 0 0 0 0 0 0 0 0 0 0 0 0 0 0 0 0 0 0 0 0 0 0 0 0 0 0 0 0 0 0 0 0 0 0 0 0 0 0 0 0 0 0 0 0 0 0 0 0 0 0 0 0 0 0 0 0 0 0 0 0 0 0 0 0 0 0 0 0 0 0 0 0 0 0 0 0 0 0 0 0 0 0 0 0 0 0 0 0 0 0 0 0 0 0 0 0 0 0 0 0 0 0 0 0 0 0 0 0 0 0 0 0 0 0 0 0 0 0 0 0 0 0 0 0 0 0 0 0 0 0 0 0 0 0 0 0 0 0 0 0 0 0 0 0 0 0 0 0 0 0 0 0 0 0 0 0 0 0 0 0 0 0 0 0 0 0 0 0 0 0 0 0 0 0 0 0 0 0 0 0 0 0 0 0 0 0 0 0 0 0 0 0 0 0 0 0 0 0 0 0 0 0 0 0 0 0 0 0 0 0 0 0 0 0 0 0 0 0 0 0 0 0 0 0 0 0 0 0 0 0 0 0 0 0 0 0 0 0 0 0 0 0 0 0 0 0 0 0 0 0 0 0 0 0 0 0 0 0 0 0 0 0 0 0 0 0 0 0 0
 0 0 0 0 0 0 0 0 0 0 0 0 0 0 0 0 0 0 0 0 0 0 0 0 0 0 0 0 0 0 0 0 0 0 0 0 0 0 0 0 0 0 0 0 0 0 0 0 0 0 0 0 0 0 0 0 0 0 0 0 0 0 0 0 0 0 0 0 0 0 0 0 0 0 0 0 0 0 0 0 0 0 0 0 0 0 0 0 0 0 0 0 0 0 0 0 0 0 0 0 0 0 0 0 0 0 0 0 0 0 0 0 0 0 0 0 0 0 0 0 0 0 0 0 0 0 0 0 0 0 0 0 0 0 0 0 0 0 0 0 0 0 0 0 0 0 0 0 0 0 0 0 0 0 0 0 0 0 0 0 0 0 0 0 0 0 0 0 0 0 0 0 0 0 0 0 0 0 0 0 0 0 0 0 0 0 0 0 0 0 0 0 0 0 0 0 0 0 0 0 0 0 0 0 0 0 0 0 0 0 0 0 0 0 0 0 0 0 0 0 0 0 0 0 0 0 0 0 0 0 0 0 0 0 0 0 0 0 0 0 0 0 0 0 0 0 0 0 0 0 0 0 0 0 0 0 0 0 0 0 0 0 0 0 0 0 0 0 0 0 0 0 0 0 0 0 0 0 0 0 0 0 0 0 0 0 0 0 0 0 0 0 0 0 0 0 0 0 0 0 0 0 0 0 0 0 0 0 0 0 0 0 0 0 0 0 0 0 0 0 0 0 0 0 0 0 0 0 0 0 0 0 0 0 0 0 0 0 0 0 0 0 0 0 0 0 0 0 0 0 0 0 0 0 0 0 0 0 0 0 0 0 0 0 0 0 0 0 0 0 0 0 0 0 0 0 0 0 0 0 0 0 0 0 0 0 0 0 0 0 0 0 0 0 0 0 0 0 0 0 0 0 0 0 0 0 0 0 0 0 0 0 0 0 0 0 0 0 0 0 0 0 0 0 0 0 0 0 0 0 0 0 0 0 0 0 0 0 0 0 0 0 0 0 0 0 0 0 0 0 0 0 0 0 0 0 0 0 0 0 0 0 0 0 0 0 0 0 0 0 0 0 0 0 0 0 0 0 0 0 0 0 0 0 0 0 0 0 0 0 0 0 0 0 0 0 0 0 0 0 0 0 0 0 0 0 0 0 0 0 0 0 0 0 0 0 0 0 0 0 0 0 0 0 0 0 0 0 0 0 0 0 0 0 0 0 0 0 0 0 0 0 0 0 0 0 0 0 0 0 0 0 0 0 0 0 0 0 0 0 0 0 0 0 0 0 0 0 0 0 0 0 0 0 0 0 0 0 0 0 0 0 0 0 0 0 0 0 0 0 0 0 0 0 0 0 0 0 0 0
 0 0 0 0 0 0 0 0 0 0 0 0 0 0 0 0 0 0 0 0 0 0 0 0 0 0 0 0 0 0 0 0 0 0 0 0 0 0 0 0 0 0 0 0 0 0 0 0 0 0 0 0 0 0 0 0 0 0 0 0 0 0 0 0 0 0 0 0 0 0 0 0 0 0 0 0 0 0 0 0 0 0 0 0 0 0 0 0 0 0 0 0 0 0 0 0 0 0 0 0 0 0 0 0 0 0 0 0 0 0 0 0 0 0 0 0 0 0 0 0 0 0 0 0 0 0 0 0 0 0 0 0 0 0 0 0 0 0 0 0 0 0 0 0 0 0 0 0 0 0 0 0 0 0 0 0 0 0 0 0 0 0 0 0 0 0 0 0 0 0 0 0 0 0 0 0 0 0 0 0 0 0 0 0 0 0 0 0 0 0 0 0 0 0 0 0 0 0 0 0 0 0 0 0 0 0 0 0 0 0 0 0 0 0 0 0 0 0 0 0 0 0 0 0 0 0 0 0 0 0 0 0 0 0 0 0 0 0 0 0 0 0 0 0 0 0 0 0 0 0 0 0 0 0 0 0 0 0 0 0 0 0 0 0 0 0 0 0 0 0 0 0 0 0 0 0 0 0 0 0 0 0 0 0 0 0 0 0 0 0 0 0 0 0 0 0 0 0 0 0 0 0 0 0 0 0 0 0 0 0 0 0 0 0 0 0 0 0 0 0 0 0 0 0 0 0 0 0 0 0 0 0 0 0.0002379396319156513 0.001109125558286905 0.002753600245341659 0.005176952108740807 0.008346352726221085 0.01225379016250372 0.01696082949638367 0.02253111079335213 0.02896213345229626 0.03626982867717743 0.04441957920789719 0.0533718541264534 0.06312739849090576 0.07374009490013123 0.08522088825702667 0.09768815338611603 0.1112029030919075 0.1257143467664719 0.1411295086145401 0.1574326306581497 0.1744167804718018 0.1918510794639587 0.2097097337245941 0.2279825955629349 0.2466233521699905 0.2655615508556366 0.2847743332386017 0.3020001351833344 0.3146178424358368 0.3209935426712036 0.3200395405292511 0.3109373152256012 0.2953904569149017 0.2806209325790405 0.266589879989624 0.2532603740692139 0.2405973523855209 0.2285674810409546 0.2171391099691391 0.2062821537256241 0.1959680467844009 0.1861696392297745 0.1768611520528793 0.1680180877447128 0.1596171855926514 0.1516363322734833 0.1440545171499252 0.1368517875671387 0.1300092041492462 0.1235087439417839 0.1173333078622818 0.111466646194458 0.1058933138847351 0.1005986481904984 0.09556871652603149 0.0907902792096138 0.08625076711177826 0.08193822950124741 0.07784131914377213 0.07394925504922867 0.07025179266929626 0.06673920154571533 0.06340224295854568 0.06023213267326355 0.05722052603960037 0.05435949936509132 0.05164152383804321 0.04905944690108299 0.04660647362470627 0.04427614808082581 0.04206234216690063 0.03995922580361366 0.03796126320958138 0.03606320172548294 0.03426004201173782 0.03254704177379608 0.03091968968510628 0.02937370538711548 0.02790502086281776 0.02650976926088333 0.02518428117036819 0.02392506785690784 0.02272881381213665 0.02159237302839756 0.02051275409758091 0.01948711648583412 0.01851276122033596 0.01758712343871593 0.01670776680111885 0.01587237790226936 0.01507875882089138 0.01432482060045004 0.01360857952386141 0.01292815059423447 0.01228174287825823 0.01166765578091145 0.01108427345752716 0.01053006015717983 0.01000355742871761 0.009503379464149475 0.009028210304677486 0.008576800115406513 0.008147960528731346 0.007740562316030264 0.007353533990681171 0.006985857151448727 0.006636564154177904 0.006304735783487558 0.005989498924463987 0.005690023768693209 0.005405522417277098 0.005135246086865664 0.004878483712673187 0.004634559620171785 0.00440283166244626 0.004182690288871527 0.003973555751144886 0.003774877870455384 0.003586133942008018 0.003406827338039875 0.003236485878005624 0.003074661595746875 0.002920928411185741 0.002774881897494197 0.002636137884110212 0.002504331059753895 0.0023791145067662 0.002260158769786358 0.002147150924429297 0.002039793413132429 0.001937803695909679 0.001840913551859558 0.001748867915011942 0.001661424525082111 0.001578353345394135 0.001499435631558299 0.001424463815055788 0.001353240571916103 0.001285578589886427 0.001221299637109041 0.001160234678536654 0.001102222944609821 0.001047111814841628 0.0009947562357410789 0.000945018429774791 0.0008977674879133701 0.000852879136800766 0.0008102351566776633 0.0007697233813814819 0.0007312372326850891 0.0006946753710508347 0.0006599415792152286 0.0006269444711506367 0.000595597259234637 0.0005658174050040543 0.000537526560947299 0.0005106502212584019 0.000485117721837014 0.0004608618328347802 0.000437818729551509 0.000415927788708359 0.0003951314138248563 0.0003753748314920813 0.0003566060913726687 0.0003387757751625031 0.0003218369965907186 0.0003057451394852251 0.0002904578868765384 0.0002759349881671369 0.0002621382300276309 0.0002490313199814409 0.0002365797554375604 0.0002247507654828951 0.0002135132235707715 0.0002028375602094457 0.0001926956756506115 0.0001830608962336555 0.0001739078579703346 0.0001652124628890306 0.0001569518353790045 0.0001491042494308203 0.0001416490413248539 0.0001345665950793773 0.000127838269690983 0.0001214463554788381 0.0001153740377048962 0.0001096053383662365 0.0001041250725393184 9.891881927615032e-05 9.397287794854492e-05 8.927423186833039e-05 8.481051918352023e-05 8.056999649852514e-05 7.654149521840736e-05 7.271442154888064e-05 6.907869828864932e-05 6.562476482940838e-05 6.234352622414008e-05 5.922634954913519e-05 5.626503116218373e-05 5.34517785126809e-05 5.077918831375428e-05 4.824022835236974e-05 4.582821566145867e-05 4.35368056059815e-05 4.135996641707607e-05 3.92919682781212e-05 3.73273687728215e-05 3.546100197127089e-05 3.368795296410099e-05 3.20035542245023e-05 3.040337651327718e-05 2.888320705096703e-05 2.743904587987345e-05 2.606709313113242e-05 2.476373811077792e-05 2.352555202378426e-05 2.234927524114028e-05 2.123181184288114e-05 2.017022052314132e-05 1.916170913318638e-05 1.820362376747653e-05 1.729344330669846e-05 1.642877032281831e-05 1.560733107908163e-05 1.482696461607702e-05 1.408561638527317e-05 1.338133552053478e-05 1.271226847165963e-05 1.207665536639979e-05 1.147282273450401e-05 1.089918168872828e-05 1.035422246786766e-05 9.836511708272155e-06 9.344686077383813e-06 8.877451364242006e-06 8.433578841504641e-06 8.011899808479939e-06 7.611304681631736e-06 7.230739356600679e-06 6.869202479720116e-06 6.52574226478464e-06 6.19945512880804e-06 5.889482508791843e-06 5.595008587988559e-06 5.315258022164926e-06 5.049495030107209e-06 4.797020210389746e-06 4.557169177132891e-06 4.329310741013614e-06 4.112845090276096e-06 3.907202881237026e-06 3.711842737175175e-06 3.526250566210365e-06 3.349937969687744e-06 3.182441105309408e-06 3.023319095518673e-06 2.872153118005372e-06 2.728545496211154e-06 2.592118107713759e-06 2.462512156853336e-06 2.33938658311672e-06 2.22241715164273e-06 2.111296225848491e-06 2.005731403187383e-06 1.905444833028014e-06 1.810172534533194e-06
 0 0 0 0 0 0 0 0 0 0 0 0 0 0 0 0 0 0 0 0 0 0 0 0 0 0 0 0 0 0 0 0 0 0 0 0 0 0 0 0 0 0 0 0 0 0 0 0 0 0 0 0 0 0 0 0 0 0 0 0 0 0 0 0 0 0 0 0 0 0 0 0 0 0 0 0 0 0 0 0 0 0 0 0 0 0 0 0 0 0 0 0 0 0 0 0 0 0 0 0 0 0 0 0 0 0 0 0 0 0 0 0 0 0 0 0 0 0 0 0 0 0 0 0 0 0 0 0 0 0 0 0 0 0 0 0 0 0 0 0 0 0 0 0 0 0 0 0 0 0 0 0 0 0 0 0 0 0 0 0 0 0 0 0 0 0 0 0 0 0 0 0 0 0 0 0 0 0 0 0 0 0 0 0 0 0 0 0 0 0 0 0 0 0 0 0 0 0 0 0 0 0 0 0 0 0 0 0 0 0 0 0 0 0 0 0 0 0 0 0 0 0 0 0 0 0 0 0 0 0 0 0 0 0 0 0 0 0 0 0 0 0 0 0 0 0 0 0 0 0 0 0 0 0 0 0 0 0 0 0 0 0 0 0 0 0 0 0 0 0 0 0 0 0 0 0 0 0 0 0 0 0 0 0 0 0 0 0 0 0 0 0 0 0 0 0 0 0 0 0 0 0 0 0 0 0 0 0 0 0 0 0 0 0 0 0 0 0 0 0 0 0 0 0 0 0 0 0 0 0 0 0 0 0 0 0 0 0 0 0 0 0 0 0 0 0 0 0 0 0 0 0 0 0 0 0 0 0 0 0 0 0 0 0 0 0 0 0 0 0 0 0 0 0 0 0 0 0 0 0 0 0 0 0 0 0 0 0 0 0 0 0 0 0 0 0 0 0 0 0 0 0 0 0 0 0 0 0 0 0 0 0 0 0 0 0 0 0 0 0 0 0 0 0 0 0 0 0 0 0 0 0 0 0 0 0 0 0 0 0 0 0 0 0 0 0 0 0 0 0 0 0 0 0 0 0 0 0 0 0 0 0 0 0 0 0 0 0 0 0 0 0 0 0 0 0 0 0 0 0 0 0 0 0 0 0 0 0 0 0 0 0 0 0 0 0 0 0 0 0 0 0 0 0 0 0 0 0 0 0 0 0 0 0 0 0 0 0 0 0 0 0 0 0 0 0 0 0 0 0 0 0 0 0 0 0 0 0 0 0 0 0 0 0 0 0 0 0 0 0 0 0 0 0 0 0 0 0 0 0 0 0 0 0 0 0 0 0 0 0 0 0 0 0 0 0 0 0 0 0 0 0 0 0 0 0 0 0 0 0 0 0 0 0 0 0 0 0 0 0
 0 0 0 0 0 0 0 0 0 0 0 0 0 0 0 0 0 0 0 0 0 0 0 0 0 0 0 0 0 0 0 0 0 0 0 0 0 0 0 0 0 0 0 0 0 0 0 0 0 0 0 0 0 0 0 0 0 0 0 0 0 0 0 0 0 0 0 0 0 0 0 0 0 0 0 0 0 0 0 0 0 0 0 0 0 0 0 0 0 0 0 0 0 0 0 0 0 0 0 0 0 0 0 0 0 0 0 0 0 0 0 0 0 0 0 0 0 0 0 0 0 0 0 0 0 0 0 0 0 0 0 0 0 0 0 0 0 0 0 0 0 0 0 0 0 0 0 0 0 0 0 0 0 0 0 0 0 0 0 0 0 0 0 0 0 0 0 0 0 0 0 0 0 0 0 0 0 0 0 0 0 0 0 0 0 0 0 0 0 0 0 0 0 0 0 0 0 0 0 0 0 0 0 0 0 0 0 0 0 0 0 0 0 0 0 0 0 0 0 0 0 0 0 0 0 0 0 0 0 0 0 0 0 0 0 0 0 0 0 0 0 0 0 0 0 0 0 0 0 0 0 0 0 0 0 0 0 0 0 0 0 0 0 0 0 0 0 0 0 0 0 0 0 0 0 0 0 0 0 0 0 0 0 0 0 0 0 0 0 0 0 0 0 0 0 0 0 0 0 0 0 0 0 0 0 0 0 0 0 0 0 0 0 0 0 0 0 0 0 0 0 0 0 0 0 0 0 0 0 0 0 0 0 0 0 0 0 0 0 0 0 0 0 0 0 0 0 0 0 0 0 0 0 0 0 0 0 0 0 0 0 0 0 0 0 0 0 0 0 0 0 0 0 0 0 0 0 0 0 0 0 0 0 0 0 0 0 0 0 0 0 0 0 0 0 0 0 0 0 0 0 0 0 0 0 0 0 0 0 0 0 0 0 0 0 0 0 0 0 0 0 0 0 0 0 0 0 0 0 0 0 0 0 0 0 0 0 0 0 0 0 0 0 0 0 0 0 0 0 0 0 0 0 0 0 0 0 0 0 0 0 0 0 0 0 0 0 0 0 0 0 0 0 0 0 0 0 0 0 0 0 0 0 0 0 0 0 0 0 0 0 0 0 0 0 0 0 0 0 0 0 0 0 0 0 0 0 0 0 0 0 0 0 0 0 0 0 0 0 0 0 0 0 0 0 0 0 0 0 0 0 0 0 0 0 0 0 0 0 0 0 0 0 0 0 0 0 0 0 0 0 0 0 0 0 0 0 0 0 0 0 0 0 0 0 0 0 0 0 0 0 0 0 0 0 0 0 0 0 0 0 0 0 0 0 0 0 0 0 0 0 0 0 0 0 0 0 0 0 0


# name: r_0_m15_G0_L0p3_D0p7
# type: matrix
# rows: 1
# columns: 14
 0 -15 0.2 0 0.3 0 -9.32314 0 0 0.2269078754913547 0 164.1666666666667 1.169045194450012 0.7




