# Created by Octave 3.8.2, Wed Jul 05 10:40:01 2017 BST <co1ssj@node117>
# name: result
# type: scalar struct
# ndims: 2
 1 1
# length: 3
# name: params
# type: scalar struct
# ndims: 2
 1 1
# length: 18
# name: cleanup
# type: scalar
0


# name: num_runs
# type: scalar
6


# name: dopamine
# type: scalar
0.7


# name: targetCross
# type: scalar
1


# name: targetLuminance
# type: scalar
0.3


# name: targetWidthX
# type: scalar
6


# name: targetWidthY
# type: scalar
2


# name: fixCross
# type: scalar
1


# name: fixLuminance
# type: scalar
0.2


# name: fixWidthX
# type: scalar
6


# name: fixWidthY
# type: scalar
2


# name: fixOn
# type: scalar
0


# name: targetOff
# type: scalar
1


# name: targetOn
# type: scalar
0.2


# name: fixOff
# type: scalar
0.2


# name: targetThetaX
# type: scalar
0


# name: targetThetaY
# type: scalar
-16


# name: exptnum
# type: scalar
0




# name: r_0_m16_G0_L0p3_D0p7_llbn
# type: matrix
# rows: 24
# columns: 600
 0 0 0 0 0 0 0 0 0 0 0 0 0 0 0 0 0 0 0 0 0 0 0 0 0 0 0 0 0 0 0 0 0 0 0 0 0 0 0 0 0 0 0 0 0 0 0 0 0 0 0 0 0 0 0 0 0 0 0 0 0 0 0 0 0 0 0 0 0 0 0 0 0 0 0 0 0 0 0 0 0 0 0 0 0 0 0 0 0 0 0 0 0 0 0 0 0 0 0 0 0 0 0 0 0 0 0 0 0 0 0 0 0 0 0 0 0 0 0 0 0 0 0 0 0 0 0 0 0 0 0 0 0 0 0 0 0 0 0 0 0 0 0 0 0 0 0 0 0 0 0 0 0 0 0 0 0 0 0 0 0 0 0 0 0 0 0 0 0 0 0 0 0 0 0 0 0 0 0 0 0 0 0 0 0 0 0 0 0 0 0 0 0 0 0 0 0 0 0 0 0 0 0 0 0 0 0 0 0 0 0 0 0 0 0 0 0 0 0 0 0 0 0 0 0 0 0 0 0 0 0 0 0 0 0 0 0 0 0 0 0 0 0 0 0 0 0 0 0 0 0 0 0 0 0 0 0 0 0 0 0 0 0 0 0 0 0 0 0 0 0 0 0 0 0 0 0 0 0 0 0 0 0 0 0 0 0 0 0 0 0 0 0 0 0 0 0 0 0 0 0 0 0 0 0 0 0 0 0 0 0 0 0 0 0 0 0 0 0 0 0 0 0 0 0 0 0 0 0 0 0 0 0 0 0 0 0 0 0 0 0 0 0 0 0 0 0 0 0 0 0 0 0 0 0 0 0 0 0 0 0 0 0 0 0 0 0 0 0 0 0 0 0 0 0 0 0 0 0 0 0 0 0 0 0 0 0 0 0 0 0 0 0 0 0 0 0 0 0 0 0 0 0 0 0 0 0 0 0 0 0 0 0 0 0 0 0 0 0 0 0 0 0 0 0 0 0 0 0 0 0 0 0 0 0 0 0 0 0 0 0 0 0 0 0 0 0 0 0 0 0 0 0 0 0 0 0 0 0 0 0 0 0 0 0 0 0 0 0 0 0 0 0 0 0 0 0 0 0 0 0 0 0 0 0 0 0 0 0 0 0 0 0 0 0 0 0 0 0 0 0 0 0 0 0 0 0 0 0 0 0 0 0 0 0 0 0 0 0 0 0 0 0 0 0 0 0 0 0 0 0 0 0 0 0 0 0 0 0 0 0 0 0 0 0 0 0 0 0 0 0 0 0 0 0 0 0 0 0 0 0 0 0 0 0 0 0 0 0 0 0 0 0 0 0 0 0 0 0 0 0 0 0 0 0 0 0 0 0 0 0 0 0 0 0 0 0 0 0 0
 0 0 0 0 0 0 0 0 0 0 0 0 0 0 0 0 0 0 0 0 0 0 0 0 0 0 0 0 0 0 0 0 0 0 0 0 0 0 0 0 0 0 0 0 0 0 0 0 0 0 0 0 0 0 0 0 0 0 0 0 0 0 0 0 0 0 0 0 0 0 0 0 0 0 0 0 0 0 0 0 0 0 0 0 0 0 0 0 0 0 0 0 0 0 0 0 0 0 0 0 0 0 0 0 0 0 0 0 0 0 0 0 0 0 0 0 0 0 0 0 0 0 0 0 0 0 0 0 0 0 0 0 0 0 0 0 0 0 0 0 0 0 0 0 0 0 0 0 0 0 0 0 0 0 0 0 0 0 0 0 0 0 0 0 0 0 0 0 0 0 0 0 0 0 0 0 0 0 0 0 0 0 0 0 0 0 0 0 0 0 0 0 0 0 0 0 0 0 0 0 0 0 0 0 0 0 0 0 0 0 0 0 0 0 0 0 0 0 0 0 0 0 0 0 0 0 0 0 0 0 0 0 0 0 0 0 0 0 0 0 0 0 0 0 0 0 0 0 0 0 0 0 0 0 0 0 0 0 0 0 0 0 0 0 0 0 0 0 0 0 0 0 0 0 0 0 0 0 0 0 0 0 0 0 0 0 0 0 0 0 0 0 0 0 0 0 0 0 0 0 0 0 0 0 0 0 0 0 0 0 0 0 0 0 0 0 0 0 0 0 0 0 0 0 0 0 0 0 0 0 0 0 0 0.0002133722591679543 0.001157816150225699 0.002920276485383511 0.005491681396961212 0.008809540420770645 0.01289561484009027 0.01775168254971504 0.0233403854072094 0.0296376496553421 0.03682927042245865 0.04492741823196411 0.05390884354710579 0.06383635103702545 0.0746789425611496 0.08652105927467346 0.09936121106147766 0.1132314652204514 0.1283021122217178 0.1445350050926208 0.1618626415729523 0.1801393032073975 0.1992970407009125 0.2192931175231934 0.2399584054946899 0.2609882950782776 0.2823083996772766 0.3039245009422302 0.3231040835380554 0.3374591469764709 0.3452730178833008 0.3453050553798676 0.3365208506584167 0.3196948170661926 0.3037100732326508 0.2885245680809021 0.2740983366966248 0.2603934109210968 0.2473737448453903 0.2350050508975983 0.2232547998428345 0.2120920568704605 0.2014874517917633 0.1914130747318268 0.1818424165248871 0.1727502942085266 0.164112776517868 0.1559071391820908 0.1481117755174637 0.1407061815261841 0.1336708664894104 0.1269873231649399 0.1206379532814026 0.1146060526371002 0.1088757514953613 0.1034319624304771 0.09826036542654037 0.09334734827280045 0.08867998421192169 0.08424598723649979 0.08003368973731995 0.07603200525045395 0.07223040610551834 0.06861888617277145 0.06518793851137161 0.06192854046821594 0.05883211269974709 0.05589050799608231 0.0530959814786911 0.05044118314981461 0.04791912436485291 0.04552316665649414 0.04324700683355331 0.0410846546292305 0.03903042152523994 0.03707890212535858 0.03522495552897453 0.03346370905637741 0.03179052472114563 0.03020099923014641 0.02869094908237457 0.02725640125572681 0.02589358203113079 0.02459890209138393 0.02336895652115345 0.02220050804316998 0.02109048329293728 0.02003595978021622 0.01903416216373444 0.01808245480060577 0.01717833243310452 0.01631941646337509 0.01550344564020634 0.01472827326506376 0.01399185974150896 0.01329226698726416 0.01262765377759933 0.01199627108871937 0.01139645744115114 0.01082663424313068 0.01028530299663544 0.009771037846803665 0.009282485581934452 0.008818360976874828 0.008377443067729473 0.007958570495247841 0.007560641970485449 0.007182609755545855 0.006823479197919369 0.006482305005192757 0.006158189848065376 0.005850280169397593 0.005557766184210777 0.005279877688735723 0.005015883594751358 0.004765089601278305 0.004526834934949875 0.004300493281334639 0.004085468593984842 0.003881195094436407 0.00368713540956378 0.003502778708934784 0.003327639773488045 0.003161257831379771 0.00300319492816925 0.002853035228326917 0.002710383385419846 0.002574864309281111 0.002446121070533991 0.002323815133422613 0.002207624260336161 0.00209724297747016 0.00199238071218133 0.001892761676572263 0.001798123586922884 0.001708217430859804 0.00162280653603375 0.001541666220873594 0.001464582863263786 0.001391353667713702 0.001321785966865718 0.001255696639418602 0.001192911760881543 0.001133266137912869 0.001076602842658758 0.001022772747091949 0.0009716341155581176 0.0009230524301528931 0.0008768998086452484 0.0008330548298545182 0.0007914020679891109 0.0007518319762311876 0.000714240362867713 0.0006785283330827951 0.0006446019397117198 0.0006123718339949846 0.0005817532655782998 0.0005526656168513 0.0005250323447398841 0.0004987807478755713 0.0004738417046610266 0.0004501496150624007 0.0004276421386748552 0.0004062600200995803 0.0003859470307361335 0.0003666496777441353 0.0003483172040432692 0.0003309013554826379 0.0003143562935292721 0.0002986384788528085 0.0002837065549101681 0.0002695212315302342 0.000256045168498531 0.000243242917349562 0.0002310807758476585 0.000219526729779318 0.0002085503947455436 0.0001981228706426919 0.0001882167271105573 0.0001788058871170506 0.0001698655978543684 0.0001613723143236712 0.0001533036993350834 0.0001456385070923716 0.0001383565831929445 0.0001314387482125312 0.0001248668122570962 0.0001186234730994329 0.0001126923016272485 0.0001070576836355031 0.0001017047979985364 9.661955846240744e-05 9.178857726510614e-05 8.719915058463812e-05 8.283919305540621e-05 7.869723049225286e-05 7.476237078662962e-05 7.10242529748939e-05 6.747303996235132e-05 6.409938941942528e-05 6.089442103984766e-05 5.784969835076481e-05 5.495721416082233e-05 5.220935418037698e-05 4.959888610756025e-05 4.711894143838435e-05 4.476299363886937e-05 4.252484359312803e-05 4.039860141347162e-05 3.837867188849486e-05 3.645973993116058e-05 3.463675238890573e-05 3.290491440566257e-05 3.12596675939858e-05 2.969668457808439e-05 2.821185080392752e-05 2.680125908227637e-05 2.546119685575832e-05 2.418813710391987e-05 2.297873106726911e-05 2.182979369536042e-05 2.073830364679452e-05 1.97013887373032e-05 1.871631866379175e-05 1.778050318534952e-05 1.689147757133469e-05 1.604690442036372e-05 1.524455910839606e-05 1.448233160772361e-05 1.375821466353955e-05 1.307030379393836e-05 1.241678819496883e-05 1.179594892164459e-05 1.120615161198657e-05 1.064584375853883e-05 1.011355197988451e-05 9.607874744688161e-06 9.127481462201104e-06 8.671107025293168e-06 8.237551810452715e-06 7.825674401829019e-06 7.434390681737568e-06 7.062671102175955e-06 6.709537501592422e-06 6.374060831149109e-06 6.055357971490594e-06 5.752589913754491e-06 5.464960395329399e-06 5.191712261876091e-06 4.932126557832817e-06 4.685520252678543e-06 4.451244421943557e-06 4.228681973472703e-06 4.017248102172744e-06 3.816385742538841e-06 3.625566478149267e-06 3.444288267928641e-06 3.272073854532209e-06 3.108470082224812e-06 2.953046532638837e-06 2.80539416053216e-06 2.665124384293449e-06 2.53186817644746e-06 2.405274699412985e-06 2.285010850755498e-06 2.170760353692458e-06 2.062222392851254e-06 1.959111159521854e-06
 0 0 0 0 0 0 0 0 0 0 0 0 0 0 0 0 0 0 0 0 0 0 0 0 0 0 0 0 0 0 0 0 0 0 0 0 0 0 0 0 0 0 0 0 0 0 0 0 0 0 0 0 0 0 0 0 0 0 0 0 0 0 0 0 0 0 0 0 0 0 0 0 0 0 0 0 0 0 0 0 0 0 0 0 0 0 0 0 0 0 0 0 0 0 0 0 0 0 0 0 0 0 0 0 0 0 0 0 0 0 0 0 0 0 0 0 0 0 0 0 0 0 0 0 0 0 0 0 0 0 0 0 0 0 0 0 0 0 0 0 0 0 0 0 0 0 0 0 0 0 0 0 0 0 0 0 0 0 0 0 0 0 0 0 0 0 0 0 0 0 0 0 0 0 0 0 0 0 0 0 0 0 0 0 0 0 0 0 0 0 0 0 0 0 0 0 0 0 0 0 0 0 0 0 0 0 0 0 0 0 0 0 0 0 0 0 0 0 0 0 0 0 0 0 0 0 0 0 0 0 0 0 0 0 0 0 0 0 0 0 0 0 0 0 0 0 0 0 0 0 0 0 0 0 0 0 0 0 0 0 0 0 0 0 0 0 0 0 0 0 0 0 0 0 0 0 0 0 0 0 0 0 0 0 0 0 0 0 0 0 0 0 0 0 0 0 0 0 0 0 0 0 0 0 0 0 0 0 0 0 0 0 0 0 0 0 0 0 0 0 0 0 0 0 0 0 0 0 0 0 0 0 0 0 0 0 0 0 0 0 0 0 0 0 0 0 0 0 0 0 0 0 0 0 0 0 0 0 0 0 0 0 0 0 0 0 0 0 0 0 0 0 0 0 0 0 0 0 0 0 0 0 0 0 0 0 0 0 0 0 0 0 0 0 0 0 0 0 0 0 0 0 0 0 0 0 0 0 0 0 0 0 0 0 0 0 0 0 0 0 0 0 0 0 0 0 0 0 0 0 0 0 0 0 0 0 0 0 0 0 0 0 0 0 0 0 0 0 0 0 0 0 0 0 0 0 0 0 0 0 0 0 0 0 0 0 0 0 0 0 0 0 0 0 0 0 0 0 0 0 0 0 0 0 0 0 0 0 0 0 0 0 0 0 0 0 0 0 0 0 0 0 0 0 0 0 0 0 0 0 0 0 0 0 0 0 0 0 0 0 0 0 0 0 0 0 0 0 0 0 0 0 0 0 0 0 0 0 0 0 0 0 0 0 0 0 0 0 0 0 0 0 0 0 0 0 0 0 0 0 0 0 0 0 0 0 0 0 0 0 0 0 0 0 0 0 0 0 0 0 0 0 0 0 0 0 0 0 0 0 0 0 0 0 0 0 0 0 0 0
 0 0 0 0 0 0 0 0 0 0 0 0 0 0 0 0 0 0 0 0 0 0 0 0 0 0 0 0 0 0 0 0 0 0 0 0 0 0 0 0 0 0 0 0 0 0 0 0 0 0 0 0 0 0 0 0 0 0 0 0 0 0 0 0 0 0 0 0 0 0 0 0 0 0 0 0 0 0 0 0 0 0 0 0 0 0 0 0 0 0 0 0 0 0 0 0 0 0 0 0 0 0 0 0 0 0 0 0 0 0 0 0 0 0 0 0 0 0 0 0 0 0 0 0 0 0 0 0 0 0 0 0 0 0 0 0 0 0 0 0 0 0 0 0 0 0 0 0 0 0 0 0 0 0 0 0 0 0 0 0 0 0 0 0 0 0 0 0 0 0 0 0 0 0 0 0 0 0 0 0 0 0 0 0 0 0 0 0 0 0 0 0 0 0 0 0 0 0 0 0 0 0 0 0 0 0 0 0 0 0 0 0 0 0 0 0 0 0 0 0 0 0 0 0 0 0 0 0 0 0 0 0 0 0 0 0 0 0 0 0 0 0 0 0 0 0 0 0 0 0 0 0 0 0 0 0 0 0 0 0 0 0 0 0 0 0 0 0 0 0 0 0 0 0 0 0 0 0 0 0 0 0 0 0 0 0 0 0 0 0 0 0 0 0 0 0 0 0 0 0 0 0 0 0 0 0 0 0 0 0 0 0 0 0 0 0 0 0 0 0 0 0 0 0 0 0 0 0 0 0 0 0 0 0 0 0 0 0 0 0 0 0 0 0 0 0 0 0 0 0 0 0 0 0 0 0 0 0 0 0 0 0 0 0 0 0 0 0 0 0 0 0 0 0 0 0 0 0 0 0 0 0 0 0 0 0 0 0 0 0 0 0 0 0 0 0 0 0 0 0 0 0 0 0 0 0 0 0 0 0 0 0 0 0 0 0 0 0 0 0 0 0 0 0 0 0 0 0 0 0 0 0 0 0 0 0 0 0 0 0 0 0 0 0 0 0 0 0 0 0 0 0 0 0 0 0 0 0 0 0 0 0 0 0 0 0 0 0 0 0 0 0 0 0 0 0 0 0 0 0 0 0 0 0 0 0 0 0 0 0 0 0 0 0 0 0 0 0 0 0 0 0 0 0 0 0 0 0 0 0 0 0 0 0 0 0 0 0 0 0 0 0 0 0 0 0 0 0 0 0 0 0 0 0 0 0 0 0 0 0 0 0 0 0 0 0 0 0 0 0 0 0 0 0 0 0 0 0 0 0 0 0 0 0 0 0 0 0 0 0 0 0 0 0 0 0 0 0 0 0 0 0 0 0 0 0 0 0 0 0 0 0 0 0 0 0 0 0 0 0
 0 0 0 0 0 0 0 0 0 0 0 0 0 0 0 0 0 0 0 0 0 0 0 0 0 0 0 0 0 0 0 0 0 0 0 0 0 0 0 0 0 0 0 0 0 0 0 0 0 0 0 0 0 0 0 0 0 0 0 0 0 0 0 0 0 0 0 0 0 0 0 0 0 0 0 0 0 0 0 0 0 0 0 0 0 0 0 0 0 0 0 0 0 0 0 0 0 0 0 0 0 0 0 0 0 0 0 0 0 0 0 0 0 0 0 0 0 0 0 0 0 0 0 0 0 0 0 0 0 0 0 0 0 0 0 0 0 0 0 0 0 0 0 0 0 0 0 0 0 0 0 0 0 0 0 0 0 0 0 0 0 0 0 0 0 0 0 0 0 0 0 0 0 0 0 0 0 0 0 0 0 0 0 0 0 0 0 0 0 0 0 0 0 0 0 0 0 0 0 0 0 0 0 0 0 0 0 0 0 0 0 0 0 0 0 0 0 0 0 0 0 0 0 0 0 0 0 0 0 0 0 0 0 0 0 0 0 0 0 0 0 0 0 0 0 0 0 0 0 0 0 0 0 0 0 0 0 0 0 0 0 0 0 0 0 0 0 0 0 0 0 0 0 0 0 0 0 0 0 0 0 0 0 0 0 0 0 0 0 0 0 0 0 0 0 0 0 0 0 0 0 0 0 0 0 0 0 0 0 0 0 0 0 0 0 0 0 0 0 0 0 0 0 0 0 0 0 0 0 0 0 0 0 0 0 0 0 0 0 0 0 0 0 0 0 0 0 0 0 0 0 0 0 0 0 0 0 0 0 0 0 0 0 0 0 0 0 0 0 0 0 0 0 0 0 0 0 0 0 0 0 0 0 0 0 0 0 0 0 0 0 0 0 0 0 0 0 0 0 0 0 0 0 0 0 0 0 0 0 0 0 0 0 0 0 0 0 0 0 0 0 0 0 0 0 0 0 0 0 0 0 0 0 0 0 0 0 0 0 0 0 0 0 0 0 0 0 0 0 0 0 0 0 0 0 0 0 0 0 0 0 0 0 0 0 0 0 0 0 0 0 0 0 0 0 0 0 0 0 0 0 0 0 0 0 0 0 0 0 0 0 0 0 0 0 0 0 0 0 0 0 0 0 0 0 0 0 0 0 0 0 0 0 0 0 0 0 0 0 0 0 0 0 0 0 0 0 0 0 0 0 0 0 0 0 0 0 0 0 0 0 0 0 0 0 0 0 0 0 0 0 0 0 0 0 0 0 0 0 0 0 0 0 0 0 0 0 0 0 0 0 0 0 0 0 0 0 0 0 0 0 0 0 0 0 0 0 0 0 0 0 0 0 0 0 0 0 0 0 0
 0 0 0 0 0 0 0 0 0 0 0 0 0 0 0 0 0 0 0 0 0 0 0 0 0 0 0 0 0 0 0 0 0 0 0 0 0 0 0 0 0 0 0 0 0 0 0 0 0 0 0 0 0 0 0 0 0 0 0 0 0 0 0 0 0 0 0 0 0 0 0 0 0 0 0 0 0 0 0 0 0 0 0 0 0 0 0 0 0 0 0 0 0 0 0 0 0 0 0 0 0 0 0 0 0 0 0 0 0 0 0 0 0 0 0 0 0 0 0 0 0 0 0 0 0 0 0 0 0 0 0 0 0 0 0 0 0 0 0 0 0 0 0 0 0 0 0 0 0 0 0 0 0 0 0 0 0 0 0 0 0 0 0 0 0 0 0 0 0 0 0 0 0 0 0 0 0 0 0 0 0 0 0 0 0 0 0 0 0 0 0 0 0 0 0 0 0 0 0 0 0 0 0 0 0 0 0 0 0 0 0 0 0 0 0 0 0 0 0 0 0 0 0 0 0 0 0 0 0 0 0 0 0 0 0 0 0 0 0 0 0 0 0 0 0 0 0 0 0 0 0 0 0 0 0 0 0 0 0 0 0 0 0 0 0 0 0 0 0 0 0 0 0 0 0 0 0 0 0 0 0 0 0 0 0 0 0 0 0 0 0 0 0 0 0 0 0 0 0 0 0 0 0 0 0 0 0 0 0 0 0 0 0 0 0 0 0 0 0 0 0 0 0 0 0 0 0 0 0 0 0 0 0 0 0.0005873735644854605 0.001997099490836263 0.004202396608889103 0.007239105179905891 0.01106947287917137 0.01567446440458298 0.02110084891319275 0.02732990495860577 0.03439679369330406 0.04231186211109161 0.05105026066303253 0.06072442606091499 0.07131980359554291 0.08279720693826675 0.09520817548036575 0.1086077317595482 0.122977614402771 0.1383906453847885 0.1548895388841629 0.1724272221326828 0.1909752041101456 0.210333988070488 0.230524405837059 0.2513165175914764 0.2725523412227631 0.2942570745944977 0.31463623046875 0.3308655023574829 0.341118723154068 0.344011664390564 0.3385723829269409 0.3241183459758759 0.3079124391078949 0.292516827583313 0.2778909802436829 0.263996422290802 0.2507966160774231 0.2382567822933197 0.2263439446687698 0.2150267511606216 0.2042754143476486 0.1940616369247437 0.1843585520982742 0.1751406192779541 0.1663835942745209 0.1580644100904465 0.1501611918210983 0.1426531374454498 0.1355204880237579 0.1287444680929184 0.1223072409629822 0.1161918789148331 0.1103822886943817 0.1048631742596626 0.09962001442909241 0.09463901072740555 0.08990705758333206 0.08541170507669449 0.08114112168550491 0.07708406448364258 0.07322986423969269 0.06956837326288223 0.06608995795249939 0.06278546154499054 0.05964618921279907 0.056663878262043 0.05383068323135376 0.05113914981484413 0.04858219251036644 0.04615308344364166 0.04384543001651764 0.04165316000580788 0.03957050293684006 0.03759197890758514 0.03571237996220589 0.03392676264047623 0.03223042562603951 0.03061890415847301 0.02908795885741711 0.02763356082141399 0.02625188231468201 0.02493928745388985 0.02369232289493084 0.02250770665705204 0.02138232067227364 0.0203132051974535 0.01929754577577114 0.01833266764879227 0.01741603389382362 0.01654523238539696 0.01571797020733356 0.01493207179009914 0.0141854677349329 0.01347619481384754 0.01280238479375839 0.01216226536780596 0.01155415177345276 0.01097644399851561 0.01042762212455273 0.009906240738928318 0.009410928934812546 0.008940382860600948 0.008493363857269287 0.008068695664405823 0.007665260694921017 0.007281997706741095 0.006917897611856461 0.006572002544999123 0.006243402604013681 0.005931232590228319 0.005634671077132225 0.005352937616407871 0.005085290875285864 0.004831026308238506 0.004589474759995937 0.004360001068562269 0.004142000805586576 0.003934900742024183 0.003738155588507652 0.003551247762516141 0.003373685292899609 0.003205001121386886 0.00304475100710988 0.00289251352660358 0.002747887745499611 0.002610493451356888 0.002479968825355172 0.002355970442295074 0.002238171873614192 0.002126263221725821 0.002019949955865741 0.001918952446430922 0.001823004800826311 0.001731854514218867 0.001645261771045625 0.001562998630106449 0.001484848675318062 0.001410606200806797 0.001340075861662626 0.001273072091862559 0.001209418522194028 0.001148947631008923 0.001091500278562307 0.001036925241351128 0.0009850789792835712 0.000935825053602457 0.0008890337776392698 0.0008445821003988385 0.0008023530244827271 0.0007622353732585907 0.0007241236162371933 0.0006879174616187811 0.0006535215652547777 0.0006208454724401236 0.0005898032104596496 0.0005603130557574332 0.0005322974175214767 0.0005056825466454029 0.0004803984193131328 0.0004563785041682422 0.0004335595876909792 0.0004118815995752811 0.0003912875254172832 0.0003717231447808444 0.000353136972989887 0.0003354801156092435 0.000318706122925505 0.0003027708153240383 0.0002876322832889855 0.0002732506836764514 0.0002595881524030119 0.0002466087462380528 0.0002342783118365332 0.0002225643984274939 0.000211436185054481 0.00020086437871214 0.0001908211561385542 0.0001812801056075841 0.0001722160959616303 0.0001636052911635488 0.0001554250193294138 0.0001476537727285177 0.0001402710913680494 0.0001332575338892639 0.0001265946630155668 0.0001202649291371927 0.0001142516848631203 0.0001085390977095813 0.0001031121428241022 9.795653750188649e-05 9.305871208198369e-05 8.840577356750146e-05 8.398548379773274e-05 7.978620851645246e-05 7.579689554404467e-05 7.200705294962972e-05 6.840669811936095e-05 6.498636503238231e-05 6.173704605316743e-05 5.865019193151966e-05 5.571768269874156e-05 5.293179856380448e-05 5.028520899941213e-05 4.777094727614895e-05 4.538239954854362e-05 4.31132793892175e-05 4.095761687494814e-05 3.89097367587965e-05 3.696425119414926e-05 3.511603790684603e-05 3.336023655720055e-05 3.1692223274149e-05 3.010761247423943e-05 2.860223139578011e-05 2.717212009883951e-05 2.581351327535231e-05 2.452283843012992e-05 2.329669587197714e-05 2.213186053268146e-05 2.102526741509791e-05 1.997400431719143e-05 1.897530455607921e-05 1.802653969207313e-05 1.712521225272212e-05 1.626895209483337e-05 1.545550367154647e-05 1.468272876081755e-05 1.394859191350406e-05 1.325116227235412e-05 1.258860447705956e-05 1.195917411678238e-05 1.136121500167064e-05 1.079315461538499e-05 1.025349683914101e-05 9.740821951709222e-06 9.253781172446907e-06 8.791092113824561e-06 8.351537871931214e-06 7.933960660011508e-06 7.537262717960402e-06 7.160399491112912e-06 6.802379630244104e-06 6.462260444095591e-06 6.139147444628179e-06 5.83219025429571e-06 5.54058078705566e-06 5.263551884127082e-06 5.000374130759155e-06 4.75035540148383e-06 4.512837676884374e-06 4.287195679353317e-06 4.072835963597754e-06 3.869194188155234e-06 3.675734433272737e-06 3.491947609290946e-06 3.317350319775869e-06 3.151482815155759e-06 2.993908765347442e-06 2.844213213393232e-06 2.702002575460938e-06 2.566902367107105e-06 2.438557203277014e-06 2.316629434062634e-06 2.200798007834237e-06 2.090758016493055e-06 1.986220013350248e-06
 0 0 0 0 0 0 0 0 0 0 0 0 0 0 0 0 0 0 0 0 0 0 0 0 0 0 0 0 0 0 0 0 0 0 0 0 0 0 0 0 0 0 0 0 0 0 0 0 0 0 0 0 0 0 0 0 0 0 0 0 0 0 0 0 0 0 0 0 0 0 0 0 0 0 0 0 0 0 0 0 0 0 0 0 0 0 0 0 0 0 0 0 0 0 0 0 0 0 0 0 0 0 0 0 0 0 0 0 0 0 0 0 0 0 0 0 0 0 0 0 0 0 0 0 0 0 0 0 0 0 0 0 0 0 0 0 0 0 0 0 0 0 0 0 0 0 0 0 0 0 0 0 0 0 0 0 0 0 0 0 0 0 0 0 0 0 0 0 0 0 0 0 0 0 0 0 0 0 0 0 0 0 0 0 0 0 0 0 0 0 0 0 0 0 0 0 0 0 0 0 0 0 0 0 0 0 0 0 0 0 0 0 0 0 0 0 0 0 0 0 0 0 0 0 0 0 0 0 0 0 0 0 0 0 0 0 0 0 0 0 0 0 0 0 0 0 0 0 0 0 0 0 0 0 0 0 0 0 0 0 0 0 0 0 0 0 0 0 0 0 0 0 0 0 0 0 0 0 0 0 0 0 0 0 0 0 0 0 0 0 0 0 0 0 0 0 0 0 0 0 0 0 0 0 0 0 0 0 0 0 0 0 0 0 0 0 0 0 0 0 0 0 0 0 0 0 0 0 0 0 0 0 0 0 0 0 0 0 0 0 0 0 0 0 0 0 0 0 0 0 0 0 0 0 0 0 0 0 0 0 0 0 0 0 0 0 0 0 0 0 0 0 0 0 0 0 0 0 0 0 0 0 0 0 0 0 0 0 0 0 0 0 0 0 0 0 0 0 0 0 0 0 0 0 0 0 0 0 0 0 0 0 0 0 0 0 0 0 0 0 0 0 0 0 0 0 0 0 0 0 0 0 0 0 0 0 0 0 0 0 0 0 0 0 0 0 0 0 0 0 0 0 0 0 0 0 0 0 0 0 0 0 0 0 0 0 0 0 0 0 0 0 0 0 0 0 0 0 0 0 0 0 0 0 0 0 0 0 0 0 0 0 0 0 0 0 0 0 0 0 0 0 0 0 0 0 0 0 0 0 0 0 0 0 0 0 0 0 0 0 0 0 0 0 0 0 0 0 0 0 0 0 0 0 0 0 0 0 0 0 0 0 0 0 0 0 0 0 0 0 0 0 0 0 0 0 0 0 0 0 0 0 0 0 0 0 0 0 0 0 0 0 0 0 0 0 0 0 0 0 0 0 0 0 0 0 0 0 0 0 0 0 0 0 0 0 0 0 0 0
 0 0 0 0 0 0 0 0 0 0 0 0 0 0 0 0 0 0 0 0 0 0 0 0 0 0 0 0 0 0 0 0 0 0 0 0 0 0 0 0 0 0 0 0 0 0 0 0 0 0 0 0 0 0 0 0 0 0 0 0 0 0 0 0 0 0 0 0 0 0 0 0 0 0 0 0 0 0 0 0 0 0 0 0 0 0 0 0 0 0 0 0 0 0 0 0 0 0 0 0 0 0 0 0 0 0 0 0 0 0 0 0 0 0 0 0 0 0 0 0 0 0 0 0 0 0 0 0 0 0 0 0 0 0 0 0 0 0 0 0 0 0 0 0 0 0 0 0 0 0 0 0 0 0 0 0 0 0 0 0 0 0 0 0 0 0 0 0 0 0 0 0 0 0 0 0 0 0 0 0 0 0 0 0 0 0 0 0 0 0 0 0 0 0 0 0 0 0 0 0 0 0 0 0 0 0 0 0 0 0 0 0 0 0 0 0 0 0 0 0 0 0 0 0 0 0 0 0 0 0 0 0 0 0 0 0 0 0 0 0 0 0 0 0 0 0 0 0 0 0 0 0 0 0 0 0 0 0 0 0 0 0 0 0 0 0 0 0 0 0 0 0 0 0 0 0 0 0 0 0 0 0 0 0 0 0 0 0 0 0 0 0 0 0 0 0 0 0 0 0 0 0 0 0 0 0 0 0 0 0 0 0 0 0 0 0 0 0 0 0 0 0 0 0 0 0 0 0 0 0 0 0 0 0 0 0 0 0 0 0 0 0 0 0 0 0 0 0 0 0 0 0 0 0 0 0 0 0 0 0 0 0 0 0 0 0 0 0 0 0 0 0 0 0 0 0 0 0 0 0 0 0 0 0 0 0 0 0 0 0 0 0 0 0 0 0 0 0 0 0 0 0 0 0 0 0 0 0 0 0 0 0 0 0 0 0 0 0 0 0 0 0 0 0 0 0 0 0 0 0 0 0 0 0 0 0 0 0 0 0 0 0 0 0 0 0 0 0 0 0 0 0 0 0 0 0 0 0 0 0 0 0 0 0 0 0 0 0 0 0 0 0 0 0 0 0 0 0 0 0 0 0 0 0 0 0 0 0 0 0 0 0 0 0 0 0 0 0 0 0 0 0 0 0 0 0 0 0 0 0 0 0 0 0 0 0 0 0 0 0 0 0 0 0 0 0 0 0 0 0 0 0 0 0 0 0 0 0 0 0 0 0 0 0 0 0 0 0 0 0 0 0 0 0 0 0 0 0 0 0 0 0 0 0 0 0 0 0 0 0 0 0 0 0 0 0 0 0 0 0 0 0 0 0 0 0 0 0 0 0 0 0 0 0 0 0 0 0 0 0
 0 0 0 0 0 0 0 0 0 0 0 0 0 0 0 0 0 0 0 0 0 0 0 0 0 0 0 0 0 0 0 0 0 0 0 0 0 0 0 0 0 0 0 0 0 0 0 0 0 0 0 0 0 0 0 0 0 0 0 0 0 0 0 0 0 0 0 0 0 0 0 0 0 0 0 0 0 0 0 0 0 0 0 0 0 0 0 0 0 0 0 0 0 0 0 0 0 0 0 0 0 0 0 0 0 0 0 0 0 0 0 0 0 0 0 0 0 0 0 0 0 0 0 0 0 0 0 0 0 0 0 0 0 0 0 0 0 0 0 0 0 0 0 0 0 0 0 0 0 0 0 0 0 0 0 0 0 0 0 0 0 0 0 0 0 0 0 0 0 0 0 0 0 0 0 0 0 0 0 0 0 0 0 0 0 0 0 0 0 0 0 0 0 0 0 0 0 0 0 0 0 0 0 0 0 0 0 0 0 0 0 0 0 0 0 0 0 0 0 0 0 0 0 0 0 0 0 0 0 0 0 0 0 0 0 0 0 0 0 0 0 0 0 0 0 0 0 0 0 0 0 0 0 0 0 0 0 0 0 0 0 0 0 0 0 0 0 0 0 0 0 0 0 0 0 0 0 0 0 0 0 0 0 0 0 0 0 0 0 0 0 0 0 0 0 0 0 0 0 0 0 0 0 0 0 0 0 0 0 0 0 0 0 0 0 0 0 0 0 0 0 0 0 0 0 0 0 0 0 0 0 0 0 0 0 0 0 0 0 0 0 0 0 0 0 0 0 0 0 0 0 0 0 0 0 0 0 0 0 0 0 0 0 0 0 0 0 0 0 0 0 0 0 0 0 0 0 0 0 0 0 0 0 0 0 0 0 0 0 0 0 0 0 0 0 0 0 0 0 0 0 0 0 0 0 0 0 0 0 0 0 0 0 0 0 0 0 0 0 0 0 0 0 0 0 0 0 0 0 0 0 0 0 0 0 0 0 0 0 0 0 0 0 0 0 0 0 0 0 0 0 0 0 0 0 0 0 0 0 0 0 0 0 0 0 0 0 0 0 0 0 0 0 0 0 0 0 0 0 0 0 0 0 0 0 0 0 0 0 0 0 0 0 0 0 0 0 0 0 0 0 0 0 0 0 0 0 0 0 0 0 0 0 0 0 0 0 0 0 0 0 0 0 0 0 0 0 0 0 0 0 0 0 0 0 0 0 0 0 0 0 0 0 0 0 0 0 0 0 0 0 0 0 0 0 0 0 0 0 0 0 0 0 0 0 0 0 0 0 0 0 0 0 0 0 0 0 0 0 0 0 0 0 0 0 0 0 0 0 0 0 0 0 0 0 0 0 0 0 0
 0 0 0 0 0 0 0 0 0 0 0 0 0 0 0 0 0 0 0 0 0 0 0 0 0 0 0 0 0 0 0 0 0 0 0 0 0 0 0 0 0 0 0 0 0 0 0 0 0 0 0 0 0 0 0 0 0 0 0 0 0 0 0 0 0 0 0 0 0 0 0 0 0 0 0 0 0 0 0 0 0 0 0 0 0 0 0 0 0 0 0 0 0 0 0 0 0 0 0 0 0 0 0 0 0 0 0 0 0 0 0 0 0 0 0 0 0 0 0 0 0 0 0 0 0 0 0 0 0 0 0 0 0 0 0 0 0 0 0 0 0 0 0 0 0 0 0 0 0 0 0 0 0 0 0 0 0 0 0 0 0 0 0 0 0 0 0 0 0 0 0 0 0 0 0 0 0 0 0 0 0 0 0 0 0 0 0 0 0 0 0 0 0 0 0 0 0 0 0 0 0 0 0 0 0 0 0 0 0 0 0 0 0 0 0 0 0 0 0 0 0 0 0 0 0 0 0 0 0 0 0 0 0 0 0 0 0 0 0 0 0 0 0 0 0 0 0 0 0 0 0 0 0 0 0 0 0 0 0 0 0 0 0 0 0 0 0 0 0 0 0 0 0 0 0 0 0 0 0 0 0 0 0 0 0 0 0 0 0 0 0 0 0 0 0 0 0 0 0 0 0 0 0 0 0 0 0 0 0 0 0 0 0 0 0 0 0 0 0 0 0 0 0 0 0 0 0 0 0 0 0 0 0 0 0.0006009640637785196 0.001837642514146864 0.003677105531096458 0.006228751037269831 0.009570763446390629 0.01363884843885899 0.01845961436629295 0.0239800252020359 0.03021791018545628 0.03713922947645187 0.04489896446466446 0.05351946875452995 0.06307013332843781 0.07352280616760254 0.08497534692287445 0.0973445326089859 0.1105585172772408 0.1246301010251045 0.1395267695188522 0.155354842543602 0.1721820384263992 0.1899318397045135 0.208545133471489 0.2279102504253387 0.2477614432573318 0.2679892480373383 0.2885735034942627 0.3071469664573669 0.3213318288326263 0.3294825553894043 0.330363541841507 0.3229191899299622 0.3067732453346252 0.2914345860481262 0.2768628597259521 0.2630197107791901 0.2498687207698822 0.2373752892017365 0.225506529211998 0.2142312079668045 0.2035196423530579 0.1933436542749405 0.183676466345787 0.1744926422834396 0.1657680124044418 0.1574796140193939 0.1496056318283081 0.1421253532171249 0.1350190788507462 0.1282681226730347 0.1218547150492668 0.1157619804143906 0.1099738776683807 0.1044751852750778 0.09925142675638199 0.09428885579109192 0.0895744115114212 0.08509568870067596 0.08084090054035187 0.07679885625839233 0.07295891642570496 0.06931097060441971 0.06584542244672775 0.06255315244197845 0.05942549556493759 0.05645421892404556 0.0536315068602562 0.05094993114471436 0.04840243607759476 0.04598231613636017 0.04368320107460022 0.04149904102087021 0.03942408785223961 0.03745288401842117 0.03558024019002914 0.03380122780799866 0.03211116790771484 0.03050560876727104 0.02898032777011395 0.02753131091594696 0.02615474537014961 0.02484700828790665 0.02360465750098228 0.02242442406713963 0.0213032029569149 0.02023804187774658 0.01922613941133022 0.01826483197510242 0.01735159009695053 0.01648401096463203 0.01565981097519398 0.01487682014703751 0.01413297932595015 0.01342632994055748 0.01275501307100058 0.01211726199835539 0.01151139847934246 0.01093582808971405 0.01038903649896383 0.009869584813714027 0.009376105852425098 0.008907300420105457 0.008461935445666313 0.008038838393986225 0.007636896334588528 0.007255051285028458 0.006892298813909292 0.006547683849930763 0.006220299750566483 0.005909284576773643 0.005613820161670446 0.005333129316568375 0.005066473037004471 0.004813149571418762 0.004572492092847824 0.004343867301940918 0.00412667402997613 0.003920340444892645 0.00372432335279882 0.003538107266649604 0.003361201845109463 0.003193141659721732 0.003033484565094113 0.002881810301914811 0.002737719798460603 0.002600833773612976 0.002470792038366199 0.002347252331674099 0.002229889621958137 0.002118395175784826 0.002012475393712521 0.001911851577460766 0.001816258998587728 0.001725446083582938 0.001639173831790686 0.001557215116918087 0.001479354337789118 0.001405386603437364 0.00133511726744473 0.001268361462280154 0.001204943400807679 0.001144696259871125 0.001087461481802166 0.001033088425174356 0.0009814340155571699 0.0009323623380623758 0.0008857442298904061 0.0008414570474997163 0.0007993842009454966 0.0007594149792566895 0.0007214442593976855 0.0006853720406070352 0.0006511034443974495 0.0006185482488945127 0.0005876208306290209 0.0005582398152910173 0.0005303278448991477 0.0005038114613853395 0.0004786208737641573 0.0004546898417174816 0.0004319553554523736 0.0004103575774934143 0.000389839697163552 0.0003703476977534592 0.0003518303274177015 0.0003342388081364334 0.0003175268648192286 0.0003016505215782672 0.0002865679853130132 0.0002722395875025541 0.0002586276095826179 0.0002456962247379124 0.0002334114105906337 0.0002217408327851444 0.0002106537867803127 0.0002001210959861055 0.0001901150390040129 0.0001806092914193869 0.0001715788239380345 0.0001629998878343031 0.0001548498985357583 0.0001471074065193534 0.0001397520391037688 0.0001327644422417507 0.0001261262223124504 0.0001198199097416364 0.0001138289153459482 0.0001081374721252359 0.000102730598882772 9.759407112142071e-05 9.271437011193484e-05 8.807865378912538e-05 8.367472037207335e-05 7.949098653625697e-05 7.551643648184836e-05 7.174061465775594e-05 6.815358210587874e-05 6.474590190919116e-05 6.150861008791253e-05 5.843317921971902e-05 5.551151843974367e-05 5.273594433674589e-05 5.009914821130224e-05 4.759419243782759e-05 4.521448136074468e-05 4.295375765650533e-05 4.080606959178112e-05 3.876576738548465e-05 3.682747774291784e-05 3.498610385577194e-05 3.323679993627593e-05 3.157496030326001e-05 2.999621210619807e-05 2.849640077329241e-05 2.707158091652673e-05 2.571800177975092e-05 2.443210178171284e-05 2.32104976021219e-05 2.204997326771263e-05 2.094747469527647e-05 1.990010059671476e-05 1.890509520308115e-05 1.795984098862391e-05 1.706184957583901e-05 1.620875627850182e-05 1.539831828267779e-05 1.462840191379655e-05 1.389698172715725e-05 1.320213232247625e-05 1.254202561540296e-05 1.191492447105702e-05 1.13191781565547e-05 1.075321961252484e-05 1.021555908664595e-05 9.704781405162066e-06 9.219542334903963e-06 8.758564945310354e-06 8.320636879943777e-06 7.904604899522383e-06 7.509374881919939e-06 7.133906365197618e-06 6.777211183361942e-06 6.438350737880683e-06 6.116433269198751e-06 5.810611583001446e-06 5.520080776477698e-06 5.244076874078019e-06 4.98187318953569e-06 4.732779416372068e-06 4.496140263654524e-06 4.271333182259696e-06 4.057766545884078e-06 3.854878286801977e-06 3.662134304249776e-06 3.479027554931235e-06 3.305076234028093e-06 3.139822410958004e-06 2.982831347253523e-06 2.833689677572693e-06 2.692005182325374e-06 2.557404968683841e-06 2.429534788461751e-06 2.30805812861945e-06 2.192655301769264e-06 2.083022536680801e-06 1.978871296159923e-06
 0 0 0 0 0 0 0 0 0 0 0 0 0 0 0 0 0 0 0 0 0 0 0 0 0 0 0 0 0 0 0 0 0 0 0 0 0 0 0 0 0 0 0 0 0 0 0 0 0 0 0 0 0 0 0 0 0 0 0 0 0 0 0 0 0 0 0 0 0 0 0 0 0 0 0 0 0 0 0 0 0 0 0 0 0 0 0 0 0 0 0 0 0 0 0 0 0 0 0 0 0 0 0 0 0 0 0 0 0 0 0 0 0 0 0 0 0 0 0 0 0 0 0 0 0 0 0 0 0 0 0 0 0 0 0 0 0 0 0 0 0 0 0 0 0 0 0 0 0 0 0 0 0 0 0 0 0 0 0 0 0 0 0 0 0 0 0 0 0 0 0 0 0 0 0 0 0 0 0 0 0 0 0 0 0 0 0 0 0 0 0 0 0 0 0 0 0 0 0 0 0 0 0 0 0 0 0 0 0 0 0 0 0 0 0 0 0 0 0 0 0 0 0 0 0 0 0 0 0 0 0 0 0 0 0 0 0 0 0 0 0 0 0 0 0 0 0 0 0 0 0 0 0 0 0 0 0 0 0 0 0 0 0 0 0 0 0 0 0 0 0 0 0 0 0 0 0 0 0 0 0 0 0 0 0 0 0 0 0 0 0 0 0 0 0 0 0 0 0 0 0 0 0 0 0 0 0 0 0 0 0 0 0 0 0 0 0 0 0 0 0 0 0 0 0 0 0 0 0 0 0 0 0 0 0 0 0 0 0 0 0 0 0 0 0 0 0 0 0 0 0 0 0 0 0 0 0 0 0 0 0 0 0 0 0 0 0 0 0 0 0 0 0 0 0 0 0 0 0 0 0 0 0 0 0 0 0 0 0 0 0 0 0 0 0 0 0 0 0 0 0 0 0 0 0 0 0 0 0 0 0 0 0 0 0 0 0 0 0 0 0 0 0 0 0 0 0 0 0 0 0 0 0 0 0 0 0 0 0 0 0 0 0 0 0 0 0 0 0 0 0 0 0 0 0 0 0 0 0 0 0 0 0 0 0 0 0 0 0 0 0 0 0 0 0 0 0 0 0 0 0 0 0 0 0 0 0 0 0 0 0 0 0 0 0 0 0 0 0 0 0 0 0 0 0 0 0 0 0 0 0 0 0 0 0 0 0 0 0 0 0 0 0 0 0 0 0 0 0 0 0 0 0 0 0 0 0 0 0 0 0 0 0 0 0 0 0 0 0 0 0 0 0 0 0 0 0 0 0 0 0 0 0 0 0 0 0 0 0 0 0 0 0 0 0 0 0 0 0 0 0 0 0 0 0 0 0 0 0 0 0 0 0 0 0 0 0 0 0 0
 0 0 0 0 0 0 0 0 0 0 0 0 0 0 0 0 0 0 0 0 0 0 0 0 0 0 0 0 0 0 0 0 0 0 0 0 0 0 0 0 0 0 0 0 0 0 0 0 0 0 0 0 0 0 0 0 0 0 0 0 0 0 0 0 0 0 0 0 0 0 0 0 0 0 0 0 0 0 0 0 0 0 0 0 0 0 0 0 0 0 0 0 0 0 0 0 0 0 0 0 0 0 0 0 0 0 0 0 0 0 0 0 0 0 0 0 0 0 0 0 0 0 0 0 0 0 0 0 0 0 0 0 0 0 0 0 0 0 0 0 0 0 0 0 0 0 0 0 0 0 0 0 0 0 0 0 0 0 0 0 0 0 0 0 0 0 0 0 0 0 0 0 0 0 0 0 0 0 0 0 0 0 0 0 0 0 0 0 0 0 0 0 0 0 0 0 0 0 0 0 0 0 0 0 0 0 0 0 0 0 0 0 0 0 0 0 0 0 0 0 0 0 0 0 0 0 0 0 0 0 0 0 0 0 0 0 0 0 0 0 0 0 0 0 0 0 0 0 0 0 0 0 0 0 0 0 0 0 0 0 0 0 0 0 0 0 0 0 0 0 0 0 0 0 0 0 0 0 0 0 0 0 0 0 0 0 0 0 0 0 0 0 0 0 0 0 0 0 0 0 0 0 0 0 0 0 0 0 0 0 0 0 0 0 0 0 0 0 0 0 0 0 0 0 0 0 0 0 0 0 0 0 0 0 0 0 0 0 0 0 0 0 0 0 0 0 0 0 0 0 0 0 0 0 0 0 0 0 0 0 0 0 0 0 0 0 0 0 0 0 0 0 0 0 0 0 0 0 0 0 0 0 0 0 0 0 0 0 0 0 0 0 0 0 0 0 0 0 0 0 0 0 0 0 0 0 0 0 0 0 0 0 0 0 0 0 0 0 0 0 0 0 0 0 0 0 0 0 0 0 0 0 0 0 0 0 0 0 0 0 0 0 0 0 0 0 0 0 0 0 0 0 0 0 0 0 0 0 0 0 0 0 0 0 0 0 0 0 0 0 0 0 0 0 0 0 0 0 0 0 0 0 0 0 0 0 0 0 0 0 0 0 0 0 0 0 0 0 0 0 0 0 0 0 0 0 0 0 0 0 0 0 0 0 0 0 0 0 0 0 0 0 0 0 0 0 0 0 0 0 0 0 0 0 0 0 0 0 0 0 0 0 0 0 0 0 0 0 0 0 0 0 0 0 0 0 0 0 0 0 0 0 0 0 0 0 0 0 0 0 0 0 0 0 0 0 0 0 0 0 0 0 0 0 0 0 0 0 0 0 0 0 0 0 0 0 0 0 0 0
 0 0 0 0 0 0 0 0 0 0 0 0 0 0 0 0 0 0 0 0 0 0 0 0 0 0 0 0 0 0 0 0 0 0 0 0 0 0 0 0 0 0 0 0 0 0 0 0 0 0 0 0 0 0 0 0 0 0 0 0 0 0 0 0 0 0 0 0 0 0 0 0 0 0 0 0 0 0 0 0 0 0 0 0 0 0 0 0 0 0 0 0 0 0 0 0 0 0 0 0 0 0 0 0 0 0 0 0 0 0 0 0 0 0 0 0 0 0 0 0 0 0 0 0 0 0 0 0 0 0 0 0 0 0 0 0 0 0 0 0 0 0 0 0 0 0 0 0 0 0 0 0 0 0 0 0 0 0 0 0 0 0 0 0 0 0 0 0 0 0 0 0 0 0 0 0 0 0 0 0 0 0 0 0 0 0 0 0 0 0 0 0 0 0 0 0 0 0 0 0 0 0 0 0 0 0 0 0 0 0 0 0 0 0 0 0 0 0 0 0 0 0 0 0 0 0 0 0 0 0 0 0 0 0 0 0 0 0 0 0 0 0 0 0 0 0 0 0 0 0 0 0 0 0 0 0 0 0 0 0 0 0 0 0 0 0 0 0 0 0 0 0 0 0 0 0 0 0 0 0 0 0 0 0 0 0 0 0 0 0 0 0 0 0 0 0 0 0 0 0 0 0 0 0 0 0 0 0 0 0 0 0 0 0 0 0 0 0 0 0 0 0 0 0 0 0 0 0 0 0 0 0 0 0 0 0 0 0 0 0 0 0 0 0 0 0 0 0 0 0 0 0 0 0 0 0 0 0 0 0 0 0 0 0 0 0 0 0 0 0 0 0 0 0 0 0 0 0 0 0 0 0 0 0 0 0 0 0 0 0 0 0 0 0 0 0 0 0 0 0 0 0 0 0 0 0 0 0 0 0 0 0 0 0 0 0 0 0 0 0 0 0 0 0 0 0 0 0 0 0 0 0 0 0 0 0 0 0 0 0 0 0 0 0 0 0 0 0 0 0 0 0 0 0 0 0 0 0 0 0 0 0 0 0 0 0 0 0 0 0 0 0 0 0 0 0 0 0 0 0 0 0 0 0 0 0 0 0 0 0 0 0 0 0 0 0 0 0 0 0 0 0 0 0 0 0 0 0 0 0 0 0 0 0 0 0 0 0 0 0 0 0 0 0 0 0 0 0 0 0 0 0 0 0 0 0 0 0 0 0 0 0 0 0 0 0 0 0 0 0 0 0 0 0 0 0 0 0 0 0 0 0 0 0 0 0 0 0 0 0 0 0 0 0 0 0 0 0 0 0 0 0 0 0 0 0 0 0 0 0 0 0 0 0 0 0 0 0 0 0
 0 0 0 0 0 0 0 0 0 0 0 0 0 0 0 0 0 0 0 0 0 0 0 0 0 0 0 0 0 0 0 0 0 0 0 0 0 0 0 0 0 0 0 0 0 0 0 0 0 0 0 0 0 0 0 0 0 0 0 0 0 0 0 0 0 0 0 0 0 0 0 0 0 0 0 0 0 0 0 0 0 0 0 0 0 0 0 0 0 0 0 0 0 0 0 0 0 0 0 0 0 0 0 0 0 0 0 0 0 0 0 0 0 0 0 0 0 0 0 0 0 0 0 0 0 0 0 0 0 0 0 0 0 0 0 0 0 0 0 0 0 0 0 0 0 0 0 0 0 0 0 0 0 0 0 0 0 0 0 0 0 0 0 0 0 0 0 0 0 0 0 0 0 0 0 0 0 0 0 0 0 0 0 0 0 0 0 0 0 0 0 0 0 0 0 0 0 0 0 0 0 0 0 0 0 0 0 0 0 0 0 0 0 0 0 0 0 0 0 0 0 0 0 0 0 0 0 0 0 0 0 0 0 0 0 0 0 0 0 0 0 0 0 0 0 0 0 0 0 0 0 0 0 0 0 0 0 0 0 0 0 0 0 0 0 0 0 0 0 0 0 0 0 0 0 0 0 0 0 0 0 0 0 0 0 0 0 0 0 0 0 0 0 0 0 0 0 0 0 0 0 0 0 0 0 0 0 0 0 0 0 0 0 0 0 0 0 0 0 0 0 0 0 0 0 0 0 0 0 0 0 0.0001257699332199991 0.0009641848155297339 0.002581979380920529 0.00506165623664856 0.00843313243240118 0.01269099861383438 0.0178477019071579 0.02392112836241722 0.03090324811637402 0.03878281638026237 0.04760374873876572 0.05729017406702042 0.06780535727739334 0.07926951348781586 0.09171164780855179 0.1051218062639236 0.1195075660943985 0.1348809003829956 0.1512596905231476 0.16864313185215 0.1870160698890686 0.2061967849731445 0.2259985655546188 0.2462608218193054 0.2669375836849213 0.2879189252853394 0.3088266253471375 0.3265141248703003 0.3388361930847168 0.3441717028617859 0.3413831293582916 0.3296099305152893 0.3131294250488281 0.2974729537963867 0.2825993001461029 0.2684693336486816 0.2550458610057831 0.2422935664653778 0.2301788926124573 0.2186699509620667 0.2077364474534988 0.1973496228456497 0.1874821484088898 0.1781080365180969 0.1692026406526566 0.1607425063848495 0.1527053862810135 0.1450701206922531 0.1378166079521179 0.1309257745742798 0.1243794858455658 0.1181605085730553 0.1122524812817574 0.1066398546099663 0.1013078615069389 0.09624246507883072 0.09143034368753433 0.08685882389545441 0.08251588046550751 0.07839008420705795 0.07447057962417603 0.07074704766273499 0.06720969825983047 0.06384921073913574 0.06065674871206284 0.05762391164898872 0.0547427162528038 0.0520055815577507 0.0494053028523922 0.04693503677845001 0.04458828642964363 0.0423588715493679 0.04024092853069305 0.03822888061404228 0.03631743788719177 0.0345015674829483 0.03277648985385895 0.03113766573369503 0.02958078309893608 0.02810174413025379 0.02669665776193142 0.02536182478070259 0.02409373410046101 0.02288904786109924 0.02174459584057331 0.0206573661416769 0.0196244977414608 0.01864327304065228 0.01771110855042934 0.01682555302977562 0.01598427444696426 0.01518506091088057 0.01442580763250589 0.0137045169249177 0.01301929075270891 0.01236832607537508 0.01174991019070148 0.0111624151468277 0.01060429401695728 0.01007407903671265 0.009570375084877014 0.009091855958104134 0.008637263439595699 0.008205399848520756 0.007795129902660847 0.007405373267829418 0.007035104557871819 0.006683349143713713 0.00634918175637722 0.006031722761690617 0.005730136763304472 0.005443629808723927 0.005171448457986116 0.004912876058369875 0.004667232278734446 0.004433870781213045 0.004212177358567715 0.004001568537205458 0.003801490180194378 0.00361141562461853 0.003430844750255346 0.003259302582591772 0.003096337430179119 0.002941520651802421 0.002794444561004639 0.002654722426086664 0.002521986374631524 0.002395887160673738 0.002276092767715454 0.00216228817589581 0.002054173732176423 0.00195146503392607 0.001853891764767468 0.001761197228915989 0.001673137419857085 0.001589480554684997 0.00151000649202615 0.001434506149962544 0.001362780807539821 0.001294641755521297 0.001229909714311361 0.001168414251878858 0.001109993550926447 0.001054493826813996 0.001001769094727933 0.0009516806458123028 0.0009040966397151351 0.0008588918135501444 0.0008159472490660846 0.0007751499069854617 0.0007363923941738904 0.0006995727890171111 0.0006645941757597029 0.0006313644698821008 0.0005997962434776127 0.0005698064342141151 0.0005413161125034094 0.0005142503068782389 0.0004885377711616457 0.0004641108680516481 0.0004409053362905979 0.0004188600578345358 0.0003979170578531921 0.0003780212136916816 0.0003591201384551823 0.0003411641228012741 0.0003241059021092951 0.0003079005982726812 0.0002925055741798133 0.000277880288194865 0.0002639862650539726 0.0002507869503460824 0.0002382476086495444 0.0002263352216687053 0.0002150184591300786 0.0002042675332631916 0.0001940541551448405 0.0001843514473875985 0.0001751338713802397 0.0001663771836319938 0.0001580583193572238 0.0001501554070273414 0.0001426476374035701 0.0001355152489850298 0.000128739484352991 0.0001223025028593838 0.0001161873806267977 0.0001103780086850747 0.0001048591075232252 9.961615432985127e-05 9.463534661335871e-05 8.990358037408441e-05 8.540839917259291e-05 8.113797957776114e-05 7.708108023507521e-05 7.322702731471509e-05 6.956567813176662e-05 6.6087392042391e-05 6.278302316786721e-05 5.964387310086749e-05 5.666167999152094e-05 5.382859671954066e-05 5.11371654283721e-05 4.858030661125667e-05 4.615129000740126e-05 4.38437273260206e-05 4.165153950452805e-05 3.956896398449317e-05 3.759051469387487e-05 3.5710989322979e-05 3.392544022062793e-05 3.222916711820289e-05 3.061770985368639e-05 2.908682472479995e-05 2.763248267001472e-05 2.625085835461505e-05 2.493831561878324e-05 2.369140020164195e-05 2.250683064630721e-05 2.138148920494132e-05 2.031241456279531e-05 1.929679456225131e-05 1.833195528888609e-05 1.741535743349232e-05 1.654458901612088e-05 1.571735992911272e-05 1.493149193265708e-05 1.418491774529684e-05 1.347567194898147e-05 1.280188826058293e-05 1.216179407492746e-05 1.155370409833267e-05 1.097601852961816e-05 1.042721760313725e-05 9.905857041303534e-06 9.410564416612033e-06 8.940036423155107e-06 8.493034329148941e-06 8.068382157944143e-06 7.664963050046936e-06 7.281714715645649e-06 6.917628979863366e-06 6.571747690031771e-06 6.243160441954387e-06 5.93100230616983e-06 5.634452008962398e-06 5.352729203877971e-06 5.085092652734602e-06 4.830837951885769e-06 4.589296167978318e-06 4.35983156421571e-06 4.141839781368617e-06 3.934747837774921e-06 3.73801049136091e-06 3.5511100122676e-06 3.373554591235006e-06 3.204876975360094e-06 3.044633103854721e-06 2.892401425924618e-06 2.747781309153652e-06 2.610392130009132e-06 2.479872591720778e-06 2.35587890529132e-06 2.238085016870173e-06 2.126180788764032e-06 2.019871772063198e-06 1.918878297146875e-06 1.822934336814797e-06 1.731787619974057e-06
 0 0 0 0 0 0 0 0 0 0 0 0 0 0 0 0 0 0 0 0 0 0 0 0 0 0 0 0 0 0 0 0 0 0 0 0 0 0 0 0 0 0 0 0 0 0 0 0 0 0 0 0 0 0 0 0 0 0 0 0 0 0 0 0 0 0 0 0 0 0 0 0 0 0 0 0 0 0 0 0 0 0 0 0 0 0 0 0 0 0 0 0 0 0 0 0 0 0 0 0 0 0 0 0 0 0 0 0 0 0 0 0 0 0 0 0 0 0 0 0 0 0 0 0 0 0 0 0 0 0 0 0 0 0 0 0 0 0 0 0 0 0 0 0 0 0 0 0 0 0 0 0 0 0 0 0 0 0 0 0 0 0 0 0 0 0 0 0 0 0 0 0 0 0 0 0 0 0 0 0 0 0 0 0 0 0 0 0 0 0 0 0 0 0 0 0 0 0 0 0 0 0 0 0 0 0 0 0 0 0 0 0 0 0 0 0 0 0 0 0 0 0 0 0 0 0 0 0 0 0 0 0 0 0 0 0 0 0 0 0 0 0 0 0 0 0 0 0 0 0 0 0 0 0 0 0 0 0 0 0 0 0 0 0 0 0 0 0 0 0 0 0 0 0 0 0 0 0 0 0 0 0 0 0 0 0 0 0 0 0 0 0 0 0 0 0 0 0 0 0 0 0 0 0 0 0 0 0 0 0 0 0 0 0 0 0 0 0 0 0 0 0 0 0 0 0 0 0 0 0 0 0 0 0 0 0 0 0 0 0 0 0 0 0 0 0 0 0 0 0 0 0 0 0 0 0 0 0 0 0 0 0 0 0 0 0 0 0 0 0 0 0 0 0 0 0 0 0 0 0 0 0 0 0 0 0 0 0 0 0 0 0 0 0 0 0 0 0 0 0 0 0 0 0 0 0 0 0 0 0 0 0 0 0 0 0 0 0 0 0 0 0 0 0 0 0 0 0 0 0 0 0 0 0 0 0 0 0 0 0 0 0 0 0 0 0 0 0 0 0 0 0 0 0 0 0 0 0 0 0 0 0 0 0 0 0 0 0 0 0 0 0 0 0 0 0 0 0 0 0 0 0 0 0 0 0 0 0 0 0 0 0 0 0 0 0 0 0 0 0 0 0 0 0 0 0 0 0 0 0 0 0 0 0 0 0 0 0 0 0 0 0 0 0 0 0 0 0 0 0 0 0 0 0 0 0 0 0 0 0 0 0 0 0 0 0 0 0 0 0 0 0 0 0 0 0 0 0 0 0 0 0 0 0 0 0 0 0 0 0 0 0 0 0 0 0 0 0 0 0 0 0 0 0 0 0 0 0 0 0 0 0 0 0 0 0 0 0 0 0
 0 0 0 0 0 0 0 0 0 0 0 0 0 0 0 0 0 0 0 0 0 0 0 0 0 0 0 0 0 0 0 0 0 0 0 0 0 0 0 0 0 0 0 0 0 0 0 0 0 0 0 0 0 0 0 0 0 0 0 0 0 0 0 0 0 0 0 0 0 0 0 0 0 0 0 0 0 0 0 0 0 0 0 0 0 0 0 0 0 0 0 0 0 0 0 0 0 0 0 0 0 0 0 0 0 0 0 0 0 0 0 0 0 0 0 0 0 0 0 0 0 0 0 0 0 0 0 0 0 0 0 0 0 0 0 0 0 0 0 0 0 0 0 0 0 0 0 0 0 0 0 0 0 0 0 0 0 0 0 0 0 0 0 0 0 0 0 0 0 0 0 0 0 0 0 0 0 0 0 0 0 0 0 0 0 0 0 0 0 0 0 0 0 0 0 0 0 0 0 0 0 0 0 0 0 0 0 0 0 0 0 0 0 0 0 0 0 0 0 0 0 0 0 0 0 0 0 0 0 0 0 0 0 0 0 0 0 0 0 0 0 0 0 0 0 0 0 0 0 0 0 0 0 0 0 0 0 0 0 0 0 0 0 0 0 0 0 0 0 0 0 0 0 0 0 0 0 0 0 0 0 0 0 0 0 0 0 0 0 0 0 0 0 0 0 0 0 0 0 0 0 0 0 0 0 0 0 0 0 0 0 0 0 0 0 0 0 0 0 0 0 0 0 0 0 0 0 0 0 0 0 0 0 0 0 0 0 0 0 0 0 0 0 0 0 0 0 0 0 0 0 0 0 0 0 0 0 0 0 0 0 0 0 0 0 0 0 0 0 0 0 0 0 0 0 0 0 0 0 0 0 0 0 0 0 0 0 0 0 0 0 0 0 0 0 0 0 0 0 0 0 0 0 0 0 0 0 0 0 0 0 0 0 0 0 0 0 0 0 0 0 0 0 0 0 0 0 0 0 0 0 0 0 0 0 0 0 0 0 0 0 0 0 0 0 0 0 0 0 0 0 0 0 0 0 0 0 0 0 0 0 0 0 0 0 0 0 0 0 0 0 0 0 0 0 0 0 0 0 0 0 0 0 0 0 0 0 0 0 0 0 0 0 0 0 0 0 0 0 0 0 0 0 0 0 0 0 0 0 0 0 0 0 0 0 0 0 0 0 0 0 0 0 0 0 0 0 0 0 0 0 0 0 0 0 0 0 0 0 0 0 0 0 0 0 0 0 0 0 0 0 0 0 0 0 0 0 0 0 0 0 0 0 0 0 0 0 0 0 0 0 0 0 0 0 0 0 0 0 0 0 0 0 0 0 0 0 0 0 0 0 0 0 0 0 0 0 0 0 0
 0 0 0 0 0 0 0 0 0 0 0 0 0 0 0 0 0 0 0 0 0 0 0 0 0 0 0 0 0 0 0 0 0 0 0 0 0 0 0 0 0 0 0 0 0 0 0 0 0 0 0 0 0 0 0 0 0 0 0 0 0 0 0 0 0 0 0 0 0 0 0 0 0 0 0 0 0 0 0 0 0 0 0 0 0 0 0 0 0 0 0 0 0 0 0 0 0 0 0 0 0 0 0 0 0 0 0 0 0 0 0 0 0 0 0 0 0 0 0 0 0 0 0 0 0 0 0 0 0 0 0 0 0 0 0 0 0 0 0 0 0 0 0 0 0 0 0 0 0 0 0 0 0 0 0 0 0 0 0 0 0 0 0 0 0 0 0 0 0 0 0 0 0 0 0 0 0 0 0 0 0 0 0 0 0 0 0 0 0 0 0 0 0 0 0 0 0 0 0 0 0 0 0 0 0 0 0 0 0 0 0 0 0 0 0 0 0 0 0 0 0 0 0 0 0 0 0 0 0 0 0 0 0 0 0 0 0 0 0 0 0 0 0 0 0 0 0 0 0 0 0 0 0 0 0 0 0 0 0 0 0 0 0 0 0 0 0 0 0 0 0 0 0 0 0 0 0 0 0 0 0 0 0 0 0 0 0 0 0 0 0 0 0 0 0 0 0 0 0 0 0 0 0 0 0 0 0 0 0 0 0 0 0 0 0 0 0 0 0 0 0 0 0 0 0 0 0 0 0 0 0 0 0 0 0 0 0 0 0 0 0 0 0 0 0 0 0 0 0 0 0 0 0 0 0 0 0 0 0 0 0 0 0 0 0 0 0 0 0 0 0 0 0 0 0 0 0 0 0 0 0 0 0 0 0 0 0 0 0 0 0 0 0 0 0 0 0 0 0 0 0 0 0 0 0 0 0 0 0 0 0 0 0 0 0 0 0 0 0 0 0 0 0 0 0 0 0 0 0 0 0 0 0 0 0 0 0 0 0 0 0 0 0 0 0 0 0 0 0 0 0 0 0 0 0 0 0 0 0 0 0 0 0 0 0 0 0 0 0 0 0 0 0 0 0 0 0 0 0 0 0 0 0 0 0 0 0 0 0 0 0 0 0 0 0 0 0 0 0 0 0 0 0 0 0 0 0 0 0 0 0 0 0 0 0 0 0 0 0 0 0 0 0 0 0 0 0 0 0 0 0 0 0 0 0 0 0 0 0 0 0 0 0 0 0 0 0 0 0 0 0 0 0 0 0 0 0 0 0 0 0 0 0 0 0 0 0 0 0 0 0 0 0 0 0 0 0 0 0 0 0 0 0 0 0 0 0 0 0 0 0 0 0 0 0 0 0 0 0 0
 0 0 0 0 0 0 0 0 0 0 0 0 0 0 0 0 0 0 0 0 0 0 0 0 0 0 0 0 0 0 0 0 0 0 0 0 0 0 0 0 0 0 0 0 0 0 0 0 0 0 0 0 0 0 0 0 0 0 0 0 0 0 0 0 0 0 0 0 0 0 0 0 0 0 0 0 0 0 0 0 0 0 0 0 0 0 0 0 0 0 0 0 0 0 0 0 0 0 0 0 0 0 0 0 0 0 0 0 0 0 0 0 0 0 0 0 0 0 0 0 0 0 0 0 0 0 0 0 0 0 0 0 0 0 0 0 0 0 0 0 0 0 0 0 0 0 0 0 0 0 0 0 0 0 0 0 0 0 0 0 0 0 0 0 0 0 0 0 0 0 0 0 0 0 0 0 0 0 0 0 0 0 0 0 0 0 0 0 0 0 0 0 0 0 0 0 0 0 0 0 0 0 0 0 0 0 0 0 0 0 0 0 0 0 0 0 0 0 0 0 0 0 0 0 0 0 0 0 0 0 0 0 0 0 0 0 0 0 0 0 0 0 0 0 0 0 0 0 0 0 0 0 0 0 0 0 0 0 0 0 0 0 0 0 0 0 0 0 0 0 0 0 0 0 0 0 0 0 0 0 0 0 0 0 0 0 0 0 0 0 0 0 0 0 0 0 0 0 0 0 0 0 0 0 0 0 0 0 0 0 0 0 0 0 0 0 0 0 0 0 0 0 0 0 0 0 0 0 0 0 0 0 0 0 0 0.0003742423432413489 0.001511893817223608 0.003498588688671589 0.006275039166212082 0.00980100966989994 0.01403585355728865 0.01899814046919346 0.02471840940415859 0.03124476596713066 0.03867217525839806 0.04701816663146019 0.05636328458786011 0.06673283129930496 0.07808797806501389 0.09034134447574615 0.1034931167960167 0.1174701154232025 0.1323793232440948 0.1481620520353317 0.1648128777742386 0.1823890209197998 0.200764387845993 0.2199760228395462 0.2399786710739136 0.2604202032089233 0.2812861204147339 0.3023922145366669 0.320566326379776 0.3336838483810425 0.3402490019798279 0.3390862047672272 0.3293335735797882 0.3128668963909149 0.2972235381603241 0.2823623716831207 0.2682442665100098 0.2548320591449738 0.2420904636383057 0.2299859374761581 0.2184866368770599 0.2075622975826263 0.1971841752529144 0.1873249709606171 0.1779587268829346 0.1690607964992523 0.1606077551841736 0.1525773704051971 0.1449484974145889 0.137701079249382 0.1308160275220871 0.1242752224206924 0.1180614605545998 0.1121583878993988 0.106550469994545 0.1012229472398758 0.09616179764270782 0.09135370701551437 0.08678602427244186 0.08244672417640686 0.07832438498735428 0.07440816611051559 0.07068775594234467 0.06715336441993713 0.06379569321870804 0.06060590967535973 0.05757561326026917 0.05469683185219765 0.0519619919359684 0.04936389252543449 0.04689569771289825 0.04455091431736946 0.04232336953282356 0.04020719975233078 0.03819683939218521 0.03628699854016304 0.03447264805436134 0.03274901583790779 0.03111156448721886 0.02955598570406437 0.02807818725705147 0.02667427808046341 0.02534056454896927 0.02407353557646275 0.02286985889077187 0.02172636613249779 0.02064004726707935 0.01960804499685764 0.01862764358520508 0.01769626140594482 0.01681144908070564 0.01597087644040585 0.0151723325252533 0.01441371627151966 0.01369303092360497 0.01300837937742472 0.01235796045511961 0.0117400623857975 0.01115305908024311 0.01059540640562773 0.01006563566625118 0.009562353603541851 0.00908423587679863 0.008630024269223213 0.008198522962629795 0.007788596674799919 0.007399166934192181 0.007029208354651928 0.006677747704088688 0.006343860179185867 0.006026667077094316 0.00572533393278718 0.005439067259430885 0.005167114082723856 0.004908758215606213 0.004663320258259773 0.004430154338479042 0.004208646714687347 0.00399821437895298 0.003798303660005331 0.003608388360589743 0.003427968826144934 0.003256570314988494 0.003093741834163666 0.002939054742455482 0.002792102051898837 0.002652497030794621 0.002519872272387147 0.002393878763541579 0.002274184720590711 0.002160475589334965 0.002052451716735959 0.001949829165823758 0.0018523377366364 0.00175972084980458 0.001671734848059714 0.001588148064911366 0.001508740708231926 0.001433303696103394 0.001361638540402055 0.001293556648306549 0.001228878856636584 0.001167434966191649 0.001109063159674406 0.001053610001690686 0.001000929507426918 0.0009508830262348056 0.0009033388923853636 0.0008581719594076276 0.0008152633672580123 0.0007745001930743456 0.0007357751601375639 0.0006989864050410688 0.0006640370702371001 0.0006308351876214147 0.0005992934457026422 0.0005693287821486592 0.000540862325578928 0.0005138192209415138 0.000488128251163289 0.000463721837149933 0.0004405357467476279 0.0004185089492239058 0.0003975834988523275 0.0003777043311856687 0.0003588191175367683 0.0003408781485632062 0.000323834246955812 0.0003076425346080214 0.0002922604035120457 0.0002776473702397197 0.0002637649886310101 0.0002505767333786935 0.0002380478981649503 0.0002261455083498731 0.0002148382336599752 0.0002040963154286146 0.0001938914938364178 0.0001841969205997884 0.000174987071659416 0.0001662377180764452 0.0001579258387209848 0.0001500295475125313 0.0001425280643161386 0.0001354016567347571 0.0001286315673496574 0.0001221999846166 0.0001160899846581742 0.0001102854876080528 0.0001047712139552459 9.95326554402709e-05 9.455602412344888e-05 8.982822328107432e-05 8.533681102562696e-05 8.106997120194137e-05 7.701646973146126e-05 7.316564733628184e-05 6.950736860744655e-05 6.603200017707422e-05 6.273040344240144e-05 5.959388363407925e-05 5.661418981617317e-05 5.37834785063751e-05 5.109430640004575e-05 4.85395903524477e-05 4.611261101672426e-05 4.380698010209017e-05 4.161662945989519e-05 3.953579653170891e-05 3.755900615942664e-05 3.568105603335425e-05 3.38970021402929e-05 3.220215148758143e-05 3.059204391320236e-05 2.906244117184542e-05 2.760931965894997e-05 2.622885403980035e-05 2.491741179255769e-05 2.367154047533404e-05 2.248796408821363e-05 2.136356670234818e-05 2.029538882197812e-05 1.928062010847498e-05 1.831658846640494e-05 1.740075822453946e-05 1.653072104090825e-05 1.570418498886283e-05 1.491897546657128e-05 1.417302701156586e-05 1.346437602478545e-05 1.279115713259671e-05 1.215159954881528e-05 1.15440197987482e-05 1.096681899070973e-05 1.041847826854791e-05 9.897554264171049e-06 9.402676369063556e-06 8.932542186812498e-06 8.485914804623462e-06 8.061619155341759e-06 7.658538379473612e-06 7.275611551449401e-06 6.911830951139564e-06 6.566239335370483e-06 6.237927209440386e-06 5.926031008129939e-06 5.629729457723442e-06 5.348243121261476e-06 5.080830760562094e-06 4.826789336220827e-06 4.585449914884521e-06 4.356177214503987e-06 4.13836824009195e-06 3.931450009986293e-06 3.734877509486978e-06 3.548133690856048e-06 3.370726972207194e-06 3.202190555384732e-06 3.042081061721547e-06 2.889976940423367e-06 2.745478013821412e-06 2.608204113130341e-06 2.477793941579876e-06 2.353904164920095e-06 2.236208956674091e-06 2.124398406522232e-06
 0 0 0 0 0 0 0 0 0 0 0 0 0 0 0 0 0 0 0 0 0 0 0 0 0 0 0 0 0 0 0 0 0 0 0 0 0 0 0 0 0 0 0 0 0 0 0 0 0 0 0 0 0 0 0 0 0 0 0 0 0 0 0 0 0 0 0 0 0 0 0 0 0 0 0 0 0 0 0 0 0 0 0 0 0 0 0 0 0 0 0 0 0 0 0 0 0 0 0 0 0 0 0 0 0 0 0 0 0 0 0 0 0 0 0 0 0 0 0 0 0 0 0 0 0 0 0 0 0 0 0 0 0 0 0 0 0 0 0 0 0 0 0 0 0 0 0 0 0 0 0 0 0 0 0 0 0 0 0 0 0 0 0 0 0 0 0 0 0 0 0 0 0 0 0 0 0 0 0 0 0 0 0 0 0 0 0 0 0 0 0 0 0 0 0 0 0 0 0 0 0 0 0 0 0 0 0 0 0 0 0 0 0 0 0 0 0 0 0 0 0 0 0 0 0 0 0 0 0 0 0 0 0 0 0 0 0 0 0 0 0 0 0 0 0 0 0 0 0 0 0 0 0 0 0 0 0 0 0 0 0 0 0 0 0 0 0 0 0 0 0 0 0 0 0 0 0 0 0 0 0 0 0 0 0 0 0 0 0 0 0 0 0 0 0 0 0 0 0 0 0 0 0 0 0 0 0 0 0 0 0 0 0 0 0 0 0 0 0 0 0 0 0 0 0 0 0 0 0 0 0 0 0 0 0 0 0 0 0 0 0 0 0 0 0 0 0 0 0 0 0 0 0 0 0 0 0 0 0 0 0 0 0 0 0 0 0 0 0 0 0 0 0 0 0 0 0 0 0 0 0 0 0 0 0 0 0 0 0 0 0 0 0 0 0 0 0 0 0 0 0 0 0 0 0 0 0 0 0 0 0 0 0 0 0 0 0 0 0 0 0 0 0 0 0 0 0 0 0 0 0 0 0 0 0 0 0 0 0 0 0 0 0 0 0 0 0 0 0 0 0 0 0 0 0 0 0 0 0 0 0 0 0 0 0 0 0 0 0 0 0 0 0 0 0 0 0 0 0 0 0 0 0 0 0 0 0 0 0 0 0 0 0 0 0 0 0 0 0 0 0 0 0 0 0 0 0 0 0 0 0 0 0 0 0 0 0 0 0 0 0 0 0 0 0 0 0 0 0 0 0 0 0 0 0 0 0 0 0 0 0 0 0 0 0 0 0 0 0 0 0 0 0 0 0 0 0 0 0 0 0 0 0 0 0 0 0 0 0 0 0 0 0 0 0 0 0 0 0 0 0 0 0 0 0 0 0 0 0 0 0 0 0 0 0 0 0 0 0 0
 0 0 0 0 0 0 0 0 0 0 0 0 0 0 0 0 0 0 0 0 0 0 0 0 0 0 0 0 0 0 0 0 0 0 0 0 0 0 0 0 0 0 0 0 0 0 0 0 0 0 0 0 0 0 0 0 0 0 0 0 0 0 0 0 0 0 0 0 0 0 0 0 0 0 0 0 0 0 0 0 0 0 0 0 0 0 0 0 0 0 0 0 0 0 0 0 0 0 0 0 0 0 0 0 0 0 0 0 0 0 0 0 0 0 0 0 0 0 0 0 0 0 0 0 0 0 0 0 0 0 0 0 0 0 0 0 0 0 0 0 0 0 0 0 0 0 0 0 0 0 0 0 0 0 0 0 0 0 0 0 0 0 0 0 0 0 0 0 0 0 0 0 0 0 0 0 0 0 0 0 0 0 0 0 0 0 0 0 0 0 0 0 0 0 0 0 0 0 0 0 0 0 0 0 0 0 0 0 0 0 0 0 0 0 0 0 0 0 0 0 0 0 0 0 0 0 0 0 0 0 0 0 0 0 0 0 0 0 0 0 0 0 0 0 0 0 0 0 0 0 0 0 0 0 0 0 0 0 0 0 0 0 0 0 0 0 0 0 0 0 0 0 0 0 0 0 0 0 0 0 0 0 0 0 0 0 0 0 0 0 0 0 0 0 0 0 0 0 0 0 0 0 0 0 0 0 0 0 0 0 0 0 0 0 0 0 0 0 0 0 0 0 0 0 0 0 0 0 0 0 0 0 0 0 0 0 0 0 0 0 0 0 0 0 0 0 0 0 0 0 0 0 0 0 0 0 0 0 0 0 0 0 0 0 0 0 0 0 0 0 0 0 0 0 0 0 0 0 0 0 0 0 0 0 0 0 0 0 0 0 0 0 0 0 0 0 0 0 0 0 0 0 0 0 0 0 0 0 0 0 0 0 0 0 0 0 0 0 0 0 0 0 0 0 0 0 0 0 0 0 0 0 0 0 0 0 0 0 0 0 0 0 0 0 0 0 0 0 0 0 0 0 0 0 0 0 0 0 0 0 0 0 0 0 0 0 0 0 0 0 0 0 0 0 0 0 0 0 0 0 0 0 0 0 0 0 0 0 0 0 0 0 0 0 0 0 0 0 0 0 0 0 0 0 0 0 0 0 0 0 0 0 0 0 0 0 0 0 0 0 0 0 0 0 0 0 0 0 0 0 0 0 0 0 0 0 0 0 0 0 0 0 0 0 0 0 0 0 0 0 0 0 0 0 0 0 0 0 0 0 0 0 0 0 0 0 0 0 0 0 0 0 0 0 0 0 0 0 0 0 0 0 0 0 0 0 0 0 0 0 0 0 0 0 0 0 0 0 0 0
 0 0 0 0 0 0 0 0 0 0 0 0 0 0 0 0 0 0 0 0 0 0 0 0 0 0 0 0 0 0 0 0 0 0 0 0 0 0 0 0 0 0 0 0 0 0 0 0 0 0 0 0 0 0 0 0 0 0 0 0 0 0 0 0 0 0 0 0 0 0 0 0 0 0 0 0 0 0 0 0 0 0 0 0 0 0 0 0 0 0 0 0 0 0 0 0 0 0 0 0 0 0 0 0 0 0 0 0 0 0 0 0 0 0 0 0 0 0 0 0 0 0 0 0 0 0 0 0 0 0 0 0 0 0 0 0 0 0 0 0 0 0 0 0 0 0 0 0 0 0 0 0 0 0 0 0 0 0 0 0 0 0 0 0 0 0 0 0 0 0 0 0 0 0 0 0 0 0 0 0 0 0 0 0 0 0 0 0 0 0 0 0 0 0 0 0 0 0 0 0 0 0 0 0 0 0 0 0 0 0 0 0 0 0 0 0 0 0 0 0 0 0 0 0 0 0 0 0 0 0 0 0 0 0 0 0 0 0 0 0 0 0 0 0 0 0 0 0 0 0 0 0 0 0 0 0 0 0 0 0 0 0 0 0 0 0 0 0 0 0 0 0 0 0 0 0 0 0 0 0 0 0 0 0 0 0 0 0 0 0 0 0 0 0 0 0 0 0 0 0 0 0 0 0 0 0 0 0 0 0 0 0 0 0 0 0 0 0 0 0 0 0 0 0 0 0 0 0 0 0 0 0 0 0 0 0 0 0 0 0 0 0 0 0 0 0 0 0 0 0 0 0 0 0 0 0 0 0 0 0 0 0 0 0 0 0 0 0 0 0 0 0 0 0 0 0 0 0 0 0 0 0 0 0 0 0 0 0 0 0 0 0 0 0 0 0 0 0 0 0 0 0 0 0 0 0 0 0 0 0 0 0 0 0 0 0 0 0 0 0 0 0 0 0 0 0 0 0 0 0 0 0 0 0 0 0 0 0 0 0 0 0 0 0 0 0 0 0 0 0 0 0 0 0 0 0 0 0 0 0 0 0 0 0 0 0 0 0 0 0 0 0 0 0 0 0 0 0 0 0 0 0 0 0 0 0 0 0 0 0 0 0 0 0 0 0 0 0 0 0 0 0 0 0 0 0 0 0 0 0 0 0 0 0 0 0 0 0 0 0 0 0 0 0 0 0 0 0 0 0 0 0 0 0 0 0 0 0 0 0 0 0 0 0 0 0 0 0 0 0 0 0 0 0 0 0 0 0 0 0 0 0 0 0 0 0 0 0 0 0 0 0 0 0 0 0 0 0 0 0 0 0 0 0 0 0 0 0 0 0 0 0 0 0 0 0 0 0 0 0
 0 0 0 0 0 0 0 0 0 0 0 0 0 0 0 0 0 0 0 0 0 0 0 0 0 0 0 0 0 0 0 0 0 0 0 0 0 0 0 0 0 0 0 0 0 0 0 0 0 0 0 0 0 0 0 0 0 0 0 0 0 0 0 0 0 0 0 0 0 0 0 0 0 0 0 0 0 0 0 0 0 0 0 0 0 0 0 0 0 0 0 0 0 0 0 0 0 0 0 0 0 0 0 0 0 0 0 0 0 0 0 0 0 0 0 0 0 0 0 0 0 0 0 0 0 0 0 0 0 0 0 0 0 0 0 0 0 0 0 0 0 0 0 0 0 0 0 0 0 0 0 0 0 0 0 0 0 0 0 0 0 0 0 0 0 0 0 0 0 0 0 0 0 0 0 0 0 0 0 0 0 0 0 0 0 0 0 0 0 0 0 0 0 0 0 0 0 0 0 0 0 0 0 0 0 0 0 0 0 0 0 0 0 0 0 0 0 0 0 0 0 0 0 0 0 0 0 0 0 0 0 0 0 0 0 0 0 0 0 0 0 0 0 0 0 0 0 0 0 0 0 0 0 0 0 0 0 0 0 0 0 0 0 0 0 0 0 0 0 0 0 0 0 0 0 0 0 0 0 0 0 0 0 0 0 0 0 0 0 0 0 0 0 0 0 0 0 0 0 0 0 0 0 0 0 0 0 0 0 0 0 0 0 0 0 0 0 0 0 0 0 0 0 0 0 0 0 0 0 0 0 0 0 0 0.0004916397738270462 0.001784450840204954 0.003997208550572395 0.007093636319041252 0.01112682744860649 0.01613727957010269 0.02212252654135227 0.02909375540912151 0.03703991323709488 0.04593541473150253 0.05577949434518814 0.06664750725030899 0.07856790721416473 0.09152419865131378 0.1054487526416779 0.1203865110874176 0.1363435536623001 0.1533167064189911 0.1712967902421951 0.190235897898674 0.2101197689771652 0.2306796014308929 0.2517514228820801 0.2732579112052917 0.295147031545639 0.3174308836460114 0.336958646774292 0.3513144552707672 0.3586155772209167 0.3575595617294312 0.3473293781280518 0.3299629092216492 0.3134647607803345 0.2977915108203888 0.28290194272995 0.2687568366527557 0.2553189992904663 0.2425530552864075 0.2304254025220871 0.2189041376113892 0.2079589366912842 0.1975609958171844 0.1876829415559769 0.1782988011837006 0.1693838536739349 0.1609146595001221 0.152868926525116 0.1452254801988602 0.137964203953743 0.1310659945011139 0.1245126947760582 0.118287056684494 0.1123727038502693 0.1067540720105171 0.1014163717627525 0.09634555131196976 0.0915282741189003 0.08695185929536819 0.08260426670312881 0.07847405225038528 0.07455035299062729 0.07082283496856689 0.06728169322013855 0.0639176070690155 0.06072172522544861 0.05768563970923424 0.05480135604739189 0.0520612895488739 0.04945822432637215 0.04698531329631805 0.04463604837656021 0.04240424558520317 0.04028403386473656 0.03826983273029327 0.03635634109377861 0.03453852236270905 0.03281159698963165 0.03117101639509201 0.02961246483027935 0.02813184075057507 0.02672524936497211 0.02538898773491383 0.02411953918635845 0.02291356213390827 0.02176788449287415 0.02067949064075947 0.01964551582932472 0.01866324059665203 0.01773007772862911 0.01684357412159443 0.01600139588117599 0.01520132645964622 0.01444126013666391 0.01371919736266136 0.01303323730826378 0.01238157507032156 0.01176249608397484 0.01117437146604061 0.01061565242707729 0.01008486934006214 0.009580626152455807 0.009101594798266888 0.008646515198051929 0.008214189670979977 0.007803480140864849 0.007413306273519993 0.007042640820145607 0.006690508686006069 0.006355983205139637 0.006038184277713299 0.005736275110393763 0.005449461285024881 0.005176988430321217 0.004918138962239027 0.004672232083976269 0.004438620526343584 0.004216689616441727 0.004005854949355125 0.00380556215532124 0.003615284105762839 0.003434519981965423 0.003262793878093362 0.003099654102697968 0.002944671316072345 0.002797437831759453 0.002657565986737609 0.002524687675759196 0.002398453187197447 0.00227853050455451 0.002164603909477592 0.002056373748928308 0.001953555038198829 0.001855877228081226 0.001763083389960229 0.001674929168075323 0.001591182663105428 0.001511623500846326 0.001436042366549373 0.001364240190014243 0.001296028145588934 0.001231226720847189 0.001169665367342532 0.0011111821513623 0.001055623055435717 0.001002841861918569 0.0009526997455395758 0.0009050647495314479 0.0008598114945925772 0.0008168209460563958 0.0007759798900224268 0.0007371808751486242 0.0007003218051977456 0.0006653057062067091 0.0006320404354482889 0.0006004383903928101 0.0005704164505004883 0.0005418956279754639 0.0005148008349351585 0.0004890607669949532 0.0004646077286452055 0.0004413773422129452 0.0004193084896542132 0.0003983430797234178 0.000378425931558013 0.0003595046291593462 0.0003415294049773365 0.0003244529361836612 0.0003082302864640951 0.0002928187604993582 0.0002781778166536242 0.0002642689214553684 0.0002510554622858763 0.0002385026891715825 0.0002265775547130033 0.0002152486704289913 0.0002044862339971587 0.0001942619273904711 0.000184548829565756 0.0001753213873598725 0.0001665553136263043 0.0001582275435794145 0.0001503161620348692 0.0001428003597538918 0.0001356603461317718 0.0001288773346459493 0.0001224334700964391 0.0001163117995020002 0.0001104962066165172 0.0001049713973770849 9.972282714443281e-05 9.473668615100905e-05 8.999984856927767e-05 8.549985795980319e-05 8.122486178763211e-05 7.71636186982505e-05 7.330544030992314e-05 6.964016938582063e-05 6.615815800614655e-05 6.285025301622227e-05 5.97077414568048e-05 5.672235420206562e-05 5.388623685576022e-05 5.119192428537644e-05 4.863232970819809e-05 4.62007119494956e-05 4.389067544252612e-05 4.169614112470299e-05 3.961133552365936e-05 3.763076892937534e-05 3.574923175619915e-05 3.396176907699555e-05 3.226368062314577e-05 3.06504953186959e-05 2.911797128035687e-05 2.76620721706422e-05 2.627896901685745e-05 2.496502020221669e-05 2.371676964685321e-05 2.253093043691479e-05 2.140438300557435e-05 2.033416421909351e-05 1.931745646288618e-05 1.835158400353976e-05 1.743400571285747e-05 1.656230597291142e-05 1.573419103806373e-05 1.494748175900895e-05 1.420010812580585e-05 1.34901029014145e-05 1.281559798371745e-05 1.217481803905685e-05 1.156607686425559e-05 1.098777283914387e-05 1.043838437908562e-05 9.916465387505013e-06 9.420642527402379e-06 8.94961067388067e-06 8.502130185661372e-06 8.077023267105687e-06 7.673172149225138e-06 7.289513632713351e-06 6.925038178451359e-06 6.578786269528791e-06 6.249847047001822e-06 5.937354671914363e-06 5.640486961056013e-06 5.358462658477947e-06 5.09053961650352e-06 4.836012521991506e-06 4.594211986841401e-06 4.364501364761963e-06 4.146276296523865e-06 3.938962436222937e-06 3.74201431441179e-06 3.554913519110414e-06 3.377167786311475e-06 3.208309408364585e-06 3.047893869734253e-06 2.895499164878856e-06 2.750724206634914e-06 2.613187916722381e-06 2.48252854362363e-06 2.358402070967713e-06 2.240481990156695e-06 2.128457936123596e-06 2.022035005211364e-06
 0 0 0 0 0 0 0 0 0 0 0 0 0 0 0 0 0 0 0 0 0 0 0 0 0 0 0 0 0 0 0 0 0 0 0 0 0 0 0 0 0 0 0 0 0 0 0 0 0 0 0 0 0 0 0 0 0 0 0 0 0 0 0 0 0 0 0 0 0 0 0 0 0 0 0 0 0 0 0 0 0 0 0 0 0 0 0 0 0 0 0 0 0 0 0 0 0 0 0 0 0 0 0 0 0 0 0 0 0 0 0 0 0 0 0 0 0 0 0 0 0 0 0 0 0 0 0 0 0 0 0 0 0 0 0 0 0 0 0 0 0 0 0 0 0 0 0 0 0 0 0 0 0 0 0 0 0 0 0 0 0 0 0 0 0 0 0 0 0 0 0 0 0 0 0 0 0 0 0 0 0 0 0 0 0 0 0 0 0 0 0 0 0 0 0 0 0 0 0 0 0 0 0 0 0 0 0 0 0 0 0 0 0 0 0 0 0 0 0 0 0 0 0 0 0 0 0 0 0 0 0 0 0 0 0 0 0 0 0 0 0 0 0 0 0 0 0 0 0 0 0 0 0 0 0 0 0 0 0 0 0 0 0 0 0 0 0 0 0 0 0 0 0 0 0 0 0 0 0 0 0 0 0 0 0 0 0 0 0 0 0 0 0 0 0 0 0 0 0 0 0 0 0 0 0 0 0 0 0 0 0 0 0 0 0 0 0 0 0 0 0 0 0 0 0 0 0 0 0 0 0 0 0 0 0 0 0 0 0 0 0 0 0 0 0 0 0 0 0 0 0 0 0 0 0 0 0 0 0 0 0 0 0 0 0 0 0 0 0 0 0 0 0 0 0 0 0 0 0 0 0 0 0 0 0 0 0 0 0 0 0 0 0 0 0 0 0 0 0 0 0 0 0 0 0 0 0 0 0 0 0 0 0 0 0 0 0 0 0 0 0 0 0 0 0 0 0 0 0 0 0 0 0 0 0 0 0 0 0 0 0 0 0 0 0 0 0 0 0 0 0 0 0 0 0 0 0 0 0 0 0 0 0 0 0 0 0 0 0 0 0 0 0 0 0 0 0 0 0 0 0 0 0 0 0 0 0 0 0 0 0 0 0 0 0 0 0 0 0 0 0 0 0 0 0 0 0 0 0 0 0 0 0 0 0 0 0 0 0 0 0 0 0 0 0 0 0 0 0 0 0 0 0 0 0 0 0 0 0 0 0 0 0 0 0 0 0 0 0 0 0 0 0 0 0 0 0 0 0 0 0 0 0 0 0 0 0 0 0 0 0 0 0 0 0 0 0 0 0 0 0 0 0 0 0 0 0 0 0 0 0 0 0 0 0 0 0 0 0 0
 0 0 0 0 0 0 0 0 0 0 0 0 0 0 0 0 0 0 0 0 0 0 0 0 0 0 0 0 0 0 0 0 0 0 0 0 0 0 0 0 0 0 0 0 0 0 0 0 0 0 0 0 0 0 0 0 0 0 0 0 0 0 0 0 0 0 0 0 0 0 0 0 0 0 0 0 0 0 0 0 0 0 0 0 0 0 0 0 0 0 0 0 0 0 0 0 0 0 0 0 0 0 0 0 0 0 0 0 0 0 0 0 0 0 0 0 0 0 0 0 0 0 0 0 0 0 0 0 0 0 0 0 0 0 0 0 0 0 0 0 0 0 0 0 0 0 0 0 0 0 0 0 0 0 0 0 0 0 0 0 0 0 0 0 0 0 0 0 0 0 0 0 0 0 0 0 0 0 0 0 0 0 0 0 0 0 0 0 0 0 0 0 0 0 0 0 0 0 0 0 0 0 0 0 0 0 0 0 0 0 0 0 0 0 0 0 0 0 0 0 0 0 0 0 0 0 0 0 0 0 0 0 0 0 0 0 0 0 0 0 0 0 0 0 0 0 0 0 0 0 0 0 0 0 0 0 0 0 0 0 0 0 0 0 0 0 0 0 0 0 0 0 0 0 0 0 0 0 0 0 0 0 0 0 0 0 0 0 0 0 0 0 0 0 0 0 0 0 0 0 0 0 0 0 0 0 0 0 0 0 0 0 0 0 0 0 0 0 0 0 0 0 0 0 0 0 0 0 0 0 0 0 0 0 0 0 0 0 0 0 0 0 0 0 0 0 0 0 0 0 0 0 0 0 0 0 0 0 0 0 0 0 0 0 0 0 0 0 0 0 0 0 0 0 0 0 0 0 0 0 0 0 0 0 0 0 0 0 0 0 0 0 0 0 0 0 0 0 0 0 0 0 0 0 0 0 0 0 0 0 0 0 0 0 0 0 0 0 0 0 0 0 0 0 0 0 0 0 0 0 0 0 0 0 0 0 0 0 0 0 0 0 0 0 0 0 0 0 0 0 0 0 0 0 0 0 0 0 0 0 0 0 0 0 0 0 0 0 0 0 0 0 0 0 0 0 0 0 0 0 0 0 0 0 0 0 0 0 0 0 0 0 0 0 0 0 0 0 0 0 0 0 0 0 0 0 0 0 0 0 0 0 0 0 0 0 0 0 0 0 0 0 0 0 0 0 0 0 0 0 0 0 0 0 0 0 0 0 0 0 0 0 0 0 0 0 0 0 0 0 0 0 0 0 0 0 0 0 0 0 0 0 0 0 0 0 0 0 0 0 0 0 0 0 0 0 0 0 0 0 0 0 0 0 0 0 0 0 0 0 0 0 0 0 0 0 0 0 0 0


# name: r_0_m16_G0_L0p3_D0p7
# type: matrix
# rows: 1
# columns: 14
 0 -16 0.2 0 0.3 0 -9.810783333333333 0 0 0.2568317966815373 0 162.8333333333333 1.471960144387974 0.7




