# Created by Octave 3.8.2, Wed Jul 05 10:40:01 2017 BST <co1ssj@node117>
# name: result
# type: scalar struct
# ndims: 2
 1 1
# length: 3
# name: params
# type: scalar struct
# ndims: 2
 1 1
# length: 18
# name: cleanup
# type: scalar
0


# name: num_runs
# type: scalar
6


# name: dopamine
# type: scalar
0.7


# name: targetCross
# type: scalar
1


# name: targetLuminance
# type: scalar
0.3


# name: targetWidthX
# type: scalar
6


# name: targetWidthY
# type: scalar
2


# name: fixCross
# type: scalar
1


# name: fixLuminance
# type: scalar
0.2


# name: fixWidthX
# type: scalar
6


# name: fixWidthY
# type: scalar
2


# name: fixOn
# type: scalar
0


# name: targetOff
# type: scalar
1


# name: targetOn
# type: scalar
0.2


# name: fixOff
# type: scalar
0.2


# name: targetThetaX
# type: scalar
0


# name: targetThetaY
# type: scalar
-14


# name: exptnum
# type: scalar
0




# name: r_0_m14_G0_L0p3_D0p7_llbn
# type: matrix
# rows: 24
# columns: 600
 0 0 0 0 0 0 0 0 0 0 0 0 0 0 0 0 0 0 0 0 0 0 0 0 0 0 0 0 0 0 0 0 0 0 0 0 0 0 0 0 0 0 0 0 0 0 0 0 0 0 0 0 0 0 0 0 0 0 0 0 0 0 0 0 0 0 0 0 0 0 0 0 0 0 0 0 0 0 0 0 0 0 0 0 0 0 0 0 0 0 0 0 0 0 0 0 0 0 0 0 0 0 0 0 0 0 0 0 0 0 0 0 0 0 0 0 0 0 0 0 0 0 0 0 0 0 0 0 0 0 0 0 0 0 0 0 0 0 0 0 0 0 0 0 0 0 0 0 0 0 0 0 0 0 0 0 0 0 0 0 0 0 0 0 0 0 0 0 0 0 0 0 0 0 0 0 0 0 0 0 0 0 0 0 0 0 0 0 0 0 0 0 0 0 0 0 0 0 0 0 0 0 0 0 0 0 0 0 0 0 0 0 0 0 0 0 0 0 0 0 0 0 0 0 0 0 0 0 0 0 0 0 0 0 0 0 0 0 0 0 0 0 0 0 0 0 0 0 0 0 0 0 0 0 0 0 0 0 0 0 0 0 0 0 0 0 0 0 0 0 0 0 0 0 0 0 0 0 0 0 0 0 0 0 0 0 0 0 0 0 0 0 0 0 0 0 0 0 0 0 0 0 0 0 0 0 0 0 0 0 0 0 0 0 0 0 0 0 0 0 0 0 0 0 0 0 0 0 0 0 0 0 0 0 0 0 0 0 0 0 0 0 0 0 0 0 0 0 0 0 0 0 0 0 0 0 0 0 0 0 0 0 0 0 0 0 0 0 0 0 0 0 0 0 0 0 0 0 0 0 0 0 0 0 0 0 0 0 0 0 0 0 0 0 0 0 0 0 0 0 0 0 0 0 0 0 0 0 0 0 0 0 0 0 0 0 0 0 0 0 0 0 0 0 0 0 0 0 0 0 0 0 0 0 0 0 0 0 0 0 0 0 0 0 0 0 0 0 0 0 0 0 0 0 0 0 0 0 0 0 0 0 0 0 0 0 0 0 0 0 0 0 0 0 0 0 0 0 0 0 0 0 0 0 0 0 0 0 0 0 0 0 0 0 0 0 0 0 0 0 0 0 0 0 0 0 0 0 0 0 0 0 0 0 0 0 0 0 0 0 0 0 0 0 0 0 0 0 0 0 0 0 0 0 0 0 0 0 0 0 0 0 0 0 0 0 0 0 0 0 0 0 0 0 0 0 0 0 0 0 0 0 0 0 0 0 0 0 0 0 0 0 0 0 0 0 0 0 0 0 0 0 0 0 0 0 0 0 0 0 0 0 0 0 0 0 0 0 0 0
 0 0 0 0 0 0 0 0 0 0 0 0 0 0 0 0 0 0 0 0 0 0 0 0 0 0 0 0 0 0 0 0 0 0 0 0 0 0 0 0 0 0 0 0 0 0 0 0 0 0 0 0 0 0 0 0 0 0 0 0 0 0 0 0 0 0 0 0 0 0 0 0 0 0 0 0 0 0 0 0 0 0 0 0 0 0 0 0 0 0 0 0 0 0 0 0 0 0 0 0 0 0 0 0 0 0 0 0 0 0 0 0 0 0 0 0 0 0 0 0 0 0 0 0 0 0 0 0 0 0 0 0 0 0 0 0 0 0 0 0 0 0 0 0 0 0 0 0 0 0 0 0 0 0 0 0 0 0 0 0 0 0 0 0 0 0 0 0 0 0 0 0 0 0 0 0 0 0 0 0 0 0 0 0 0 0 0 0 0 0 0 0 0 0 0 0 0 0 0 0 0 0 0 0 0 0 0 0 0 0 0 0 0 0 0 0 0 0 0 0 0 0 0 0 0 0 0 0 0 0 0 0 0 0 0 0 0 0 0 0 0 0 0 0 0 0 0 0 0 0 0 0 0 0 0 0 0 0 0 0 0 0 0 0 0 0 0 0 0 0 0 0 0 0 0 0 0 0 0 0 0 0 0 0 0 0 0 0 0 0 0 0 0 0 0 0 0 0 0 0 0 0 0 0 0 0 0 0 0 0 0 0 0 0 0 0 0 0 0 0 0 0 0 0 0 0 0 0 0 0 0 0 0.0005452777841128409 0.001767132198438048 0.003625468350946903 0.006135917268693447 0.00934476125985384 0.01321179047226906 0.01772810518741608 0.02289541065692902 0.02877827733755112 0.03537547960877419 0.04264713451266289 0.05056460574269295 0.05917899310588837 0.06848730146884918 0.07853582501411438 0.08936493843793869 0.1009971871972084 0.1133884713053703 0.1265046298503876 0.1403333097696304 0.1548113375902176 0.169882595539093 0.1855286359786987 0.2017340213060379 0.2184767127037048 0.2356377840042114 0.2532774209976196 0.2703008651733398 0.2842601835727692 0.293459564447403 0.2965601682662964 0.2927033603191376 0.2812208831310272 0.2671598494052887 0.2538018524646759 0.2411117553710938 0.2290561646223068 0.2176033556461334 0.2067231833934784 0.1963870227336884 0.1865676641464233 0.1772392839193344 0.1683773249387741 0.1599584519863129 0.1519605219364166 0.1443624943494797 0.1371443718671799 0.1302871555089951 0.1237727999687195 0.1175841614603996 0.1117049530148506 0.1061197072267532 0.1008137241005898 0.09577304124832153 0.09098438918590546 0.08643516898155212 0.08211340755224228 0.07800773531198502 0.07410734891891479 0.07040198147296906 0.06688188016414642 0.06353778392076492 0.06036089360713959 0.05734284967184067 0.05447570607066154 0.05175191909074783 0.04916432499885559 0.04670611023902893 0.04437080398201942 0.04215226322412491 0.04004465043544769 0.03804241865873337 0.03614029660820961 0.03433328121900558 0.03261661529541016 0.03098578378558159 0.02943649515509605 0.02796467021107674 0.02656643651425838 0.02523811534047127 0.02397621050477028 0.02277740091085434 0.02163853123784065 0.0205566044896841 0.01952877454459667 0.01855233497917652 0.01762471906840801 0.01674348302185535 0.0159063097089529 0.01511099375784397 0.01435544434934855 0.01363767217844725 0.01295578852295876 0.01230799872428179 0.0116925984621048 0.01110796816647053 0.01055257022380829 0.01002494152635336 0.009523694403469563 0.009047510102391243 0.008595135062932968 0.008165378123521805 0.007757109124213457 0.007369253784418106 0.007000790908932686 0.006650751456618309 0.006318213883787394 0.006002303212881088 0.005702188238501549 0.005417078733444214 0.005146224983036518 0.004888913594186306 0.004644467961043119 0.004412244539707899 0.004191632382571697 0.003982050810009241 0.003782948246225715 0.003593800822272897 0.003414110746234655 0.00324340513907373 0.003081234870478511 0.002927173161879182 0.002780814422294497 0.002641773782670498 0.002509685000404716 0.002384200692176819 0.002264990704134107 0.002151741180568933 0.002044154098257422 0.00194194633513689 0.001844848971813917 0.001752606476657093 0.001664976123720407 0.001581727294251323 0.00150264089461416 0.001427508890628815 0.001356133492663503 0.001288326806388795 0.001223910483531654 0.001162714906968176 0.001104579190723598 0.001049350248649716 0.0009968827944248915 0.0009470386430621147 0.000899686710909009 0.0008547023753635585 0.0008119672420434654 0.0007713688537478447 0.0007328003994189203 0.000696160364896059 0.0006613523582927883 0.0006282847607508302 0.0005968705518171191 0.0005670270184054971 0.0005386756965890527 0.000511741905938834 0.0004861548077315092 0.0004618470557034016 0.0004387547087389976 0.0004168169689364731 0.0003959761234000325 0.0003761773114092648 0.0003573684371076524 0.0003395000239834189 0.0003225250111427158 0.0003063987533096224 0.0002910788170993328 0.000276524864602834 0.0002626986242830753 0.0002495636872481555 0.0002370855072513223 0.0002252312260679901 0.0002139696589438245 0.0002032711781794205 0.0001931076258188114 0.000183452240889892 0.0001742796303005889 0.0001655656524235383 0.0001572873734403402 0.0001494230091338977 0.000141951852128841 0.0001348542573396116 0.0001281115401070565 0.0001217059616465122 0.0001156206635641865 0.0001098396314773709 0.0001043476513586938 9.91302658803761e-05 9.41737525863573e-05 8.946506568463519e-05 8.499181421939284e-05 8.074222569121048e-05 7.670511695323512e-05 7.286985783139244e-05 6.922636384842917e-05 6.576504529220983e-05 6.247679266380146e-05 5.935295484960079e-05 5.638530637952499e-05 5.356604015105404e-05 5.088773832540028e-05 4.834335049963556e-05 4.592618279275484e-05 4.362987237982452e-05 4.144838021602482e-05 3.937596193281934e-05 3.740716419997625e-05 3.553680653567426e-05 3.375996675458737e-05 3.207197005394846e-05 3.046837082365528e-05 2.894495264627039e-05 2.749770465015899e-05 2.612281969049945e-05 2.481667797837872e-05 2.357584344281349e-05 2.239705099782441e-05 2.127719926647842e-05 2.021333966695238e-05 1.920267277455423e-05 1.824253922677599e-05 1.733041244733613e-05 1.646389137022197e-05 1.564069680171087e-05 1.485866232542321e-05 1.411572884535417e-05 1.340994276688434e-05 1.273944599233801e-05 1.210247410199372e-05 1.149734998762142e-05 1.0922482033493e-05 1.037635774991941e-05 9.857540135271847e-06 9.364663128508255e-06 8.896429790183902e-06 8.451608664472587e-06 8.029028322198428e-06 7.627576906088507e-06 7.246198038046714e-06 6.883888090669643e-06 6.539693458762486e-06 6.212708740349626e-06 5.902073098695837e-06 5.606969352811575e-06 5.326620794221526e-06 5.060289822722552e-06 4.807275217899587e-06 4.566911229630932e-06 4.338565759098856e-06 4.121637630305486e-06 3.915555680578109e-06 3.719777851074468e-06 3.53378891304601e-06 3.35709955834318e-06 3.189244580426021e-06 3.029782419616822e-06 2.878293344110716e-06 2.734378767854651e-06 2.597659886305337e-06 2.467776994308224e-06 2.344388121855445e-06 2.227168806712143e-06 2.115810275427066e-06 2.010019670706242e-06 1.90951868717093e-06 1.814042775549751e-06 1.723340687931341e-06 1.637173681956483e-06
 0 0 0 0 0 0 0 0 0 0 0 0 0 0 0 0 0 0 0 0 0 0 0 0 0 0 0 0 0 0 0 0 0 0 0 0 0 0 0 0 0 0 0 0 0 0 0 0 0 0 0 0 0 0 0 0 0 0 0 0 0 0 0 0 0 0 0 0 0 0 0 0 0 0 0 0 0 0 0 0 0 0 0 0 0 0 0 0 0 0 0 0 0 0 0 0 0 0 0 0 0 0 0 0 0 0 0 0 0 0 0 0 0 0 0 0 0 0 0 0 0 0 0 0 0 0 0 0 0 0 0 0 0 0 0 0 0 0 0 0 0 0 0 0 0 0 0 0 0 0 0 0 0 0 0 0 0 0 0 0 0 0 0 0 0 0 0 0 0 0 0 0 0 0 0 0 0 0 0 0 0 0 0 0 0 0 0 0 0 0 0 0 0 0 0 0 0 0 0 0 0 0 0 0 0 0 0 0 0 0 0 0 0 0 0 0 0 0 0 0 0 0 0 0 0 0 0 0 0 0 0 0 0 0 0 0 0 0 0 0 0 0 0 0 0 0 0 0 0 0 0 0 0 0 0 0 0 0 0 0 0 0 0 0 0 0 0 0 0 0 0 0 0 0 0 0 0 0 0 0 0 0 0 0 0 0 0 0 0 0 0 0 0 0 0 0 0 0 0 0 0 0 0 0 0 0 0 0 0 0 0 0 0 0 0 0 0 0 0 0 0 0 0 0 0 0 0 0 0 0 0 0 0 0 0 0 0 0 0 0 0 0 0 0 0 0 0 0 0 0 0 0 0 0 0 0 0 0 0 0 0 0 0 0 0 0 0 0 0 0 0 0 0 0 0 0 0 0 0 0 0 0 0 0 0 0 0 0 0 0 0 0 0 0 0 0 0 0 0 0 0 0 0 0 0 0 0 0 0 0 0 0 0 0 0 0 0 0 0 0 0 0 0 0 0 0 0 0 0 0 0 0 0 0 0 0 0 0 0 0 0 0 0 0 0 0 0 0 0 0 0 0 0 0 0 0 0 0 0 0 0 0 0 0 0 0 0 0 0 0 0 0 0 0 0 0 0 0 0 0 0 0 0 0 0 0 0 0 0 0 0 0 0 0 0 0 0 0 0 0 0 0 0 0 0 0 0 0 0 0 0 0 0 0 0 0 0 0 0 0 0 0 0 0 0 0 0 0 0 0 0 0 0 0 0 0 0 0 0 0 0 0 0 0 0 0 0 0 0 0 0 0 0 0 0 0 0 0 0 0 0 0 0 0 0 0 0 0 0 0 0 0 0 0 0 0 0 0 0 0 0 0 0 0 0 0 0 0 0 0 0 0 0 0 0 0 0 0 0 0
 0 0 0 0 0 0 0 0 0 0 0 0 0 0 0 0 0 0 0 0 0 0 0 0 0 0 0 0 0 0 0 0 0 0 0 0 0 0 0 0 0 0 0 0 0 0 0 0 0 0 0 0 0 0 0 0 0 0 0 0 0 0 0 0 0 0 0 0 0 0 0 0 0 0 0 0 0 0 0 0 0 0 0 0 0 0 0 0 0 0 0 0 0 0 0 0 0 0 0 0 0 0 0 0 0 0 0 0 0 0 0 0 0 0 0 0 0 0 0 0 0 0 0 0 0 0 0 0 0 0 0 0 0 0 0 0 0 0 0 0 0 0 0 0 0 0 0 0 0 0 0 0 0 0 0 0 0 0 0 0 0 0 0 0 0 0 0 0 0 0 0 0 0 0 0 0 0 0 0 0 0 0 0 0 0 0 0 0 0 0 0 0 0 0 0 0 0 0 0 0 0 0 0 0 0 0 0 0 0 0 0 0 0 0 0 0 0 0 0 0 0 0 0 0 0 0 0 0 0 0 0 0 0 0 0 0 0 0 0 0 0 0 0 0 0 0 0 0 0 0 0 0 0 0 0 0 0 0 0 0 0 0 0 0 0 0 0 0 0 0 0 0 0 0 0 0 0 0 0 0 0 0 0 0 0 0 0 0 0 0 0 0 0 0 0 0 0 0 0 0 0 0 0 0 0 0 0 0 0 0 0 0 0 0 0 0 0 0 0 0 0 0 0 0 0 0 0 0 0 0 0 0 0 0 0 0 0 0 0 0 0 0 0 0 0 0 0 0 0 0 0 0 0 0 0 0 0 0 0 0 0 0 0 0 0 0 0 0 0 0 0 0 0 0 0 0 0 0 0 0 0 0 0 0 0 0 0 0 0 0 0 0 0 0 0 0 0 0 0 0 0 0 0 0 0 0 0 0 0 0 0 0 0 0 0 0 0 0 0 0 0 0 0 0 0 0 0 0 0 0 0 0 0 0 0 0 0 0 0 0 0 0 0 0 0 0 0 0 0 0 0 0 0 0 0 0 0 0 0 0 0 0 0 0 0 0 0 0 0 0 0 0 0 0 0 0 0 0 0 0 0 0 0 0 0 0 0 0 0 0 0 0 0 0 0 0 0 0 0 0 0 0 0 0 0 0 0 0 0 0 0 0 0 0 0 0 0 0 0 0 0 0 0 0 0 0 0 0 0 0 0 0 0 0 0 0 0 0 0 0 0 0 0 0 0 0 0 0 0 0 0 0 0 0 0 0 0 0 0 0 0 0 0 0 0 0 0 0 0 0 0 0 0 0 0 0 0 0 0 0 0 0 0 0 0 0 0 0 0 0 0 0 0 0 0 0 0 0 0 0
 0 0 0 0 0 0 0 0 0 0 0 0 0 0 0 0 0 0 0 0 0 0 0 0 0 0 0 0 0 0 0 0 0 0 0 0 0 0 0 0 0 0 0 0 0 0 0 0 0 0 0 0 0 0 0 0 0 0 0 0 0 0 0 0 0 0 0 0 0 0 0 0 0 0 0 0 0 0 0 0 0 0 0 0 0 0 0 0 0 0 0 0 0 0 0 0 0 0 0 0 0 0 0 0 0 0 0 0 0 0 0 0 0 0 0 0 0 0 0 0 0 0 0 0 0 0 0 0 0 0 0 0 0 0 0 0 0 0 0 0 0 0 0 0 0 0 0 0 0 0 0 0 0 0 0 0 0 0 0 0 0 0 0 0 0 0 0 0 0 0 0 0 0 0 0 0 0 0 0 0 0 0 0 0 0 0 0 0 0 0 0 0 0 0 0 0 0 0 0 0 0 0 0 0 0 0 0 0 0 0 0 0 0 0 0 0 0 0 0 0 0 0 0 0 0 0 0 0 0 0 0 0 0 0 0 0 0 0 0 0 0 0 0 0 0 0 0 0 0 0 0 0 0 0 0 0 0 0 0 0 0 0 0 0 0 0 0 0 0 0 0 0 0 0 0 0 0 0 0 0 0 0 0 0 0 0 0 0 0 0 0 0 0 0 0 0 0 0 0 0 0 0 0 0 0 0 0 0 0 0 0 0 0 0 0 0 0 0 0 0 0 0 0 0 0 0 0 0 0 0 0 0 0 0 0 0 0 0 0 0 0 0 0 0 0 0 0 0 0 0 0 0 0 0 0 0 0 0 0 0 0 0 0 0 0 0 0 0 0 0 0 0 0 0 0 0 0 0 0 0 0 0 0 0 0 0 0 0 0 0 0 0 0 0 0 0 0 0 0 0 0 0 0 0 0 0 0 0 0 0 0 0 0 0 0 0 0 0 0 0 0 0 0 0 0 0 0 0 0 0 0 0 0 0 0 0 0 0 0 0 0 0 0 0 0 0 0 0 0 0 0 0 0 0 0 0 0 0 0 0 0 0 0 0 0 0 0 0 0 0 0 0 0 0 0 0 0 0 0 0 0 0 0 0 0 0 0 0 0 0 0 0 0 0 0 0 0 0 0 0 0 0 0 0 0 0 0 0 0 0 0 0 0 0 0 0 0 0 0 0 0 0 0 0 0 0 0 0 0 0 0 0 0 0 0 0 0 0 0 0 0 0 0 0 0 0 0 0 0 0 0 0 0 0 0 0 0 0 0 0 0 0 0 0 0 0 0 0 0 0 0 0 0 0 0 0 0 0 0 0 0 0 0 0 0 0 0 0 0 0 0 0 0 0 0 0 0 0 0 0
 0 0 0 0 0 0 0 0 0 0 0 0 0 0 0 0 0 0 0 0 0 0 0 0 0 0 0 0 0 0 0 0 0 0 0 0 0 0 0 0 0 0 0 0 0 0 0 0 0 0 0 0 0 0 0 0 0 0 0 0 0 0 0 0 0 0 0 0 0 0 0 0 0 0 0 0 0 0 0 0 0 0 0 0 0 0 0 0 0 0 0 0 0 0 0 0 0 0 0 0 0 0 0 0 0 0 0 0 0 0 0 0 0 0 0 0 0 0 0 0 0 0 0 0 0 0 0 0 0 0 0 0 0 0 0 0 0 0 0 0 0 0 0 0 0 0 0 0 0 0 0 0 0 0 0 0 0 0 0 0 0 0 0 0 0 0 0 0 0 0 0 0 0 0 0 0 0 0 0 0 0 0 0 0 0 0 0 0 0 0 0 0 0 0 0 0 0 0 0 0 0 0 0 0 0 0 0 0 0 0 0 0 0 0 0 0 0 0 0 0 0 0 0 0 0 0 0 0 0 0 0 0 0 0 0 0 0 0 0 0 0 0 0 0 0 0 0 0 0 0 0 0 0 0 0 0 0 0 0 0 0 0 0 0 0 0 0 0 0 0 0 0 0 0 0 0 0 0 0 0 0 0 0 0 0 0 0 0 0 0 0 0 0 0 0 0 0 0 0 0 0 0 0 0 0 0 0 0 0 0 0 0 0 0 0 0 0 0 0 0 0 0 0 0 0 0 0 0 0 0 0 0 0 0.0005520076374523342 0.001863726181909442 0.003946803975850344 0.006831835024058819 0.01049847528338432 0.01495547406375408 0.02016004174947739 0.02612738311290741 0.03292311355471611 0.04060529917478561 0.04919292032718658 0.05874891206622124 0.06927309930324554 0.08080652356147766 0.09335208684206009 0.1068849489092827 0.1213809698820114 0.1368260234594345 0.1532010138034821 0.1703418791294098 0.1880582123994827 0.2063453495502472 0.2251869887113571 0.244491919875145 0.2641832828521729 0.2842195630073547 0.3033476769924164 0.3186792731285095 0.3282840549945831 0.3308537304401398 0.3254941999912262 0.3115021288394928 0.2959270179271698 0.2811306715011597 0.2670741379261017 0.2537204325199127 0.2410344183444977 0.2289827018976212 0.2175335735082626 0.206656888127327 0.1963240504264832 0.1865078508853912 0.1771824657917023 0.1683233380317688 0.1599071770906448 0.1519118249416351 0.1443162262439728 0.137100413441658 0.1302453875541687 0.1237331181764603 0.1175464615225792 0.1116691380739212 0.1060856804251671 0.1007813960313797 0.09574232995510101 0.0909552127122879 0.08640745282173157 0.08208707720041275 0.07798272371292114 0.0740835890173912 0.07037940621376038 0.06686043739318848 0.06351741403341293 0.06034154444932938 0.05732446908950806 0.05445824563503265 0.05173533409833908 0.0491485670208931 0.04669113829731941 0.0443565808236599 0.04213875159621239 0.04003181308507919 0.0380302220582962 0.03612871095538139 0.03432227671146393 0.03260616213083267 0.03097585402429104 0.0294270608574152 0.02795570716261864 0.02655792236328125 0.02523002587258816 0.02396852523088455 0.02277009934186935 0.02163159474730492 0.02055001445114613 0.01952251419425011 0.01854638755321503 0.01761906780302525 0.01673811487853527 0.01590120978653431 0.01510614901781082 0.0143508417531848 0.01363329961895943 0.01295163482427597 0.01230405271053314 0.01168884988874197 0.01110440772026777 0.01054918766021729 0.01002172846347094 0.009520642459392548 0.00904460996389389 0.008592379279434681 0.008162760175764561 0.007754622027277946 0.007366891019046307 0.006998546421527863 0.006648619193583727 0.006316188257187605 0.006000378634780645 0.005700359586626291 0.005415341816842556 0.005144574679434299 0.004887346178293228 0.004642978776246309 0.004410829860717058 0.004190288484096527 0.003980773966759443 0.003781735198572278 0.003592648543417454 0.003413016209378839 0.003242365317419171 0.003080246970057487 0.002926234621554613 0.002779922913759947 0.002640926744788885 0.002508880337700248 0.002383436309173703 0.00226426450535655 0.002151051303371787 0.002043498679995537 0.00194132374599576 0.001844257581979036 0.001752044656313956 0.001664442475885153 0.001581220305524766 0.001502159284427762 0.001427051378414035 0.001355698797851801 0.001287913881242275 0.001223518163897097 0.001162342261523008 0.001104225171729922 0.001049013924784958 0.0009965632343664765 0.000946735090110451 0.0008993983501568437 0.0008544284501112998 0.0008117070537991822 0.0007711217040196061 0.0007325656479224563 0.0006959373713470995 0.0006611404824070632 0.0006280834786593914 0.0005966792814433575 0.0005668452940881252 0.0005385030526667833 0.0005115778767503798 0.0004859989858232439 0.0004616990336216986 0.0004386140790302306 0.0004166833823546767 0.0003958492015954107 0.0003760567342396826 0.0003572538844309747 0.0003393911756575108 0.000322421605233103 0.0003063005278818309 0.0002909855102188885 0.0002764362434390932 0.000262614426901564 0.0002494837099220604 0.0002370095171499997 0.0002251590485684574 0.0002139010903192684 0.0002032060292549431 0.0001930457219714299 0.0001833934366004542 0.0001742237654980272 0.0001655125815887004 0.0001572369510540739 0.0001493751042289659 0.0001419063482899219 0.0001348110381513834 0.0001280704891541973 0.0001216669625137001 0.0001155836143880151 0.0001098044303944334 0.0001043142110574991 9.909849904943258e-05 9.414357191417366e-05 8.94363911356777e-05 8.496457303408533e-05 8.071634510997683e-05 7.668053149245679e-05 7.284650200745091e-05 6.920417945366353e-05 6.574396684300154e-05 6.245676922844723e-05 5.933393185841851e-05 5.636723653879017e-05 5.354887616704218e-05 5.087143290438689e-05 4.832785998587497e-05 4.591146716848016e-05 4.361589526524767e-05 4.143510159337893e-05 3.936334542231634e-05 3.739517705980688e-05 3.552541966200806e-05 3.374914740561508e-05 3.206168912583962e-05 3.045860466954764e-05 2.893567398132291e-05 2.748888982750941e-05 2.611444506328553e-05 2.480872353771701e-05 2.356828736083116e-05 2.238987326563802e-05 2.127037987520453e-05 2.020686042669695e-05 1.919651731441263e-05 1.823669117584359e-05 1.73248572536977e-05 1.645861448196229e-05 1.56356836669147e-05 1.485389930167003e-05 1.411120410921285e-05 1.340564358542906e-05 1.273536145163234e-05 1.209859328810126e-05 1.149366380559513e-05 1.091898047889117e-05 1.037303172779502e-05 9.854380550677888e-06 9.361661795992404e-06 8.893578524293844e-06 8.448899279756006e-06 8.026454452192411e-06 7.62513172958279e-06 7.243875188578386e-06 6.881681656523142e-06 6.53759752822225e-06 6.210717856447445e-06 5.9001818044635e-06 5.605172646028223e-06 5.324914127413649e-06 5.058668648416642e-06 4.805735443369485e-06 4.565448762150481e-06 4.337176505941898e-06 4.120317498745862e-06 3.914301487384364e-06 3.718586413015146e-06 3.532657046889653e-06 3.356024080858333e-06 3.188222763128579e-06 3.02881153402268e-06 2.877370889109443e-06 2.733502242335817e-06 2.596827016532188e-06 2.466985733917682e-06 2.34363642448443e-06 2.226454625997576e-06 2.115131792379543e-06 2.009375293710036e-06 1.908906597236637e-06 1.813461267374805e-06
 0 0 0 0 0 0 0 0 0 0 0 0 0 0 0 0 0 0 0 0 0 0 0 0 0 0 0 0 0 0 0 0 0 0 0 0 0 0 0 0 0 0 0 0 0 0 0 0 0 0 0 0 0 0 0 0 0 0 0 0 0 0 0 0 0 0 0 0 0 0 0 0 0 0 0 0 0 0 0 0 0 0 0 0 0 0 0 0 0 0 0 0 0 0 0 0 0 0 0 0 0 0 0 0 0 0 0 0 0 0 0 0 0 0 0 0 0 0 0 0 0 0 0 0 0 0 0 0 0 0 0 0 0 0 0 0 0 0 0 0 0 0 0 0 0 0 0 0 0 0 0 0 0 0 0 0 0 0 0 0 0 0 0 0 0 0 0 0 0 0 0 0 0 0 0 0 0 0 0 0 0 0 0 0 0 0 0 0 0 0 0 0 0 0 0 0 0 0 0 0 0 0 0 0 0 0 0 0 0 0 0 0 0 0 0 0 0 0 0 0 0 0 0 0 0 0 0 0 0 0 0 0 0 0 0 0 0 0 0 0 0 0 0 0 0 0 0 0 0 0 0 0 0 0 0 0 0 0 0 0 0 0 0 0 0 0 0 0 0 0 0 0 0 0 0 0 0 0 0 0 0 0 0 0 0 0 0 0 0 0 0 0 0 0 0 0 0 0 0 0 0 0 0 0 0 0 0 0 0 0 0 0 0 0 0 0 0 0 0 0 0 0 0 0 0 0 0 0 0 0 0 0 0 0 0 0 0 0 0 0 0 0 0 0 0 0 0 0 0 0 0 0 0 0 0 0 0 0 0 0 0 0 0 0 0 0 0 0 0 0 0 0 0 0 0 0 0 0 0 0 0 0 0 0 0 0 0 0 0 0 0 0 0 0 0 0 0 0 0 0 0 0 0 0 0 0 0 0 0 0 0 0 0 0 0 0 0 0 0 0 0 0 0 0 0 0 0 0 0 0 0 0 0 0 0 0 0 0 0 0 0 0 0 0 0 0 0 0 0 0 0 0 0 0 0 0 0 0 0 0 0 0 0 0 0 0 0 0 0 0 0 0 0 0 0 0 0 0 0 0 0 0 0 0 0 0 0 0 0 0 0 0 0 0 0 0 0 0 0 0 0 0 0 0 0 0 0 0 0 0 0 0 0 0 0 0 0 0 0 0 0 0 0 0 0 0 0 0 0 0 0 0 0 0 0 0 0 0 0 0 0 0 0 0 0 0 0 0 0 0 0 0 0 0 0 0 0 0 0 0 0 0 0 0 0 0 0 0 0 0 0 0 0 0 0 0 0 0 0 0 0 0 0 0 0 0 0 0 0 0 0 0 0 0 0 0 0 0 0 0
 0 0 0 0 0 0 0 0 0 0 0 0 0 0 0 0 0 0 0 0 0 0 0 0 0 0 0 0 0 0 0 0 0 0 0 0 0 0 0 0 0 0 0 0 0 0 0 0 0 0 0 0 0 0 0 0 0 0 0 0 0 0 0 0 0 0 0 0 0 0 0 0 0 0 0 0 0 0 0 0 0 0 0 0 0 0 0 0 0 0 0 0 0 0 0 0 0 0 0 0 0 0 0 0 0 0 0 0 0 0 0 0 0 0 0 0 0 0 0 0 0 0 0 0 0 0 0 0 0 0 0 0 0 0 0 0 0 0 0 0 0 0 0 0 0 0 0 0 0 0 0 0 0 0 0 0 0 0 0 0 0 0 0 0 0 0 0 0 0 0 0 0 0 0 0 0 0 0 0 0 0 0 0 0 0 0 0 0 0 0 0 0 0 0 0 0 0 0 0 0 0 0 0 0 0 0 0 0 0 0 0 0 0 0 0 0 0 0 0 0 0 0 0 0 0 0 0 0 0 0 0 0 0 0 0 0 0 0 0 0 0 0 0 0 0 0 0 0 0 0 0 0 0 0 0 0 0 0 0 0 0 0 0 0 0 0 0 0 0 0 0 0 0 0 0 0 0 0 0 0 0 0 0 0 0 0 0 0 0 0 0 0 0 0 0 0 0 0 0 0 0 0 0 0 0 0 0 0 0 0 0 0 0 0 0 0 0 0 0 0 0 0 0 0 0 0 0 0 0 0 0 0 0 0 0 0 0 0 0 0 0 0 0 0 0 0 0 0 0 0 0 0 0 0 0 0 0 0 0 0 0 0 0 0 0 0 0 0 0 0 0 0 0 0 0 0 0 0 0 0 0 0 0 0 0 0 0 0 0 0 0 0 0 0 0 0 0 0 0 0 0 0 0 0 0 0 0 0 0 0 0 0 0 0 0 0 0 0 0 0 0 0 0 0 0 0 0 0 0 0 0 0 0 0 0 0 0 0 0 0 0 0 0 0 0 0 0 0 0 0 0 0 0 0 0 0 0 0 0 0 0 0 0 0 0 0 0 0 0 0 0 0 0 0 0 0 0 0 0 0 0 0 0 0 0 0 0 0 0 0 0 0 0 0 0 0 0 0 0 0 0 0 0 0 0 0 0 0 0 0 0 0 0 0 0 0 0 0 0 0 0 0 0 0 0 0 0 0 0 0 0 0 0 0 0 0 0 0 0 0 0 0 0 0 0 0 0 0 0 0 0 0 0 0 0 0 0 0 0 0 0 0 0 0 0 0 0 0 0 0 0 0 0 0 0 0 0 0 0 0 0 0 0 0 0 0 0 0 0 0 0 0 0 0 0 0 0 0 0 0
 0 0 0 0 0 0 0 0 0 0 0 0 0 0 0 0 0 0 0 0 0 0 0 0 0 0 0 0 0 0 0 0 0 0 0 0 0 0 0 0 0 0 0 0 0 0 0 0 0 0 0 0 0 0 0 0 0 0 0 0 0 0 0 0 0 0 0 0 0 0 0 0 0 0 0 0 0 0 0 0 0 0 0 0 0 0 0 0 0 0 0 0 0 0 0 0 0 0 0 0 0 0 0 0 0 0 0 0 0 0 0 0 0 0 0 0 0 0 0 0 0 0 0 0 0 0 0 0 0 0 0 0 0 0 0 0 0 0 0 0 0 0 0 0 0 0 0 0 0 0 0 0 0 0 0 0 0 0 0 0 0 0 0 0 0 0 0 0 0 0 0 0 0 0 0 0 0 0 0 0 0 0 0 0 0 0 0 0 0 0 0 0 0 0 0 0 0 0 0 0 0 0 0 0 0 0 0 0 0 0 0 0 0 0 0 0 0 0 0 0 0 0 0 0 0 0 0 0 0 0 0 0 0 0 0 0 0 0 0 0 0 0 0 0 0 0 0 0 0 0 0 0 0 0 0 0 0 0 0 0 0 0 0 0 0 0 0 0 0 0 0 0 0 0 0 0 0 0 0 0 0 0 0 0 0 0 0 0 0 0 0 0 0 0 0 0 0 0 0 0 0 0 0 0 0 0 0 0 0 0 0 0 0 0 0 0 0 0 0 0 0 0 0 0 0 0 0 0 0 0 0 0 0 0 0 0 0 0 0 0 0 0 0 0 0 0 0 0 0 0 0 0 0 0 0 0 0 0 0 0 0 0 0 0 0 0 0 0 0 0 0 0 0 0 0 0 0 0 0 0 0 0 0 0 0 0 0 0 0 0 0 0 0 0 0 0 0 0 0 0 0 0 0 0 0 0 0 0 0 0 0 0 0 0 0 0 0 0 0 0 0 0 0 0 0 0 0 0 0 0 0 0 0 0 0 0 0 0 0 0 0 0 0 0 0 0 0 0 0 0 0 0 0 0 0 0 0 0 0 0 0 0 0 0 0 0 0 0 0 0 0 0 0 0 0 0 0 0 0 0 0 0 0 0 0 0 0 0 0 0 0 0 0 0 0 0 0 0 0 0 0 0 0 0 0 0 0 0 0 0 0 0 0 0 0 0 0 0 0 0 0 0 0 0 0 0 0 0 0 0 0 0 0 0 0 0 0 0 0 0 0 0 0 0 0 0 0 0 0 0 0 0 0 0 0 0 0 0 0 0 0 0 0 0 0 0 0 0 0 0 0 0 0 0 0 0 0 0 0 0 0 0 0 0 0 0 0 0 0 0 0 0 0 0 0 0 0 0 0 0
 0 0 0 0 0 0 0 0 0 0 0 0 0 0 0 0 0 0 0 0 0 0 0 0 0 0 0 0 0 0 0 0 0 0 0 0 0 0 0 0 0 0 0 0 0 0 0 0 0 0 0 0 0 0 0 0 0 0 0 0 0 0 0 0 0 0 0 0 0 0 0 0 0 0 0 0 0 0 0 0 0 0 0 0 0 0 0 0 0 0 0 0 0 0 0 0 0 0 0 0 0 0 0 0 0 0 0 0 0 0 0 0 0 0 0 0 0 0 0 0 0 0 0 0 0 0 0 0 0 0 0 0 0 0 0 0 0 0 0 0 0 0 0 0 0 0 0 0 0 0 0 0 0 0 0 0 0 0 0 0 0 0 0 0 0 0 0 0 0 0 0 0 0 0 0 0 0 0 0 0 0 0 0 0 0 0 0 0 0 0 0 0 0 0 0 0 0 0 0 0 0 0 0 0 0 0 0 0 0 0 0 0 0 0 0 0 0 0 0 0 0 0 0 0 0 0 0 0 0 0 0 0 0 0 0 0 0 0 0 0 0 0 0 0 0 0 0 0 0 0 0 0 0 0 0 0 0 0 0 0 0 0 0 0 0 0 0 0 0 0 0 0 0 0 0 0 0 0 0 0 0 0 0 0 0 0 0 0 0 0 0 0 0 0 0 0 0 0 0 0 0 0 0 0 0 0 0 0 0 0 0 0 0 0 0 0 0 0 0 0 0 0 0 0 0 0 0 0 0 0 0 0 0 0.0005156073602847755 0.001743909204378724 0.003625106066465378 0.006181705743074417 0.009436627849936485 0.01346119493246078 0.01827992871403694 0.02389646507799625 0.03025662153959274 0.03736374154686928 0.04520991444587708 0.05375543609261513 0.06302054226398468 0.07312934100627899 0.08409198373556137 0.0959116518497467 0.1085882857441902 0.1219516396522522 0.1359730511903763 0.1506267189979553 0.1658066809177399 0.1814971715211868 0.1976576447486877 0.2143001407384872 0.231456071138382 0.2490021884441376 0.2669057250022888 0.283069372177124 0.295299619436264 0.3020578324794769 0.3021496832370758 0.2948497235774994 0.2801072299480438 0.2661018669605255 0.2527967691421509 0.2401569336652756 0.2281490862369537 0.2167416363954544 0.205904558300972 0.1956093311309814 0.1858288645744324 0.176537424325943 0.1677105575799942 0.1593250334262848 0.1513587832450867 0.1437908411026001 0.1366012990474701 0.1297712326049805 0.1232826709747314 0.1171185374259949 0.1112626120448112 0.1056994795799255 0.1004145070910454 0.09539378434419632 0.09062409400939941 0.08609288930892944 0.08178824186325073 0.07769882678985596 0.07381388545036316 0.07012318819761276 0.06661702692508698 0.06328617781400681 0.06012186780571938 0.05711577460169792 0.05425998568534851 0.05154698714613914 0.04896963760256767 0.04652115702629089 0.04419510066509247 0.04198534414172173 0.03988607600331306 0.03789177164435387 0.0359971821308136 0.03419732302427292 0.03248745575547218 0.03086308389902115 0.02931992895901203 0.02785393223166466 0.02646123617887497 0.02513817511498928 0.02388126589357853 0.02268720231950283 0.02155284211039543 0.02047519944608212 0.01945143938064575 0.0184788666665554 0.01755492389202118 0.01667717844247818 0.01584331877529621 0.01505115255713463 0.01429859455674887 0.01358366478234529 0.01290448196232319 0.01225925795733929 0.01164629496634007 0.01106397993862629 0.01051078084856272 0.009985242038965225 0.009485979564487934 0.009011680260300636 0.008561096154153347 0.008133041672408581 0.007726389449089766 0.007340069860219955 0.006973066367208958 0.006624413188546896 0.006293192505836487 0.005978533066809177 0.005679606460034847 0.005395626183599234 0.005125844851136208 0.004869552794843912 0.004626075271517038 0.004394771531224251 0.004175032954663038 0.003966281190514565 0.003767967224121094 0.00357956881634891 0.003400590270757675 0.00323056080378592 0.003069032682105899 0.002915580989792943 0.002769801998510957 0.002631312003359199 0.002499746391549706 0.002374759176746011 0.002256021136417985 0.002143220044672489 0.002036059042438865 0.001934256055392325 0.001837543211877346 0.001745666028000414 0.001658382709138095 0.001575463567860425 0.001496690441854298 0.001421855879016221 0.001350763137452304 0.001283225021325052 0.001219063764438033 0.001158110564574599 0.001100205001421273 0.001045194803737104 0.0009929350344464183 0.0009432882652617991 0.0008961238781921566 0.0008513176580891013 0.0008087517926469445 0.0007683142321184278 0.0007298985146917403 0.0006934035918675363 0.0006587334210053086 0.0006257967324927449 0.000594506913330406 0.0005647815414704382 0.000536542444024235 0.0005097153480164707 0.0004842295893467963 0.0004600181127898395 0.0004370172100607306 0.0004151663451921195 0.0003944080381188542 0.0003746876318473369 0.0003559532633516937 0.0003381556016393006 0.0003212478186469525 0.0003051854146178812 0.0002899261307902634 0.0002754298329818994 0.0002616583369672298 0.0002485754084773362 0.0002361466322327033 0.0002243392955278978 0.0002131223300239071 0.000202466209884733 0.0001923428935697302 0.000182725751074031 0.0001735894620651379 0.0001649099867790937 0.0001566644932609051 0.0001488312700530514 0.0001413897116435692 0.000134320231154561 0.0001276042166864499 0.0001212240022141486 0.0001151628021034412 0.0001094046601792797 0.0001039344278979115 9.873770613921806e-05 9.380082337884232e-05 8.911078475648537e-05 8.465524297207594e-05 8.042248373385519e-05 7.640136027475819e-05 7.258129335241392e-05 6.895222759339958e-05 6.550461694132537e-05 6.222938827704638e-05 5.911791959078982e-05 5.616202543023974e-05 5.335392415872775e-05 5.068622704129666e-05 4.815191641682759e-05 4.574432023218833e-05 4.345710476627573e-05 4.128424916416407e-05 3.922003816114739e-05 3.72590366168879e-05 3.539608587743714e-05 3.362628194736317e-05 3.194496821379289e-05 3.034771907550748e-05 2.883033266698476e-05 2.738881630648393e-05 2.601937558210921e-05 2.471840707585216e-05 2.348248744965531e-05 2.230836253147572e-05 2.119294367730618e-05 2.013329685723875e-05 1.91266317415284e-05 1.817029988160357e-05 1.726178561511915e-05 1.639869697100949e-05 1.557876203150954e-05 1.479982347518671e-05 1.405983221047791e-05 1.335684100922663e-05 1.268899904971477e-05 1.20545491881785e-05 1.145182159234537e-05 1.087923010345548e-05 1.033526859828271e-05 9.818505532166455e-06 9.327580301032867e-06 8.861201422405429e-06 8.418141078436747e-06 7.99723420641385e-06 7.597372587042628e-06 7.217503934953129e-06 6.856628715468105e-06 6.513797416118905e-06 6.188107363414019e-06 5.878701813344378e-06 5.584766768151894e-06 5.305528247845359e-06 5.040251835453091e-06 4.788239039044129e-06 4.54882729172823e-06 4.321385858929716e-06 4.105316747882171e-06 3.900051069649635e-06 3.705048584379256e-06 3.519796109685558e-06 3.343806383782066e-06 3.176616019118228e-06 3.017785275005735e-06 2.866896011255449e-06 2.723551233430044e-06 2.58737372860196e-06 2.458004928485025e-06 2.335104682060773e-06 2.218349436589051e-06 2.107432010234334e-06 2.002060455197352e-06 1.901957375594066e-06 1.806859472708311e-06 1.716516521810263e-06
 0 0 0 0 0 0 0 0 0 0 0 0 0 0 0 0 0 0 0 0 0 0 0 0 0 0 0 0 0 0 0 0 0 0 0 0 0 0 0 0 0 0 0 0 0 0 0 0 0 0 0 0 0 0 0 0 0 0 0 0 0 0 0 0 0 0 0 0 0 0 0 0 0 0 0 0 0 0 0 0 0 0 0 0 0 0 0 0 0 0 0 0 0 0 0 0 0 0 0 0 0 0 0 0 0 0 0 0 0 0 0 0 0 0 0 0 0 0 0 0 0 0 0 0 0 0 0 0 0 0 0 0 0 0 0 0 0 0 0 0 0 0 0 0 0 0 0 0 0 0 0 0 0 0 0 0 0 0 0 0 0 0 0 0 0 0 0 0 0 0 0 0 0 0 0 0 0 0 0 0 0 0 0 0 0 0 0 0 0 0 0 0 0 0 0 0 0 0 0 0 0 0 0 0 0 0 0 0 0 0 0 0 0 0 0 0 0 0 0 0 0 0 0 0 0 0 0 0 0 0 0 0 0 0 0 0 0 0 0 0 0 0 0 0 0 0 0 0 0 0 0 0 0 0 0 0 0 0 0 0 0 0 0 0 0 0 0 0 0 0 0 0 0 0 0 0 0 0 0 0 0 0 0 0 0 0 0 0 0 0 0 0 0 0 0 0 0 0 0 0 0 0 0 0 0 0 0 0 0 0 0 0 0 0 0 0 0 0 0 0 0 0 0 0 0 0 0 0 0 0 0 0 0 0 0 0 0 0 0 0 0 0 0 0 0 0 0 0 0 0 0 0 0 0 0 0 0 0 0 0 0 0 0 0 0 0 0 0 0 0 0 0 0 0 0 0 0 0 0 0 0 0 0 0 0 0 0 0 0 0 0 0 0 0 0 0 0 0 0 0 0 0 0 0 0 0 0 0 0 0 0 0 0 0 0 0 0 0 0 0 0 0 0 0 0 0 0 0 0 0 0 0 0 0 0 0 0 0 0 0 0 0 0 0 0 0 0 0 0 0 0 0 0 0 0 0 0 0 0 0 0 0 0 0 0 0 0 0 0 0 0 0 0 0 0 0 0 0 0 0 0 0 0 0 0 0 0 0 0 0 0 0 0 0 0 0 0 0 0 0 0 0 0 0 0 0 0 0 0 0 0 0 0 0 0 0 0 0 0 0 0 0 0 0 0 0 0 0 0 0 0 0 0 0 0 0 0 0 0 0 0 0 0 0 0 0 0 0 0 0 0 0 0 0 0 0 0 0 0 0 0 0 0 0 0 0 0 0 0 0 0 0 0 0 0 0 0 0 0 0 0 0 0 0 0 0 0 0 0 0 0 0 0 0 0 0 0 0 0 0
 0 0 0 0 0 0 0 0 0 0 0 0 0 0 0 0 0 0 0 0 0 0 0 0 0 0 0 0 0 0 0 0 0 0 0 0 0 0 0 0 0 0 0 0 0 0 0 0 0 0 0 0 0 0 0 0 0 0 0 0 0 0 0 0 0 0 0 0 0 0 0 0 0 0 0 0 0 0 0 0 0 0 0 0 0 0 0 0 0 0 0 0 0 0 0 0 0 0 0 0 0 0 0 0 0 0 0 0 0 0 0 0 0 0 0 0 0 0 0 0 0 0 0 0 0 0 0 0 0 0 0 0 0 0 0 0 0 0 0 0 0 0 0 0 0 0 0 0 0 0 0 0 0 0 0 0 0 0 0 0 0 0 0 0 0 0 0 0 0 0 0 0 0 0 0 0 0 0 0 0 0 0 0 0 0 0 0 0 0 0 0 0 0 0 0 0 0 0 0 0 0 0 0 0 0 0 0 0 0 0 0 0 0 0 0 0 0 0 0 0 0 0 0 0 0 0 0 0 0 0 0 0 0 0 0 0 0 0 0 0 0 0 0 0 0 0 0 0 0 0 0 0 0 0 0 0 0 0 0 0 0 0 0 0 0 0 0 0 0 0 0 0 0 0 0 0 0 0 0 0 0 0 0 0 0 0 0 0 0 0 0 0 0 0 0 0 0 0 0 0 0 0 0 0 0 0 0 0 0 0 0 0 0 0 0 0 0 0 0 0 0 0 0 0 0 0 0 0 0 0 0 0 0 0 0 0 0 0 0 0 0 0 0 0 0 0 0 0 0 0 0 0 0 0 0 0 0 0 0 0 0 0 0 0 0 0 0 0 0 0 0 0 0 0 0 0 0 0 0 0 0 0 0 0 0 0 0 0 0 0 0 0 0 0 0 0 0 0 0 0 0 0 0 0 0 0 0 0 0 0 0 0 0 0 0 0 0 0 0 0 0 0 0 0 0 0 0 0 0 0 0 0 0 0 0 0 0 0 0 0 0 0 0 0 0 0 0 0 0 0 0 0 0 0 0 0 0 0 0 0 0 0 0 0 0 0 0 0 0 0 0 0 0 0 0 0 0 0 0 0 0 0 0 0 0 0 0 0 0 0 0 0 0 0 0 0 0 0 0 0 0 0 0 0 0 0 0 0 0 0 0 0 0 0 0 0 0 0 0 0 0 0 0 0 0 0 0 0 0 0 0 0 0 0 0 0 0 0 0 0 0 0 0 0 0 0 0 0 0 0 0 0 0 0 0 0 0 0 0 0 0 0 0 0 0 0 0 0 0 0 0 0 0 0 0 0 0 0 0 0 0 0 0 0 0 0 0 0 0 0 0 0 0 0 0 0 0 0 0 0
 0 0 0 0 0 0 0 0 0 0 0 0 0 0 0 0 0 0 0 0 0 0 0 0 0 0 0 0 0 0 0 0 0 0 0 0 0 0 0 0 0 0 0 0 0 0 0 0 0 0 0 0 0 0 0 0 0 0 0 0 0 0 0 0 0 0 0 0 0 0 0 0 0 0 0 0 0 0 0 0 0 0 0 0 0 0 0 0 0 0 0 0 0 0 0 0 0 0 0 0 0 0 0 0 0 0 0 0 0 0 0 0 0 0 0 0 0 0 0 0 0 0 0 0 0 0 0 0 0 0 0 0 0 0 0 0 0 0 0 0 0 0 0 0 0 0 0 0 0 0 0 0 0 0 0 0 0 0 0 0 0 0 0 0 0 0 0 0 0 0 0 0 0 0 0 0 0 0 0 0 0 0 0 0 0 0 0 0 0 0 0 0 0 0 0 0 0 0 0 0 0 0 0 0 0 0 0 0 0 0 0 0 0 0 0 0 0 0 0 0 0 0 0 0 0 0 0 0 0 0 0 0 0 0 0 0 0 0 0 0 0 0 0 0 0 0 0 0 0 0 0 0 0 0 0 0 0 0 0 0 0 0 0 0 0 0 0 0 0 0 0 0 0 0 0 0 0 0 0 0 0 0 0 0 0 0 0 0 0 0 0 0 0 0 0 0 0 0 0 0 0 0 0 0 0 0 0 0 0 0 0 0 0 0 0 0 0 0 0 0 0 0 0 0 0 0 0 0 0 0 0 0 0 0 0 0 0 0 0 0 0 0 0 0 0 0 0 0 0 0 0 0 0 0 0 0 0 0 0 0 0 0 0 0 0 0 0 0 0 0 0 0 0 0 0 0 0 0 0 0 0 0 0 0 0 0 0 0 0 0 0 0 0 0 0 0 0 0 0 0 0 0 0 0 0 0 0 0 0 0 0 0 0 0 0 0 0 0 0 0 0 0 0 0 0 0 0 0 0 0 0 0 0 0 0 0 0 0 0 0 0 0 0 0 0 0 0 0 0 0 0 0 0 0 0 0 0 0 0 0 0 0 0 0 0 0 0 0 0 0 0 0 0 0 0 0 0 0 0 0 0 0 0 0 0 0 0 0 0 0 0 0 0 0 0 0 0 0 0 0 0 0 0 0 0 0 0 0 0 0 0 0 0 0 0 0 0 0 0 0 0 0 0 0 0 0 0 0 0 0 0 0 0 0 0 0 0 0 0 0 0 0 0 0 0 0 0 0 0 0 0 0 0 0 0 0 0 0 0 0 0 0 0 0 0 0 0 0 0 0 0 0 0 0 0 0 0 0 0 0 0 0 0 0 0 0 0 0 0 0 0 0 0 0 0 0 0 0 0 0
 0 0 0 0 0 0 0 0 0 0 0 0 0 0 0 0 0 0 0 0 0 0 0 0 0 0 0 0 0 0 0 0 0 0 0 0 0 0 0 0 0 0 0 0 0 0 0 0 0 0 0 0 0 0 0 0 0 0 0 0 0 0 0 0 0 0 0 0 0 0 0 0 0 0 0 0 0 0 0 0 0 0 0 0 0 0 0 0 0 0 0 0 0 0 0 0 0 0 0 0 0 0 0 0 0 0 0 0 0 0 0 0 0 0 0 0 0 0 0 0 0 0 0 0 0 0 0 0 0 0 0 0 0 0 0 0 0 0 0 0 0 0 0 0 0 0 0 0 0 0 0 0 0 0 0 0 0 0 0 0 0 0 0 0 0 0 0 0 0 0 0 0 0 0 0 0 0 0 0 0 0 0 0 0 0 0 0 0 0 0 0 0 0 0 0 0 0 0 0 0 0 0 0 0 0 0 0 0 0 0 0 0 0 0 0 0 0 0 0 0 0 0 0 0 0 0 0 0 0 0 0 0 0 0 0 0 0 0 0 0 0 0 0 0 0 0 0 0 0 0 0 0 0 0 0 0 0 0 0 0 0 0 0 0 0 0 0 0 0 0 0 0 0 0 0 0 0 0 0 0 0 0 0 0 0 0 0 0 0 0 0 0 0 0 0 0 0 0 0 0 0 0 0 0 0 0 0 0 0 0 0 0 0 0 0 0 0 0 0 0 0 0 0 0 0 0 0 0 0 0 0 3.58717079507187e-05 0.0007560162921436131 0.002158523071557283 0.004212051164358854 0.00696847215294838 0.01050119008868933 0.01490970142185688 0.02021105773746967 0.0263742133975029 0.03340372443199158 0.04126956313848495 0.05015251040458679 0.06003537029027939 0.07097388058900833 0.08296017348766327 0.09601398557424545 0.1101008504629135 0.1251525431871414 0.1410843282938004 0.1577314734458923 0.1750563383102417 0.1929372102022171 0.211286187171936 0.2300186455249786 0.2491861283779144 0.2686154246330261 0.2882394790649414 0.3064899146556854 0.3206369876861572 0.3287500441074371 0.3295483589172363 0.3220793008804321 0.3059753477573395 0.2906765937805176 0.2761427760124207 0.2623356282711029 0.2492188513278961 0.236757904291153 0.2249200046062469 0.213674008846283 0.2029903084039688 0.1928407996892929 0.1831987649202347 0.174038827419281 0.1653368920087814 0.1570700407028198 0.1492165327072144 0.1417557001113892 0.1346679180860519 0.1279345154762268 0.1215377897024155 0.1154609024524689 0.1096878573298454 0.104203462600708 0.09899328649044037 0.09404361993074417 0.08934143930673599 0.08487436920404434 0.08063065260648727 0.07659912109375 0.0727691650390625 0.06913070380687714 0.06567417085170746 0.06239046156406403 0.05927093699574471 0.05630739033222198 0.05349202081561089 0.05081741884350777 0.04827654734253883 0.04586271941661835 0.04356958344578743 0.04139110445976257 0.03932154923677444 0.03735547140240669 0.03548769652843475 0.03371331095695496 0.03202764689922333 0.0304262638092041 0.02890495024621487 0.02745970338582993 0.0260867178440094 0.02478238195180893 0.02354326285421848 0.02236609905958176 0.02124779485166073 0.02018540538847446 0.01917613483965397 0.01821732893586159 0.01730646193027496 0.01644113846123219 0.01561908144503832 0.01483812741935253 0.01409622095525265 0.01339141000062227 0.01272183936089277 0.01208574697375298 0.0114814592525363 0.01090738642960787 0.01036201696842909 0.009843915700912476 0.009351720102131367 0.008884133771061897 0.008439927361905575 0.008017931133508682 0.007617034483700991 0.007236182689666748 0.006874373648315668 0.006530655082315207 0.006204122211784124 0.005893915891647339 0.005599220283329487 0.005319259129464626 0.005053296219557524 0.004800631199032068 0.004560599569231272 0.004332569427788258 0.004115941002964973 0.003910143859684467 0.003714636666700244 0.003528904868289828 0.003352459520101547 0.003184836590662599 0.003025594865903258 0.002874315017834306 0.00273059937171638 0.0025940693449229 0.002464365912601352 0.002341147512197495 0.002224090043455362 0.002112885471433401 0.002007241128012538 0.00190687901340425 0.001811535097658634 0.001720958389341831 0.00163491046987474 0.001553164911456406 0.001475506694987416 0.001401731395162642 0.001331644831225276 0.001265062601305544 0.001201809500344098 0.001141719054430723 0.001084633055143058 0.001030401443131268 0.0009788813767954707 0.0009299372904933989 0.000883440428879112 0.000839268381241709 0.0007973049650900066 0.000757439702283591 0.0007195677026174963 0.0006835893145762384 0.0006494098342955112 0.0006169393309392035 0.0005860923556610942 0.000556787708774209 0.0005289483233354986 0.0005025009158998728 0.0004773758701048791 0.00045350706204772 0.0004308317147661 0.0004092901363037527 0.0003888256323989481 0.0003693843609653413 0.000350915128365159 0.0003333693603053689 0.0003167008981108665 0.0003008658532053232 0.0002858225489035249 0.0002715314330998808 0.0002579548745416105 0.000245057133724913 0.0002328042755834758 0.0002211640676250681 0.000210105863516219 0.0001996005739783868 0.0001896205503726378 0.0001801395264919847 0.0001711325458018109 0.0001625759177841246 0.0001544471160741523 0.0001467247639084235 0.0001393885322613642 0.0001324191107414663 0.0001257981493836269 0.0001195082440972328 0.0001135328348027542 0.0001078561908798292 0.0001024633820634335 9.734021296026185e-05 9.247320122085512e-05 8.784954115981236e-05 8.345706737600267e-05 7.928421109681949e-05 7.532000017818063e-05 7.155400089686736e-05 6.797630339860916e-05 6.457748531829566e-05 6.134861177997664e-05 5.828118082717992e-05 5.536712342291139e-05 5.259876706986688e-05 4.99688285344746e-05 4.747038838104345e-05 4.509686914389022e-05 4.284202441340312e-05 4.069992428412661e-05 3.866492625093088e-05 3.673167884699069e-05 3.489509617793374e-05 3.315033973194659e-05 3.14928220177535e-05 2.991818109876476e-05 2.84222714981297e-05 2.700115874176845e-05 2.565110116847791e-05 2.436854629195295e-05 2.31501180678606e-05 2.199261143687181e-05 2.089298141072504e-05 1.984833215828985e-05 1.885591518657748e-05 1.791312024579383e-05 1.701746441540308e-05 1.616659210412763e-05 1.535826231702231e-05 1.459034956496907e-05 1.386083204124589e-05 1.3167790712032e-05 1.250940113095567e-05 1.188393071061e-05 1.12897341750795e-05 1.072524719347712e-05 1.018898456095485e-05 9.679535651230253e-06 9.195558959618211e-06 8.735781193536241e-06 8.298991815536283e-06 7.884042133809999e-06 7.489839845220558e-06 7.11534767106059e-06 6.759580173820723e-06 6.421601028705481e-06 6.100521204643883e-06 5.795495326310629e-06 5.505720764631405e-06 5.230434908298776e-06 4.968913344782777e-06 4.720467586594168e-06 4.484444161789725e-06 4.260221885488136e-06 4.047210950375302e-06 3.844850198220229e-06 3.65260757462238e-06 3.469977173153893e-06 3.296478325864882e-06 3.131654466415057e-06 2.975071765831672e-06 2.826318223014823e-06 2.685002300495398e-06 2.550752242314047e-06 2.423214709779131e-06 2.302053871972021e-06 2.18695117837342e-06 2.077603539873962e-06 1.973723328774213e-06 1.875037128229451e-06 1.78128527750232e-06 1.692220962468127e-06
 0 0 0 0 0 0 0 0 0 0 0 0 0 0 0 0 0 0 0 0 0 0 0 0 0 0 0 0 0 0 0 0 0 0 0 0 0 0 0 0 0 0 0 0 0 0 0 0 0 0 0 0 0 0 0 0 0 0 0 0 0 0 0 0 0 0 0 0 0 0 0 0 0 0 0 0 0 0 0 0 0 0 0 0 0 0 0 0 0 0 0 0 0 0 0 0 0 0 0 0 0 0 0 0 0 0 0 0 0 0 0 0 0 0 0 0 0 0 0 0 0 0 0 0 0 0 0 0 0 0 0 0 0 0 0 0 0 0 0 0 0 0 0 0 0 0 0 0 0 0 0 0 0 0 0 0 0 0 0 0 0 0 0 0 0 0 0 0 0 0 0 0 0 0 0 0 0 0 0 0 0 0 0 0 0 0 0 0 0 0 0 0 0 0 0 0 0 0 0 0 0 0 0 0 0 0 0 0 0 0 0 0 0 0 0 0 0 0 0 0 0 0 0 0 0 0 0 0 0 0 0 0 0 0 0 0 0 0 0 0 0 0 0 0 0 0 0 0 0 0 0 0 0 0 0 0 0 0 0 0 0 0 0 0 0 0 0 0 0 0 0 0 0 0 0 0 0 0 0 0 0 0 0 0 0 0 0 0 0 0 0 0 0 0 0 0 0 0 0 0 0 0 0 0 0 0 0 0 0 0 0 0 0 0 0 0 0 0 0 0 0 0 0 0 0 0 0 0 0 0 0 0 0 0 0 0 0 0 0 0 0 0 0 0 0 0 0 0 0 0 0 0 0 0 0 0 0 0 0 0 0 0 0 0 0 0 0 0 0 0 0 0 0 0 0 0 0 0 0 0 0 0 0 0 0 0 0 0 0 0 0 0 0 0 0 0 0 0 0 0 0 0 0 0 0 0 0 0 0 0 0 0 0 0 0 0 0 0 0 0 0 0 0 0 0 0 0 0 0 0 0 0 0 0 0 0 0 0 0 0 0 0 0 0 0 0 0 0 0 0 0 0 0 0 0 0 0 0 0 0 0 0 0 0 0 0 0 0 0 0 0 0 0 0 0 0 0 0 0 0 0 0 0 0 0 0 0 0 0 0 0 0 0 0 0 0 0 0 0 0 0 0 0 0 0 0 0 0 0 0 0 0 0 0 0 0 0 0 0 0 0 0 0 0 0 0 0 0 0 0 0 0 0 0 0 0 0 0 0 0 0 0 0 0 0 0 0 0 0 0 0 0 0 0 0 0 0 0 0 0 0 0 0 0 0 0 0 0 0 0 0 0 0 0 0 0 0 0 0 0 0 0 0 0 0 0 0 0 0 0 0 0 0 0 0 0 0 0 0 0
 0 0 0 0 0 0 0 0 0 0 0 0 0 0 0 0 0 0 0 0 0 0 0 0 0 0 0 0 0 0 0 0 0 0 0 0 0 0 0 0 0 0 0 0 0 0 0 0 0 0 0 0 0 0 0 0 0 0 0 0 0 0 0 0 0 0 0 0 0 0 0 0 0 0 0 0 0 0 0 0 0 0 0 0 0 0 0 0 0 0 0 0 0 0 0 0 0 0 0 0 0 0 0 0 0 0 0 0 0 0 0 0 0 0 0 0 0 0 0 0 0 0 0 0 0 0 0 0 0 0 0 0 0 0 0 0 0 0 0 0 0 0 0 0 0 0 0 0 0 0 0 0 0 0 0 0 0 0 0 0 0 0 0 0 0 0 0 0 0 0 0 0 0 0 0 0 0 0 0 0 0 0 0 0 0 0 0 0 0 0 0 0 0 0 0 0 0 0 0 0 0 0 0 0 0 0 0 0 0 0 0 0 0 0 0 0 0 0 0 0 0 0 0 0 0 0 0 0 0 0 0 0 0 0 0 0 0 0 0 0 0 0 0 0 0 0 0 0 0 0 0 0 0 0 0 0 0 0 0 0 0 0 0 0 0 0 0 0 0 0 0 0 0 0 0 0 0 0 0 0 0 0 0 0 0 0 0 0 0 0 0 0 0 0 0 0 0 0 0 0 0 0 0 0 0 0 0 0 0 0 0 0 0 0 0 0 0 0 0 0 0 0 0 0 0 0 0 0 0 0 0 0 0 0 0 0 0 0 0 0 0 0 0 0 0 0 0 0 0 0 0 0 0 0 0 0 0 0 0 0 0 0 0 0 0 0 0 0 0 0 0 0 0 0 0 0 0 0 0 0 0 0 0 0 0 0 0 0 0 0 0 0 0 0 0 0 0 0 0 0 0 0 0 0 0 0 0 0 0 0 0 0 0 0 0 0 0 0 0 0 0 0 0 0 0 0 0 0 0 0 0 0 0 0 0 0 0 0 0 0 0 0 0 0 0 0 0 0 0 0 0 0 0 0 0 0 0 0 0 0 0 0 0 0 0 0 0 0 0 0 0 0 0 0 0 0 0 0 0 0 0 0 0 0 0 0 0 0 0 0 0 0 0 0 0 0 0 0 0 0 0 0 0 0 0 0 0 0 0 0 0 0 0 0 0 0 0 0 0 0 0 0 0 0 0 0 0 0 0 0 0 0 0 0 0 0 0 0 0 0 0 0 0 0 0 0 0 0 0 0 0 0 0 0 0 0 0 0 0 0 0 0 0 0 0 0 0 0 0 0 0 0 0 0 0 0 0 0 0 0 0 0 0 0 0 0 0 0 0 0 0 0 0 0 0 0 0 0 0 0
 0 0 0 0 0 0 0 0 0 0 0 0 0 0 0 0 0 0 0 0 0 0 0 0 0 0 0 0 0 0 0 0 0 0 0 0 0 0 0 0 0 0 0 0 0 0 0 0 0 0 0 0 0 0 0 0 0 0 0 0 0 0 0 0 0 0 0 0 0 0 0 0 0 0 0 0 0 0 0 0 0 0 0 0 0 0 0 0 0 0 0 0 0 0 0 0 0 0 0 0 0 0 0 0 0 0 0 0 0 0 0 0 0 0 0 0 0 0 0 0 0 0 0 0 0 0 0 0 0 0 0 0 0 0 0 0 0 0 0 0 0 0 0 0 0 0 0 0 0 0 0 0 0 0 0 0 0 0 0 0 0 0 0 0 0 0 0 0 0 0 0 0 0 0 0 0 0 0 0 0 0 0 0 0 0 0 0 0 0 0 0 0 0 0 0 0 0 0 0 0 0 0 0 0 0 0 0 0 0 0 0 0 0 0 0 0 0 0 0 0 0 0 0 0 0 0 0 0 0 0 0 0 0 0 0 0 0 0 0 0 0 0 0 0 0 0 0 0 0 0 0 0 0 0 0 0 0 0 0 0 0 0 0 0 0 0 0 0 0 0 0 0 0 0 0 0 0 0 0 0 0 0 0 0 0 0 0 0 0 0 0 0 0 0 0 0 0 0 0 0 0 0 0 0 0 0 0 0 0 0 0 0 0 0 0 0 0 0 0 0 0 0 0 0 0 0 0 0 0 0 0 0 0 0 0 0 0 0 0 0 0 0 0 0 0 0 0 0 0 0 0 0 0 0 0 0 0 0 0 0 0 0 0 0 0 0 0 0 0 0 0 0 0 0 0 0 0 0 0 0 0 0 0 0 0 0 0 0 0 0 0 0 0 0 0 0 0 0 0 0 0 0 0 0 0 0 0 0 0 0 0 0 0 0 0 0 0 0 0 0 0 0 0 0 0 0 0 0 0 0 0 0 0 0 0 0 0 0 0 0 0 0 0 0 0 0 0 0 0 0 0 0 0 0 0 0 0 0 0 0 0 0 0 0 0 0 0 0 0 0 0 0 0 0 0 0 0 0 0 0 0 0 0 0 0 0 0 0 0 0 0 0 0 0 0 0 0 0 0 0 0 0 0 0 0 0 0 0 0 0 0 0 0 0 0 0 0 0 0 0 0 0 0 0 0 0 0 0 0 0 0 0 0 0 0 0 0 0 0 0 0 0 0 0 0 0 0 0 0 0 0 0 0 0 0 0 0 0 0 0 0 0 0 0 0 0 0 0 0 0 0 0 0 0 0 0 0 0 0 0 0 0 0 0 0 0 0 0 0 0 0 0 0 0 0 0 0 0 0 0
 0 0 0 0 0 0 0 0 0 0 0 0 0 0 0 0 0 0 0 0 0 0 0 0 0 0 0 0 0 0 0 0 0 0 0 0 0 0 0 0 0 0 0 0 0 0 0 0 0 0 0 0 0 0 0 0 0 0 0 0 0 0 0 0 0 0 0 0 0 0 0 0 0 0 0 0 0 0 0 0 0 0 0 0 0 0 0 0 0 0 0 0 0 0 0 0 0 0 0 0 0 0 0 0 0 0 0 0 0 0 0 0 0 0 0 0 0 0 0 0 0 0 0 0 0 0 0 0 0 0 0 0 0 0 0 0 0 0 0 0 0 0 0 0 0 0 0 0 0 0 0 0 0 0 0 0 0 0 0 0 0 0 0 0 0 0 0 0 0 0 0 0 0 0 0 0 0 0 0 0 0 0 0 0 0 0 0 0 0 0 0 0 0 0 0 0 0 0 0 0 0 0 0 0 0 0 0 0 0 0 0 0 0 0 0 0 0 0 0 0 0 0 0 0 0 0 0 0 0 0 0 0 0 0 0 0 0 0 0 0 0 0 0 0 0 0 0 0 0 0 0 0 0 0 0 0 0 0 0 0 0 0 0 0 0 0 0 0 0 0 0 0 0 0 0 0 0 0 0 0 0 0 0 0 0 0 0 0 0 0 0 0 0 0 0 0 0 0 0 0 0 0 0 0 0 0 0 0 0 0 0 0 0 0 0 0 0 0 0 0 0 0 0 0 0 0 0 0 0 0 0 0 0 4.233434810885228e-05 0.0006722650723531842 0.001982456771656871 0.003964603878557682 0.006600179243832827 0.009915949776768684 0.01392347551882267 0.0186008233577013 0.02395087666809559 0.02994918450713158 0.0365617461502552 0.04386499151587486 0.05187827348709106 0.06060183048248291 0.07012971490621567 0.08043844252824783 0.09152431786060333 0.1033669859170914 0.1159164607524872 0.1292240917682648 0.1433432996273041 0.1582092195749283 0.17372165620327 0.1898597329854965 0.2066116333007812 0.2239049077033997 0.2416014671325684 0.2597007751464844 0.2765454053878784 0.2897535264492035 0.2976446747779846 0.2989767789840698 0.2929365634918213 0.2789906859397888 0.2650411427021027 0.2517890930175781 0.2391996383666992 0.227239653468132 0.2158776670694351 0.2050837874412537 0.194829598069191 0.185088112950325 0.1758337020874023 0.1670420169830322 0.1586899161338806 0.1507554203271866 0.1432176530361176 0.1360567659139633 0.1292539238929749 0.1227912306785583 0.1166516691446304 0.110819086432457 0.1052781343460083 0.1000142246484756 0.09501351416110992 0.09026283770799637 0.08574969321489334 0.08146221190690994 0.07738909870386124 0.07351964712142944 0.06984366476535797 0.06635148078203201 0.06303390860557556 0.05988221243023872 0.05688810348510742 0.05404369905591011 0.05134151503443718 0.04877443984150887 0.04633571952581406 0.0440189316868782 0.04181798547506332 0.03972708433866501 0.03774072974920273 0.03585369139909744 0.0340610072016716 0.03235795721411705 0.03074005991220474 0.02920305728912354 0.0277429036796093 0.02635575830936432 0.0250379703938961 0.02378607168793678 0.02259676903486252 0.02146693132817745 0.02039358392357826 0.01937390491366386 0.01840521022677422 0.01748494990170002 0.01661070249974728 0.01578016765415668 0.01499115955084562 0.0142416013404727 0.01352952141314745 0.01285304501652718 0.01221039239317179 0.01159987319260836 0.0110198799520731 0.01046888623386621 0.009945441968739033 0.009448169730603695 0.008975761011242867 0.00852697342634201 0.00810062512755394 0.007695593871176243 0.007310814224183559 0.006945273373275995 0.00659800972789526 0.006268109194934368 0.005954703781753778 0.005656968802213669 0.0053741205483675 0.005105414427816868 0.004850143566727638 0.004607636481523514 0.004377254750579596 0.004158392082899809 0.003950472455471754 0.003752948716282845 0.003565301187336445 0.003387036034837365 0.003217684337869287 0.003056800225749612 0.002903960179537535 0.002758762100711465 0.002620823914185166 0.002489782636985183 0.002365293446928263 0.002247028751298785 0.002134677255526185 0.002027943497523665 0.001926546334289014 0.001830219058319926 0.001738708117045462 0.001651772763580084 0.00156918412540108 0.00149072497151792 0.001416188664734364 0.001345379278063774 0.001278110314160585 0.00121420482173562 0.001153494580648839 0.001095819869078696 0.001041028881445527 0.0009889774955809116 0.0009395286324433982 0.0008925521979108453 0.0008479246171191335 0.0008055283688008785 0.0007652519270777702 0.0007269893540069461 0.0006906398921273649 0.0006561079062521458 0.0006233025342226028 0.0005921373958699405 0.0005625305348075926 0.000534404010977596 0.0005076837842352688 0.0004822995979338884 0.0004581846296787262 0.000435275404015556 0.0004135116469115019 0.0003928360529243946 0.000373194256098941 0.0003545345389284194 0.0003368078032508492 0.000319967424729839 0.0003039690491277725 0.0002887705923058093 0.0002743320656009018 0.0002606154594104737 0.0002475846849847585 0.0002352054580114782 0.0002234451822005212 0.0002122729201801121 0.0002016592770814896 0.0001915763132274151 0.0001819975004764274 0.0001728976203594357 0.0001642527349758893 0.0001560400996822864 0.0001482380903325975 0.0001408261887263507 0.0001337848807452247 0.0001270956418011338 0.000120740856800694 0.0001147038128692657 0.0001089686193154193 0.0001035201858030632 9.834417869569734e-05 9.342697012471035e-05 8.875562343746424e-05 8.431784226559103e-05 8.010194869711995e-05 7.6096854172647e-05 7.22920085536316e-05 6.867740739835426e-05 6.524353375425562e-05 6.198135815793648e-05 5.88822913414333e-05 5.593817695626058e-05 5.314126974553801e-05 5.048420644016005e-05 4.795999484485947e-05 4.556199564831331e-05 4.328389695729129e-05 4.111970338271931e-05 3.906371784978546e-05 3.711053068400361e-05 3.525500505929813e-05 3.34922551701311e-05 3.181764259352349e-05 3.022675991815049e-05 2.871542164939456e-05 2.727964965743013e-05 2.591566772025544e-05 2.46198851527879e-05 2.338889134989586e-05 2.221944669145159e-05 2.110847344738431e-05 2.005305032071192e-05 1.905039789562579e-05 1.809787863749079e-05 1.719298415991943e-05 1.633333522477187e-05 1.55166690092301e-05 1.474083546781912e-05 1.400379369442817e-05 1.330360373685835e-05 1.263842386833858e-05 1.200650240207324e-05 1.140617769124219e-05 1.083586903405376e-05 1.029407576425001e-05 9.779371794138569e-06 9.290402886108495e-06 8.825883014651481e-06 8.384588909393642e-06 7.965359145600814e-06 7.567091415694449e-06 7.188737072283402e-06 6.829300218669232e-06 6.487834980362095e-06 6.16344323134399e-06 5.855270956089953e-06 5.562507340073353e-06 5.284382041281788e-06 5.020162916480331e-06 4.769154656969476e-06 4.530696969595738e-06 4.304162303014891e-06 4.088954028702574e-06 3.884506440954283e-06 3.690281118906569e-06 3.50576715391071e-06 3.330478875795961e-06 3.163954943374847e-06 3.005757207574788e-06 2.855469347196049e-06 2.712695959417033e-06 2.577061195552233e-06 2.448208078931202e-06 2.325797595403856e-06 2.209507783845766e-06 2.09903237191611e-06 1.994080776057672e-06 1.894376737254788e-06 1.799657866285997e-06
 0 0 0 0 0 0 0 0 0 0 0 0 0 0 0 0 0 0 0 0 0 0 0 0 0 0 0 0 0 0 0 0 0 0 0 0 0 0 0 0 0 0 0 0 0 0 0 0 0 0 0 0 0 0 0 0 0 0 0 0 0 0 0 0 0 0 0 0 0 0 0 0 0 0 0 0 0 0 0 0 0 0 0 0 0 0 0 0 0 0 0 0 0 0 0 0 0 0 0 0 0 0 0 0 0 0 0 0 0 0 0 0 0 0 0 0 0 0 0 0 0 0 0 0 0 0 0 0 0 0 0 0 0 0 0 0 0 0 0 0 0 0 0 0 0 0 0 0 0 0 0 0 0 0 0 0 0 0 0 0 0 0 0 0 0 0 0 0 0 0 0 0 0 0 0 0 0 0 0 0 0 0 0 0 0 0 0 0 0 0 0 0 0 0 0 0 0 0 0 0 0 0 0 0 0 0 0 0 0 0 0 0 0 0 0 0 0 0 0 0 0 0 0 0 0 0 0 0 0 0 0 0 0 0 0 0 0 0 0 0 0 0 0 0 0 0 0 0 0 0 0 0 0 0 0 0 0 0 0 0 0 0 0 0 0 0 0 0 0 0 0 0 0 0 0 0 0 0 0 0 0 0 0 0 0 0 0 0 0 0 0 0 0 0 0 0 0 0 0 0 0 0 0 0 0 0 0 0 0 0 0 0 0 0 0 0 0 0 0 0 0 0 0 0 0 0 0 0 0 0 0 0 0 0 0 0 0 0 0 0 0 0 0 0 0 0 0 0 0 0 0 0 0 0 0 0 0 0 0 0 0 0 0 0 0 0 0 0 0 0 0 0 0 0 0 0 0 0 0 0 0 0 0 0 0 0 0 0 0 0 0 0 0 0 0 0 0 0 0 0 0 0 0 0 0 0 0 0 0 0 0 0 0 0 0 0 0 0 0 0 0 0 0 0 0 0 0 0 0 0 0 0 0 0 0 0 0 0 0 0 0 0 0 0 0 0 0 0 0 0 0 0 0 0 0 0 0 0 0 0 0 0 0 0 0 0 0 0 0 0 0 0 0 0 0 0 0 0 0 0 0 0 0 0 0 0 0 0 0 0 0 0 0 0 0 0 0 0 0 0 0 0 0 0 0 0 0 0 0 0 0 0 0 0 0 0 0 0 0 0 0 0 0 0 0 0 0 0 0 0 0 0 0 0 0 0 0 0 0 0 0 0 0 0 0 0 0 0 0 0 0 0 0 0 0 0 0 0 0 0 0 0 0 0 0 0 0 0 0 0 0 0 0 0 0 0 0 0 0 0 0 0 0 0 0 0 0 0 0 0 0 0 0 0 0 0 0 0 0 0
 0 0 0 0 0 0 0 0 0 0 0 0 0 0 0 0 0 0 0 0 0 0 0 0 0 0 0 0 0 0 0 0 0 0 0 0 0 0 0 0 0 0 0 0 0 0 0 0 0 0 0 0 0 0 0 0 0 0 0 0 0 0 0 0 0 0 0 0 0 0 0 0 0 0 0 0 0 0 0 0 0 0 0 0 0 0 0 0 0 0 0 0 0 0 0 0 0 0 0 0 0 0 0 0 0 0 0 0 0 0 0 0 0 0 0 0 0 0 0 0 0 0 0 0 0 0 0 0 0 0 0 0 0 0 0 0 0 0 0 0 0 0 0 0 0 0 0 0 0 0 0 0 0 0 0 0 0 0 0 0 0 0 0 0 0 0 0 0 0 0 0 0 0 0 0 0 0 0 0 0 0 0 0 0 0 0 0 0 0 0 0 0 0 0 0 0 0 0 0 0 0 0 0 0 0 0 0 0 0 0 0 0 0 0 0 0 0 0 0 0 0 0 0 0 0 0 0 0 0 0 0 0 0 0 0 0 0 0 0 0 0 0 0 0 0 0 0 0 0 0 0 0 0 0 0 0 0 0 0 0 0 0 0 0 0 0 0 0 0 0 0 0 0 0 0 0 0 0 0 0 0 0 0 0 0 0 0 0 0 0 0 0 0 0 0 0 0 0 0 0 0 0 0 0 0 0 0 0 0 0 0 0 0 0 0 0 0 0 0 0 0 0 0 0 0 0 0 0 0 0 0 0 0 0 0 0 0 0 0 0 0 0 0 0 0 0 0 0 0 0 0 0 0 0 0 0 0 0 0 0 0 0 0 0 0 0 0 0 0 0 0 0 0 0 0 0 0 0 0 0 0 0 0 0 0 0 0 0 0 0 0 0 0 0 0 0 0 0 0 0 0 0 0 0 0 0 0 0 0 0 0 0 0 0 0 0 0 0 0 0 0 0 0 0 0 0 0 0 0 0 0 0 0 0 0 0 0 0 0 0 0 0 0 0 0 0 0 0 0 0 0 0 0 0 0 0 0 0 0 0 0 0 0 0 0 0 0 0 0 0 0 0 0 0 0 0 0 0 0 0 0 0 0 0 0 0 0 0 0 0 0 0 0 0 0 0 0 0 0 0 0 0 0 0 0 0 0 0 0 0 0 0 0 0 0 0 0 0 0 0 0 0 0 0 0 0 0 0 0 0 0 0 0 0 0 0 0 0 0 0 0 0 0 0 0 0 0 0 0 0 0 0 0 0 0 0 0 0 0 0 0 0 0 0 0 0 0 0 0 0 0 0 0 0 0 0 0 0 0 0 0 0 0 0 0 0 0 0 0 0 0 0 0 0 0 0 0 0 0 0
 0 0 0 0 0 0 0 0 0 0 0 0 0 0 0 0 0 0 0 0 0 0 0 0 0 0 0 0 0 0 0 0 0 0 0 0 0 0 0 0 0 0 0 0 0 0 0 0 0 0 0 0 0 0 0 0 0 0 0 0 0 0 0 0 0 0 0 0 0 0 0 0 0 0 0 0 0 0 0 0 0 0 0 0 0 0 0 0 0 0 0 0 0 0 0 0 0 0 0 0 0 0 0 0 0 0 0 0 0 0 0 0 0 0 0 0 0 0 0 0 0 0 0 0 0 0 0 0 0 0 0 0 0 0 0 0 0 0 0 0 0 0 0 0 0 0 0 0 0 0 0 0 0 0 0 0 0 0 0 0 0 0 0 0 0 0 0 0 0 0 0 0 0 0 0 0 0 0 0 0 0 0 0 0 0 0 0 0 0 0 0 0 0 0 0 0 0 0 0 0 0 0 0 0 0 0 0 0 0 0 0 0 0 0 0 0 0 0 0 0 0 0 0 0 0 0 0 0 0 0 0 0 0 0 0 0 0 0 0 0 0 0 0 0 0 0 0 0 0 0 0 0 0 0 0 0 0 0 0 0 0 0 0 0 0 0 0 0 0 0 0 0 0 0 0 0 0 0 0 0 0 0 0 0 0 0 0 0 0 0 0 0 0 0 0 0 0 0 0 0 0 0 0 0 0 0 0 0 0 0 0 0 0 0 0 0 0 0 0 0 0 0 0 0 0 0 0 0 0 0 0 0 0 0 0 0 0 0 0 0 0 0 0 0 0 0 0 0 0 0 0 0 0 0 0 0 0 0 0 0 0 0 0 0 0 0 0 0 0 0 0 0 0 0 0 0 0 0 0 0 0 0 0 0 0 0 0 0 0 0 0 0 0 0 0 0 0 0 0 0 0 0 0 0 0 0 0 0 0 0 0 0 0 0 0 0 0 0 0 0 0 0 0 0 0 0 0 0 0 0 0 0 0 0 0 0 0 0 0 0 0 0 0 0 0 0 0 0 0 0 0 0 0 0 0 0 0 0 0 0 0 0 0 0 0 0 0 0 0 0 0 0 0 0 0 0 0 0 0 0 0 0 0 0 0 0 0 0 0 0 0 0 0 0 0 0 0 0 0 0 0 0 0 0 0 0 0 0 0 0 0 0 0 0 0 0 0 0 0 0 0 0 0 0 0 0 0 0 0 0 0 0 0 0 0 0 0 0 0 0 0 0 0 0 0 0 0 0 0 0 0 0 0 0 0 0 0 0 0 0 0 0 0 0 0 0 0 0 0 0 0 0 0 0 0 0 0 0 0 0 0 0 0 0 0 0 0 0 0 0 0 0 0 0 0 0 0 0 0 0
 0 0 0 0 0 0 0 0 0 0 0 0 0 0 0 0 0 0 0 0 0 0 0 0 0 0 0 0 0 0 0 0 0 0 0 0 0 0 0 0 0 0 0 0 0 0 0 0 0 0 0 0 0 0 0 0 0 0 0 0 0 0 0 0 0 0 0 0 0 0 0 0 0 0 0 0 0 0 0 0 0 0 0 0 0 0 0 0 0 0 0 0 0 0 0 0 0 0 0 0 0 0 0 0 0 0 0 0 0 0 0 0 0 0 0 0 0 0 0 0 0 0 0 0 0 0 0 0 0 0 0 0 0 0 0 0 0 0 0 0 0 0 0 0 0 0 0 0 0 0 0 0 0 0 0 0 0 0 0 0 0 0 0 0 0 0 0 0 0 0 0 0 0 0 0 0 0 0 0 0 0 0 0 0 0 0 0 0 0 0 0 0 0 0 0 0 0 0 0 0 0 0 0 0 0 0 0 0 0 0 0 0 0 0 0 0 0 0 0 0 0 0 0 0 0 0 0 0 0 0 0 0 0 0 0 0 0 0 0 0 0 0 0 0 0 0 0 0 0 0 0 0 0 0 0 0 0 0 0 0 0 0 0 0 0 0 0 0 0 0 0 0 0 0 0 0 0 0 0 0 0 0 0 0 0 0 0 0 0 0 0 0 0 0 0 0 0 0 0 0 0 0 0 0 0 0 0 0 0 0 0 0 0 0 0 0 0 0 0 0 0 0 0 0 0 0 0 0 0 0 0 0 0.0001648181496420875 0.0009473219397477806 0.002339703030884266 0.004416825249791145 0.007229962851852179 0.01076683029532433 0.01501136459410191 0.01995591819286346 0.02554802596569061 0.03183095529675484 0.03885972127318382 0.04666812345385551 0.05529313161969185 0.06479598581790924 0.07518210262060165 0.08649668842554092 0.09881981462240219 0.1120279878377914 0.1261365115642548 0.1411165297031403 0.1568653434514999 0.1733265370130539 0.1903560608625412 0.2078146189451218 0.2257117927074432 0.2440070062875748 0.2625024020671844 0.281151682138443 0.2968871891498566 0.307691901922226 0.3122808933258057 0.309660941362381 0.2991396486759186 0.2841826677322388 0.2699735462665558 0.2564748823642731 0.2436511367559433 0.2314685732126236 0.219895139336586 0.2089003771543503 0.1984553635120392 0.1885325908660889 0.1791059672832489 0.1701506674289703 0.1616431325674057 0.1535609811544418 0.1458829343318939 0.1385887861251831 0.1316593438386917 0.1250763833522797 0.1188225671648979 0.1128814369440079 0.1072373688220978 0.1018754988908768 0.09678172320127487 0.09194263815879822 0.08734550327062607 0.08297822624444962 0.0788293182849884 0.07488784939050674 0.07114345580339432 0.06758628040552139 0.06420696526765823 0.06099661812186241 0.05794678628444672 0.05504944548010826 0.05229697376489639 0.0496821254491806 0.04719801992177963 0.04483811929821968 0.04259621351957321 0.04046640172600746 0.03844308108091354 0.03652092814445496 0.03469488024711609 0.03296013548970222 0.03131213039159775 0.0297465231269598 0.02825919725000858 0.02684623748064041 0.02550392597913742 0.02422872930765152 0.02301729284226894 0.02186642773449421 0.02077310718595982 0.01973445154726505 0.018747728317976 0.01781034097075462 0.01691982336342335 0.01607383228838444 0.01527014095336199 0.01450663432478905 0.01378130260854959 0.01309223752468824 0.01243762578815222 0.01181574445217848 0.01122495718300343 0.01066370960325003 0.01013052370399237 0.00962399784475565 0.009142798371613026 0.008685658685863018 0.008251375518739223 0.007838807068765163 0.007446866482496262 0.007074523251503706 0.006720797158777714 0.006384757347404957 0.006065519526600838 0.005762243643403053 0.005474131554365158 0.005200425162911415 0.004940404091030359 0.004693383816629648 0.004458714742213488 0.00423577893525362 0.004023990128189325 0.003822790691629052 0.003631651168689132 0.003450068645179272 0.003277565119788051 0.003113686805590987 0.002958002500236034 0.002810102421790361 0.002669597277417779 0.002536117332056165 0.002409311477094889 0.002288845833390951 0.002174403518438339 0.002065683249384165 0.001962399110198021 0.00186427915468812 0.00177106517367065 0.001682511880062521 0.001598386326804757 0.001518466975539923 0.001442543580196798 0.001370416372083127 0.001301895594224334 0.001236800802871585 0.001174960751086473 0.001116212690249085 0.001060402020812035 0.001007381943054497 0.0009570128750056028 0.0009091622196137905 0.0008637041319161654 0.0008205189369618893 0.0007794930133968592 0.0007405183860100806 0.000703492492903024 0.0006683178944513202 0.0006349019822664559 0.0006031568627804518 0.000572999007999897 0.0005443490808829665 0.0005171316443011165 0.0004912750446237624 0.0004667112953029573 0.0004433757276274264 0.0004212069325149059 0.0004001465858891606 0.0003801392449531704 0.0003611322899814695 0.0003430756623856723 0.0003259218647144735 0.0003096257569268346 0.0002941444690804929 0.0002794372558128089 0.0002654653799254447 0.000252192112384364 0.0002395824994891882 0.0002276033774251118 0.000216223212191835 0.0002054120559478179 0.0001951414596987888 0.0001853843859862536 0.0001761151652317494 0.0001673094084253535 0.000158943934366107 0.0001509967405581847 0.0001434469013474882 0.0001362745533697307 0.0001294608227908611 0.0001229877816513181 0.0001168383896583691 0.000110996472358238 0.0001054466483765282 0.0001001743148663081 9.516559657640755e-05 9.040731674758717e-05 8.588695345679298e-05 8.159260323736817e-05 7.751297380309552e-05 7.36373258405365e-05 6.995545845711604e-05 6.645768735324964e-05 6.313480116659775e-05 5.997806147206575e-05 5.697915912605822e-05 5.413019971456379e-05 5.142368900123984e-05 4.885250382358208e-05 4.640987754100934e-05 4.408938548294827e-05 4.188491584500298e-05 3.979066968895495e-05 3.780113547691144e-05 3.591107815736905e-05 3.411552461329848e-05 3.240974911022931e-05 3.078926238231361e-05 2.924979889940005e-05 2.778730959107634e-05 2.639794365677517e-05 2.507804674678482e-05 2.382414459134452e-05 2.263293754367623e-05 2.150129148503765e-05 2.042622691078577e-05 1.940491529239807e-05 1.843466998252552e-05 1.751293712004554e-05 1.663729017309379e-05 1.580542630108539e-05 1.501515544077847e-05 1.426439757779008e-05 1.355117728962796e-05 1.287361828872235e-05 1.222993705596309e-05 1.161844011221547e-05 1.103751856135204e-05 1.048564263328444e-05 9.961360774468631e-06 9.463292371947318e-06 8.990127753349952e-06 8.540620910935104e-06 8.113589501590468e-06 7.707910299359355e-06 7.322514647967182e-06 6.956388915568823e-06 6.608569492527749e-06 6.278140972426627e-06 5.96423387833056e-06 5.66602238905034e-06 5.382721155910986e-06 5.113585302751744e-06 4.857905878452584e-06 4.615010766428895e-06 4.38426013715798e-06 4.165047357673757e-06 3.956794898840599e-06 3.758955244848039e-06 3.571007482605637e-06 3.392457074369304e-06 3.222834266125574e-06 3.061692495975876e-06 2.908607939389185e-06 2.763177462838939e-06 2.625018623803044e-06 2.493767624400789e-06 2.369079311392852e-06 2.250625357191893e-06 2.13809403248888e-06 2.031189296758384e-06 1.929629888763884e-06 1.833148417063057e-06 1.741491018947272e-06
 0 0 0 0 0 0 0 0 0 0 0 0 0 0 0 0 0 0 0 0 0 0 0 0 0 0 0 0 0 0 0 0 0 0 0 0 0 0 0 0 0 0 0 0 0 0 0 0 0 0 0 0 0 0 0 0 0 0 0 0 0 0 0 0 0 0 0 0 0 0 0 0 0 0 0 0 0 0 0 0 0 0 0 0 0 0 0 0 0 0 0 0 0 0 0 0 0 0 0 0 0 0 0 0 0 0 0 0 0 0 0 0 0 0 0 0 0 0 0 0 0 0 0 0 0 0 0 0 0 0 0 0 0 0 0 0 0 0 0 0 0 0 0 0 0 0 0 0 0 0 0 0 0 0 0 0 0 0 0 0 0 0 0 0 0 0 0 0 0 0 0 0 0 0 0 0 0 0 0 0 0 0 0 0 0 0 0 0 0 0 0 0 0 0 0 0 0 0 0 0 0 0 0 0 0 0 0 0 0 0 0 0 0 0 0 0 0 0 0 0 0 0 0 0 0 0 0 0 0 0 0 0 0 0 0 0 0 0 0 0 0 0 0 0 0 0 0 0 0 0 0 0 0 0 0 0 0 0 0 0 0 0 0 0 0 0 0 0 0 0 0 0 0 0 0 0 0 0 0 0 0 0 0 0 0 0 0 0 0 0 0 0 0 0 0 0 0 0 0 0 0 0 0 0 0 0 0 0 0 0 0 0 0 0 0 0 0 0 0 0 0 0 0 0 0 0 0 0 0 0 0 0 0 0 0 0 0 0 0 0 0 0 0 0 0 0 0 0 0 0 0 0 0 0 0 0 0 0 0 0 0 0 0 0 0 0 0 0 0 0 0 0 0 0 0 0 0 0 0 0 0 0 0 0 0 0 0 0 0 0 0 0 0 0 0 0 0 0 0 0 0 0 0 0 0 0 0 0 0 0 0 0 0 0 0 0 0 0 0 0 0 0 0 0 0 0 0 0 0 0 0 0 0 0 0 0 0 0 0 0 0 0 0 0 0 0 0 0 0 0 0 0 0 0 0 0 0 0 0 0 0 0 0 0 0 0 0 0 0 0 0 0 0 0 0 0 0 0 0 0 0 0 0 0 0 0 0 0 0 0 0 0 0 0 0 0 0 0 0 0 0 0 0 0 0 0 0 0 0 0 0 0 0 0 0 0 0 0 0 0 0 0 0 0 0 0 0 0 0 0 0 0 0 0 0 0 0 0 0 0 0 0 0 0 0 0 0 0 0 0 0 0 0 0 0 0 0 0 0 0 0 0 0 0 0 0 0 0 0 0 0 0 0 0 0 0 0 0 0 0 0 0 0 0 0 0 0 0 0 0 0 0 0 0 0 0 0 0 0 0
 0 0 0 0 0 0 0 0 0 0 0 0 0 0 0 0 0 0 0 0 0 0 0 0 0 0 0 0 0 0 0 0 0 0 0 0 0 0 0 0 0 0 0 0 0 0 0 0 0 0 0 0 0 0 0 0 0 0 0 0 0 0 0 0 0 0 0 0 0 0 0 0 0 0 0 0 0 0 0 0 0 0 0 0 0 0 0 0 0 0 0 0 0 0 0 0 0 0 0 0 0 0 0 0 0 0 0 0 0 0 0 0 0 0 0 0 0 0 0 0 0 0 0 0 0 0 0 0 0 0 0 0 0 0 0 0 0 0 0 0 0 0 0 0 0 0 0 0 0 0 0 0 0 0 0 0 0 0 0 0 0 0 0 0 0 0 0 0 0 0 0 0 0 0 0 0 0 0 0 0 0 0 0 0 0 0 0 0 0 0 0 0 0 0 0 0 0 0 0 0 0 0 0 0 0 0 0 0 0 0 0 0 0 0 0 0 0 0 0 0 0 0 0 0 0 0 0 0 0 0 0 0 0 0 0 0 0 0 0 0 0 0 0 0 0 0 0 0 0 0 0 0 0 0 0 0 0 0 0 0 0 0 0 0 0 0 0 0 0 0 0 0 0 0 0 0 0 0 0 0 0 0 0 0 0 0 0 0 0 0 0 0 0 0 0 0 0 0 0 0 0 0 0 0 0 0 0 0 0 0 0 0 0 0 0 0 0 0 0 0 0 0 0 0 0 0 0 0 0 0 0 0 0 0 0 0 0 0 0 0 0 0 0 0 0 0 0 0 0 0 0 0 0 0 0 0 0 0 0 0 0 0 0 0 0 0 0 0 0 0 0 0 0 0 0 0 0 0 0 0 0 0 0 0 0 0 0 0 0 0 0 0 0 0 0 0 0 0 0 0 0 0 0 0 0 0 0 0 0 0 0 0 0 0 0 0 0 0 0 0 0 0 0 0 0 0 0 0 0 0 0 0 0 0 0 0 0 0 0 0 0 0 0 0 0 0 0 0 0 0 0 0 0 0 0 0 0 0 0 0 0 0 0 0 0 0 0 0 0 0 0 0 0 0 0 0 0 0 0 0 0 0 0 0 0 0 0 0 0 0 0 0 0 0 0 0 0 0 0 0 0 0 0 0 0 0 0 0 0 0 0 0 0 0 0 0 0 0 0 0 0 0 0 0 0 0 0 0 0 0 0 0 0 0 0 0 0 0 0 0 0 0 0 0 0 0 0 0 0 0 0 0 0 0 0 0 0 0 0 0 0 0 0 0 0 0 0 0 0 0 0 0 0 0 0 0 0 0 0 0 0 0 0 0 0 0 0 0 0 0 0 0 0 0 0 0 0 0 0 0


# name: r_0_m14_G0_L0p3_D0p7
# type: matrix
# rows: 1
# columns: 14
 0 -14 0.2 0 0.3 0 -8.881921666666665 0 0 0.4216547245041456 0 162.3333333333333 1.032795558988644 0.7




