# Created by Octave 3.8.2, Wed Jul 05 10:40:01 2017 BST <co1ssj@node117>
# name: result
# type: scalar struct
# ndims: 2
 1 1
# length: 3
# name: params
# type: scalar struct
# ndims: 2
 1 1
# length: 18
# name: cleanup
# type: scalar
0


# name: num_runs
# type: scalar
6


# name: dopamine
# type: scalar
0.7


# name: targetCross
# type: scalar
1


# name: targetLuminance
# type: scalar
0.3


# name: targetWidthX
# type: scalar
6


# name: targetWidthY
# type: scalar
2


# name: fixCross
# type: scalar
1


# name: fixLuminance
# type: scalar
0.2


# name: fixWidthX
# type: scalar
6


# name: fixWidthY
# type: scalar
2


# name: fixOn
# type: scalar
0


# name: targetOff
# type: scalar
1


# name: targetOn
# type: scalar
0.2


# name: fixOff
# type: scalar
0.2


# name: targetThetaX
# type: scalar
0


# name: targetThetaY
# type: scalar
-8


# name: exptnum
# type: scalar
0




# name: r_0_m8_G0_L0p3_D0p7_llbn
# type: matrix
# rows: 24
# columns: 600
 0 0 0 0 0 0 0 0 0 0 0 0 0 0 0 0 0 0 0 0 0 0 0 0 0 0 0 0 0 0 0 0 0 0 0 0 0 0 0 0 0 0 0 0 0 0 0 0 0 0 0 0 0 0 0 0 0 0 0 0 0 0 0 0 0 0 0 0 0 0 0 0 0 0 0 0 0 0 0 0 0 0 0 0 0 0 0 0 0 0 0 0 0 0 0 0 0 0 0 0 0 0 0 0 0 0 0 0 0 0 0 0 0 0 0 0 0 0 0 0 0 0 0 0 0 0 0 0 0 0 0 0 0 0 0 0 0 0 0 0 0 0 0 0 0 0 0 0 0 0 0 0 0 0 0 0 0 0 0 0 0 0 0 0 0 0 0 0 0 0 0 0 0 0 0 0 0 0 0 0 0 0 0 0 0 0 0 0 0 0 0 0 0 0 0 0 0 0 0 0 0 0 0 0 0 0 0 0 0 0 0 0 0 0 0 0 0 0 0 0 0 0 0 0 0 0 0 0 0 0 0 0 0 0 0 0 0 0 0 0 0 0 0 0 0 0 0 0 0 0 0 0 0 0 0 0 0 0 0 0 0 0 0 0 0 0 0 0 0 0 0 0 0 0 0 0 0 0 0 0 0 0 0 0 0 0 0 0 0 0 0 0 0 0 0 0 0 0 0 0 0 0 0 0 0 0 0 0 0 0 0 0 0 0 0 0 0 0 0 0 0 0 0 0 0 0 0 0 0 0 0 0 0 0 0 0 0 0 0 0 0 0 0 0 0 0 0 0 0 0 0 0 0 0 0 0 0 0 0 0 0 0 0 0 0 0 0 0 0 0 0 0 0 0 0 0 0 0 0 0 0 0 0 0 0 0 0 0 0 0 0 0 0 0 0 0 0 0 0 0 0 0 0 0 0 0 0 0 0 0 0 0 0 0 0 0 0 0 0 0 0 0 0 0 0 0 0 0 0 0 0 0 0 0 0 0 0 0 0 0 0 0 0 0 0 0 0 0 0 0 0 0 0 0 0 0 0 0 0 0 0 0 0 0 0 0 0 0 0 0 0 0 0 0 0 0 0 0 0 0 0 0 0 0 0 0 0 0 0 0 0 0 0 0 0 0 0 0 0 0 0 0 0 0 0 0 0 0 0 0 0 0 0 0 0 0 0 0 0 0 0 0 0 0 0 0 0 0 0 0 0 0 0 0 0 0 0 0 0 0 0 0 0 0 0 0 0 0 0 0 0 0 0 0 0 0 0 0 0 0 0 0 0 0 0 0 0 0 0 0 0 0 0 0 0 0 0 0 0 0 0 0 0 0 0 0 0 0 0 0 0 0 0 0 0 0 0 0 0 0
 0 0 0 0 0 0 0 0 0 0 0 0 0 0 0 0 0 0 0 0 0 0 0 0 0 0 0 0 0 0 0 0 0 0 0 0 0 0 0 0 0 0 0 0 0 0 0 0 0 0 0 0 0 0 0 0 0 0 0 0 0 0 0 0 0 0 0 0 0 0 0 0 0 0 0 0 0 0 0 0 0 0 0 0 0 0 0 0 0 0 0 0 0 0 0 0 0 0 0 0 0 0 0 0 0 0 0 0 0 0 0 0 0 0 0 0 0 0 0 0 0 0 0 0 0 0 0 0 0 0 0 0 0 0 0 0 0 0 0 0 0 0 0 0 0 0 0 0 0 0 0 0 0 0 0 0 0 0 0 0 0 0 0 0 0 0 0 0 0 0 0 0 0 0 0 0 0 0 0 0 0 0 0 0 0 0 0 0 0 0 0 0 0 0 0 0 0 0 0 0 0 0 0 0 0 0 0 0 0 0 0 0 0 0 0 0 0 0 0 0 0 0 0 0 0 0 0 0 0 0 0 0 0 0 0 0 0 0 0 0 0 0 0 0 0 0 0 0 0 0 0 0 0 0 0 0 0 0 0 0 0 0 0 0 0 0 0 0 0 0 0 0 0 0 0 0 0 0 0 0 0 0 0 0 0 0 0 0 0 0 0 0 0 0 0 0 0 0 0 0 0 0 0 0 0 0 0 0 0 0 0 0 0 0 0 0 0 0 0 0 0 0 5.159656211617403e-05 0.0005415072664618492 0.001467472407966852 0.002819978166371584 0.004600215703248978 0.006791749037802219 0.009385420940816402 0.0123343588784337 0.01564573682844639 0.01928390935063362 0.02320501953363419 0.02741151303052902 0.03185645490884781 0.03648695349693298 0.04131587594747543 0.04636427387595177 0.05162866413593292 0.05707491189241409 0.06266351044178009 0.06840509921312332 0.07431265711784363 0.08039723336696625 0.08662260323762894 0.09297405183315277 0.09944665431976318 0.1060303151607513 0.1127408519387245 0.1195852532982826 0.1265929043292999 0.1337734311819077 0.1410928964614868 0.1485834419727325 0.1551829427480698 0.1595335304737091 0.1606997400522232 0.1581132858991623 0.1513852328062057 0.1438159644603729 0.1366251707077026 0.1297939121723175 0.1233042180538177 0.1171390041708946 0.1112820506095886 0.1057179495692253 0.1004320532083511 0.09541045129299164 0.09063992649316788 0.08610793203115463 0.08180253207683563 0.07771240174770355 0.07382678240537643 0.0701354444026947 0.06662867218255997 0.06329724192619324 0.06013238057494164 0.0571257621049881 0.05426947399973869 0.05155599862337112 0.04897819831967354 0.04652928933501244 0.04420282319188118 0.0419926829636097 0.03989304974675179 0.03789839893579483 0.036003477871418 0.03420330584049225 0.03249314054846764 0.03086848370730877 0.02932505868375301 0.02785880491137505 0.02646586485207081 0.02514257095754147 0.02388544194400311 0.02269116975367069 0.02155661210417747 0.02047878131270409 0.0194548424333334 0.01848210021853447 0.01755799539387226 0.01668009534478188 0.01584609039127827 0.01505378633737564 0.01430109702050686 0.01358604244887829 0.01290674041956663 0.0122614037245512 0.0116483336314559 0.01106591708958149 0.01051262114197016 0.009986990131437778 0.009487641043961048 0.00901325885206461 0.008562595583498478 0.008134465664625168 0.007727742195129395 0.007341355085372925 0.006974287331104279 0.00662557315081358 0.006294294260442257 0.005979579407721758 0.005680600646883249 0.005396570544689894 0.00512674218043685 0.004870404954999685 0.004626884590834379 0.004395540338009596 0.004175763111561537 0.003966975025832653 0.003768626367673278 0.003580195130780339 0.003401185385882854 0.003231126116588712 0.003069569822400808 0.002916091354563832 0.002770286751911044 0.002631772309541702 0.002500183647498488 0.002375174546614289 0.002256415784358978 0.002143594902008772 0.002036415040493011 0.001934594241902232 0.001837864518165588 0.001745971268974245 0.001658672699704766 0.001575739122927189 0.001496952143497765 0.001422104542143643 0.001350999344140291 0.001283449353650212 0.001219276920892298 0.001158313127234578 0.001100397435948253 0.001045377575792372 0.0009931087261065841 0.0009434532839804888 0.0008962806314229965 0.0008514666114933789 0.0008088932954706252 0.0007684486336074769 0.0007300262222997844 0.00069352489663288 0.0006588486721739173 0.0006259062211029232 0.0005946109304204583 0.0005648803780786693 0.0005366363329812884 0.0005098045221529901 0.0004843142814934254 0.0004600985557772219 0.00043709363671951 0.000415238959249109 0.0003944770141970366 0.0003747531736735255 0.0003560155164450407 0.0003382147406227887 0.0003213040181435645 0.0003052388201467693 0.00028997688787058 0.0002754780580289662 0.0002617041463963687 0.0002486189478076994 0.0002361880033276975 0.0002243786002509296 0.0002131596702383831 0.0002025016874540597 0.0001923766103573143 0.0001827577798394486 0.0001736198901198804 0.0001649389014346525 0.0001566919527249411 0.0001488573616370559 0.0001414144935552031 0.0001343437761534005 0.0001276265829801559 0.0001212452552863397 0.0001151829928858206 0.0001094238396035507 0.0001039526468957774 9.87550156423822e-05 9.381726704305038e-05 8.912640623748302e-05 8.467008592560887e-05 8.043658453971148e-05 7.64147553127259e-05 7.259401900228113e-05 6.896432023495436e-05 6.551610567839816e-05 6.224030221346766e-05 5.912828783039004e-05 5.617187343887053e-05 5.336328104021959e-05 5.069511826150119e-05 4.816036380361766e-05 4.575234561343677e-05 4.34647299698554e-05 4.129149237996899e-05 3.92269175790716e-05 3.726557042682543e-05 3.540229226928204e-05 3.363217911100946e-05 3.195057070115581e-05 3.035304143850226e-05 2.883538945752662e-05 2.73936202574987e-05 2.60239394265227e-05 2.472274172760081e-05 2.348660382267553e-05 2.231227335869335e-05 2.119665987265762e-05 2.013682751567103e-05 1.912998595798854e-05 1.817348675103858e-05 1.726481241348665e-05 1.640157097426709e-05 1.558149233460426e-05 1.480241735407617e-05 1.406229603162501e-05 1.335918113909429e-05 1.26912218547659e-05 1.205666103487602e-05 1.145382793765748e-05 1.08811364043504e-05 1.033707940223394e-05 9.820225386647508e-06 9.329213753517251e-06 8.862753020366654e-06 8.419615369348321e-06 7.99863482825458e-06 7.598703177791322e-06 7.218768132588593e-06 6.857829703221796e-06 6.514938377222279e-06 6.189191481098533e-06 5.879731816094136e-06 5.585745384451002e-06 5.306458206177922e-06 5.041135409555864e-06 4.789078502653865e-06 4.549624463834334e-06 4.322143468016293e-06 4.106036158191273e-06 3.900734554918017e-06 3.705697736222646e-06 3.52041274709336e-06 3.344392098370008e-06 3.177172402502038e-06 3.018313691427466e-06 2.867398052330827e-06 2.724028036027448e-06 2.587826656963443e-06 2.458435346852639e-06 2.33551349992922e-06 2.218737790826708e-06 2.107800810335902e-06 2.00241083803121e-06 1.902290250654914e-06 1.807175749490852e-06 1.716816996122361e-06 1.630976157684927e-06 1.549427338431997e-06 1.47195601130079e-06 1.398358222104434e-06 1.32844036215829e-06 1.262018372472085e-06 1.198917402689403e-06 1.13897158371401e-06 1.08202300452831e-06 1.027921825880185e-06 9.76525711848808e-07 9.276994319407095e-07 8.813144631858449e-07 8.372487627639202e-07 7.953863132570405e-07 7.556170089628722e-07 7.178361443038739e-07 6.819443569838768e-07 6.478471163973154e-07
 0 0 0 0 0 0 0 0 0 0 0 0 0 0 0 0 0 0 0 0 0 0 0 0 0 0 0 0 0 0 0 0 0 0 0 0 0 0 0 0 0 0 0 0 0 0 0 0 0 0 0 0 0 0 0 0 0 0 0 0 0 0 0 0 0 0 0 0 0 0 0 0 0 0 0 0 0 0 0 0 0 0 0 0 0 0 0 0 0 0 0 0 0 0 0 0 0 0 0 0 0 0 0 0 0 0 0 0 0 0 0 0 0 0 0 0 0 0 0 0 0 0 0 0 0 0 0 0 0 0 0 0 0 0 0 0 0 0 0 0 0 0 0 0 0 0 0 0 0 0 0 0 0 0 0 0 0 0 0 0 0 0 0 0 0 0 0 0 0 0 0 0 0 0 0 0 0 0 0 0 0 0 0 0 0 0 0 0 0 0 0 0 0 0 0 0 0 0 0 0 0 0 0 0 0 0 0 0 0 0 0 0 0 0 0 0 0 0 0 0 0 0 0 0 0 0 0 0 0 0 0 0 0 0 0 0 0 0 0 0 0 0 0 0 0 0 0 0 0 0 0 0 0 0 0 0 0 0 0 0 0 0 0 0 0 0 0 0 0 0 0 0 0 0 0 0 0 0 0 0 0 0 0 0 0 0 0 0 0 0 0 0 0 0 0 0 0 0 0 0 0 0 0 0 0 0 0 0 0 0 0 0 0 0 0 0 0 0 0 0 0 0 0 0 0 0 0 0 0 0 0 0 0 0 0 0 0 0 0 0 0 0 0 0 0 0 0 0 0 0 0 0 0 0 0 0 0 0 0 0 0 0 0 0 0 0 0 0 0 0 0 0 0 0 0 0 0 0 0 0 0 0 0 0 0 0 0 0 0 0 0 0 0 0 0 0 0 0 0 0 0 0 0 0 0 0 0 0 0 0 0 0 0 0 0 0 0 0 0 0 0 0 0 0 0 0 0 0 0 0 0 0 0 0 0 0 0 0 0 0 0 0 0 0 0 0 0 0 0 0 0 0 0 0 0 0 0 0 0 0 0 0 0 0 0 0 0 0 0 0 0 0 0 0 0 0 0 0 0 0 0 0 0 0 0 0 0 0 0 0 0 0 0 0 0 0 0 0 0 0 0 0 0 0 0 0 0 0 0 0 0 0 0 0 0 0 0 0 0 0 0 0 0 0 0 0 0 0 0 0 0 0 0 0 0 0 0 0 0 0 0 0 0 0 0 0 0 0 0 0 0 0 0 0 0 0 0 0 0 0 0 0 0 0 0 0 0 0 0 0 0 0 0 0 0 0 0 0 0 0 0 0 0 0 0 0 0 0 0 0 0 0 0 0 0 0 0 0 0 0
 0 0 0 0 0 0 0 0 0 0 0 0 0 0 0 0 0 0 0 0 0 0 0 0 0 0 0 0 0 0 0 0 0 0 0 0 0 0 0 0 0 0 0 0 0 0 0 0 0 0 0 0 0 0 0 0 0 0 0 0 0 0 0 0 0 0 0 0 0 0 0 0 0 0 0 0 0 0 0 0 0 0 0 0 0 0 0 0 0 0 0 0 0 0 0 0 0 0 0 0 0 0 0 0 0 0 0 0 0 0 0 0 0 0 0 0 0 0 0 0 0 0 0 0 0 0 0 0 0 0 0 0 0 0 0 0 0 0 0 0 0 0 0 0 0 0 0 0 0 0 0 0 0 0 0 0 0 0 0 0 0 0 0 0 0 0 0 0 0 0 0 0 0 0 0 0 0 0 0 0 0 0 0 0 0 0 0 0 0 0 0 0 0 0 0 0 0 0 0 0 0 0 0 0 0 0 0 0 0 0 0 0 0 0 0 0 0 0 0 0 0 0 0 0 0 0 0 0 0 0 0 0 0 0 0 0 0 0 0 0 0 0 0 0 0 0 0 0 0 0 0 0 0 0 0 0 0 0 0 0 0 0 0 0 0 0 0 0 0 0 0 0 0 0 0 0 0 0 0 0 0 0 0 0 0 0 0 0 0 0 0 0 0 0 0 0 0 0 0 0 0 0 0 0 0 0 0 0 0 0 0 0 0 0 0 0 0 0 0 0 0 0 0 0 0 0 0 0 0 0 0 0 0 0 0 0 0 0 0 0 0 0 0 0 0 0 0 0 0 0 0 0 0 0 0 0 0 0 0 0 0 0 0 0 0 0 0 0 0 0 0 0 0 0 0 0 0 0 0 0 0 0 0 0 0 0 0 0 0 0 0 0 0 0 0 0 0 0 0 0 0 0 0 0 0 0 0 0 0 0 0 0 0 0 0 0 0 0 0 0 0 0 0 0 0 0 0 0 0 0 0 0 0 0 0 0 0 0 0 0 0 0 0 0 0 0 0 0 0 0 0 0 0 0 0 0 0 0 0 0 0 0 0 0 0 0 0 0 0 0 0 0 0 0 0 0 0 0 0 0 0 0 0 0 0 0 0 0 0 0 0 0 0 0 0 0 0 0 0 0 0 0 0 0 0 0 0 0 0 0 0 0 0 0 0 0 0 0 0 0 0 0 0 0 0 0 0 0 0 0 0 0 0 0 0 0 0 0 0 0 0 0 0 0 0 0 0 0 0 0 0 0 0 0 0 0 0 0 0 0 0 0 0 0 0 0 0 0 0 0 0 0 0 0 0 0 0 0 0 0 0 0 0 0 0 0 0 0 0 0 0 0 0 0 0 0 0 0 0 0
 0 0 0 0 0 0 0 0 0 0 0 0 0 0 0 0 0 0 0 0 0 0 0 0 0 0 0 0 0 0 0 0 0 0 0 0 0 0 0 0 0 0 0 0 0 0 0 0 0 0 0 0 0 0 0 0 0 0 0 0 0 0 0 0 0 0 0 0 0 0 0 0 0 0 0 0 0 0 0 0 0 0 0 0 0 0 0 0 0 0 0 0 0 0 0 0 0 0 0 0 0 0 0 0 0 0 0 0 0 0 0 0 0 0 0 0 0 0 0 0 0 0 0 0 0 0 0 0 0 0 0 0 0 0 0 0 0 0 0 0 0 0 0 0 0 0 0 0 0 0 0 0 0 0 0 0 0 0 0 0 0 0 0 0 0 0 0 0 0 0 0 0 0 0 0 0 0 0 0 0 0 0 0 0 0 0 0 0 0 0 0 0 0 0 0 0 0 0 0 0 0 0 0 0 0 0 0 0 0 0 0 0 0 0 0 0 0 0 0 0 0 0 0 0 0 0 0 0 0 0 0 0 0 0 0 0 0 0 0 0 0 0 0 0 0 0 0 0 0 0 0 0 0 0 0 0 0 0 0 0 0 0 0 0 0 0 0 0 0 0 0 0 0 0 0 0 0 0 0 0 0 0 0 0 0 0 0 0 0 0 0 0 0 0 0 0 0 0 0 0 0 0 0 0 0 0 0 0 0 0 0 0 0 0 0 0 0 0 0 0 0 0 0 0 0 0 0 0 0 0 0 0 0 0 0 0 0 0 0 0 0 0 0 0 0 0 0 0 0 0 0 0 0 0 0 0 0 0 0 0 0 0 0 0 0 0 0 0 0 0 0 0 0 0 0 0 0 0 0 0 0 0 0 0 0 0 0 0 0 0 0 0 0 0 0 0 0 0 0 0 0 0 0 0 0 0 0 0 0 0 0 0 0 0 0 0 0 0 0 0 0 0 0 0 0 0 0 0 0 0 0 0 0 0 0 0 0 0 0 0 0 0 0 0 0 0 0 0 0 0 0 0 0 0 0 0 0 0 0 0 0 0 0 0 0 0 0 0 0 0 0 0 0 0 0 0 0 0 0 0 0 0 0 0 0 0 0 0 0 0 0 0 0 0 0 0 0 0 0 0 0 0 0 0 0 0 0 0 0 0 0 0 0 0 0 0 0 0 0 0 0 0 0 0 0 0 0 0 0 0 0 0 0 0 0 0 0 0 0 0 0 0 0 0 0 0 0 0 0 0 0 0 0 0 0 0 0 0 0 0 0 0 0 0 0 0 0 0 0 0 0 0 0 0 0 0 0 0 0 0 0 0 0 0 0 0 0 0 0 0 0 0 0 0 0 0 0 0 0 0
 0 0 0 0 0 0 0 0 0 0 0 0 0 0 0 0 0 0 0 0 0 0 0 0 0 0 0 0 0 0 0 0 0 0 0 0 0 0 0 0 0 0 0 0 0 0 0 0 0 0 0 0 0 0 0 0 0 0 0 0 0 0 0 0 0 0 0 0 0 0 0 0 0 0 0 0 0 0 0 0 0 0 0 0 0 0 0 0 0 0 0 0 0 0 0 0 0 0 0 0 0 0 0 0 0 0 0 0 0 0 0 0 0 0 0 0 0 0 0 0 0 0 0 0 0 0 0 0 0 0 0 0 0 0 0 0 0 0 0 0 0 0 0 0 0 0 0 0 0 0 0 0 0 0 0 0 0 0 0 0 0 0 0 0 0 0 0 0 0 0 0 0 0 0 0 0 0 0 0 0 0 0 0 0 0 0 0 0 0 0 0 0 0 0 0 0 0 0 0 0 0 0 0 0 0 0 0 0 0 0 0 0 0 0 0 0 0 0 0 0 0 0 0 0 0 0 0 0 0 0 0 0 0 0 0 0 0 0 0 0 0 0 0 0 0 0 0 0 0 0 0 0 0 0 0 0 0 0 0 0 0 0 0 0 0 0 0 0 0 0 0 0 0 0 0 0 0 0 0 0 0 0 0 0 0 0 0 0 0 0 0 0 0 0 0 0 0 0 0 0 0 0 0 0 0 0 0 0 0 0 0 0 0 0 0 0 0 0 0 0 0 4.148375592194498e-05 0.0005009551532566547 0.00137952552177012 0.002667725551873446 0.004346615634858608 0.006436006166040897 0.008930942043662071 0.01181589718908072 0.01506632007658482 0.01862578466534615 0.02249068394303322 0.02664684504270554 0.03108937665820122 0.03576250001788139 0.04062923789024353 0.04568656533956528 0.05095067620277405 0.05641908943653107 0.06207979470491409 0.06789298355579376 0.0738668367266655 0.07999727129936218 0.08629521727561951 0.09276123344898224 0.09937836229801178 0.1061305478215218 0.1129802912473679 0.1199231371283531 0.1269778460264206 0.1341580003499985 0.141447052359581 0.148861363530159 0.1554719805717468 0.1597960293292999 0.1609296351671219 0.158287301659584 0.1514975726604462 0.1439226865768433 0.1367265582084656 0.1298902332782745 0.1233957186341286 0.1172259300947189 0.1113646328449249 0.1057964041829109 0.1005065813660622 0.09548125416040421 0.09070719033479691 0.08617182821035385 0.08186323940753937 0.07777007669210434 0.07388157397508621 0.07018749415874481 0.06667812168598175 0.06334421783685684 0.06017700582742691 0.05716815590858459 0.05430974811315536 0.05159426108002663 0.04901454970240593 0.04656382277607918 0.04423563182353973 0.04202384874224663 0.03992265462875366 0.03792652115225792 0.03603019565343857 0.03422868624329567 0.03251725062727928 0.03089138865470886 0.02934681996703148 0.02787947840988636 0.0264855045825243 0.02516122907400131 0.02390316687524319 0.02270800806581974 0.02157260850071907 0.02049397863447666 0.01946927979588509 0.01849581673741341 0.01757102645933628 0.01669247448444366 0.01585785113275051 0.01506495848298073 0.01431171037256718 0.01359612494707108 0.01291631907224655 0.01227050274610519 0.0116569772362709 0.01107412856072187 0.01052042189985514 0.009994400665163994 0.009494680911302567 0.009019946679472923 0.008568949066102505 0.008140501566231251 0.007733476348221302 0.007346802391111851 0.006979462224990129 0.006630489137023687 0.006298964843153954 0.005984016694128513 0.005684815812855959 0.00540057523176074 0.005130546633154154 0.004874019417911768 0.004630318377166986 0.004398802295327187 0.00417886208742857 0.003969918936491013 0.003771422896534204 0.00358285172842443 0.003403709037229419 0.003233523573726416 0.00307184737175703 0.002918255049735308 0.002772342413663864 0.002633725292980671 0.002502039074897766 0.002376937074586749 0.002258090302348137 0.002145185833796859 0.002037926577031612 0.001936030224896967 0.001839228672906756 0.001747267204336822 0.001659903791733086 0.001576908631250262 0.001498063211329281 0.001423160079866648 0.001352002029307187 0.001284401980228722 0.001220181933604181 0.00115917285438627 0.00110121420584619 0.001046153483912349 0.0009938457515090704 0.0009441534639336169 0.0008969457703642547 0.0008520984556525946 0.0008094935328699648 0.0007690188358537853 0.0007305679027922451 0.0006940395105630159 0.0006593375583179295 0.0006263706600293517 0.0005950521444901824 0.0005652995314449072 0.0005370345315895975 0.0005101828137412667 0.0004846736846957356 0.0004604400019161403 0.0004374179989099503 0.0004155471106059849 0.0003947697696276009 0.00037503128987737 0.0003562797210179269 0.0003384657320566475 0.000321542436722666 0.0003054653061553836 0.0002901920524891466 0.0002756824542302638 0.0002618983271531761 0.0002488034078851342 0.0002363632374908775 0.0002245450741611421 0.000213317820453085 0.0002026519359787926 0.0001925193355418742 0.0001828933745855466 0.0001737487036734819 0.0001650612684898078 0.0001568082079757005 0.0001489677961217239 0.0001415194128639996 0.0001344434422207996 0.0001277212722925469 0.0001213352079503238 0.0001152684490079992 0.0001095050247386098 0.0001040297720464878 9.882828453555703e-05 9.388686885358766e-05 8.919252286432311e-05 8.473289926769212e-05 8.049625466810539e-05 7.6471442298498e-05 7.26478683645837e-05 6.901547749293968e-05 6.556470179930329e-05 6.228646816452965e-05 5.917214366490953e-05 5.621353557216935e-05 5.340285861166194e-05 5.073271677247249e-05 4.819608147954568e-05 4.578627704177052e-05 4.349696246208623e-05 4.132211324758828e-05 3.92560068576131e-05 3.729320815182291e-05 3.542854756233282e-05 3.365712109371088e-05 3.19742648571264e-05 3.037555143237114e-05 2.88567734969547e-05 2.74139347311575e-05 2.604323890409432e-05 2.474107714078855e-05 2.350402246520389e-05 2.23288207052974e-05 2.121237957908306e-05 2.015176141867414e-05 1.91441740753362e-05 1.818696546251886e-05 1.727761627989821e-05 1.64137345564086e-05 1.559304837428499e-05 1.481339586462127e-05 1.407272611686494e-05 1.336909008387011e-05 1.270063512492925e-05 1.206560318678385e-05 1.146232261817204e-05 1.088920635083923e-05 1.034474644256989e-05 9.827509529714007e-06 9.336134098703042e-06 8.86932775756577e-06 8.425861778960098e-06 8.004568371688947e-06 7.604339771205559e-06 7.224122782645281e-06 6.862916507088812e-06 6.519770522572799e-06 6.193782155605732e-06 5.884092843189137e-06 5.589888132817578e-06 5.310393589752493e-06 5.044873887527501e-06 4.792630079464288e-06 4.552998689177912e-06 4.325348527345341e-06 4.109081146452809e-06 3.903627202817006e-06 3.708445774464053e-06 3.523023451634799e-06 3.346872290421743e-06 3.179528675900656e-06 3.020552185262204e-06 2.869524678317248e-06 2.726048478507437e-06 2.589746145531535e-06 2.460258883729693e-06 2.337245859962422e-06 2.220383521489566e-06 2.10936423172825e-06 2.003896042879205e-06 1.903701217997877e-06 1.80851611730759e-06 1.718090288704843e-06 1.632185785638285e-06 1.550576484987687e-06 1.473047632316593e-06 1.399395273438131e-06 1.329425458607147e-06 1.262954128833371e-06 1.199806433760386e-06 1.139816163231444e-06 1.082825406228949e-06 1.028684096127108e-06 9.772498970050947e-07 9.283874078391818e-07 8.819680488159065e-07 8.378696634281368e-07 7.959761774145591e-07 7.561773713860021e-07 7.183684829215053e-07 6.824500360380625e-07 6.48327556973527e-07 6.159111762826797e-07
 0 0 0 0 0 0 0 0 0 0 0 0 0 0 0 0 0 0 0 0 0 0 0 0 0 0 0 0 0 0 0 0 0 0 0 0 0 0 0 0 0 0 0 0 0 0 0 0 0 0 0 0 0 0 0 0 0 0 0 0 0 0 0 0 0 0 0 0 0 0 0 0 0 0 0 0 0 0 0 0 0 0 0 0 0 0 0 0 0 0 0 0 0 0 0 0 0 0 0 0 0 0 0 0 0 0 0 0 0 0 0 0 0 0 0 0 0 0 0 0 0 0 0 0 0 0 0 0 0 0 0 0 0 0 0 0 0 0 0 0 0 0 0 0 0 0 0 0 0 0 0 0 0 0 0 0 0 0 0 0 0 0 0 0 0 0 0 0 0 0 0 0 0 0 0 0 0 0 0 0 0 0 0 0 0 0 0 0 0 0 0 0 0 0 0 0 0 0 0 0 0 0 0 0 0 0 0 0 0 0 0 0 0 0 0 0 0 0 0 0 0 0 0 0 0 0 0 0 0 0 0 0 0 0 0 0 0 0 0 0 0 0 0 0 0 0 0 0 0 0 0 0 0 0 0 0 0 0 0 0 0 0 0 0 0 0 0 0 0 0 0 0 0 0 0 0 0 0 0 0 0 0 0 0 0 0 0 0 0 0 0 0 0 0 0 0 0 0 0 0 0 0 0 0 0 0 0 0 0 0 0 0 0 0 0 0 0 0 0 0 0 0 0 0 0 0 0 0 0 0 0 0 0 0 0 0 0 0 0 0 0 0 0 0 0 0 0 0 0 0 0 0 0 0 0 0 0 0 0 0 0 0 0 0 0 0 0 0 0 0 0 0 0 0 0 0 0 0 0 0 0 0 0 0 0 0 0 0 0 0 0 0 0 0 0 0 0 0 0 0 0 0 0 0 0 0 0 0 0 0 0 0 0 0 0 0 0 0 0 0 0 0 0 0 0 0 0 0 0 0 0 0 0 0 0 0 0 0 0 0 0 0 0 0 0 0 0 0 0 0 0 0 0 0 0 0 0 0 0 0 0 0 0 0 0 0 0 0 0 0 0 0 0 0 0 0 0 0 0 0 0 0 0 0 0 0 0 0 0 0 0 0 0 0 0 0 0 0 0 0 0 0 0 0 0 0 0 0 0 0 0 0 0 0 0 0 0 0 0 0 0 0 0 0 0 0 0 0 0 0 0 0 0 0 0 0 0 0 0 0 0 0 0 0 0 0 0 0 0 0 0 0 0 0 0 0 0 0 0 0 0 0 0 0 0 0 0 0 0 0 0 0 0 0 0 0 0 0 0 0 0 0 0 0 0 0 0 0 0 0 0 0 0 0 0 0 0 0 0 0
 0 0 0 0 0 0 0 0 0 0 0 0 0 0 0 0 0 0 0 0 0 0 0 0 0 0 0 0 0 0 0 0 0 0 0 0 0 0 0 0 0 0 0 0 0 0 0 0 0 0 0 0 0 0 0 0 0 0 0 0 0 0 0 0 0 0 0 0 0 0 0 0 0 0 0 0 0 0 0 0 0 0 0 0 0 0 0 0 0 0 0 0 0 0 0 0 0 0 0 0 0 0 0 0 0 0 0 0 0 0 0 0 0 0 0 0 0 0 0 0 0 0 0 0 0 0 0 0 0 0 0 0 0 0 0 0 0 0 0 0 0 0 0 0 0 0 0 0 0 0 0 0 0 0 0 0 0 0 0 0 0 0 0 0 0 0 0 0 0 0 0 0 0 0 0 0 0 0 0 0 0 0 0 0 0 0 0 0 0 0 0 0 0 0 0 0 0 0 0 0 0 0 0 0 0 0 0 0 0 0 0 0 0 0 0 0 0 0 0 0 0 0 0 0 0 0 0 0 0 0 0 0 0 0 0 0 0 0 0 0 0 0 0 0 0 0 0 0 0 0 0 0 0 0 0 0 0 0 0 0 0 0 0 0 0 0 0 0 0 0 0 0 0 0 0 0 0 0 0 0 0 0 0 0 0 0 0 0 0 0 0 0 0 0 0 0 0 0 0 0 0 0 0 0 0 0 0 0 0 0 0 0 0 0 0 0 0 0 0 0 0 0 0 0 0 0 0 0 0 0 0 0 0 0 0 0 0 0 0 0 0 0 0 0 0 0 0 0 0 0 0 0 0 0 0 0 0 0 0 0 0 0 0 0 0 0 0 0 0 0 0 0 0 0 0 0 0 0 0 0 0 0 0 0 0 0 0 0 0 0 0 0 0 0 0 0 0 0 0 0 0 0 0 0 0 0 0 0 0 0 0 0 0 0 0 0 0 0 0 0 0 0 0 0 0 0 0 0 0 0 0 0 0 0 0 0 0 0 0 0 0 0 0 0 0 0 0 0 0 0 0 0 0 0 0 0 0 0 0 0 0 0 0 0 0 0 0 0 0 0 0 0 0 0 0 0 0 0 0 0 0 0 0 0 0 0 0 0 0 0 0 0 0 0 0 0 0 0 0 0 0 0 0 0 0 0 0 0 0 0 0 0 0 0 0 0 0 0 0 0 0 0 0 0 0 0 0 0 0 0 0 0 0 0 0 0 0 0 0 0 0 0 0 0 0 0 0 0 0 0 0 0 0 0 0 0 0 0 0 0 0 0 0 0 0 0 0 0 0 0 0 0 0 0 0 0 0 0 0 0 0 0 0 0 0 0 0 0 0 0 0 0 0 0 0 0 0 0 0 0
 0 0 0 0 0 0 0 0 0 0 0 0 0 0 0 0 0 0 0 0 0 0 0 0 0 0 0 0 0 0 0 0 0 0 0 0 0 0 0 0 0 0 0 0 0 0 0 0 0 0 0 0 0 0 0 0 0 0 0 0 0 0 0 0 0 0 0 0 0 0 0 0 0 0 0 0 0 0 0 0 0 0 0 0 0 0 0 0 0 0 0 0 0 0 0 0 0 0 0 0 0 0 0 0 0 0 0 0 0 0 0 0 0 0 0 0 0 0 0 0 0 0 0 0 0 0 0 0 0 0 0 0 0 0 0 0 0 0 0 0 0 0 0 0 0 0 0 0 0 0 0 0 0 0 0 0 0 0 0 0 0 0 0 0 0 0 0 0 0 0 0 0 0 0 0 0 0 0 0 0 0 0 0 0 0 0 0 0 0 0 0 0 0 0 0 0 0 0 0 0 0 0 0 0 0 0 0 0 0 0 0 0 0 0 0 0 0 0 0 0 0 0 0 0 0 0 0 0 0 0 0 0 0 0 0 0 0 0 0 0 0 0 0 0 0 0 0 0 0 0 0 0 0 0 0 0 0 0 0 0 0 0 0 0 0 0 0 0 0 0 0 0 0 0 0 0 0 0 0 0 0 0 0 0 0 0 0 0 0 0 0 0 0 0 0 0 0 0 0 0 0 0 0 0 0 0 0 0 0 0 0 0 0 0 0 0 0 0 0 0 0 0 0 0 0 0 0 0 0 0 0 0 0 0 0 0 0 0 0 0 0 0 0 0 0 0 0 0 0 0 0 0 0 0 0 0 0 0 0 0 0 0 0 0 0 0 0 0 0 0 0 0 0 0 0 0 0 0 0 0 0 0 0 0 0 0 0 0 0 0 0 0 0 0 0 0 0 0 0 0 0 0 0 0 0 0 0 0 0 0 0 0 0 0 0 0 0 0 0 0 0 0 0 0 0 0 0 0 0 0 0 0 0 0 0 0 0 0 0 0 0 0 0 0 0 0 0 0 0 0 0 0 0 0 0 0 0 0 0 0 0 0 0 0 0 0 0 0 0 0 0 0 0 0 0 0 0 0 0 0 0 0 0 0 0 0 0 0 0 0 0 0 0 0 0 0 0 0 0 0 0 0 0 0 0 0 0 0 0 0 0 0 0 0 0 0 0 0 0 0 0 0 0 0 0 0 0 0 0 0 0 0 0 0 0 0 0 0 0 0 0 0 0 0 0 0 0 0 0 0 0 0 0 0 0 0 0 0 0 0 0 0 0 0 0 0 0 0 0 0 0 0 0 0 0 0 0 0 0 0 0 0 0 0 0 0 0 0 0 0 0 0 0 0 0 0 0 0 0 0
 0 0 0 0 0 0 0 0 0 0 0 0 0 0 0 0 0 0 0 0 0 0 0 0 0 0 0 0 0 0 0 0 0 0 0 0 0 0 0 0 0 0 0 0 0 0 0 0 0 0 0 0 0 0 0 0 0 0 0 0 0 0 0 0 0 0 0 0 0 0 0 0 0 0 0 0 0 0 0 0 0 0 0 0 0 0 0 0 0 0 0 0 0 0 0 0 0 0 0 0 0 0 0 0 0 0 0 0 0 0 0 0 0 0 0 0 0 0 0 0 0 0 0 0 0 0 0 0 0 0 0 0 0 0 0 0 0 0 0 0 0 0 0 0 0 0 0 0 0 0 0 0 0 0 0 0 0 0 0 0 0 0 0 0 0 0 0 0 0 0 0 0 0 0 0 0 0 0 0 0 0 0 0 0 0 0 0 0 0 0 0 0 0 0 0 0 0 0 0 0 0 0 0 0 0 0 0 0 0 0 0 0 0 0 0 0 0 0 0 0 0 0 0 0 0 0 0 0 0 0 0 0 0 0 0 0 0 0 0 0 0 0 0 0 0 0 0 0 0 0 0 0 0 0 0 0 0 0 0 0 0 0 0 0 0 0 0 0 0 0 0 0 0 0 0 0 0 0 0 0 0 0 0 0 0 0 0 0 0 0 0 0 0 0 0 0 0 0 0 0 0 0 0 0 0 0 0 0 0 0 0 0 0 0 0 0 0 0 0 0 0 0.0001065736287273467 0.0006500864983536303 0.001620843075215816 0.003007318358868361 0.004787049256265163 0.006965009495615959 0.00954112596809864 0.01247919164597988 0.01576905511319637 0.01937725394964218 0.0232820138335228 0.02747471258044243 0.03194223716855049 0.03668917343020439 0.04171063378453255 0.04693470522761345 0.05237115919589996 0.05801928788423538 0.06385320425033569 0.06985066086053848 0.07599106431007385 0.08227171003818512 0.08868606388568878 0.09523722529411316 0.1019036248326302 0.1086556687951088 0.1154956147074699 0.1224444061517715 0.1295287758111954 0.1367524713277817 0.1441160589456558 0.151588574051857 0.1579325497150421 0.1617909669876099 0.1623134166002274 0.158944383263588 0.1513226628303528 0.1437565237283707 0.136568695306778 0.1297402679920197 0.1232532560825348 0.1170905902981758 0.1112360581755638 0.1056742519140244 0.1003905385732651 0.09537100791931152 0.09060245752334595 0.08607233315706253 0.0817687138915062 0.07768027484416962 0.07379625737667084 0.07010644674301147 0.06660112738609314 0.06327106803655624 0.0601075142621994 0.05710214003920555 0.05424703285098076 0.05153468251228333 0.0489579476416111 0.04651005193591118 0.04418455064296722 0.04197532311081886 0.03987655788660049 0.0378827303647995 0.03598859533667564 0.03418916463851929 0.03247970715165138 0.03085572272539139 0.02931293658912182 0.0278472900390625 0.02645492553710938 0.02513217926025391 0.02387556992471218 0.02268179133534431 0.02154770120978355 0.02047031559050083 0.01944679953157902 0.01847445964813232 0.01755073666572571 0.01667319983243942 0.01583953946828842 0.01504756230860949 0.01429518405348063 0.01358042471110821 0.01290140300989151 0.01225633267313242 0.01164351589977741 0.01106134057044983 0.01050827372819185 0.009982859715819359 0.009483716450631618 0.009009530767798424 0.008559053763747215 0.008131100796163082 0.007724545896053314 0.007338318508118391 0.006971402559429407 0.006622832268476486 0.006291690748184919 0.005977106280624866 0.005678250920027494 0.00539433816447854 0.005124621093273163 0.004868390038609505 0.004624970722943544 0.004393722396343946 0.0041740364395082 0.003965334501117468 0.003767067799344659 0.003578714327886701 0.003399778623133898 0.003229789668694139 0.003068300196900964 0.002914885291829705 0.002769140992313623 0.002630684059113264 0.002499149879440665 0.002374192466959357 0.002255482831969857 0.002142708748579025 0.002035573357716203 0.001933794701471925 0.001837105024605989 0.001745249726809561 0.001657987246289849 0.001575087895616889 0.001496333512477577 0.001421516877599061 0.001350441016256809 0.001282918965443969 0.001218772958964109 0.001157834311015904 0.001099942601285875 0.001044945442117751 0.0009926981292665005 0.0009430632344447076 0.0008959100814536214 0.0008511145715601742 0.0008085588342510164 0.0007681308779865503 0.0007297243573702872 0.0006932381656952202 0.0006585762603208423 0.0006256474298425019 0.0005943650612607598 0.0005646467907354236 0.0005364144453778863 0.0005095937522128224 0.0004841140762437135 0.0004599083622451872 0.0004369129310362041 0.0004150672757532448 0.0003943139163311571 0.0003745982248801738 0.0003558683092705905 0.0003380748967174441 0.0003211711591575295 0.0003051125968340784 0.0002898569800890982 0.0002753641456365585 0.0002615959383547306 0.0002485161530785263 0.0002360903454245999 0.0002242858317913488 0.0002130715438397601 0.0002024179702857509 0.0001922970695886761 0.0001826822117436677 0.0001735481055220589 0.0001648706966079772 0.0001566271675983444 0.0001487958070356399 0.0001413560239598155 0.0001342882169410586 0.0001275738031836227 0.0001211951166624203 0.0001151353644672781 0.0001093785976991057 0.0001039096678141505 9.871418296825141e-05 9.377847163705155e-05 8.908954623620957e-05 8.463506674161181e-05 8.040331158554181e-05 7.638314855284989e-05 7.256399112520739e-05 6.893579120514914e-05 6.548900273628533e-05 6.221455259947106e-05 5.910382606089115e-05 5.614863403025083e-05 5.334120214683935e-05 5.06741416756995e-05 4.814043495571241e-05 4.573341357172467e-05 4.344674380263314e-05 4.127440479351208e-05 3.921068491763435e-05 3.725014903466217e-05 3.538764212862588e-05 3.361826020409353e-05 3.193734664819203e-05 3.034047949768137e-05 2.882345506804995e-05 2.73822824965464e-05 2.601316919026431e-05 2.471250991220586e-05 2.347688496229239e-05 2.230304016848095e-05 2.118788870575372e-05 2.012849472521339e-05 1.912206971610431e-05 1.816596704884432e-05 1.725766924209893e-05 1.639478614379186e-05 1.55750476551475e-05 1.479629554523854e-05 1.405648072250187e-05 1.335365686827572e-05 1.268597407033667e-05 1.20516751849209e-05 1.144909128925065e-05 1.087663713406073e-05 1.033280568663031e-05 9.816165402298793e-06 9.325357495981734e-06 8.859089575707912e-06 8.416134733124636e-06 7.995327905518934e-06 7.595561328344047e-06 7.215783170977375e-06 6.854993898741668e-06 6.512243999168277e-06 6.186631708260393e-06 5.877300282008946e-06 5.583435267908499e-06 5.304263595462544e-06 5.039050392952049e-06 4.787098077940755e-06 4.547743174043717e-06 4.320355856179958e-06 4.104338131583063e-06 3.899121111317072e-06 3.704165010276483e-06 3.518956873449497e-06 3.343008984302287e-06 3.175858637405327e-06 3.017065637322958e-06 2.866212298613391e-06 2.722901626839302e-06 2.586756636446808e-06 2.457418759149732e-06 2.334547843929613e-06 2.21782056541997e-06 2.106929514411604e-06 2.001582970478921e-06 1.901503765111556e-06 1.806428599593346e-06 1.716107135507627e-06 1.630301767363562e-06 1.548786713101435e-06 1.471347331971629e-06 1.397780010847782e-06 1.327891027358419e-06 1.261496436200105e-06 1.198421614390099e-06 1.13850057914533e-06 1.081575533135037e-06 1.027496750793944e-06 9.761218962012208e-07 9.273157957068179e-07 8.809499831841094e-07 8.369024726562202e-07 7.95057360392093e-07 7.553044838459755e-07 7.175392511271639e-07 6.816622999394895e-07 6.475792133642244e-07 6.152002356429875e-07
 0 0 0 0 0 0 0 0 0 0 0 0 0 0 0 0 0 0 0 0 0 0 0 0 0 0 0 0 0 0 0 0 0 0 0 0 0 0 0 0 0 0 0 0 0 0 0 0 0 0 0 0 0 0 0 0 0 0 0 0 0 0 0 0 0 0 0 0 0 0 0 0 0 0 0 0 0 0 0 0 0 0 0 0 0 0 0 0 0 0 0 0 0 0 0 0 0 0 0 0 0 0 0 0 0 0 0 0 0 0 0 0 0 0 0 0 0 0 0 0 0 0 0 0 0 0 0 0 0 0 0 0 0 0 0 0 0 0 0 0 0 0 0 0 0 0 0 0 0 0 0 0 0 0 0 0 0 0 0 0 0 0 0 0 0 0 0 0 0 0 0 0 0 0 0 0 0 0 0 0 0 0 0 0 0 0 0 0 0 0 0 0 0 0 0 0 0 0 0 0 0 0 0 0 0 0 0 0 0 0 0 0 0 0 0 0 0 0 0 0 0 0 0 0 0 0 0 0 0 0 0 0 0 0 0 0 0 0 0 0 0 0 0 0 0 0 0 0 0 0 0 0 0 0 0 0 0 0 0 0 0 0 0 0 0 0 0 0 0 0 0 0 0 0 0 0 0 0 0 0 0 0 0 0 0 0 0 0 0 0 0 0 0 0 0 0 0 0 0 0 0 0 0 0 0 0 0 0 0 0 0 0 0 0 0 0 0 0 0 0 0 0 0 0 0 0 0 0 0 0 0 0 0 0 0 0 0 0 0 0 0 0 0 0 0 0 0 0 0 0 0 0 0 0 0 0 0 0 0 0 0 0 0 0 0 0 0 0 0 0 0 0 0 0 0 0 0 0 0 0 0 0 0 0 0 0 0 0 0 0 0 0 0 0 0 0 0 0 0 0 0 0 0 0 0 0 0 0 0 0 0 0 0 0 0 0 0 0 0 0 0 0 0 0 0 0 0 0 0 0 0 0 0 0 0 0 0 0 0 0 0 0 0 0 0 0 0 0 0 0 0 0 0 0 0 0 0 0 0 0 0 0 0 0 0 0 0 0 0 0 0 0 0 0 0 0 0 0 0 0 0 0 0 0 0 0 0 0 0 0 0 0 0 0 0 0 0 0 0 0 0 0 0 0 0 0 0 0 0 0 0 0 0 0 0 0 0 0 0 0 0 0 0 0 0 0 0 0 0 0 0 0 0 0 0 0 0 0 0 0 0 0 0 0 0 0 0 0 0 0 0 0 0 0 0 0 0 0 0 0 0 0 0 0 0 0 0 0 0 0 0 0 0 0 0 0 0 0 0 0 0 0 0 0 0 0 0 0 0 0 0 0 0 0 0 0 0 0 0 0
 0 0 0 0 0 0 0 0 0 0 0 0 0 0 0 0 0 0 0 0 0 0 0 0 0 0 0 0 0 0 0 0 0 0 0 0 0 0 0 0 0 0 0 0 0 0 0 0 0 0 0 0 0 0 0 0 0 0 0 0 0 0 0 0 0 0 0 0 0 0 0 0 0 0 0 0 0 0 0 0 0 0 0 0 0 0 0 0 0 0 0 0 0 0 0 0 0 0 0 0 0 0 0 0 0 0 0 0 0 0 0 0 0 0 0 0 0 0 0 0 0 0 0 0 0 0 0 0 0 0 0 0 0 0 0 0 0 0 0 0 0 0 0 0 0 0 0 0 0 0 0 0 0 0 0 0 0 0 0 0 0 0 0 0 0 0 0 0 0 0 0 0 0 0 0 0 0 0 0 0 0 0 0 0 0 0 0 0 0 0 0 0 0 0 0 0 0 0 0 0 0 0 0 0 0 0 0 0 0 0 0 0 0 0 0 0 0 0 0 0 0 0 0 0 0 0 0 0 0 0 0 0 0 0 0 0 0 0 0 0 0 0 0 0 0 0 0 0 0 0 0 0 0 0 0 0 0 0 0 0 0 0 0 0 0 0 0 0 0 0 0 0 0 0 0 0 0 0 0 0 0 0 0 0 0 0 0 0 0 0 0 0 0 0 0 0 0 0 0 0 0 0 0 0 0 0 0 0 0 0 0 0 0 0 0 0 0 0 0 0 0 0 0 0 0 0 0 0 0 0 0 0 0 0 0 0 0 0 0 0 0 0 0 0 0 0 0 0 0 0 0 0 0 0 0 0 0 0 0 0 0 0 0 0 0 0 0 0 0 0 0 0 0 0 0 0 0 0 0 0 0 0 0 0 0 0 0 0 0 0 0 0 0 0 0 0 0 0 0 0 0 0 0 0 0 0 0 0 0 0 0 0 0 0 0 0 0 0 0 0 0 0 0 0 0 0 0 0 0 0 0 0 0 0 0 0 0 0 0 0 0 0 0 0 0 0 0 0 0 0 0 0 0 0 0 0 0 0 0 0 0 0 0 0 0 0 0 0 0 0 0 0 0 0 0 0 0 0 0 0 0 0 0 0 0 0 0 0 0 0 0 0 0 0 0 0 0 0 0 0 0 0 0 0 0 0 0 0 0 0 0 0 0 0 0 0 0 0 0 0 0 0 0 0 0 0 0 0 0 0 0 0 0 0 0 0 0 0 0 0 0 0 0 0 0 0 0 0 0 0 0 0 0 0 0 0 0 0 0 0 0 0 0 0 0 0 0 0 0 0 0 0 0 0 0 0 0 0 0 0 0 0 0 0 0 0 0 0 0 0 0 0 0 0 0 0 0 0 0 0
 0 0 0 0 0 0 0 0 0 0 0 0 0 0 0 0 0 0 0 0 0 0 0 0 0 0 0 0 0 0 0 0 0 0 0 0 0 0 0 0 0 0 0 0 0 0 0 0 0 0 0 0 0 0 0 0 0 0 0 0 0 0 0 0 0 0 0 0 0 0 0 0 0 0 0 0 0 0 0 0 0 0 0 0 0 0 0 0 0 0 0 0 0 0 0 0 0 0 0 0 0 0 0 0 0 0 0 0 0 0 0 0 0 0 0 0 0 0 0 0 0 0 0 0 0 0 0 0 0 0 0 0 0 0 0 0 0 0 0 0 0 0 0 0 0 0 0 0 0 0 0 0 0 0 0 0 0 0 0 0 0 0 0 0 0 0 0 0 0 0 0 0 0 0 0 0 0 0 0 0 0 0 0 0 0 0 0 0 0 0 0 0 0 0 0 0 0 0 0 0 0 0 0 0 0 0 0 0 0 0 0 0 0 0 0 0 0 0 0 0 0 0 0 0 0 0 0 0 0 0 0 0 0 0 0 0 0 0 0 0 0 0 0 0 0 0 0 0 0 0 0 0 0 0 0 0 0 0 0 0 0 0 0 0 0 0 0 0 0 0 0 0 0 0 0 0 0 0 0 0 0 0 0 0 0 0 0 0 0 0 0 0 0 0 0 0 0 0 0 0 0 0 0 0 0 0 0 0 0 0 0 0 0 0 0 0 0 0 0 0 0 0 0 0 0 0 0 0 0 0 0 0 0 0 0 0 0 0 0 0 0 0 0 0 0 0 0 0 0 0 0 0 0 0 0 0 0 0 0 0 0 0 0 0 0 0 0 0 0 0 0 0 0 0 0 0 0 0 0 0 0 0 0 0 0 0 0 0 0 0 0 0 0 0 0 0 0 0 0 0 0 0 0 0 0 0 0 0 0 0 0 0 0 0 0 0 0 0 0 0 0 0 0 0 0 0 0 0 0 0 0 0 0 0 0 0 0 0 0 0 0 0 0 0 0 0 0 0 0 0 0 0 0 0 0 0 0 0 0 0 0 0 0 0 0 0 0 0 0 0 0 0 0 0 0 0 0 0 0 0 0 0 0 0 0 0 0 0 0 0 0 0 0 0 0 0 0 0 0 0 0 0 0 0 0 0 0 0 0 0 0 0 0 0 0 0 0 0 0 0 0 0 0 0 0 0 0 0 0 0 0 0 0 0 0 0 0 0 0 0 0 0 0 0 0 0 0 0 0 0 0 0 0 0 0 0 0 0 0 0 0 0 0 0 0 0 0 0 0 0 0 0 0 0 0 0 0 0 0 0 0 0 0 0 0 0 0 0 0 0 0 0 0 0 0 0 0 0 0 0
 0 0 0 0 0 0 0 0 0 0 0 0 0 0 0 0 0 0 0 0 0 0 0 0 0 0 0 0 0 0 0 0 0 0 0 0 0 0 0 0 0 0 0 0 0 0 0 0 0 0 0 0 0 0 0 0 0 0 0 0 0 0 0 0 0 0 0 0 0 0 0 0 0 0 0 0 0 0 0 0 0 0 0 0 0 0 0 0 0 0 0 0 0 0 0 0 0 0 0 0 0 0 0 0 0 0 0 0 0 0 0 0 0 0 0 0 0 0 0 0 0 0 0 0 0 0 0 0 0 0 0 0 0 0 0 0 0 0 0 0 0 0 0 0 0 0 0 0 0 0 0 0 0 0 0 0 0 0 0 0 0 0 0 0 0 0 0 0 0 0 0 0 0 0 0 0 0 0 0 0 0 0 0 0 0 0 0 0 0 0 0 0 0 0 0 0 0 0 0 0 0 0 0 0 0 0 0 0 0 0 0 0 0 0 0 0 0 0 0 0 0 0 0 0 0 0 0 0 0 0 0 0 0 0 0 0 0 0 0 0 0 0 0 0 0 0 0 0 0 0 0 0 0 0 0 0 0 0 0 0 0 0 0 0 0 0 0 0 0 0 0 0 0 0 0 0 0 0 0 0 0 0 0 0 0 0 0 0 0 0 0 0 0 0 0 0 0 0 0 0 0 0 0 0 0 0 0 0 0 0 0 0 0 0 0 0 0 0 0 0 0 0 6.511063838843256e-05 0.0005192685057409108 0.001385965617373586 0.0026570875197649 0.004322200547903776 0.006374753545969725 0.008836532011628151 0.01169085316359997 0.01491817459464073 0.01845934800803661 0.02231040596961975 0.02644705027341843 0.03085293807089329 0.03554240614175797 0.04051214829087257 0.04574663192033768 0.05115734040737152 0.05673148483037949 0.06249577552080154 0.06843822449445724 0.0745546743273735 0.08081349730491638 0.08720739185810089 0.09375657886266708 0.1004791036248207 0.1073625013232231 0.1143844500184059 0.121531255543232 0.1287790387868881 0.1361201107501984 0.1435631811618805 0.1510797142982483 0.157775804400444 0.1621979475021362 0.163367748260498 0.1606782078742981 0.1537569314241409 0.1460690796375275 0.1387656331062317 0.1318273544311523 0.125235989689827 0.1189741939306259 0.1130254864692688 0.1073742136359215 0.1020055040717125 0.09690523147583008 0.09205996990203857 0.08745697140693665 0.08308412134647369 0.07892991602420807 0.07498341798782349 0.07123424857854843 0.06767253577709198 0.0642889067530632 0.06107446178793907 0.05802073702216148 0.05511970072984695 0.05236371606588364 0.04974552989006042 0.04725825414061546 0.04489533975720406 0.04265057295560837 0.04051804542541504 0.03849214315414429 0.03656753525137901 0.03473915904760361 0.03300220146775246 0.03135209158062935 0.02978448756039143 0.02829526364803314 0.02688050083816051 0.02553647570312023 0.0242596510797739 0.02304666861891747 0.02189433574676514 0.02079961821436882 0.0197596363723278 0.01877165399491787 0.01783307082951069 0.01694141700863838 0.01609434559941292 0.01528962794691324 0.01452514622360468 0.01379888877272606 0.01310894452035427 0.01245349738746881 0.0118308225646615 0.01123928185552359 0.01067731808871031 0.01014345232397318 0.009636280126869678 0.009154465980827808 0.008696742355823517 0.008261905051767826 0.007848809473216534 0.007456368766725063 0.007083550095558167 0.006729372777044773 0.006392904091626406 0.006073258817195892 0.005769595969468355 0.005481116008013487 0.005207060370594263 0.004946707282215357 0.004699371755123138 0.004464403260499239 0.004241182934492826 0.004029123578220606 0.003827667329460382 0.003636284032836556 0.003454469842836261 0.003281746292486787 0.003117658896371722 0.002961775986477733 0.002813687082380056 0.00267300265841186 0.002539352513849735 0.00241238484159112 0.002291765529662371 0.002177177229896188 0.002068318426609039 0.001964902505278587 0.001866657403297722 0.001773324562236667 0.001684658345766366 0.001600425457581878 0.001520404126495123 0.001444383873604238 0.001372164697386324 0.001303556491620839 0.001238378696143627 0.001176459714770317 0.001117636682465672 0.001061754883266985 0.001008667168207467 0.0009582338389009237 0.0009103221236728132 0.0008648060029372573 0.0008215656853280962 0.0007804873748682439 0.0007414629799313843 0.000704389822203666 0.0006691703456453979 0.000635711825452745 0.000603926251642406 0.0005737299215979874 0.0005450434400700033 0.0005177912535145879 0.0004919017083011568 0.0004673066141549498 0.0004439412732608616 0.0004217442183289677 0.0004006570088677108 0.0003806241438724101 0.0003615929454099387 0.0003435132966842502 0.0003263376420363784 0.0003100207541137934 0.0002945197047665715 0.0002797937195282429 0.0002658040320966393 0.0002525138261262327 0.0002398881333647296 0.0002278937317896634 0.0002164990437449887 0.0002056740922853351 0.0001953903847606853 0.0001856208691606298 0.0001763398322509602 0.0001675228413660079 0.0001591467007528991 0.0001511893642600626 0.0001436298916814849 0.0001364483905490488 0.0001296259724767879 0.0001231446804013103 0.0001169874449260533 0.0001111380697693676 0.0001055811662808992 0.0001003021097858436 9.528700320515782e-05 9.052265522768721e-05 8.599652210250497e-05 8.169669308699667e-05 7.761186134302989e-05 7.373126572929323e-05 7.004470535321161e-05 6.65424668113701e-05 6.321534601738676e-05 6.005457908031531e-05 5.705184958060272e-05 5.419925582828e-05 5.148929267306812e-05 4.891482967650518e-05 4.646908928407356e-05 4.414563591126353e-05 4.193835411570035e-05 3.984143768320791e-05 3.784936416195706e-05 3.595689486246556e-05 3.415904939174652e-05 3.245109837735072e-05 3.082854527747259e-05 2.928711728600319e-05 2.782276169455145e-05 2.643162406457122e-05 2.511004277039319e-05 2.385453990427777e-05 2.266181218146812e-05 2.152872184524313e-05 2.045228575298097e-05 1.942967173818033e-05 1.845818769652396e-05 1.753527794789989e-05 1.665851414145436e-05 1.582558797963429e-05 1.503430848970311e-05 1.428259292879375e-05 1.356846314592985e-05 1.289004012505757e-05 1.22455385280773e-05 1.163326123787556e-05 1.105159844883019e-05 1.049901857186342e-05 9.9740673249471e-06 9.47536409512395e-06 9.001595572044607e-06 8.551515747967642e-06 8.123939551296644e-06 7.717742846580222e-06 7.331855613301741e-06 6.965262855374021e-06 6.616999598918483e-06 6.286149528023088e-06 5.971842256258242e-06 5.67325014344533e-06 5.389587840909371e-06 5.12010865350021e-06 4.864103175350465e-06 4.620897925633471e-06 4.389853074826533e-06 4.170360625721514e-06 3.961842594435439e-06 3.763750555663137e-06 3.575562914193142e-06 3.396784677534015e-06 3.226945409551263e-06 3.065598093598965e-06 2.912318223025068e-06 2.76670220955566e-06 2.628367155921296e-06 2.496948809493915e-06 2.372101334913168e-06 2.25349617721804e-06 2.140821379725821e-06 2.03378021979006e-06 1.932091208800557e-06 1.835486614254478e-06 1.743712232382677e-06 1.656526592341834e-06 1.573700274093426e-06 1.495015226282703e-06 1.420264425178175e-06 1.349251192550582e-06 1.281788627238711e-06 1.217699150402041e-06 1.156814164460229e-06 1.098973484658927e-06 1.044024770635588e-06 9.918235264194664e-07 9.422323614671768e-07 8.951207632890146e-07 8.503646995450254e-07 8.078464475147484e-07 7.674541393498657e-07 7.290814210136887e-07 6.926273385943205e-07 6.579959972441429e-07
 0 0 0 0 0 0 0 0 0 0 0 0 0 0 0 0 0 0 0 0 0 0 0 0 0 0 0 0 0 0 0 0 0 0 0 0 0 0 0 0 0 0 0 0 0 0 0 0 0 0 0 0 0 0 0 0 0 0 0 0 0 0 0 0 0 0 0 0 0 0 0 0 0 0 0 0 0 0 0 0 0 0 0 0 0 0 0 0 0 0 0 0 0 0 0 0 0 0 0 0 0 0 0 0 0 0 0 0 0 0 0 0 0 0 0 0 0 0 0 0 0 0 0 0 0 0 0 0 0 0 0 0 0 0 0 0 0 0 0 0 0 0 0 0 0 0 0 0 0 0 0 0 0 0 0 0 0 0 0 0 0 0 0 0 0 0 0 0 0 0 0 0 0 0 0 0 0 0 0 0 0 0 0 0 0 0 0 0 0 0 0 0 0 0 0 0 0 0 0 0 0 0 0 0 0 0 0 0 0 0 0 0 0 0 0 0 0 0 0 0 0 0 0 0 0 0 0 0 0 0 0 0 0 0 0 0 0 0 0 0 0 0 0 0 0 0 0 0 0 0 0 0 0 0 0 0 0 0 0 0 0 0 0 0 0 0 0 0 0 0 0 0 0 0 0 0 0 0 0 0 0 0 0 0 0 0 0 0 0 0 0 0 0 0 0 0 0 0 0 0 0 0 0 0 0 0 0 0 0 0 0 0 0 0 0 0 0 0 0 0 0 0 0 0 0 0 0 0 0 0 0 0 0 0 0 0 0 0 0 0 0 0 0 0 0 0 0 0 0 0 0 0 0 0 0 0 0 0 0 0 0 0 0 0 0 0 0 0 0 0 0 0 0 0 0 0 0 0 0 0 0 0 0 0 0 0 0 0 0 0 0 0 0 0 0 0 0 0 0 0 0 0 0 0 0 0 0 0 0 0 0 0 0 0 0 0 0 0 0 0 0 0 0 0 0 0 0 0 0 0 0 0 0 0 0 0 0 0 0 0 0 0 0 0 0 0 0 0 0 0 0 0 0 0 0 0 0 0 0 0 0 0 0 0 0 0 0 0 0 0 0 0 0 0 0 0 0 0 0 0 0 0 0 0 0 0 0 0 0 0 0 0 0 0 0 0 0 0 0 0 0 0 0 0 0 0 0 0 0 0 0 0 0 0 0 0 0 0 0 0 0 0 0 0 0 0 0 0 0 0 0 0 0 0 0 0 0 0 0 0 0 0 0 0 0 0 0 0 0 0 0 0 0 0 0 0 0 0 0 0 0 0 0 0 0 0 0 0 0 0 0 0 0 0 0 0 0 0 0 0 0 0 0 0 0 0 0 0 0 0 0 0 0 0 0 0 0 0 0 0
 0 0 0 0 0 0 0 0 0 0 0 0 0 0 0 0 0 0 0 0 0 0 0 0 0 0 0 0 0 0 0 0 0 0 0 0 0 0 0 0 0 0 0 0 0 0 0 0 0 0 0 0 0 0 0 0 0 0 0 0 0 0 0 0 0 0 0 0 0 0 0 0 0 0 0 0 0 0 0 0 0 0 0 0 0 0 0 0 0 0 0 0 0 0 0 0 0 0 0 0 0 0 0 0 0 0 0 0 0 0 0 0 0 0 0 0 0 0 0 0 0 0 0 0 0 0 0 0 0 0 0 0 0 0 0 0 0 0 0 0 0 0 0 0 0 0 0 0 0 0 0 0 0 0 0 0 0 0 0 0 0 0 0 0 0 0 0 0 0 0 0 0 0 0 0 0 0 0 0 0 0 0 0 0 0 0 0 0 0 0 0 0 0 0 0 0 0 0 0 0 0 0 0 0 0 0 0 0 0 0 0 0 0 0 0 0 0 0 0 0 0 0 0 0 0 0 0 0 0 0 0 0 0 0 0 0 0 0 0 0 0 0 0 0 0 0 0 0 0 0 0 0 0 0 0 0 0 0 0 0 0 0 0 0 0 0 0 0 0 0 0 0 0 0 0 0 0 0 0 0 0 0 0 0 0 0 0 0 0 0 0 0 0 0 0 0 0 0 0 0 0 0 0 0 0 0 0 0 0 0 0 0 0 0 0 0 0 0 0 0 0 0 0 0 0 0 0 0 0 0 0 0 0 0 0 0 0 0 0 0 0 0 0 0 0 0 0 0 0 0 0 0 0 0 0 0 0 0 0 0 0 0 0 0 0 0 0 0 0 0 0 0 0 0 0 0 0 0 0 0 0 0 0 0 0 0 0 0 0 0 0 0 0 0 0 0 0 0 0 0 0 0 0 0 0 0 0 0 0 0 0 0 0 0 0 0 0 0 0 0 0 0 0 0 0 0 0 0 0 0 0 0 0 0 0 0 0 0 0 0 0 0 0 0 0 0 0 0 0 0 0 0 0 0 0 0 0 0 0 0 0 0 0 0 0 0 0 0 0 0 0 0 0 0 0 0 0 0 0 0 0 0 0 0 0 0 0 0 0 0 0 0 0 0 0 0 0 0 0 0 0 0 0 0 0 0 0 0 0 0 0 0 0 0 0 0 0 0 0 0 0 0 0 0 0 0 0 0 0 0 0 0 0 0 0 0 0 0 0 0 0 0 0 0 0 0 0 0 0 0 0 0 0 0 0 0 0 0 0 0 0 0 0 0 0 0 0 0 0 0 0 0 0 0 0 0 0 0 0 0 0 0 0 0 0 0 0 0 0 0 0 0 0 0 0 0 0 0 0 0
 0 0 0 0 0 0 0 0 0 0 0 0 0 0 0 0 0 0 0 0 0 0 0 0 0 0 0 0 0 0 0 0 0 0 0 0 0 0 0 0 0 0 0 0 0 0 0 0 0 0 0 0 0 0 0 0 0 0 0 0 0 0 0 0 0 0 0 0 0 0 0 0 0 0 0 0 0 0 0 0 0 0 0 0 0 0 0 0 0 0 0 0 0 0 0 0 0 0 0 0 0 0 0 0 0 0 0 0 0 0 0 0 0 0 0 0 0 0 0 0 0 0 0 0 0 0 0 0 0 0 0 0 0 0 0 0 0 0 0 0 0 0 0 0 0 0 0 0 0 0 0 0 0 0 0 0 0 0 0 0 0 0 0 0 0 0 0 0 0 0 0 0 0 0 0 0 0 0 0 0 0 0 0 0 0 0 0 0 0 0 0 0 0 0 0 0 0 0 0 0 0 0 0 0 0 0 0 0 0 0 0 0 0 0 0 0 0 0 0 0 0 0 0 0 0 0 0 0 0 0 0 0 0 0 0 0 0 0 0 0 0 0 0 0 0 0 0 0 0 0 0 0 0 0 0 0 0 0 0 0 0 0 0 0 0 0 0 0 0 0 0 0 0 0 0 0 0 0 0 0 0 0 0 0 0 0 0 0 0 0 0 0 0 0 0 0 0 0 0 0 0 0 0 0 0 0 0 0 0 0 0 0 0 0 0 0 0 0 0 0 0 0 0 0 0 0 0 0 0 0 0 0 0 0 0 0 0 0 0 0 0 0 0 0 0 0 0 0 0 0 0 0 0 0 0 0 0 0 0 0 0 0 0 0 0 0 0 0 0 0 0 0 0 0 0 0 0 0 0 0 0 0 0 0 0 0 0 0 0 0 0 0 0 0 0 0 0 0 0 0 0 0 0 0 0 0 0 0 0 0 0 0 0 0 0 0 0 0 0 0 0 0 0 0 0 0 0 0 0 0 0 0 0 0 0 0 0 0 0 0 0 0 0 0 0 0 0 0 0 0 0 0 0 0 0 0 0 0 0 0 0 0 0 0 0 0 0 0 0 0 0 0 0 0 0 0 0 0 0 0 0 0 0 0 0 0 0 0 0 0 0 0 0 0 0 0 0 0 0 0 0 0 0 0 0 0 0 0 0 0 0 0 0 0 0 0 0 0 0 0 0 0 0 0 0 0 0 0 0 0 0 0 0 0 0 0 0 0 0 0 0 0 0 0 0 0 0 0 0 0 0 0 0 0 0 0 0 0 0 0 0 0 0 0 0 0 0 0 0 0 0 0 0 0 0 0 0 0 0 0 0 0 0 0 0 0 0 0 0 0 0 0 0 0 0 0 0 0 0 0
 0 0 0 0 0 0 0 0 0 0 0 0 0 0 0 0 0 0 0 0 0 0 0 0 0 0 0 0 0 0 0 0 0 0 0 0 0 0 0 0 0 0 0 0 0 0 0 0 0 0 0 0 0 0 0 0 0 0 0 0 0 0 0 0 0 0 0 0 0 0 0 0 0 0 0 0 0 0 0 0 0 0 0 0 0 0 0 0 0 0 0 0 0 0 0 0 0 0 0 0 0 0 0 0 0 0 0 0 0 0 0 0 0 0 0 0 0 0 0 0 0 0 0 0 0 0 0 0 0 0 0 0 0 0 0 0 0 0 0 0 0 0 0 0 0 0 0 0 0 0 0 0 0 0 0 0 0 0 0 0 0 0 0 0 0 0 0 0 0 0 0 0 0 0 0 0 0 0 0 0 0 0 0 0 0 0 0 0 0 0 0 0 0 0 0 0 0 0 0 0 0 0 0 0 0 0 0 0 0 0 0 0 0 0 0 0 0 0 0 0 0 0 0 0 0 0 0 0 0 0 0 0 0 0 0 0 0 0 0 0 0 0 0 0 0 0 0 0 0 0 0 0 0 0 0 0 0 0 0 0 0 0 0 0 0 0 0 0 0 0 0 0 0 0 0 0 0 0 0 0 0 0 0 0 0 0 0 0 0 0 0 0 0 0 0 0 0 0 0 0 0 0 0 0 0 0 0 0 0 0 0 0 0 0 0 0 0 0 0 0 0 0 3.697675856528804e-05 0.0004708775377366692 0.001307669328525662 0.002541245426982641 0.0041640754789114 0.006171244662255049 0.008589468896389008 0.01137703284621239 0.01451861392706633 0.01797975227236748 0.02176859229803085 0.02583590894937515 0.03016122430562973 0.03474576026201248 0.03954907134175301 0.04456374049186707 0.0497811883687973 0.05520052835345268 0.06081806868314743 0.06662557274103165 0.07263146340847015 0.07886312156915665 0.08533572405576706 0.09201561659574509 0.09891831874847412 0.1060320138931274 0.1133449226617813 0.1208427101373672 0.1285086870193481 0.1363297402858734 0.1442565023899078 0.1522839963436127 0.1598680317401886 0.1654231399297714 0.16790372133255 0.1665885895490646 0.1610160768032074 0.1529652774333954 0.145317018032074 0.1380511671304703 0.1311486065387726 0.1245911791920662 0.118361622095108 0.1124435439705849 0.1068213656544685 0.1014802977442741 0.09640628099441528 0.09158596396446228 0.08700666576623917 0.08265633136034012 0.07852351665496826 0.07459734380245209 0.07086747884750366 0.06732410192489624 0.06395789980888367 0.0607600063085556 0.05772200599312782 0.05483590438961983 0.05209410935640335 0.04948940500617027 0.04701493307948112 0.04466418549418449 0.04243097454309464 0.04030942544341087 0.03829395398497581 0.03637925535440445 0.03456029295921326 0.03283227980136871 0.03119066543877125 0.02963113225996494 0.02814957499504089 0.02674209699034691 0.02540499158203602 0.02413474209606647 0.02292800508439541 0.02178160473704338 0.02069252356886864 0.01965789683163166 0.01867500133812428 0.01774125173687935 0.0168541893362999 0.01601148024201393 0.01521090604364872 0.01445036102086306 0.01372784283012152 0.01304145064204931 0.01238937769085169 0.0117699084803462 0.01118141319602728 0.01062234211713076 0.01009122468531132 0.009586663916707039 0.009107330814003944 0.008651964366436005 0.008219365961849689 0.007808397524058819 0.007417977787554264 0.007047079037874937 0.006694725248962641 0.006359988823533058 0.00604198919609189 0.005739889573305845 0.005452895071357489 0.005180250387638807 0.00492123793810606 0.004675175994634628 0.004441417288035154 0.004219346214085817 0.004008378833532333 0.003807959845289588 0.003617561887949705 0.003436683677136898 0.003264849539846182 0.003101607086136937 0.002946526743471622 0.002799200359731913 0.002659240271896124 0.002526278141885996 0.00239996425807476 0.00227996613830328 0.002165967831388116 0.002057669451460242 0.001954786013811827 0.0018570467364043 0.001764194341376424 0.001675984589383006 0.001592185348272324 0.001512576127424836 0.001436947379261255 0.001365100033581257 0.001296845031902194 0.001232002745382488 0.001170402625575662 0.001111882505938411 0.001056288368999958 0.001003473997116089 0.0009533002739772201 0.0009056352428160608 0.0008603534661233425 0.0008173357928171754 0.0007764690089970827 0.0007376455469056964 0.0007007632520981133 0.0006657250924035907 0.0006324388086795807 0.0006008168566040695 0.0005707759992219508 0.0005422371905297041 0.0005151253426447511 0.0004893690929748118 0.0004649006295949221 0.0004416556039359421 0.0004195728106424212 0.000398594158468768 0.0003786644374486059 0.0003597312024794519 0.0003417446278035641 0.0003246573905926198 0.0003084245254285634 0.0002930033078882843 0.0002783531381282955 0.0002644354826770723 0.0002512136998120695 0.0002386530104558915 0.0002267203526571393 0.0002153843379346654 0.0002046151203103364 0.0001943843672052026 0.0001846651430241764 0.0001754318800522014 0.0001666602911427617 0.0001583272824063897 0.0001504109241068363 0.0001428903779014945 0.0001357458531856537 0.000128958563436754 0.0001225106389028952 0.0001163851047749631 0.0001105658520828001 0.0001050375576596707 9.978567686630413e-05 9.479639265919104e-05 9.005657193483785e-05 8.555374370189384e-05 8.12760554254055e-05 7.72122511989437e-05 7.335163536481559e-05 6.968405068619177e-05 6.619984924327582e-05 6.288985605351627e-05 5.974536179564893e-05 5.675809370586649e-05 5.39201901119668e-05 5.122418224345893e-05 4.866297240369022e-05 4.622982305590995e-05 4.391833135741763e-05 4.172241460764781e-05 3.963629569625482e-05 3.765448127523996e-05 3.577175812097266e-05 3.398317130631767e-05 3.228401328669861e-05 3.066981298616156e-05 2.913632306444924e-05 2.767950718407519e-05 2.629553273436613e-05 2.498075627954677e-05 2.373171810177155e-05 2.254513310617767e-05 2.141787626896985e-05 2.03469826374203e-05 1.932963277795352e-05 1.83631509571569e-05 1.744499422784429e-05 1.657274515309837e-05 1.574410816829186e-05 1.495690230512992e-05 1.42090575536713e-05 1.349860485788668e-05 1.28236742966692e-05 1.2182490536361e-05 1.15733655547956e-05 1.099469773180317e-05 1.044496275426354e-05 9.922714525600895e-06 9.426578799320851e-06 8.955249541031662e-06 8.507487109454814e-06 8.082112799456809e-06 7.678007023059763e-06 7.294106580957305e-06 6.929401024535764e-06 6.582930836884771e-06 6.253784249565797e-06 5.941094968875404e-06 5.644040356855839e-06 5.361838248063577e-06 5.093746494821971e-06 4.839059329242446e-06 4.597106453729793e-06 4.367251221992774e-06 4.148888820054708e-06 3.941444447264075e-06 3.744372179426136e-06 3.557153604560881e-06 3.379296003913623e-06 3.210331215086626e-06 3.049814722544397e-06 2.897324065997964e-06 2.752457930910168e-06 2.614835011627292e-06 2.48409332925803e-06 2.359888640057761e-06 2.241894208054873e-06 2.129799440808711e-06 2.023309434662224e-06 1.922144065247267e-06 1.826036850616219e-06 1.73473495124199e-06 1.647998260523309e-06 1.565598381603195e-06 1.487318513682112e-06 1.412952542523271e-06 1.342304926765792e-06 1.27518967474316e-06 1.211430230796395e-06 1.150858679466182e-06 1.093315745492873e-06 1.038649998008623e-06 9.867175094768754e-07 9.373816283186898e-07 8.905125241653877e-07 8.459869036414602e-07 8.036875556172163e-07 7.635031806785264e-07 7.253280500663095e-07 6.890616646160197e-07
 0 0 0 0 0 0 0 0 0 0 0 0 0 0 0 0 0 0 0 0 0 0 0 0 0 0 0 0 0 0 0 0 0 0 0 0 0 0 0 0 0 0 0 0 0 0 0 0 0 0 0 0 0 0 0 0 0 0 0 0 0 0 0 0 0 0 0 0 0 0 0 0 0 0 0 0 0 0 0 0 0 0 0 0 0 0 0 0 0 0 0 0 0 0 0 0 0 0 0 0 0 0 0 0 0 0 0 0 0 0 0 0 0 0 0 0 0 0 0 0 0 0 0 0 0 0 0 0 0 0 0 0 0 0 0 0 0 0 0 0 0 0 0 0 0 0 0 0 0 0 0 0 0 0 0 0 0 0 0 0 0 0 0 0 0 0 0 0 0 0 0 0 0 0 0 0 0 0 0 0 0 0 0 0 0 0 0 0 0 0 0 0 0 0 0 0 0 0 0 0 0 0 0 0 0 0 0 0 0 0 0 0 0 0 0 0 0 0 0 0 0 0 0 0 0 0 0 0 0 0 0 0 0 0 0 0 0 0 0 0 0 0 0 0 0 0 0 0 0 0 0 0 0 0 0 0 0 0 0 0 0 0 0 0 0 0 0 0 0 0 0 0 0 0 0 0 0 0 0 0 0 0 0 0 0 0 0 0 0 0 0 0 0 0 0 0 0 0 0 0 0 0 0 0 0 0 0 0 0 0 0 0 0 0 0 0 0 0 0 0 0 0 0 0 0 0 0 0 0 0 0 0 0 0 0 0 0 0 0 0 0 0 0 0 0 0 0 0 0 0 0 0 0 0 0 0 0 0 0 0 0 0 0 0 0 0 0 0 0 0 0 0 0 0 0 0 0 0 0 0 0 0 0 0 0 0 0 0 0 0 0 0 0 0 0 0 0 0 0 0 0 0 0 0 0 0 0 0 0 0 0 0 0 0 0 0 0 0 0 0 0 0 0 0 0 0 0 0 0 0 0 0 0 0 0 0 0 0 0 0 0 0 0 0 0 0 0 0 0 0 0 0 0 0 0 0 0 0 0 0 0 0 0 0 0 0 0 0 0 0 0 0 0 0 0 0 0 0 0 0 0 0 0 0 0 0 0 0 0 0 0 0 0 0 0 0 0 0 0 0 0 0 0 0 0 0 0 0 0 0 0 0 0 0 0 0 0 0 0 0 0 0 0 0 0 0 0 0 0 0 0 0 0 0 0 0 0 0 0 0 0 0 0 0 0 0 0 0 0 0 0 0 0 0 0 0 0 0 0 0 0 0 0 0 0 0 0 0 0 0 0 0 0 0 0 0 0 0 0 0 0 0 0 0 0 0 0 0 0 0 0 0 0 0 0 0 0 0 0 0
 0 0 0 0 0 0 0 0 0 0 0 0 0 0 0 0 0 0 0 0 0 0 0 0 0 0 0 0 0 0 0 0 0 0 0 0 0 0 0 0 0 0 0 0 0 0 0 0 0 0 0 0 0 0 0 0 0 0 0 0 0 0 0 0 0 0 0 0 0 0 0 0 0 0 0 0 0 0 0 0 0 0 0 0 0 0 0 0 0 0 0 0 0 0 0 0 0 0 0 0 0 0 0 0 0 0 0 0 0 0 0 0 0 0 0 0 0 0 0 0 0 0 0 0 0 0 0 0 0 0 0 0 0 0 0 0 0 0 0 0 0 0 0 0 0 0 0 0 0 0 0 0 0 0 0 0 0 0 0 0 0 0 0 0 0 0 0 0 0 0 0 0 0 0 0 0 0 0 0 0 0 0 0 0 0 0 0 0 0 0 0 0 0 0 0 0 0 0 0 0 0 0 0 0 0 0 0 0 0 0 0 0 0 0 0 0 0 0 0 0 0 0 0 0 0 0 0 0 0 0 0 0 0 0 0 0 0 0 0 0 0 0 0 0 0 0 0 0 0 0 0 0 0 0 0 0 0 0 0 0 0 0 0 0 0 0 0 0 0 0 0 0 0 0 0 0 0 0 0 0 0 0 0 0 0 0 0 0 0 0 0 0 0 0 0 0 0 0 0 0 0 0 0 0 0 0 0 0 0 0 0 0 0 0 0 0 0 0 0 0 0 0 0 0 0 0 0 0 0 0 0 0 0 0 0 0 0 0 0 0 0 0 0 0 0 0 0 0 0 0 0 0 0 0 0 0 0 0 0 0 0 0 0 0 0 0 0 0 0 0 0 0 0 0 0 0 0 0 0 0 0 0 0 0 0 0 0 0 0 0 0 0 0 0 0 0 0 0 0 0 0 0 0 0 0 0 0 0 0 0 0 0 0 0 0 0 0 0 0 0 0 0 0 0 0 0 0 0 0 0 0 0 0 0 0 0 0 0 0 0 0 0 0 0 0 0 0 0 0 0 0 0 0 0 0 0 0 0 0 0 0 0 0 0 0 0 0 0 0 0 0 0 0 0 0 0 0 0 0 0 0 0 0 0 0 0 0 0 0 0 0 0 0 0 0 0 0 0 0 0 0 0 0 0 0 0 0 0 0 0 0 0 0 0 0 0 0 0 0 0 0 0 0 0 0 0 0 0 0 0 0 0 0 0 0 0 0 0 0 0 0 0 0 0 0 0 0 0 0 0 0 0 0 0 0 0 0 0 0 0 0 0 0 0 0 0 0 0 0 0 0 0 0 0 0 0 0 0 0 0 0 0 0 0 0 0 0 0 0 0 0 0 0 0 0 0 0 0 0 0
 0 0 0 0 0 0 0 0 0 0 0 0 0 0 0 0 0 0 0 0 0 0 0 0 0 0 0 0 0 0 0 0 0 0 0 0 0 0 0 0 0 0 0 0 0 0 0 0 0 0 0 0 0 0 0 0 0 0 0 0 0 0 0 0 0 0 0 0 0 0 0 0 0 0 0 0 0 0 0 0 0 0 0 0 0 0 0 0 0 0 0 0 0 0 0 0 0 0 0 0 0 0 0 0 0 0 0 0 0 0 0 0 0 0 0 0 0 0 0 0 0 0 0 0 0 0 0 0 0 0 0 0 0 0 0 0 0 0 0 0 0 0 0 0 0 0 0 0 0 0 0 0 0 0 0 0 0 0 0 0 0 0 0 0 0 0 0 0 0 0 0 0 0 0 0 0 0 0 0 0 0 0 0 0 0 0 0 0 0 0 0 0 0 0 0 0 0 0 0 0 0 0 0 0 0 0 0 0 0 0 0 0 0 0 0 0 0 0 0 0 0 0 0 0 0 0 0 0 0 0 0 0 0 0 0 0 0 0 0 0 0 0 0 0 0 0 0 0 0 0 0 0 0 0 0 0 0 0 0 0 0 0 0 0 0 0 0 0 0 0 0 0 0 0 0 0 0 0 0 0 0 0 0 0 0 0 0 0 0 0 0 0 0 0 0 0 0 0 0 0 0 0 0 0 0 0 0 0 0 0 0 0 0 0 0 0 0 0 0 0 0 0 0 0 0 0 0 0 0 0 0 0 0 0 0 0 0 0 0 0 0 0 0 0 0 0 0 0 0 0 0 0 0 0 0 0 0 0 0 0 0 0 0 0 0 0 0 0 0 0 0 0 0 0 0 0 0 0 0 0 0 0 0 0 0 0 0 0 0 0 0 0 0 0 0 0 0 0 0 0 0 0 0 0 0 0 0 0 0 0 0 0 0 0 0 0 0 0 0 0 0 0 0 0 0 0 0 0 0 0 0 0 0 0 0 0 0 0 0 0 0 0 0 0 0 0 0 0 0 0 0 0 0 0 0 0 0 0 0 0 0 0 0 0 0 0 0 0 0 0 0 0 0 0 0 0 0 0 0 0 0 0 0 0 0 0 0 0 0 0 0 0 0 0 0 0 0 0 0 0 0 0 0 0 0 0 0 0 0 0 0 0 0 0 0 0 0 0 0 0 0 0 0 0 0 0 0 0 0 0 0 0 0 0 0 0 0 0 0 0 0 0 0 0 0 0 0 0 0 0 0 0 0 0 0 0 0 0 0 0 0 0 0 0 0 0 0 0 0 0 0 0 0 0 0 0 0 0 0 0 0 0 0 0 0 0 0 0 0 0 0 0 0 0 0 0 0 0 0 0
 0 0 0 0 0 0 0 0 0 0 0 0 0 0 0 0 0 0 0 0 0 0 0 0 0 0 0 0 0 0 0 0 0 0 0 0 0 0 0 0 0 0 0 0 0 0 0 0 0 0 0 0 0 0 0 0 0 0 0 0 0 0 0 0 0 0 0 0 0 0 0 0 0 0 0 0 0 0 0 0 0 0 0 0 0 0 0 0 0 0 0 0 0 0 0 0 0 0 0 0 0 0 0 0 0 0 0 0 0 0 0 0 0 0 0 0 0 0 0 0 0 0 0 0 0 0 0 0 0 0 0 0 0 0 0 0 0 0 0 0 0 0 0 0 0 0 0 0 0 0 0 0 0 0 0 0 0 0 0 0 0 0 0 0 0 0 0 0 0 0 0 0 0 0 0 0 0 0 0 0 0 0 0 0 0 0 0 0 0 0 0 0 0 0 0 0 0 0 0 0 0 0 0 0 0 0 0 0 0 0 0 0 0 0 0 0 0 0 0 0 0 0 0 0 0 0 0 0 0 0 0 0 0 0 0 0 0 0 0 0 0 0 0 0 0 0 0 0 0 0 0 0 0 0 0 0 0 0 0 0 0 0 0 0 0 0 0 0 0 0 0 0 0 0 0 0 0 0 0 0 0 0 0 0 0 0 0 0 0 0 0 0 0 0 0 0 0 0 0 0 0 0 0 0 0 0 0 0 0 0 0 0 0 0 0 0 0 0 0 0 0 0.0001042172370944172 0.0006438946584239602 0.001603515702299774 0.00298116123303771 0.004763521254062653 0.006979293189942837 0.009604867547750473 0.01263179257512093 0.01604005508124828 0.01978767849504948 0.02386286668479443 0.02825826033949852 0.03293708711862564 0.03783603385090828 0.0429355651140213 0.04823446646332741 0.05373962968587875 0.05945177748799324 0.0653802827000618 0.07152640074491501 0.07786807417869568 0.08441353589296341 0.0911630243062973 0.09804221987724304 0.105026513338089 0.112157016992569 0.1194267123937607 0.1268486231565475 0.1344254016876221 0.1421229541301727 0.1498952805995941 0.1577147394418716 0.1639284193515778 0.1673228293657303 0.1671065539121628 0.1627611964941025 0.1546231359243393 0.1468919813632965 0.1395473778247833 0.1325700134038925 0.1259415149688721 0.1196444407105446 0.1136622205376625 0.1079791113734245 0.102580152451992 0.09745114296674728 0.09257858246564865 0.08794965595006943 0.08355217427015305 0.07937456667423248 0.07540583610534668 0.07163554430007935 0.06805376708507538 0.06465107947587967 0.06141852587461472 0.05834759771823883 0.05543021857738495 0.05265870690345764 0.05002577230334282 0.04752448201179504 0.04514825716614723 0.04289084300398827 0.0407463014125824 0.03870898485183716 0.03677353635430336 0.03493485972285271 0.0331881158053875 0.03152871131896973 0.0299522764980793 0.02845466323196888 0.02703193016350269 0.02568033337593079 0.02439631707966328 0.02317650057375431 0.02201767638325691 0.02091679349541664 0.01987095363438129 0.01887740567326546 0.01793353632092476 0.01703685894608498 0.01618501543998718 0.01537576504051685 0.01460697688162327 0.01387662813067436 0.01318279653787613 0.01252365671098232 0.01189747359603643 0.01130259968340397 0.010737469419837 0.01020059548318386 0.00969056598842144 0.009206037968397141 0.008745736442506313 0.008308449760079384 0.007893027737736702 0.007498376537114382 0.007123457733541727 0.00676728505641222 0.006428920663893223 0.00610747467726469 0.005802100989967585 0.005511995870620012 0.005236396100372076 0.00497457617893815 0.004725847393274307 0.004489555023610592 0.004265077412128448 0.004051823634654284 0.003849232569336891 0.003656771034002304 0.003473932389169931 0.003300235839560628 0.003135224105790257 0.002978462958708405 0.002829539822414517 0.002688062842935324 0.002553659724071622 0.002425976796075702 0.002304677851498127 0.002189443912357092 0.002079971600323915 0.001975973136723042 0.001877174479886889 0.001783315790817142 0.001694150036200881 0.001609442522749305 0.001528970431536436 0.00145252188667655 0.001379895838908851 0.001310901017859578 0.001245355932042003 0.001183088170364499 0.001123933820053935 0.001067737117409706 0.001014350214973092 0.0009636327158659697 0.0009154510917142034 0.0008696785662323236 0.0008261946495622396 0.0007848849054425955 0.0007456406601704657 0.0007083586533553898 0.0006729407468810678 0.0006392936920747161 0.0006073290132917464 0.0005769625422544777 0.0005481144180521369 0.0005207086796872318 0.0004946732660755515 0.00046993960859254 0.0004464426310732961 0.0004241204878780991 0.0004029144765809178 0.0003827687469311059 0.0003636303008534014 0.0003454487887211144 0.0003281763638369739 0.0003117675369139761 0.0002961791469715536 0.0002813701867125928 0.0002673016861081123 0.0002539365959819406 0.000241239758906886 0.0002291777636855841 0.0002177188725909218 0.0002068329340545461 0.0001964912808034569 0.0001866667153080925 0.0001773333788150921 0.0001684667076915503 0.0001600433752173558 0.0001520412042737007 0.0001444391382392496 0.0001372171827824786 0.0001303563185501844 0.0001238385011674836 0.0001176465739263222 0.0001117642459576018 0.0001061760340235196 0.0001008672334137373 9.582387428963557e-05 9.103267802856863e-05 8.648104267194867e-05 8.215699199354276e-05 7.80491391196847e-05 7.414667925331742e-05 7.043934601824731e-05 6.691737507935613e-05 6.357150414260104e-05 6.039292929926887e-05 5.737328319810331e-05 5.450462049338967e-05 5.177938874112442e-05 4.91904211230576e-05 4.673090006690472e-05 4.439435360836796e-05 4.217463720124215e-05 4.006590461358428e-05 3.806260792771354e-05 3.615947935031727e-05 3.435150574659929e-05 3.263392864027992e-05 3.100223329965957e-05 2.945212145277765e-05 2.797951492539141e-05 2.658053927007131e-05 2.525151285226457e-05 2.398893775534816e-05 2.278949068568181e-05 2.165001569665037e-05 2.056751509371679e-05 1.953913852048572e-05 1.856218113971408e-05 1.763407271937467e-05 1.675236853770912e-05 1.59147493832279e-05 1.511901155026862e-05 1.436306138202781e-05 1.364490799460327e-05 1.296266236749943e-05 1.231452915817499e-05 1.169880306406412e-05 1.111386336560827e-05 1.055817028827732e-05 1.003026136459084e-05 9.528748705633916e-06 9.052311725099571e-06 8.599696229794063e-06 8.16971169115277e-06 7.761225788271986e-06 7.373164407908916e-06 7.004506187513471e-06 6.654280696238857e-06 6.321566615952179e-06 6.00548810325563e-06 5.705213879991788e-06 5.419953140517464e-06 5.148955551703693e-06 4.891507614956936e-06 4.646932211471722e-06 4.414585418999195e-06 4.193856057099765e-06 3.98416341340635e-06 3.784955197261297e-06 3.595707539716386e-06 3.415922265048721e-06 3.245126208639704e-06 3.082869852732983e-06 2.928726416939753e-06 2.782290039249347e-06 2.643175548655563e-06 2.511016873540939e-06 2.385466132182046e-06 2.26619272325479e-06 2.152883098460734e-06 2.045238943537697e-06 1.942976950886077e-06 1.845828137447825e-06 1.753536707838066e-06 1.665859826971428e-06 1.582566824254172e-06 1.503438511463173e-06 1.428266614311724e-06 1.356853317702189e-06 1.289010697291815e-06 1.22456015105854e-06 1.163332171927323e-06 1.105165551962273e-06 1.049907268679817e-06 9.974119166145101e-07 9.475413094151008e-07 9.001642524708586e-07 8.551560313208029e-07 8.123982411234465e-07 7.717783319094451e-07 7.331894380513404e-07 6.965299803596281e-07 6.617034955525014e-07 6.286182951953379e-07
 0 0 0 0 0 0 0 0 0 0 0 0 0 0 0 0 0 0 0 0 0 0 0 0 0 0 0 0 0 0 0 0 0 0 0 0 0 0 0 0 0 0 0 0 0 0 0 0 0 0 0 0 0 0 0 0 0 0 0 0 0 0 0 0 0 0 0 0 0 0 0 0 0 0 0 0 0 0 0 0 0 0 0 0 0 0 0 0 0 0 0 0 0 0 0 0 0 0 0 0 0 0 0 0 0 0 0 0 0 0 0 0 0 0 0 0 0 0 0 0 0 0 0 0 0 0 0 0 0 0 0 0 0 0 0 0 0 0 0 0 0 0 0 0 0 0 0 0 0 0 0 0 0 0 0 0 0 0 0 0 0 0 0 0 0 0 0 0 0 0 0 0 0 0 0 0 0 0 0 0 0 0 0 0 0 0 0 0 0 0 0 0 0 0 0 0 0 0 0 0 0 0 0 0 0 0 0 0 0 0 0 0 0 0 0 0 0 0 0 0 0 0 0 0 0 0 0 0 0 0 0 0 0 0 0 0 0 0 0 0 0 0 0 0 0 0 0 0 0 0 0 0 0 0 0 0 0 0 0 0 0 0 0 0 0 0 0 0 0 0 0 0 0 0 0 0 0 0 0 0 0 0 0 0 0 0 0 0 0 0 0 0 0 0 0 0 0 0 0 0 0 0 0 0 0 0 0 0 0 0 0 0 0 0 0 0 0 0 0 0 0 0 0 0 0 0 0 0 0 0 0 0 0 0 0 0 0 0 0 0 0 0 0 0 0 0 0 0 0 0 0 0 0 0 0 0 0 0 0 0 0 0 0 0 0 0 0 0 0 0 0 0 0 0 0 0 0 0 0 0 0 0 0 0 0 0 0 0 0 0 0 0 0 0 0 0 0 0 0 0 0 0 0 0 0 0 0 0 0 0 0 0 0 0 0 0 0 0 0 0 0 0 0 0 0 0 0 0 0 0 0 0 0 0 0 0 0 0 0 0 0 0 0 0 0 0 0 0 0 0 0 0 0 0 0 0 0 0 0 0 0 0 0 0 0 0 0 0 0 0 0 0 0 0 0 0 0 0 0 0 0 0 0 0 0 0 0 0 0 0 0 0 0 0 0 0 0 0 0 0 0 0 0 0 0 0 0 0 0 0 0 0 0 0 0 0 0 0 0 0 0 0 0 0 0 0 0 0 0 0 0 0 0 0 0 0 0 0 0 0 0 0 0 0 0 0 0 0 0 0 0 0 0 0 0 0 0 0 0 0 0 0 0 0 0 0 0 0 0 0 0 0 0 0 0 0 0 0 0 0 0 0 0 0 0 0 0 0 0 0 0 0 0 0 0 0 0 0 0 0
 0 0 0 0 0 0 0 0 0 0 0 0 0 0 0 0 0 0 0 0 0 0 0 0 0 0 0 0 0 0 0 0 0 0 0 0 0 0 0 0 0 0 0 0 0 0 0 0 0 0 0 0 0 0 0 0 0 0 0 0 0 0 0 0 0 0 0 0 0 0 0 0 0 0 0 0 0 0 0 0 0 0 0 0 0 0 0 0 0 0 0 0 0 0 0 0 0 0 0 0 0 0 0 0 0 0 0 0 0 0 0 0 0 0 0 0 0 0 0 0 0 0 0 0 0 0 0 0 0 0 0 0 0 0 0 0 0 0 0 0 0 0 0 0 0 0 0 0 0 0 0 0 0 0 0 0 0 0 0 0 0 0 0 0 0 0 0 0 0 0 0 0 0 0 0 0 0 0 0 0 0 0 0 0 0 0 0 0 0 0 0 0 0 0 0 0 0 0 0 0 0 0 0 0 0 0 0 0 0 0 0 0 0 0 0 0 0 0 0 0 0 0 0 0 0 0 0 0 0 0 0 0 0 0 0 0 0 0 0 0 0 0 0 0 0 0 0 0 0 0 0 0 0 0 0 0 0 0 0 0 0 0 0 0 0 0 0 0 0 0 0 0 0 0 0 0 0 0 0 0 0 0 0 0 0 0 0 0 0 0 0 0 0 0 0 0 0 0 0 0 0 0 0 0 0 0 0 0 0 0 0 0 0 0 0 0 0 0 0 0 0 0 0 0 0 0 0 0 0 0 0 0 0 0 0 0 0 0 0 0 0 0 0 0 0 0 0 0 0 0 0 0 0 0 0 0 0 0 0 0 0 0 0 0 0 0 0 0 0 0 0 0 0 0 0 0 0 0 0 0 0 0 0 0 0 0 0 0 0 0 0 0 0 0 0 0 0 0 0 0 0 0 0 0 0 0 0 0 0 0 0 0 0 0 0 0 0 0 0 0 0 0 0 0 0 0 0 0 0 0 0 0 0 0 0 0 0 0 0 0 0 0 0 0 0 0 0 0 0 0 0 0 0 0 0 0 0 0 0 0 0 0 0 0 0 0 0 0 0 0 0 0 0 0 0 0 0 0 0 0 0 0 0 0 0 0 0 0 0 0 0 0 0 0 0 0 0 0 0 0 0 0 0 0 0 0 0 0 0 0 0 0 0 0 0 0 0 0 0 0 0 0 0 0 0 0 0 0 0 0 0 0 0 0 0 0 0 0 0 0 0 0 0 0 0 0 0 0 0 0 0 0 0 0 0 0 0 0 0 0 0 0 0 0 0 0 0 0 0 0 0 0 0 0 0 0 0 0 0 0 0 0 0 0 0 0 0 0 0 0 0 0 0 0 0 0 0 0 0 0


# name: r_0_m8_G0_L0p3_D0p7
# type: matrix
# rows: 1
# columns: 14
 0 -8 0.2 0 0.3 0 -4.347581666666668 0 0 0.113198970916995 0 156.5 0.5477225575051661 0.7




