# Created by Octave 3.8.2, Wed Jul 05 10:40:02 2017 BST <co1ssj@node117>
# name: result
# type: scalar struct
# ndims: 2
 1 1
# length: 3
# name: params
# type: scalar struct
# ndims: 2
 1 1
# length: 18
# name: cleanup
# type: scalar
0


# name: num_runs
# type: scalar
6


# name: dopamine
# type: scalar
0.7


# name: targetCross
# type: scalar
1


# name: targetLuminance
# type: scalar
0.3


# name: targetWidthX
# type: scalar
6


# name: targetWidthY
# type: scalar
2


# name: fixCross
# type: scalar
1


# name: fixLuminance
# type: scalar
0.2


# name: fixWidthX
# type: scalar
6


# name: fixWidthY
# type: scalar
2


# name: fixOn
# type: scalar
0


# name: targetOff
# type: scalar
1


# name: targetOn
# type: scalar
0.2


# name: fixOff
# type: scalar
0.2


# name: targetThetaX
# type: scalar
0


# name: targetThetaY
# type: scalar
-9


# name: exptnum
# type: scalar
0




# name: r_0_m9_G0_L0p3_D0p7_llbn
# type: matrix
# rows: 24
# columns: 600
 0 0 0 0 0 0 0 0 0 0 0 0 0 0 0 0 0 0 0 0 0 0 0 0 0 0 0 0 0 0 0 0 0 0 0 0 0 0 0 0 0 0 0 0 0 0 0 0 0 0 0 0 0 0 0 0 0 0 0 0 0 0 0 0 0 0 0 0 0 0 0 0 0 0 0 0 0 0 0 0 0 0 0 0 0 0 0 0 0 0 0 0 0 0 0 0 0 0 0 0 0 0 0 0 0 0 0 0 0 0 0 0 0 0 0 0 0 0 0 0 0 0 0 0 0 0 0 0 0 0 0 0 0 0 0 0 0 0 0 0 0 0 0 0 0 0 0 0 0 0 0 0 0 0 0 0 0 0 0 0 0 0 0 0 0 0 0 0 0 0 0 0 0 0 0 0 0 0 0 0 0 0 0 0 0 0 0 0 0 0 0 0 0 0 0 0 0 0 0 0 0 0 0 0 0 0 0 0 0 0 0 0 0 0 0 0 0 0 0 0 0 0 0 0 0 0 0 0 0 0 0 0 0 0 0 0 0 0 0 0 0 0 0 0 0 0 0 0 0 0 0 0 0 0 0 0 0 0 0 0 0 0 0 0 0 0 0 0 0 0 0 0 0 0 0 0 0 0 0 0 0 0 0 0 0 0 0 0 0 0 0 0 0 0 0 0 0 0 0 0 0 0 0 0 0 0 0 0 0 0 0 0 0 0 0 0 0 0 0 0 0 0 0 0 0 0 0 0 0 0 0 0 0 0 0 0 0 0 0 0 0 0 0 0 0 0 0 0 0 0 0 0 0 0 0 0 0 0 0 0 0 0 0 0 0 0 0 0 0 0 0 0 0 0 0 0 0 0 0 0 0 0 0 0 0 0 0 0 0 0 0 0 0 0 0 0 0 0 0 0 0 0 0 0 0 0 0 0 0 0 0 0 0 0 0 0 0 0 0 0 0 0 0 0 0 0 0 0 0 0 0 0 0 0 0 0 0 0 0 0 0 0 0 0 0 0 0 0 0 0 0 0 0 0 0 0 0 0 0 0 0 0 0 0 0 0 0 0 0 0 0 0 0 0 0 0 0 0 0 0 0 0 0 0 0 0 0 0 0 0 0 0 0 0 0 0 0 0 0 0 0 0 0 0 0 0 0 0 0 0 0 0 0 0 0 0 0 0 0 0 0 0 0 0 0 0 0 0 0 0 0 0 0 0 0 0 0 0 0 0 0 0 0 0 0 0 0 0 0 0 0 0 0 0 0 0 0 0 0 0 0 0 0 0 0 0 0 0 0 0 0 0 0 0 0 0 0 0 0 0 0 0 0 0 0 0 0 0 0 0 0 0 0 0 0 0 0 0 0 0
 0 0 0 0 0 0 0 0 0 0 0 0 0 0 0 0 0 0 0 0 0 0 0 0 0 0 0 0 0 0 0 0 0 0 0 0 0 0 0 0 0 0 0 0 0 0 0 0 0 0 0 0 0 0 0 0 0 0 0 0 0 0 0 0 0 0 0 0 0 0 0 0 0 0 0 0 0 0 0 0 0 0 0 0 0 0 0 0 0 0 0 0 0 0 0 0 0 0 0 0 0 0 0 0 0 0 0 0 0 0 0 0 0 0 0 0 0 0 0 0 0 0 0 0 0 0 0 0 0 0 0 0 0 0 0 0 0 0 0 0 0 0 0 0 0 0 0 0 0 0 0 0 0 0 0 0 0 0 0 0 0 0 0 0 0 0 0 0 0 0 0 0 0 0 0 0 0 0 0 0 0 0 0 0 0 0 0 0 0 0 0 0 0 0 0 0 0 0 0 0 0 0 0 0 0 0 0 0 0 0 0 0 0 0 0 0 0 0 0 0 0 0 0 0 0 0 0 0 0 0 0 0 0 0 0 0 0 0 0 0 0 0 0 0 0 0 0 0 0 0 0 0 0 0 0 0 0 0 0 0 0 0 0 0 0 0 0 0 0 0 0 0 0 0 0 0 0 0 0 0 0 0 0 0 0 0 0 0 0 0 0 0 0 0 0 0 0 0 0 0 0 0 0 0 0 0 0 0 0 0 0 0 0 0 0 0 0 0 0 0 2.183594460802851e-06 0.0004953963798470795 0.001469504088163376 0.002926330780610442 0.004903183318674564 0.007405519019812346 0.01044340990483761 0.01399124413728714 0.01801172830164433 0.02248666621744633 0.02739141508936882 0.03268697112798691 0.03837915509939194 0.04438251629471779 0.05062114074826241 0.05710794031620026 0.06385431438684464 0.07087666541337967 0.07817568629980087 0.08576807379722595 0.09365464001893997 0.1018264219164848 0.1102037280797958 0.1186999157071114 0.1273778229951859 0.1362735480070114 0.1453783810138702 0.1545641720294952 0.1638223230838776 0.1731205880641937 0.1819436252117157 0.1884414851665497 0.1913973838090897 0.1900180727243423 0.1837955713272095 0.1746057868003845 0.1658754944801331 0.1575817167758942 0.1497026383876801 0.1422175019979477 0.13510662317276 0.1283512860536575 0.1219337210059166 0.115837037563324 0.1100451871752739 0.1045429259538651 0.09931577742099762 0.09434998780488968 0.08963248878717422 0.08515086770057678 0.08089332282543182 0.07684865593910217 0.07300622016191483 0.06935591250658035 0.06588811427354813 0.06259370595216751 0.05946402251720428 0.05649081990122795 0.05366627871990204 0.05098296329379082 0.0484338141977787 0.04601212218403816 0.04371151700615883 0.0415259413421154 0.03944964334368706 0.03747716173529625 0.03560330346226692 0.03382313996553421 0.03213198482990265 0.03052538633346558 0.02899911627173424 0.02754916064441204 0.02617170289158821 0.02486311830580235 0.02361996285617352 0.02243896387517452 0.0213170163333416 0.02025116607546806 0.01923860795795918 0.01827667839825153 0.01736284419894218 0.01649470254778862 0.01566996797919273 0.0148864695802331 0.01414214633405209 0.01343503873795271 0.01276328694075346 0.01212512236088514 0.01151886582374573 0.01094292290508747 0.01039577648043633 0.009875987656414509 0.009382188320159912 0.008913079276680946 0.008467425592243671 0.008044054731726646 0.007641851902008057 0.007259759120643139 0.006896771024912596 0.006551932543516159 0.006224336102604866 0.005913119297474623 0.005617463495582342 0.005336590111255646 0.005069760605692863 0.004816272761672735 0.004575459286570549 0.004346686415374279 0.004129352048039436 0.003922884352505207 0.003726740134879947 0.003540403209626675 0.003363383002579212 0.003195213852450252 0.003035453148186207 0.002883680397644639 0.002739496296271682 0.002602521562948823 0.002472395543009043 0.002348775742575526 0.002231336897239089 0.002119770040735602 0.002013781573623419 0.001913092448376119 0.001817437820136547 0.001726565882563591 0.00164023763500154 0.001558225718326867 0.001480314414948225 0.001406298717483878 0.001335983746685088 0.001269184518605471 0.001205725246109068 0.001145438989624381 0.001088167075067759 0.001033758744597435 0.0009820708073675632 0.0009329672902822495 0.0008863189141266048 0.0008420029771514237 0.0007999028312042356 0.0007599077071063221 0.0007219123071990907 0.0006858166889287531 0.0006515258573926985 0.000618949590716511 0.0005880020908080041 0.0005586019833572209 0.0005306719103828073 0.0005041382974013686 0.0004789313825313002 0.0004549848090391606 0.0004322355671320111 0.000410623790230602 0.0003900926094502211 0.00037058797897771 0.0003520585887599736 0.0003344556607771665 0.0003177328908350319 0.0003018462448380888 0.0002867539296858013 0.000272416218649596 0.0002587953931652009 0.0002458556264173239 0.0002335628378205001 0.0002218846930190921 0.0002107904583681375 0.0002002509427256882 0.0001902383955894038 0.0001807264779927209 0.0001716901606414467 0.0001631056511541829 0.0001549503649584949 0.0001472028525313362 0.0001398427120875567 0.0001328505750279874 0.0001262080477317795 0.0001198976460727863 0.0001139027663157322 0.0001082076269085519 0.0001027972466545179 9.765738650457934e-05 9.27745204535313e-05 8.813579188426957e-05 8.372899901587516e-05 7.954255124786869e-05 7.556542550446466e-05 7.178715168265626e-05 6.819779082434252e-05 6.478789873654023e-05 6.15485041635111e-05 5.84710796829313e-05 5.554752715397626e-05 5.277015225146897e-05 5.013164627598599e-05 4.762506432598457e-05 4.524381074588746e-05 4.298162093618885e-05 4.083253952558152e-05 3.879091309499927e-05 3.685136834974401e-05 3.500880120554939e-05 3.325836223666556e-05 3.159544576192275e-05 3.001567347382661e-05 2.851488898159005e-05 2.708914507820737e-05 2.573468736954965e-05 2.444795245537534e-05 2.322555519640446e-05 2.206427780038211e-05 2.096106436511036e-05 1.991301178350113e-05 1.891736064862926e-05 1.797149343474302e-05 1.707291812635958e-05 1.621927185624372e-05 1.540830817248207e-05 1.463789249100955e-05 1.390599754813593e-05 1.321069794357754e-05 1.255016286449973e-05 1.192265517602209e-05 1.132652232627152e-05 1.076019634638214e-05 1.022218657453777e-05 9.711076927487738e-06 9.225523172062822e-06 8.764247468207031e-06 8.326034730998799e-06 7.909732630650979e-06 7.514246135542635e-06 7.138533874240238e-06 6.781607226002961e-06 6.442526682803873e-06 6.120400485087885e-06 5.814380529045593e-06 5.523661457118578e-06 5.247478384262649e-06 4.98510462421109e-06 4.735849415737903e-06 4.49905701316311e-06 4.274103957868647e-06 4.060398623551009e-06 3.857378487737151e-06 3.664509677037131e-06 3.48128423866001e-06 3.307220140413847e-06 3.141859224342625e-06 2.984766297231545e-06 2.835527993738651e-06 2.693751639526454e-06 2.55906411439355e-06 2.431110942779924e-06 2.309555384272244e-06 2.194077524109161e-06 2.084373591060285e-06 1.9801548205578e-06 1.881147113635961e-06 1.787089786375873e-06 1.697735342531814e-06 1.61284856403654e-06 1.532206169940764e-06 1.455595906918461e-06 1.382816094519512e-06 1.313675284109195e-06 1.247991576747154e-06 1.185592054753215e-06 1.126312440646871e-06 1.069996869773604e-06 1.016496980810189e-06 9.65672143138363e-07 9.173885473501286e-07 8.715190915609128e-07 8.279431540358928e-07 7.865460247558076e-07 7.47218734886701e-07 7.098577725628274e-07 6.743648555129766e-07 6.406465899999603e-07
 0 0 0 0 0 0 0 0 0 0 0 0 0 0 0 0 0 0 0 0 0 0 0 0 0 0 0 0 0 0 0 0 0 0 0 0 0 0 0 0 0 0 0 0 0 0 0 0 0 0 0 0 0 0 0 0 0 0 0 0 0 0 0 0 0 0 0 0 0 0 0 0 0 0 0 0 0 0 0 0 0 0 0 0 0 0 0 0 0 0 0 0 0 0 0 0 0 0 0 0 0 0 0 0 0 0 0 0 0 0 0 0 0 0 0 0 0 0 0 0 0 0 0 0 0 0 0 0 0 0 0 0 0 0 0 0 0 0 0 0 0 0 0 0 0 0 0 0 0 0 0 0 0 0 0 0 0 0 0 0 0 0 0 0 0 0 0 0 0 0 0 0 0 0 0 0 0 0 0 0 0 0 0 0 0 0 0 0 0 0 0 0 0 0 0 0 0 0 0 0 0 0 0 0 0 0 0 0 0 0 0 0 0 0 0 0 0 0 0 0 0 0 0 0 0 0 0 0 0 0 0 0 0 0 0 0 0 0 0 0 0 0 0 0 0 0 0 0 0 0 0 0 0 0 0 0 0 0 0 0 0 0 0 0 0 0 0 0 0 0 0 0 0 0 0 0 0 0 0 0 0 0 0 0 0 0 0 0 0 0 0 0 0 0 0 0 0 0 0 0 0 0 0 0 0 0 0 0 0 0 0 0 0 0 0 0 0 0 0 0 0 0 0 0 0 0 0 0 0 0 0 0 0 0 0 0 0 0 0 0 0 0 0 0 0 0 0 0 0 0 0 0 0 0 0 0 0 0 0 0 0 0 0 0 0 0 0 0 0 0 0 0 0 0 0 0 0 0 0 0 0 0 0 0 0 0 0 0 0 0 0 0 0 0 0 0 0 0 0 0 0 0 0 0 0 0 0 0 0 0 0 0 0 0 0 0 0 0 0 0 0 0 0 0 0 0 0 0 0 0 0 0 0 0 0 0 0 0 0 0 0 0 0 0 0 0 0 0 0 0 0 0 0 0 0 0 0 0 0 0 0 0 0 0 0 0 0 0 0 0 0 0 0 0 0 0 0 0 0 0 0 0 0 0 0 0 0 0 0 0 0 0 0 0 0 0 0 0 0 0 0 0 0 0 0 0 0 0 0 0 0 0 0 0 0 0 0 0 0 0 0 0 0 0 0 0 0 0 0 0 0 0 0 0 0 0 0 0 0 0 0 0 0 0 0 0 0 0 0 0 0 0 0 0 0 0 0 0 0 0 0 0 0 0 0 0 0 0 0 0 0 0 0 0 0 0 0 0 0 0 0 0 0 0 0 0 0 0 0 0 0 0 0 0 0 0 0 0 0 0
 0 0 0 0 0 0 0 0 0 0 0 0 0 0 0 0 0 0 0 0 0 0 0 0 0 0 0 0 0 0 0 0 0 0 0 0 0 0 0 0 0 0 0 0 0 0 0 0 0 0 0 0 0 0 0 0 0 0 0 0 0 0 0 0 0 0 0 0 0 0 0 0 0 0 0 0 0 0 0 0 0 0 0 0 0 0 0 0 0 0 0 0 0 0 0 0 0 0 0 0 0 0 0 0 0 0 0 0 0 0 0 0 0 0 0 0 0 0 0 0 0 0 0 0 0 0 0 0 0 0 0 0 0 0 0 0 0 0 0 0 0 0 0 0 0 0 0 0 0 0 0 0 0 0 0 0 0 0 0 0 0 0 0 0 0 0 0 0 0 0 0 0 0 0 0 0 0 0 0 0 0 0 0 0 0 0 0 0 0 0 0 0 0 0 0 0 0 0 0 0 0 0 0 0 0 0 0 0 0 0 0 0 0 0 0 0 0 0 0 0 0 0 0 0 0 0 0 0 0 0 0 0 0 0 0 0 0 0 0 0 0 0 0 0 0 0 0 0 0 0 0 0 0 0 0 0 0 0 0 0 0 0 0 0 0 0 0 0 0 0 0 0 0 0 0 0 0 0 0 0 0 0 0 0 0 0 0 0 0 0 0 0 0 0 0 0 0 0 0 0 0 0 0 0 0 0 0 0 0 0 0 0 0 0 0 0 0 0 0 0 0 0 0 0 0 0 0 0 0 0 0 0 0 0 0 0 0 0 0 0 0 0 0 0 0 0 0 0 0 0 0 0 0 0 0 0 0 0 0 0 0 0 0 0 0 0 0 0 0 0 0 0 0 0 0 0 0 0 0 0 0 0 0 0 0 0 0 0 0 0 0 0 0 0 0 0 0 0 0 0 0 0 0 0 0 0 0 0 0 0 0 0 0 0 0 0 0 0 0 0 0 0 0 0 0 0 0 0 0 0 0 0 0 0 0 0 0 0 0 0 0 0 0 0 0 0 0 0 0 0 0 0 0 0 0 0 0 0 0 0 0 0 0 0 0 0 0 0 0 0 0 0 0 0 0 0 0 0 0 0 0 0 0 0 0 0 0 0 0 0 0 0 0 0 0 0 0 0 0 0 0 0 0 0 0 0 0 0 0 0 0 0 0 0 0 0 0 0 0 0 0 0 0 0 0 0 0 0 0 0 0 0 0 0 0 0 0 0 0 0 0 0 0 0 0 0 0 0 0 0 0 0 0 0 0 0 0 0 0 0 0 0 0 0 0 0 0 0 0 0 0 0 0 0 0 0 0 0 0 0 0 0 0 0 0 0 0 0 0 0 0 0 0 0 0 0 0 0 0 0
 0 0 0 0 0 0 0 0 0 0 0 0 0 0 0 0 0 0 0 0 0 0 0 0 0 0 0 0 0 0 0 0 0 0 0 0 0 0 0 0 0 0 0 0 0 0 0 0 0 0 0 0 0 0 0 0 0 0 0 0 0 0 0 0 0 0 0 0 0 0 0 0 0 0 0 0 0 0 0 0 0 0 0 0 0 0 0 0 0 0 0 0 0 0 0 0 0 0 0 0 0 0 0 0 0 0 0 0 0 0 0 0 0 0 0 0 0 0 0 0 0 0 0 0 0 0 0 0 0 0 0 0 0 0 0 0 0 0 0 0 0 0 0 0 0 0 0 0 0 0 0 0 0 0 0 0 0 0 0 0 0 0 0 0 0 0 0 0 0 0 0 0 0 0 0 0 0 0 0 0 0 0 0 0 0 0 0 0 0 0 0 0 0 0 0 0 0 0 0 0 0 0 0 0 0 0 0 0 0 0 0 0 0 0 0 0 0 0 0 0 0 0 0 0 0 0 0 0 0 0 0 0 0 0 0 0 0 0 0 0 0 0 0 0 0 0 0 0 0 0 0 0 0 0 0 0 0 0 0 0 0 0 0 0 0 0 0 0 0 0 0 0 0 0 0 0 0 0 0 0 0 0 0 0 0 0 0 0 0 0 0 0 0 0 0 0 0 0 0 0 0 0 0 0 0 0 0 0 0 0 0 0 0 0 0 0 0 0 0 0 0 0 0 0 0 0 0 0 0 0 0 0 0 0 0 0 0 0 0 0 0 0 0 0 0 0 0 0 0 0 0 0 0 0 0 0 0 0 0 0 0 0 0 0 0 0 0 0 0 0 0 0 0 0 0 0 0 0 0 0 0 0 0 0 0 0 0 0 0 0 0 0 0 0 0 0 0 0 0 0 0 0 0 0 0 0 0 0 0 0 0 0 0 0 0 0 0 0 0 0 0 0 0 0 0 0 0 0 0 0 0 0 0 0 0 0 0 0 0 0 0 0 0 0 0 0 0 0 0 0 0 0 0 0 0 0 0 0 0 0 0 0 0 0 0 0 0 0 0 0 0 0 0 0 0 0 0 0 0 0 0 0 0 0 0 0 0 0 0 0 0 0 0 0 0 0 0 0 0 0 0 0 0 0 0 0 0 0 0 0 0 0 0 0 0 0 0 0 0 0 0 0 0 0 0 0 0 0 0 0 0 0 0 0 0 0 0 0 0 0 0 0 0 0 0 0 0 0 0 0 0 0 0 0 0 0 0 0 0 0 0 0 0 0 0 0 0 0 0 0 0 0 0 0 0 0 0 0 0 0 0 0 0 0 0 0 0 0 0 0 0 0 0 0 0 0 0 0 0 0
 0 0 0 0 0 0 0 0 0 0 0 0 0 0 0 0 0 0 0 0 0 0 0 0 0 0 0 0 0 0 0 0 0 0 0 0 0 0 0 0 0 0 0 0 0 0 0 0 0 0 0 0 0 0 0 0 0 0 0 0 0 0 0 0 0 0 0 0 0 0 0 0 0 0 0 0 0 0 0 0 0 0 0 0 0 0 0 0 0 0 0 0 0 0 0 0 0 0 0 0 0 0 0 0 0 0 0 0 0 0 0 0 0 0 0 0 0 0 0 0 0 0 0 0 0 0 0 0 0 0 0 0 0 0 0 0 0 0 0 0 0 0 0 0 0 0 0 0 0 0 0 0 0 0 0 0 0 0 0 0 0 0 0 0 0 0 0 0 0 0 0 0 0 0 0 0 0 0 0 0 0 0 0 0 0 0 0 0 0 0 0 0 0 0 0 0 0 0 0 0 0 0 0 0 0 0 0 0 0 0 0 0 0 0 0 0 0 0 0 0 0 0 0 0 0 0 0 0 0 0 0 0 0 0 0 0 0 0 0 0 0 0 0 0 0 0 0 0 0 0 0 0 0 0 0 0 0 0 0 0 0 0 0 0 0 0 0 0 0 0 0 0 0 0 0 0 0 0 0 0 0 0 0 0 0 0 0 0 0 0 0 0 0 0 0 0 0 0 0 0 0 0 0 0 0 0 0 0 0 0 0 0 0 0 0 0 0 0 0 0 0 0 0.0003079107846133411 0.0011543536093086 0.002564307069405913 0.004521442577242851 0.007013178430497646 0.0100233843550086 0.01357937045395374 0.01767608523368835 0.02228259854018688 0.02738091722130775 0.03291352838277817 0.0388081781566143 0.04496624320745468 0.05137224867939949 0.05803028494119644 0.06493819504976273 0.07211260497570038 0.07956064492464066 0.08728013932704926 0.09526627510786057 0.1035528033971786 0.1121471300721169 0.1210435479879379 0.1302037239074707 0.1395635008811951 0.148999884724617 0.1585071086883545 0.1680741459131241 0.177722692489624 0.1866904199123383 0.1931663751602173 0.1959466338157654 0.1942403018474579 0.187544584274292 0.1781673580408096 0.1692589968442917 0.160796046257019 0.1527562439441681 0.1451184302568436 0.137862503528595 0.130969375371933 0.1244209036231041 0.1181998550891876 0.1122898608446121 0.1066753715276718 0.1013416051864624 0.09627452492713928 0.09146080166101456 0.08688776195049286 0.08254337310791016 0.07841620594263077 0.07449539750814438 0.07077062875032425 0.06723209470510483 0.06387048959732056 0.06067696586251259 0.05764311924576759 0.05476096272468567 0.05202291533350945 0.0494217686355114 0.04695067927241325 0.0446031466126442 0.04237299039959908 0.04025433957576752 0.03824162110686302 0.03632954135537148 0.03451306372880936 0.03278741240501404 0.0311480425298214 0.02959064021706581 0.02811110764741898 0.026705551892519 0.0253702737390995 0.02410176023840904 0.02289667166769505 0.02175183780491352 0.02066424675285816 0.01963103376328945 0.01864948123693466 0.01771700754761696 0.01683115772902966 0.01598959974944592 0.01519011985510588 0.01443061418831348 0.01370908319950104 0.01302362885326147 0.01237244717776775 0.01175382453948259 0.01116613298654556 0.0106078265234828 0.01007743552327156 0.009573563933372498 0.009094885550439358 0.008640141226351261 0.008208134211599827 0.007797727361321449 0.007407840806990862 0.007037448696792126 0.006685576401650906 0.006351297721266747 0.006033733021467924 0.005732046440243721 0.005445444025099277 0.005173171870410442 0.004914513323456049 0.004668787587434053 0.004435348324477673 0.00421358086168766 0.00400290172547102 0.003802756546065211 0.00361261866055429 0.003431987715885043 0.00326038827188313 0.003097368869930506 0.002942500403150916 0.002795375417917967 0.002655606716871262 0.002522826427593827 0.002396685071289539 0.002276850864291191 0.002163008321076632 0.002054858021438122 0.001952115097083151 0.00185450934804976 0.001761783845722675 0.00167369470000267 0.001590010011568666 0.001510509522631764 0.001434984034858644 0.001363234827294946 0.001295073074288666 0.00123031937982887 0.001168803428299725 0.001110363285988569 0.00105484516825527 0.001002102857455611 0.0009519977029412985 0.0009043978061527014 0.0008591779042035341 0.0008162190206348896 0.0007754080579616129 0.0007366376812569797 0.0006998057942837477 0.0006648154812864959 0.0006315747159533203 0.0005999959539622068 0.0005699961329810321 0.0005414963234215975 0.0005144214956089854 0.0004887004033662379 0.0004642653802875429 0.0004410521069075912 0.000418999494286254 0.0003980495093856007 0.0003781470295507461 0.0003592396678868681 0.0003412776859477162 0.0003242137900087982 0.0003080031019635499 0.0002926029555965215 0.0002779728092718869 0.0002640741586219519 0.0002508704492356628 0.0002383269311394542 0.0002264105860376731 0.0002150900545530021 0.000204335548914969 0.0001941187656484544 0.0001844128273660317 0.0001751921809045598 0.000166432568221353 0.0001581109390826896 0.0001502053928561509 0.0001426951203029603 0.0001355603599222377 0.0001287823397433385 0.0001223432191181928 0.0001162260596174747 0.000110414759546984 0.0001048940248438157 9.964932542061433e-05 9.466685878578573e-05 8.993351366370916e-05 8.543684089090675e-05 8.116499520838261e-05 7.710674253758043e-05 7.32514017727226e-05 6.958883022889495e-05 6.610938726225868e-05 6.280391971813515e-05 5.966372555121779e-05 5.66805392736569e-05 5.384651376516558e-05 5.115418753121048e-05 4.85964774270542e-05 4.616665319190361e-05 4.385831925901584e-05 4.166540384176187e-05 3.958213346777484e-05 3.760302570299245e-05 3.572287459974177e-05 3.393673250684515e-05 3.223989551770501e-05 3.062789983232506e-05 2.909650538640562e-05 2.764167948043905e-05 2.625959496072028e-05 2.494661566743162e-05 2.369928552070633e-05 2.251432124467101e-05 2.138860509148799e-05 2.031917392741889e-05 1.930321559484582e-05 1.833805436035618e-05 1.742115091474261e-05 1.655009327805601e-05 1.572258770465851e-05 1.493645868322346e-05 1.418963620380964e-05 1.348015393887181e-05 1.280614651477663e-05 1.216583950736094e-05 1.155754762294237e-05 1.097967015084578e-05 1.043068641592981e-05 9.909152140608057e-06 9.413694897375535e-06 8.943010470829904e-06 8.495860129187349e-06 8.071066986303777e-06 7.667513273190707e-06 7.284137609531172e-06 6.919930910953553e-06 6.573934570042184e-06 6.245237727853237e-06 5.932975909672678e-06 5.636326932290103e-06 5.354510449251393e-06 5.08678476762725e-06 4.832445483771153e-06 4.590823209582595e-06 4.361282208265038e-06 4.143218120589154e-06 3.936057055398123e-06 3.739254225365585e-06 3.552291445885203e-06 3.374676907696994e-06 3.205943130524247e-06 3.045646053578821e-06 2.893363671319094e-06 2.748695578702609e-06 2.611260697449325e-06 2.480697730788961e-06 2.356662889724248e-06 2.238829665657249e-06 2.126888148268335e-06 2.020543661274132e-06 1.919516535053845e-06 1.823540742407204e-06 1.732363671180792e-06 1.645745442147017e-06 1.563458226883085e-06 1.485285338276299e-06 1.411021116837219e-06 1.340470021204965e-06 1.273446514460375e-06 1.209774154631305e-06 1.149285481005791e-06 1.091821218324185e-06 1.037230163092318e-06 9.853686151473084e-07 9.361002071273106e-07 8.892952223504835e-07 8.44830481128156e-07 8.025889428608934e-07 7.624594786648231e-07 7.243365303111204e-07 6.881197123220772e-07
 0 0 0 0 0 0 0 0 0 0 0 0 0 0 0 0 0 0 0 0 0 0 0 0 0 0 0 0 0 0 0 0 0 0 0 0 0 0 0 0 0 0 0 0 0 0 0 0 0 0 0 0 0 0 0 0 0 0 0 0 0 0 0 0 0 0 0 0 0 0 0 0 0 0 0 0 0 0 0 0 0 0 0 0 0 0 0 0 0 0 0 0 0 0 0 0 0 0 0 0 0 0 0 0 0 0 0 0 0 0 0 0 0 0 0 0 0 0 0 0 0 0 0 0 0 0 0 0 0 0 0 0 0 0 0 0 0 0 0 0 0 0 0 0 0 0 0 0 0 0 0 0 0 0 0 0 0 0 0 0 0 0 0 0 0 0 0 0 0 0 0 0 0 0 0 0 0 0 0 0 0 0 0 0 0 0 0 0 0 0 0 0 0 0 0 0 0 0 0 0 0 0 0 0 0 0 0 0 0 0 0 0 0 0 0 0 0 0 0 0 0 0 0 0 0 0 0 0 0 0 0 0 0 0 0 0 0 0 0 0 0 0 0 0 0 0 0 0 0 0 0 0 0 0 0 0 0 0 0 0 0 0 0 0 0 0 0 0 0 0 0 0 0 0 0 0 0 0 0 0 0 0 0 0 0 0 0 0 0 0 0 0 0 0 0 0 0 0 0 0 0 0 0 0 0 0 0 0 0 0 0 0 0 0 0 0 0 0 0 0 0 0 0 0 0 0 0 0 0 0 0 0 0 0 0 0 0 0 0 0 0 0 0 0 0 0 0 0 0 0 0 0 0 0 0 0 0 0 0 0 0 0 0 0 0 0 0 0 0 0 0 0 0 0 0 0 0 0 0 0 0 0 0 0 0 0 0 0 0 0 0 0 0 0 0 0 0 0 0 0 0 0 0 0 0 0 0 0 0 0 0 0 0 0 0 0 0 0 0 0 0 0 0 0 0 0 0 0 0 0 0 0 0 0 0 0 0 0 0 0 0 0 0 0 0 0 0 0 0 0 0 0 0 0 0 0 0 0 0 0 0 0 0 0 0 0 0 0 0 0 0 0 0 0 0 0 0 0 0 0 0 0 0 0 0 0 0 0 0 0 0 0 0 0 0 0 0 0 0 0 0 0 0 0 0 0 0 0 0 0 0 0 0 0 0 0 0 0 0 0 0 0 0 0 0 0 0 0 0 0 0 0 0 0 0 0 0 0 0 0 0 0 0 0 0 0 0 0 0 0 0 0 0 0 0 0 0 0 0 0 0 0 0 0 0 0 0 0 0 0 0 0 0 0 0 0 0 0 0 0 0 0 0 0 0 0 0 0 0 0 0 0 0 0 0 0 0 0 0 0
 0 0 0 0 0 0 0 0 0 0 0 0 0 0 0 0 0 0 0 0 0 0 0 0 0 0 0 0 0 0 0 0 0 0 0 0 0 0 0 0 0 0 0 0 0 0 0 0 0 0 0 0 0 0 0 0 0 0 0 0 0 0 0 0 0 0 0 0 0 0 0 0 0 0 0 0 0 0 0 0 0 0 0 0 0 0 0 0 0 0 0 0 0 0 0 0 0 0 0 0 0 0 0 0 0 0 0 0 0 0 0 0 0 0 0 0 0 0 0 0 0 0 0 0 0 0 0 0 0 0 0 0 0 0 0 0 0 0 0 0 0 0 0 0 0 0 0 0 0 0 0 0 0 0 0 0 0 0 0 0 0 0 0 0 0 0 0 0 0 0 0 0 0 0 0 0 0 0 0 0 0 0 0 0 0 0 0 0 0 0 0 0 0 0 0 0 0 0 0 0 0 0 0 0 0 0 0 0 0 0 0 0 0 0 0 0 0 0 0 0 0 0 0 0 0 0 0 0 0 0 0 0 0 0 0 0 0 0 0 0 0 0 0 0 0 0 0 0 0 0 0 0 0 0 0 0 0 0 0 0 0 0 0 0 0 0 0 0 0 0 0 0 0 0 0 0 0 0 0 0 0 0 0 0 0 0 0 0 0 0 0 0 0 0 0 0 0 0 0 0 0 0 0 0 0 0 0 0 0 0 0 0 0 0 0 0 0 0 0 0 0 0 0 0 0 0 0 0 0 0 0 0 0 0 0 0 0 0 0 0 0 0 0 0 0 0 0 0 0 0 0 0 0 0 0 0 0 0 0 0 0 0 0 0 0 0 0 0 0 0 0 0 0 0 0 0 0 0 0 0 0 0 0 0 0 0 0 0 0 0 0 0 0 0 0 0 0 0 0 0 0 0 0 0 0 0 0 0 0 0 0 0 0 0 0 0 0 0 0 0 0 0 0 0 0 0 0 0 0 0 0 0 0 0 0 0 0 0 0 0 0 0 0 0 0 0 0 0 0 0 0 0 0 0 0 0 0 0 0 0 0 0 0 0 0 0 0 0 0 0 0 0 0 0 0 0 0 0 0 0 0 0 0 0 0 0 0 0 0 0 0 0 0 0 0 0 0 0 0 0 0 0 0 0 0 0 0 0 0 0 0 0 0 0 0 0 0 0 0 0 0 0 0 0 0 0 0 0 0 0 0 0 0 0 0 0 0 0 0 0 0 0 0 0 0 0 0 0 0 0 0 0 0 0 0 0 0 0 0 0 0 0 0 0 0 0 0 0 0 0 0 0 0 0 0 0 0 0 0 0 0 0 0 0 0 0 0 0 0 0 0 0 0 0 0 0 0 0 0 0
 0 0 0 0 0 0 0 0 0 0 0 0 0 0 0 0 0 0 0 0 0 0 0 0 0 0 0 0 0 0 0 0 0 0 0 0 0 0 0 0 0 0 0 0 0 0 0 0 0 0 0 0 0 0 0 0 0 0 0 0 0 0 0 0 0 0 0 0 0 0 0 0 0 0 0 0 0 0 0 0 0 0 0 0 0 0 0 0 0 0 0 0 0 0 0 0 0 0 0 0 0 0 0 0 0 0 0 0 0 0 0 0 0 0 0 0 0 0 0 0 0 0 0 0 0 0 0 0 0 0 0 0 0 0 0 0 0 0 0 0 0 0 0 0 0 0 0 0 0 0 0 0 0 0 0 0 0 0 0 0 0 0 0 0 0 0 0 0 0 0 0 0 0 0 0 0 0 0 0 0 0 0 0 0 0 0 0 0 0 0 0 0 0 0 0 0 0 0 0 0 0 0 0 0 0 0 0 0 0 0 0 0 0 0 0 0 0 0 0 0 0 0 0 0 0 0 0 0 0 0 0 0 0 0 0 0 0 0 0 0 0 0 0 0 0 0 0 0 0 0 0 0 0 0 0 0 0 0 0 0 0 0 0 0 0 0 0 0 0 0 0 0 0 0 0 0 0 0 0 0 0 0 0 0 0 0 0 0 0 0 0 0 0 0 0 0 0 0 0 0 0 0 0 0 0 0 0 0 0 0 0 0 0 0 0 0 0 0 0 0 0 0 0 0 0 0 0 0 0 0 0 0 0 0 0 0 0 0 0 0 0 0 0 0 0 0 0 0 0 0 0 0 0 0 0 0 0 0 0 0 0 0 0 0 0 0 0 0 0 0 0 0 0 0 0 0 0 0 0 0 0 0 0 0 0 0 0 0 0 0 0 0 0 0 0 0 0 0 0 0 0 0 0 0 0 0 0 0 0 0 0 0 0 0 0 0 0 0 0 0 0 0 0 0 0 0 0 0 0 0 0 0 0 0 0 0 0 0 0 0 0 0 0 0 0 0 0 0 0 0 0 0 0 0 0 0 0 0 0 0 0 0 0 0 0 0 0 0 0 0 0 0 0 0 0 0 0 0 0 0 0 0 0 0 0 0 0 0 0 0 0 0 0 0 0 0 0 0 0 0 0 0 0 0 0 0 0 0 0 0 0 0 0 0 0 0 0 0 0 0 0 0 0 0 0 0 0 0 0 0 0 0 0 0 0 0 0 0 0 0 0 0 0 0 0 0 0 0 0 0 0 0 0 0 0 0 0 0 0 0 0 0 0 0 0 0 0 0 0 0 0 0 0 0 0 0 0 0 0 0 0 0 0 0 0 0 0 0 0 0 0 0 0 0 0 0 0 0 0 0
 0 0 0 0 0 0 0 0 0 0 0 0 0 0 0 0 0 0 0 0 0 0 0 0 0 0 0 0 0 0 0 0 0 0 0 0 0 0 0 0 0 0 0 0 0 0 0 0 0 0 0 0 0 0 0 0 0 0 0 0 0 0 0 0 0 0 0 0 0 0 0 0 0 0 0 0 0 0 0 0 0 0 0 0 0 0 0 0 0 0 0 0 0 0 0 0 0 0 0 0 0 0 0 0 0 0 0 0 0 0 0 0 0 0 0 0 0 0 0 0 0 0 0 0 0 0 0 0 0 0 0 0 0 0 0 0 0 0 0 0 0 0 0 0 0 0 0 0 0 0 0 0 0 0 0 0 0 0 0 0 0 0 0 0 0 0 0 0 0 0 0 0 0 0 0 0 0 0 0 0 0 0 0 0 0 0 0 0 0 0 0 0 0 0 0 0 0 0 0 0 0 0 0 0 0 0 0 0 0 0 0 0 0 0 0 0 0 0 0 0 0 0 0 0 0 0 0 0 0 0 0 0 0 0 0 0 0 0 0 0 0 0 0 0 0 0 0 0 0 0 0 0 0 0 0 0 0 0 0 0 0 0 0 0 0 0 0 0 0 0 0 0 0 0 0 0 0 0 0 0 0 0 0 0 0 0 0 0 0 0 0 0 0 0 0 0 0 0 0 0 0 0 0 0 0 0 0 0 0 0 0 0 0 0 0 0 0 0 0 0 0 0.0002758527116384357 0.001042655552737415 0.002316955011337996 0.004107942339032888 0.006423776969313622 0.009252319112420082 0.01257386058568954 0.01634122617542744 0.02055151760578156 0.02519597299396992 0.03022566996514797 0.03561431542038918 0.04133176803588867 0.04732698202133179 0.05358177423477173 0.06008786708116531 0.06682499498128891 0.0738241970539093 0.08110888302326202 0.08868516236543655 0.09655894339084625 0.104731485247612 0.1131268665194511 0.1217175051569939 0.1305264681577682 0.1395319700241089 0.1487368196249008 0.1581047177314758 0.167579174041748 0.1771583259105682 0.1853580474853516 0.1906649321317673 0.1920779347419739 0.188926100730896 0.1808120906352997 0.1717714816331863 0.1631829142570496 0.1550237685441971 0.1472725868225098 0.139908954501152 0.1329135000705719 0.1262678205966949 0.1199544295668602 0.1139567047357559 0.1082588732242584 0.1028459295630455 0.09770363569259644 0.09281845390796661 0.08817753195762634 0.08376865833997726 0.07958022505044937 0.07560121268033981 0.07182115316390991 0.06823009252548218 0.06481859087944031 0.06157766282558441 0.05849878117442131 0.05557384341955185 0.05279514938592911 0.0501553937792778 0.047647625207901 0.04526524245738983 0.04300197958946228 0.04085187986493111 0.03880928456783295 0.03686882182955742 0.03502538055181503 0.03327411040663719 0.0316104032099247 0.03002988360822201 0.02852838858962059 0.02710196934640408 0.02574687078595161 0.02445952780544758 0.02323655225336552 0.02207472547888756 0.02097098901867867 0.01992243900895119 0.01892631687223911 0.01798000186681747 0.0170810017734766 0.01622695103287697 0.01541560329496861 0.01464482303708792 0.01391258183866739 0.01321695279330015 0.0125561049208045 0.01192829944193363 0.01133188419044018 0.01076528988778591 0.01022702548652887 0.009715674445033073 0.009229891002178192 0.008768396452069283 0.008329976350069046 0.007913477718830109 0.007517803926020861 0.007141913753002882 0.006784818135201931 0.006445577368140221 0.006123298313468695 0.005817133467644453 0.005526276770979166 0.005249963141977787 0.004987465217709541 0.004738091956824064 0.004501187242567539 0.004276128020137548 0.004062321502715349 0.003859205404296517 0.003666245145723224 0.003482932923361659 0.003308786312118173 0.003143347101286054 0.002986179664731026 0.002836870728060603 0.002695027273148298 0.00256027583964169 0.002432262059301138 0.002310649026185274 0.002195116598159075 0.002085360698401928 0.001981092616915703 0.001882037962786853 0.001787936082109809 0.001698539243079722 0.001613612286746502 0.001532931695692241 0.001456285128369927 0.001383470837026834 0.001314297318458557 0.001248582499101758 0.001186153385788202 0.001126845716498792 0.001070503378286958 0.001016978174448013 0.0009661292424425483 0.0009178227628581226 0.0008719316101633012 0.0008283350034616888 0.0007869182736612856 0.00074757233960554 0.0007101937080733478 0.0006746840081177652 0.0006409498164430261 0.0006089023081585765 0.0005784571985714138 0.00054953433573246 0.0005220576422289014 0.0004959547659382224 0.0004711570218205452 0.0004475991590879858 0.0004252191865816712 0.0004039582272525877 0.0003837603144347668 0.0003645723045337945 0.0003463437024038285 0.0003290265158284456 0.0003125751973129809 0.0002969464403577149 0.0002820991212502122 0.0002679941535461694 0.0002545944589655846 0.0002418647345621139 0.0002297714963788167 0.0002182829193770885 0.0002073687792290002 0.0001970003359019756 0.0001871503191068769 0.0001777927973307669 0.0001689031632849947 0.0001604580029379576 0.0001524350955151021 0.000144813340739347 0.0001375726715195924 0.0001306940393988043 0.0001241593417944387 0.0001179513783426955 0.0001120538072427735 0.000106451116153039 0.0001011285639833659 9.607213723938912e-05 9.126852819463238e-05 8.670509851071984e-05 8.236984285758808e-05 7.825135253369808e-05 7.43387863622047e-05 7.062184886308387e-05 6.709075387334451e-05 6.373621727107093e-05 6.05494060437195e-05 5.752193465013988e-05 5.464583955472335e-05 5.191354648559354e-05 4.931787043460645e-05 4.685197563958354e-05 4.450937558431178e-05 4.228390753269196e-05 4.016971070086583e-05 3.816122625721619e-05 3.62531645805575e-05 3.444050526013598e-05 3.271847890573554e-05 3.108255623374134e-05 2.95284280582564e-05 2.805200711009093e-05 2.664940620888956e-05 2.53169364441419e-05 2.405108898528852e-05 2.284853508172091e-05 2.170610787288751e-05 2.062080238829367e-05 1.958976281457581e-05 1.861027521954384e-05 1.767976209521294e-05 1.679577326285653e-05 1.595598405401688e-05 1.515818439656869e-05 1.440027517674025e-05 1.368026096315589e-05 1.29962481878465e-05 1.234643605130259e-05 1.172911470348481e-05 1.11426588773611e-05 1.058552606991725e-05 1.0056250175694e-05 9.553437848808244e-06 9.075765774468891e-06 8.621977030998096e-06 8.190878361347131e-06 7.781334716128185e-06 7.392267889372306e-06 7.022654699539999e-06 6.671521987300366e-06 6.337945706036408e-06 6.021048648108263e-06 5.719996352127055e-06 5.43399664820754e-06 5.162296929484e-06 4.904181878373493e-06 4.658973011828493e-06 4.426024133863393e-06 4.204723154543899e-06 3.994487087766174e-06 3.794762733377866e-06 3.605024630815024e-06 3.424773467486375e-06 3.25353471453127e-06 3.090857944698655e-06 2.936315013357671e-06 2.789499376376625e-06 2.650024498507264e-06 2.517523171263747e-06 2.391647058175295e-06 2.272064648423111e-06 2.158461484214058e-06 2.050538341791253e-06 1.948011458807741e-06 1.850610942710773e-06 1.758080429681286e-06 1.67017640251288e-06 1.586667622177629e-06 1.50733421833138e-06 1.431967461940076e-06 1.36036908315873e-06 1.2923505892104e-06 1.227733037012513e-06 1.166346351055836e-06 1.108028982343967e-06 1.05262756733282e-06 9.999962458095979e-07 9.49996433519118e-07 9.024965947901364e-07 8.573717877879972e-07 8.145032097672811e-07 7.737780265415495e-07 7.350891451096686e-07 6.983347020650399e-07 6.634179499087622e-07
 0 0 0 0 0 0 0 0 0 0 0 0 0 0 0 0 0 0 0 0 0 0 0 0 0 0 0 0 0 0 0 0 0 0 0 0 0 0 0 0 0 0 0 0 0 0 0 0 0 0 0 0 0 0 0 0 0 0 0 0 0 0 0 0 0 0 0 0 0 0 0 0 0 0 0 0 0 0 0 0 0 0 0 0 0 0 0 0 0 0 0 0 0 0 0 0 0 0 0 0 0 0 0 0 0 0 0 0 0 0 0 0 0 0 0 0 0 0 0 0 0 0 0 0 0 0 0 0 0 0 0 0 0 0 0 0 0 0 0 0 0 0 0 0 0 0 0 0 0 0 0 0 0 0 0 0 0 0 0 0 0 0 0 0 0 0 0 0 0 0 0 0 0 0 0 0 0 0 0 0 0 0 0 0 0 0 0 0 0 0 0 0 0 0 0 0 0 0 0 0 0 0 0 0 0 0 0 0 0 0 0 0 0 0 0 0 0 0 0 0 0 0 0 0 0 0 0 0 0 0 0 0 0 0 0 0 0 0 0 0 0 0 0 0 0 0 0 0 0 0 0 0 0 0 0 0 0 0 0 0 0 0 0 0 0 0 0 0 0 0 0 0 0 0 0 0 0 0 0 0 0 0 0 0 0 0 0 0 0 0 0 0 0 0 0 0 0 0 0 0 0 0 0 0 0 0 0 0 0 0 0 0 0 0 0 0 0 0 0 0 0 0 0 0 0 0 0 0 0 0 0 0 0 0 0 0 0 0 0 0 0 0 0 0 0 0 0 0 0 0 0 0 0 0 0 0 0 0 0 0 0 0 0 0 0 0 0 0 0 0 0 0 0 0 0 0 0 0 0 0 0 0 0 0 0 0 0 0 0 0 0 0 0 0 0 0 0 0 0 0 0 0 0 0 0 0 0 0 0 0 0 0 0 0 0 0 0 0 0 0 0 0 0 0 0 0 0 0 0 0 0 0 0 0 0 0 0 0 0 0 0 0 0 0 0 0 0 0 0 0 0 0 0 0 0 0 0 0 0 0 0 0 0 0 0 0 0 0 0 0 0 0 0 0 0 0 0 0 0 0 0 0 0 0 0 0 0 0 0 0 0 0 0 0 0 0 0 0 0 0 0 0 0 0 0 0 0 0 0 0 0 0 0 0 0 0 0 0 0 0 0 0 0 0 0 0 0 0 0 0 0 0 0 0 0 0 0 0 0 0 0 0 0 0 0 0 0 0 0 0 0 0 0 0 0 0 0 0 0 0 0 0 0 0 0 0 0 0 0 0 0 0 0 0 0 0 0 0 0 0 0 0 0 0 0 0 0 0 0 0 0 0 0 0 0 0 0 0 0 0
 0 0 0 0 0 0 0 0 0 0 0 0 0 0 0 0 0 0 0 0 0 0 0 0 0 0 0 0 0 0 0 0 0 0 0 0 0 0 0 0 0 0 0 0 0 0 0 0 0 0 0 0 0 0 0 0 0 0 0 0 0 0 0 0 0 0 0 0 0 0 0 0 0 0 0 0 0 0 0 0 0 0 0 0 0 0 0 0 0 0 0 0 0 0 0 0 0 0 0 0 0 0 0 0 0 0 0 0 0 0 0 0 0 0 0 0 0 0 0 0 0 0 0 0 0 0 0 0 0 0 0 0 0 0 0 0 0 0 0 0 0 0 0 0 0 0 0 0 0 0 0 0 0 0 0 0 0 0 0 0 0 0 0 0 0 0 0 0 0 0 0 0 0 0 0 0 0 0 0 0 0 0 0 0 0 0 0 0 0 0 0 0 0 0 0 0 0 0 0 0 0 0 0 0 0 0 0 0 0 0 0 0 0 0 0 0 0 0 0 0 0 0 0 0 0 0 0 0 0 0 0 0 0 0 0 0 0 0 0 0 0 0 0 0 0 0 0 0 0 0 0 0 0 0 0 0 0 0 0 0 0 0 0 0 0 0 0 0 0 0 0 0 0 0 0 0 0 0 0 0 0 0 0 0 0 0 0 0 0 0 0 0 0 0 0 0 0 0 0 0 0 0 0 0 0 0 0 0 0 0 0 0 0 0 0 0 0 0 0 0 0 0 0 0 0 0 0 0 0 0 0 0 0 0 0 0 0 0 0 0 0 0 0 0 0 0 0 0 0 0 0 0 0 0 0 0 0 0 0 0 0 0 0 0 0 0 0 0 0 0 0 0 0 0 0 0 0 0 0 0 0 0 0 0 0 0 0 0 0 0 0 0 0 0 0 0 0 0 0 0 0 0 0 0 0 0 0 0 0 0 0 0 0 0 0 0 0 0 0 0 0 0 0 0 0 0 0 0 0 0 0 0 0 0 0 0 0 0 0 0 0 0 0 0 0 0 0 0 0 0 0 0 0 0 0 0 0 0 0 0 0 0 0 0 0 0 0 0 0 0 0 0 0 0 0 0 0 0 0 0 0 0 0 0 0 0 0 0 0 0 0 0 0 0 0 0 0 0 0 0 0 0 0 0 0 0 0 0 0 0 0 0 0 0 0 0 0 0 0 0 0 0 0 0 0 0 0 0 0 0 0 0 0 0 0 0 0 0 0 0 0 0 0 0 0 0 0 0 0 0 0 0 0 0 0 0 0 0 0 0 0 0 0 0 0 0 0 0 0 0 0 0 0 0 0 0 0 0 0 0 0 0 0 0 0 0 0 0 0 0 0 0 0 0 0 0 0 0 0 0
 0 0 0 0 0 0 0 0 0 0 0 0 0 0 0 0 0 0 0 0 0 0 0 0 0 0 0 0 0 0 0 0 0 0 0 0 0 0 0 0 0 0 0 0 0 0 0 0 0 0 0 0 0 0 0 0 0 0 0 0 0 0 0 0 0 0 0 0 0 0 0 0 0 0 0 0 0 0 0 0 0 0 0 0 0 0 0 0 0 0 0 0 0 0 0 0 0 0 0 0 0 0 0 0 0 0 0 0 0 0 0 0 0 0 0 0 0 0 0 0 0 0 0 0 0 0 0 0 0 0 0 0 0 0 0 0 0 0 0 0 0 0 0 0 0 0 0 0 0 0 0 0 0 0 0 0 0 0 0 0 0 0 0 0 0 0 0 0 0 0 0 0 0 0 0 0 0 0 0 0 0 0 0 0 0 0 0 0 0 0 0 0 0 0 0 0 0 0 0 0 0 0 0 0 0 0 0 0 0 0 0 0 0 0 0 0 0 0 0 0 0 0 0 0 0 0 0 0 0 0 0 0 0 0 0 0 0 0 0 0 0 0 0 0 0 0 0 0 0 0 0 0 0 0 0 0 0 0 0 0 0 0 0 0 0 0 0 0 0 0 0 0 0 0 0 0 0 0 0 0 0 0 0 0 0 0 0 0 0 0 0 0 0 0 0 0 0 0 0 0 0 0 0 0 0 0 0 0 0 0 0 0 0 0 0 0 0 0 0 0 0 0 0 0 0 0 0 0 0 0 0 0 0 0 0 0 0 0 0 0 0 0 0 0 0 0 0 0 0 0 0 0 0 0 0 0 0 0 0 0 0 0 0 0 0 0 0 0 0 0 0 0 0 0 0 0 0 0 0 0 0 0 0 0 0 0 0 0 0 0 0 0 0 0 0 0 0 0 0 0 0 0 0 0 0 0 0 0 0 0 0 0 0 0 0 0 0 0 0 0 0 0 0 0 0 0 0 0 0 0 0 0 0 0 0 0 0 0 0 0 0 0 0 0 0 0 0 0 0 0 0 0 0 0 0 0 0 0 0 0 0 0 0 0 0 0 0 0 0 0 0 0 0 0 0 0 0 0 0 0 0 0 0 0 0 0 0 0 0 0 0 0 0 0 0 0 0 0 0 0 0 0 0 0 0 0 0 0 0 0 0 0 0 0 0 0 0 0 0 0 0 0 0 0 0 0 0 0 0 0 0 0 0 0 0 0 0 0 0 0 0 0 0 0 0 0 0 0 0 0 0 0 0 0 0 0 0 0 0 0 0 0 0 0 0 0 0 0 0 0 0 0 0 0 0 0 0 0 0 0 0 0 0 0 0 0 0 0 0 0 0 0 0 0 0 0 0 0 0 0
 0 0 0 0 0 0 0 0 0 0 0 0 0 0 0 0 0 0 0 0 0 0 0 0 0 0 0 0 0 0 0 0 0 0 0 0 0 0 0 0 0 0 0 0 0 0 0 0 0 0 0 0 0 0 0 0 0 0 0 0 0 0 0 0 0 0 0 0 0 0 0 0 0 0 0 0 0 0 0 0 0 0 0 0 0 0 0 0 0 0 0 0 0 0 0 0 0 0 0 0 0 0 0 0 0 0 0 0 0 0 0 0 0 0 0 0 0 0 0 0 0 0 0 0 0 0 0 0 0 0 0 0 0 0 0 0 0 0 0 0 0 0 0 0 0 0 0 0 0 0 0 0 0 0 0 0 0 0 0 0 0 0 0 0 0 0 0 0 0 0 0 0 0 0 0 0 0 0 0 0 0 0 0 0 0 0 0 0 0 0 0 0 0 0 0 0 0 0 0 0 0 0 0 0 0 0 0 0 0 0 0 0 0 0 0 0 0 0 0 0 0 0 0 0 0 0 0 0 0 0 0 0 0 0 0 0 0 0 0 0 0 0 0 0 0 0 0 0 0 0 0 0 0 0 0 0 0 0 0 0 0 0 0 0 0 0 0 0 0 0 0 0 0 0 0 0 0 0 0 0 0 0 0 0 0 0 0 0 0 0 0 0 0 0 0 0 0 0 0 0 0 0 0 0 0 0 0 0 0 0 0 0 0 0 0 0 0 0 0 0 0 2.373774259467609e-05 0.0005366293480619788 0.001542885787785053 0.003053024876862764 0.005061278119683266 0.007554769515991211 0.01053833309561014 0.01402239501476288 0.01799450069665909 0.02239535935223103 0.02725627087056637 0.03255400434136391 0.03820244967937469 0.04419142380356789 0.05053748190402985 0.05716052651405334 0.0640547052025795 0.07125630974769592 0.07875010371208191 0.08650351315736771 0.09453359991312027 0.1028435826301575 0.1113851591944695 0.1201319694519043 0.1290769726037979 0.1382320374250412 0.1475473791360855 0.1569922864437103 0.1664967089891434 0.1760523468255997 0.18515744805336 0.1918946355581284 0.1950260102748871 0.1937554329633713 0.1875740885734558 0.1781953871250153 0.1692856252193451 0.1608213484287262 0.1527802795171738 0.1451412588357925 0.1378841996192932 0.1309899836778641 0.1244404837489128 0.1182184591889381 0.112307533621788 0.1066921576857567 0.1013575494289398 0.09628967195749283 0.09147518873214722 0.08690142631530762 0.08255635201931 0.07842853665351868 0.07450710982084274 0.07078175246715546 0.06724266707897186 0.06388053297996521 0.06068650633096695 0.05765218287706375 0.05476957559585571 0.05203109607100487 0.04942953959107399 0.04695806279778481 0.0446101613342762 0.04237965494394302 0.0402606725692749 0.03824763745069504 0.03633525595068932 0.03451849147677422 0.03279256820678711 0.03115293942391872 0.02959529310464859 0.0281155277043581 0.02670975215733051 0.0253742653876543 0.02410555258393288 0.02290027588605881 0.02175526134669781 0.02066749893128872 0.01963412389159203 0.01865241676568985 0.01771979592740536 0.01683380641043186 0.01599211618304253 0.01519251056015491 0.0144328847527504 0.01371124014258385 0.01302567776292562 0.0123743936419487 0.01175567414611578 0.01116789039224386 0.01060949545353651 0.01007902063429356 0.009575069881975651 0.009096316061913967 0.008641500025987625 0.008209425024688244 0.007798953913152218 0.007409006357192993 0.007038556039333344 0.006686628330498934 0.006352297030389309 0.006034682039171457 0.005732947960495949 0.005446300376206636 0.005173985380679369 0.00491528632119298 0.004669521935284138 0.00443604588508606 0.004214243497699499 0.00400353129953146 0.003803354687988758 0.003613187000155449 0.003432527650147676 0.0032609011977911 0.003097856184467673 0.0029429632704705 0.002795815002173185 0.002656024182215333 0.00252322293817997 0.002397061791270971 0.002277208724990487 0.002163348253816366 0.002055180724710226 0.001952421735040843 0.001854800619184971 0.001762060564942658 0.001673957565799356 0.001590259722433984 0.001510746777057648 0.001435209414921701 0.001363448915071785 0.001295276451855898 0.001230512629263103 0.001168987015262246 0.001110537676140666 0.001055010827258229 0.001002260250970721 0.0009521472384221852 0.0009045398910529912 0.0008593128877691925 0.000816347252111882 0.0007755298865959048 0.0007367533980868757 0.0006999157485552132 0.0006649199640378356 0.0006316739600151777 0.0006000902503728867 0.000570085714571178 0.000541581423021853 0.0005145023460499942 0.0004887772374786437 0.0004643383726943284 0.0004411214613355696 0.0004190653853584081 0.0003981121117249131 0.0003782065177801996 0.0003592961875256151 0.0003413313825149089 0.0003242648090235889 0.0003080515598412603 0.0002926489687524736 0.000278016523225233 0.0002641156897880137 0.0002509099140297621 0.0002383644168730825 0.0002264461945742369 0.0002151238877559081 0.0002043676940957084 0.0001941493101185188 0.0001844418438849971 0.0001752197567839175 0.0001664587762206793 0.0001581358374096453 0.000150229039718397 0.0001427175884600729 0.0001355817075818777 0.0001288026251131669 0.0001223625004058704 0.0001162443732027896 0.0001104321563616395 0.0001049105485435575 9.966501966118813e-05 9.46817672229372e-05 8.994767995318398e-05 8.545029413653538e-05 8.117777906591073e-05 7.711889338679612e-05 7.326294871745631e-05 6.959980237297714e-05 6.61198137095198e-05 6.281382229644805e-05 5.967312972643413e-05 5.668947414960712e-05 5.385500116972253e-05 5.1162249292247e-05 4.860413537244312e-05 4.617392914951779e-05 4.386523141874932e-05 4.167197039350867e-05 3.9588372601429e-05 3.760895560844801e-05 3.572850619093515e-05 3.394208033569157e-05 3.224497777409852e-05 3.063272743020207e-05 2.910109105869196e-05 2.764603596006054e-05 2.626373498060275e-05 2.495054832252208e-05 2.370302172494121e-05 2.251787009299733e-05 2.139197749784216e-05 2.032237898674794e-05 1.930626058310736e-05 1.834094837249722e-05 1.742390122672077e-05 1.65527053468395e-05 1.572507062519435e-05 1.493881700298516e-05 1.419187628926011e-05 1.348228215647396e-05 1.280816832149867e-05 1.216776036017109e-05 1.155937206931412e-05 1.098140364774736e-05 1.043233351083472e-05 9.910716471495107e-06 9.415181011718232e-06 8.944422006607056e-06 8.497200724377763e-06 8.072340278886259e-06 7.668722901144065e-06 7.285286756086862e-06 6.921022304595681e-06 6.574971394002205e-06 6.246222710615257e-06 5.933911779720802e-06 5.637216418108437e-06 5.355355824576691e-06 5.087587851448916e-06 4.83320854982594e-06 4.591548076859908e-06 4.36197069575428e-06 4.143872047279729e-06 3.936678240279434e-06 3.73984426005336e-06 3.552852149368846e-06 3.375209644218558e-06 3.206449264325784e-06 3.046126721528708e-06 2.893820465033059e-06 2.749129407675355e-06 2.611672925922903e-06 2.481089268258074e-06 2.357034873057273e-06 2.239183231722564e-06 2.127223979186965e-06 2.020862666540779e-06 1.91981962416321e-06 1.823828597480315e-06 1.73263720171235e-06 1.646005330258049e-06 1.563705041007779e-06 1.485519760535681e-06 1.411243829352316e-06 1.340681592409965e-06 1.273647512789466e-06 1.209965148518677e-06 1.149466925198794e-06 1.091993567570171e-06 1.037393872138637e-06 9.855241387413116e-07 9.362479431729298e-07 8.894355687516509e-07 8.449637789453845e-07 8.027155899981153e-07 7.625798161825514e-07 7.244508424264495e-07 6.882282832521014e-07
 0 0 0 0 0 0 0 0 0 0 0 0 0 0 0 0 0 0 0 0 0 0 0 0 0 0 0 0 0 0 0 0 0 0 0 0 0 0 0 0 0 0 0 0 0 0 0 0 0 0 0 0 0 0 0 0 0 0 0 0 0 0 0 0 0 0 0 0 0 0 0 0 0 0 0 0 0 0 0 0 0 0 0 0 0 0 0 0 0 0 0 0 0 0 0 0 0 0 0 0 0 0 0 0 0 0 0 0 0 0 0 0 0 0 0 0 0 0 0 0 0 0 0 0 0 0 0 0 0 0 0 0 0 0 0 0 0 0 0 0 0 0 0 0 0 0 0 0 0 0 0 0 0 0 0 0 0 0 0 0 0 0 0 0 0 0 0 0 0 0 0 0 0 0 0 0 0 0 0 0 0 0 0 0 0 0 0 0 0 0 0 0 0 0 0 0 0 0 0 0 0 0 0 0 0 0 0 0 0 0 0 0 0 0 0 0 0 0 0 0 0 0 0 0 0 0 0 0 0 0 0 0 0 0 0 0 0 0 0 0 0 0 0 0 0 0 0 0 0 0 0 0 0 0 0 0 0 0 0 0 0 0 0 0 0 0 0 0 0 0 0 0 0 0 0 0 0 0 0 0 0 0 0 0 0 0 0 0 0 0 0 0 0 0 0 0 0 0 0 0 0 0 0 0 0 0 0 0 0 0 0 0 0 0 0 0 0 0 0 0 0 0 0 0 0 0 0 0 0 0 0 0 0 0 0 0 0 0 0 0 0 0 0 0 0 0 0 0 0 0 0 0 0 0 0 0 0 0 0 0 0 0 0 0 0 0 0 0 0 0 0 0 0 0 0 0 0 0 0 0 0 0 0 0 0 0 0 0 0 0 0 0 0 0 0 0 0 0 0 0 0 0 0 0 0 0 0 0 0 0 0 0 0 0 0 0 0 0 0 0 0 0 0 0 0 0 0 0 0 0 0 0 0 0 0 0 0 0 0 0 0 0 0 0 0 0 0 0 0 0 0 0 0 0 0 0 0 0 0 0 0 0 0 0 0 0 0 0 0 0 0 0 0 0 0 0 0 0 0 0 0 0 0 0 0 0 0 0 0 0 0 0 0 0 0 0 0 0 0 0 0 0 0 0 0 0 0 0 0 0 0 0 0 0 0 0 0 0 0 0 0 0 0 0 0 0 0 0 0 0 0 0 0 0 0 0 0 0 0 0 0 0 0 0 0 0 0 0 0 0 0 0 0 0 0 0 0 0 0 0 0 0 0 0 0 0 0 0 0 0 0 0 0 0 0 0 0 0 0 0 0 0 0 0 0 0 0 0 0 0 0 0 0 0 0 0 0 0 0 0
 0 0 0 0 0 0 0 0 0 0 0 0 0 0 0 0 0 0 0 0 0 0 0 0 0 0 0 0 0 0 0 0 0 0 0 0 0 0 0 0 0 0 0 0 0 0 0 0 0 0 0 0 0 0 0 0 0 0 0 0 0 0 0 0 0 0 0 0 0 0 0 0 0 0 0 0 0 0 0 0 0 0 0 0 0 0 0 0 0 0 0 0 0 0 0 0 0 0 0 0 0 0 0 0 0 0 0 0 0 0 0 0 0 0 0 0 0 0 0 0 0 0 0 0 0 0 0 0 0 0 0 0 0 0 0 0 0 0 0 0 0 0 0 0 0 0 0 0 0 0 0 0 0 0 0 0 0 0 0 0 0 0 0 0 0 0 0 0 0 0 0 0 0 0 0 0 0 0 0 0 0 0 0 0 0 0 0 0 0 0 0 0 0 0 0 0 0 0 0 0 0 0 0 0 0 0 0 0 0 0 0 0 0 0 0 0 0 0 0 0 0 0 0 0 0 0 0 0 0 0 0 0 0 0 0 0 0 0 0 0 0 0 0 0 0 0 0 0 0 0 0 0 0 0 0 0 0 0 0 0 0 0 0 0 0 0 0 0 0 0 0 0 0 0 0 0 0 0 0 0 0 0 0 0 0 0 0 0 0 0 0 0 0 0 0 0 0 0 0 0 0 0 0 0 0 0 0 0 0 0 0 0 0 0 0 0 0 0 0 0 0 0 0 0 0 0 0 0 0 0 0 0 0 0 0 0 0 0 0 0 0 0 0 0 0 0 0 0 0 0 0 0 0 0 0 0 0 0 0 0 0 0 0 0 0 0 0 0 0 0 0 0 0 0 0 0 0 0 0 0 0 0 0 0 0 0 0 0 0 0 0 0 0 0 0 0 0 0 0 0 0 0 0 0 0 0 0 0 0 0 0 0 0 0 0 0 0 0 0 0 0 0 0 0 0 0 0 0 0 0 0 0 0 0 0 0 0 0 0 0 0 0 0 0 0 0 0 0 0 0 0 0 0 0 0 0 0 0 0 0 0 0 0 0 0 0 0 0 0 0 0 0 0 0 0 0 0 0 0 0 0 0 0 0 0 0 0 0 0 0 0 0 0 0 0 0 0 0 0 0 0 0 0 0 0 0 0 0 0 0 0 0 0 0 0 0 0 0 0 0 0 0 0 0 0 0 0 0 0 0 0 0 0 0 0 0 0 0 0 0 0 0 0 0 0 0 0 0 0 0 0 0 0 0 0 0 0 0 0 0 0 0 0 0 0 0 0 0 0 0 0 0 0 0 0 0 0 0 0 0 0 0 0 0 0 0 0 0 0 0 0 0 0 0 0 0 0 0 0 0
 0 0 0 0 0 0 0 0 0 0 0 0 0 0 0 0 0 0 0 0 0 0 0 0 0 0 0 0 0 0 0 0 0 0 0 0 0 0 0 0 0 0 0 0 0 0 0 0 0 0 0 0 0 0 0 0 0 0 0 0 0 0 0 0 0 0 0 0 0 0 0 0 0 0 0 0 0 0 0 0 0 0 0 0 0 0 0 0 0 0 0 0 0 0 0 0 0 0 0 0 0 0 0 0 0 0 0 0 0 0 0 0 0 0 0 0 0 0 0 0 0 0 0 0 0 0 0 0 0 0 0 0 0 0 0 0 0 0 0 0 0 0 0 0 0 0 0 0 0 0 0 0 0 0 0 0 0 0 0 0 0 0 0 0 0 0 0 0 0 0 0 0 0 0 0 0 0 0 0 0 0 0 0 0 0 0 0 0 0 0 0 0 0 0 0 0 0 0 0 0 0 0 0 0 0 0 0 0 0 0 0 0 0 0 0 0 0 0 0 0 0 0 0 0 0 0 0 0 0 0 0 0 0 0 0 0 0 0 0 0 0 0 0 0 0 0 0 0 0 0 0 0 0 0 0 0 0 0 0 0 0 0 0 0 0 0 0 0 0 0 0 0 0 0 0 0 0 0 0 0 0 0 0 0 0 0 0 0 0 0 0 0 0 0 0 0 0 0 0 0 0 0 0 0 0 0 0 0 0 0 0 0 0 0 0 0 0 0 0 0 0 0 0 0 0 0 0 0 0 0 0 0 0 0 0 0 0 0 0 0 0 0 0 0 0 0 0 0 0 0 0 0 0 0 0 0 0 0 0 0 0 0 0 0 0 0 0 0 0 0 0 0 0 0 0 0 0 0 0 0 0 0 0 0 0 0 0 0 0 0 0 0 0 0 0 0 0 0 0 0 0 0 0 0 0 0 0 0 0 0 0 0 0 0 0 0 0 0 0 0 0 0 0 0 0 0 0 0 0 0 0 0 0 0 0 0 0 0 0 0 0 0 0 0 0 0 0 0 0 0 0 0 0 0 0 0 0 0 0 0 0 0 0 0 0 0 0 0 0 0 0 0 0 0 0 0 0 0 0 0 0 0 0 0 0 0 0 0 0 0 0 0 0 0 0 0 0 0 0 0 0 0 0 0 0 0 0 0 0 0 0 0 0 0 0 0 0 0 0 0 0 0 0 0 0 0 0 0 0 0 0 0 0 0 0 0 0 0 0 0 0 0 0 0 0 0 0 0 0 0 0 0 0 0 0 0 0 0 0 0 0 0 0 0 0 0 0 0 0 0 0 0 0 0 0 0 0 0 0 0 0 0 0 0 0 0 0 0 0 0 0 0 0 0 0 0 0 0 0 0
 0 0 0 0 0 0 0 0 0 0 0 0 0 0 0 0 0 0 0 0 0 0 0 0 0 0 0 0 0 0 0 0 0 0 0 0 0 0 0 0 0 0 0 0 0 0 0 0 0 0 0 0 0 0 0 0 0 0 0 0 0 0 0 0 0 0 0 0 0 0 0 0 0 0 0 0 0 0 0 0 0 0 0 0 0 0 0 0 0 0 0 0 0 0 0 0 0 0 0 0 0 0 0 0 0 0 0 0 0 0 0 0 0 0 0 0 0 0 0 0 0 0 0 0 0 0 0 0 0 0 0 0 0 0 0 0 0 0 0 0 0 0 0 0 0 0 0 0 0 0 0 0 0 0 0 0 0 0 0 0 0 0 0 0 0 0 0 0 0 0 0 0 0 0 0 0 0 0 0 0 0 0 0 0 0 0 0 0 0 0 0 0 0 0 0 0 0 0 0 0 0 0 0 0 0 0 0 0 0 0 0 0 0 0 0 0 0 0 0 0 0 0 0 0 0 0 0 0 0 0 0 0 0 0 0 0 0 0 0 0 0 0 0 0 0 0 0 0 0 0 0 0 0 0 0 0 0 0 0 0 0 0 0 0 0 0 0 0 0 0 0 0 0 0 0 0 0 0 0 0 0 0 0 0 0 0 0 0 0 0 0 0 0 0 0 0 0 0 0 0 0 0 0 0 0 0 0 0 0 0 0 0 0 0 0 0 0 0 0 0 0 0 0 0.0003704957198351622 0.001240753219462931 0.002628373680636287 0.004512597806751728 0.006876624189317226 0.009714158251881599 0.01303763128817081 0.0168486163020134 0.02111660316586494 0.02585666254162788 0.03101959079504013 0.03655119240283966 0.04237489402294159 0.0484844408929348 0.05483358353376389 0.06144928932189941 0.06834999471902847 0.07556134462356567 0.08305986225605011 0.09083125740289688 0.09886311739683151 0.1071582064032555 0.115642286837101 0.1242709457874298 0.1330501288175583 0.1418871879577637 0.150775358080864 0.1597165614366531 0.1687329858541489 0.1778114587068558 0.1851429641246796 0.1893373280763626 0.189467266201973 0.1849310994148254 0.1756845414638519 0.1669003069400787 0.1585552990436554 0.150627538561821 0.1430961638689041 0.135941356420517 0.1291442811489105 0.1226870641112328 0.1165527105331421 0.110725075006485 0.105188824236393 0.09992938488721848 0.0949329137802124 0.09018626809120178 0.08567695319652557 0.08139310777187347 0.07732345163822174 0.07345727831125259 0.06978441774845123 0.06629519909620285 0.06298043578863144 0.0598314143717289 0.05683984234929085 0.05399785190820694 0.05129795894026756 0.04873305931687355 0.04629640653729439 0.04398158565163612 0.04178250581026077 0.03969338163733482 0.03770871087908745 0.0358232744038105 0.03403211012482643 0.03233050554990768 0.03071398101747036 0.02917828224599361 0.02771936729550362 0.02633339911699295 0.02501672878861427 0.02376589179039001 0.02257759682834148 0.02144871652126312 0.02037627995014191 0.01935746520757675 0.01838959194719791 0.01747011207044125 0.0165966060012579 0.01576677523553371 0.0149784367531538 0.01422951463609934 0.01351803913712502 0.01284213736653328 0.01220003049820662 0.01159002911299467 0.01101052761077881 0.01046000141650438 0.009937001392245293 0.009440151043236256 0.008968143723905087 0.008519736118614674 0.008093749172985554 0.00768906157463789 0.007304608356207609 0.006939378101378679 0.00659240921959281 0.00626278854906559 0.005949649028480053 0.005652166437357664 0.005369557999074459 0.005101080052554607 0.004846026189625263 0.004603724926710129 0.00437353877350688 0.004154861904680729 0.003947118762880564 0.003749762894585729 0.003562274854630232 0.003384161042049527 0.003214953001588583 0.003054205328226089 0.002901494968682528 0.002756420290097594 0.002618599217385054 0.002487669233232737 0.002363285748288035 0.002245121402665973 0.002132865367457271 0.002026222180575132 0.001924911048263311 0.001828665495850146 0.00173723220359534 0.001650370541028678 0.001567851984873414 0.00148945942055434 0.001414986443705857 0.00134423712734133 0.001277025323361158 0.001213174080476165 0.001152515411376953 0.001094889594241977 0.001040145056322217 0.000988137791864574 0.0009387308964505792 0.0008917943341657519 0.0008472045883536339 0.0008048443705774844 0.0007646021549589932 0.0007263720617629588 0.0006900534499436617 0.000655550800729543 0.0006227732519619167 0.00059163459809497 0.0005620528827421367 0.0005339502240531147 0.0005072526982985437 0.0004818900488317013 0.0004577955405693501 0.000434905756264925 0.0004131604800932109 0.0003925024648196995 0.0003728773444890976 0.0003542334889061749 0.0003365218290127814 0.0003196957404725254 0.0003037109563592821 0.0002885254216380417 0.0002740991476457566 0.0002603941829875112 0.0002473744680173695 0.0002350057475268841 0.0002232554543297738 0.0002120926801580936 0.0002014880446949974 0.0001914136373670772 0.0001818429591367021 0.0001727508060866967 0.0001641132694203407 0.0001559076044941321 0.0001481122308177873 0.0001407066156389192 0.000133671288494952 0.0001269877247978002 0.0001206383385579102 0.0001146064241765998 0.000108876105514355 0.0001034322995110415 9.826068708207458e-05 9.334765491075814e-05 8.868027362041175e-05 8.424626139458269e-05 8.003394759725779e-05 7.603225094499066e-05 7.223063585115597e-05 6.861910514999181e-05 6.518814916489646e-05 6.192873843247071e-05 5.883230187464505e-05 5.58906867809128e-05 5.309615153237246e-05 5.04413437738549e-05 4.791927494807169e-05 4.55233093816787e-05 4.324714245740324e-05 4.108478606212884e-05 3.90305467590224e-05 3.707901851157658e-05 3.522506813169457e-05 3.346381345181726e-05 3.179062332492322e-05 3.020109215867706e-05 2.869103809644002e-05 2.725648664636537e-05 2.589366158645134e-05 2.459897768858355e-05 2.336902798560914e-05 2.220057649537921e-05 2.109054730681237e-05 2.003601912292652e-05 1.903421798488125e-05 1.808250635804143e-05 1.717838131298777e-05 1.631946179259103e-05 1.550348861201201e-05 1.472831445425982e-05 1.399189841322368e-05 1.329230326518882e-05 1.262768819287885e-05 1.199630423798226e-05 1.13964888441842e-05 1.082666403817711e-05 1.028533097269246e-05 9.771064469532575e-06 9.282511200581212e-06 8.818386049824767e-06 8.377466656384058e-06 7.958593414514326e-06 7.560663561889669e-06 7.182630270108348e-06 6.823498551966622e-06 6.482323442469351e-06 6.158207270345883e-06 5.850296929565957e-06 5.557782060350291e-06 5.279892775433837e-06 5.015898295823717e-06 4.765103312820429e-06 4.526847988017835e-06 4.300505679566413e-06 4.085480213689152e-06 3.8812063394289e-06 3.687146090669557e-06 3.50278878613608e-06 3.327649437778746e-06 3.161266931783757e-06 3.003203573825886e-06 2.853043497452745e-06 2.71039129984274e-06 2.57487181443139e-06 2.446128291921923e-06 2.323821945537929e-06 2.207630814154982e-06 2.097249307553284e-06 1.99238684217562e-06 1.892767500066839e-06 1.798129119379155e-06 1.70822261225112e-06 1.622811510060274e-06 1.541670940241602e-06 1.464587398913864e-06 1.391358068758564e-06 1.321790136898926e-06 1.255700681213057e-06 1.192915647152404e-06 1.133269847741758e-06 1.076606395145063e-06 1.022776132231229e-06 9.716372915136162e-07 9.230554383066192e-07 8.769026749178011e-07 8.330575269610563e-07 7.914046591395163e-07 7.518344204981986e-07 7.142426738937502e-07
 0 0 0 0 0 0 0 0 0 0 0 0 0 0 0 0 0 0 0 0 0 0 0 0 0 0 0 0 0 0 0 0 0 0 0 0 0 0 0 0 0 0 0 0 0 0 0 0 0 0 0 0 0 0 0 0 0 0 0 0 0 0 0 0 0 0 0 0 0 0 0 0 0 0 0 0 0 0 0 0 0 0 0 0 0 0 0 0 0 0 0 0 0 0 0 0 0 0 0 0 0 0 0 0 0 0 0 0 0 0 0 0 0 0 0 0 0 0 0 0 0 0 0 0 0 0 0 0 0 0 0 0 0 0 0 0 0 0 0 0 0 0 0 0 0 0 0 0 0 0 0 0 0 0 0 0 0 0 0 0 0 0 0 0 0 0 0 0 0 0 0 0 0 0 0 0 0 0 0 0 0 0 0 0 0 0 0 0 0 0 0 0 0 0 0 0 0 0 0 0 0 0 0 0 0 0 0 0 0 0 0 0 0 0 0 0 0 0 0 0 0 0 0 0 0 0 0 0 0 0 0 0 0 0 0 0 0 0 0 0 0 0 0 0 0 0 0 0 0 0 0 0 0 0 0 0 0 0 0 0 0 0 0 0 0 0 0 0 0 0 0 0 0 0 0 0 0 0 0 0 0 0 0 0 0 0 0 0 0 0 0 0 0 0 0 0 0 0 0 0 0 0 0 0 0 0 0 0 0 0 0 0 0 0 0 0 0 0 0 0 0 0 0 0 0 0 0 0 0 0 0 0 0 0 0 0 0 0 0 0 0 0 0 0 0 0 0 0 0 0 0 0 0 0 0 0 0 0 0 0 0 0 0 0 0 0 0 0 0 0 0 0 0 0 0 0 0 0 0 0 0 0 0 0 0 0 0 0 0 0 0 0 0 0 0 0 0 0 0 0 0 0 0 0 0 0 0 0 0 0 0 0 0 0 0 0 0 0 0 0 0 0 0 0 0 0 0 0 0 0 0 0 0 0 0 0 0 0 0 0 0 0 0 0 0 0 0 0 0 0 0 0 0 0 0 0 0 0 0 0 0 0 0 0 0 0 0 0 0 0 0 0 0 0 0 0 0 0 0 0 0 0 0 0 0 0 0 0 0 0 0 0 0 0 0 0 0 0 0 0 0 0 0 0 0 0 0 0 0 0 0 0 0 0 0 0 0 0 0 0 0 0 0 0 0 0 0 0 0 0 0 0 0 0 0 0 0 0 0 0 0 0 0 0 0 0 0 0 0 0 0 0 0 0 0 0 0 0 0 0 0 0 0 0 0 0 0 0 0 0 0 0 0 0 0 0 0 0 0 0 0 0 0 0 0 0 0 0 0 0 0 0 0 0 0 0 0 0 0 0
 0 0 0 0 0 0 0 0 0 0 0 0 0 0 0 0 0 0 0 0 0 0 0 0 0 0 0 0 0 0 0 0 0 0 0 0 0 0 0 0 0 0 0 0 0 0 0 0 0 0 0 0 0 0 0 0 0 0 0 0 0 0 0 0 0 0 0 0 0 0 0 0 0 0 0 0 0 0 0 0 0 0 0 0 0 0 0 0 0 0 0 0 0 0 0 0 0 0 0 0 0 0 0 0 0 0 0 0 0 0 0 0 0 0 0 0 0 0 0 0 0 0 0 0 0 0 0 0 0 0 0 0 0 0 0 0 0 0 0 0 0 0 0 0 0 0 0 0 0 0 0 0 0 0 0 0 0 0 0 0 0 0 0 0 0 0 0 0 0 0 0 0 0 0 0 0 0 0 0 0 0 0 0 0 0 0 0 0 0 0 0 0 0 0 0 0 0 0 0 0 0 0 0 0 0 0 0 0 0 0 0 0 0 0 0 0 0 0 0 0 0 0 0 0 0 0 0 0 0 0 0 0 0 0 0 0 0 0 0 0 0 0 0 0 0 0 0 0 0 0 0 0 0 0 0 0 0 0 0 0 0 0 0 0 0 0 0 0 0 0 0 0 0 0 0 0 0 0 0 0 0 0 0 0 0 0 0 0 0 0 0 0 0 0 0 0 0 0 0 0 0 0 0 0 0 0 0 0 0 0 0 0 0 0 0 0 0 0 0 0 0 0 0 0 0 0 0 0 0 0 0 0 0 0 0 0 0 0 0 0 0 0 0 0 0 0 0 0 0 0 0 0 0 0 0 0 0 0 0 0 0 0 0 0 0 0 0 0 0 0 0 0 0 0 0 0 0 0 0 0 0 0 0 0 0 0 0 0 0 0 0 0 0 0 0 0 0 0 0 0 0 0 0 0 0 0 0 0 0 0 0 0 0 0 0 0 0 0 0 0 0 0 0 0 0 0 0 0 0 0 0 0 0 0 0 0 0 0 0 0 0 0 0 0 0 0 0 0 0 0 0 0 0 0 0 0 0 0 0 0 0 0 0 0 0 0 0 0 0 0 0 0 0 0 0 0 0 0 0 0 0 0 0 0 0 0 0 0 0 0 0 0 0 0 0 0 0 0 0 0 0 0 0 0 0 0 0 0 0 0 0 0 0 0 0 0 0 0 0 0 0 0 0 0 0 0 0 0 0 0 0 0 0 0 0 0 0 0 0 0 0 0 0 0 0 0 0 0 0 0 0 0 0 0 0 0 0 0 0 0 0 0 0 0 0 0 0 0 0 0 0 0 0 0 0 0 0 0 0 0 0 0 0 0 0 0 0 0 0 0 0 0 0 0 0 0 0 0 0 0
 0 0 0 0 0 0 0 0 0 0 0 0 0 0 0 0 0 0 0 0 0 0 0 0 0 0 0 0 0 0 0 0 0 0 0 0 0 0 0 0 0 0 0 0 0 0 0 0 0 0 0 0 0 0 0 0 0 0 0 0 0 0 0 0 0 0 0 0 0 0 0 0 0 0 0 0 0 0 0 0 0 0 0 0 0 0 0 0 0 0 0 0 0 0 0 0 0 0 0 0 0 0 0 0 0 0 0 0 0 0 0 0 0 0 0 0 0 0 0 0 0 0 0 0 0 0 0 0 0 0 0 0 0 0 0 0 0 0 0 0 0 0 0 0 0 0 0 0 0 0 0 0 0 0 0 0 0 0 0 0 0 0 0 0 0 0 0 0 0 0 0 0 0 0 0 0 0 0 0 0 0 0 0 0 0 0 0 0 0 0 0 0 0 0 0 0 0 0 0 0 0 0 0 0 0 0 0 0 0 0 0 0 0 0 0 0 0 0 0 0 0 0 0 0 0 0 0 0 0 0 0 0 0 0 0 0 0 0 0 0 0 0 0 0 0 0 0 0 0 0 0 0 0 0 0 0 0 0 0 0 0 0 0 0 0 0 0 0 0 0 0 0 0 0 0 0 0 0 0 0 0 0 0 0 0 0 0 0 0 0 0 0 0 0 0 0 0 0 0 0 0 0 0 0 0 0 0 0 0 0 0 0 0 0 0 0 0 0 0 0 0 0 0 0 0 0 0 0 0 0 0 0 0 0 0 0 0 0 0 0 0 0 0 0 0 0 0 0 0 0 0 0 0 0 0 0 0 0 0 0 0 0 0 0 0 0 0 0 0 0 0 0 0 0 0 0 0 0 0 0 0 0 0 0 0 0 0 0 0 0 0 0 0 0 0 0 0 0 0 0 0 0 0 0 0 0 0 0 0 0 0 0 0 0 0 0 0 0 0 0 0 0 0 0 0 0 0 0 0 0 0 0 0 0 0 0 0 0 0 0 0 0 0 0 0 0 0 0 0 0 0 0 0 0 0 0 0 0 0 0 0 0 0 0 0 0 0 0 0 0 0 0 0 0 0 0 0 0 0 0 0 0 0 0 0 0 0 0 0 0 0 0 0 0 0 0 0 0 0 0 0 0 0 0 0 0 0 0 0 0 0 0 0 0 0 0 0 0 0 0 0 0 0 0 0 0 0 0 0 0 0 0 0 0 0 0 0 0 0 0 0 0 0 0 0 0 0 0 0 0 0 0 0 0 0 0 0 0 0 0 0 0 0 0 0 0 0 0 0 0 0 0 0 0 0 0 0 0 0 0 0 0 0 0 0 0 0 0 0 0 0 0 0 0 0 0 0 0 0 0
 0 0 0 0 0 0 0 0 0 0 0 0 0 0 0 0 0 0 0 0 0 0 0 0 0 0 0 0 0 0 0 0 0 0 0 0 0 0 0 0 0 0 0 0 0 0 0 0 0 0 0 0 0 0 0 0 0 0 0 0 0 0 0 0 0 0 0 0 0 0 0 0 0 0 0 0 0 0 0 0 0 0 0 0 0 0 0 0 0 0 0 0 0 0 0 0 0 0 0 0 0 0 0 0 0 0 0 0 0 0 0 0 0 0 0 0 0 0 0 0 0 0 0 0 0 0 0 0 0 0 0 0 0 0 0 0 0 0 0 0 0 0 0 0 0 0 0 0 0 0 0 0 0 0 0 0 0 0 0 0 0 0 0 0 0 0 0 0 0 0 0 0 0 0 0 0 0 0 0 0 0 0 0 0 0 0 0 0 0 0 0 0 0 0 0 0 0 0 0 0 0 0 0 0 0 0 0 0 0 0 0 0 0 0 0 0 0 0 0 0 0 0 0 0 0 0 0 0 0 0 0 0 0 0 0 0 0 0 0 0 0 0 0 0 0 0 0 0 0 0 0 0 0 0 0 0 0 0 0 0 0 0 0 0 0 0 0 0 0 0 0 0 0 0 0 0 0 0 0 0 0 0 0 0 0 0 0 0 0 0 0 0 0 0 0 0 0 0 0 0 0 0 0 0 0 0 0 0 0 0 0 0 0 0 0 0 0 0 0 0 0 0 0 0.0004202972631901503 0.001321711810305715 0.002730884589254856 0.00464214663952589 0.007059665862470865 0.00996171310544014 0.0133329639211297 0.01714340224862099 0.02135720476508141 0.0259789377450943 0.03094558790326118 0.03625690191984177 0.04184028506278992 0.04766838252544403 0.05373305827379227 0.06005086004734039 0.06662629544734955 0.07345615327358246 0.08058729767799377 0.08799867331981659 0.09567143023014069 0.1036033406853676 0.1118182241916656 0.1202497854828835 0.1288447678089142 0.1375568211078644 0.146304726600647 0.1551287174224854 0.1640607416629791 0.1730877906084061 0.1806083917617798 0.1852026730775833 0.1858877539634705 0.1820600181818008 0.1733257919549942 0.1646595001220703 0.1564265191555023 0.1486051976680756 0.1411749422550201 0.1341162025928497 0.1274103969335556 0.1210398748517036 0.1149878799915314 0.1092384830117226 0.1037765592336655 0.09858772903680801 0.09365834295749664 0.08897542953491211 0.0845266580581665 0.08030032366514206 0.07628531008958817 0.07247104495763779 0.06884749233722687 0.06540511548519135 0.06213485822081566 0.05902811512351036 0.05607670918107033 0.05327287316322327 0.05060923099517822 0.04807876795530319 0.04567483067512512 0.04339108988642693 0.04122153669595718 0.03916046023368835 0.03720243647694588 0.03534231334924698 0.03357519954442978 0.0318964384496212 0.03030161559581757 0.02878653444349766 0.02734720706939697 0.02597984671592712 0.0246808547526598 0.02344681136310101 0.02227446995675564 0.02116074599325657 0.02010270953178406 0.01909757405519485 0.01814269460737705 0.01723556034266949 0.0163737814873457 0.01555509213358164 0.01477733720093966 0.01403847057372332 0.01333654671907425 0.01266971975564957 0.01203623414039612 0.01143442280590534 0.01086270157247782 0.01031956635415554 0.009803587570786476 0.00931340828537941 0.008847737684845924 0.008405351080000401 0.007985083386301994 0.007585829123854637 0.007206537760794163 0.006846210919320583 0.00650390051305294 0.006178705487400293 0.005869770422577858 0.005576281808316708 0.005297467578202486 0.005032594315707684 0.004780964460223913 0.004541916307061911 0.004314820282161236 0.00409907940775156 0.003894125344231725 0.003699419088661671 0.003514448180794716 0.00333872577175498 0.003171789459884167 0.003013199893757701 0.002862539840862155 0.002719412790611386 0.002583442255854607 0.002454270143061876 0.002331556752324104 0.002214978914707899 0.002104229992255569 0.001999018481001258 0.001899067545309663 0.001804114202968776 0.001713908510282636 0.001628213096410036 0.001546802464872599 0.00146946229506284 0.001395989209413528 0.001326189725659788 0.001259880256839097 0.001196886296384037 0.001137041952461004 0.00108018983155489 0.001026180339977145 0.0009748713346198201 0.0009261277737095952 0.0008798213675618172 0.0008358302875421941 0.0007940387586131692 0.0007543368265032768 0.0007166200084611773 0.0006807890022173524 0.000646749569568783 0.0006144120707176626 0.0005836914642713964 0.0005545068997889757 0.0005267815431579947 0.0005004424601793289 0.0004754203255288303 0.0004516493063420057 0.0004290668293833733 0.0004076134937349707 0.0003872328088618815 0.0003678711655084044 0.0003494776028674096 0.0003320037212688476 0.0003154035366605967 0.0002996333641931415 0.0002846517018042505 0.0002704191138036549 0.0002568981726653874 0.0002440532698528841 0.0002318506012670696 0.00022025806538295 0.0002092451613862067 0.0001987829018617049 0.0001888437545858324 0.0001794015697669238 0.0001704314927337691 0.0001619099202798679 0.0001538144279038534 0.000146123711601831 0.0001388175296597183 0.0001318766589974985 0.0001252828224096447 0.0001190186812891625 0.000113067748316098 0.0001074143583537079 0.0001020436393446289 9.694145410321653e-05 9.209437848767266e-05 8.748965774429962e-05 8.31151774036698e-05 7.895941962487996e-05 7.501144864363596e-05 7.126087439246476e-05 6.769783067284152e-05 6.431293877540156e-05 6.109729292802513e-05 5.804242755402811e-05 5.514030635822564e-05 5.238328958512284e-05 4.976412674295716e-05 4.727592022391036e-05 4.491212530410849e-05 4.26665174018126e-05 4.053319207741879e-05 3.850653229164891e-05 3.658120476757176e-05 3.475214543868788e-05 3.301453762105666e-05 3.136381201329641e-05 2.979562123073265e-05 2.830583980539814e-05 2.689054781512823e-05 2.554601996962447e-05 2.426871833449695e-05 2.305528323631734e-05 2.190251871070359e-05 2.080739250232e-05 1.976702333195135e-05 1.87786718015559e-05 1.783973857527599e-05 1.694775164651219e-05 1.610036451893393e-05 1.529534711153246e-05 1.453057939215796e-05 1.38040504680248e-05 1.311384767177515e-05 1.245815565198427e-05 1.18352481877082e-05 1.124348545999965e-05 1.068131132342387e-05 1.014724603010109e-05 9.639883501222357e-06 9.15788950806018e-06 8.699995305505581e-06 8.264995813078713e-06 7.851745976950042e-06 7.459158496203599e-06 7.086200639605522e-06 6.731890607625246e-06 6.395296168193454e-06 6.075531473470619e-06 5.77175478611025e-06 5.48316711501684e-06 5.209008577367058e-06 4.948557943862397e-06 4.701129910245072e-06 4.466073278308613e-06 4.242769591655815e-06 4.030631316709332e-06 3.829099568974925e-06 3.637644567788811e-06 3.455762453086209e-06 3.282974375906633e-06 3.118825588899199e-06 2.962884309454239e-06 2.814740128087578e-06 2.674003098945832e-06 2.540302830311703e-06 2.413287802482955e-06 2.292623321409337e-06 2.177992200813605e-06 2.069092488454771e-06 1.965637920875452e-06 1.867355990725628e-06 1.773988174136321e-06 1.685288793851214e-06 1.601024337105628e-06 1.520973114566004e-06 1.444924464522046e-06 1.372678298139363e-06 1.304044417338446e-06 1.238842173734156e-06 1.176900013888371e-06 1.118055024562636e-06 1.062152250597137e-06 1.009044581223861e-06 9.585924090060871e-07 9.10662777187099e-07 8.651296639072825e-07 8.218731863962603e-07 7.807795441294729e-07 7.417405640808283e-07 7.04653530192445e-07
 0 0 0 0 0 0 0 0 0 0 0 0 0 0 0 0 0 0 0 0 0 0 0 0 0 0 0 0 0 0 0 0 0 0 0 0 0 0 0 0 0 0 0 0 0 0 0 0 0 0 0 0 0 0 0 0 0 0 0 0 0 0 0 0 0 0 0 0 0 0 0 0 0 0 0 0 0 0 0 0 0 0 0 0 0 0 0 0 0 0 0 0 0 0 0 0 0 0 0 0 0 0 0 0 0 0 0 0 0 0 0 0 0 0 0 0 0 0 0 0 0 0 0 0 0 0 0 0 0 0 0 0 0 0 0 0 0 0 0 0 0 0 0 0 0 0 0 0 0 0 0 0 0 0 0 0 0 0 0 0 0 0 0 0 0 0 0 0 0 0 0 0 0 0 0 0 0 0 0 0 0 0 0 0 0 0 0 0 0 0 0 0 0 0 0 0 0 0 0 0 0 0 0 0 0 0 0 0 0 0 0 0 0 0 0 0 0 0 0 0 0 0 0 0 0 0 0 0 0 0 0 0 0 0 0 0 0 0 0 0 0 0 0 0 0 0 0 0 0 0 0 0 0 0 0 0 0 0 0 0 0 0 0 0 0 0 0 0 0 0 0 0 0 0 0 0 0 0 0 0 0 0 0 0 0 0 0 0 0 0 0 0 0 0 0 0 0 0 0 0 0 0 0 0 0 0 0 0 0 0 0 0 0 0 0 0 0 0 0 0 0 0 0 0 0 0 0 0 0 0 0 0 0 0 0 0 0 0 0 0 0 0 0 0 0 0 0 0 0 0 0 0 0 0 0 0 0 0 0 0 0 0 0 0 0 0 0 0 0 0 0 0 0 0 0 0 0 0 0 0 0 0 0 0 0 0 0 0 0 0 0 0 0 0 0 0 0 0 0 0 0 0 0 0 0 0 0 0 0 0 0 0 0 0 0 0 0 0 0 0 0 0 0 0 0 0 0 0 0 0 0 0 0 0 0 0 0 0 0 0 0 0 0 0 0 0 0 0 0 0 0 0 0 0 0 0 0 0 0 0 0 0 0 0 0 0 0 0 0 0 0 0 0 0 0 0 0 0 0 0 0 0 0 0 0 0 0 0 0 0 0 0 0 0 0 0 0 0 0 0 0 0 0 0 0 0 0 0 0 0 0 0 0 0 0 0 0 0 0 0 0 0 0 0 0 0 0 0 0 0 0 0 0 0 0 0 0 0 0 0 0 0 0 0 0 0 0 0 0 0 0 0 0 0 0 0 0 0 0 0 0 0 0 0 0 0 0 0 0 0 0 0 0 0 0 0 0 0 0 0 0 0 0 0 0 0 0 0 0 0 0 0 0 0 0 0 0 0 0 0
 0 0 0 0 0 0 0 0 0 0 0 0 0 0 0 0 0 0 0 0 0 0 0 0 0 0 0 0 0 0 0 0 0 0 0 0 0 0 0 0 0 0 0 0 0 0 0 0 0 0 0 0 0 0 0 0 0 0 0 0 0 0 0 0 0 0 0 0 0 0 0 0 0 0 0 0 0 0 0 0 0 0 0 0 0 0 0 0 0 0 0 0 0 0 0 0 0 0 0 0 0 0 0 0 0 0 0 0 0 0 0 0 0 0 0 0 0 0 0 0 0 0 0 0 0 0 0 0 0 0 0 0 0 0 0 0 0 0 0 0 0 0 0 0 0 0 0 0 0 0 0 0 0 0 0 0 0 0 0 0 0 0 0 0 0 0 0 0 0 0 0 0 0 0 0 0 0 0 0 0 0 0 0 0 0 0 0 0 0 0 0 0 0 0 0 0 0 0 0 0 0 0 0 0 0 0 0 0 0 0 0 0 0 0 0 0 0 0 0 0 0 0 0 0 0 0 0 0 0 0 0 0 0 0 0 0 0 0 0 0 0 0 0 0 0 0 0 0 0 0 0 0 0 0 0 0 0 0 0 0 0 0 0 0 0 0 0 0 0 0 0 0 0 0 0 0 0 0 0 0 0 0 0 0 0 0 0 0 0 0 0 0 0 0 0 0 0 0 0 0 0 0 0 0 0 0 0 0 0 0 0 0 0 0 0 0 0 0 0 0 0 0 0 0 0 0 0 0 0 0 0 0 0 0 0 0 0 0 0 0 0 0 0 0 0 0 0 0 0 0 0 0 0 0 0 0 0 0 0 0 0 0 0 0 0 0 0 0 0 0 0 0 0 0 0 0 0 0 0 0 0 0 0 0 0 0 0 0 0 0 0 0 0 0 0 0 0 0 0 0 0 0 0 0 0 0 0 0 0 0 0 0 0 0 0 0 0 0 0 0 0 0 0 0 0 0 0 0 0 0 0 0 0 0 0 0 0 0 0 0 0 0 0 0 0 0 0 0 0 0 0 0 0 0 0 0 0 0 0 0 0 0 0 0 0 0 0 0 0 0 0 0 0 0 0 0 0 0 0 0 0 0 0 0 0 0 0 0 0 0 0 0 0 0 0 0 0 0 0 0 0 0 0 0 0 0 0 0 0 0 0 0 0 0 0 0 0 0 0 0 0 0 0 0 0 0 0 0 0 0 0 0 0 0 0 0 0 0 0 0 0 0 0 0 0 0 0 0 0 0 0 0 0 0 0 0 0 0 0 0 0 0 0 0 0 0 0 0 0 0 0 0 0 0 0 0 0 0 0 0 0 0 0 0 0 0 0 0 0 0 0 0 0 0 0 0 0 0 0 0


# name: r_0_m9_G0_L0p3_D0p7
# type: matrix
# rows: 1
# columns: 14
 0 -9 0.2 0 0.3 0 -5.219381666666667 0 0 0.1262376201322991 0 154.5 1.224744871391589 0.7




