# Created by Octave 3.8.2, Sat Jun 17 19:48:54 2017 BST <co1ssj@node117>
# name: result
# type: scalar struct
# ndims: 2
 1 1
# length: 3
# name: params
# type: scalar struct
# ndims: 2
 1 1
# length: 18
# name: cleanup
# type: scalar
0


# name: num_runs
# type: scalar
6


# name: dopamine
# type: scalar
0.7


# name: targetCross
# type: scalar
1


# name: targetLuminance
# type: scalar
0.3


# name: targetWidthX
# type: scalar
6


# name: targetWidthY
# type: scalar
2


# name: fixCross
# type: scalar
1


# name: fixLuminance
# type: scalar
0.2


# name: fixWidthX
# type: scalar
6


# name: fixWidthY
# type: scalar
2


# name: fixOn
# type: scalar
0


# name: targetOff
# type: scalar
1


# name: targetOn
# type: scalar
0.2


# name: fixOff
# type: scalar
0.2


# name: targetThetaX
# type: scalar
0


# name: targetThetaY
# type: scalar
-15


# name: exptnum
# type: scalar
0




# name: r_0_m15_G0_L0p3_D0p7_llbn
# type: matrix
# rows: 24
# columns: 600
 0 0 0 0 0 0 0 0 0 0 0 0 0 0 0 0 0 0 0 0 0 0 0 0 0 0 0 0 0 0 0 0 0 0 0 0 0 0 0 0 0 0 0 0 0 0 0 0 0 0 0 0 0 0 0 0 0 0 0 0 0 0 0 0 0 0 0 0 0 0 0 0 0 0 0 0 0 0 0 0 0 0 0 0 0 0 0 0 0 0 0 0 0 0 0 0 0 0 0 0 0 0 0 0 0 0 0 0 0 0 0 0 0 0 0 0 0 0 0 0 0 0 0 0 0 0 0 0 0 0 0 0 0 0 0 0 0 0 0 0 0 0 0 0 0 0 0 0 0 0 0 0 0 0 0 0 0 0 0 0 0 0 0 0 0 0 0 0 0 0 0 0 0 0 0 0 0 0 0 0 0 0 0 0 0 0 0 0 0 0 0 0 0 0 0 0 0 0 0 0 0 0 0 0 0 0 0 0 0 0 0 0 0 0 0 0 0 0 0 0 0 0 0 0 0 0 0 0 0 0 0 0 0 0 0 0 0 0 0 0 0 0 0 0 0 0 0 0 0 0 0 0 0 0 0 0 0 0 0 0 0 0 0 0 0 0 0 0 0 0 0 0 0 0 0 0 0 0 0 0 0 0 0 0 0 0 0 0 0 0 0 0 0 0 0 0 0 0 0 0 0 0 0 0 0 0 0 0 0 0 0 0 0 0 0 0 0 0 0 0 0 0 0 0 0 0 0 0 0 0 0 0 0 0 0 0 0 0 0 0 0 0 0 0 0 0 0 0 0 0 0 0 0 0 0 0 0 0 0 0 0 0 0 0 0 0 0 0 0 0 0 0 0 0 0 0 0 0 0 0 0 0 0 0 0 0 0 0 0 0 0 0 0 0 0 0 0 0 0 0 0 0 0 0 0 0 0 0 0 0 0 0 0 0 0 0 0 0 0 0 0 0 0 0 0 0 0 0 0 0 0 0 0 0 0 0 0 0 0 0 0 0 0 0 0 0 0 0 0 0 0 0 0 0 0 0 0 0 0 0 0 0 0 0 0 0 0 0 0 0 0 0 0 0 0 0 0 0 0 0 0 0 0 0 0 0 0 0 0 0 0 0 0 0 0 0 0 0 0 0 0 0 0 0 0 0 0 0 0 0 0 0 0 0 0 0 0 0 0 0 0 0 0 0 0 0 0 0 0 0 0 0 0 0 0 0 0 0 0 0 0 0 0 0 0 0 0 0 0 0 0 0 0 0 0 0 0 0 0 0 0 0 0 0 0 0 0 0 0 0 0 0 0 0 0 0 0 0 0 0 0 0 0 0 0 0 0 0 0 0 0 0 0 0 0 0 0 0 0 0
 0 0 0 0 0 0 0 0 0 0 0 0 0 0 0 0 0 0 0 0 0 0 0 0 0 0 0 0 0 0 0 0 0 0 0 0 0 0 0 0 0 0 0 0 0 0 0 0 0 0 0 0 0 0 0 0 0 0 0 0 0 0 0 0 0 0 0 0 0 0 0 0 0 0 0 0 0 0 0 0 0 0 0 0 0 0 0 0 0 0 0 0 0 0 0 0 0 0 0 0 0 0 0 0 0 0 0 0 0 0 0 0 0 0 0 0 0 0 0 0 0 0 0 0 0 0 0 0 0 0 0 0 0 0 0 0 0 0 0 0 0 0 0 0 0 0 0 0 0 0 0 0 0 0 0 0 0 0 0 0 0 0 0 0 0 0 0 0 0 0 0 0 0 0 0 0 0 0 0 0 0 0 0 0 0 0 0 0 0 0 0 0 0 0 0 0 0 0 0 0 0 0 0 0 0 0 0 0 0 0 0 0 0 0 0 0 0 0 0 0 0 0 0 0 0 0 0 0 0 0 0 0 0 0 0 0 0 0 0 0 0 0 0 0 0 0 0 0 0 0 0 0 0 0 0 0 0 0 0 0 0 0 0 0 0 0 0 0 0 0 0 0 0 0 0 0 0 0 0 0 0 0 0 0 0 0 0 0 0 0 0 0 0 0 0 0 0 0 0 0 0 0 0 0 0 0 0 0 0 0 0 0 0 0 0 0 0 0 0 0.0008225056226365268 0.002907169284299016 0.00652021262794733 0.01177685707807541 0.01877477020025253 0.02775901928544044 0.03906944394111633 0.05294414609670639 0.06953398883342743 0.08872150629758835 0.1102383881807327 0.1340344846248627 0.1599850505590439 0.1878222823143005 0.2175862342119217 0.2492108047008514 0.2823676764965057 0.3170509934425354 0.3511984348297119 0.3836385011672974 0.4144565761089325 0.4437337517738342 0.4715470671653748 0.4979697167873383 0.5230712294578552 0.5466484427452087 0.5586509704589844 0.5580531358718872 0.5440219044685364 0.5168207883834839 0.4909797608852386 0.4664307832717896 0.4431092441082001 0.420953780412674 0.3999060988426208 0.379910796880722 0.3609152436256409 0.3428694903850555 0.3257260024547577 0.3094396889209747 0.2939676940441132 0.2792693078517914 0.2653058469295502 0.2520405650138855 0.239438533782959 0.2274666130542755 0.2160932868719101 0.2052886188030243 0.1950241923332214 0.1852729767560959 0.176009327173233 0.1672088652849197 0.1588484197854996 0.1509059965610504 0.1433607041835785 0.1361926645040512 0.1293830275535583 0.1229138746857643 0.1167681813240051 0.1109297722578049 0.1053832843899727 0.1001141220331192 0.09510841965675354 0.09035299718379974 0.08583534508943558 0.08154357969760895 0.07746639847755432 0.07359308004379272 0.06991342455148697 0.06641775369644165 0.06309686601161957 0.05994202196598053 0.05694492161273956 0.05409767478704453 0.05139278993010521 0.04882315173745155 0.04638199508190155 0.04406289383769035 0.04185974970459938 0.03976676240563393 0.03777842596173286 0.03588950634002686 0.03409503027796745 0.03239027783274651 0.03077076375484467 0.02923222631216049 0.02777061425149441 0.0263820830732584 0.02506297826766968 0.02380982972681522 0.02261933870613575 0.02148837223649025 0.02041395381093025 0.01939325593411922 0.01842359267175198 0.01750241219997406 0.01662729121744633 0.01579592749476433 0.01500613149255514 0.01425582449883223 0.01354303304105997 0.0128658814355731 0.0122225871309638 0.011611457914114 0.01103088539093733 0.01047934126108885 0.009955374523997307 0.009457605890929699 0.008984725922346115 0.008535489439964294 0.00810871459543705 0.007703278679400682 0.00731811486184597 0.006952208932489157 0.006604598369449377 0.006274368613958359 0.005960650276392698 0.005662617739289999 0.005379486829042435 0.005110512487590313 0.004854986909776926 0.004612237680703402 0.004381625913083553 0.004162544384598732 0.003954417072236538 0.003756696125492454 0.003568861400708556 0.003390418365597725 0.00322089740075171 0.003059852635487914 0.002906860085204244 0.002761517185717821 0.002623441396281123 0.002492269268259406 0.002367655746638775 0.002249273005872965 0.002136809285730124 0.00202996889129281 0.00192847044672817 0.001832046895287931 0.001740444567985833 0.001653422368690372 0.001570751192048192 0.001492213690653443 0.001417602994479239 0.001346722827292979 0.001279386691749096 0.00121541740372777 0.001154646510258317 0.001096914173103869 0.001042068470269442 0.0009899650467559695 0.0009404667653143406 0.0008934434154070914 0.0008487712475471199 0.0008063326822593808 0.0007660160772502422 0.0007277152617461979 0.0006913294782862067 0.0006567629752680659 0.0006239248323254287 0.0005927286110818386 0.0005630921805277467 0.0005349376006051898 0.0005081907147541642 0.000482781179016456 0.0004586421127896756 0.0004357100115157664 0.0004139245138503611 0.00039322828524746 0.0003735668724402785 0.0003548885288182646 0.0003371440980117768 0.0003202868974767625 0.0003042725438717753 0.0002890589239541441 0.0002746059908531606 0.0002608756767585874 0.000247831892920658 0.0002354402968194336 0.0002236682776128873 0.0002124848688254133 0.0002018606319325045 0.000191767598153092 0.0001821792247937992 0.000173070264281705 0.0001644167496124282 0.0001561959070386365 0.0001483861124143004 0.0001409668038832024 0.0001339184673270211 0.0001272225490538403 0.000120861419418361 0.0001148183509940282 0.0001090774312615395 0.0001036235626088455 9.844238229561597e-05 9.352026245323941e-05 8.884425187716261e-05 8.440203964710236e-05 8.018194057513028e-05 7.617284427396953e-05 7.236420060507953e-05 6.874599057482556e-05 6.530868995469064e-05 6.204325472936034e-05 5.894109199289232e-05 5.599403812084347e-05 5.319433694239706e-05 5.053462155046873e-05 4.800788883585483e-05 4.560749584925361e-05 4.332711978349835e-05 4.116076524951495e-05 3.910272789653391e-05 3.714759077411145e-05 3.529020978021435e-05 3.35256991093047e-05 3.184941306244582e-05 3.025694240932353e-05 2.874409619835205e-05 2.730689084273763e-05 2.594154648249969e-05 2.464446879457682e-05 2.341224535484798e-05 2.224163290520664e-05 2.11295518965926e-05 2.007307375606615e-05 1.906942088680808e-05 1.811595029721502e-05 1.72101536008995e-05 1.634964610275347e-05 1.55321631609695e-05 1.475555473007262e-05 1.401777717546793e-05 1.331688872596715e-05 1.265104401682038e-05 1.201849227072671e-05 1.141756729339249e-05 1.084668929252075e-05 1.030435487336945e-05 9.789137038751505e-06 9.299679732066579e-06 8.834696018311661e-06 8.392960808123462e-06 7.973312676767819e-06 7.574647042929428e-06 7.195914804469794e-06 6.836119155195775e-06 6.494313311122824e-06 6.169597781990888e-06 5.861118097527651e-06 5.568062078964431e-06 5.289658929541474e-06 5.025176051276503e-06 4.77391722597531e-06 4.535221250989707e-06 4.308460120228119e-06 4.093037205166183e-06 3.888385435857344e-06 3.693966164064477e-06 3.509267799017834e-06 3.333804443172994e-06 3.167114300595131e-06 3.008758540090639e-06 2.858320613086107e-06 2.715404662012588e-06 2.579634383437224e-06 2.450652573315892e-06 2.328119990124833e-06 2.211713990618591e-06 2.101128302456345e-06 1.996071887333528e-06 1.8962682588608e-06 1.801454800443025e-06 1.711382083158242e-06 1.625812956262962e-06 1.544522319818498e-06 1.467296215196257e-06 1.393931370330392e-06 1.324234744970454e-06
 0 0 0 0 0 0 0 0 0 0 0 0 0 0 0 0 0 0 0 0 0 0 0 0 0 0 0 0 0 0 0 0 0 0 0 0 0 0 0 0 0 0 0 0 0 0 0 0 0 0 0 0 0 0 0 0 0 0 0 0 0 0 0 0 0 0 0 0 0 0 0 0 0 0 0 0 0 0 0 0 0 0 0 0 0 0 0 0 0 0 0 0 0 0 0 0 0 0 0 0 0 0 0 0 0 0 0 0 0 0 0 0 0 0 0 0 0 0 0 0 0 0 0 0 0 0 0 0 0 0 0 0 0 0 0 0 0 0 0 0 0 0 0 0 0 0 0 0 0 0 0 0 0 0 0 0 0 0 0 0 0 0 0 0 0 0 0 0 0 0 0 0 0 0 0 0 0 0 0 0 0 0 0 0 0 0 0 0 0 0 0 0 0 0 0 0 0 0 0 0 0 0 0 0 0 0 0 0 0 0 0 0 0 0 0 0 0 0 0 0 0 0 0 0 0 0 0 0 0 0 0 0 0 0 0 0 0 0 0 0 0 0 0 0 0 0 0 0 0 0 0 0 0 0 0 0 0 0 0 0 0 0 0 0 0 0 0 0 0 0 0 0 0 0 0 0 0 0 0 0 0 0 0 0 0 0 0 0 0 0 0 0 0 0 0 0 0 0 0 0 0 0 0 0 0 0 0 0 0 0 0 0 0 0 0 0 0 0 0 0 0 0 0 0 0 0 0 0 0 0 0 0 0 0 0 0 0 0 0 0 0 0 0 0 0 0 0 0 0 0 0 0 0 0 0 0 0 0 0 0 0 0 0 0 0 0 0 0 0 0 0 0 0 0 0 0 0 0 0 0 0 0 0 0 0 0 0 0 0 0 0 0 0 0 0 0 0 0 0 0 0 0 0 0 0 0 0 0 0 0 0 0 0 0 0 0 0 0 0 0 0 0 0 0 0 0 0 0 0 0 0 0 0 0 0 0 0 0 0 0 0 0 0 0 0 0 0 0 0 0 0 0 0 0 0 0 0 0 0 0 0 0 0 0 0 0 0 0 0 0 0 0 0 0 0 0 0 0 0 0 0 0 0 0 0 0 0 0 0 0 0 0 0 0 0 0 0 0 0 0 0 0 0 0 0 0 0 0 0 0 0 0 0 0 0 0 0 0 0 0 0 0 0 0 0 0 0 0 0 0 0 0 0 0 0 0 0 0 0 0 0 0 0 0 0 0 0 0 0 0 0 0 0 0 0 0 0 0 0 0 0 0 0 0 0 0 0 0 0 0 0 0 0 0 0 0 0 0 0 0 0 0 0 0 0 0 0 0 0 0 0 0 0 0 0 0 0 0 0 0
 0 0 0 0 0 0 0 0 0 0 0 0 0 0 0 0 0 0 0 0 0 0 0 0 0 0 0 0 0 0 0 0 0 0 0 0 0 0 0 0 0 0 0 0 0 0 0 0 0 0 0 0 0 0 0 0 0 0 0 0 0 0 0 0 0 0 0 0 0 0 0 0 0 0 0 0 0 0 0 0 0 0 0 0 0 0 0 0 0 0 0 0 0 0 0 0 0 0 0 0 0 0 0 0 0 0 0 0 0 0 0 0 0 0 0 0 0 0 0 0 0 0 0 0 0 0 0 0 0 0 0 0 0 0 0 0 0 0 0 0 0 0 0 0 0 0 0 0 0 0 0 0 0 0 0 0 0 0 0 0 0 0 0 0 0 0 0 0 0 0 0 0 0 0 0 0 0 0 0 0 0 0 0 0 0 0 0 0 0 0 0 0 0 0 0 0 0 0 0 0 0 0 0 0 0 0 0 0 0 0 0 0 0 0 0 0 0 0 0 0 0 0 0 0 0 0 0 0 0 0 0 0 0 0 0 0 0 0 0 0 0 0 0 0 0 0 0 0 0 0 0 0 0 0 0 0 0 0 0 0 0 0 0 0 0 0 0 0 0 0 0 0 0 0 0 0 0 0 0 0 0 0 0 0 0 0 0 0 0 0 0 0 0 0 0 0 0 0 0 0 0 0 0 0 0 0 0 0 0 0 0 0 0 0 0 0 0 0 0 0 0 0 0 0 0 0 0 0 0 0 0 0 0 0 0 0 0 0 0 0 0 0 0 0 0 0 0 0 0 0 0 0 0 0 0 0 0 0 0 0 0 0 0 0 0 0 0 0 0 0 0 0 0 0 0 0 0 0 0 0 0 0 0 0 0 0 0 0 0 0 0 0 0 0 0 0 0 0 0 0 0 0 0 0 0 0 0 0 0 0 0 0 0 0 0 0 0 0 0 0 0 0 0 0 0 0 0 0 0 0 0 0 0 0 0 0 0 0 0 0 0 0 0 0 0 0 0 0 0 0 0 0 0 0 0 0 0 0 0 0 0 0 0 0 0 0 0 0 0 0 0 0 0 0 0 0 0 0 0 0 0 0 0 0 0 0 0 0 0 0 0 0 0 0 0 0 0 0 0 0 0 0 0 0 0 0 0 0 0 0 0 0 0 0 0 0 0 0 0 0 0 0 0 0 0 0 0 0 0 0 0 0 0 0 0 0 0 0 0 0 0 0 0 0 0 0 0 0 0 0 0 0 0 0 0 0 0 0 0 0 0 0 0 0 0 0 0 0 0 0 0 0 0 0 0 0 0 0 0 0 0 0 0 0 0 0 0 0 0 0 0 0 0 0 0 0 0 0 0 0
 0 0 0 0 0 0 0 0 0 0 0 0 0 0 0 0 0 0 0 0 0 0 0 0 0 0 0 0 0 0 0 0 0 0 0 0 0 0 0 0 0 0 0 0 0 0 0 0 0 0 0 0 0 0 0 0 0 0 0 0 0 0 0 0 0 0 0 0 0 0 0 0 0 0 0 0 0 0 0 0 0 0 0 0 0 0 0 0 0 0 0 0 0 0 0 0 0 0 0 0 0 0 0 0 0 0 0 0 0 0 0 0 0 0 0 0 0 0 0 0 0 0 0 0 0 0 0 0 0 0 0 0 0 0 0 0 0 0 0 0 0 0 0 0 0 0 0 0 0 0 0 0 0 0 0 0 0 0 0 0 0 0 0 0 0 0 0 0 0 0 0 0 0 0 0 0 0 0 0 0 0 0 0 0 0 0 0 0 0 0 0 0 0 0 0 0 0 0 0 0 0 0 0 0 0 0 0 0 0 0 0 0 0 0 0 0 0 0 0 0 0 0 0 0 0 0 0 0 0 0 0 0 0 0 0 0 0 0 0 0 0 0 0 0 0 0 0 0 0 0 0 0 0 0 0 0 0 0 0 0 0 0 0 0 0 0 0 0 0 0 0 0 0 0 0 0 0 0 0 0 0 0 0 0 0 0 0 0 0 0 0 0 0 0 0 0 0 0 0 0 0 0 0 0 0 0 0 0 0 0 0 0 0 0 0 0 0 0 0 0 0 0 0 0 0 0 0 0 0 0 0 0 0 0 0 0 0 0 0 0 0 0 0 0 0 0 0 0 0 0 0 0 0 0 0 0 0 0 0 0 0 0 0 0 0 0 0 0 0 0 0 0 0 0 0 0 0 0 0 0 0 0 0 0 0 0 0 0 0 0 0 0 0 0 0 0 0 0 0 0 0 0 0 0 0 0 0 0 0 0 0 0 0 0 0 0 0 0 0 0 0 0 0 0 0 0 0 0 0 0 0 0 0 0 0 0 0 0 0 0 0 0 0 0 0 0 0 0 0 0 0 0 0 0 0 0 0 0 0 0 0 0 0 0 0 0 0 0 0 0 0 0 0 0 0 0 0 0 0 0 0 0 0 0 0 0 0 0 0 0 0 0 0 0 0 0 0 0 0 0 0 0 0 0 0 0 0 0 0 0 0 0 0 0 0 0 0 0 0 0 0 0 0 0 0 0 0 0 0 0 0 0 0 0 0 0 0 0 0 0 0 0 0 0 0 0 0 0 0 0 0 0 0 0 0 0 0 0 0 0 0 0 0 0 0 0 0 0 0 0 0 0 0 0 0 0 0 0 0 0 0 0 0 0 0 0 0 0 0 0 0 0 0 0 0 0 0 0 0 0
 0 0 0 0 0 0 0 0 0 0 0 0 0 0 0 0 0 0 0 0 0 0 0 0 0 0 0 0 0 0 0 0 0 0 0 0 0 0 0 0 0 0 0 0 0 0 0 0 0 0 0 0 0 0 0 0 0 0 0 0 0 0 0 0 0 0 0 0 0 0 0 0 0 0 0 0 0 0 0 0 0 0 0 0 0 0 0 0 0 0 0 0 0 0 0 0 0 0 0 0 0 0 0 0 0 0 0 0 0 0 0 0 0 0 0 0 0 0 0 0 0 0 0 0 0 0 0 0 0 0 0 0 0 0 0 0 0 0 0 0 0 0 0 0 0 0 0 0 0 0 0 0 0 0 0 0 0 0 0 0 0 0 0 0 0 0 0 0 0 0 0 0 0 0 0 0 0 0 0 0 0 0 0 0 0 0 0 0 0 0 0 0 0 0 0 0 0 0 0 0 0 0 0 0 0 0 0 0 0 0 0 0 0 0 0 0 0 0 0 0 0 0 0 0 0 0 0 0 0 0 0 0 0 0 0 0 0 0 0 0 0 0 0 0 0 0 0 0 0 0 0 0 0 0 0 0 0 0 0 0 0 0 0 0 0 0 0 0 0 0 0 0 0 0 0 0 0 0 0 0 0 0 0 0 0 0 0 0 0 0 0 0 0 0 0 0 0 0 0 0 0 0 0 0 0 0 0 0 0 0 0 0 0 0 0 0 0 0 0 5.170890290173702e-05 0.001183310756459832 0.003572563175112009 0.007476499769836664 0.01308166887611151 0.0205432903021574 0.03015170246362686 0.04213210567831993 0.05678635090589523 0.07407484948635101 0.09392884373664856 0.1161155551671982 0.1406616568565369 0.1672201454639435 0.1956326067447662 0.2260430157184601 0.2582826316356659 0.2922679781913757 0.3276545703411102 0.361271858215332 0.3932082653045654 0.4235478639602661 0.4523704648017883 0.4797519445419312 0.505764365196228 0.5304761528968811 0.552592933177948 0.5628429651260376 0.5600965023040771 0.5436577200889587 0.5164748430252075 0.4906511008739471 0.4661185443401337 0.4428126215934753 0.4206719994544983 0.3996384143829346 0.3796564936637878 0.3606736660003662 0.3426399827003479 0.3255079984664917 0.3092325925827026 0.293770968914032 0.2790824174880981 0.2651282846927643 0.2518718838691711 0.2392782866954803 0.227314367890358 0.2159486562013626 0.205151230096817 0.1948936730623245 0.1851489841938019 0.1758915334939957 0.1670969575643539 0.1587421149015427 0.1508050113916397 0.1432647556066513 0.1361015141010284 0.1292964369058609 0.1228316128253937 0.116690032184124 0.1108555272221565 0.1053127497434616 0.1000471115112305 0.09504475444555283 0.09029251337051392 0.0857778862118721 0.08148898929357529 0.07741454243659973 0.07354381680488586 0.06986662745475769 0.06637329608201981 0.06305462867021561 0.0599018968641758 0.0569068007171154 0.05406146124005318 0.05135838687419891 0.04879046604037285 0.04635094106197357 0.04403339326381683 0.04183172434568405 0.03974013775587082 0.03775313124060631 0.03586547449231148 0.03407220169901848 0.03236859291791916 0.03075016289949417 0.02921265549957752 0.02775202319025993 0.02636442147195339 0.02504619956016541 0.02379388920962811 0.0226041954010725 0.02147398516535759 0.0204002857208252 0.01938027143478394 0.01841125823557377 0.0174906961619854 0.01661616191267967 0.01578535325825214 0.01499608531594276 0.01424628123641014 0.01353396754711866 0.01285726949572563 0.01221440639346838 0.01160368602722883 0.01102350186556578 0.01047232653945684 0.009948709979653358 0.009451274760067463 0.008978711441159248 0.008529775775969028 0.008103286847472191 0.007698122411966324 0.007313216105103493 0.006947555113583803 0.006600177381187677 0.006270168349146843 0.005956660024821758 0.005658826790750027 0.005375885404646397 0.005107091274112463 0.004851736593991518 0.004609149880707264 0.004378692246973515 0.004159757867455482 0.003951769787818193 0.003754181321710348 0.003566472325474024 0.003388148732483387 0.003218741388991475 0.003057804424315691 0.002904914319515228 0.002759668510407209 0.002621685154736042 0.002490600803866982 0.002366070868447423 0.002247767290100455 0.002135379007086158 0.002028610091656446 0.001927179633639753 0.001830820692703128 0.001739279599860311 0.001652315608225763 0.001569699845276773 0.001491214847192168 0.001416654093191028 0.001345821423456073 0.001278530340641737 0.001214603777043521 0.001153873628936708 0.001096179941669106 0.001041370909661055 0.0009893024107441306 0.0009398373076692224 0.0008928454481065273 0.0008482031989842653 0.0008057930390350521 0.0007655033841729164 0.000727228238247335 0.0006908668437972665 0.0006563235074281693 0.0006235073087736964 0.0005923319258727133 0.0005627153441309929 0.0005345795652829111 0.0005078506073914468 0.0004824580682907254 0.0004583351546898484 0.0004354183911345899 0.0004136474744882435 0.0003929650993086398 0.0003733168414328247 0.0003546510124579072 0.0003369184560142457 0.0003200725186616182 0.0003040689043700695 0.0002888654707930982 0.0002744222001638263 0.0002607010828796774 0.0002476660301908851 0.0002352827286813408 0.0002235185966128483 0.0002123426675098017 0.0002017255319515243 0.0001916392502607778 0.0001820572942961007 0.0001729544310364872 0.0001643067080294713 0.0001560913660796359 0.0001482867955928668 0.0001408724492648616 0.0001338288275292143 0.0001271373912459239 0.0001207805180456489 0.0001147414950537495 0.0001090044170268811 0.0001035541936289519 9.837648394750431e-05 9.345766011392698e-05 8.878477819962427e-05 8.434554183622822e-05 8.012826583581045e-05 7.612185436300933e-05 7.231576455524191e-05 6.869997741887346e-05 6.526497600134462e-05 6.200172356329858e-05 5.890163811272942e-05 5.5956556025194e-05 5.315872840583324e-05 5.050079198554158e-05 4.797575093107298e-05 4.557696229312569e-05 4.32981141784694e-05 4.113320756005123e-05 3.907654900103807e-05 3.712272155098617e-05 3.52665847458411e-05 3.350325641804375e-05 3.182809450663626e-05 3.023668978130445e-05 2.872485492844135e-05 2.72886118182214e-05 2.592418059066404e-05 2.462797237967607e-05 2.339657294214703e-05 2.222674447693862e-05 2.111540743499063e-05 2.005963688134216e-05 1.905665521917399e-05 1.810382309486158e-05 1.719863212201744e-05 1.633870124351233e-05 1.552176581753884e-05 1.474567761761136e-05 1.400839391862974e-05 1.330797385890037e-05 1.264257480215747e-05 1.201044597110013e-05 1.140992389991879e-05 1.08394278868218e-05 1.02974563560565e-05 9.78258321993053e-06 9.293454240832943e-06 8.828781574266031e-06 8.387342859350611e-06 7.967975761857815e-06 7.569577064714395e-06 7.191098120529205e-06 6.831543032603804e-06 6.489965926448349e-06 6.165467766550137e-06 5.857194537384203e-06 5.564334969676565e-06 5.286118266667472e-06 5.021812285121996e-06 4.770721716340631e-06 4.53218581242254e-06 4.305576567276148e-06 4.090297807124443e-06 3.885782916768221e-06 3.691493702717707e-06 3.506919028950506e-06 3.331572997922194e-06 3.164994268445298e-06 3.006744464073563e-06 2.856407263607252e-06 2.71358680947742e-06 2.577907480372232e-06 2.449012072247569e-06 2.326561570953345e-06 2.21023356061778e-06 2.099721768900054e-06 1.994735612242948e-06 1.894998831630801e-06 1.800248924155312e-06 1.710236460894521e-06 1.624724632165453e-06 1.543488451716257e-06 1.466314074605179e-06 1.392998342453211e-06
 0 0 0 0 0 0 0 0 0 0 0 0 0 0 0 0 0 0 0 0 0 0 0 0 0 0 0 0 0 0 0 0 0 0 0 0 0 0 0 0 0 0 0 0 0 0 0 0 0 0 0 0 0 0 0 0 0 0 0 0 0 0 0 0 0 0 0 0 0 0 0 0 0 0 0 0 0 0 0 0 0 0 0 0 0 0 0 0 0 0 0 0 0 0 0 0 0 0 0 0 0 0 0 0 0 0 0 0 0 0 0 0 0 0 0 0 0 0 0 0 0 0 0 0 0 0 0 0 0 0 0 0 0 0 0 0 0 0 0 0 0 0 0 0 0 0 0 0 0 0 0 0 0 0 0 0 0 0 0 0 0 0 0 0 0 0 0 0 0 0 0 0 0 0 0 0 0 0 0 0 0 0 0 0 0 0 0 0 0 0 0 0 0 0 0 0 0 0 0 0 0 0 0 0 0 0 0 0 0 0 0 0 0 0 0 0 0 0 0 0 0 0 0 0 0 0 0 0 0 0 0 0 0 0 0 0 0 0 0 0 0 0 0 0 0 0 0 0 0 0 0 0 0 0 0 0 0 0 0 0 0 0 0 0 0 0 0 0 0 0 0 0 0 0 0 0 0 0 0 0 0 0 0 0 0 0 0 0 0 0 0 0 0 0 0 0 0 0 0 0 0 0 0 0 0 0 0 0 0 0 0 0 0 0 0 0 0 0 0 0 0 0 0 0 0 0 0 0 0 0 0 0 0 0 0 0 0 0 0 0 0 0 0 0 0 0 0 0 0 0 0 0 0 0 0 0 0 0 0 0 0 0 0 0 0 0 0 0 0 0 0 0 0 0 0 0 0 0 0 0 0 0 0 0 0 0 0 0 0 0 0 0 0 0 0 0 0 0 0 0 0 0 0 0 0 0 0 0 0 0 0 0 0 0 0 0 0 0 0 0 0 0 0 0 0 0 0 0 0 0 0 0 0 0 0 0 0 0 0 0 0 0 0 0 0 0 0 0 0 0 0 0 0 0 0 0 0 0 0 0 0 0 0 0 0 0 0 0 0 0 0 0 0 0 0 0 0 0 0 0 0 0 0 0 0 0 0 0 0 0 0 0 0 0 0 0 0 0 0 0 0 0 0 0 0 0 0 0 0 0 0 0 0 0 0 0 0 0 0 0 0 0 0 0 0 0 0 0 0 0 0 0 0 0 0 0 0 0 0 0 0 0 0 0 0 0 0 0 0 0 0 0 0 0 0 0 0 0 0 0 0 0 0 0 0 0 0 0 0 0 0 0 0 0 0 0 0 0 0 0 0 0 0 0 0 0 0 0 0 0 0 0 0 0 0 0 0 0 0 0
 0 0 0 0 0 0 0 0 0 0 0 0 0 0 0 0 0 0 0 0 0 0 0 0 0 0 0 0 0 0 0 0 0 0 0 0 0 0 0 0 0 0 0 0 0 0 0 0 0 0 0 0 0 0 0 0 0 0 0 0 0 0 0 0 0 0 0 0 0 0 0 0 0 0 0 0 0 0 0 0 0 0 0 0 0 0 0 0 0 0 0 0 0 0 0 0 0 0 0 0 0 0 0 0 0 0 0 0 0 0 0 0 0 0 0 0 0 0 0 0 0 0 0 0 0 0 0 0 0 0 0 0 0 0 0 0 0 0 0 0 0 0 0 0 0 0 0 0 0 0 0 0 0 0 0 0 0 0 0 0 0 0 0 0 0 0 0 0 0 0 0 0 0 0 0 0 0 0 0 0 0 0 0 0 0 0 0 0 0 0 0 0 0 0 0 0 0 0 0 0 0 0 0 0 0 0 0 0 0 0 0 0 0 0 0 0 0 0 0 0 0 0 0 0 0 0 0 0 0 0 0 0 0 0 0 0 0 0 0 0 0 0 0 0 0 0 0 0 0 0 0 0 0 0 0 0 0 0 0 0 0 0 0 0 0 0 0 0 0 0 0 0 0 0 0 0 0 0 0 0 0 0 0 0 0 0 0 0 0 0 0 0 0 0 0 0 0 0 0 0 0 0 0 0 0 0 0 0 0 0 0 0 0 0 0 0 0 0 0 0 0 0 0 0 0 0 0 0 0 0 0 0 0 0 0 0 0 0 0 0 0 0 0 0 0 0 0 0 0 0 0 0 0 0 0 0 0 0 0 0 0 0 0 0 0 0 0 0 0 0 0 0 0 0 0 0 0 0 0 0 0 0 0 0 0 0 0 0 0 0 0 0 0 0 0 0 0 0 0 0 0 0 0 0 0 0 0 0 0 0 0 0 0 0 0 0 0 0 0 0 0 0 0 0 0 0 0 0 0 0 0 0 0 0 0 0 0 0 0 0 0 0 0 0 0 0 0 0 0 0 0 0 0 0 0 0 0 0 0 0 0 0 0 0 0 0 0 0 0 0 0 0 0 0 0 0 0 0 0 0 0 0 0 0 0 0 0 0 0 0 0 0 0 0 0 0 0 0 0 0 0 0 0 0 0 0 0 0 0 0 0 0 0 0 0 0 0 0 0 0 0 0 0 0 0 0 0 0 0 0 0 0 0 0 0 0 0 0 0 0 0 0 0 0 0 0 0 0 0 0 0 0 0 0 0 0 0 0 0 0 0 0 0 0 0 0 0 0 0 0 0 0 0 0 0 0 0 0 0 0 0 0 0 0 0 0 0 0 0 0 0 0 0 0 0 0 0 0 0 0
 0 0 0 0 0 0 0 0 0 0 0 0 0 0 0 0 0 0 0 0 0 0 0 0 0 0 0 0 0 0 0 0 0 0 0 0 0 0 0 0 0 0 0 0 0 0 0 0 0 0 0 0 0 0 0 0 0 0 0 0 0 0 0 0 0 0 0 0 0 0 0 0 0 0 0 0 0 0 0 0 0 0 0 0 0 0 0 0 0 0 0 0 0 0 0 0 0 0 0 0 0 0 0 0 0 0 0 0 0 0 0 0 0 0 0 0 0 0 0 0 0 0 0 0 0 0 0 0 0 0 0 0 0 0 0 0 0 0 0 0 0 0 0 0 0 0 0 0 0 0 0 0 0 0 0 0 0 0 0 0 0 0 0 0 0 0 0 0 0 0 0 0 0 0 0 0 0 0 0 0 0 0 0 0 0 0 0 0 0 0 0 0 0 0 0 0 0 0 0 0 0 0 0 0 0 0 0 0 0 0 0 0 0 0 0 0 0 0 0 0 0 0 0 0 0 0 0 0 0 0 0 0 0 0 0 0 0 0 0 0 0 0 0 0 0 0 0 0 0 0 0 0 0 0 0 0 0 0 0 0 0 0 0 0 0 0 0 0 0 0 0 0 0 0 0 0 0 0 0 0 0 0 0 0 0 0 0 0 0 0 0 0 0 0 0 0 0 0 0 0 0 0 0 0 0 0 0 0 0 0 0 0 0 0 0 0 0 0 0 0 0 0 0 0 0 0 0 0 0 0 0 0 0 0 0 0 0 0 0 0 0 0 0 0 0 0 0 0 0 0 0 0 0 0 0 0 0 0 0 0 0 0 0 0 0 0 0 0 0 0 0 0 0 0 0 0 0 0 0 0 0 0 0 0 0 0 0 0 0 0 0 0 0 0 0 0 0 0 0 0 0 0 0 0 0 0 0 0 0 0 0 0 0 0 0 0 0 0 0 0 0 0 0 0 0 0 0 0 0 0 0 0 0 0 0 0 0 0 0 0 0 0 0 0 0 0 0 0 0 0 0 0 0 0 0 0 0 0 0 0 0 0 0 0 0 0 0 0 0 0 0 0 0 0 0 0 0 0 0 0 0 0 0 0 0 0 0 0 0 0 0 0 0 0 0 0 0 0 0 0 0 0 0 0 0 0 0 0 0 0 0 0 0 0 0 0 0 0 0 0 0 0 0 0 0 0 0 0 0 0 0 0 0 0 0 0 0 0 0 0 0 0 0 0 0 0 0 0 0 0 0 0 0 0 0 0 0 0 0 0 0 0 0 0 0 0 0 0 0 0 0 0 0 0 0 0 0 0 0 0 0 0 0 0 0 0 0 0 0 0 0 0 0 0 0 0 0 0 0 0
 0 0 0 0 0 0 0 0 0 0 0 0 0 0 0 0 0 0 0 0 0 0 0 0 0 0 0 0 0 0 0 0 0 0 0 0 0 0 0 0 0 0 0 0 0 0 0 0 0 0 0 0 0 0 0 0 0 0 0 0 0 0 0 0 0 0 0 0 0 0 0 0 0 0 0 0 0 0 0 0 0 0 0 0 0 0 0 0 0 0 0 0 0 0 0 0 0 0 0 0 0 0 0 0 0 0 0 0 0 0 0 0 0 0 0 0 0 0 0 0 0 0 0 0 0 0 0 0 0 0 0 0 0 0 0 0 0 0 0 0 0 0 0 0 0 0 0 0 0 0 0 0 0 0 0 0 0 0 0 0 0 0 0 0 0 0 0 0 0 0 0 0 0 0 0 0 0 0 0 0 0 0 0 0 0 0 0 0 0 0 0 0 0 0 0 0 0 0 0 0 0 0 0 0 0 0 0 0 0 0 0 0 0 0 0 0 0 0 0 0 0 0 0 0 0 0 0 0 0 0 0 0 0 0 0 0 0 0 0 0 0 0 0 0 0 0 0 0 0 0 0 0 0 0 0 0 0 0 0 0 0 0 0 0 0 0 0 0 0 0 0 0 0 0 0 0 0 0 0 0 0 0 0 0 0 0 0 0 0 0 0 0 0 0 0 0 0 0 0 0 0 0 0 0 0 0 0 0 0 0 0 0 0 0 0 0 0 0.001066993339918554 0.003498231526464224 0.007446361239999533 0.01315142400562763 0.02079358696937561 0.03065860271453857 0.04295381531119347 0.05807369947433472 0.075924351811409 0.09650243818759918 0.1194631531834602 0.1444449573755264 0.1714846789836884 0.2006557732820511 0.2319163382053375 0.2652992606163025 0.3008906543254852 0.3358461260795593 0.3690538108348846 0.4006011188030243 0.430571049451828 0.459042489528656 0.486090362071991 0.5117858648300171 0.5361965894699097 0.5593867301940918 0.5717520117759705 0.5715143084526062 0.5582308769226074 0.5315294861793518 0.5049530267715454 0.4797053635120392 0.4557200968265533 0.4329341053962708 0.411287397146225 0.3907230198383331 0.3711868822574615 0.3526275455951691 0.3349961638450623 0.3182463645935059 0.3023340404033661 0.2872173488140106 0.2728564739227295 0.2592136561870575 0.2462529689073563 0.2339403182268143 0.2222433090209961 0.2111311405897141 0.2005745768547058 0.190545842051506 0.1810185462236404 0.171967625617981 0.1633692383766174 0.1552007794380188 0.1474407464265823 0.1400687098503113 0.1330652683973312 0.1264120042324066 0.120091401040554 0.1140868291258812 0.108382485806942 0.1029633581638336 0.09781519323587418 0.09292443096637726 0.08827821165323257 0.08386430144309998 0.07967108488082886 0.07568752765655518 0.07190315425395966 0.06830799579620361 0.06489259749650955 0.06164796650409698 0.05856556817889214 0.05563728883862495 0.05285542458295822 0.05021265149116516 0.04770201817154884 0.0453169159591198 0.04305107146501541 0.04089851677417755 0.03885358944535255 0.03691091015934944 0.03506536409258842 0.03331209719181061 0.0316464938223362 0.0300641693174839 0.02856096066534519 0.02713291347026825 0.02577626705169678 0.02448745444417 0.02326308190822601 0.02209992706775665 0.02099493145942688 0.0199451856315136 0.01894792541861534 0.018000528216362 0.0171005018055439 0.01624547690153122 0.01543320342898369 0.01466154307126999 0.01392846554517746 0.01323204208165407 0.01257043983787298 0.01194191817194223 0.01134482212364674 0.01077758148312569 0.0102387024089694 0.009726767428219318 0.009240428917109966 0.008778407238423824 0.008339487016201019 0.007922512479126453 0.007526386994868517 0.007150067482143641 0.006792563945055008 0.006452935747802258 0.006130288820713758 0.005823774263262749 0.005532585550099611 0.005255956202745438 0.004993158392608166 0.004743500612676144 0.004506325349211693 0.004281009081751108 0.00406695855781436 0.003863610560074449 0.003670430043712258 0.003486908506602049 0.003312563057988882 0.003146934788674116 0.002989588072523475 0.002840108703821898 0.00269810319878161 0.00256319809705019 0.002435038099065423 0.002313286298885942 0.002197622088715434 0.002087740926072001 0.001983353868126869 0.001884186174720526 0.001789976842701435 0.001700478023849428 0.001615454093553126 0.0015346814179793 0.001457947306334972 0.001385049894452095 0.001315797446295619 0.001250007539056242 0.001187507179565728 0.001128131872974336 0.001071725273504853 0.001018139068037271 0.0009672321029938757 0.000918870500754565 0.0008729269611649215 0.000829280586913228 0.0007878165342845023 0.0007484257221221924 0.0007110044243745506 0.0006754542118869722 0.0006416814867407084 0.0006095974240452051 0.000579117564484477 0.0005501616979017854 0.0005226536304689944 0.0004965209518559277 0.0004716949188150465 0.0004481101641431451 0.00042570466757752 0.0004044194356538355 0.0003841984726022929 0.0003649885475169867 0.0003467391070444137 0.0003294021589681506 0.0003129320393782109 0.0002972854417748749 0.0002824211842380464 0.000268300122115761 0.000254885118920356 0.0002421408571535721 0.0002300338092027232 0.0002185321209253743 0.0002076055097859353 0.00019722523575183 0.0001873639703262597 0.0001779957674443722 0.0001690959761617705 0.0001606411824468523 0.0001526091218693182 0.0001449786650482565 0.0001377297303406522 0.0001308432401856408 0.000124301077448763 0.0001180860272143036 0.0001121817258535884 0.0001065726391971111 0.0001012440043268725 9.618180047255009e-05 9.137271263170987e-05 8.680408063810319e-05 8.246387733379379e-05 7.834068674128503e-05 7.442365313181654e-05 7.070247374940664e-05 6.716734787914902e-05 6.380898412317038e-05 6.061853491701186e-05 5.75876074435655e-05 5.470822725328617e-05 5.197281643631868e-05 4.937417543260381e-05 4.690546484198421e-05 4.456019087228924e-05 4.233217987348326e-05 4.021557106170803e-05 3.820479105343111e-05 3.629455022746697e-05 3.447982453508303e-05 3.275583367212676e-05 3.111804107902572e-05 2.956213938887231e-05 2.808403223752975e-05 2.667983062565327e-05 2.534583836677484e-05 2.407854663033504e-05 2.287461938976776e-05 2.173088796553202e-05 2.064434374915436e-05 1.96121272892924e-05 1.863152101577725e-05 1.769994560163468e-05 1.681494904914871e-05 1.597420123289339e-05 1.517549117124872e-05 1.44167170219589e-05 1.369588153465884e-05 1.301108750340063e-05 1.236053321918007e-05 1.174250610347372e-05 1.11553808892495e-05 1.059761143551441e-05 1.006773072731448e-05 9.564344509271905e-06 9.08612764760619e-06 8.631821401650086e-06 8.200230695365462e-06 7.790219569869805e-06 7.40070845495211e-06 7.03067325957818e-06 6.679139460175065e-06 6.345182555378415e-06 6.027923518558964e-06 5.726527433580486e-06 5.440201221063035e-06 5.168191364646191e-06 4.909781637252308e-06 4.664292646339163e-06 4.431078195921145e-06 4.209524377074558e-06 3.999048203695565e-06 3.799095793510787e-06 3.609141003835248e-06 3.428684067330323e-06 3.257249773014337e-06 3.094387238888885e-06 2.939667865575757e-06 2.792684426822234e-06 2.653050160006387e-06 2.5203976292687e-06 2.394377816017368e-06 2.274658982059918e-06 2.160925987482187e-06 2.052879608527292e-06 1.950235628100927e-06 1.852723812589829e-06 1.760087570801261e-06 1.672083158155147e-06 1.588478994563047e-06 1.509055095993972e-06 1.43360239235335e-06 1.361922272735683e-06 1.293826130677189e-06 1.22913479572162e-06
 0 0 0 0 0 0 0 0 0 0 0 0 0 0 0 0 0 0 0 0 0 0 0 0 0 0 0 0 0 0 0 0 0 0 0 0 0 0 0 0 0 0 0 0 0 0 0 0 0 0 0 0 0 0 0 0 0 0 0 0 0 0 0 0 0 0 0 0 0 0 0 0 0 0 0 0 0 0 0 0 0 0 0 0 0 0 0 0 0 0 0 0 0 0 0 0 0 0 0 0 0 0 0 0 0 0 0 0 0 0 0 0 0 0 0 0 0 0 0 0 0 0 0 0 0 0 0 0 0 0 0 0 0 0 0 0 0 0 0 0 0 0 0 0 0 0 0 0 0 0 0 0 0 0 0 0 0 0 0 0 0 0 0 0 0 0 0 0 0 0 0 0 0 0 0 0 0 0 0 0 0 0 0 0 0 0 0 0 0 0 0 0 0 0 0 0 0 0 0 0 0 0 0 0 0 0 0 0 0 0 0 0 0 0 0 0 0 0 0 0 0 0 0 0 0 0 0 0 0 0 0 0 0 0 0 0 0 0 0 0 0 0 0 0 0 0 0 0 0 0 0 0 0 0 0 0 0 0 0 0 0 0 0 0 0 0 0 0 0 0 0 0 0 0 0 0 0 0 0 0 0 0 0 0 0 0 0 0 0 0 0 0 0 0 0 0 0 0 0 0 0 0 0 0 0 0 0 0 0 0 0 0 0 0 0 0 0 0 0 0 0 0 0 0 0 0 0 0 0 0 0 0 0 0 0 0 0 0 0 0 0 0 0 0 0 0 0 0 0 0 0 0 0 0 0 0 0 0 0 0 0 0 0 0 0 0 0 0 0 0 0 0 0 0 0 0 0 0 0 0 0 0 0 0 0 0 0 0 0 0 0 0 0 0 0 0 0 0 0 0 0 0 0 0 0 0 0 0 0 0 0 0 0 0 0 0 0 0 0 0 0 0 0 0 0 0 0 0 0 0 0 0 0 0 0 0 0 0 0 0 0 0 0 0 0 0 0 0 0 0 0 0 0 0 0 0 0 0 0 0 0 0 0 0 0 0 0 0 0 0 0 0 0 0 0 0 0 0 0 0 0 0 0 0 0 0 0 0 0 0 0 0 0 0 0 0 0 0 0 0 0 0 0 0 0 0 0 0 0 0 0 0 0 0 0 0 0 0 0 0 0 0 0 0 0 0 0 0 0 0 0 0 0 0 0 0 0 0 0 0 0 0 0 0 0 0 0 0 0 0 0 0 0 0 0 0 0 0 0 0 0 0 0 0 0 0 0 0 0 0 0 0 0 0 0 0 0 0 0 0 0 0 0 0 0 0 0 0 0 0 0 0 0 0 0 0 0 0 0 0
 0 0 0 0 0 0 0 0 0 0 0 0 0 0 0 0 0 0 0 0 0 0 0 0 0 0 0 0 0 0 0 0 0 0 0 0 0 0 0 0 0 0 0 0 0 0 0 0 0 0 0 0 0 0 0 0 0 0 0 0 0 0 0 0 0 0 0 0 0 0 0 0 0 0 0 0 0 0 0 0 0 0 0 0 0 0 0 0 0 0 0 0 0 0 0 0 0 0 0 0 0 0 0 0 0 0 0 0 0 0 0 0 0 0 0 0 0 0 0 0 0 0 0 0 0 0 0 0 0 0 0 0 0 0 0 0 0 0 0 0 0 0 0 0 0 0 0 0 0 0 0 0 0 0 0 0 0 0 0 0 0 0 0 0 0 0 0 0 0 0 0 0 0 0 0 0 0 0 0 0 0 0 0 0 0 0 0 0 0 0 0 0 0 0 0 0 0 0 0 0 0 0 0 0 0 0 0 0 0 0 0 0 0 0 0 0 0 0 0 0 0 0 0 0 0 0 0 0 0 0 0 0 0 0 0 0 0 0 0 0 0 0 0 0 0 0 0 0 0 0 0 0 0 0 0 0 0 0 0 0 0 0 0 0 0 0 0 0 0 0 0 0 0 0 0 0 0 0 0 0 0 0 0 0 0 0 0 0 0 0 0 0 0 0 0 0 0 0 0 0 0 0 0 0 0 0 0 0 0 0 0 0 0 0 0 0 0 0 0 0 0 0 0 0 0 0 0 0 0 0 0 0 0 0 0 0 0 0 0 0 0 0 0 0 0 0 0 0 0 0 0 0 0 0 0 0 0 0 0 0 0 0 0 0 0 0 0 0 0 0 0 0 0 0 0 0 0 0 0 0 0 0 0 0 0 0 0 0 0 0 0 0 0 0 0 0 0 0 0 0 0 0 0 0 0 0 0 0 0 0 0 0 0 0 0 0 0 0 0 0 0 0 0 0 0 0 0 0 0 0 0 0 0 0 0 0 0 0 0 0 0 0 0 0 0 0 0 0 0 0 0 0 0 0 0 0 0 0 0 0 0 0 0 0 0 0 0 0 0 0 0 0 0 0 0 0 0 0 0 0 0 0 0 0 0 0 0 0 0 0 0 0 0 0 0 0 0 0 0 0 0 0 0 0 0 0 0 0 0 0 0 0 0 0 0 0 0 0 0 0 0 0 0 0 0 0 0 0 0 0 0 0 0 0 0 0 0 0 0 0 0 0 0 0 0 0 0 0 0 0 0 0 0 0 0 0 0 0 0 0 0 0 0 0 0 0 0 0 0 0 0 0 0 0 0 0 0 0 0 0 0 0 0 0 0 0 0 0 0 0 0 0 0 0 0 0 0 0 0 0
 0 0 0 0 0 0 0 0 0 0 0 0 0 0 0 0 0 0 0 0 0 0 0 0 0 0 0 0 0 0 0 0 0 0 0 0 0 0 0 0 0 0 0 0 0 0 0 0 0 0 0 0 0 0 0 0 0 0 0 0 0 0 0 0 0 0 0 0 0 0 0 0 0 0 0 0 0 0 0 0 0 0 0 0 0 0 0 0 0 0 0 0 0 0 0 0 0 0 0 0 0 0 0 0 0 0 0 0 0 0 0 0 0 0 0 0 0 0 0 0 0 0 0 0 0 0 0 0 0 0 0 0 0 0 0 0 0 0 0 0 0 0 0 0 0 0 0 0 0 0 0 0 0 0 0 0 0 0 0 0 0 0 0 0 0 0 0 0 0 0 0 0 0 0 0 0 0 0 0 0 0 0 0 0 0 0 0 0 0 0 0 0 0 0 0 0 0 0 0 0 0 0 0 0 0 0 0 0 0 0 0 0 0 0 0 0 0 0 0 0 0 0 0 0 0 0 0 0 0 0 0 0 0 0 0 0 0 0 0 0 0 0 0 0 0 0 0 0 0 0 0 0 0 0 0 0 0 0 0 0 0 0 0 0 0 0 0 0 0 0 0 0 0 0 0 0 0 0 0 0 0 0 0 0 0 0 0 0 0 0 0 0 0 0 0 0 0 0 0 0 0 0 0 0 0 0 0 0 0 0 0 0 0 0 0 0 0 0 0 0 0 0 0 0 0 0 0 0 0 0 0 0 0 0 0 0 0 0 0 0 0 0 0 0 0 0 0 0 0 0 0 0 0 0 0 0 0 0 0 0 0 0 0 0 0 0 0 0 0 0 0 0 0 0 0 0 0 0 0 0 0 0 0 0 0 0 0 0 0 0 0 0 0 0 0 0 0 0 0 0 0 0 0 0 0 0 0 0 0 0 0 0 0 0 0 0 0 0 0 0 0 0 0 0 0 0 0 0 0 0 0 0 0 0 0 0 0 0 0 0 0 0 0 0 0 0 0 0 0 0 0 0 0 0 0 0 0 0 0 0 0 0 0 0 0 0 0 0 0 0 0 0 0 0 0 0 0 0 0 0 0 0 0 0 0 0 0 0 0 0 0 0 0 0 0 0 0 0 0 0 0 0 0 0 0 0 0 0 0 0 0 0 0 0 0 0 0 0 0 0 0 0 0 0 0 0 0 0 0 0 0 0 0 0 0 0 0 0 0 0 0 0 0 0 0 0 0 0 0 0 0 0 0 0 0 0 0 0 0 0 0 0 0 0 0 0 0 0 0 0 0 0 0 0 0 0 0 0 0 0 0 0 0 0 0 0 0 0 0 0 0 0 0 0 0 0 0 0 0 0
 0 0 0 0 0 0 0 0 0 0 0 0 0 0 0 0 0 0 0 0 0 0 0 0 0 0 0 0 0 0 0 0 0 0 0 0 0 0 0 0 0 0 0 0 0 0 0 0 0 0 0 0 0 0 0 0 0 0 0 0 0 0 0 0 0 0 0 0 0 0 0 0 0 0 0 0 0 0 0 0 0 0 0 0 0 0 0 0 0 0 0 0 0 0 0 0 0 0 0 0 0 0 0 0 0 0 0 0 0 0 0 0 0 0 0 0 0 0 0 0 0 0 0 0 0 0 0 0 0 0 0 0 0 0 0 0 0 0 0 0 0 0 0 0 0 0 0 0 0 0 0 0 0 0 0 0 0 0 0 0 0 0 0 0 0 0 0 0 0 0 0 0 0 0 0 0 0 0 0 0 0 0 0 0 0 0 0 0 0 0 0 0 0 0 0 0 0 0 0 0 0 0 0 0 0 0 0 0 0 0 0 0 0 0 0 0 0 0 0 0 0 0 0 0 0 0 0 0 0 0 0 0 0 0 0 0 0 0 0 0 0 0 0 0 0 0 0 0 0 0 0 0 0 0 0 0 0 0 0 0 0 0 0 0 0 0 0 0 0 0 0 0 0 0 0 0 0 0 0 0 0 0 0 0 0 0 0 0 0 0 0 0 0 0 0 0 0 0 0 0 0 0 0 0 0 0 0 0 0 0 0 0 0 0 0 0 0.000730508123524487 0.00267829280346632 0.006001177709549665 0.01094325818121433 0.01758135110139847 0.02606519497931004 0.03666701912879944 0.04958245158195496 0.06509939581155777 0.08303359150886536 0.1032528728246689 0.1257826387882233 0.1504569202661514 0.1771687716245651 0.2057676017284393 0.236069068312645 0.267993688583374 0.3011644184589386 0.3359336853027344 0.3691369891166687 0.4006801247596741 0.4306461215019226 0.4591138064861298 0.4861581027507782 0.5118501782417297 0.5362576842308044 0.5510185360908508 0.5534462928771973 0.5428444147109985 0.5187187194824219 0.4927827715873718 0.4681436419487 0.4447364509105682 0.4224996268749237 0.4013746380805969 0.3813059031963348 0.3622406125068665 0.3441285789012909 0.3269221484661102 0.3105760514736176 0.295047253370285 0.2802948951721191 0.2662801444530487 0.2529661357402802 0.2403178215026855 0.228301927447319 0.2168868333101273 0.2060424983501434 0.1957403719425201 0.1859533488750458 0.1766556799411774 0.1678228974342346 0.1594317555427551 0.1514601707458496 0.1438871622085571 0.1366928070783615 0.1298581659793854 0.1233652606606483 0.1171969994902611 0.1113371476531029 0.1057702898979187 0.100481778383255 0.09545768797397614 0.09068480134010315 0.08615056425333023 0.08184303343296051 0.07775088399648666 0.07386334240436554 0.07017017900943756 0.06666167080402374 0.0633285865187645 0.06016215682029724 0.05715404823422432 0.0542963445186615 0.05158152803778648 0.04900244995951653 0.04655232653021812 0.04422470927238464 0.04201347380876541 0.03991280123591423 0.03791715949773788 0.03602129966020584 0.03422023355960846 0.0325092226266861 0.03088376112282276 0.02933957241475582 0.0278725940734148 0.02647896483540535 0.02515501715242863 0.02389726601541042 0.0227024033665657 0.02156728319823742 0.02048891969025135 0.01946447417140007 0.01849124953150749 0.01756668649613857 0.01668835245072842 0.01585393399000168 0.01506123691797256 0.01430817507207394 0.01359276659786701 0.01291312836110592 0.0122674722224474 0.01165409851819277 0.01107139326632023 0.01051782350987196 0.009991932660341263 0.009492335841059685 0.009017718955874443 0.008566833101212978 0.008138491772115231 0.00773156713694334 0.007344988640397787 0.006977739278227091 0.006628852337598801 0.006297409534454346 0.005982539150863886 0.005683412309736013 0.005399241577833891 0.005129279568791389 0.004872815683484077 0.004629174713045359 0.004397715907543898 0.004177830182015896 0.00396893871948123 0.003770491806790233 0.003581967204809189 0.003402868751436472 0.00323272543027997 0.003071089275181293 0.002917534904554486 0.002771658124402165 0.002633075229823589 0.002501421375200152 0.002376350341364741 0.00225753290578723 0.002144656144082546 0.002037423430010676 0.001935552223585546 0.001838774653151631 0.001746835885569453 0.001659494126215577 0.001576519454829395 0.001497693476267159 0.001422808854840696 0.001351668382994831 0.001284084981307387 0.001219880767166615 0.001158886705525219 0.001100942376069725 0.001045895274728537 0.000993600464425981 0.0009439204586669803 0.0008967244066298008 0.0008518882095813751 0.0008092938223853707 0.0007688291370868683 0.0007303876918740571 0.0006938683218322694 0.0006591749261133373 0.0006262161768972874 0.0005949053447693586 0.0005651600658893585 0.0005369020509533584 0.0005100569687783718 0.0004845541261602193 0.0004603264096658677 0.0004373100819066167 0.0004154445778112859 0.0003946723591070622 0.0003749387396965176 0.0003561917983461171 0.0003383822040632367 0.000321463099680841 0.0003053899563383311 0.000290120457066223 0.0002756144385784864 0.0002618337166495621 0.000248742027906701 0.0002363049279665574 0.0002244896750198677 0.000213265186175704 0.0002026019210461527 0.0001924718235386536 0.0001828482345445082 0.0001737058191793039 0.0001650205231271684 0.000156769499881193 0.0001489310234319419 0.0001414844737155363 0.0001344102493021637 0.0001276897382922471 0.0001213052528328262 0.0001152399927377701 0.0001094779945560731 0.0001040040951920673 9.880388824967667e-05 9.386369492858648e-05 8.91705130925402e-05 8.471198816550896e-05 8.047639130381867e-05 7.645256846444681e-05 7.262994040502235e-05 6.899844447616488e-05 6.554852006956935e-05 6.227109406609088e-05 5.915754081797786e-05 5.619966395897791e-05 5.338968185242265e-05 5.072019848739728e-05 4.81841889268253e-05 4.57749811175745e-05 4.348623042460531e-05 4.131191963097081e-05 3.924632255802862e-05 3.728400770341977e-05 3.541980549925938e-05 3.364881558809429e-05 3.196637408109382e-05 3.036805537703913e-05 2.884965215343982e-05 2.740716990956571e-05 2.603681059554219e-05 2.473497079336084e-05 2.349822170799598e-05 2.232331098639406e-05 2.120714634656906e-05 2.014678830164485e-05 1.913944834086578e-05 1.81824761966709e-05 1.72733525687363e-05 1.640968548599631e-05 1.558920121169649e-05 1.480974151490955e-05 1.406925457558827e-05 1.336579225608148e-05 1.269750282517634e-05 1.206262732011965e-05 1.145949590863893e-05 1.08865215224796e-05 1.034219530993141e-05 9.825085726333782e-06 9.333831258118153e-06 8.867139513313305e-06 8.423782674071845e-06 8.002593858691398e-06 7.602464393130504e-06 7.222341082524508e-06 6.861223937448813e-06 6.518162535940064e-06 6.192254204506753e-06 5.882641289645107e-06 5.58850933884969e-06 5.30908391738194e-06 5.043629698775476e-06 4.791448191099335e-06 4.551875917968573e-06 4.324282144807512e-06 4.108067969355034e-06 3.902664502675179e-06 3.70753127754142e-06 3.522154656820931e-06 3.346046923979884e-06 3.178744464094052e-06 3.019807309101452e-06 2.868816864065593e-06 2.725375907175476e-06 2.58910722550354e-06 2.45965179601626e-06 2.336669240321498e-06 2.219835778305423e-06 2.108844000758836e-06 2.003401732508792e-06 1.903231691358087e-06 1.808070123843208e-06 1.717666577860655e-06 1.631783220545913e-06 1.550194042465591e-06 1.472684289183235e-06 1.399050120198808e-06 1.329097585767158e-06 1.262642740584852e-06 1.199510620608635e-06 1.139535129368596e-06
 0 0 0 0 0 0 0 0 0 0 0 0 0 0 0 0 0 0 0 0 0 0 0 0 0 0 0 0 0 0 0 0 0 0 0 0 0 0 0 0 0 0 0 0 0 0 0 0 0 0 0 0 0 0 0 0 0 0 0 0 0 0 0 0 0 0 0 0 0 0 0 0 0 0 0 0 0 0 0 0 0 0 0 0 0 0 0 0 0 0 0 0 0 0 0 0 0 0 0 0 0 0 0 0 0 0 0 0 0 0 0 0 0 0 0 0 0 0 0 0 0 0 0 0 0 0 0 0 0 0 0 0 0 0 0 0 0 0 0 0 0 0 0 0 0 0 0 0 0 0 0 0 0 0 0 0 0 0 0 0 0 0 0 0 0 0 0 0 0 0 0 0 0 0 0 0 0 0 0 0 0 0 0 0 0 0 0 0 0 0 0 0 0 0 0 0 0 0 0 0 0 0 0 0 0 0 0 0 0 0 0 0 0 0 0 0 0 0 0 0 0 0 0 0 0 0 0 0 0 0 0 0 0 0 0 0 0 0 0 0 0 0 0 0 0 0 0 0 0 0 0 0 0 0 0 0 0 0 0 0 0 0 0 0 0 0 0 0 0 0 0 0 0 0 0 0 0 0 0 0 0 0 0 0 0 0 0 0 0 0 0 0 0 0 0 0 0 0 0 0 0 0 0 0 0 0 0 0 0 0 0 0 0 0 0 0 0 0 0 0 0 0 0 0 0 0 0 0 0 0 0 0 0 0 0 0 0 0 0 0 0 0 0 0 0 0 0 0 0 0 0 0 0 0 0 0 0 0 0 0 0 0 0 0 0 0 0 0 0 0 0 0 0 0 0 0 0 0 0 0 0 0 0 0 0 0 0 0 0 0 0 0 0 0 0 0 0 0 0 0 0 0 0 0 0 0 0 0 0 0 0 0 0 0 0 0 0 0 0 0 0 0 0 0 0 0 0 0 0 0 0 0 0 0 0 0 0 0 0 0 0 0 0 0 0 0 0 0 0 0 0 0 0 0 0 0 0 0 0 0 0 0 0 0 0 0 0 0 0 0 0 0 0 0 0 0 0 0 0 0 0 0 0 0 0 0 0 0 0 0 0 0 0 0 0 0 0 0 0 0 0 0 0 0 0 0 0 0 0 0 0 0 0 0 0 0 0 0 0 0 0 0 0 0 0 0 0 0 0 0 0 0 0 0 0 0 0 0 0 0 0 0 0 0 0 0 0 0 0 0 0 0 0 0 0 0 0 0 0 0 0 0 0 0 0 0 0 0 0 0 0 0 0 0 0 0 0 0 0 0 0 0 0 0 0 0 0 0 0 0 0 0 0 0 0 0 0 0 0 0
 0 0 0 0 0 0 0 0 0 0 0 0 0 0 0 0 0 0 0 0 0 0 0 0 0 0 0 0 0 0 0 0 0 0 0 0 0 0 0 0 0 0 0 0 0 0 0 0 0 0 0 0 0 0 0 0 0 0 0 0 0 0 0 0 0 0 0 0 0 0 0 0 0 0 0 0 0 0 0 0 0 0 0 0 0 0 0 0 0 0 0 0 0 0 0 0 0 0 0 0 0 0 0 0 0 0 0 0 0 0 0 0 0 0 0 0 0 0 0 0 0 0 0 0 0 0 0 0 0 0 0 0 0 0 0 0 0 0 0 0 0 0 0 0 0 0 0 0 0 0 0 0 0 0 0 0 0 0 0 0 0 0 0 0 0 0 0 0 0 0 0 0 0 0 0 0 0 0 0 0 0 0 0 0 0 0 0 0 0 0 0 0 0 0 0 0 0 0 0 0 0 0 0 0 0 0 0 0 0 0 0 0 0 0 0 0 0 0 0 0 0 0 0 0 0 0 0 0 0 0 0 0 0 0 0 0 0 0 0 0 0 0 0 0 0 0 0 0 0 0 0 0 0 0 0 0 0 0 0 0 0 0 0 0 0 0 0 0 0 0 0 0 0 0 0 0 0 0 0 0 0 0 0 0 0 0 0 0 0 0 0 0 0 0 0 0 0 0 0 0 0 0 0 0 0 0 0 0 0 0 0 0 0 0 0 0 0 0 0 0 0 0 0 0 0 0 0 0 0 0 0 0 0 0 0 0 0 0 0 0 0 0 0 0 0 0 0 0 0 0 0 0 0 0 0 0 0 0 0 0 0 0 0 0 0 0 0 0 0 0 0 0 0 0 0 0 0 0 0 0 0 0 0 0 0 0 0 0 0 0 0 0 0 0 0 0 0 0 0 0 0 0 0 0 0 0 0 0 0 0 0 0 0 0 0 0 0 0 0 0 0 0 0 0 0 0 0 0 0 0 0 0 0 0 0 0 0 0 0 0 0 0 0 0 0 0 0 0 0 0 0 0 0 0 0 0 0 0 0 0 0 0 0 0 0 0 0 0 0 0 0 0 0 0 0 0 0 0 0 0 0 0 0 0 0 0 0 0 0 0 0 0 0 0 0 0 0 0 0 0 0 0 0 0 0 0 0 0 0 0 0 0 0 0 0 0 0 0 0 0 0 0 0 0 0 0 0 0 0 0 0 0 0 0 0 0 0 0 0 0 0 0 0 0 0 0 0 0 0 0 0 0 0 0 0 0 0 0 0 0 0 0 0 0 0 0 0 0 0 0 0 0 0 0 0 0 0 0 0 0 0 0 0 0 0 0 0 0 0 0 0 0 0 0 0 0 0 0 0 0
 0 0 0 0 0 0 0 0 0 0 0 0 0 0 0 0 0 0 0 0 0 0 0 0 0 0 0 0 0 0 0 0 0 0 0 0 0 0 0 0 0 0 0 0 0 0 0 0 0 0 0 0 0 0 0 0 0 0 0 0 0 0 0 0 0 0 0 0 0 0 0 0 0 0 0 0 0 0 0 0 0 0 0 0 0 0 0 0 0 0 0 0 0 0 0 0 0 0 0 0 0 0 0 0 0 0 0 0 0 0 0 0 0 0 0 0 0 0 0 0 0 0 0 0 0 0 0 0 0 0 0 0 0 0 0 0 0 0 0 0 0 0 0 0 0 0 0 0 0 0 0 0 0 0 0 0 0 0 0 0 0 0 0 0 0 0 0 0 0 0 0 0 0 0 0 0 0 0 0 0 0 0 0 0 0 0 0 0 0 0 0 0 0 0 0 0 0 0 0 0 0 0 0 0 0 0 0 0 0 0 0 0 0 0 0 0 0 0 0 0 0 0 0 0 0 0 0 0 0 0 0 0 0 0 0 0 0 0 0 0 0 0 0 0 0 0 0 0 0 0 0 0 0 0 0 0 0 0 0 0 0 0 0 0 0 0 0 0 0 0 0 0 0 0 0 0 0 0 0 0 0 0 0 0 0 0 0 0 0 0 0 0 0 0 0 0 0 0 0 0 0 0 0 0 0 0 0 0 0 0 0 0 0 0 0 0 0 0 0 0 0 0 0 0 0 0 0 0 0 0 0 0 0 0 0 0 0 0 0 0 0 0 0 0 0 0 0 0 0 0 0 0 0 0 0 0 0 0 0 0 0 0 0 0 0 0 0 0 0 0 0 0 0 0 0 0 0 0 0 0 0 0 0 0 0 0 0 0 0 0 0 0 0 0 0 0 0 0 0 0 0 0 0 0 0 0 0 0 0 0 0 0 0 0 0 0 0 0 0 0 0 0 0 0 0 0 0 0 0 0 0 0 0 0 0 0 0 0 0 0 0 0 0 0 0 0 0 0 0 0 0 0 0 0 0 0 0 0 0 0 0 0 0 0 0 0 0 0 0 0 0 0 0 0 0 0 0 0 0 0 0 0 0 0 0 0 0 0 0 0 0 0 0 0 0 0 0 0 0 0 0 0 0 0 0 0 0 0 0 0 0 0 0 0 0 0 0 0 0 0 0 0 0 0 0 0 0 0 0 0 0 0 0 0 0 0 0 0 0 0 0 0 0 0 0 0 0 0 0 0 0 0 0 0 0 0 0 0 0 0 0 0 0 0 0 0 0 0 0 0 0 0 0 0 0 0 0 0 0 0 0 0 0 0 0 0 0 0 0 0 0 0 0 0 0 0 0 0 0 0
 0 0 0 0 0 0 0 0 0 0 0 0 0 0 0 0 0 0 0 0 0 0 0 0 0 0 0 0 0 0 0 0 0 0 0 0 0 0 0 0 0 0 0 0 0 0 0 0 0 0 0 0 0 0 0 0 0 0 0 0 0 0 0 0 0 0 0 0 0 0 0 0 0 0 0 0 0 0 0 0 0 0 0 0 0 0 0 0 0 0 0 0 0 0 0 0 0 0 0 0 0 0 0 0 0 0 0 0 0 0 0 0 0 0 0 0 0 0 0 0 0 0 0 0 0 0 0 0 0 0 0 0 0 0 0 0 0 0 0 0 0 0 0 0 0 0 0 0 0 0 0 0 0 0 0 0 0 0 0 0 0 0 0 0 0 0 0 0 0 0 0 0 0 0 0 0 0 0 0 0 0 0 0 0 0 0 0 0 0 0 0 0 0 0 0 0 0 0 0 0 0 0 0 0 0 0 0 0 0 0 0 0 0 0 0 0 0 0 0 0 0 0 0 0 0 0 0 0 0 0 0 0 0 0 0 0 0 0 0 0 0 0 0 0 0 0 0 0 0 0 0 0 0 0 0 0 0 0 0 0 0 0 0 0 0 0 0 0 0 0 0 0 0 0 0 0 0 0 0 0 0 0 0 0 0 0 0 0 0 0 0 0 0 0 0 0 0 0 0 0 0 0 0 0 0 0 0 0 0 0 0 0 0 0 0 9.7393334726803e-05 0.001343345502391458 0.00381096638739109 0.007633930537849665 0.0130406254902482 0.02027890644967556 0.02959922328591347 0.04116616398096085 0.05535314232110977 0.07209286838769913 0.09136497974395752 0.1130189523100853 0.1366599947214127 0.1620874851942062 0.1895250231027603 0.2187279313802719 0.2497924566268921 0.283007800579071 0.3183751702308655 0.3524564206600189 0.3848336040973663 0.4155919253826141 0.4448123276233673 0.4725717008113861 0.4989431202411652 0.5239959359169006 0.5461962223052979 0.5567851066589355 0.55508953332901 0.5408894419670105 0.5138449668884277 0.4881527125835419 0.4637450873851776 0.4405578374862671 0.4185299575328827 0.397603452205658 0.3777232766151428 0.3588371276855469 0.3408952653408051 0.3238505125045776 0.3076579868793488 0.2922751009464264 0.2776613533496857 0.2637782990932465 0.2505893707275391 0.2380599081516266 0.2261569201946259 0.2148490697145462 0.2041066139936447 0.1939012855291367 0.1842062175273895 0.1749958992004395 0.1662461012601852 0.1579338014125824 0.1500371098518372 0.1425352543592453 0.135408490896225 0.1286380589008331 0.1222061589360237 0.1160958483815193 0.1102910563349724 0.1047765016555786 0.0995376780629158 0.09456079453229904 0.08983275294303894 0.08534111827611923 0.081074059009552 0.07702035456895828 0.07316933572292328 0.06951086968183517 0.06603532284498215 0.06273355334997177 0.05959687381982803 0.05661702901124954 0.05378617718815804 0.05109686776995659 0.04854202270507812 0.04611492156982422 0.04380917549133301 0.0416187159717083 0.03953777998685837 0.03756089136004448 0.03568284586071968 0.03389870375394821 0.03220376744866371 0.03059357963502407 0.02906390093266964 0.02761070616543293 0.02623017132282257 0.02491866238415241 0.02367272973060608 0.02248909324407578 0.02136463858187199 0.02029640600085258 0.01928158476948738 0.01831750571727753 0.01740163005888462 0.01653154939413071 0.01570497266948223 0.01491972431540489 0.01417373772710562 0.01346505060791969 0.01279179845005274 0.01215220894664526 0.01154459826648235 0.01096736826002598 0.01041899994015694 0.009898049756884575 0.009403146803379059 0.008932989090681076 0.008486339822411537 0.008062022738158703 0.007658921647816896 0.007275975774973631 0.006912176962941885 0.006566568277776241 0.006238239817321301 0.005926327779889107 0.005630011204630136 0.005348510574549437 0.0050810850225389 0.004827030934393406 0.004585679620504379 0.004356395453214645 0.004138575866818428 0.003931647166609764 0.003735064761713147 0.003548311535269022 0.003370895981788635 0.003202351275831461 0.003042233642190695 0.002890121890231967 0.002745615784078836 0.002608335111290216 0.002477918285876513 0.002354022348299623 0.002236321335658431 0.002124505350366235 0.002018280094489455 0.001917366054840386 0.001821497804485261 0.001730422955006361 0.001643901807256043 0.001561706769280136 0.001483621424995363 0.0014094403013587 0.001338968286290765 0.001272019930183887 0.001208418980240822 0.001147998031228781 0.00109059817623347 0.00103606830816716 0.0009842648869380355 0.0009350516484118998 0.00088829908054322 0.0008438841323368251 0.0008016899228096008 0.0007616054499521852 0.000723525183275342 0.0006873489473946393 0.0006529815145768225 0.0006203324301168323 0.0005893157795071602 0.0005598500138148665 0.0005318574840202928 0.0005052646156400442 0.000480001384858042 0.0004560013185255229 0.0004332012613303959 0.0004115412011742592 0.0003909641527570784 0.0003714159538503736 0.0003528451488818973 0.0003352029016241431 0.0003184427623637021 0.0003025206387974322 0.0002873946214094758 0.0002730248961597681 0.0002593736571725458 0.0002464049612171948 0.0002340847131563351 0.0002223804767709225 0.0002112614456564188 0.0002006983704632148 0.0001906634570332244 0.0001811302790883929 0.0001720737636787817 0.0001634700747672468 0.000155296569573693 0.0001475317403674126 0.000140155156259425 0.0001331474049948156 0.0001264900347450748 0.0001201655322802253 0.0001141572574852034 0.000108449392428156 0.0001030269195325673 9.787557064555585e-05 9.298179065808654e-05 8.833270112518221e-05 8.391606388613582e-05 7.97202592366375e-05 7.573424954898655e-05 7.19475356163457e-05 6.835015665274113e-05 6.493264663731679e-05 6.168601248646155e-05 5.860171222593635e-05 5.567162588704377e-05 5.288804459269159e-05 5.02436414535623e-05 4.773146065417677e-05 4.534488834906369e-05 4.307764538680203e-05 4.092376184416935e-05 3.8877573388163e-05 3.693369581014849e-05 3.508701047394425e-05 3.33326606778428e-05 3.166602618875913e-05 3.008272506122012e-05 2.857858817151282e-05 2.714965921768453e-05 2.579217652964871e-05 2.450256761221681e-05 2.32774400501512e-05 2.21135687752394e-05 2.100789060932584e-05 1.995749698835425e-05 1.895962122944184e-05 1.801164034986869e-05 1.711105869617313e-05 1.625550612516236e-05 1.544273072795477e-05 1.46705942825065e-05 1.393706497765379e-05 1.324021195614478e-05 1.257820167666068e-05 1.194929154735291e-05 1.135182719735894e-05 1.078423611033941e-05 1.024502398649929e-05 9.732772923598532e-06 9.2461341409944e-06 8.783827070146799e-06 8.344635716639459e-06 7.927404112706427e-06 7.53103404349531e-06 7.154482318583177e-06 6.796758043492446e-06 6.456920345954131e-06 6.13407428318169e-06 5.827370387123665e-06 5.536001935979584e-06 5.259201770968502e-06 4.99624184158165e-06 4.746429567603627e-06 4.509108293859754e-06 4.283652742742561e-06 4.069469923706492e-06 3.8659964047838e-06 3.67269649359514e-06 3.489061782602221e-06 3.314608647997375e-06 3.148878249703557e-06 2.991434257637593e-06 2.8418626243365e-06 2.69976953859441e-06 2.564780970715219e-06 2.436541990391561e-06 2.314714947715402e-06 2.198979245804367e-06 2.089030203933362e-06 1.984578602787224e-06 1.885349661279179e-06 1.791082127056143e-06 1.701528049125045e-06 1.616451640984451e-06 1.535629053250886e-06 1.458847577850975e-06 1.385905193274084e-06 1.316609882451303e-06 1.250779405381763e-06 1.18824038963794e-06 1.12882833036565e-06
 0 0 0 0 0 0 0 0 0 0 0 0 0 0 0 0 0 0 0 0 0 0 0 0 0 0 0 0 0 0 0 0 0 0 0 0 0 0 0 0 0 0 0 0 0 0 0 0 0 0 0 0 0 0 0 0 0 0 0 0 0 0 0 0 0 0 0 0 0 0 0 0 0 0 0 0 0 0 0 0 0 0 0 0 0 0 0 0 0 0 0 0 0 0 0 0 0 0 0 0 0 0 0 0 0 0 0 0 0 0 0 0 0 0 0 0 0 0 0 0 0 0 0 0 0 0 0 0 0 0 0 0 0 0 0 0 0 0 0 0 0 0 0 0 0 0 0 0 0 0 0 0 0 0 0 0 0 0 0 0 0 0 0 0 0 0 0 0 0 0 0 0 0 0 0 0 0 0 0 0 0 0 0 0 0 0 0 0 0 0 0 0 0 0 0 0 0 0 0 0 0 0 0 0 0 0 0 0 0 0 0 0 0 0 0 0 0 0 0 0 0 0 0 0 0 0 0 0 0 0 0 0 0 0 0 0 0 0 0 0 0 0 0 0 0 0 0 0 0 0 0 0 0 0 0 0 0 0 0 0 0 0 0 0 0 0 0 0 0 0 0 0 0 0 0 0 0 0 0 0 0 0 0 0 0 0 0 0 0 0 0 0 0 0 0 0 0 0 0 0 0 0 0 0 0 0 0 0 0 0 0 0 0 0 0 0 0 0 0 0 0 0 0 0 0 0 0 0 0 0 0 0 0 0 0 0 0 0 0 0 0 0 0 0 0 0 0 0 0 0 0 0 0 0 0 0 0 0 0 0 0 0 0 0 0 0 0 0 0 0 0 0 0 0 0 0 0 0 0 0 0 0 0 0 0 0 0 0 0 0 0 0 0 0 0 0 0 0 0 0 0 0 0 0 0 0 0 0 0 0 0 0 0 0 0 0 0 0 0 0 0 0 0 0 0 0 0 0 0 0 0 0 0 0 0 0 0 0 0 0 0 0 0 0 0 0 0 0 0 0 0 0 0 0 0 0 0 0 0 0 0 0 0 0 0 0 0 0 0 0 0 0 0 0 0 0 0 0 0 0 0 0 0 0 0 0 0 0 0 0 0 0 0 0 0 0 0 0 0 0 0 0 0 0 0 0 0 0 0 0 0 0 0 0 0 0 0 0 0 0 0 0 0 0 0 0 0 0 0 0 0 0 0 0 0 0 0 0 0 0 0 0 0 0 0 0 0 0 0 0 0 0 0 0 0 0 0 0 0 0 0 0 0 0 0 0 0 0 0 0 0 0 0 0 0 0 0 0 0 0 0 0 0 0 0 0 0 0 0 0 0 0 0 0 0 0 0 0 0 0
 0 0 0 0 0 0 0 0 0 0 0 0 0 0 0 0 0 0 0 0 0 0 0 0 0 0 0 0 0 0 0 0 0 0 0 0 0 0 0 0 0 0 0 0 0 0 0 0 0 0 0 0 0 0 0 0 0 0 0 0 0 0 0 0 0 0 0 0 0 0 0 0 0 0 0 0 0 0 0 0 0 0 0 0 0 0 0 0 0 0 0 0 0 0 0 0 0 0 0 0 0 0 0 0 0 0 0 0 0 0 0 0 0 0 0 0 0 0 0 0 0 0 0 0 0 0 0 0 0 0 0 0 0 0 0 0 0 0 0 0 0 0 0 0 0 0 0 0 0 0 0 0 0 0 0 0 0 0 0 0 0 0 0 0 0 0 0 0 0 0 0 0 0 0 0 0 0 0 0 0 0 0 0 0 0 0 0 0 0 0 0 0 0 0 0 0 0 0 0 0 0 0 0 0 0 0 0 0 0 0 0 0 0 0 0 0 0 0 0 0 0 0 0 0 0 0 0 0 0 0 0 0 0 0 0 0 0 0 0 0 0 0 0 0 0 0 0 0 0 0 0 0 0 0 0 0 0 0 0 0 0 0 0 0 0 0 0 0 0 0 0 0 0 0 0 0 0 0 0 0 0 0 0 0 0 0 0 0 0 0 0 0 0 0 0 0 0 0 0 0 0 0 0 0 0 0 0 0 0 0 0 0 0 0 0 0 0 0 0 0 0 0 0 0 0 0 0 0 0 0 0 0 0 0 0 0 0 0 0 0 0 0 0 0 0 0 0 0 0 0 0 0 0 0 0 0 0 0 0 0 0 0 0 0 0 0 0 0 0 0 0 0 0 0 0 0 0 0 0 0 0 0 0 0 0 0 0 0 0 0 0 0 0 0 0 0 0 0 0 0 0 0 0 0 0 0 0 0 0 0 0 0 0 0 0 0 0 0 0 0 0 0 0 0 0 0 0 0 0 0 0 0 0 0 0 0 0 0 0 0 0 0 0 0 0 0 0 0 0 0 0 0 0 0 0 0 0 0 0 0 0 0 0 0 0 0 0 0 0 0 0 0 0 0 0 0 0 0 0 0 0 0 0 0 0 0 0 0 0 0 0 0 0 0 0 0 0 0 0 0 0 0 0 0 0 0 0 0 0 0 0 0 0 0 0 0 0 0 0 0 0 0 0 0 0 0 0 0 0 0 0 0 0 0 0 0 0 0 0 0 0 0 0 0 0 0 0 0 0 0 0 0 0 0 0 0 0 0 0 0 0 0 0 0 0 0 0 0 0 0 0 0 0 0 0 0 0 0 0 0 0 0 0 0 0 0 0 0 0 0 0 0 0 0 0 0 0 0 0 0
 0 0 0 0 0 0 0 0 0 0 0 0 0 0 0 0 0 0 0 0 0 0 0 0 0 0 0 0 0 0 0 0 0 0 0 0 0 0 0 0 0 0 0 0 0 0 0 0 0 0 0 0 0 0 0 0 0 0 0 0 0 0 0 0 0 0 0 0 0 0 0 0 0 0 0 0 0 0 0 0 0 0 0 0 0 0 0 0 0 0 0 0 0 0 0 0 0 0 0 0 0 0 0 0 0 0 0 0 0 0 0 0 0 0 0 0 0 0 0 0 0 0 0 0 0 0 0 0 0 0 0 0 0 0 0 0 0 0 0 0 0 0 0 0 0 0 0 0 0 0 0 0 0 0 0 0 0 0 0 0 0 0 0 0 0 0 0 0 0 0 0 0 0 0 0 0 0 0 0 0 0 0 0 0 0 0 0 0 0 0 0 0 0 0 0 0 0 0 0 0 0 0 0 0 0 0 0 0 0 0 0 0 0 0 0 0 0 0 0 0 0 0 0 0 0 0 0 0 0 0 0 0 0 0 0 0 0 0 0 0 0 0 0 0 0 0 0 0 0 0 0 0 0 0 0 0 0 0 0 0 0 0 0 0 0 0 0 0 0 0 0 0 0 0 0 0 0 0 0 0 0 0 0 0 0 0 0 0 0 0 0 0 0 0 0 0 0 0 0 0 0 0 0 0 0 0 0 0 0 0 0 0 0 0 0 0 0 0 0 0 0 0 0 0 0 0 0 0 0 0 0 0 0 0 0 0 0 0 0 0 0 0 0 0 0 0 0 0 0 0 0 0 0 0 0 0 0 0 0 0 0 0 0 0 0 0 0 0 0 0 0 0 0 0 0 0 0 0 0 0 0 0 0 0 0 0 0 0 0 0 0 0 0 0 0 0 0 0 0 0 0 0 0 0 0 0 0 0 0 0 0 0 0 0 0 0 0 0 0 0 0 0 0 0 0 0 0 0 0 0 0 0 0 0 0 0 0 0 0 0 0 0 0 0 0 0 0 0 0 0 0 0 0 0 0 0 0 0 0 0 0 0 0 0 0 0 0 0 0 0 0 0 0 0 0 0 0 0 0 0 0 0 0 0 0 0 0 0 0 0 0 0 0 0 0 0 0 0 0 0 0 0 0 0 0 0 0 0 0 0 0 0 0 0 0 0 0 0 0 0 0 0 0 0 0 0 0 0 0 0 0 0 0 0 0 0 0 0 0 0 0 0 0 0 0 0 0 0 0 0 0 0 0 0 0 0 0 0 0 0 0 0 0 0 0 0 0 0 0 0 0 0 0 0 0 0 0 0 0 0 0 0 0 0 0 0 0 0 0 0 0 0 0 0 0 0 0 0 0 0
 0 0 0 0 0 0 0 0 0 0 0 0 0 0 0 0 0 0 0 0 0 0 0 0 0 0 0 0 0 0 0 0 0 0 0 0 0 0 0 0 0 0 0 0 0 0 0 0 0 0 0 0 0 0 0 0 0 0 0 0 0 0 0 0 0 0 0 0 0 0 0 0 0 0 0 0 0 0 0 0 0 0 0 0 0 0 0 0 0 0 0 0 0 0 0 0 0 0 0 0 0 0 0 0 0 0 0 0 0 0 0 0 0 0 0 0 0 0 0 0 0 0 0 0 0 0 0 0 0 0 0 0 0 0 0 0 0 0 0 0 0 0 0 0 0 0 0 0 0 0 0 0 0 0 0 0 0 0 0 0 0 0 0 0 0 0 0 0 0 0 0 0 0 0 0 0 0 0 0 0 0 0 0 0 0 0 0 0 0 0 0 0 0 0 0 0 0 0 0 0 0 0 0 0 0 0 0 0 0 0 0 0 0 0 0 0 0 0 0 0 0 0 0 0 0 0 0 0 0 0 0 0 0 0 0 0 0 0 0 0 0 0 0 0 0 0 0 0 0 0 0 0 0 0 0 0 0 0 0 0 0 0 0 0 0 0 0 0 0 0 0 0 0 0 0 0 0 0 0 0 0 0 0 0 0 0 0 0 0 0 0 0 0 0 0 0 0 0 0 0 0 0 0 0 0 0 0 0 0 0 0 0 0 0 0 0 0.0002032977645285428 0.001626193290576339 0.004503260366618633 0.009102797135710716 0.01553716510534286 0.02390352264046669 0.03448624908924103 0.04762798547744751 0.06355218589305878 0.08217862993478775 0.1033367961645126 0.126891016960144 0.1526062339544296 0.1802743822336197 0.2097422033548355 0.2411080598831177 0.274177223443985 0.3088271021842957 0.3433857560157776 0.3762164711952209 0.4074056446552277 0.4370353519916534 0.4651835858821869 0.4919244050979614 0.5173282027244568 0.5414617657661438 0.5589047074317932 0.5639312267303467 0.5557823181152344 0.533918023109436 0.5072221159934998 0.4818609952926636 0.4577679336071014 0.4348795413970947 0.4131355583667755 0.3924787938594818 0.3728548586368561 0.3542121052742004 0.3365015089511871 0.3196764290332794 0.3036926090717316 0.2885079681873322 0.2740825712680817 0.2603784501552582 0.2473595291376114 0.2349915504455566 0.2232419699430466 0.2120798677206039 0.2014758735895157 0.1914020776748657 0.1818319708108902 0.1727403700351715 0.1641033589839935 0.1558981835842133 0.148103266954422 0.140698105096817 0.1336632072925568 0.1269800513982773 0.1206310465931892 0.1145994961261749 0.1088695228099823 0.1034260466694832 0.09825474768877029 0.09334201365709305 0.08867491036653519 0.08424116671085358 0.08002910763025284 0.07602765411138535 0.07222627103328705 0.06861495971679688 0.06518421322107315 0.0619250014424324 0.05882875248789787 0.05588731542229652 0.05309294909238815 0.0504382997751236 0.04791638627648354 0.04552056640386581 0.04324453696608543 0.04108231142163277 0.03902819752693176 0.03707678616046906 0.03522294759750366 0.0334618017077446 0.03178871050477028 0.03019927442073822 0.02868930995464325 0.02725484408438206 0.02589210122823715 0.02459749579429626 0.02336762100458145 0.02219923958182335 0.02108927816152573 0.02003481425344944 0.01903307437896729 0.01808142103254795 0.01717735081911087 0.01631848327815533 0.0155025590211153 0.01472743134945631 0.01399105973541737 0.01329150702804327 0.01262693200260401 0.01199558563530445 0.01139580644667149 0.01082601584494114 0.01028471533209085 0.00977047998458147 0.009281955659389496 0.008817858062684536 0.008376965299248695 0.007958116941154003 0.007560211233794689 0.007182200439274311 0.006823090370744467 0.006481935735791922 0.006157838739454746 0.00584994675591588 0.005557449534535408 0.005279576871544123 0.005015598144382238 0.004764818120747805 0.004526577424257994 0.004300248343497515 0.004085235763341188 0.003880973905324936 0.00368692516349256 0.003502578940242529 0.003327450016513467 0.003161077620461583 0.003003023797646165 0.002852872712537646 0.002710229018703103 0.002574717625975609 0.002445981837809086 0.002323682652786374 0.002207498531788588 0.002097123535349965 0.00199226732365787 0.001892653992399573 0.001798021257854998 0.001708120224066079 0.001622714218683541 0.001541578560136259 0.00146449962630868 0.001391274621710181 0.00132171087898314 0.001255625393241644 0.001192844123579562 0.001133201876655221 0.001076541841030121 0.001022714772261679 0.0009715790511108935 0.0009230001014657319 0.0008768500993028283 0.0008330076234415174 0.0007913572480902076 0.0007517893682233989 0.0007141999085433781 0.0006784899160265923 0.000644565443508327 0.0006123371422290802 0.0005817202618345618 0.0005526342429220676 0.0005250025424174964 0.0004987524007447064 0.0004738147836178541 0.0004501240327954292 0.0004276178369764239 0.0004062369407620281 0.0003859250864479691 0.0003666288394015282 0.0003482973843347281 0.0003308825253043324 0.0003143383946735412 0.0002986214822158217 0.0002836904022842646 0.0002695058938115835 0.0002560305874794722 0.0002432290639262646 0.0002310676063643768 0.0002195142296841368 0.0002085385203827173 0.0001981115929083899 0.0001882060169009492 0.000178795715328306 0.0001698559353826568 0.0001613631320651621 0.0001532949681859463 0.0001456302125006914 0.0001383486960548908 0.0001314312685281038 0.0001248597109224647 0.0001186167282867245 0.0001126858915085904 0.00010705159365898 0.0001016990136122331 9.661406511440873e-05 9.178336040349677e-05 8.719419565750286e-05 8.283448551082984e-05 7.869276305427775e-05 7.475812162738293e-05 7.102021481841803e-05 6.746920553268865e-05 6.409574416466057e-05 6.089095768402331e-05 5.78464096179232e-05 5.495408913702704e-05 5.220638558967039e-05 4.959606667398475e-05 4.711626388598233e-05 4.476045069168322e-05 4.252242797520012e-05 4.039630584884435e-05 3.837648910121061e-05 3.645766628324054e-05 3.46347842423711e-05 3.290304448455572e-05 3.125789226032794e-05 2.96949983749073e-05 2.821024827426299e-05 2.679973658814561e-05 2.545974894019309e-05 2.418676194793079e-05 2.297742321388796e-05 2.18285513255978e-05 2.073712312267162e-05 1.970026642084122e-05 1.871525273600128e-05 1.777949000825174e-05 1.689051532594021e-05 1.604598946869373e-05 1.524368963146117e-05 1.44815048770397e-05 1.375742976961192e-05 1.306955800828291e-05 1.241607969859615e-05 1.179527589556528e-05 1.120551223721122e-05 1.064523621607805e-05 1.011297445074888e-05 9.60732540988829e-06 9.126959412242286e-06 8.670611350680701e-06 8.237080692197196e-06 7.825226930435747e-06 7.433965492964489e-06 7.062267286528368e-06 6.709154149575625e-06 6.373696578521049e-06 6.055011908756569e-06 5.7522611314198e-06 5.46464798389934e-06 5.191415766603313e-06 4.931845069222618e-06 4.685252861236222e-06 4.450990218174411e-06 4.228440502629383e-06 4.017018454760546e-06 3.816167463810416e-06 3.625359113357263e-06 3.444091134952032e-06 3.271886498623644e-06 3.108292276010616e-06 2.952877593997982e-06 2.805233634717297e-06 2.664972043930902e-06 2.531723339416203e-06 2.405137138339342e-06 2.284880338265793e-06 2.170636435039341e-06 2.062104613287374e-06 1.958999291673535e-06 1.861049327089859e-06 1.767996877788391e-06 1.679597062320681e-06 1.595617163729912e-06 1.515836288490391e-06 1.440044457012846e-06 1.368042262583913e-06 1.29964018924511e-06 1.234658157045487e-06 1.172925294667948e-06
 0 0 0 0 0 0 0 0 0 0 0 0 0 0 0 0 0 0 0 0 0 0 0 0 0 0 0 0 0 0 0 0 0 0 0 0 0 0 0 0 0 0 0 0 0 0 0 0 0 0 0 0 0 0 0 0 0 0 0 0 0 0 0 0 0 0 0 0 0 0 0 0 0 0 0 0 0 0 0 0 0 0 0 0 0 0 0 0 0 0 0 0 0 0 0 0 0 0 0 0 0 0 0 0 0 0 0 0 0 0 0 0 0 0 0 0 0 0 0 0 0 0 0 0 0 0 0 0 0 0 0 0 0 0 0 0 0 0 0 0 0 0 0 0 0 0 0 0 0 0 0 0 0 0 0 0 0 0 0 0 0 0 0 0 0 0 0 0 0 0 0 0 0 0 0 0 0 0 0 0 0 0 0 0 0 0 0 0 0 0 0 0 0 0 0 0 0 0 0 0 0 0 0 0 0 0 0 0 0 0 0 0 0 0 0 0 0 0 0 0 0 0 0 0 0 0 0 0 0 0 0 0 0 0 0 0 0 0 0 0 0 0 0 0 0 0 0 0 0 0 0 0 0 0 0 0 0 0 0 0 0 0 0 0 0 0 0 0 0 0 0 0 0 0 0 0 0 0 0 0 0 0 0 0 0 0 0 0 0 0 0 0 0 0 0 0 0 0 0 0 0 0 0 0 0 0 0 0 0 0 0 0 0 0 0 0 0 0 0 0 0 0 0 0 0 0 0 0 0 0 0 0 0 0 0 0 0 0 0 0 0 0 0 0 0 0 0 0 0 0 0 0 0 0 0 0 0 0 0 0 0 0 0 0 0 0 0 0 0 0 0 0 0 0 0 0 0 0 0 0 0 0 0 0 0 0 0 0 0 0 0 0 0 0 0 0 0 0 0 0 0 0 0 0 0 0 0 0 0 0 0 0 0 0 0 0 0 0 0 0 0 0 0 0 0 0 0 0 0 0 0 0 0 0 0 0 0 0 0 0 0 0 0 0 0 0 0 0 0 0 0 0 0 0 0 0 0 0 0 0 0 0 0 0 0 0 0 0 0 0 0 0 0 0 0 0 0 0 0 0 0 0 0 0 0 0 0 0 0 0 0 0 0 0 0 0 0 0 0 0 0 0 0 0 0 0 0 0 0 0 0 0 0 0 0 0 0 0 0 0 0 0 0 0 0 0 0 0 0 0 0 0 0 0 0 0 0 0 0 0 0 0 0 0 0 0 0 0 0 0 0 0 0 0 0 0 0 0 0 0 0 0 0 0 0 0 0 0 0 0 0 0 0 0 0 0 0 0 0 0 0 0 0 0 0 0 0 0 0 0 0 0 0 0 0 0 0 0 0 0
 0 0 0 0 0 0 0 0 0 0 0 0 0 0 0 0 0 0 0 0 0 0 0 0 0 0 0 0 0 0 0 0 0 0 0 0 0 0 0 0 0 0 0 0 0 0 0 0 0 0 0 0 0 0 0 0 0 0 0 0 0 0 0 0 0 0 0 0 0 0 0 0 0 0 0 0 0 0 0 0 0 0 0 0 0 0 0 0 0 0 0 0 0 0 0 0 0 0 0 0 0 0 0 0 0 0 0 0 0 0 0 0 0 0 0 0 0 0 0 0 0 0 0 0 0 0 0 0 0 0 0 0 0 0 0 0 0 0 0 0 0 0 0 0 0 0 0 0 0 0 0 0 0 0 0 0 0 0 0 0 0 0 0 0 0 0 0 0 0 0 0 0 0 0 0 0 0 0 0 0 0 0 0 0 0 0 0 0 0 0 0 0 0 0 0 0 0 0 0 0 0 0 0 0 0 0 0 0 0 0 0 0 0 0 0 0 0 0 0 0 0 0 0 0 0 0 0 0 0 0 0 0 0 0 0 0 0 0 0 0 0 0 0 0 0 0 0 0 0 0 0 0 0 0 0 0 0 0 0 0 0 0 0 0 0 0 0 0 0 0 0 0 0 0 0 0 0 0 0 0 0 0 0 0 0 0 0 0 0 0 0 0 0 0 0 0 0 0 0 0 0 0 0 0 0 0 0 0 0 0 0 0 0 0 0 0 0 0 0 0 0 0 0 0 0 0 0 0 0 0 0 0 0 0 0 0 0 0 0 0 0 0 0 0 0 0 0 0 0 0 0 0 0 0 0 0 0 0 0 0 0 0 0 0 0 0 0 0 0 0 0 0 0 0 0 0 0 0 0 0 0 0 0 0 0 0 0 0 0 0 0 0 0 0 0 0 0 0 0 0 0 0 0 0 0 0 0 0 0 0 0 0 0 0 0 0 0 0 0 0 0 0 0 0 0 0 0 0 0 0 0 0 0 0 0 0 0 0 0 0 0 0 0 0 0 0 0 0 0 0 0 0 0 0 0 0 0 0 0 0 0 0 0 0 0 0 0 0 0 0 0 0 0 0 0 0 0 0 0 0 0 0 0 0 0 0 0 0 0 0 0 0 0 0 0 0 0 0 0 0 0 0 0 0 0 0 0 0 0 0 0 0 0 0 0 0 0 0 0 0 0 0 0 0 0 0 0 0 0 0 0 0 0 0 0 0 0 0 0 0 0 0 0 0 0 0 0 0 0 0 0 0 0 0 0 0 0 0 0 0 0 0 0 0 0 0 0 0 0 0 0 0 0 0 0 0 0 0 0 0 0 0 0 0 0 0 0 0 0 0 0 0 0 0 0 0 0 0 0 0


# name: r_0_m15_G0_L0p3_D0p7
# type: matrix
# rows: 1
# columns: 14
 0 -15 0.2 0 0.3 0 -15.81933333333333 0 0 0.2110616086991343 0 142.6666666666667 1.505545305418162 0.7




