# Created by Octave 3.8.2, Mon Jun 19 11:40:39 2017 BST <co1ssj@node117>
# name: result
# type: scalar struct
# ndims: 2
 1 1
# length: 3
# name: params
# type: scalar struct
# ndims: 2
 1 1
# length: 18
# name: cleanup
# type: scalar
0


# name: num_runs
# type: scalar
6


# name: dopamine
# type: scalar
0.7


# name: targetCross
# type: scalar
1


# name: targetLuminance
# type: scalar
0.3


# name: targetWidthX
# type: scalar
6


# name: targetWidthY
# type: scalar
2


# name: fixCross
# type: scalar
1


# name: fixLuminance
# type: scalar
0.2


# name: fixWidthX
# type: scalar
6


# name: fixWidthY
# type: scalar
2


# name: fixOn
# type: scalar
0


# name: targetOff
# type: scalar
1


# name: targetOn
# type: scalar
0.2


# name: fixOff
# type: scalar
0.2


# name: targetThetaX
# type: scalar
0


# name: targetThetaY
# type: scalar
-8


# name: exptnum
# type: scalar
0




# name: r_0_m8_G0_L0p3_D0p7_llbn
# type: matrix
# rows: 24
# columns: 600
 0 0 0 0 0 0 0 0 0 0 0 0 0 0 0 0 0 0 0 0 0 0 0 0 0 0 0 0 0 0 0 0 0 0 0 0 0 0 0 0 0 0 0 0 0 0 0 0 0 0 0 0 0 0 0 0 0 0 0 0 0 0 0 0 0 0 0 0 0 0 0 0 0 0 0 0 0 0 0 0 0 0 0 0 0 0 0 0 0 0 0 0 0 0 0 0 0 0 0 0 0 0 0 0 0 0 0 0 0 0 0 0 0 0 0 0 0 0 0 0 0 0 0 0 0 0 0 0 0 0 0 0 0 0 0 0 0 0 0 0 0 0 0 0 0 0 0 0 0 0 0 0 0 0 0 0 0 0 0 0 0 0 0 0 0 0 0 0 0 0 0 0 0 0 0 0 0 0 0 0 0 0 0 0 0 0 0 0 0 0 0 0 0 0 0 0 0 0 0 0 0 0 0 0 0 0 0 0 0 0 0 0 0 0 0 0 0 0 0 0 0 0 0 0 0 0 0 0 0 0 0 0 0 0 0 0 0 0 0 0 0 0 0 0 0 0 0 0 0 0 0 0 0 0 0 0 0 0 0 0 0 0 0 0 0 0 0 0 0 0 0 0 0 0 0 0 0 0 0 0 0 0 0 0 0 0 0 0 0 0 0 0 0 0 0 0 0 0 0 0 0 0 0 0 0 0 0 0 0 0 0 0 0 0 0 0 0 0 0 0 0 0 0 0 0 0 0 0 0 0 0 0 0 0 0 0 0 0 0 0 0 0 0 0 0 0 0 0 0 0 0 0 0 0 0 0 0 0 0 0 0 0 0 0 0 0 0 0 0 0 0 0 0 0 0 0 0 0 0 0 0 0 0 0 0 0 0 0 0 0 0 0 0 0 0 0 0 0 0 0 0 0 0 0 0 0 0 0 0 0 0 0 0 0 0 0 0 0 0 0 0 0 0 0 0 0 0 0 0 0 0 0 0 0 0 0 0 0 0 0 0 0 0 0 0 0 0 0 0 0 0 0 0 0 0 0 0 0 0 0 0 0 0 0 0 0 0 0 0 0 0 0 0 0 0 0 0 0 0 0 0 0 0 0 0 0 0 0 0 0 0 0 0 0 0 0 0 0 0 0 0 0 0 0 0 0 0 0 0 0 0 0 0 0 0 0 0 0 0 0 0 0 0 0 0 0 0 0 0 0 0 0 0 0 0 0 0 0 0 0 0 0 0 0 0 0 0 0 0 0 0 0 0 0 0 0 0 0 0 0 0 0 0 0 0 0 0 0 0 0 0 0 0 0 0 0 0 0 0 0 0 0 0 0 0 0 0 0 0 0 0 0 0 0 0 0 0 0 0 0
 0 0 0 0 0 0 0 0 0 0 0 0 0 0 0 0 0 0 0 0 0 0 0 0 0 0 0 0 0 0 0 0 0 0 0 0 0 0 0 0 0 0 0 0 0 0 0 0 0 0 0 0 0 0 0 0 0 0 0 0 0 0 0 0 0 0 0 0 0 0 0 0 0 0 0 0 0 0 0 0 0 0 0 0 0 0 0 0 0 0 0 0 0 0 0 0 0 0 0 0 0 0 0 0 0 0 0 0 0 0 0 0 0 0 0 0 0 0 0 0 0 0 0 0 0 0 0 0 0 0 0 0 0 0 0 0 0 0 0 0 0 0 0 0 0 0 0 0 0 0 0 0 0 0 0 0 0 0 0 0 0 0 0 0 0 0 0 0 0 0 0 0 0 0 0 0 0 0 0 0 0 0 0 0 0 0 0 0 0 0 0 0 0 0 0 0 0 0 0 0 0 0 0 0 0 0 0 0 0 0 0 0 0 0 0 0 0 0 0 0 0 0 0 0 0 0 0 0 0 0 0 0 0 0 0 0 0 0 0 0 0 0 0 0 0 0 0 0 0 0 0 0 0 0 0 0 0 0 0 0 0 0 0 0 0 0 0 0 0 0 0 0 0 0 0 0 0 0 0 0 0 0 0 0 0 0 0 0 0 0 0 0 0 0 0 0 0 0 0 0 0 0 0 0 0.0001960368826985359 0.0008868179866112769 0.002020756946876645 0.003522880375385284 0.005376628134399652 0.007552150636911392 0.0100403418764472 0.01286513637751341 0.01603474840521812 0.01954957656562328 0.0233948789536953 0.027519840747118 0.03185707330703735 0.03634567186236382 0.04097765684127808 0.04577091336250305 0.05075480416417122 0.05596596002578735 0.06139730662107468 0.06702268868684769 0.07279397547245026 0.07869331538677216 0.08472457528114319 0.09087901562452316 0.09714221209287643 0.1034587100148201 0.1098044738173485 0.1161958500742912 0.1226370483636856 0.1291452348232269 0.1357447952032089 0.1424757689237595 0.1483496725559235 0.151952400803566 0.1524204313755035 0.1492265462875366 0.1420427262783051 0.1349405944347382 0.1281935572624207 0.1217838823795319 0.1156946867704391 0.1099099516868591 0.1044144555926323 0.09919372946023941 0.09423404186964035 0.0895223394036293 0.08504622429609299 0.08079390972852707 0.07675421237945557 0.07291650027036667 0.06927067786455154 0.06580714136362076 0.06251678615808487 0.05939094722270966 0.05642139911651611 0.05360032990574837 0.05092031508684158 0.04837429895997047 0.04595558345317841 0.0436578057706356 0.04147491604089737 0.03940116986632347 0.03743110969662666 0.03555955365300179 0.03378157690167427 0.03209249675273895 0.03048787266016006 0.028963478282094 0.02751530520617962 0.02613954059779644 0.02483256347477436 0.0235909353941679 0.02241138927638531 0.02129082009196281 0.02022627927362919 0.01921496540307999 0.01825421676039696 0.01734150573611259 0.01647442951798439 0.01565070822834969 0.0148681728169322 0.01412476412951946 0.0134185254573822 0.01274759881198406 0.01211021840572357 0.01150470785796642 0.01092947274446487 0.0103829987347126 0.009863848797976971 0.009370656684041023 0.008902124129235744 0.008457018062472343 0.008034166879951954 0.007632458582520485 0.007250835653394461 0.006888293661177158 0.006543878931552172 0.006216684821993113 0.005905850790441036 0.005610558204352856 0.005330030340701342 0.005063528660684824 0.004810352344065905 0.004569834563881159 0.004341342952102423 0.004124275874346495 0.003918061964213848 0.003722158959135413 0.003536050906404853 0.003359248396009207 0.003191285999491811 0.00303172180429101 0.002880135783925653 0.00273612909950316 0.002599322702735662 0.002469356637448072 0.002345888875424862 0.00222859438508749 0.002117164665833116 0.002011306351050735 0.001910740975290537 0.00181520392652601 0.001724443747662008 0.001638221554458141 0.00155631045345217 0.001478494959883392 0.001404570182785392 0.001334341708570719 0.001267624669708312 0.001204243395477533 0.001144031179137528 0.001086829579435289 0.001032488071359694 0.0009808636968955398 0.0009318204829469323 0.0008852294413372874 0.0008409679867327213 0.0007989195873960853 0.0007589735905639827 0.0007210249314084649 0.0006849736673757434 0.0006507249781861901 0.0006181887583807111 0.0005872793262824416 0.0005579153657890856 0.00053001957712695 0.0005035186186432838 0.0004783426993526518 0.0004544255789369345 0.0004317043058108538 0.0004101191007066518 0.0003896131529472768 0.0003701325040310621 0.0003516258730087429 0.0003340445691719651 0.000317342346534133 0.0003014752292074263 0.0002864014822989702 0.0002720814081840217 0.0002584773465059698 0.0002455534704495221 0.0002332758012926206 0.0002216120046796277 0.0002105314051732421 0.0002000048407353461 0.0001900046045193449 0.0001805043721105903 0.0001714791578706354 0.0001629051985219121 0.0001547599385958165 0.0001470219431212172 0.0001396708394167945 0.0001326873025391251 0.0001260529388673604 0.0001197502933791839 0.0001137627768912353 0.0001080746369552799 0.0001026709069265053 9.753736230777577e-05 9.266049164580181e-05 8.80274674273096e-05 8.362609514733776e-05 7.944479148136452e-05 7.547255518147722e-05 7.169893069658428e-05 6.811398634454235e-05 6.470828520832583e-05 6.147287058411166e-05 5.839922596351244e-05 5.547926411963999e-05 5.270530164125375e-05 5.007003710488789e-05 4.756653652293608e-05 4.518820787779987e-05 4.292879748390988e-05 4.07823572459165e-05 3.874324102071114e-05 3.680607915157452e-05 3.496577483019792e-05 3.321748590678908e-05 3.155661033815704e-05 2.997877891175449e-05 2.847984069376253e-05 2.705584847717546e-05 2.570305514382198e-05 2.441790275042877e-05 2.319700797670521e-05 2.203715848736465e-05 2.093530019919854e-05 1.988853546208702e-05 1.889410850708373e-05 1.794940362742636e-05 1.705193426460028e-05 1.619933755137026e-05 1.538937067380175e-05 1.461990177631378e-05 1.388890632370021e-05 1.319446073466679e-05 1.253473783435766e-05 1.190800139738712e-05 1.131260160036618e-05 1.074697138392366e-05 1.020962281472748e-05 9.699141628516372e-06 9.214184501615819e-06 8.753475412959233e-06 8.315802006109152e-06 7.900011951278429e-06 7.505011126340833e-06 7.129760433599586e-06 6.773272616555914e-06 6.434609076677589e-06 6.112878509156872e-06 5.807234629173763e-06 5.516872988664545e-06 5.241029157332378e-06 4.978977813152596e-06 4.730029104393907e-06 4.493527740123682e-06 4.268851171218557e-06 4.055408680869732e-06 3.85263820135151e-06 3.660006314021302e-06 3.47700597558287e-06 3.303155608591624e-06 3.137997737212572e-06 2.981097850351944e-06 2.832043037415133e-06 2.690440851438325e-06 2.555918854341144e-06 2.428123025310924e-06 2.306716851308011e-06 2.19138109969208e-06 2.081811999232741e-06 1.977721467483207e-06 1.87883540547773e-06 1.784893584044767e-06 1.695648961685947e-06 1.610866547707701e-06 1.530323174847581e-06 1.453807044526911e-06 1.38111670366925e-06 1.31206081732671e-06 1.246457827619452e-06 1.184134930554137e-06 1.124928189710772e-06 0.0001216712771565653 0.0003612184664234519 0.0007026022649370134 0.001139769447036088 0.001667506410740316 0.002281897701323032 0.002980840625241399 0.003758217906579375 0.004607206676155329 0.005519446451216936 0.00648789806291461 0.007510405499488115 0.008588267490267754 0.009718290530145168 0.01088907942175865 0.01209871843457222 0.01334379799664021 0.01461915392428637 0.01592782884836197 0.01726586371660233 0.01862839981913567 0.02000335231423378 0.0213925801217556 0.02279522828757763 0.02420429140329361 0.02562021464109421 0.02704102732241154 0.02845213934779167 0.02985696867108345 0.03125700354576111
 0 0 0 0 0 0 0 0 0 0 0 0 0 0 0 0 0 0 0 0 0 0 0 0 0 0 0 0 0 0 0 0 0 0 0 0 0 0 0 0 0 0 0 0 0 0 0 0 0 0 0 0 0 0 0 0 0 0 0 0 0 0 0 0 0 0 0 0 0 0 0 0 0 0 0 0 0 0 0 0 0 0 0 0 0 0 0 0 0 0 0 0 0 0 0 0 0 0 0 0 0 0 0 0 0 0 0 0 0 0 0 0 0 0 0 0 0 0 0 0 0 0 0 0 0 0 0 0 0 0 0 0 0 0 0 0 0 0 0 0 0 0 0 0 0 0 0 0 0 0 0 0 0 0 0 0 0 0 0 0 0 0 0 0 0 0 0 0 0 0 0 0 0 0 0 0 0 0 0 0 0 0 0 0 0 0 0 0 0 0 0 0 0 0 0 0 0 0 0 0 0 0 0 0 0 0 0 0 0 0 0 0 0 0 0 0 0 0 0 0 0 0 0 0 0 0 0 0 0 0 0 0 0 0 0 0 0 0 0 0 0 0 0 0 0 0 0 0 0 0 0 0 0 0 0 0 0 0 0 0 0 0 0 0 0 0 0 0 0 0 0 0 0 0 0 0 0 0 0 0 0 0 0 0 0 0 0 0 0 0 0 0 0 0 0 0 0 0 0 0 0 0 0 0 0 0 0 0 0 0 0 0 0 0 0 0 0 0 0 0 0 0 0 0 0 0 0 0 0 0 0 0 0 0 0 0 0 0 0 0 0 0 0 0 0 0 0 0 0 0 0 0 0 0 0 0 0 0 0 0 0 0 0 0 0 0 0 0 0 0 0 0 0 0 0 0 0 0 0 0 0 0 0 0 0 0 0 0 0 0 0 0 0 0 0 0 0 0 0 0 0 0 0 0 0 0 0 0 0 0 0 0 0 0 0 0 0 0 0 0 0 0 0 0 0 0 0 0 0 0 0 0 0 0 0 0 0 0 0 0 0 0 0 0 0 0 0 0 0 0 0 0 0 0 0 0 0 0 0 0 0 0 0 0 0 0 0 0 0 0 0 0 0 0 0 0 0 0 0 0 0 0 0 0 0 0 0 0 0 0 0 0 0 0 0 0 0 0 0 0 0 0 0 0 0 0 0 0 0 0 0 0 0 0 0 0 0 0 0 0 0 0 0 0 0 0 0 0 0 0 0 0 0 0 0 0 0 0 0 0 0 0 0 0 0 0 0 0 0 0 0 0 0 0 0 0 0 0 0 0 0 0 0 0 0 0 0 0 0 0 0 0 0 0 0 0 0 0 0 0 0 0 0 0 0 0 0 0 0 0 0 0 0 0 0 0 0 0 0 0
 0 0 0 0 0 0 0 0 0 0 0 0 0 0 0 0 0 0 0 0 0 0 0 0 0 0 0 0 0 0 0 0 0 0 0 0 0 0 0 0 0 0 0 0 0 0 0 0 0 0 0 0 0 0 0 0 0 0 0 0 0 0 0 0 0 0 0 0 0 0 0 0 0 0 0 0 0 0 0 0 0 0 0 0 0 0 0 0 0 0 0 0 0 0 0 0 0 0 0 0 0 0 0 0 0 0 0 0 0 0 0 0 0 0 0 0 0 0 0 0 0 0 0 0 0 0 0 0 0 0 0 0 0 0 0 0 0 0 0 0 0 0 0 0 0 0 0 0 0 0 0 0 0 0 0 0 0 0 0 0 0 0 0 0 0 0 0 0 0 0 0 0 0 0 0 0 0 0 0 0 0 0 0 0 0 0 0 0 0 0 0 0 0 0 0 0 0 0 0 0 0 0 0 0 0 0 0 0 0 0 0 0 0 0 0 0 0 0 0 0 0 0 0 0 0 0 0 0 0 0 0 0 0 0 0 0 0 0 0 0 0 0 0 0 0 0 0 0 0 0 0 0 0 0 0 0 0 0 0 0 0 0 0 0 0 0 0 0 0 0 0 0 0 0 0 0 0 0 0 0 0 0 0 0 0 0 0 0 0 0 0 0 0 0 0 0 0 0 0 0 0 0 0 0 0 0 0 0 0 0 0 0 0 0 0 0 0 0 0 0 0 0 0 0 0 0 0 0 0 0 0 0 0 0 0 0 0 0 0 0 0 0 0 0 0 0 0 0 0 0 0 0 0 0 0 0 0 0 0 0 0 0 0 0 0 0 0 0 0 0 0 0 0 0 0 0 0 0 0 0 0 0 0 0 0 0 0 0 0 0 0 0 0 0 0 0 0 0 0 0 0 0 0 0 0 0 0 0 0 0 0 0 0 0 0 0 0 0 0 0 0 0 0 0 0 0 0 0 0 0 0 0 0 0 0 0 0 0 0 0 0 0 0 0 0 0 0 0 0 0 0 0 0 0 0 0 0 0 0 0 0 0 0 0 0 0 0 0 0 0 0 0 0 0 0 0 0 0 0 0 0 0 0 0 0 0 0 0 0 0 0 0 0 0 0 0 0 0 0 0 0 0 0 0 0 0 0 0 0 0 0 0 0 0 0 0 0 0 0 0 0 0 0 0 0 0 0 0 0 0 0 0 0 0 0 0 0 0 0 0 0 0 0 0 0 0 0 0 0 0 0 0 0 0 0 0 0 0 0 0 0 0 0 0 0 0 0 0 0 0 0 0 0 0 0 0 0 0 0 0 0 0 0 0 0 0 0 0 0 0 0 0 0 0 0 0 0 0 0 0
 0 0 0 0 0 0 0 0 0 0 0 0 0 0 0 0 0 0 0 0 0 0 0 0 0 0 0 0 0 0 0 0 0 0 0 0 0 0 0 0 0 0 0 0 0 0 0 0 0 0 0 0 0 0 0 0 0 0 0 0 0 0 0 0 0 0 0 0 0 0 0 0 0 0 0 0 0 0 0 0 0 0 0 0 0 0 0 0 0 0 0 0 0 0 0 0 0 0 0 0 0 0 0 0 0 0 0 0 0 0 0 0 0 0 0 0 0 0 0 0 0 0 0 0 0 0 0 0 0 0 0 0 0 0 0 0 0 0 0 0 0 0 0 0 0 0 0 0 0 0 0 0 0 0 0 0 0 0 0 0 0 0 0 0 0 0 0 0 0 0 0 0 0 0 0 0 0 0 0 0 0 0 0 0 0 0 0 0 0 0 0 0 0 0 0 0 0 0 0 0 0 0 0 0 0 0 0 0 0 0 0 0 0 0 0 0 0 0 0 0 0 0 0 0 0 0 0 0 0 0 0 0 0 0 0 0 0 0 0 0 0 0 0 0 0 0 0 0 0 0 0 0 0 0 0 0 0 0 0 0 0 0 0 0 0 0 0 0 0 0 0 0 0 0 0 0 0 0 0 0 0 0 0 0 0 0 0 0 0 0 0 0 0 0 0 0 0 0 0 0 0 0 0 0 0 0 0 0 0 0 0 0 0 0 0 0 0 0 0 0 0 0 0 0 0 0 0 0 0 0 0 0 0 0 0 0 0 0 0 0 0 0 0 0 0 0 0 0 0 0 0 0 0 0 0 0 0 0 0 0 0 0 0 0 0 0 0 0 0 0 0 0 0 0 0 0 0 0 0 0 0 0 0 0 0 0 0 0 0 0 0 0 0 0 0 0 0 0 0 0 0 0 0 0 0 0 0 0 0 0 0 0 0 0 0 0 0 0 0 0 0 0 0 0 0 0 0 0 0 0 0 0 0 0 0 0 0 0 0 0 0 0 0 0 0 0 0 0 0 0 0 0 0 0 0 0 0 0 0 0 0 0 0 0 0 0 0 0 0 0 0 0 0 0 0 0 0 0 0 0 0 0 0 0 0 0 0 0 0 0 0 0 0 0 0 0 0 0 0 0 0 0 0 0 0 0 0 0 0 0 0 0 0 0 0 0 0 0 0 0 0 0 0 0 0 0 0 0 0 0 0 0 0 0 0 0 0 0 0 0 0 0 0 0 0 0 0 0 0 0 0 0 0 0 0 0 0 0 0 0 0 0 0 0 0 0 0 0 0 0 0 0 0 0 0 0 0 0 0 0 0 0 0 0 0 0 0 0 0 0 0 0 0 0 0 0 0 0 0 0
 0 0 0 0 0 0 0 0 0 0 0 0 0 0 0 0 0 0 0 0 0 0 0 0 0 0 0 0 0 0 0 0 0 0 0 0 0 0 0 0 0 0 0 0 0 0 0 0 0 0 0 0 0 0 0 0 0 0 0 0 0 0 0 0 0 0 0 0 0 0 0 0 0 0 0 0 0 0 0 0 0 0 0 0 0 0 0 0 0 0 0 0 0 0 0 0 0 0 0 0 0 0 0 0 0 0 0 0 0 0 0 0 0 0 0 0 0 0 0 0 0 0 0 0 0 0 0 0 0 0 0 0 0 0 0 0 0 0 0 0 0 0 0 0 0 0 0 0 0 0 0 0 0 0 0 0 0 0 0 0 0 0 0 0 0 0 0 0 0 0 0 0 0 0 0 0 0 0 0 0 0 0 0 0 0 0 0 0 0 0 0 0 0 0 0 0 0 0 0 0 0 0 0 0 0 0 0 0 0 0 0 0 0 0 0 0 0 0 0 0 0 0 0 0 0 0 0 0 0 0 0 0 0 0 0 0 0 0 0 0 0 0 0 0 0 0 0 0 0 0 0 0 0 0 0 0 0 0 0 0 0 0 0 0 0 0 0 0 0 0 0 0 0 0 0 0 0 0 0 0 0 0 0 0 0 0 0 0 0 0 0 0 0 0 0 0 0 0 0 0 0 0 0 0 0 0 0.0003340565017424524 0.001167946727946401 0.002451551146805286 0.004131663590669632 0.006174658890813589 0.008538477122783661 0.01120072416961193 0.0141648156568408 0.01745793968439102 0.02103232592344284 0.02491230517625809 0.02910021133720875 0.03353026509284973 0.03813411295413971 0.04287759959697723 0.04776358604431152 0.05280903354287148 0.05802837386727333 0.06342940032482147 0.06899811327457428 0.07475992292165756 0.08063410967588425 0.08662988990545273 0.0927521213889122 0.09898415952920914 0.1052754819393158 0.1116184592247009 0.1179794669151306 0.1243838891386986 0.1308516710996628 0.1373721063137054 0.1439314186573029 0.1490941494703293 0.1517280489206314 0.1510724872350693 0.1466252505779266 0.1392939835786819 0.1323292851448059 0.1257128268480301 0.1194271892309189 0.1134558320045471 0.1077830418944359 0.1023938879370689 0.09727419167757034 0.09241048246622086 0.08778996020555496 0.08340046554803848 0.07923044264316559 0.07526892423629761 0.07150547951459885 0.06793020665645599 0.06453369557857513 0.06130700930953026 0.05824165791273117 0.0553295761346817 0.05256309732794762 0.04993494227528572 0.04743819683790207 0.04506628587841988 0.04281297326087952 0.04067232459783554 0.03863870725035667 0.03670677170157433 0.03487143293023109 0.03312786296010017 0.03147146850824356 0.02989789471030235 0.02840299904346466 0.02698284946382046 0.02563370764255524 0.02435202151536942 0.02313441969454288 0.02197769843041897 0.02087881416082382 0.01983487419784069 0.01884313113987446 0.01790097542107105 0.0170059259980917 0.01615563035011292 0.01534784864634275 0.01458045653998852 0.01385143399238586 0.01315886247903109 0.01250091940164566 0.01187587343156338 0.01128207985311747 0.01071797590702772 0.01018207706511021 0.009672973304986954 0.009189324453473091 0.008729858323931694 0.008293365128338337 0.007878696545958519 0.007484761532396078 0.007110523525625467 0.006754997186362743 0.006417247466742992 0.006096384953707457 0.005791565869003534 0.005501987412571907 0.005226888228207827 0.004965543746948242 0.004717266652733088 0.004481403157114983 0.004257332999259233 0.004044466186314821 0.003842242993414402 0.003650130936875939 0.003467624308541417 0.003294243011623621 0.003129530930891633 0.002973054302856326 0.00282440148293972 0.002683181315660477 0.002549022203311324 0.002421571174636483 0.002300492720678449 0.002185468096286058 0.002076194621622562 0.001972384983673692 0.001873765722848475 0.001780077465809882 0.001691073644906282 0.00160651991609484 0.001526193926110864 0.001449884264729917 0.001377389999106526 0.001308520557358861 0.001243094564415514 0.001180939842015505 0.001121892826631665 0.001065798220224679 0.001012508291751146 0.000961882877163589 0.0009137887391261756 0.0008680992759764194 0.0008246942888945341 0.0007834595744498074 0.0007442865753546357 0.0007070722640492022 0.0006717186770401895 0.000638132740277797 0.000606226094532758 0.0005759148043580353 0.0005471190670505166 0.0005197630962356925 0.000493774947244674 0.0004690861969720572 0.0004456318856682628 0.0004233502841088921 0.0004021827771794051 0.0003820736310444772 0.0003629699349403381 0.000344821426551789 0.0003275803464930505 0.0003112013218924403 0.0002956412499770522 0.0002808591816574335 0.000266816234216094 0.0002534754166845232 0.0002408016443951055 0.0002287615643581375 0.0002173234825022519 0.0002064573054667562 0.0001961344387382269 0.0001863277138909325 0.0001770113303791732 0.0001681607682257891 0.0001597527298144996 0.0001517650962341577 0.0001441768399672583 0.0001369679957861081 0.0001301196025451645 0.0001236136158695444 0.0001174329372588545 0.0001115612903959118 0.0001059832284227014 0.0001006840684567578 9.564986248733476e-05 9.086736827157438e-05 8.632399840280414e-05 8.200779848266393e-05 7.790741074131802e-05 7.401203765766695e-05 7.031143468338996e-05 6.679586658719927e-05 6.345607107505202e-05 6.02832660661079e-05 5.726910239900462e-05 5.440564564196393e-05 5.168536154087633e-05 4.910109419142827e-05 4.66460405732505e-05 4.431373963598162e-05 4.209805410937406e-05 3.999315231340006e-05 3.799349360633641e-05 3.609381747082807e-05 3.428912532399409e-05 3.25746696034912e-05 3.094593557761982e-05 2.939863952633459e-05 2.792870691337157e-05 2.653227238624822e-05 2.520565794839058e-05 2.394537477812264e-05 2.274810685776174e-05 2.161070187867153e-05 2.053016760328319e-05 1.950365913216956e-05 1.852847708505578e-05 1.760205304890405e-05 1.672194957791362e-05 1.588585291756317e-05 1.509156027168501e-05 1.433698253094917e-05 1.362013335892698e-05 1.293912646360695e-05 1.229217014042661e-05 1.167756181530422e-05 1.109368349716533e-05 1.053899904945865e-05 1.001204873318784e-05 9.511446478427388e-06 9.035874427354429e-06 8.584081115259323e-06 8.154876923072152e-06 7.747133167868014e-06 7.359776645898819e-06 6.991787813603878e-06 6.642198513873154e-06 6.310088792815804e-06 5.994584171276074e-06 5.694854735338595e-06 5.41011195309693e-06 5.139606400916819e-06 4.882625944446772e-06 4.638494829123374e-06 4.40657004219247e-06 4.186241312709171e-06 3.976929292548448e-06 3.778082827921025e-06 3.589178731999709e-06 3.409719738556305e-06 3.239233819840592e-06 3.077272140217246e-06 2.923408601418487e-06 2.777238250928349e-06 2.638376372487983e-06 2.506457576600951e-06 2.381134663664852e-06 2.262077941850293e-06 2.148974090232514e-06 2.041525476670358e-06 1.939449248311576e-06 1.842476763158629e-06 1.750352907947672e-06 1.662835302340682e-06 1.579693503117596e-06 1.500708776802639e-06 1.425673303856456e-06 1.354389610241924e-06 1.286670112676802e-06 1.222336550199543e-06 1.161219756795617e-06 8.710224938113242e-05 0.0002951062633655965 0.0006100680911913514 0.001027415739372373 0.001541856676340103 0.002147444058209658 0.00284123606979847 0.003612153464928269 0.004458689596503973 0.005377138499170542 0.00636585894972086 0.00741337426006794 0.008518773131072521 0.009672223590314388 0.01086845807731152 0.01210785191506147 0.01338351890444756 0.01468610763549805 0.01601479016244411 0.01736602559685707 0.01873648352921009 0.02012435905635357 0.02152970619499683 0.02295351400971413 0.02439621277153492 0.02585042268037796 0.0273112952709198 0.02876575477421284 0.03021266870200634
 0 0 0 0 0 0 0 0 0 0 0 0 0 0 0 0 0 0 0 0 0 0 0 0 0 0 0 0 0 0 0 0 0 0 0 0 0 0 0 0 0 0 0 0 0 0 0 0 0 0 0 0 0 0 0 0 0 0 0 0 0 0 0 0 0 0 0 0 0 0 0 0 0 0 0 0 0 0 0 0 0 0 0 0 0 0 0 0 0 0 0 0 0 0 0 0 0 0 0 0 0 0 0 0 0 0 0 0 0 0 0 0 0 0 0 0 0 0 0 0 0 0 0 0 0 0 0 0 0 0 0 0 0 0 0 0 0 0 0 0 0 0 0 0 0 0 0 0 0 0 0 0 0 0 0 0 0 0 0 0 0 0 0 0 0 0 0 0 0 0 0 0 0 0 0 0 0 0 0 0 0 0 0 0 0 0 0 0 0 0 0 0 0 0 0 0 0 0 0 0 0 0 0 0 0 0 0 0 0 0 0 0 0 0 0 0 0 0 0 0 0 0 0 0 0 0 0 0 0 0 0 0 0 0 0 0 0 0 0 0 0 0 0 0 0 0 0 0 0 0 0 0 0 0 0 0 0 0 0 0 0 0 0 0 0 0 0 0 0 0 0 0 0 0 0 0 0 0 0 0 0 0 0 0 0 0 0 0 0 0 0 0 0 0 0 0 0 0 0 0 0 0 0 0 0 0 0 0 0 0 0 0 0 0 0 0 0 0 0 0 0 0 0 0 0 0 0 0 0 0 0 0 0 0 0 0 0 0 0 0 0 0 0 0 0 0 0 0 0 0 0 0 0 0 0 0 0 0 0 0 0 0 0 0 0 0 0 0 0 0 0 0 0 0 0 0 0 0 0 0 0 0 0 0 0 0 0 0 0 0 0 0 0 0 0 0 0 0 0 0 0 0 0 0 0 0 0 0 0 0 0 0 0 0 0 0 0 0 0 0 0 0 0 0 0 0 0 0 0 0 0 0 0 0 0 0 0 0 0 0 0 0 0 0 0 0 0 0 0 0 0 0 0 0 0 0 0 0 0 0 0 0 0 0 0 0 0 0 0 0 0 0 0 0 0 0 0 0 0 0 0 0 0 0 0 0 0 0 0 0 0 0 0 0 0 0 0 0 0 0 0 0 0 0 0 0 0 0 0 0 0 0 0 0 0 0 0 0 0 0 0 0 0 0 0 0 0 0 0 0 0 0 0 0 0 0 0 0 0 0 0 0 0 0 0 0 0 0 0 0 0 0 0 0 0 0 0 0 0 0 0 0 0 0 0 0 0 0 0 0 0 0 0 0 0 0 0 0 0 0 0 0 0 0 0 0 0 0 0 0 0 0 0 0 0 0 0 0 0 0
 0 0 0 0 0 0 0 0 0 0 0 0 0 0 0 0 0 0 0 0 0 0 0 0 0 0 0 0 0 0 0 0 0 0 0 0 0 0 0 0 0 0 0 0 0 0 0 0 0 0 0 0 0 0 0 0 0 0 0 0 0 0 0 0 0 0 0 0 0 0 0 0 0 0 0 0 0 0 0 0 0 0 0 0 0 0 0 0 0 0 0 0 0 0 0 0 0 0 0 0 0 0 0 0 0 0 0 0 0 0 0 0 0 0 0 0 0 0 0 0 0 0 0 0 0 0 0 0 0 0 0 0 0 0 0 0 0 0 0 0 0 0 0 0 0 0 0 0 0 0 0 0 0 0 0 0 0 0 0 0 0 0 0 0 0 0 0 0 0 0 0 0 0 0 0 0 0 0 0 0 0 0 0 0 0 0 0 0 0 0 0 0 0 0 0 0 0 0 0 0 0 0 0 0 0 0 0 0 0 0 0 0 0 0 0 0 0 0 0 0 0 0 0 0 0 0 0 0 0 0 0 0 0 0 0 0 0 0 0 0 0 0 0 0 0 0 0 0 0 0 0 0 0 0 0 0 0 0 0 0 0 0 0 0 0 0 0 0 0 0 0 0 0 0 0 0 0 0 0 0 0 0 0 0 0 0 0 0 0 0 0 0 0 0 0 0 0 0 0 0 0 0 0 0 0 0 0 0 0 0 0 0 0 0 0 0 0 0 0 0 0 0 0 0 0 0 0 0 0 0 0 0 0 0 0 0 0 0 0 0 0 0 0 0 0 0 0 0 0 0 0 0 0 0 0 0 0 0 0 0 0 0 0 0 0 0 0 0 0 0 0 0 0 0 0 0 0 0 0 0 0 0 0 0 0 0 0 0 0 0 0 0 0 0 0 0 0 0 0 0 0 0 0 0 0 0 0 0 0 0 0 0 0 0 0 0 0 0 0 0 0 0 0 0 0 0 0 0 0 0 0 0 0 0 0 0 0 0 0 0 0 0 0 0 0 0 0 0 0 0 0 0 0 0 0 0 0 0 0 0 0 0 0 0 0 0 0 0 0 0 0 0 0 0 0 0 0 0 0 0 0 0 0 0 0 0 0 0 0 0 0 0 0 0 0 0 0 0 0 0 0 0 0 0 0 0 0 0 0 0 0 0 0 0 0 0 0 0 0 0 0 0 0 0 0 0 0 0 0 0 0 0 0 0 0 0 0 0 0 0 0 0 0 0 0 0 0 0 0 0 0 0 0 0 0 0 0 0 0 0 0 0 0 0 0 0 0 0 0 0 0 0 0 0 0 0 0 0 0 0 0 0 0 0 0 0 0 0 0 0 0 0 0 0 0 0 0 0 0 0
 0 0 0 0 0 0 0 0 0 0 0 0 0 0 0 0 0 0 0 0 0 0 0 0 0 0 0 0 0 0 0 0 0 0 0 0 0 0 0 0 0 0 0 0 0 0 0 0 0 0 0 0 0 0 0 0 0 0 0 0 0 0 0 0 0 0 0 0 0 0 0 0 0 0 0 0 0 0 0 0 0 0 0 0 0 0 0 0 0 0 0 0 0 0 0 0 0 0 0 0 0 0 0 0 0 0 0 0 0 0 0 0 0 0 0 0 0 0 0 0 0 0 0 0 0 0 0 0 0 0 0 0 0 0 0 0 0 0 0 0 0 0 0 0 0 0 0 0 0 0 0 0 0 0 0 0 0 0 0 0 0 0 0 0 0 0 0 0 0 0 0 0 0 0 0 0 0 0 0 0 0 0 0 0 0 0 0 0 0 0 0 0 0 0 0 0 0 0 0 0 0 0 0 0 0 0 0 0 0 0 0 0 0 0 0 0 0 0 0 0 0 0 0 0 0 0 0 0 0 0 0 0 0 0 0 0 0 0 0 0 0 0 0 0 0 0 0 0 0 0 0 0 0 0 0 0 0 0 0 0 0 0 0 0 0 0 0 0 0 0 0 0 0 0 0 0 0 0 0 0 0 0 0 0 0 0 0 0 0 0 0 0 0 0 0 0 0 0 0 0 0 0 0 0 0 0 0 0 0 0 0 0 0 0 0 0 0 0 0 0 0 0 0 0 0 0 0 0 0 0 0 0 0 0 0 0 0 0 0 0 0 0 0 0 0 0 0 0 0 0 0 0 0 0 0 0 0 0 0 0 0 0 0 0 0 0 0 0 0 0 0 0 0 0 0 0 0 0 0 0 0 0 0 0 0 0 0 0 0 0 0 0 0 0 0 0 0 0 0 0 0 0 0 0 0 0 0 0 0 0 0 0 0 0 0 0 0 0 0 0 0 0 0 0 0 0 0 0 0 0 0 0 0 0 0 0 0 0 0 0 0 0 0 0 0 0 0 0 0 0 0 0 0 0 0 0 0 0 0 0 0 0 0 0 0 0 0 0 0 0 0 0 0 0 0 0 0 0 0 0 0 0 0 0 0 0 0 0 0 0 0 0 0 0 0 0 0 0 0 0 0 0 0 0 0 0 0 0 0 0 0 0 0 0 0 0 0 0 0 0 0 0 0 0 0 0 0 0 0 0 0 0 0 0 0 0 0 0 0 0 0 0 0 0 0 0 0 0 0 0 0 0 0 0 0 0 0 0 0 0 0 0 0 0 0 0 0 0 0 0 0 0 0 0 0 0 0 0 0 0 0 0 0 0 0 0 0 0 0 0 0 0 0 0 0 0 0 0 0 0
 0 0 0 0 0 0 0 0 0 0 0 0 0 0 0 0 0 0 0 0 0 0 0 0 0 0 0 0 0 0 0 0 0 0 0 0 0 0 0 0 0 0 0 0 0 0 0 0 0 0 0 0 0 0 0 0 0 0 0 0 0 0 0 0 0 0 0 0 0 0 0 0 0 0 0 0 0 0 0 0 0 0 0 0 0 0 0 0 0 0 0 0 0 0 0 0 0 0 0 0 0 0 0 0 0 0 0 0 0 0 0 0 0 0 0 0 0 0 0 0 0 0 0 0 0 0 0 0 0 0 0 0 0 0 0 0 0 0 0 0 0 0 0 0 0 0 0 0 0 0 0 0 0 0 0 0 0 0 0 0 0 0 0 0 0 0 0 0 0 0 0 0 0 0 0 0 0 0 0 0 0 0 0 0 0 0 0 0 0 0 0 0 0 0 0 0 0 0 0 0 0 0 0 0 0 0 0 0 0 0 0 0 0 0 0 0 0 0 0 0 0 0 0 0 0 0 0 0 0 0 0 0 0 0 0 0 0 0 0 0 0 0 0 0 0 0 0 0 0 0 0 0 0 0 0 0 0 0 0 0 0 0 0 0 0 0 0 0 0 0 0 0 0 0 0 0 0 0 0 0 0 0 0 0 0 0 0 0 0 0 0 0 0 0 0 0 0 0 0 0 0 0 0 0 0 7.599922537337989e-05 0.000648854358587414 0.001701410859823227 0.003184305038303137 0.005013584159314632 0.00719973212108016 0.009720657020807266 0.01256552338600159 0.01574108190834522 0.01924321055412292 0.02306049317121506 0.02716160751879215 0.0315081775188446 0.03602110967040062 0.04066938534379005 0.04547249525785446 0.05046406388282776 0.05565164238214493 0.06103270873427391 0.0666080042719841 0.07236285507678986 0.07825616747140884 0.0842898041009903 0.09043484926223755 0.09671749919652939 0.1030781343579292 0.1094793081283569 0.1159281432628632 0.1224253997206688 0.1290133595466614 0.1357093751430511 0.1425302177667618 0.1486058086156845 0.1524918079376221 0.1532843858003616 0.1504321843385696 0.1435998678207397 0.136419877409935 0.1295988857746124 0.123118944466114 0.1169629991054535 0.1111148521304131 0.1055591106414795 0.1002811565995216 0.09526710212230682 0.0905037447810173 0.08597856014966965 0.08167963474988937 0.07759565114974976 0.07371586561203003 0.07003007084131241 0.0665285661816597 0.0632021352648735 0.06004202738404274 0.05703992769122124 0.05418793112039566 0.05147853493690491 0.04890460893511772 0.0464593768119812 0.0441364087164402 0.04192958772182465 0.03983310982584953 0.03784145414829254 0.03594938293099403 0.03415191546082497 0.03244432061910629 0.03082210384309292 0.02928099781274796 0.02781694754958153 0.02642609924077988 0.02510479465126991 0.02384955435991287 0.02265707589685917 0.0215242225676775 0.02044801227748394 0.01942561194300652 0.01845433190464973 0.0175316147506237 0.01665503345429897 0.0158222820609808 0.01503116823732853 0.01427960954606533 0.01356562878936529 0.01288734748959541 0.01224298030138016 0.01163083128631115 0.0110492892563343 0.0104968249797821 0.009971983730792999 0.009473384357988834 0.008999715559184551 0.008549729362130165 0.008122242987155914 0.007716130930930376 0.007330324500799179 0.006963808089494705 0.006615617778152227 0.006284836679697037 0.005970594938844442 0.005672065075486898 0.005388461984694004 0.005119038745760918 0.004863086622208357 0.004619932267814875 0.00438893586397171 0.00416948925703764 0.003961014561355114 0.003762963926419616 0.00357481581158936 0.003396074986085296 0.003226271132007241 0.003064957680180669 0.00291170971468091 0.0027661242056638 0.002627817913889885 0.002496426925063133 0.002371605485677719 0.002253025304526091 0.002140373922884464 0.002033355180174112 0.001931687467731535 0.001835103146731853 0.001743347966112196 0.001656180596910417 0.001573371584527194 0.001494702999480069 0.001419967855326831 0.001348969410173595 0.001281520933844149 0.001217444892972708 0.001156572601757944 0.001098743989132345 0.001043806783854961 0.0009916163980960846 0.0009420355781912804 0.0008949338225647807 0.00085018714889884 0.0008076778030954301 0.0007672939100302756 0.0007289292407222092 0.0006924828048795462 0.000657858676277101 0.0006249657599255443 0.0005937174428254366 0.0005640315939672291 0.0005358300404623151 0.0005090385675430298 0.0004835866275243461 0.0004594072815962136 0.0004364369087852538 0.000414615060435608 0.0003938843146897852 0.000374190101865679 0.0003554805880412459 0.0003377065586391836 0.0003208212438039482 0.0003047801728826016 0.0002895411744248122 0.0002750641142483801 0.0002613108954392374 0.0002482453419361264 0.0002358330821152776 0.0002240414323750883 0.0002128393680322915 0.0002021974069066346 0.0001920875365613028 0.0001824831560952589 0.0001733590033836663 0.000164691053214483 0.0001564565027365461 0.0001486336841480806 0.0001412020064890385 0.0001341419119853526 0.0001274348178412765 0.0001210630798595957 0.0001150099269580096 0.0001092594320653006 0.0001037964611896314 9.860663703875616e-05 9.367630264023319e-05 8.899248496163636e-05 8.454285853076726e-05 8.031571633182466e-05 7.629993342561647e-05 7.248493784572929e-05 6.886068877065554e-05 6.541765469592065e-05 6.214676977833733e-05 5.903943019802682e-05 5.608745777863078e-05 5.328308543539606e-05 5.061893170932308e-05 4.808798621525057e-05 4.568358781398274e-05 4.339941006037407e-05 4.122943937545642e-05 3.916796777048148e-05 3.720957101904787e-05 3.534909410518594e-05 3.358164030942135e-05 3.190255665685982e-05 3.030742846021894e-05 2.879205749195535e-05 2.735245470830705e-05 2.598483115434647e-05 2.468558886903338e-05 2.345130997127853e-05 2.227874392701779e-05 2.116480754921213e-05 2.010656680795364e-05 1.91012386494549e-05 1.814617644413374e-05 1.723886816762388e-05 1.637692548683845e-05 1.555807830300182e-05 1.478017475164961e-05 1.404116574121872e-05 1.333910768153146e-05 1.267215247935383e-05 1.20385448099114e-05 1.143661756941583e-05 1.086478641809663e-05 1.032154705171706e-05 9.805469744605944e-06 9.315196621173527e-06 8.849437108437996e-06 8.406965207541361e-06 7.986616765265353e-06 7.587285836052615e-06 7.207921498775249e-06 6.84752558299806e-06 6.505149485747097e-06 6.179891897772904e-06 5.870897439308465e-06 5.577352567343041e-06 5.29848512087483e-06 5.033560682932148e-06 4.781882580573438e-06 4.542788246908458e-06 4.315648766350932e-06 4.099866146134445e-06 3.894872861565091e-06 3.700129127537366e-06 3.515122671160498e-06 3.339366458021686e-06 3.172398237438756e-06 3.013778268723399e-06 2.863089321181178e-06 2.719934855122119e-06 2.583938112366013e-06 2.454741206747713e-06 2.33200421462243e-06 2.215404037997359e-06 2.104633949784329e-06 1.999402229557745e-06 1.899432163554593e-06 1.804460566745547e-06 1.714237555461295e-06 1.628525637897837e-06 1.547099373055971e-06 1.469744347559754e-06 1.396257175656501e-06 1.326444362348411e-06 1.260122189705726e-06 2.073231007670984e-05 0.0001725319889374077 0.0004431973793543875 0.000817304418887943 0.001291268272325397 0.001857241615653038 0.002508921083062887 0.003250214504078031 0.004078370053321123 0.004980300087481737 0.005952458828687668 0.006984824780374765 0.008068758994340897 0.009201555512845516 0.01037265080958605 0.01157467439770699 0.01280654408037663 0.01406730897724628 0.01535311155021191 0.01665525883436203 0.01796863786876202 0.01929400861263275 0.02063323557376862 0.02198260091245174 0.0233437791466713 0.0247171763330698 0.02610234171152115 0.02749304845929146 0.02888102643191814 0.03026185370981693 0.03163857758045197
 0 0 0 0 0 0 0 0 0 0 0 0 0 0 0 0 0 0 0 0 0 0 0 0 0 0 0 0 0 0 0 0 0 0 0 0 0 0 0 0 0 0 0 0 0 0 0 0 0 0 0 0 0 0 0 0 0 0 0 0 0 0 0 0 0 0 0 0 0 0 0 0 0 0 0 0 0 0 0 0 0 0 0 0 0 0 0 0 0 0 0 0 0 0 0 0 0 0 0 0 0 0 0 0 0 0 0 0 0 0 0 0 0 0 0 0 0 0 0 0 0 0 0 0 0 0 0 0 0 0 0 0 0 0 0 0 0 0 0 0 0 0 0 0 0 0 0 0 0 0 0 0 0 0 0 0 0 0 0 0 0 0 0 0 0 0 0 0 0 0 0 0 0 0 0 0 0 0 0 0 0 0 0 0 0 0 0 0 0 0 0 0 0 0 0 0 0 0 0 0 0 0 0 0 0 0 0 0 0 0 0 0 0 0 0 0 0 0 0 0 0 0 0 0 0 0 0 0 0 0 0 0 0 0 0 0 0 0 0 0 0 0 0 0 0 0 0 0 0 0 0 0 0 0 0 0 0 0 0 0 0 0 0 0 0 0 0 0 0 0 0 0 0 0 0 0 0 0 0 0 0 0 0 0 0 0 0 0 0 0 0 0 0 0 0 0 0 0 0 0 0 0 0 0 0 0 0 0 0 0 0 0 0 0 0 0 0 0 0 0 0 0 0 0 0 0 0 0 0 0 0 0 0 0 0 0 0 0 0 0 0 0 0 0 0 0 0 0 0 0 0 0 0 0 0 0 0 0 0 0 0 0 0 0 0 0 0 0 0 0 0 0 0 0 0 0 0 0 0 0 0 0 0 0 0 0 0 0 0 0 0 0 0 0 0 0 0 0 0 0 0 0 0 0 0 0 0 0 0 0 0 0 0 0 0 0 0 0 0 0 0 0 0 0 0 0 0 0 0 0 0 0 0 0 0 0 0 0 0 0 0 0 0 0 0 0 0 0 0 0 0 0 0 0 0 0 0 0 0 0 0 0 0 0 0 0 0 0 0 0 0 0 0 0 0 0 0 0 0 0 0 0 0 0 0 0 0 0 0 0 0 0 0 0 0 0 0 0 0 0 0 0 0 0 0 0 0 0 0 0 0 0 0 0 0 0 0 0 0 0 0 0 0 0 0 0 0 0 0 0 0 0 0 0 0 0 0 0 0 0 0 0 0 0 0 0 0 0 0 0 0 0 0 0 0 0 0 0 0 0 0 0 0 0 0 0 0 0 0 0 0 0 0 0 0 0 0 0 0 0 0 0 0 0 0 0 0 0 0 0 0 0 0 0 0 0 0 0 0 0
 0 0 0 0 0 0 0 0 0 0 0 0 0 0 0 0 0 0 0 0 0 0 0 0 0 0 0 0 0 0 0 0 0 0 0 0 0 0 0 0 0 0 0 0 0 0 0 0 0 0 0 0 0 0 0 0 0 0 0 0 0 0 0 0 0 0 0 0 0 0 0 0 0 0 0 0 0 0 0 0 0 0 0 0 0 0 0 0 0 0 0 0 0 0 0 0 0 0 0 0 0 0 0 0 0 0 0 0 0 0 0 0 0 0 0 0 0 0 0 0 0 0 0 0 0 0 0 0 0 0 0 0 0 0 0 0 0 0 0 0 0 0 0 0 0 0 0 0 0 0 0 0 0 0 0 0 0 0 0 0 0 0 0 0 0 0 0 0 0 0 0 0 0 0 0 0 0 0 0 0 0 0 0 0 0 0 0 0 0 0 0 0 0 0 0 0 0 0 0 0 0 0 0 0 0 0 0 0 0 0 0 0 0 0 0 0 0 0 0 0 0 0 0 0 0 0 0 0 0 0 0 0 0 0 0 0 0 0 0 0 0 0 0 0 0 0 0 0 0 0 0 0 0 0 0 0 0 0 0 0 0 0 0 0 0 0 0 0 0 0 0 0 0 0 0 0 0 0 0 0 0 0 0 0 0 0 0 0 0 0 0 0 0 0 0 0 0 0 0 0 0 0 0 0 0 0 0 0 0 0 0 0 0 0 0 0 0 0 0 0 0 0 0 0 0 0 0 0 0 0 0 0 0 0 0 0 0 0 0 0 0 0 0 0 0 0 0 0 0 0 0 0 0 0 0 0 0 0 0 0 0 0 0 0 0 0 0 0 0 0 0 0 0 0 0 0 0 0 0 0 0 0 0 0 0 0 0 0 0 0 0 0 0 0 0 0 0 0 0 0 0 0 0 0 0 0 0 0 0 0 0 0 0 0 0 0 0 0 0 0 0 0 0 0 0 0 0 0 0 0 0 0 0 0 0 0 0 0 0 0 0 0 0 0 0 0 0 0 0 0 0 0 0 0 0 0 0 0 0 0 0 0 0 0 0 0 0 0 0 0 0 0 0 0 0 0 0 0 0 0 0 0 0 0 0 0 0 0 0 0 0 0 0 0 0 0 0 0 0 0 0 0 0 0 0 0 0 0 0 0 0 0 0 0 0 0 0 0 0 0 0 0 0 0 0 0 0 0 0 0 0 0 0 0 0 0 0 0 0 0 0 0 0 0 0 0 0 0 0 0 0 0 0 0 0 0 0 0 0 0 0 0 0 0 0 0 0 0 0 0 0 0 0 0 0 0 0 0 0 0 0 0 0 0 0 0 0 0 0 0 0 0 0 0 0 0 0 0 0 0
 0 0 0 0 0 0 0 0 0 0 0 0 0 0 0 0 0 0 0 0 0 0 0 0 0 0 0 0 0 0 0 0 0 0 0 0 0 0 0 0 0 0 0 0 0 0 0 0 0 0 0 0 0 0 0 0 0 0 0 0 0 0 0 0 0 0 0 0 0 0 0 0 0 0 0 0 0 0 0 0 0 0 0 0 0 0 0 0 0 0 0 0 0 0 0 0 0 0 0 0 0 0 0 0 0 0 0 0 0 0 0 0 0 0 0 0 0 0 0 0 0 0 0 0 0 0 0 0 0 0 0 0 0 0 0 0 0 0 0 0 0 0 0 0 0 0 0 0 0 0 0 0 0 0 0 0 0 0 0 0 0 0 0 0 0 0 0 0 0 0 0 0 0 0 0 0 0 0 0 0 0 0 0 0 0 0 0 0 0 0 0 0 0 0 0 0 0 0 0 0 0 0 0 0 0 0 0 0 0 0 0 0 0 0 0 0 0 0 0 0 0 0 0 0 0 0 0 0 0 0 0 0 0 0 0 0 0 0 0 0 0 0 0 0 0 0 0 0 0 0 0 0 0 0 0 0 0 0 0 0 0 0 0 0 0 0 0 0 0 0 0 0 0 0 0 0 0 0 0 0 0 0 0 0 0 0 0 0 0 0 0 0 0 0 0 0 0 0 0 0 0 0 0 0 0 0 0 0 0 0 0 0 0 0 0 0 0 0 0 0 0 0 0 0 0 0 0 0 0 0 0 0 0 0 0 0 0 0 0 0 0 0 0 0 0 0 0 0 0 0 0 0 0 0 0 0 0 0 0 0 0 0 0 0 0 0 0 0 0 0 0 0 0 0 0 0 0 0 0 0 0 0 0 0 0 0 0 0 0 0 0 0 0 0 0 0 0 0 0 0 0 0 0 0 0 0 0 0 0 0 0 0 0 0 0 0 0 0 0 0 0 0 0 0 0 0 0 0 0 0 0 0 0 0 0 0 0 0 0 0 0 0 0 0 0 0 0 0 0 0 0 0 0 0 0 0 0 0 0 0 0 0 0 0 0 0 0 0 0 0 0 0 0 0 0 0 0 0 0 0 0 0 0 0 0 0 0 0 0 0 0 0 0 0 0 0 0 0 0 0 0 0 0 0 0 0 0 0 0 0 0 0 0 0 0 0 0 0 0 0 0 0 0 0 0 0 0 0 0 0 0 0 0 0 0 0 0 0 0 0 0 0 0 0 0 0 0 0 0 0 0 0 0 0 0 0 0 0 0 0 0 0 0 0 0 0 0 0 0 0 0 0 0 0 0 0 0 0 0 0 0 0 0 0 0 0 0 0 0 0 0 0 0 0 0 0 0 0 0 0
 0 0 0 0 0 0 0 0 0 0 0 0 0 0 0 0 0 0 0 0 0 0 0 0 0 0 0 0 0 0 0 0 0 0 0 0 0 0 0 0 0 0 0 0 0 0 0 0 0 0 0 0 0 0 0 0 0 0 0 0 0 0 0 0 0 0 0 0 0 0 0 0 0 0 0 0 0 0 0 0 0 0 0 0 0 0 0 0 0 0 0 0 0 0 0 0 0 0 0 0 0 0 0 0 0 0 0 0 0 0 0 0 0 0 0 0 0 0 0 0 0 0 0 0 0 0 0 0 0 0 0 0 0 0 0 0 0 0 0 0 0 0 0 0 0 0 0 0 0 0 0 0 0 0 0 0 0 0 0 0 0 0 0 0 0 0 0 0 0 0 0 0 0 0 0 0 0 0 0 0 0 0 0 0 0 0 0 0 0 0 0 0 0 0 0 0 0 0 0 0 0 0 0 0 0 0 0 0 0 0 0 0 0 0 0 0 0 0 0 0 0 0 0 0 0 0 0 0 0 0 0 0 0 0 0 0 0 0 0 0 0 0 0 0 0 0 0 0 0 0 0 0 0 0 0 0 0 0 0 0 0 0 0 0 0 0 0 0 0 0 0 0 0 0 0 0 0 0 0 0 0 0 0 0 0 0 0 0 0 0 0 0 0 0 0 0 0 0 0 0 0 0 0 0.0002487599558662623 0.0009552944684401155 0.002109323162585497 0.00364159676246345 0.00551186129450798 0.007715196348726749 0.01022327970713377 0.01302118506282568 0.01610888540744781 0.01946708001196384 0.02309435233473778 0.02696515433490276 0.03106112964451313 0.03537331521511078 0.03986772522330284 0.04452579095959663 0.0493350625038147 0.05430414900183678 0.05946486070752144 0.06478910148143768 0.07027238607406616 0.07593283802270889 0.08174291998147964 0.08770420402288437 0.09379660338163376 0.1000222787261009 0.10629753023386 0.1126313358545303 0.1190155521035194 0.1254477202892303 0.1319377869367599 0.1385006755590439 0.1446022391319275 0.1487866342067719 0.1500619053840637 0.147815003991127 0.1416924893856049 0.1346078664064407 0.1278774738311768 0.121483601629734 0.1154094189405441 0.1096389442682266 0.1041570007801056 0.09894914925098419 0.09400169551372528 0.08930160850286484 0.08483652770519257 0.08059470355510712 0.0765649676322937 0.0727367177605629 0.06909988075494766 0.06564489006996155 0.06236264482140541 0.05924451351165771 0.05628228932619095 0.05346817523241043 0.05079476535320282 0.04825502634048462 0.04584227502346039 0.04355015978217125 0.04137265309691429 0.03930402174592018 0.03733881935477257 0.03547187894582748 0.03369828313589096 0.03201336786150932 0.0304127000272274 0.02889206446707249 0.02744746208190918 0.02607508935034275 0.02477133460342884 0.02353276871144772 0.02235613018274307 0.02123832330107689 0.02017640694975853 0.01916758716106415 0.01820920780301094 0.01729874685406685 0.01643380895256996 0.01561211887747049 0.01483151316642761 0.01408993732184172 0.01338544022291899 0.01271616853773594 0.0120803602039814 0.01147634256631136 0.01090252585709095 0.01035739947110415 0.009839529171586037 0.009347552433609962 0.008880174718797207 0.008436165750026703 0.008014357648789883 0.007613639812916517 0.007232957985252142 0.00687131006270647 0.006527744699269533 0.006201357580721378 0.005891289561986923 0.005596725270152092 0.00531688891351223 0.005051044281572104 0.004798491951078176 0.004558567423373461 0.004330639261752367 0.004114107228815556 0.003908401820808649 0.003712981706485152 0.003527332562953234 0.003350965911522508 0.003183417720720172 0.003024246776476502 0.002873034449294209 0.002729382831603289 0.002592913806438446 0.002463268116116524 0.002340104663744569 0.002223099349066615 0.002111944369971752 0.002006347058340907 0.001906029647216201 0.00181072810664773 0.001720191678032279 0.001634182059206069 0.001552472938783467 0.00147484929766506 0.00140110682696104 0.001331051462329924 0.001264498918317258 0.001201273989863694 0.001141210319474339 0.001084149815142155 0.001029942301101983 0.0009784451685845852 0.0009295229101553559 0.0008830467704683542 0.0008388944552280009 0.0007969497237354517 0.0007571022142656147 0.0007192470948211849 0.0006832847138866782 0.0006491204840131104 0.0006166644743643701 0.0005858312360942364 0.0005565396859310567 0.0005287126987241209 0.0005022770492359996 0.0004771632084157318 0.0004533050523605198 0.0004306398041080683 0.0004091078008059412 0.0003886524064000696 0.0003692197788041085 0.0003507587825879455 0.0003332208434585482 0.0003165598027408123 0.0003007318009622395 0.0002856952196452767 0.0002714104484766722 0.0002578399144113064 0.0002449479070492089 0.0002327005058759823 0.0002210654783993959 0.0002100122073898092 0.0001995116035686806 0.0001895360182970762 0.0001800592144718394 0.0001710562501102686 0.0001625034346943721 0.0001543782564112917 0.0001466593384975567 0.0001393263664795086 0.0001323600445175543 0.0001257420371985063 0.0001194549331557937 0.0001134821868618019 0.0001078080749721266 0.0001024176744977012 9.72967900452204e-05 9.243195381714031e-05 8.781035285210237e-05 8.341983630089089e-05 7.924884266685694e-05 7.528639980591834e-05 7.152208127081394e-05 6.794597720727324e-05 6.454867980210111e-05 6.132124690338969e-05 5.825518383062445e-05 5.534242518479005e-05 5.257530574453995e-05 4.994653863832355e-05 4.744921170640737e-05 4.5076751121087e-05 4.282291411072947e-05 4.068176713190041e-05 3.864767859340645e-05 3.671529339044355e-05 3.487952926661819e-05 3.313555134809576e-05 3.147877214360051e-05 2.990483335452154e-05 2.840959132299758e-05 2.698911157494877e-05 2.56396560871508e-05 2.435767237329856e-05 2.313978802703787e-05 2.198279798903968e-05 2.088365727104247e-05 1.983947367989458e-05 1.884750054159667e-05 1.790512578736525e-05 1.700987013464328e-05 1.615937617316376e-05 1.535140654596034e-05 1.458383667340968e-05 1.385464474878972e-05 1.316191264777444e-05 1.250381683348678e-05 1.187862562801456e-05 1.128469466493698e-05 1.072045961336698e-05 1.018443617795128e-05 9.67521464190213e-06 9.191453500534408e-06 8.731880370760337e-06 8.29528653412126e-06 7.880522389314137e-06 7.48649608794949e-06 7.112171260814648e-06 6.75656247040024e-06 6.418734301405493e-06 6.097797722759424e-06 5.792907813884085e-06 5.503262400452513e-06 5.228099325904623e-06 4.966694177710451e-06 4.718359377875458e-06 4.482441454456421e-06 4.258319222572027e-06 4.045403329655528e-06 3.843133072223281e-06 3.65097639587475e-06 3.468427621555747e-06 3.295006308690063e-06 3.130255890937406e-06 2.973742994072381e-06 2.825055844368762e-06 2.683803131731111e-06 2.549612872826401e-06 2.422132183710346e-06 2.301025688211666e-06 2.185974381063716e-06 2.076675627904478e-06 1.972841801034519e-06 1.874199710982793e-06 1.780489697011944e-06 1.691465172370954e-06 1.606891942174116e-06 1.526547293906333e-06 1.450219883736281e-06 1.377708940708544e-06 1.308823470935749e-06 1.243382257598569e-06 1.181213178824692e-06 0.0001205939261126332 0.0003603968361858279 0.0007027146639302373 0.001143512083217502 0.001680149929597974 0.002310079988092184 0.003024457022547722 0.003814155701547861 0.004674677737057209 0.005599756725132465 0.00658315047621727 0.007622469216585159 0.008720071986317635 0.009875193238258362 0.01108304876834154 0.01233243197202682 0.01361782662570477 0.01493064966052771 0.01627523079514503 0.0176522359251976 0.01904441229999065 0.02044620178639889 0.02185085974633694 0.0232614278793335 0.02467868849635124 0.02609469182789326 0.02750302106142044 0.02890387549996376 0.03029986843466759 0.03169216215610504 0.03307998180389404 0.03446301817893982
 0 0 0 0 0 0 0 0 0 0 0 0 0 0 0 0 0 0 0 0 0 0 0 0 0 0 0 0 0 0 0 0 0 0 0 0 0 0 0 0 0 0 0 0 0 0 0 0 0 0 0 0 0 0 0 0 0 0 0 0 0 0 0 0 0 0 0 0 0 0 0 0 0 0 0 0 0 0 0 0 0 0 0 0 0 0 0 0 0 0 0 0 0 0 0 0 0 0 0 0 0 0 0 0 0 0 0 0 0 0 0 0 0 0 0 0 0 0 0 0 0 0 0 0 0 0 0 0 0 0 0 0 0 0 0 0 0 0 0 0 0 0 0 0 0 0 0 0 0 0 0 0 0 0 0 0 0 0 0 0 0 0 0 0 0 0 0 0 0 0 0 0 0 0 0 0 0 0 0 0 0 0 0 0 0 0 0 0 0 0 0 0 0 0 0 0 0 0 0 0 0 0 0 0 0 0 0 0 0 0 0 0 0 0 0 0 0 0 0 0 0 0 0 0 0 0 0 0 0 0 0 0 0 0 0 0 0 0 0 0 0 0 0 0 0 0 0 0 0 0 0 0 0 0 0 0 0 0 0 0 0 0 0 0 0 0 0 0 0 0 0 0 0 0 0 0 0 0 0 0 0 0 0 0 0 0 0 0 0 0 0 0 0 0 0 0 0 0 0 0 0 0 0 0 0 0 0 0 0 0 0 0 0 0 0 0 0 0 0 0 0 0 0 0 0 0 0 0 0 0 0 0 0 0 0 0 0 0 0 0 0 0 0 0 0 0 0 0 0 0 0 0 0 0 0 0 0 0 0 0 0 0 0 0 0 0 0 0 0 0 0 0 0 0 0 0 0 0 0 0 0 0 0 0 0 0 0 0 0 0 0 0 0 0 0 0 0 0 0 0 0 0 0 0 0 0 0 0 0 0 0 0 0 0 0 0 0 0 0 0 0 0 0 0 0 0 0 0 0 0 0 0 0 0 0 0 0 0 0 0 0 0 0 0 0 0 0 0 0 0 0 0 0 0 0 0 0 0 0 0 0 0 0 0 0 0 0 0 0 0 0 0 0 0 0 0 0 0 0 0 0 0 0 0 0 0 0 0 0 0 0 0 0 0 0 0 0 0 0 0 0 0 0 0 0 0 0 0 0 0 0 0 0 0 0 0 0 0 0 0 0 0 0 0 0 0 0 0 0 0 0 0 0 0 0 0 0 0 0 0 0 0 0 0 0 0 0 0 0 0 0 0 0 0 0 0 0 0 0 0 0 0 0 0 0 0 0 0 0 0 0 0 0 0 0 0 0 0 0 0 0 0 0 0 0 0 0 0 0 0 0 0 0 0 0 0 0 0 0 0
 0 0 0 0 0 0 0 0 0 0 0 0 0 0 0 0 0 0 0 0 0 0 0 0 0 0 0 0 0 0 0 0 0 0 0 0 0 0 0 0 0 0 0 0 0 0 0 0 0 0 0 0 0 0 0 0 0 0 0 0 0 0 0 0 0 0 0 0 0 0 0 0 0 0 0 0 0 0 0 0 0 0 0 0 0 0 0 0 0 0 0 0 0 0 0 0 0 0 0 0 0 0 0 0 0 0 0 0 0 0 0 0 0 0 0 0 0 0 0 0 0 0 0 0 0 0 0 0 0 0 0 0 0 0 0 0 0 0 0 0 0 0 0 0 0 0 0 0 0 0 0 0 0 0 0 0 0 0 0 0 0 0 0 0 0 0 0 0 0 0 0 0 0 0 0 0 0 0 0 0 0 0 0 0 0 0 0 0 0 0 0 0 0 0 0 0 0 0 0 0 0 0 0 0 0 0 0 0 0 0 0 0 0 0 0 0 0 0 0 0 0 0 0 0 0 0 0 0 0 0 0 0 0 0 0 0 0 0 0 0 0 0 0 0 0 0 0 0 0 0 0 0 0 0 0 0 0 0 0 0 0 0 0 0 0 0 0 0 0 0 0 0 0 0 0 0 0 0 0 0 0 0 0 0 0 0 0 0 0 0 0 0 0 0 0 0 0 0 0 0 0 0 0 0 0 0 0 0 0 0 0 0 0 0 0 0 0 0 0 0 0 0 0 0 0 0 0 0 0 0 0 0 0 0 0 0 0 0 0 0 0 0 0 0 0 0 0 0 0 0 0 0 0 0 0 0 0 0 0 0 0 0 0 0 0 0 0 0 0 0 0 0 0 0 0 0 0 0 0 0 0 0 0 0 0 0 0 0 0 0 0 0 0 0 0 0 0 0 0 0 0 0 0 0 0 0 0 0 0 0 0 0 0 0 0 0 0 0 0 0 0 0 0 0 0 0 0 0 0 0 0 0 0 0 0 0 0 0 0 0 0 0 0 0 0 0 0 0 0 0 0 0 0 0 0 0 0 0 0 0 0 0 0 0 0 0 0 0 0 0 0 0 0 0 0 0 0 0 0 0 0 0 0 0 0 0 0 0 0 0 0 0 0 0 0 0 0 0 0 0 0 0 0 0 0 0 0 0 0 0 0 0 0 0 0 0 0 0 0 0 0 0 0 0 0 0 0 0 0 0 0 0 0 0 0 0 0 0 0 0 0 0 0 0 0 0 0 0 0 0 0 0 0 0 0 0 0 0 0 0 0 0 0 0 0 0 0 0 0 0 0 0 0 0 0 0 0 0 0 0 0 0 0 0 0 0 0 0 0 0 0 0 0 0 0 0 0 0 0 0
 0 0 0 0 0 0 0 0 0 0 0 0 0 0 0 0 0 0 0 0 0 0 0 0 0 0 0 0 0 0 0 0 0 0 0 0 0 0 0 0 0 0 0 0 0 0 0 0 0 0 0 0 0 0 0 0 0 0 0 0 0 0 0 0 0 0 0 0 0 0 0 0 0 0 0 0 0 0 0 0 0 0 0 0 0 0 0 0 0 0 0 0 0 0 0 0 0 0 0 0 0 0 0 0 0 0 0 0 0 0 0 0 0 0 0 0 0 0 0 0 0 0 0 0 0 0 0 0 0 0 0 0 0 0 0 0 0 0 0 0 0 0 0 0 0 0 0 0 0 0 0 0 0 0 0 0 0 0 0 0 0 0 0 0 0 0 0 0 0 0 0 0 0 0 0 0 0 0 0 0 0 0 0 0 0 0 0 0 0 0 0 0 0 0 0 0 0 0 0 0 0 0 0 0 0 0 0 0 0 0 0 0 0 0 0 0 0 0 0 0 0 0 0 0 0 0 0 0 0 0 0 0 0 0 0 0 0 0 0 0 0 0 0 0 0 0 0 0 0 0 0 0 0 0 0 0 0 0 0 0 0 0 0 0 0 0 0 0 0 0 0 0 0 0 0 0 0 0 0 0 0 0 0 0 0 0 0 0 0 0 0 0 0 0 0 0 0 0 0 0 0 0 0 0 0 0 0 0 0 0 0 0 0 0 0 0 0 0 0 0 0 0 0 0 0 0 0 0 0 0 0 0 0 0 0 0 0 0 0 0 0 0 0 0 0 0 0 0 0 0 0 0 0 0 0 0 0 0 0 0 0 0 0 0 0 0 0 0 0 0 0 0 0 0 0 0 0 0 0 0 0 0 0 0 0 0 0 0 0 0 0 0 0 0 0 0 0 0 0 0 0 0 0 0 0 0 0 0 0 0 0 0 0 0 0 0 0 0 0 0 0 0 0 0 0 0 0 0 0 0 0 0 0 0 0 0 0 0 0 0 0 0 0 0 0 0 0 0 0 0 0 0 0 0 0 0 0 0 0 0 0 0 0 0 0 0 0 0 0 0 0 0 0 0 0 0 0 0 0 0 0 0 0 0 0 0 0 0 0 0 0 0 0 0 0 0 0 0 0 0 0 0 0 0 0 0 0 0 0 0 0 0 0 0 0 0 0 0 0 0 0 0 0 0 0 0 0 0 0 0 0 0 0 0 0 0 0 0 0 0 0 0 0 0 0 0 0 0 0 0 0 0 0 0 0 0 0 0 0 0 0 0 0 0 0 0 0 0 0 0 0 0 0 0 0 0 0 0 0 0 0 0 0 0 0 0 0 0 0 0 0 0 0 0 0 0 0 0 0 0
 0 0 0 0 0 0 0 0 0 0 0 0 0 0 0 0 0 0 0 0 0 0 0 0 0 0 0 0 0 0 0 0 0 0 0 0 0 0 0 0 0 0 0 0 0 0 0 0 0 0 0 0 0 0 0 0 0 0 0 0 0 0 0 0 0 0 0 0 0 0 0 0 0 0 0 0 0 0 0 0 0 0 0 0 0 0 0 0 0 0 0 0 0 0 0 0 0 0 0 0 0 0 0 0 0 0 0 0 0 0 0 0 0 0 0 0 0 0 0 0 0 0 0 0 0 0 0 0 0 0 0 0 0 0 0 0 0 0 0 0 0 0 0 0 0 0 0 0 0 0 0 0 0 0 0 0 0 0 0 0 0 0 0 0 0 0 0 0 0 0 0 0 0 0 0 0 0 0 0 0 0 0 0 0 0 0 0 0 0 0 0 0 0 0 0 0 0 0 0 0 0 0 0 0 0 0 0 0 0 0 0 0 0 0 0 0 0 0 0 0 0 0 0 0 0 0 0 0 0 0 0 0 0 0 0 0 0 0 0 0 0 0 0 0 0 0 0 0 0 0 0 0 0 0 0 0 0 0 0 0 0 0 0 0 0 0 0 0 0 0 0 0 0 0 0 0 0 0 0 0 0 0 0 0 0 0 0 0 0 0 0 0 0 0 0 0 0 0 0 0 0 0 0 0.0003093517734669149 0.001096143038012087 0.002318955026566982 0.003912155982106924 0.005845260806381702 0.008076943457126617 0.01060669496655464 0.01344989147037268 0.01662602648139 0.02010773308575153 0.02389099448919296 0.02792353183031082 0.03215675428509712 0.03655298426747322 0.04109311103820801 0.04578782990574837 0.05064542219042778 0.05568347126245499 0.06090854853391647 0.06629900634288788 0.07187020778656006 0.07759694010019302 0.08344078809022903 0.08940358459949493 0.09547244012355804 0.1016023010015488 0.1077809110283852 0.1139889284968376 0.1202346011996269 0.1265331655740738 0.1329012811183929 0.1393161416053772 0.1448481231927872 0.1481776535511017 0.1484951972961426 0.1452290713787079 0.1380418390035629 0.1311397403478622 0.1245827525854111 0.1183536127209663 0.1124359294772148 0.1068141311407089 0.1014734208583832 0.09639974683523178 0.09157975763082504 0.087000772356987 0.08265073597431183 0.07851819694042206 0.07459228485822678 0.07086267322301865 0.06731954216957092 0.06395356357097626 0.0607558861374855 0.05771809071302414 0.05483218654990196 0.05209057778120041 0.04948604851961136 0.04701174795627594 0.04466116055846214 0.04242810234427452 0.0403066985309124 0.03829136490821838 0.03637679666280746 0.03455795720219612 0.03283005952835083 0.03118855692446232 0.02962912991642952 0.02814767323434353 0.02674029022455215 0.02540327608585358 0.0241331122815609 0.0229264572262764 0.02178013511002064 0.02069112844765186 0.01965657249093056 0.01867374405264854 0.01774005591869354 0.01685305312275887 0.01601039990782738 0.01520987972617149 0.01444938592612743 0.01372691616415977 0.0130405705422163 0.01238854229450226 0.01176911499351263 0.01118065882474184 0.01062162593007088 0.01009054481983185 0.009586017578840256 0.009106717072427273 0.008651381358504295 0.008218811824917793 0.007807871326804161 0.007417477667331696 0.007046603597700596 0.006694273557513952 0.006359559949487448 0.006041581742465496 0.005739502608776093 0.005452527664601803 0.005179901141673326 0.00492090592160821 0.004674860741943121 0.004441117867827415 0.00421906216070056 0.004008109215646982 0.003807703731581569 0.003617318579927087 0.003436452709138393 0.003264629980549216 0.003101398469880223 0.002946328604593873 0.00279901223257184 0.002659061690792441 0.002526108641177416 0.002399803139269352 0.002279812935739756 0.002165822312235832 0.002057531150057912 0.001954654697328806 0.001856921939179301 0.001764075830578804 0.001675872015766799 0.001592078362591565 0.001512474496848881 0.001436850754544139 0.001365008181892335 0.001296757720410824 0.001231919857673347 0.001170323812402785 0.001111807650886476 0.001056217239238322 0.001003406359814107 0.0009532360127195716 0.0009055741829797626 0.0008602954912930727 0.0008172807283699512 0.0007764166803099215 0.0007375958375632763 0.0007007160456851125 0.0006656802725046873 0.0006323962588794529 0.0006007764604873955 0.0005707376403734088 0.0005422007525339723 0.0005150907090865076 0.0004893361474387348 0.0004648693429771811 0.0004416258889250457 0.0004195445799268782 0.0003985673538409173 0.0003786389715969563 0.0003597070171963423 0.0003417216648813337 0.0003246355918236077 0.0003084038035012782 0.0002929836045950651 0.0002783344243653119 0.0002644177002366632 0.0002511968195904046 0.0002386369742453098 0.0002267051313538104 0.0002153698733309284 0.0002046013833023608 0.0001943713141372427 0.0001846527447924018 0.0001754201075527817 0.0001666491007199511 0.0001583166449563578 0.0001504008105257526 0.0001428807736374438 0.0001357367291348055 0.0001289498904952779 0.0001225024025188759 0.0001163772831205279 0.0001105584160541184 0.0001050304927048273 9.977896843338385e-05 9.479001892032102e-05 9.005051833810285e-05 8.554799569537863e-05 8.127059845719486e-05 7.720707071712241e-05 7.33467168174684e-05 6.967937952140346e-05 6.619541090913117e-05 6.288564327405766e-05 5.974136001896113e-05 5.675429201801307e-05 5.391657759901136e-05 5.122074799146503e-05 4.865970913670026e-05 4.62267234979663e-05 4.391538823256269e-05 4.171962063992396e-05 3.963363997172564e-05 3.765195651794784e-05 3.576935705495998e-05 3.398089029360563e-05 3.228184505132958e-05 3.066775389015675e-05 2.913436583185103e-05 2.767764817690477e-05 2.629376649565529e-05 2.497907735232729e-05 2.373012284806464e-05 2.254361606901512e-05 2.141643562936224e-05 2.034561475738883e-05 1.932833401951939e-05 1.83619176823413e-05 1.7443820979679e-05 1.657163011259399e-05 1.574304769746959e-05 1.495589549449505e-05 1.420810076524504e-05 1.34976953631849e-05 1.282281027670251e-05 1.218167017214e-05 1.157258702733088e-05 1.099395740311593e-05 1.044425971485907e-05 9.922046956489794e-06 9.425944881513715e-06 8.954647455539089e-06 8.506915037287399e-06 8.081568921625149e-06 7.677490430069156e-06 7.293615908565698e-06 6.928934908501105e-06 6.582488367712358e-06 6.253364063013578e-06 5.940695700701326e-06 5.6436610975652e-06 5.361478088161675e-06 5.093404070066754e-06 4.838733730139211e-06 4.596797225531191e-06 4.366957455204101e-06 4.148609605181264e-06 3.941179329558508e-06 3.744120476767421e-06 3.556914407454315e-06 3.37906863023818e-06 3.210115210094955e-06 3.049609404115472e-06 2.897128979384433e-06 2.752272621364682e-06 2.614659024402499e-06 2.483925982232904e-06 2.359729705858626e-06 2.241743231934379e-06 2.129655968019506e-06 2.023173237830633e-06 1.922014689625939e-06 1.825913955144642e-06 1.734618308546487e-06 1.64788741585653e-06 1.565492993904627e-06 1.487218355578079e-06 1.412857386640098e-06 1.342214545729803e-06 1.27510384118068e-06 9.189656702801585e-05 0.0003100867033936083 0.0006349392933771014 0.001062406576238573 0.001587449456565082 0.002204753924161196 0.002908977214246988 0.00369701161980629 0.004561879206448793 0.005500967148691416 0.006505672354251146 0.007570636458694935 0.008684291504323483 0.009843581356108189 0.01104656793177128 0.01228378154337406 0.013556107878685 0.01486168336123228 0.01619654148817062 0.01755677349865437 0.01892902329564095 0.02031843923032284 0.0217260830104351 0.02314547449350357 0.0245733056217432 0.02600538171827793 0.02744339033961296 0.02888532169163227 0.03032051213085651 0.03174841403961182 0.03316948935389519 0.0345856137573719 0.03599808365106583 0.03740818798542023
 0 0 0 0 0 0 0 0 0 0 0 0 0 0 0 0 0 0 0 0 0 0 0 0 0 0 0 0 0 0 0 0 0 0 0 0 0 0 0 0 0 0 0 0 0 0 0 0 0 0 0 0 0 0 0 0 0 0 0 0 0 0 0 0 0 0 0 0 0 0 0 0 0 0 0 0 0 0 0 0 0 0 0 0 0 0 0 0 0 0 0 0 0 0 0 0 0 0 0 0 0 0 0 0 0 0 0 0 0 0 0 0 0 0 0 0 0 0 0 0 0 0 0 0 0 0 0 0 0 0 0 0 0 0 0 0 0 0 0 0 0 0 0 0 0 0 0 0 0 0 0 0 0 0 0 0 0 0 0 0 0 0 0 0 0 0 0 0 0 0 0 0 0 0 0 0 0 0 0 0 0 0 0 0 0 0 0 0 0 0 0 0 0 0 0 0 0 0 0 0 0 0 0 0 0 0 0 0 0 0 0 0 0 0 0 0 0 0 0 0 0 0 0 0 0 0 0 0 0 0 0 0 0 0 0 0 0 0 0 0 0 0 0 0 0 0 0 0 0 0 0 0 0 0 0 0 0 0 0 0 0 0 0 0 0 0 0 0 0 0 0 0 0 0 0 0 0 0 0 0 0 0 0 0 0 0 0 0 0 0 0 0 0 0 0 0 0 0 0 0 0 0 0 0 0 0 0 0 0 0 0 0 0 0 0 0 0 0 0 0 0 0 0 0 0 0 0 0 0 0 0 0 0 0 0 0 0 0 0 0 0 0 0 0 0 0 0 0 0 0 0 0 0 0 0 0 0 0 0 0 0 0 0 0 0 0 0 0 0 0 0 0 0 0 0 0 0 0 0 0 0 0 0 0 0 0 0 0 0 0 0 0 0 0 0 0 0 0 0 0 0 0 0 0 0 0 0 0 0 0 0 0 0 0 0 0 0 0 0 0 0 0 0 0 0 0 0 0 0 0 0 0 0 0 0 0 0 0 0 0 0 0 0 0 0 0 0 0 0 0 0 0 0 0 0 0 0 0 0 0 0 0 0 0 0 0 0 0 0 0 0 0 0 0 0 0 0 0 0 0 0 0 0 0 0 0 0 0 0 0 0 0 0 0 0 0 0 0 0 0 0 0 0 0 0 0 0 0 0 0 0 0 0 0 0 0 0 0 0 0 0 0 0 0 0 0 0 0 0 0 0 0 0 0 0 0 0 0 0 0 0 0 0 0 0 0 0 0 0 0 0 0 0 0 0 0 0 0 0 0 0 0 0 0 0 0 0 0 0 0 0 0 0 0 0 0 0 0 0 0 0 0 0 0 0 0 0 0 0 0 0 0 0 0 0 0 0 0 0 0
 0 0 0 0 0 0 0 0 0 0 0 0 0 0 0 0 0 0 0 0 0 0 0 0 0 0 0 0 0 0 0 0 0 0 0 0 0 0 0 0 0 0 0 0 0 0 0 0 0 0 0 0 0 0 0 0 0 0 0 0 0 0 0 0 0 0 0 0 0 0 0 0 0 0 0 0 0 0 0 0 0 0 0 0 0 0 0 0 0 0 0 0 0 0 0 0 0 0 0 0 0 0 0 0 0 0 0 0 0 0 0 0 0 0 0 0 0 0 0 0 0 0 0 0 0 0 0 0 0 0 0 0 0 0 0 0 0 0 0 0 0 0 0 0 0 0 0 0 0 0 0 0 0 0 0 0 0 0 0 0 0 0 0 0 0 0 0 0 0 0 0 0 0 0 0 0 0 0 0 0 0 0 0 0 0 0 0 0 0 0 0 0 0 0 0 0 0 0 0 0 0 0 0 0 0 0 0 0 0 0 0 0 0 0 0 0 0 0 0 0 0 0 0 0 0 0 0 0 0 0 0 0 0 0 0 0 0 0 0 0 0 0 0 0 0 0 0 0 0 0 0 0 0 0 0 0 0 0 0 0 0 0 0 0 0 0 0 0 0 0 0 0 0 0 0 0 0 0 0 0 0 0 0 0 0 0 0 0 0 0 0 0 0 0 0 0 0 0 0 0 0 0 0 0 0 0 0 0 0 0 0 0 0 0 0 0 0 0 0 0 0 0 0 0 0 0 0 0 0 0 0 0 0 0 0 0 0 0 0 0 0 0 0 0 0 0 0 0 0 0 0 0 0 0 0 0 0 0 0 0 0 0 0 0 0 0 0 0 0 0 0 0 0 0 0 0 0 0 0 0 0 0 0 0 0 0 0 0 0 0 0 0 0 0 0 0 0 0 0 0 0 0 0 0 0 0 0 0 0 0 0 0 0 0 0 0 0 0 0 0 0 0 0 0 0 0 0 0 0 0 0 0 0 0 0 0 0 0 0 0 0 0 0 0 0 0 0 0 0 0 0 0 0 0 0 0 0 0 0 0 0 0 0 0 0 0 0 0 0 0 0 0 0 0 0 0 0 0 0 0 0 0 0 0 0 0 0 0 0 0 0 0 0 0 0 0 0 0 0 0 0 0 0 0 0 0 0 0 0 0 0 0 0 0 0 0 0 0 0 0 0 0 0 0 0 0 0 0 0 0 0 0 0 0 0 0 0 0 0 0 0 0 0 0 0 0 0 0 0 0 0 0 0 0 0 0 0 0 0 0 0 0 0 0 0 0 0 0 0 0 0 0 0 0 0 0 0 0 0 0 0 0 0 0 0 0 0 0 0 0 0 0 0 0 0 0 0 0 0 0
 0 0 0 0 0 0 0 0 0 0 0 0 0 0 0 0 0 0 0 0 0 0 0 0 0 0 0 0 0 0 0 0 0 0 0 0 0 0 0 0 0 0 0 0 0 0 0 0 0 0 0 0 0 0 0 0 0 0 0 0 0 0 0 0 0 0 0 0 0 0 0 0 0 0 0 0 0 0 0 0 0 0 0 0 0 0 0 0 0 0 0 0 0 0 0 0 0 0 0 0 0 0 0 0 0 0 0 0 0 0 0 0 0 0 0 0 0 0 0 0 0 0 0 0 0 0 0 0 0 0 0 0 0 0 0 0 0 0 0 0 0 0 0 0 0 0 0 0 0 0 0 0 0 0 0 0 0 0 0 0 0 0 0 0 0 0 0 0 0 0 0 0 0 0 0 0 0 0 0 0 0 0 0 0 0 0 0 0 0 0 0 0 0 0 0 0 0 0 0 0 0 0 0 0 0 0 0 0 0 0 0 0 0 0 0 0 0 0 0 0 0 0 0 0 0 0 0 0 0 0 0 0 0 0 0 0 0 0 0 0 0 0 0 0 0 0 0 0 0 0 0 0 0 0 0 0 0 0 0 0 0 0 0 0 0 0 0 0 0 0 0 0 0 0 0 0 0 0 0 0 0 0 0 0 0 0 0 0 0 0 0 0 0 0 0 0 0 0 0 0 0 0 0 0 0 0 0 0 0 0 0 0 0 0 0 0 0 0 0 0 0 0 0 0 0 0 0 0 0 0 0 0 0 0 0 0 0 0 0 0 0 0 0 0 0 0 0 0 0 0 0 0 0 0 0 0 0 0 0 0 0 0 0 0 0 0 0 0 0 0 0 0 0 0 0 0 0 0 0 0 0 0 0 0 0 0 0 0 0 0 0 0 0 0 0 0 0 0 0 0 0 0 0 0 0 0 0 0 0 0 0 0 0 0 0 0 0 0 0 0 0 0 0 0 0 0 0 0 0 0 0 0 0 0 0 0 0 0 0 0 0 0 0 0 0 0 0 0 0 0 0 0 0 0 0 0 0 0 0 0 0 0 0 0 0 0 0 0 0 0 0 0 0 0 0 0 0 0 0 0 0 0 0 0 0 0 0 0 0 0 0 0 0 0 0 0 0 0 0 0 0 0 0 0 0 0 0 0 0 0 0 0 0 0 0 0 0 0 0 0 0 0 0 0 0 0 0 0 0 0 0 0 0 0 0 0 0 0 0 0 0 0 0 0 0 0 0 0 0 0 0 0 0 0 0 0 0 0 0 0 0 0 0 0 0 0 0 0 0 0 0 0 0 0 0 0 0 0 0 0 0 0 0 0 0 0 0 0 0 0 0 0 0 0 0 0 0 0 0 0
 0 0 0 0 0 0 0 0 0 0 0 0 0 0 0 0 0 0 0 0 0 0 0 0 0 0 0 0 0 0 0 0 0 0 0 0 0 0 0 0 0 0 0 0 0 0 0 0 0 0 0 0 0 0 0 0 0 0 0 0 0 0 0 0 0 0 0 0 0 0 0 0 0 0 0 0 0 0 0 0 0 0 0 0 0 0 0 0 0 0 0 0 0 0 0 0 0 0 0 0 0 0 0 0 0 0 0 0 0 0 0 0 0 0 0 0 0 0 0 0 0 0 0 0 0 0 0 0 0 0 0 0 0 0 0 0 0 0 0 0 0 0 0 0 0 0 0 0 0 0 0 0 0 0 0 0 0 0 0 0 0 0 0 0 0 0 0 0 0 0 0 0 0 0 0 0 0 0 0 0 0 0 0 0 0 0 0 0 0 0 0 0 0 0 0 0 0 0 0 0 0 0 0 0 0 0 0 0 0 0 0 0 0 0 0 0 0 0 0 0 0 0 0 0 0 0 0 0 0 0 0 0 0 0 0 0 0 0 0 0 0 0 0 0 0 0 0 0 0 0 0 0 0 0 0 0 0 0 0 0 0 0 0 0 0 0 0 0 0 0 0 0 0 0 0 0 0 0 0 0 0 0 0 0 0 0 0 0 0 0 0 0 0 0 0 0 0 0 0 0 0 0 0 0 0.0002985553292091936 0.001070871483534575 0.002271381905302405 0.003817020915448666 0.005697039887309074 0.007891661487519741 0.01038133911788464 0.01317186094820499 0.01626397669315338 0.01964959502220154 0.02331182360649109 0.02724507823586464 0.03143258765339851 0.03578761219978333 0.04028069972991943 0.04489131271839142 0.04965045675635338 0.05456385388970375 0.0596548318862915 0.0649300292134285 0.0703757181763649 0.07599388062953949 0.0817229375243187 0.08756899833679199 0.09352131932973862 0.09956645965576172 0.1056543961167336 0.1117718145251274 0.1179106160998344 0.1241080909967422 0.130381241440773 0.136736586689949 0.1425100117921829 0.1462972462177277 0.1472207009792328 0.1447236686944962 0.1383958160877228 0.131476029753685 0.1249022260308266 0.118657112121582 0.1127242594957352 0.1070880442857742 0.1017336398363113 0.09664695709943771 0.09181460738182068 0.08722387999296188 0.08286268264055252 0.07871954888105392 0.0747835710644722 0.07104439288377762 0.06749217212200165 0.06411756575107574 0.06091168895363808 0.05786610394716263 0.05497279763221741 0.05222415924072266 0.04961295053362846 0.04713230207562447 0.04477568715810776 0.0425369031727314 0.04041005671024323 0.03838955238461494 0.03647007420659065 0.03464657068252563 0.03291424363851547 0.03126852959394455 0.02970510348677635 0.02821984887123108 0.0268088560551405 0.02546841278672218 0.02419499307870865 0.02298524416983128 0.02183598279953003 0.02074418403208256 0.01970697566866875 0.01872162707149982 0.01778554543852806 0.01689626835286617 0.01605145446956158 0.01524888165295124 0.01448643766343594 0.01376211550086737 0.01307400967925787 0.01242030877619982 0.01179929357022047 0.0112093286588788 0.01064886245876551 0.01011641975492239 0.009610598906874657 0.009130069054663181 0.008673565462231636 0.008239887654781342 0.007827892899513245 0.007436498068273067 0.007064673118293285 0.006711439229547977 0.006375867407768965 0.006057073827832937 0.005754220299422741 0.005466509144753218 0.005193183664232492 0.004933524411171675 0.004686848260462284 0.004452506080269814 0.00422988086938858 0.004018386825919151 0.003817467484623194 0.00362659408710897 0.003445264417678118 0.003273001173511147 0.003109351033344865 0.002953883493319154 0.002806189237162471 0.002665879670530558 0.002532585756853223 0.002405956387519836 0.002285658614709973 0.002171375788748264 0.002062807092443109 0.001959666842594743 0.001861683558672667 0.001768599380739033 0.001680169370956719 0.001596160931512713 0.001516352873295546 0.00144053518306464 0.001368508441373706 0.001300083007663488 0.001235078903846443 0.001173324999399483 0.00111465877853334 0.001058925874531269 0.00100597960408777 0.0009556806180626154 0.000907896610442549 0.0008625017944723368 0.0008193767280317843 0.0007784079061821103 0.0007394875283353031 0.0007025131490081549 0.0006673875031992793 0.0006340180989354849 0.000602317217271775 0.0005722013302147388 0.0005435912753455341 0.0005164117319509387 0.00049059116281569 0.0004660616104956716 0.0004427585226949304 0.0004206206067465246 0.0003995895676780492 0.0003796100791078061 0.0003606295795179904 0.0003425980976317078 0.0003254681942053139 0.0003091947874054313 0.0002937350363936275 0.0002790482831187546 0.000265095877693966 0.0002518410910852253 0.0002392490423517302 0.0002272865967825055 0.0002159222640329972 0.0002051261544693261 0.0001948698482010514 0.0001851263514254242 0.0001758700382197276 0.0001670765341259539 0.0001587227015988901 0.0001507865672465414 0.0001432472345186397 0.0001360848691547289 0.0001292806264245883 0.0001228165929205716 0.0001166757647297345 0.0001108419746742584 0.0001052998777595349 0.0001000348856905475 9.503314504399896e-05 9.028148633660749e-05 8.576740947319195e-05 8.147904009092599e-05 7.740508590359241e-05 7.35348294256255e-05 6.985808431636542e-05 6.636518082814291e-05 6.304692215053365e-05 5.989457713440061e-05 5.689984755008481e-05 5.405485353549011e-05 5.135211176821031e-05 4.878450636169873e-05 4.634528158931062e-05 4.402801641845144e-05 4.182661723461933e-05 3.973528509959579e-05 3.774851938942447e-05 3.586109232855961e-05 3.406803807592951e-05 3.236463453504257e-05 3.074640335398726e-05 2.920908264059108e-05 2.774862878140993e-05 2.636119825183414e-05 2.504313852114137e-05 2.379098077653907e-05 2.260143082821742e-05 2.147136001440231e-05 2.039779246842954e-05 1.937790329975542e-05 1.84090076800203e-05 1.748855720506981e-05 1.661412898101844e-05 1.57834219862707e-05 1.499425070505822e-05 1.424453785148216e-05 1.353231073153438e-05 1.285569487663452e-05 1.22129104056512e-05 1.160226474894444e-05 1.102215173887089e-05 1.047104433382628e-05 9.947491889761295e-06 9.450117431697436e-06 8.977611287264153e-06 8.528731086698826e-06 8.10229448688915e-06 7.697180080867838e-06 7.312321031349711e-06 6.946705070731696e-06 6.599369953619316e-06 6.269401637837291e-06 5.955931555945426e-06 5.658134796249215e-06 5.375228283810429e-06 5.106466687720967e-06 4.851143330597552e-06 4.608586095855571e-06 4.378156972961733e-06 4.159249328949954e-06 3.951286998926662e-06 3.753722694455064e-06 3.566036639313097e-06 3.387734750504023e-06 3.218347956135403e-06 3.057430603803368e-06 2.904559096350567e-06 2.759331209745142e-06 2.621364728838671e-06 2.490296537871473e-06 2.365781710977899e-06 2.247492602691636e-06 2.135117938451003e-06 2.028362132477923e-06 1.926943923535873e-06 1.830596715990396e-06 1.739066874506534e-06 1.652113496675156e-06 1.569507844578766e-06 1.491032435296802e-06 1.416480813531962e-06 8.823679672786966e-05 0.0002934536314569414 0.000610694638453424 0.001038198824971914 0.001569234766066074 0.002189874183386564 0.002896710066124797 0.003687030635774136 0.004545805510133505 0.005472366698086262 0.006461688783019781 0.007513451389968395 0.00862452294677496 0.009786506183445454 0.01099180337041616 0.0122373104095459 0.01351913250982761 0.01483781170099974 0.01618715934455395 0.01755926944315434 0.01894495636224747 0.02034250274300575 0.0217521358281374 0.02317240834236145 0.02459743246436119 0.02601836249232292 0.02743549831211567 0.028849046677351 0.03026151843369007 0.03167233616113663 0.03308212757110596 0.03448817878961563 0.03589083254337311 0.03729292750358582 0.03869150206446648
 0 0 0 0 0 0 0 0 0 0 0 0 0 0 0 0 0 0 0 0 0 0 0 0 0 0 0 0 0 0 0 0 0 0 0 0 0 0 0 0 0 0 0 0 0 0 0 0 0 0 0 0 0 0 0 0 0 0 0 0 0 0 0 0 0 0 0 0 0 0 0 0 0 0 0 0 0 0 0 0 0 0 0 0 0 0 0 0 0 0 0 0 0 0 0 0 0 0 0 0 0 0 0 0 0 0 0 0 0 0 0 0 0 0 0 0 0 0 0 0 0 0 0 0 0 0 0 0 0 0 0 0 0 0 0 0 0 0 0 0 0 0 0 0 0 0 0 0 0 0 0 0 0 0 0 0 0 0 0 0 0 0 0 0 0 0 0 0 0 0 0 0 0 0 0 0 0 0 0 0 0 0 0 0 0 0 0 0 0 0 0 0 0 0 0 0 0 0 0 0 0 0 0 0 0 0 0 0 0 0 0 0 0 0 0 0 0 0 0 0 0 0 0 0 0 0 0 0 0 0 0 0 0 0 0 0 0 0 0 0 0 0 0 0 0 0 0 0 0 0 0 0 0 0 0 0 0 0 0 0 0 0 0 0 0 0 0 0 0 0 0 0 0 0 0 0 0 0 0 0 0 0 0 0 0 0 0 0 0 0 0 0 0 0 0 0 0 0 0 0 0 0 0 0 0 0 0 0 0 0 0 0 0 0 0 0 0 0 0 0 0 0 0 0 0 0 0 0 0 0 0 0 0 0 0 0 0 0 0 0 0 0 0 0 0 0 0 0 0 0 0 0 0 0 0 0 0 0 0 0 0 0 0 0 0 0 0 0 0 0 0 0 0 0 0 0 0 0 0 0 0 0 0 0 0 0 0 0 0 0 0 0 0 0 0 0 0 0 0 0 0 0 0 0 0 0 0 0 0 0 0 0 0 0 0 0 0 0 0 0 0 0 0 0 0 0 0 0 0 0 0 0 0 0 0 0 0 0 0 0 0 0 0 0 0 0 0 0 0 0 0 0 0 0 0 0 0 0 0 0 0 0 0 0 0 0 0 0 0 0 0 0 0 0 0 0 0 0 0 0 0 0 0 0 0 0 0 0 0 0 0 0 0 0 0 0 0 0 0 0 0 0 0 0 0 0 0 0 0 0 0 0 0 0 0 0 0 0 0 0 0 0 0 0 0 0 0 0 0 0 0 0 0 0 0 0 0 0 0 0 0 0 0 0 0 0 0 0 0 0 0 0 0 0 0 0 0 0 0 0 0 0 0 0 0 0 0 0 0 0 0 0 0 0 0 0 0 0 0 0 0 0 0 0 0 0 0 0 0 0 0 0 0 0 0 0 0 0 0 0
 0 0 0 0 0 0 0 0 0 0 0 0 0 0 0 0 0 0 0 0 0 0 0 0 0 0 0 0 0 0 0 0 0 0 0 0 0 0 0 0 0 0 0 0 0 0 0 0 0 0 0 0 0 0 0 0 0 0 0 0 0 0 0 0 0 0 0 0 0 0 0 0 0 0 0 0 0 0 0 0 0 0 0 0 0 0 0 0 0 0 0 0 0 0 0 0 0 0 0 0 0 0 0 0 0 0 0 0 0 0 0 0 0 0 0 0 0 0 0 0 0 0 0 0 0 0 0 0 0 0 0 0 0 0 0 0 0 0 0 0 0 0 0 0 0 0 0 0 0 0 0 0 0 0 0 0 0 0 0 0 0 0 0 0 0 0 0 0 0 0 0 0 0 0 0 0 0 0 0 0 0 0 0 0 0 0 0 0 0 0 0 0 0 0 0 0 0 0 0 0 0 0 0 0 0 0 0 0 0 0 0 0 0 0 0 0 0 0 0 0 0 0 0 0 0 0 0 0 0 0 0 0 0 0 0 0 0 0 0 0 0 0 0 0 0 0 0 0 0 0 0 0 0 0 0 0 0 0 0 0 0 0 0 0 0 0 0 0 0 0 0 0 0 0 0 0 0 0 0 0 0 0 0 0 0 0 0 0 0 0 0 0 0 0 0 0 0 0 0 0 0 0 0 0 0 0 0 0 0 0 0 0 0 0 0 0 0 0 0 0 0 0 0 0 0 0 0 0 0 0 0 0 0 0 0 0 0 0 0 0 0 0 0 0 0 0 0 0 0 0 0 0 0 0 0 0 0 0 0 0 0 0 0 0 0 0 0 0 0 0 0 0 0 0 0 0 0 0 0 0 0 0 0 0 0 0 0 0 0 0 0 0 0 0 0 0 0 0 0 0 0 0 0 0 0 0 0 0 0 0 0 0 0 0 0 0 0 0 0 0 0 0 0 0 0 0 0 0 0 0 0 0 0 0 0 0 0 0 0 0 0 0 0 0 0 0 0 0 0 0 0 0 0 0 0 0 0 0 0 0 0 0 0 0 0 0 0 0 0 0 0 0 0 0 0 0 0 0 0 0 0 0 0 0 0 0 0 0 0 0 0 0 0 0 0 0 0 0 0 0 0 0 0 0 0 0 0 0 0 0 0 0 0 0 0 0 0 0 0 0 0 0 0 0 0 0 0 0 0 0 0 0 0 0 0 0 0 0 0 0 0 0 0 0 0 0 0 0 0 0 0 0 0 0 0 0 0 0 0 0 0 0 0 0 0 0 0 0 0 0 0 0 0 0 0 0 0 0 0 0 0 0 0 0 0 0 0 0 0 0 0 0 0 0 0 0 0 0 0 0


# name: r_0_m8_G0_L0p3_D0p7
# type: matrix
# rows: 1
# columns: 14
 0 -8 0.2 0 0.3 0 -3.916408333333333 0 0 0.06439506546830016 0 139.1666666666667 1.169045194450012 0.7




