# Created by Octave 3.8.2, Mon Jun 19 11:40:39 2017 BST <co1ssj@node117>
# name: result
# type: scalar struct
# ndims: 2
 1 1
# length: 3
# name: params
# type: scalar struct
# ndims: 2
 1 1
# length: 18
# name: cleanup
# type: scalar
0


# name: num_runs
# type: scalar
6


# name: dopamine
# type: scalar
0.7


# name: targetCross
# type: scalar
1


# name: targetLuminance
# type: scalar
0.3


# name: targetWidthX
# type: scalar
6


# name: targetWidthY
# type: scalar
2


# name: fixCross
# type: scalar
1


# name: fixLuminance
# type: scalar
0.2


# name: fixWidthX
# type: scalar
6


# name: fixWidthY
# type: scalar
2


# name: fixOn
# type: scalar
0


# name: targetOff
# type: scalar
1


# name: targetOn
# type: scalar
0.2


# name: fixOff
# type: scalar
0.2


# name: targetThetaX
# type: scalar
0


# name: targetThetaY
# type: scalar
-16


# name: exptnum
# type: scalar
0




# name: r_0_m16_G0_L0p3_D0p7_llbn
# type: matrix
# rows: 24
# columns: 600
 0 0 0 0 0 0 0 0 0 0 0 0 0 0 0 0 0 0 0 0 0 0 0 0 0 0 0 0 0 0 0 0 0 0 0 0 0 0 0 0 0 0 0 0 0 0 0 0 0 0 0 0 0 0 0 0 0 0 0 0 0 0 0 0 0 0 0 0 0 0 0 0 0 0 0 0 0 0 0 0 0 0 0 0 0 0 0 0 0 0 0 0 0 0 0 0 0 0 0 0 0 0 0 0 0 0 0 0 0 0 0 0 0 0 0 0 0 0 0 0 0 0 0 0 0 0 0 0 0 0 0 0 0 0 0 0 0 0 0 0 0 0 0 0 0 0 0 0 0 0 0 0 0 0 0 0 0 0 0 0 0 0 0 0 0 0 0 0 0 0 0 0 0 0 0 0 0 0 0 0 0 0 0 0 0 0 0 0 0 0 0 0 0 0 0 0 0 0 0 0 0 0 0 0 0 0 0 0 0 0 0 0 0 0 0 0 0 0 0 0 0 0 0 0 0 0 0 0 0 0 0 0 0 0 0 0 0 0 0 0 0 0 0 0 0 0 0 0 0 0 0 0 0 0 0 0 0 0 0 0 0 0 0 0 0 0 0 0 0 0 0 0 0 0 0 0 0 0 0 0 0 0 0 0 0 0 0 0 0 0 0 0 0 0 0 0 0 0 0 0 0 0 0 0 0 0 0 0 0 0 0 0 0 0 0 0 0 0 0 0 0 0 0 0 0 0 0 0 0 0 0 0 0 0 0 0 0 0 0 0 0 0 0 0 0 0 0 0 0 0 0 0 0 0 0 0 0 0 0 0 0 0 0 0 0 0 0 0 0 0 0 0 0 0 0 0 0 0 0 0 0 0 0 0 0 0 0 0 0 0 0 0 0 0 0 0 0 0 0 0 0 0 0 0 0 0 0 0 0 0 0 0 0 0 0 0 0 0 0 0 0 0 0 0 0 0 0 0 0 0 0 0 0 0 0 0 0 0 0 0 0 0 0 0 0 0 0 0 0 0 0 0 0 0 0 0 0 0 0 0 0 0 0 0 0 0 0 0 0 0 0 0 0 0 0 0 0 0 0 0 0 0 0 0 0 0 0 0 0 0 0 0 0 0 0 0 0 0 0 0 0 0 0 0 0 0 0 0 0 0 0 0 0 0 0 0 0 0 0 0 0 0 0 0 0 0 0 0 0 0 0 0 0 0 0 0 0 0 0 0 0 0 0 0 0 0 0 0 0 0 0 0 0 0 0 0 0 0 0 0 0 0 0 0 0 0 0 0 0 0 0 0 0 0 0 0 0 0 0 0 0 0 0 0 0 0 0 0 0 0 0 0 0 0 0 0 0 0 0 0
 0 0 0 0 0 0 0 0 0 0 0 0 0 0 0 0 0 0 0 0 0 0 0 0 0 0 0 0 0 0 0 0 0 0 0 0 0 0 0 0 0 0 0 0 0 0 0 0 0 0 0 0 0 0 0 0 0 0 0 0 0 0 0 0 0 0 0 0 0 0 0 0 0 0 0 0 0 0 0 0 0 0 0 0 0 0 0 0 0 0 0 0 0 0 0 0 0 0 0 0 0 0 0 0 0 0 0 0 0 0 0 0 0 0 0 0 0 0 0 0 0 0 0 0 0 0 0 0 0 0 0 0 0 0 0 0 0 0 0 0 0 0 0 0 0 0 0 0 0 0 0 0 0 0 0 0 0 0 0 0 0 0 0 0 0 0 0 0 0 0 0 0 0 0 0 0 0 0 0 0 0 0 0 0 0 0 0 0 0 0 0 0 0 0 0 0 0 0 0 0 0 0 0 0 0 0 0 0 0 0 0 0 0 0 0 0 0 0 0 0 0 0 0 0 0 0 0 0 0 0 0 0 0 0 0 0 0 0 0 0 0 0 0 0 0 0 0 0 0 0 0 0 0 0 0 0 0 0 0 0 0 0 0 0 0 0 0 0 0 0 0 0 0 0 0 0 0 0 0 0 0 0 0 0 0 0 0 0 0 0 0 0 0 0 0 0 0 0 0 0 0 0 0 0 0 0 0 0 0 0 0 0 0 0 0 0 0 0 0 0 0.0003325897268950939 0.001691054087132215 0.004250437021255493 0.008064947091042995 0.01343875005841255 0.02051937393844128 0.02934806235134602 0.03999604284763336 0.05261481925845146 0.06737107038497925 0.0840514600276947 0.1026819124817848 0.1231849938631058 0.1454531103372574 0.1695991009473801 0.1954205185174942 0.2227118015289307 0.2513882219791412 0.2813676595687866 0.3124930262565613 0.3448503613471985 0.3776078522205353 0.4087274670600891 0.4382911026477814 0.4663765430450439 0.4919576644897461 0.5086489915847778 0.5146799087524414 0.5090649724006653 0.4910010993480682 0.4664510488510132 0.4431284964084625 0.42097207903862 0.3999234735965729 0.3799273073673248 0.3609309494495392 0.3428843915462494 0.3257401585578918 0.309453159570694 0.2939805090427399 0.2792814970016479 0.2653174102306366 0.2520515322685242 0.2394489496946335 0.2274765074253082 0.2161026895046234 0.2052975594997406 0.1950326859951019 0.185281053185463 0.1760170012712479 0.1672161519527435 0.1588553488254547 0.1509125828742981 0.1433669477701187 0.1361985951662064 0.1293886601924896 0.1229192242026329 0.1167732626199722 0.1109346002340317 0.1053878664970398 0.1001184731721878 0.09511254727840424 0.09035691618919373 0.08583907037973404 0.08154711872339249 0.07746976613998413 0.0735962763428688 0.06991646438837051 0.06642064452171326 0.06309961527585983 0.05994463339447975 0.05694740265607834 0.05410003289580345 0.05139503255486488 0.04882528260350227 0.04638401791453362 0.04406481608748436 0.04186157509684563 0.03976849466562271 0.03778006881475449 0.03589106351137161 0.03409650921821594 0.03239168226718903 0.03077209740877151 0.02923349291086197 0.02777181752026081 0.02638322673738003 0.02506406605243683 0.02381086349487305 0.02262032032012939 0.02148930355906487 0.02041483856737614 0.01939409598708153 0.018424391746521 0.01750317215919495 0.01662801392376423 0.01579661294817924 0.0150067824870348 0.01425644382834435 0.01354362163692713 0.01286644022911787 0.01222311798483133 0.01161196175962687 0.01103136409074068 0.01047979574650526 0.009955805726349354 0.00945801567286253 0.008985115215182304 0.008535859175026417 0.008109066635370255 0.007703613489866257 0.007318432908505201 0.006952511146664619 0.006604885682463646 0.006274641491472721 0.005960909649729729 0.005662864074110985 0.00537972105666995 0.005110735073685646 0.004855198320001364 0.004612438380718231 0.004381816368550062 0.004162725526839495 0.003954589366912842 0.003756859805434942 0.003569016698747873 0.003390565980225801 0.003221037797629833 0.003059985814616084 0.002906986512243748 0.002761637093499303 0.00262355525046587 0.002492377534508705 0.00236775865778327 0.002249370794743299 0.002136902185156941 0.002030057134106755 0.001928554265759885 0.001832126523368061 0.00174052023794502 0.001653494196943939 0.001570819527842104 0.001492278533987701 0.001417664578184485 0.001346781384199858 0.001279442338272929 0.001215470256283879 0.001154696801677346 0.00109696201980114 0.001042113872244954 0.0009900082368403673 0.0009405078017152846 0.0008934824145399034 0.0008488082676194608 0.0008063678396865726 0.0007660494302399457 0.0007277469849213958 0.0006913596298545599 0.0006567916716448963 0.0006239520735107362 0.0005927544552832842 0.0005631167441606522 0.0005349608836695552 0.0005082128336653113 0.0004828021919820458 0.0004586620780173689 0.0004357289872132242 0.0004139425291214138 0.0003932453982997686 0.0003735831414815038 0.0003549039829522371 0.0003371587954461575 0.0003203008673153818 0.0003042858152184635 0.0002890715259127319 0.0002746179525274783 0.0002608870563562959 0.0002478426904417574 0.0002354505559196696 0.0002236780273960903 0.0002124941238434985 0.0002018694212893024 0.000191775950952433 0.0001821871555875987 0.0001730778021737933 0.0001644239091547206 0.0001562027173349634 0.0001483925880165771 0.000140972959343344 0.0001339243171969429 0.0001272281078854576 0.0001208667017635889 0.0001148233641288243 0.0001090821970137767 0.0001036280882544816 9.844668238656595e-05 9.352435154141858e-05 8.884813723852858e-05 8.440572855761275e-05 8.018544031074271e-05 7.617616938659921e-05 7.236735837068409e-05 6.87489882693626e-05 6.53115421300754e-05 6.204596138559282e-05 5.894366404390894e-05 5.599647920462303e-05 5.319665433489718e-05 5.053682252764702e-05 4.800998067366891e-05 4.560948218568228e-05 4.332900789449923e-05 4.116255877306685e-05 3.910443047061563e-05 3.714920967468061e-05 3.529174864524975e-05 3.352716157678515e-05 3.185080277035013e-05 3.02582629956305e-05 2.87453494820511e-05 2.730808228079695e-05 2.594267789390869e-05 2.464554381731432e-05 2.341326580790337e-05 2.224260242655873e-05 2.11304723052308e-05 2.007394868996926e-05 1.90702521649655e-05 1.811673973861616e-05 1.721090302453376e-05 1.635035732761025e-05 1.553283982502762e-05 1.475619774282677e-05 1.401838744641282e-05 1.331746807409218e-05 1.265159426111495e-05 1.201901432068553e-05 1.141806387749966e-05 1.084716041077627e-05 1.030480234476272e-05 9.789562682271935e-06 9.300084457208868e-06 8.835079825075809e-06 8.393325515498873e-06 7.973659194249194e-06 7.574976280011469e-06 7.196227670647204e-06 6.836416105215903e-06 6.494595254480373e-06 6.16986562818056e-06 5.861372301296797e-06 5.568303549807752e-06 5.289888576953672e-06 5.025394330004929e-06 4.774124590767315e-06 4.535418156592641e-06 4.308647476136684e-06 4.09321501138038e-06 3.888554147124523e-06 3.694126462505665e-06 3.509420139380381e-06 3.333949052830576e-06 3.167251634295098e-06 3.008889052580344e-06 2.858444531739224e-06 2.715522214202792e-06 2.579746023911866e-06 2.450758756822324e-06 2.328220716663054e-06 2.211809714935953e-06 2.101219251926523e-06 1.996158289330197e-06 1.896350340757635e-06 1.801532789613702e-06 1.711456206976436e-06 1.625883442102349e-06 1.544589281365916e-06 1.467359766138543e-06 1.393991738041223e-06 1.324292156823503e-06
 0 0 0 0 0 0 0 0 0 0 0 0 0 0 0 0 0 0 0 0 0 0 0 0 0 0 0 0 0 0 0 0 0 0 0 0 0 0 0 0 0 0 0 0 0 0 0 0 0 0 0 0 0 0 0 0 0 0 0 0 0 0 0 0 0 0 0 0 0 0 0 0 0 0 0 0 0 0 0 0 0 0 0 0 0 0 0 0 0 0 0 0 0 0 0 0 0 0 0 0 0 0 0 0 0 0 0 0 0 0 0 0 0 0 0 0 0 0 0 0 0 0 0 0 0 0 0 0 0 0 0 0 0 0 0 0 0 0 0 0 0 0 0 0 0 0 0 0 0 0 0 0 0 0 0 0 0 0 0 0 0 0 0 0 0 0 0 0 0 0 0 0 0 0 0 0 0 0 0 0 0 0 0 0 0 0 0 0 0 0 0 0 0 0 0 0 0 0 0 0 0 0 0 0 0 0 0 0 0 0 0 0 0 0 0 0 0 0 0 0 0 0 0 0 0 0 0 0 0 0 0 0 0 0 0 0 0 0 0 0 0 0 0 0 0 0 0 0 0 0 0 0 0 0 0 0 0 0 0 0 0 0 0 0 0 0 0 0 0 0 0 0 0 0 0 0 0 0 0 0 0 0 0 0 0 0 0 0 0 0 0 0 0 0 0 0 0 0 0 0 0 0 0 0 0 0 0 0 0 0 0 0 0 0 0 0 0 0 0 0 0 0 0 0 0 0 0 0 0 0 0 0 0 0 0 0 0 0 0 0 0 0 0 0 0 0 0 0 0 0 0 0 0 0 0 0 0 0 0 0 0 0 0 0 0 0 0 0 0 0 0 0 0 0 0 0 0 0 0 0 0 0 0 0 0 0 0 0 0 0 0 0 0 0 0 0 0 0 0 0 0 0 0 0 0 0 0 0 0 0 0 0 0 0 0 0 0 0 0 0 0 0 0 0 0 0 0 0 0 0 0 0 0 0 0 0 0 0 0 0 0 0 0 0 0 0 0 0 0 0 0 0 0 0 0 0 0 0 0 0 0 0 0 0 0 0 0 0 0 0 0 0 0 0 0 0 0 0 0 0 0 0 0 0 0 0 0 0 0 0 0 0 0 0 0 0 0 0 0 0 0 0 0 0 0 0 0 0 0 0 0 0 0 0 0 0 0 0 0 0 0 0 0 0 0 0 0 0 0 0 0 0 0 0 0 0 0 0 0 0 0 0 0 0 0 0 0 0 0 0 0 0 0 0 0 0 0 0 0 0 0 0 0 0 0 0 0 0 0 0 0 0 0 0 0 0 0 0 0 0 0 0 0 0 0 0 0 0 0 0 0 0 0 0 0 0 0 0 0 0
 0 0 0 0 0 0 0 0 0 0 0 0 0 0 0 0 0 0 0 0 0 0 0 0 0 0 0 0 0 0 0 0 0 0 0 0 0 0 0 0 0 0 0 0 0 0 0 0 0 0 0 0 0 0 0 0 0 0 0 0 0 0 0 0 0 0 0 0 0 0 0 0 0 0 0 0 0 0 0 0 0 0 0 0 0 0 0 0 0 0 0 0 0 0 0 0 0 0 0 0 0 0 0 0 0 0 0 0 0 0 0 0 0 0 0 0 0 0 0 0 0 0 0 0 0 0 0 0 0 0 0 0 0 0 0 0 0 0 0 0 0 0 0 0 0 0 0 0 0 0 0 0 0 0 0 0 0 0 0 0 0 0 0 0 0 0 0 0 0 0 0 0 0 0 0 0 0 0 0 0 0 0 0 0 0 0 0 0 0 0 0 0 0 0 0 0 0 0 0 0 0 0 0 0 0 0 0 0 0 0 0 0 0 0 0 0 0 0 0 0 0 0 0 0 0 0 0 0 0 0 0 0 0 0 0 0 0 0 0 0 0 0 0 0 0 0 0 0 0 0 0 0 0 0 0 0 0 0 0 0 0 0 0 0 0 0 0 0 0 0 0 0 0 0 0 0 0 0 0 0 0 0 0 0 0 0 0 0 0 0 0 0 0 0 0 0 0 0 0 0 0 0 0 0 0 0 0 0 0 0 0 0 0 0 0 0 0 0 0 0 0 0 0 0 0 0 0 0 0 0 0 0 0 0 0 0 0 0 0 0 0 0 0 0 0 0 0 0 0 0 0 0 0 0 0 0 0 0 0 0 0 0 0 0 0 0 0 0 0 0 0 0 0 0 0 0 0 0 0 0 0 0 0 0 0 0 0 0 0 0 0 0 0 0 0 0 0 0 0 0 0 0 0 0 0 0 0 0 0 0 0 0 0 0 0 0 0 0 0 0 0 0 0 0 0 0 0 0 0 0 0 0 0 0 0 0 0 0 0 0 0 0 0 0 0 0 0 0 0 0 0 0 0 0 0 0 0 0 0 0 0 0 0 0 0 0 0 0 0 0 0 0 0 0 0 0 0 0 0 0 0 0 0 0 0 0 0 0 0 0 0 0 0 0 0 0 0 0 0 0 0 0 0 0 0 0 0 0 0 0 0 0 0 0 0 0 0 0 0 0 0 0 0 0 0 0 0 0 0 0 0 0 0 0 0 0 0 0 0 0 0 0 0 0 0 0 0 0 0 0 0 0 0 0 0 0 0 0 0 0 0 0 0 0 0 0 0 0 0 0 0 0 0 0 0 0 0 0 0 0 0 0 0 0 0 0 0 0 0 0 0 0 0 0 0 0 0 0 0 0
 0 0 0 0 0 0 0 0 0 0 0 0 0 0 0 0 0 0 0 0 0 0 0 0 0 0 0 0 0 0 0 0 0 0 0 0 0 0 0 0 0 0 0 0 0 0 0 0 0 0 0 0 0 0 0 0 0 0 0 0 0 0 0 0 0 0 0 0 0 0 0 0 0 0 0 0 0 0 0 0 0 0 0 0 0 0 0 0 0 0 0 0 0 0 0 0 0 0 0 0 0 0 0 0 0 0 0 0 0 0 0 0 0 0 0 0 0 0 0 0 0 0 0 0 0 0 0 0 0 0 0 0 0 0 0 0 0 0 0 0 0 0 0 0 0 0 0 0 0 0 0 0 0 0 0 0 0 0 0 0 0 0 0 0 0 0 0 0 0 0 0 0 0 0 0 0 0 0 0 0 0 0 0 0 0 0 0 0 0 0 0 0 0 0 0 0 0 0 0 0 0 0 0 0 0 0 0 0 0 0 0 0 0 0 0 0 0 0 0 0 0 0 0 0 0 0 0 0 0 0 0 0 0 0 0 0 0 0 0 0 0 0 0 0 0 0 0 0 0 0 0 0 0 0 0 0 0 0 0 0 0 0 0 0 0 0 0 0 0 0 0 0 0 0 0 0 0 0 0 0 0 0 0 0 0 0 0 0 0 0 0 0 0 0 0 0 0 0 0 0 0 0 0 0 0 0 0 0 0 0 0 0 0 0 0 0 0 0 0 0 0 0 0 0 0 0 0 0 0 0 0 0 0 0 0 0 0 0 0 0 0 0 0 0 0 0 0 0 0 0 0 0 0 0 0 0 0 0 0 0 0 0 0 0 0 0 0 0 0 0 0 0 0 0 0 0 0 0 0 0 0 0 0 0 0 0 0 0 0 0 0 0 0 0 0 0 0 0 0 0 0 0 0 0 0 0 0 0 0 0 0 0 0 0 0 0 0 0 0 0 0 0 0 0 0 0 0 0 0 0 0 0 0 0 0 0 0 0 0 0 0 0 0 0 0 0 0 0 0 0 0 0 0 0 0 0 0 0 0 0 0 0 0 0 0 0 0 0 0 0 0 0 0 0 0 0 0 0 0 0 0 0 0 0 0 0 0 0 0 0 0 0 0 0 0 0 0 0 0 0 0 0 0 0 0 0 0 0 0 0 0 0 0 0 0 0 0 0 0 0 0 0 0 0 0 0 0 0 0 0 0 0 0 0 0 0 0 0 0 0 0 0 0 0 0 0 0 0 0 0 0 0 0 0 0 0 0 0 0 0 0 0 0 0 0 0 0 0 0 0 0 0 0 0 0 0 0 0 0 0 0 0 0 0 0 0 0 0 0 0 0 0 0 0 0 0 0 0 0 0
 0 0 0 0 0 0 0 0 0 0 0 0 0 0 0 0 0 0 0 0 0 0 0 0 0 0 0 0 0 0 0 0 0 0 0 0 0 0 0 0 0 0 0 0 0 0 0 0 0 0 0 0 0 0 0 0 0 0 0 0 0 0 0 0 0 0 0 0 0 0 0 0 0 0 0 0 0 0 0 0 0 0 0 0 0 0 0 0 0 0 0 0 0 0 0 0 0 0 0 0 0 0 0 0 0 0 0 0 0 0 0 0 0 0 0 0 0 0 0 0 0 0 0 0 0 0 0 0 0 0 0 0 0 0 0 0 0 0 0 0 0 0 0 0 0 0 0 0 0 0 0 0 0 0 0 0 0 0 0 0 0 0 0 0 0 0 0 0 0 0 0 0 0 0 0 0 0 0 0 0 0 0 0 0 0 0 0 0 0 0 0 0 0 0 0 0 0 0 0 0 0 0 0 0 0 0 0 0 0 0 0 0 0 0 0 0 0 0 0 0 0 0 0 0 0 0 0 0 0 0 0 0 0 0 0 0 0 0 0 0 0 0 0 0 0 0 0 0 0 0 0 0 0 0 0 0 0 0 0 0 0 0 0 0 0 0 0 0 0 0 0 0 0 0 0 0 0 0 0 0 0 0 0 0 0 0 0 0 0 0 0 0 0 0 0 0 0 0 0 0 0 0 0 0 0 0 0 0 0 0 0 0 0 0 0 0 0 0 0.0003931717074010521 0.001802851445972919 0.004409894812852144 0.008251912891864777 0.01355236954987049 0.02054717391729355 0.02929492294788361 0.03987476974725723 0.05237150192260742 0.06690779328346252 0.08324361592531204 0.1014022901654243 0.1213686168193817 0.1430152952671051 0.1664588004350662 0.1915278881788254 0.2181695252656937 0.2461635321378708 0.275424599647522 0.3057216107845306 0.3372627198696136 0.369844377040863 0.4013521671295166 0.4312845468521118 0.4597203135490417 0.4847698509693146 0.501509428024292 0.5082740187644958 0.5036168098449707 0.4867471754550934 0.4624098241329193 0.4392893314361572 0.4173248708248138 0.396458625793457 0.3766357004642487 0.3578039109706879 0.3399137258529663 0.322918027639389 0.3067721128463745 0.2914335131645203 0.276861846446991 0.2630187571048737 0.2498678267002106 0.2373744398355484 0.2255057245492935 0.2142304331064224 0.2035189121961594 0.1933429688215256 0.1836758255958557 0.1744920313358307 0.1657674312591553 0.1574790626764297 0.1496051102876663 0.1421248614788055 0.1350186169147491 0.12826769053936 0.121854305267334 0.1157615929841995 0.1099735125899315 0.1044748350977898 0.09925109148025513 0.09428853541612625 0.08957410603761673 0.08509539812803268 0.08084062486886978 0.07679859548807144 0.07295866310596466 0.06931073218584061 0.06584519892930984 0.06255293637514114 0.05942529067397118 0.05645402520895004 0.05363132432103157 0.05094975978136063 0.04840227216482162 0.04598215967416763 0.04368305206298828 0.04149889945983887 0.03942395374178886 0.03745275735855103 0.03558012098073959 0.0338011160492897 0.03211105987429619 0.03050550632178783 0.02898023091256618 0.02753121964633465 0.0261546578258276 0.02484692446887493 0.02360457740724087 0.02242434769868851 0.02130313031375408 0.02023797295987606 0.01922607421875 0.0182647705078125 0.0173515323549509 0.01648395508527756 0.01565975695848465 0.0148767689242959 0.01413293089717627 0.01342628430575132 0.01275497023016214 0.01211722195148468 0.01151136122643948 0.01093579269945621 0.01038900297135115 0.00986955314874649 0.009376075118780136 0.008907271549105644 0.008461907505989075 0.008038812316954136 0.0076368716545403 0.007255028001964092 0.006892276462167501 0.006547662429511547 0.006220279261469841 0.005909265484660864 0.005613802000880241 0.005333112087100744 0.005066456273198128 0.004813133273273706 0.004572476726025343 0.004343852866441011 0.00412666006013751 0.003920326940715313 0.003724310547113419 0.00353809492662549 0.00336119020357728 0.00319313071668148 0.003033474087715149 0.002881800290197134 0.002737710252404213 0.002600824693217874 0.002470783423632383 0.002347244182601571 0.002229881938546896 0.002118387725204229 0.002012468408793211 0.001911844941787422 0.001816252712160349 0.001725440029986203 0.001639168011024594 0.001557209645397961 0.001479349215514958 0.001405381713993847 0.001335112610831857 0.001268357038497925 0.001204939209856093 0.001144692301750183 0.001087457640096545 0.001033084699884057 0.0009814305230975151 0.0009323590202257037 0.0008857410866767168 0.0008414540207013488 0.0007993812905624509 0.0007594122434966266 0.0007214416400529444 0.0006853695376776159 0.000651101057883352 0.000618545978795737 0.0005876186769455671 0.0005582377198152244 0.0005303258076310158 0.0005038095405325294 0.000478619069326669 0.0004546881245914847 0.000431953725637868 0.0004103560349904001 0.0003898382419720292 0.0003703463298734277 0.0003518290177453309 0.0003342375566717237 0.0003175256715621799 0.0003016493865288794 0.0002865669084712863 0.0002722385688684881 0.0002586266491562128 0.0002456953225191683 0.0002334105520276353 0.0002217400178778917 0.0002106530155288056 0.0002001203683903441 0.0001901143550639972 0.0001806086365832016 0.0001715781982056797 0.0001629992912057787 0.0001548493310110644 0.0001471068680984899 0.0001397515297867358 0.0001327639474766329 0.0001261257566511631 0.0001198194659082219 0.0001138284933404066 0.0001081370719475672 0.0001027302205329761 9.759370732354e-05 9.271402086596936e-05 8.807831909507513e-05 8.367440022993833e-05 7.949068094603717e-05 7.551614544354379e-05 7.17403381713666e-05 6.815332017140463e-05 6.474565452663228e-05 6.150836998131126e-05 5.843295002705418e-05 5.551130379899405e-05 5.273573697195388e-05 5.009895176044665e-05 4.759400326292962e-05 4.521430309978314e-05 4.29535866715014e-05 4.080590588273481e-05 3.876561095239595e-05 3.682733222376555e-05 3.498596561257727e-05 3.323666896903887e-05 3.157483661198057e-05 2.999609569087625e-05 2.849629163392819e-05 2.707147723413073e-05 2.571790355432313e-05 2.443200901325326e-05 2.321040847164113e-05 2.204988777521066e-05 2.094739284075331e-05 1.990002238017041e-05 1.89050206245156e-05 1.795977004803717e-05 1.706178227323107e-05 1.62086926138727e-05 1.539825825602747e-05 1.462834552512504e-05 1.389692806696985e-05 1.320208139077295e-05 1.254197741218377e-05 1.191487899632193e-05 1.131913541030372e-05 1.075317868526326e-05 1.021551997837378e-05 9.704744115879294e-06 9.219506864610594e-06 8.758531294006389e-06 8.320605047629215e-06 7.904574886197224e-06 7.509346232836833e-06 7.133879080356564e-06 6.777185262762941e-06 6.438326181523735e-06 6.116410077083856e-06 5.810589755128603e-06 5.520060312846908e-06 5.24405731994193e-06 4.981854544894304e-06 4.732761681225384e-06 4.496123438002542e-06 4.271317266102415e-06 4.057751539221499e-06 3.8548641896341e-06 3.662120889202924e-06 3.479014822005411e-06 3.305064183223294e-06 3.139811042274232e-06 2.982820433317102e-06 2.833679445757298e-06 2.69199540525733e-06 2.557395646363148e-06 2.429525920888409e-06 2.308049715793459e-06 2.192647116316948e-06 2.083014805975836e-06 1.978864020202309e-06 1.879920773717458e-06 1.785924723662902e-06 1.696628487479757e-06 1.611797074474453e-06 1.531207203697704e-06 1.454646849197161e-06 1.38191455789638e-06 1.312818881160638e-06 1.24717792004958e-06 1.184818984256708e-06
 0 0 0 0 0 0 0 0 0 0 0 0 0 0 0 0 0 0 0 0 0 0 0 0 0 0 0 0 0 0 0 0 0 0 0 0 0 0 0 0 0 0 0 0 0 0 0 0 0 0 0 0 0 0 0 0 0 0 0 0 0 0 0 0 0 0 0 0 0 0 0 0 0 0 0 0 0 0 0 0 0 0 0 0 0 0 0 0 0 0 0 0 0 0 0 0 0 0 0 0 0 0 0 0 0 0 0 0 0 0 0 0 0 0 0 0 0 0 0 0 0 0 0 0 0 0 0 0 0 0 0 0 0 0 0 0 0 0 0 0 0 0 0 0 0 0 0 0 0 0 0 0 0 0 0 0 0 0 0 0 0 0 0 0 0 0 0 0 0 0 0 0 0 0 0 0 0 0 0 0 0 0 0 0 0 0 0 0 0 0 0 0 0 0 0 0 0 0 0 0 0 0 0 0 0 0 0 0 0 0 0 0 0 0 0 0 0 0 0 0 0 0 0 0 0 0 0 0 0 0 0 0 0 0 0 0 0 0 0 0 0 0 0 0 0 0 0 0 0 0 0 0 0 0 0 0 0 0 0 0 0 0 0 0 0 0 0 0 0 0 0 0 0 0 0 0 0 0 0 0 0 0 0 0 0 0 0 0 0 0 0 0 0 0 0 0 0 0 0 0 0 0 0 0 0 0 0 0 0 0 0 0 0 0 0 0 0 0 0 0 0 0 0 0 0 0 0 0 0 0 0 0 0 0 0 0 0 0 0 0 0 0 0 0 0 0 0 0 0 0 0 0 0 0 0 0 0 0 0 0 0 0 0 0 0 0 0 0 0 0 0 0 0 0 0 0 0 0 0 0 0 0 0 0 0 0 0 0 0 0 0 0 0 0 0 0 0 0 0 0 0 0 0 0 0 0 0 0 0 0 0 0 0 0 0 0 0 0 0 0 0 0 0 0 0 0 0 0 0 0 0 0 0 0 0 0 0 0 0 0 0 0 0 0 0 0 0 0 0 0 0 0 0 0 0 0 0 0 0 0 0 0 0 0 0 0 0 0 0 0 0 0 0 0 0 0 0 0 0 0 0 0 0 0 0 0 0 0 0 0 0 0 0 0 0 0 0 0 0 0 0 0 0 0 0 0 0 0 0 0 0 0 0 0 0 0 0 0 0 0 0 0 0 0 0 0 0 0 0 0 0 0 0 0 0 0 0 0 0 0 0 0 0 0 0 0 0 0 0 0 0 0 0 0 0 0 0 0 0 0 0 0 0 0 0 0 0 0 0 0 0 0 0 0 0 0 0 0 0 0 0 0 0 0 0 0 0 0 0 0 0 0 0 0 0 0 0 0 0 0
 0 0 0 0 0 0 0 0 0 0 0 0 0 0 0 0 0 0 0 0 0 0 0 0 0 0 0 0 0 0 0 0 0 0 0 0 0 0 0 0 0 0 0 0 0 0 0 0 0 0 0 0 0 0 0 0 0 0 0 0 0 0 0 0 0 0 0 0 0 0 0 0 0 0 0 0 0 0 0 0 0 0 0 0 0 0 0 0 0 0 0 0 0 0 0 0 0 0 0 0 0 0 0 0 0 0 0 0 0 0 0 0 0 0 0 0 0 0 0 0 0 0 0 0 0 0 0 0 0 0 0 0 0 0 0 0 0 0 0 0 0 0 0 0 0 0 0 0 0 0 0 0 0 0 0 0 0 0 0 0 0 0 0 0 0 0 0 0 0 0 0 0 0 0 0 0 0 0 0 0 0 0 0 0 0 0 0 0 0 0 0 0 0 0 0 0 0 0 0 0 0 0 0 0 0 0 0 0 0 0 0 0 0 0 0 0 0 0 0 0 0 0 0 0 0 0 0 0 0 0 0 0 0 0 0 0 0 0 0 0 0 0 0 0 0 0 0 0 0 0 0 0 0 0 0 0 0 0 0 0 0 0 0 0 0 0 0 0 0 0 0 0 0 0 0 0 0 0 0 0 0 0 0 0 0 0 0 0 0 0 0 0 0 0 0 0 0 0 0 0 0 0 0 0 0 0 0 0 0 0 0 0 0 0 0 0 0 0 0 0 0 0 0 0 0 0 0 0 0 0 0 0 0 0 0 0 0 0 0 0 0 0 0 0 0 0 0 0 0 0 0 0 0 0 0 0 0 0 0 0 0 0 0 0 0 0 0 0 0 0 0 0 0 0 0 0 0 0 0 0 0 0 0 0 0 0 0 0 0 0 0 0 0 0 0 0 0 0 0 0 0 0 0 0 0 0 0 0 0 0 0 0 0 0 0 0 0 0 0 0 0 0 0 0 0 0 0 0 0 0 0 0 0 0 0 0 0 0 0 0 0 0 0 0 0 0 0 0 0 0 0 0 0 0 0 0 0 0 0 0 0 0 0 0 0 0 0 0 0 0 0 0 0 0 0 0 0 0 0 0 0 0 0 0 0 0 0 0 0 0 0 0 0 0 0 0 0 0 0 0 0 0 0 0 0 0 0 0 0 0 0 0 0 0 0 0 0 0 0 0 0 0 0 0 0 0 0 0 0 0 0 0 0 0 0 0 0 0 0 0 0 0 0 0 0 0 0 0 0 0 0 0 0 0 0 0 0 0 0 0 0 0 0 0 0 0 0 0 0 0 0 0 0 0 0 0 0 0 0 0 0 0 0 0 0 0 0 0 0 0 0 0 0 0 0 0 0 0 0 0
 0 0 0 0 0 0 0 0 0 0 0 0 0 0 0 0 0 0 0 0 0 0 0 0 0 0 0 0 0 0 0 0 0 0 0 0 0 0 0 0 0 0 0 0 0 0 0 0 0 0 0 0 0 0 0 0 0 0 0 0 0 0 0 0 0 0 0 0 0 0 0 0 0 0 0 0 0 0 0 0 0 0 0 0 0 0 0 0 0 0 0 0 0 0 0 0 0 0 0 0 0 0 0 0 0 0 0 0 0 0 0 0 0 0 0 0 0 0 0 0 0 0 0 0 0 0 0 0 0 0 0 0 0 0 0 0 0 0 0 0 0 0 0 0 0 0 0 0 0 0 0 0 0 0 0 0 0 0 0 0 0 0 0 0 0 0 0 0 0 0 0 0 0 0 0 0 0 0 0 0 0 0 0 0 0 0 0 0 0 0 0 0 0 0 0 0 0 0 0 0 0 0 0 0 0 0 0 0 0 0 0 0 0 0 0 0 0 0 0 0 0 0 0 0 0 0 0 0 0 0 0 0 0 0 0 0 0 0 0 0 0 0 0 0 0 0 0 0 0 0 0 0 0 0 0 0 0 0 0 0 0 0 0 0 0 0 0 0 0 0 0 0 0 0 0 0 0 0 0 0 0 0 0 0 0 0 0 0 0 0 0 0 0 0 0 0 0 0 0 0 0 0 0 0 0 0 0 0 0 0 0 0 0 0 0 0 0 0 0 0 0 0 0 0 0 0 0 0 0 0 0 0 0 0 0 0 0 0 0 0 0 0 0 0 0 0 0 0 0 0 0 0 0 0 0 0 0 0 0 0 0 0 0 0 0 0 0 0 0 0 0 0 0 0 0 0 0 0 0 0 0 0 0 0 0 0 0 0 0 0 0 0 0 0 0 0 0 0 0 0 0 0 0 0 0 0 0 0 0 0 0 0 0 0 0 0 0 0 0 0 0 0 0 0 0 0 0 0 0 0 0 0 0 0 0 0 0 0 0 0 0 0 0 0 0 0 0 0 0 0 0 0 0 0 0 0 0 0 0 0 0 0 0 0 0 0 0 0 0 0 0 0 0 0 0 0 0 0 0 0 0 0 0 0 0 0 0 0 0 0 0 0 0 0 0 0 0 0 0 0 0 0 0 0 0 0 0 0 0 0 0 0 0 0 0 0 0 0 0 0 0 0 0 0 0 0 0 0 0 0 0 0 0 0 0 0 0 0 0 0 0 0 0 0 0 0 0 0 0 0 0 0 0 0 0 0 0 0 0 0 0 0 0 0 0 0 0 0 0 0 0 0 0 0 0 0 0 0 0 0 0 0 0 0 0 0 0 0 0 0 0 0 0 0 0 0 0 0 0 0
 0 0 0 0 0 0 0 0 0 0 0 0 0 0 0 0 0 0 0 0 0 0 0 0 0 0 0 0 0 0 0 0 0 0 0 0 0 0 0 0 0 0 0 0 0 0 0 0 0 0 0 0 0 0 0 0 0 0 0 0 0 0 0 0 0 0 0 0 0 0 0 0 0 0 0 0 0 0 0 0 0 0 0 0 0 0 0 0 0 0 0 0 0 0 0 0 0 0 0 0 0 0 0 0 0 0 0 0 0 0 0 0 0 0 0 0 0 0 0 0 0 0 0 0 0 0 0 0 0 0 0 0 0 0 0 0 0 0 0 0 0 0 0 0 0 0 0 0 0 0 0 0 0 0 0 0 0 0 0 0 0 0 0 0 0 0 0 0 0 0 0 0 0 0 0 0 0 0 0 0 0 0 0 0 0 0 0 0 0 0 0 0 0 0 0 0 0 0 0 0 0 0 0 0 0 0 0 0 0 0 0 0 0 0 0 0 0 0 0 0 0 0 0 0 0 0 0 0 0 0 0 0 0 0 0 0 0 0 0 0 0 0 0 0 0 0 0 0 0 0 0 0 0 0 0 0 0 0 0 0 0 0 0 0 0 0 0 0 0 0 0 0 0 0 0 0 0 0 0 0 0 0 0 0 0 0 0 0 0 0 0 0 0 0 0 0 0 0 0 0 0 0 0 0 0 0 0 0 0 0 0 0 0 0 0 0 0.0007901763310655951 0.002655518241226673 0.005658900365233421 0.009919391945004463 0.01553111337125301 0.02269439026713371 0.03152882307767868 0.04210825264453888 0.05450074374675751 0.06879275292158127 0.08484349399805069 0.102663442492485 0.1221887320280075 0.1435087919235229 0.1665596663951874 0.1910488456487656 0.2168142646551132 0.2439461648464203 0.2721109986305237 0.3013513386249542 0.3317667543888092 0.3631809949874878 0.3950219452381134 0.4252708554267883 0.4540073275566101 0.4778956472873688 0.4935354590415955 0.4993655383586884 0.4939098060131073 0.4762941896915436 0.4524794816970825 0.4298554956912994 0.4083627164363861 0.3879445791244507 0.3685473501682281 0.3501199781894684 0.3326139748096466 0.3159832656383514 0.3001841008663177 0.2851749062538147 0.2709161639213562 0.2573703527450562 0.2445018291473389 0.2322767376899719 0.2206629067659378 0.2096297591924667 0.1991482675075531 0.1891908496618271 0.1797313094139099 0.1707447469234467 0.1622075140476227 0.1540971398353577 0.146392285823822 0.1390726715326309 0.1321190446615219 0.1255130916833878 0.1192374378442764 0.1132755652070045 0.1076117902994156 0.1022312045097351 0.09711964428424835 0.09226366132497787 0.08765047788619995 0.08326795697212219 0.07910455763339996 0.07514932751655579 0.07139185816049576 0.06782226264476776 0.06443114578723907 0.06120958924293518 0.05814911052584648 0.0552416555583477 0.0524795725941658 0.04985559359192848 0.04736281558871269 0.04499467462301254 0.04274494200944901 0.04060769453644753 0.03857731074094772 0.03664844483137131 0.03481602296233177 0.03307522088289261 0.03142146021127701 0.02985038794577122 0.02835786901414394 0.02693997509777546 0.025592977181077 0.02431332878768444 0.02309766225516796 0.02194277942180634 0.02084564045071602 0.0198033582419157 0.01881319098174572 0.01787253096699715 0.0169789046049118 0.01612995937466621 0.01532346103340387 0.01455728802829981 0.01382942404597998 0.01313795242458582 0.01248105522245169 0.01185700204223394 0.01126415189355612 0.01070094387978315 0.01016589626669884 0.009657601825892925 0.00917472131550312 0.008715985342860222 0.008280185982584953 0.007866176776587963 0.007472868077456951 0.007099224720150232 0.0067442636936903 0.006407050415873528 0.006086697801947594 0.005782363004982471 0.005493245087563992 0.005218582693487406 0.0049576535820961 0.004709770902991295 0.004474282264709473 0.004250568337738514 0.004038040060549974 0.003836138173937798 0.003644331358373165 0.003462114837020636 0.003289008978754282 0.003124558599665761 0.002968330634757876 0.002819914137944579 0.002678918419405818 0.002544972579926252 0.002417723881080747 0.00229683774523437 0.002181995892897248 0.002072896109893918 0.001969251316040754 0.001870788750238717 0.001777249271981418 0.001688386779278517 0.001603967393748462 0.001523768994957209 0.001447580521926284 0.001375201507471502 0.001306441379711032 0.001241119345650077 0.001179063343442976 0.001120110158808529 0.00106410461012274 0.001010899432003498 0.0009603544604033232 0.0009123367490246892 0.000866719929035753 0.0008233839180320501 0.000782214745413512 0.0007431040285155177 0.0007059487979859114 0.0006706513813696802 0.0006371188210323453 0.0006052628741599619 0.0005749997217208147 0.000546249735634774 0.0005189372459426522 0.0004929903661832213 0.0004683408478740603 0.000444923818577081 0.0004226776363793761 0.0004015437443740666 0.0003814665542449802 0.0003623932134360075 0.000344273546943441 0.0003270598826929927 0.0003107068769168109 0.000295171543257311 0.0002804129617288709 0.0002663923078216612 0.0002530727069824934 0.0002404190745437518 0.0002283981157233939 0.0002169782092096284 0.0002061293052975088 0.0001958228385774419 0.0001860316988313571 0.000176730114617385 0.0001678936096141115 0.0001594989298610017 0.0001515239855507389 0.0001439477928215638 0.0001367504009976983 0.0001299128780374303 0.0001234172377735376 0.0001172463744296692 0.0001113840553443879 0.0001058148554875515 0.0001005241138045676 9.549791138852015e-05 9.072301327250898e-05 8.618686115369201e-05 8.187751518562436e-05 7.778363942634314e-05 7.389445818262175e-05 7.019973418209702e-05 6.668974674539641e-05 6.335526268230751e-05 6.018749991199002e-05 5.717812382499687e-05 5.431921817944385e-05 5.160325599717908e-05 4.902309228782542e-05 4.657193858292885e-05 4.424334110808559e-05 4.203117350698449e-05 3.99296150135342e-05 3.793313589994796e-05 3.60364792868495e-05 3.42346538673155e-05 3.252291935496032e-05 3.089677193202078e-05 2.935193333541974e-05 2.788433630485088e-05 2.649011912581045e-05 2.516561289667152e-05 2.390733243373688e-05 2.271196535730269e-05 2.15763666346902e-05 2.04975476663094e-05 1.947267082869075e-05 1.849903674155939e-05 1.757408426783513e-05 1.669537959969603e-05 1.586061080161016e-05 1.506758053437807e-05 1.431420150765916e-05 1.359849102300359e-05 1.291856642637867e-05 1.227263783221133e-05 1.165900630439864e-05 1.107605567085557e-05 1.052225252351491e-05 9.996139851864427e-06 9.496332495473325e-06 9.02151623449754e-06 8.570440513722133e-06 8.141918442561291e-06 7.734822247584816e-06 7.34808099878137e-06 6.980676971579669e-06 6.631642918364378e-06 6.300060704234056e-06 5.985057669022353e-06 5.685804808308603e-06 5.40151449968107e-06 5.131438683747547e-06 4.874866590398597e-06 4.631123374565504e-06 4.39956738773617e-06 4.179588813713053e-06 3.970609213865828e-06 3.772078798647271e-06 3.58347483597754e-06 3.404301196496817e-06 3.234086079828558e-06 3.072381787205813e-06 2.918762675108155e-06 2.772824473140645e-06 2.634183147165459e-06 2.502473989807186e-06 2.377350256210775e-06 2.258482709294185e-06 2.145558482880006e-06 2.038280626948108e-06 1.936366516019916e-06 1.83954819021892e-06 1.747570763654949e-06 1.660192197050492e-06 1.577182615619677e-06 1.498323513260402e-06 1.423407297806989e-06 1.352236949969665e-06 1.284625113839866e-06 1.220393869516556e-06 1.159374164672045e-06 1.101405473491468e-06 1.046335228238604e-06
 0 0 0 0 0 0 0 0 0 0 0 0 0 0 0 0 0 0 0 0 0 0 0 0 0 0 0 0 0 0 0 0 0 0 0 0 0 0 0 0 0 0 0 0 0 0 0 0 0 0 0 0 0 0 0 0 0 0 0 0 0 0 0 0 0 0 0 0 0 0 0 0 0 0 0 0 0 0 0 0 0 0 0 0 0 0 0 0 0 0 0 0 0 0 0 0 0 0 0 0 0 0 0 0 0 0 0 0 0 0 0 0 0 0 0 0 0 0 0 0 0 0 0 0 0 0 0 0 0 0 0 0 0 0 0 0 0 0 0 0 0 0 0 0 0 0 0 0 0 0 0 0 0 0 0 0 0 0 0 0 0 0 0 0 0 0 0 0 0 0 0 0 0 0 0 0 0 0 0 0 0 0 0 0 0 0 0 0 0 0 0 0 0 0 0 0 0 0 0 0 0 0 0 0 0 0 0 0 0 0 0 0 0 0 0 0 0 0 0 0 0 0 0 0 0 0 0 0 0 0 0 0 0 0 0 0 0 0 0 0 0 0 0 0 0 0 0 0 0 0 0 0 0 0 0 0 0 0 0 0 0 0 0 0 0 0 0 0 0 0 0 0 0 0 0 0 0 0 0 0 0 0 0 0 0 0 0 0 0 0 0 0 0 0 0 0 0 0 0 0 0 0 0 0 0 0 0 0 0 0 0 0 0 0 0 0 0 0 0 0 0 0 0 0 0 0 0 0 0 0 0 0 0 0 0 0 0 0 0 0 0 0 0 0 0 0 0 0 0 0 0 0 0 0 0 0 0 0 0 0 0 0 0 0 0 0 0 0 0 0 0 0 0 0 0 0 0 0 0 0 0 0 0 0 0 0 0 0 0 0 0 0 0 0 0 0 0 0 0 0 0 0 0 0 0 0 0 0 0 0 0 0 0 0 0 0 0 0 0 0 0 0 0 0 0 0 0 0 0 0 0 0 0 0 0 0 0 0 0 0 0 0 0 0 0 0 0 0 0 0 0 0 0 0 0 0 0 0 0 0 0 0 0 0 0 0 0 0 0 0 0 0 0 0 0 0 0 0 0 0 0 0 0 0 0 0 0 0 0 0 0 0 0 0 0 0 0 0 0 0 0 0 0 0 0 0 0 0 0 0 0 0 0 0 0 0 0 0 0 0 0 0 0 0 0 0 0 0 0 0 0 0 0 0 0 0 0 0 0 0 0 0 0 0 0 0 0 0 0 0 0 0 0 0 0 0 0 0 0 0 0 0 0 0 0 0 0 0 0 0 0 0 0 0 0 0 0 0 0 0 0 0 0 0 0 0 0 0 0 0 0 0 0 0 0 0 0 0 0 0
 0 0 0 0 0 0 0 0 0 0 0 0 0 0 0 0 0 0 0 0 0 0 0 0 0 0 0 0 0 0 0 0 0 0 0 0 0 0 0 0 0 0 0 0 0 0 0 0 0 0 0 0 0 0 0 0 0 0 0 0 0 0 0 0 0 0 0 0 0 0 0 0 0 0 0 0 0 0 0 0 0 0 0 0 0 0 0 0 0 0 0 0 0 0 0 0 0 0 0 0 0 0 0 0 0 0 0 0 0 0 0 0 0 0 0 0 0 0 0 0 0 0 0 0 0 0 0 0 0 0 0 0 0 0 0 0 0 0 0 0 0 0 0 0 0 0 0 0 0 0 0 0 0 0 0 0 0 0 0 0 0 0 0 0 0 0 0 0 0 0 0 0 0 0 0 0 0 0 0 0 0 0 0 0 0 0 0 0 0 0 0 0 0 0 0 0 0 0 0 0 0 0 0 0 0 0 0 0 0 0 0 0 0 0 0 0 0 0 0 0 0 0 0 0 0 0 0 0 0 0 0 0 0 0 0 0 0 0 0 0 0 0 0 0 0 0 0 0 0 0 0 0 0 0 0 0 0 0 0 0 0 0 0 0 0 0 0 0 0 0 0 0 0 0 0 0 0 0 0 0 0 0 0 0 0 0 0 0 0 0 0 0 0 0 0 0 0 0 0 0 0 0 0 0 0 0 0 0 0 0 0 0 0 0 0 0 0 0 0 0 0 0 0 0 0 0 0 0 0 0 0 0 0 0 0 0 0 0 0 0 0 0 0 0 0 0 0 0 0 0 0 0 0 0 0 0 0 0 0 0 0 0 0 0 0 0 0 0 0 0 0 0 0 0 0 0 0 0 0 0 0 0 0 0 0 0 0 0 0 0 0 0 0 0 0 0 0 0 0 0 0 0 0 0 0 0 0 0 0 0 0 0 0 0 0 0 0 0 0 0 0 0 0 0 0 0 0 0 0 0 0 0 0 0 0 0 0 0 0 0 0 0 0 0 0 0 0 0 0 0 0 0 0 0 0 0 0 0 0 0 0 0 0 0 0 0 0 0 0 0 0 0 0 0 0 0 0 0 0 0 0 0 0 0 0 0 0 0 0 0 0 0 0 0 0 0 0 0 0 0 0 0 0 0 0 0 0 0 0 0 0 0 0 0 0 0 0 0 0 0 0 0 0 0 0 0 0 0 0 0 0 0 0 0 0 0 0 0 0 0 0 0 0 0 0 0 0 0 0 0 0 0 0 0 0 0 0 0 0 0 0 0 0 0 0 0 0 0 0 0 0 0 0 0 0 0 0 0 0 0 0 0 0 0 0 0 0 0 0 0 0 0 0 0 0 0 0 0 0 0
 0 0 0 0 0 0 0 0 0 0 0 0 0 0 0 0 0 0 0 0 0 0 0 0 0 0 0 0 0 0 0 0 0 0 0 0 0 0 0 0 0 0 0 0 0 0 0 0 0 0 0 0 0 0 0 0 0 0 0 0 0 0 0 0 0 0 0 0 0 0 0 0 0 0 0 0 0 0 0 0 0 0 0 0 0 0 0 0 0 0 0 0 0 0 0 0 0 0 0 0 0 0 0 0 0 0 0 0 0 0 0 0 0 0 0 0 0 0 0 0 0 0 0 0 0 0 0 0 0 0 0 0 0 0 0 0 0 0 0 0 0 0 0 0 0 0 0 0 0 0 0 0 0 0 0 0 0 0 0 0 0 0 0 0 0 0 0 0 0 0 0 0 0 0 0 0 0 0 0 0 0 0 0 0 0 0 0 0 0 0 0 0 0 0 0 0 0 0 0 0 0 0 0 0 0 0 0 0 0 0 0 0 0 0 0 0 0 0 0 0 0 0 0 0 0 0 0 0 0 0 0 0 0 0 0 0 0 0 0 0 0 0 0 0 0 0 0 0 0 0 0 0 0 0 0 0 0 0 0 0 0 0 0 0 0 0 0 0 0 0 0 0 0 0 0 0 0 0 0 0 0 0 0 0 0 0 0 0 0 0 0 0 0 0 0 0 0 0 0 0 0 0 0 0 0 0 0 0 0 0 0 0 0 0 0 0 0 0 0 0 0 0 0 0 0 0 0 0 0 0 0 0 0 0 0 0 0 0 0 0 0 0 0 0 0 0 0 0 0 0 0 0 0 0 0 0 0 0 0 0 0 0 0 0 0 0 0 0 0 0 0 0 0 0 0 0 0 0 0 0 0 0 0 0 0 0 0 0 0 0 0 0 0 0 0 0 0 0 0 0 0 0 0 0 0 0 0 0 0 0 0 0 0 0 0 0 0 0 0 0 0 0 0 0 0 0 0 0 0 0 0 0 0 0 0 0 0 0 0 0 0 0 0 0 0 0 0 0 0 0 0 0 0 0 0 0 0 0 0 0 0 0 0 0 0 0 0 0 0 0 0 0 0 0 0 0 0 0 0 0 0 0 0 0 0 0 0 0 0 0 0 0 0 0 0 0 0 0 0 0 0 0 0 0 0 0 0 0 0 0 0 0 0 0 0 0 0 0 0 0 0 0 0 0 0 0 0 0 0 0 0 0 0 0 0 0 0 0 0 0 0 0 0 0 0 0 0 0 0 0 0 0 0 0 0 0 0 0 0 0 0 0 0 0 0 0 0 0 0 0 0 0 0 0 0 0 0 0 0 0 0 0 0 0 0 0 0 0 0 0 0 0 0 0 0 0 0 0 0 0
 0 0 0 0 0 0 0 0 0 0 0 0 0 0 0 0 0 0 0 0 0 0 0 0 0 0 0 0 0 0 0 0 0 0 0 0 0 0 0 0 0 0 0 0 0 0 0 0 0 0 0 0 0 0 0 0 0 0 0 0 0 0 0 0 0 0 0 0 0 0 0 0 0 0 0 0 0 0 0 0 0 0 0 0 0 0 0 0 0 0 0 0 0 0 0 0 0 0 0 0 0 0 0 0 0 0 0 0 0 0 0 0 0 0 0 0 0 0 0 0 0 0 0 0 0 0 0 0 0 0 0 0 0 0 0 0 0 0 0 0 0 0 0 0 0 0 0 0 0 0 0 0 0 0 0 0 0 0 0 0 0 0 0 0 0 0 0 0 0 0 0 0 0 0 0 0 0 0 0 0 0 0 0 0 0 0 0 0 0 0 0 0 0 0 0 0 0 0 0 0 0 0 0 0 0 0 0 0 0 0 0 0 0 0 0 0 0 0 0 0 0 0 0 0 0 0 0 0 0 0 0 0 0 0 0 0 0 0 0 0 0 0 0 0 0 0 0 0 0 0 0 0 0 0 0 0 0 0 0 0 0 0 0 0 0 0 0 0 0 0 0 0 0 0 0 0 0 0 0 0 0 0 0 0 0 0 0 0 0 0 0 0 0 0 0 0 0 0 0 0 0 0 0 0 0 0 0 0 0 0 0 0 0 0 0 0.0003579107578843832 0.001722504617646337 0.004188107792288065 0.007886637002229691 0.01300116907805204 0.01972977817058563 0.02818596921861172 0.03845006227493286 0.05070717632770538 0.0649254247546196 0.0807153508067131 0.09833566099405289 0.1178417950868607 0.1390270292758942 0.1620044857263565 0.1866028606891632 0.212747648358345 0.2401577234268188 0.2687983810901642 0.2986196577548981 0.3294275999069214 0.3610890805721283 0.3930346369743347 0.4233829081058502 0.4522137641906738 0.4774529039859772 0.4943857789039612 0.5015231966972351 0.4977555871009827 0.4822663366794586 0.4581530094146729 0.4352453649044037 0.4134830832481384 0.3928089141845703 0.3731684684753418 0.3545100390911102 0.3367845416069031 0.3199453055858612 0.3039480447769165 0.2887506484985352 0.2743131220340729 0.2605974674224854 0.2475675940513611 0.235189214348793 0.2234297543764114 0.2122582644224167 0.2016453444957733 0.1915630698204041 0.1819849163293839 0.1728856712579727 0.1642413884401321 0.1560293138027191 0.1482278406620026 0.1408164501190186 0.1337756216526031 0.1270868480205536 0.1207325085997581 0.1146958842873573 0.1089610904455185 0.1035130321979523 0.09833738207817078 0.09342051297426224 0.08874949067831039 0.08431201428174973 0.08009641617536545 0.07609159499406815 0.07228701561689377 0.06867266446352005 0.06523903459310532 0.0619770810008049 0.05887822806835175 0.05593431740999222 0.05313760042190552 0.05048071965575218 0.047956682741642 0.04555884748697281 0.04328090697526932 0.041116863489151 0.03906102105975151 0.03710797056555748 0.03525257110595703 0.03348994255065918 0.03181544691324234 0.03022467531263828 0.02871344238519669 0.02727776952087879 0.02591388113796711 0.02461818791925907 0.02338727936148643 0.02221791446208954 0.021107017993927 0.02005166746675968 0.01904908381402493 0.01809662953019142 0.01719179749488831 0.01633220724761486 0.01551559660583735 0.01473981700837612 0.01400282606482506 0.01330268476158381 0.01263755094259977 0.01200567372143269 0.01140538975596428 0.01083512045443058 0.01029336452484131 0.009778696112334728 0.009289761073887348 0.008825273253023624 0.008384009823203087 0.00796480942517519 0.007566568907350302 0.00718824053183198 0.00682882871478796 0.006487387232482433 0.006163017824292183 0.005854866933077574 0.005562123376876116 0.005284017417579889 0.005019816569983959 0.004768825601786375 0.004530384205281734 0.004303865134716034 0.004088671877980232 0.003884238190948963 0.003690026234835386 0.003505524946376681 0.003330248640850186 0.003163736313581467 0.003005549544468522 0.002855272032320499 0.002712508430704474 0.00257688295096159 0.002448038896545768 0.002325637033209205 0.002209355123341084 0.002098887460306287 0.001993943005800247 0.001894245855510235 0.001799533609300852 0.001709556905552745 0.00162407907191664 0.001542875077575445 0.001465731300413609 0.001392444712109864 0.001322822528891265 0.001256681396625936 0.001193847274407744 0.001134154852479696 0.001077447086572647 0.001023574732244015 0.000972395995631814 0.0009237761842086911 0.0008775873575359583 0.0008337079780176282 0.0007920225616544485 0.0007524214452132583 0.0007148003787733614 0.0006790603511035442 0.0006451073568314314 0.0006128519889898598 0.0005822093808092177 0.0005530989146791399 0.0005254439893178642 0.0004991717869415879 0.0004742131859529763 0.0004505025281105191 0.0004279774148017168 0.0004065785324200988 0.0003862495941575617 0.000366937107173726 0.0003485902561806142 0.0003311607288196683 0.0003146026865579188 0.000298872560961172 0.000283928937278688 0.0002697324962355196 0.0002562458685133606 0.0002434335765428841 0.000231261903536506 0.0002196988061768934 0.0002087138709612191 0.0001982781832339242 0.0001883642689790577 0.0001789460511645302 0.0001699987478787079 0.0001614988141227514 0.0001534238690510392 0.0001457526814192533 0.0001384650531690568 0.0001315418048761785 0.0001249647175427526 0.000118716481665615 0.0001127806608565152 0.0001071416263584979 0.0001017845424939878 9.669531573308632e-05 9.186055103782564e-05 8.72675227583386e-05 8.290414552902803e-05 7.875893788877875e-05 7.482099317712709e-05 7.107994315447286e-05 6.752594345016405e-05 6.414964445866644e-05 6.094216223573312e-05 5.789505303255282e-05 5.500029874383472e-05 5.225028507993557e-05 4.963777246302925e-05 4.715588511317037e-05 4.479808922042139e-05 4.255818566889502e-05 4.043027729494497e-05 3.840876161120832e-05 3.64883235306479e-05 3.466390626272187e-05 3.293071131338365e-05 3.128417665720917e-05 2.971996764244977e-05 2.823396971507464e-05 2.682227204786614e-05 2.548115844547283e-05 2.420710006845184e-05 2.299674451933242e-05 2.184690674766898e-05 2.075456177408341e-05 1.971683377632871e-05 1.873099245131016e-05 1.779444210114889e-05 1.69047198141925e-05 1.605948455107864e-05 1.525650986877736e-05 1.449368392059114e-05 1.376899945171317e-05 1.308054925175384e-05 1.24265216072672e-05 1.180519575427752e-05 1.121493551181629e-05 1.06541883724276e-05 1.012147913570516e-05 9.615405360818841e-06 9.134635547525249e-06 8.677903679199517e-06 8.244008313340601e-06 7.831808034097776e-06 7.440217814291827e-06 7.068206741678296e-06 6.714796199958073e-06 6.379056230798597e-06 6.060103260097094e-06 5.75709827899118e-06 5.469243205880048e-06 5.195780886424473e-06 4.935991910315352e-06 4.689192337536952e-06 4.454732788872207e-06 4.231996172165964e-06 4.020396318082931e-06 3.819376615865622e-06 3.628407739597606e-06 3.446987420829828e-06 3.274637947470183e-06 3.110906163783511e-06 2.955360741907498e-06 2.80759263660002e-06 2.667213038876071e-06 2.533852466513054e-06 2.407159854556085e-06 2.286801873196964e-06 2.1724617909058e-06 2.06383879230998e-06 1.960646841325797e-06 1.862614453784772e-06 1.769483787938952e-06 1.681009621279372e-06 1.596959123162378e-06 1.517111172688601e-06 1.441255562895094e-06 1.369192773381656e-06 1.300733174502966e-06 1.235696572621237e-06 1.173911755358858e-06 1.11521615053789e-06 1.059455371432705e-06 1.006482648335805e-06
 0 0 0 0 0 0 0 0 0 0 0 0 0 0 0 0 0 0 0 0 0 0 0 0 0 0 0 0 0 0 0 0 0 0 0 0 0 0 0 0 0 0 0 0 0 0 0 0 0 0 0 0 0 0 0 0 0 0 0 0 0 0 0 0 0 0 0 0 0 0 0 0 0 0 0 0 0 0 0 0 0 0 0 0 0 0 0 0 0 0 0 0 0 0 0 0 0 0 0 0 0 0 0 0 0 0 0 0 0 0 0 0 0 0 0 0 0 0 0 0 0 0 0 0 0 0 0 0 0 0 0 0 0 0 0 0 0 0 0 0 0 0 0 0 0 0 0 0 0 0 0 0 0 0 0 0 0 0 0 0 0 0 0 0 0 0 0 0 0 0 0 0 0 0 0 0 0 0 0 0 0 0 0 0 0 0 0 0 0 0 0 0 0 0 0 0 0 0 0 0 0 0 0 0 0 0 0 0 0 0 0 0 0 0 0 0 0 0 0 0 0 0 0 0 0 0 0 0 0 0 0 0 0 0 0 0 0 0 0 0 0 0 0 0 0 0 0 0 0 0 0 0 0 0 0 0 0 0 0 0 0 0 0 0 0 0 0 0 0 0 0 0 0 0 0 0 0 0 0 0 0 0 0 0 0 0 0 0 0 0 0 0 0 0 0 0 0 0 0 0 0 0 0 0 0 0 0 0 0 0 0 0 0 0 0 0 0 0 0 0 0 0 0 0 0 0 0 0 0 0 0 0 0 0 0 0 0 0 0 0 0 0 0 0 0 0 0 0 0 0 0 0 0 0 0 0 0 0 0 0 0 0 0 0 0 0 0 0 0 0 0 0 0 0 0 0 0 0 0 0 0 0 0 0 0 0 0 0 0 0 0 0 0 0 0 0 0 0 0 0 0 0 0 0 0 0 0 0 0 0 0 0 0 0 0 0 0 0 0 0 0 0 0 0 0 0 0 0 0 0 0 0 0 0 0 0 0 0 0 0 0 0 0 0 0 0 0 0 0 0 0 0 0 0 0 0 0 0 0 0 0 0 0 0 0 0 0 0 0 0 0 0 0 0 0 0 0 0 0 0 0 0 0 0 0 0 0 0 0 0 0 0 0 0 0 0 0 0 0 0 0 0 0 0 0 0 0 0 0 0 0 0 0 0 0 0 0 0 0 0 0 0 0 0 0 0 0 0 0 0 0 0 0 0 0 0 0 0 0 0 0 0 0 0 0 0 0 0 0 0 0 0 0 0 0 0 0 0 0 0 0 0 0 0 0 0 0 0 0 0 0 0 0 0 0 0 0 0 0 0 0 0 0 0 0 0 0 0 0 0 0 0 0 0 0 0 0 0 0 0
 0 0 0 0 0 0 0 0 0 0 0 0 0 0 0 0 0 0 0 0 0 0 0 0 0 0 0 0 0 0 0 0 0 0 0 0 0 0 0 0 0 0 0 0 0 0 0 0 0 0 0 0 0 0 0 0 0 0 0 0 0 0 0 0 0 0 0 0 0 0 0 0 0 0 0 0 0 0 0 0 0 0 0 0 0 0 0 0 0 0 0 0 0 0 0 0 0 0 0 0 0 0 0 0 0 0 0 0 0 0 0 0 0 0 0 0 0 0 0 0 0 0 0 0 0 0 0 0 0 0 0 0 0 0 0 0 0 0 0 0 0 0 0 0 0 0 0 0 0 0 0 0 0 0 0 0 0 0 0 0 0 0 0 0 0 0 0 0 0 0 0 0 0 0 0 0 0 0 0 0 0 0 0 0 0 0 0 0 0 0 0 0 0 0 0 0 0 0 0 0 0 0 0 0 0 0 0 0 0 0 0 0 0 0 0 0 0 0 0 0 0 0 0 0 0 0 0 0 0 0 0 0 0 0 0 0 0 0 0 0 0 0 0 0 0 0 0 0 0 0 0 0 0 0 0 0 0 0 0 0 0 0 0 0 0 0 0 0 0 0 0 0 0 0 0 0 0 0 0 0 0 0 0 0 0 0 0 0 0 0 0 0 0 0 0 0 0 0 0 0 0 0 0 0 0 0 0 0 0 0 0 0 0 0 0 0 0 0 0 0 0 0 0 0 0 0 0 0 0 0 0 0 0 0 0 0 0 0 0 0 0 0 0 0 0 0 0 0 0 0 0 0 0 0 0 0 0 0 0 0 0 0 0 0 0 0 0 0 0 0 0 0 0 0 0 0 0 0 0 0 0 0 0 0 0 0 0 0 0 0 0 0 0 0 0 0 0 0 0 0 0 0 0 0 0 0 0 0 0 0 0 0 0 0 0 0 0 0 0 0 0 0 0 0 0 0 0 0 0 0 0 0 0 0 0 0 0 0 0 0 0 0 0 0 0 0 0 0 0 0 0 0 0 0 0 0 0 0 0 0 0 0 0 0 0 0 0 0 0 0 0 0 0 0 0 0 0 0 0 0 0 0 0 0 0 0 0 0 0 0 0 0 0 0 0 0 0 0 0 0 0 0 0 0 0 0 0 0 0 0 0 0 0 0 0 0 0 0 0 0 0 0 0 0 0 0 0 0 0 0 0 0 0 0 0 0 0 0 0 0 0 0 0 0 0 0 0 0 0 0 0 0 0 0 0 0 0 0 0 0 0 0 0 0 0 0 0 0 0 0 0 0 0 0 0 0 0 0 0 0 0 0 0 0 0 0 0 0 0 0 0 0 0 0 0 0 0 0 0 0
 0 0 0 0 0 0 0 0 0 0 0 0 0 0 0 0 0 0 0 0 0 0 0 0 0 0 0 0 0 0 0 0 0 0 0 0 0 0 0 0 0 0 0 0 0 0 0 0 0 0 0 0 0 0 0 0 0 0 0 0 0 0 0 0 0 0 0 0 0 0 0 0 0 0 0 0 0 0 0 0 0 0 0 0 0 0 0 0 0 0 0 0 0 0 0 0 0 0 0 0 0 0 0 0 0 0 0 0 0 0 0 0 0 0 0 0 0 0 0 0 0 0 0 0 0 0 0 0 0 0 0 0 0 0 0 0 0 0 0 0 0 0 0 0 0 0 0 0 0 0 0 0 0 0 0 0 0 0 0 0 0 0 0 0 0 0 0 0 0 0 0 0 0 0 0 0 0 0 0 0 0 0 0 0 0 0 0 0 0 0 0 0 0 0 0 0 0 0 0 0 0 0 0 0 0 0 0 0 0 0 0 0 0 0 0 0 0 0 0 0 0 0 0 0 0 0 0 0 0 0 0 0 0 0 0 0 0 0 0 0 0 0 0 0 0 0 0 0 0 0 0 0 0 0 0 0 0 0 0 0 0 0 0 0 0 0 0 0 0 0 0 0 0 0 0 0 0 0 0 0 0 0 0 0 0 0 0 0 0 0 0 0 0 0 0 0 0 0 0 0 0 0 0 0 0 0 0 0 0 0 0 0 0 0 0 0 0 0 0 0 0 0 0 0 0 0 0 0 0 0 0 0 0 0 0 0 0 0 0 0 0 0 0 0 0 0 0 0 0 0 0 0 0 0 0 0 0 0 0 0 0 0 0 0 0 0 0 0 0 0 0 0 0 0 0 0 0 0 0 0 0 0 0 0 0 0 0 0 0 0 0 0 0 0 0 0 0 0 0 0 0 0 0 0 0 0 0 0 0 0 0 0 0 0 0 0 0 0 0 0 0 0 0 0 0 0 0 0 0 0 0 0 0 0 0 0 0 0 0 0 0 0 0 0 0 0 0 0 0 0 0 0 0 0 0 0 0 0 0 0 0 0 0 0 0 0 0 0 0 0 0 0 0 0 0 0 0 0 0 0 0 0 0 0 0 0 0 0 0 0 0 0 0 0 0 0 0 0 0 0 0 0 0 0 0 0 0 0 0 0 0 0 0 0 0 0 0 0 0 0 0 0 0 0 0 0 0 0 0 0 0 0 0 0 0 0 0 0 0 0 0 0 0 0 0 0 0 0 0 0 0 0 0 0 0 0 0 0 0 0 0 0 0 0 0 0 0 0 0 0 0 0 0 0 0 0 0 0 0 0 0 0 0 0 0 0 0 0 0 0 0 0 0 0 0 0 0 0 0 0
 0 0 0 0 0 0 0 0 0 0 0 0 0 0 0 0 0 0 0 0 0 0 0 0 0 0 0 0 0 0 0 0 0 0 0 0 0 0 0 0 0 0 0 0 0 0 0 0 0 0 0 0 0 0 0 0 0 0 0 0 0 0 0 0 0 0 0 0 0 0 0 0 0 0 0 0 0 0 0 0 0 0 0 0 0 0 0 0 0 0 0 0 0 0 0 0 0 0 0 0 0 0 0 0 0 0 0 0 0 0 0 0 0 0 0 0 0 0 0 0 0 0 0 0 0 0 0 0 0 0 0 0 0 0 0 0 0 0 0 0 0 0 0 0 0 0 0 0 0 0 0 0 0 0 0 0 0 0 0 0 0 0 0 0 0 0 0 0 0 0 0 0 0 0 0 0 0 0 0 0 0 0 0 0 0 0 0 0 0 0 0 0 0 0 0 0 0 0 0 0 0 0 0 0 0 0 0 0 0 0 0 0 0 0 0 0 0 0 0 0 0 0 0 0 0 0 0 0 0 0 0 0 0 0 0 0 0 0 0 0 0 0 0 0 0 0 0 0 0 0 0 0 0 0 0 0 0 0 0 0 0 0 0 0 0 0 0 0 0 0 0 0 0 0 0 0 0 0 0 0 0 0 0 0 0 0 0 0 0 0 0 0 0 0 0 0 0 0 0 0 0 0 0 0 0 0 0 0 0 0 0 0 0 0 0 0 0 0 0 0.0005916557274758816 0.002194962464272976 0.005008846521377563 0.009154094383120537 0.01491197571158409 0.02235286682844162 0.03153209388256073 0.04254148900508881 0.05551505088806152 0.07064483314752579 0.08768549561500549 0.1066995561122894 0.1275222599506378 0.1502276360988617 0.1747964918613434 0.2010228931903839 0.2286392450332642 0.2576687037944794 0.2882079482078552 0.3199765682220459 0.352908194065094 0.3852627873420715 0.4159996509552002 0.4451996684074402 0.472939670085907 0.4980697333812714 0.5141294002532959 0.5193884372711182 0.5127425789833069 0.4934607744216919 0.4687877297401428 0.4453483521938324 0.4230809211730957 0.4019268751144409 0.3818305432796478 0.3627390265464783 0.3446020781993866 0.3273719847202301 0.3110033869743347 0.2954532206058502 0.2806805670261383 0.266646534204483 0.253314197063446 0.2406484931707382 0.2286160737276077 0.2171852737665176 0.2063260078430176 0.1960097104310989 0.1862092316150665 0.1768987774848938 0.1680538356304169 0.1596511453390121 0.151668593287468 0.144085168838501 0.1368809044361115 0.130036860704422 0.1235350146889687 0.1173582673072815 0.1114903539419174 0.1059158369898796 0.1006200462579727 0.0955890417098999 0.09080959111452103 0.08626911044120789 0.08195565640926361 0.07785787433385849 0.07396498322486877 0.0702667310833931 0.06675339490175247 0.06341572850942612 0.06024494022130966 0.05723269283771515 0.05437105894088745 0.05165250599384308 0.04906988143920898 0.04661638662219048 0.04428556561470032 0.04207128658890724 0.03996772319078445 0.03796933591365814 0.03607086837291718 0.03426732495427132 0.03255395963788033 0.03092626109719276 0.0293799489736557 0.02791095152497292 0.02651540376245975 0.02518963441252708 0.02393015287816525 0.02273364551365376 0.02159696258604527 0.02051711454987526 0.01949125900864601 0.01851669698953629 0.01759086176753044 0.01671131886541843 0.01587575301527977 0.01508196536451578 0.01432786695659161 0.01361147314310074 0.01293089985847473 0.01228435523808002 0.0116701377555728 0.01108663063496351 0.01053229905664921 0.01000568456947803 0.009505400434136391 0.009030130691826344 0.008578624576330185 0.008149693720042706 0.007742208894342184 0.007355098612606525 0.006987343542277813 0.006637976504862309 0.006306077819317579 0.005990773905068636 0.005691235419362783 0.005406673531979322 0.005136339925229549 0.004879523068666458 0.004635546822100878 0.004403769504278898 0.004183581098914146 0.003974401857703924 0.003775681834667921 0.003586897626519203 0.0034075528383255 0.003237175289541483 0.003075316548347473 0.002921550767496228 0.002775473287329078 0.002636699704453349 0.002504864707589149 0.002379621379077435 0.002260640263557434 0.002147608203813434 0.002040227875113487 0.001938216504640877 0.001841305638663471 0.001749240327626467 0.001661778311245143 0.001578689436428249 0.00149975495878607 0.001424767193384469 0.001353528816252947 0.001285852398723364 0.001221559825353324 0.001160481828264892 0.001102457754313946 0.001047334866598248 0.0009949681116268039 0.0009452197118662298 0.0008979587000794709 0.000853060744702816 0.0008104076841846108 0.0007698872941546142 0.0007313929381780326 0.0006948232767172158 0.0006600820925086737 0.0006270779995247722 0.0005957240937277675 0.0005659378948621452 0.0005376409972086549 0.0005107589531689882 0.0004852210113313049 0.0004609599709510803 0.0004379119782242924 0.0004160163807682693 0.0003952155529987067 0.0003754547797143459 0.0003566820523701608 0.0003388479526620358 0.0003219055652152747 0.0003058102738577873 0.0002905197616200894 0.0002759937779046595 0.0002621940802782774 0.0002490843762643635 0.0002366301632719114 0.0002247986558359116 0.0002135587274096906 0.0002028807939495891 0.0001927367557073012 0.000183099924470298 0.0001739449216984212 0.0001652476785238832 0.0001569852902321145 0.0001491360308136791 0.0001416792219970375 0.0001345952623523772 0.0001278654963243753 0.0001214722215081565 0.0001153986086137593 0.0001096286796382628 0.0001041472423821688 9.893988317344338e-05 9.399288683198392e-05 8.929324394557625e-05 8.482858538627625e-05 8.058715320657939e-05 7.655779336346313e-05 7.272990478668362e-05 6.90934102749452e-05 6.563874194398522e-05 6.235680484678596e-05 5.923896605963819e-05 5.62770183023531e-05 5.346316902432591e-05 5.079001130070537e-05 4.825050928047858e-05 4.583798363455571e-05 4.354608608991839e-05 4.136878123972565e-05 3.930034290533513e-05 3.733532503247261e-05 3.546855805325322e-05 3.369513069628738e-05 3.201037543476559e-05 3.040985757252201e-05 2.888936433009803e-05 2.744489574979525e-05 2.607265014376026e-05 2.476901681802701e-05 2.353056515858043e-05 2.235403735539876e-05 2.123633566952776e-05 2.01745187951019e-05 1.916579276439734e-05 1.820750367187429e-05 1.729712857923005e-05 1.643227187742013e-05 1.561065801070072e-05 1.483012511016568e-05 1.408861862728372e-05 1.338418769591954e-05 1.271497785637621e-05 1.207922923640581e-05 1.147526745626237e-05 1.09015036287019e-05 1.035642890201416e-05 9.83860718406504e-06 9.346676961285993e-06 8.879343113221694e-06 8.435376003035344e-06 8.013606930035166e-06 7.612926765432348e-06 7.232280495372834e-06 6.870666311442619e-06 6.527132882183651e-06 6.200776169862365e-06 5.890737156732939e-06 5.596200480795233e-06 5.316390343068633e-06 5.050570962339407e-06 4.798042482434539e-06 4.558140517474385e-06 4.330233423388563e-06 4.113721843168605e-06 3.90803597838385e-06 3.712634224939393e-06 3.527002490955056e-06 3.350652377775987e-06 3.183119815730606e-06 3.02396392726223e-06 2.872765662687016e-06 2.729127345446614e-06 2.592671080492437e-06 2.463037617417285e-06 2.339885668334318e-06 2.222891453129705e-06 2.11174688047322e-06 2.006159547818243e-06 1.905851604533382e-06 1.810559069781448e-06 1.720031150398427e-06 1.634029558772454e-06 1.552328058096464e-06 1.474711666560324e-06 1.40097608891665e-06 1.33092726173345e-06 1.264380898646777e-06
 0 0 0 0 0 0 0 0 0 0 0 0 0 0 0 0 0 0 0 0 0 0 0 0 0 0 0 0 0 0 0 0 0 0 0 0 0 0 0 0 0 0 0 0 0 0 0 0 0 0 0 0 0 0 0 0 0 0 0 0 0 0 0 0 0 0 0 0 0 0 0 0 0 0 0 0 0 0 0 0 0 0 0 0 0 0 0 0 0 0 0 0 0 0 0 0 0 0 0 0 0 0 0 0 0 0 0 0 0 0 0 0 0 0 0 0 0 0 0 0 0 0 0 0 0 0 0 0 0 0 0 0 0 0 0 0 0 0 0 0 0 0 0 0 0 0 0 0 0 0 0 0 0 0 0 0 0 0 0 0 0 0 0 0 0 0 0 0 0 0 0 0 0 0 0 0 0 0 0 0 0 0 0 0 0 0 0 0 0 0 0 0 0 0 0 0 0 0 0 0 0 0 0 0 0 0 0 0 0 0 0 0 0 0 0 0 0 0 0 0 0 0 0 0 0 0 0 0 0 0 0 0 0 0 0 0 0 0 0 0 0 0 0 0 0 0 0 0 0 0 0 0 0 0 0 0 0 0 0 0 0 0 0 0 0 0 0 0 0 0 0 0 0 0 0 0 0 0 0 0 0 0 0 0 0 0 0 0 0 0 0 0 0 0 0 0 0 0 0 0 0 0 0 0 0 0 0 0 0 0 0 0 0 0 0 0 0 0 0 0 0 0 0 0 0 0 0 0 0 0 0 0 0 0 0 0 0 0 0 0 0 0 0 0 0 0 0 0 0 0 0 0 0 0 0 0 0 0 0 0 0 0 0 0 0 0 0 0 0 0 0 0 0 0 0 0 0 0 0 0 0 0 0 0 0 0 0 0 0 0 0 0 0 0 0 0 0 0 0 0 0 0 0 0 0 0 0 0 0 0 0 0 0 0 0 0 0 0 0 0 0 0 0 0 0 0 0 0 0 0 0 0 0 0 0 0 0 0 0 0 0 0 0 0 0 0 0 0 0 0 0 0 0 0 0 0 0 0 0 0 0 0 0 0 0 0 0 0 0 0 0 0 0 0 0 0 0 0 0 0 0 0 0 0 0 0 0 0 0 0 0 0 0 0 0 0 0 0 0 0 0 0 0 0 0 0 0 0 0 0 0 0 0 0 0 0 0 0 0 0 0 0 0 0 0 0 0 0 0 0 0 0 0 0 0 0 0 0 0 0 0 0 0 0 0 0 0 0 0 0 0 0 0 0 0 0 0 0 0 0 0 0 0 0 0 0 0 0 0 0 0 0 0 0 0 0 0 0 0 0 0 0 0 0 0 0 0 0 0 0 0 0 0 0 0 0 0 0 0 0
 0 0 0 0 0 0 0 0 0 0 0 0 0 0 0 0 0 0 0 0 0 0 0 0 0 0 0 0 0 0 0 0 0 0 0 0 0 0 0 0 0 0 0 0 0 0 0 0 0 0 0 0 0 0 0 0 0 0 0 0 0 0 0 0 0 0 0 0 0 0 0 0 0 0 0 0 0 0 0 0 0 0 0 0 0 0 0 0 0 0 0 0 0 0 0 0 0 0 0 0 0 0 0 0 0 0 0 0 0 0 0 0 0 0 0 0 0 0 0 0 0 0 0 0 0 0 0 0 0 0 0 0 0 0 0 0 0 0 0 0 0 0 0 0 0 0 0 0 0 0 0 0 0 0 0 0 0 0 0 0 0 0 0 0 0 0 0 0 0 0 0 0 0 0 0 0 0 0 0 0 0 0 0 0 0 0 0 0 0 0 0 0 0 0 0 0 0 0 0 0 0 0 0 0 0 0 0 0 0 0 0 0 0 0 0 0 0 0 0 0 0 0 0 0 0 0 0 0 0 0 0 0 0 0 0 0 0 0 0 0 0 0 0 0 0 0 0 0 0 0 0 0 0 0 0 0 0 0 0 0 0 0 0 0 0 0 0 0 0 0 0 0 0 0 0 0 0 0 0 0 0 0 0 0 0 0 0 0 0 0 0 0 0 0 0 0 0 0 0 0 0 0 0 0 0 0 0 0 0 0 0 0 0 0 0 0 0 0 0 0 0 0 0 0 0 0 0 0 0 0 0 0 0 0 0 0 0 0 0 0 0 0 0 0 0 0 0 0 0 0 0 0 0 0 0 0 0 0 0 0 0 0 0 0 0 0 0 0 0 0 0 0 0 0 0 0 0 0 0 0 0 0 0 0 0 0 0 0 0 0 0 0 0 0 0 0 0 0 0 0 0 0 0 0 0 0 0 0 0 0 0 0 0 0 0 0 0 0 0 0 0 0 0 0 0 0 0 0 0 0 0 0 0 0 0 0 0 0 0 0 0 0 0 0 0 0 0 0 0 0 0 0 0 0 0 0 0 0 0 0 0 0 0 0 0 0 0 0 0 0 0 0 0 0 0 0 0 0 0 0 0 0 0 0 0 0 0 0 0 0 0 0 0 0 0 0 0 0 0 0 0 0 0 0 0 0 0 0 0 0 0 0 0 0 0 0 0 0 0 0 0 0 0 0 0 0 0 0 0 0 0 0 0 0 0 0 0 0 0 0 0 0 0 0 0 0 0 0 0 0 0 0 0 0 0 0 0 0 0 0 0 0 0 0 0 0 0 0 0 0 0 0 0 0 0 0 0 0 0 0 0 0 0 0 0 0 0 0 0 0 0 0 0 0 0 0 0 0 0 0
 0 0 0 0 0 0 0 0 0 0 0 0 0 0 0 0 0 0 0 0 0 0 0 0 0 0 0 0 0 0 0 0 0 0 0 0 0 0 0 0 0 0 0 0 0 0 0 0 0 0 0 0 0 0 0 0 0 0 0 0 0 0 0 0 0 0 0 0 0 0 0 0 0 0 0 0 0 0 0 0 0 0 0 0 0 0 0 0 0 0 0 0 0 0 0 0 0 0 0 0 0 0 0 0 0 0 0 0 0 0 0 0 0 0 0 0 0 0 0 0 0 0 0 0 0 0 0 0 0 0 0 0 0 0 0 0 0 0 0 0 0 0 0 0 0 0 0 0 0 0 0 0 0 0 0 0 0 0 0 0 0 0 0 0 0 0 0 0 0 0 0 0 0 0 0 0 0 0 0 0 0 0 0 0 0 0 0 0 0 0 0 0 0 0 0 0 0 0 0 0 0 0 0 0 0 0 0 0 0 0 0 0 0 0 0 0 0 0 0 0 0 0 0 0 0 0 0 0 0 0 0 0 0 0 0 0 0 0 0 0 0 0 0 0 0 0 0 0 0 0 0 0 0 0 0 0 0 0 0 0 0 0 0 0 0 0 0 0 0 0 0 0 0 0 0 0 0 0 0 0 0 0 0 0 0 0 0 0 0 0 0 0 0 0 0 0 0 0 0 0 0 0 0 0 0 0 0 0 0 0 0 0 0 0 0 0 0 0 0 0 0 0 0 0 0 0 0 0 0 0 0 0 0 0 0 0 0 0 0 0 0 0 0 0 0 0 0 0 0 0 0 0 0 0 0 0 0 0 0 0 0 0 0 0 0 0 0 0 0 0 0 0 0 0 0 0 0 0 0 0 0 0 0 0 0 0 0 0 0 0 0 0 0 0 0 0 0 0 0 0 0 0 0 0 0 0 0 0 0 0 0 0 0 0 0 0 0 0 0 0 0 0 0 0 0 0 0 0 0 0 0 0 0 0 0 0 0 0 0 0 0 0 0 0 0 0 0 0 0 0 0 0 0 0 0 0 0 0 0 0 0 0 0 0 0 0 0 0 0 0 0 0 0 0 0 0 0 0 0 0 0 0 0 0 0 0 0 0 0 0 0 0 0 0 0 0 0 0 0 0 0 0 0 0 0 0 0 0 0 0 0 0 0 0 0 0 0 0 0 0 0 0 0 0 0 0 0 0 0 0 0 0 0 0 0 0 0 0 0 0 0 0 0 0 0 0 0 0 0 0 0 0 0 0 0 0 0 0 0 0 0 0 0 0 0 0 0 0 0 0 0 0 0 0 0 0 0 0 0 0 0 0 0 0 0 0 0 0 0 0 0 0 0 0 0 0 0 0 0 0
 0 0 0 0 0 0 0 0 0 0 0 0 0 0 0 0 0 0 0 0 0 0 0 0 0 0 0 0 0 0 0 0 0 0 0 0 0 0 0 0 0 0 0 0 0 0 0 0 0 0 0 0 0 0 0 0 0 0 0 0 0 0 0 0 0 0 0 0 0 0 0 0 0 0 0 0 0 0 0 0 0 0 0 0 0 0 0 0 0 0 0 0 0 0 0 0 0 0 0 0 0 0 0 0 0 0 0 0 0 0 0 0 0 0 0 0 0 0 0 0 0 0 0 0 0 0 0 0 0 0 0 0 0 0 0 0 0 0 0 0 0 0 0 0 0 0 0 0 0 0 0 0 0 0 0 0 0 0 0 0 0 0 0 0 0 0 0 0 0 0 0 0 0 0 0 0 0 0 0 0 0 0 0 0 0 0 0 0 0 0 0 0 0 0 0 0 0 0 0 0 0 0 0 0 0 0 0 0 0 0 0 0 0 0 0 0 0 0 0 0 0 0 0 0 0 0 0 0 0 0 0 0 0 0 0 0 0 0 0 0 0 0 0 0 0 0 0 0 0 0 0 0 0 0 0 0 0 0 0 0 0 0 0 0 0 0 0 0 0 0 0 0 0 0 0 0 0 0 0 0 0 0 0 0 0 0 0 0 0 0 0 0 0 0 0 0 0 0 0 0 0 0 0 0 0 0 0 0 0 0 0 0 0 0 0 0 0 0 0 0 0 0.000838035368360579 0.002774510299786925 0.005966976284980774 0.01056263782083988 0.01672107353806496 0.02455106750130653 0.03416338935494423 0.04568766802549362 0.05922653526067734 0.07503744959831238 0.09276879578828812 0.1123625040054321 0.1336124539375305 0.1566001176834106 0.181513637304306 0.2083061039447784 0.2367324233055115 0.266489565372467 0.2975560128688812 0.3296409547328949 0.3627260327339172 0.3945897221565247 0.4248602390289307 0.4536172151565552 0.4809363484382629 0.502656102180481 0.5148051381111145 0.5161324143409729 0.5053249001502991 0.4815904200077057 0.4575108885765076 0.43463534116745 0.4129035770893097 0.3922584056854248 0.3726454973220825 0.3540132343769073 0.3363125622272491 0.3194969296455383 0.3035220801830292 0.2883459627628326 0.2739286720752716 0.2602322399616241 0.2472206354141235 0.2348596006631851 0.2231166213750839 0.2119607925415039 0.2013627588748932 0.1912946254014969 0.1817298978567123 0.1726434081792831 0.1640112400054932 0.155810683965683 0.1480201482772827 0.1406191438436508 0.1335881799459457 0.1269087642431259 0.1205633282661438 0.1145351603627205 0.1088084056973457 0.1033679842948914 0.09819958359003067 0.09328960627317429 0.08862512558698654 0.0841938704252243 0.07998417317867279 0.07598496228456497 0.07218571752309799 0.06857643276453018 0.06514760851860046 0.06189022958278656 0.05879571661353111 0.05585592985153198 0.05306313186883926 0.05040997639298439 0.04788947850465775 0.04549500346183777 0.04322025179862976 0.04105924069881439 0.03900627791881561 0.03705596551299095 0.03520316630601883 0.03344300761818886 0.03177085891366005 0.03018231689929962 0.0286732017993927 0.02723954245448112 0.02587756514549255 0.02458368614315987 0.02335450239479542 0.02218677662312984 0.02107743732631207 0.02002356573939323 0.019022386521101 0.01807126775383949 0.017167704179883 0.01630931906402111 0.0154938530176878 0.01471916027367115 0.01398320216685534 0.01328404247760773 0.01261983998119831 0.01198884844779968 0.01138940639793873 0.01081993617117405 0.01027893926948309 0.009764992631971836 0.009276743046939373 0.008812906220555305 0.008372261188924313 0.007953648455440998 0.007555966265499592 0.007178167812526226 0.006819259375333786 0.006478296592831612 0.006154381670057774 0.005846662446856499 0.005554329138249159 0.005276612471789122 0.005012781824916601 0.004762142896652222 0.004524035844951868 0.004297833889722824 0.004082942381501198 0.003878795308992267 0.003684855531901121 0.003500612685456872 0.003325582016259432 0.003159302985295653 0.003001337870955467 0.002851271070539951 0.002708707470446825 0.002573272213339806 0.002444608602672815 0.002322378102689981 0.002206259174272418 0.002095946110785007 0.001991148805245757 0.001891591353341937 0.001797011820599437 0.001707161194644868 0.001621803152374923 0.001540713012218475 0.001463677384890616 0.001390493474900723 0.001320968847721815 0.00125492038205266 0.001192174386233091 0.001132565666921437 0.001075937412679195 0.001022140495479107 0.0009710334707051516 0.0009224818204529583 0.0008763577206991613 0.0008325398084707558 0.0007909128325991333 0.0007513671880587935 0.0007137987995520234 0.0006781088886782527 0.0006442034500651062 0.0006119932513684034 0.0005813936004415154 0.0005523239378817379 0.0005247077206149697 0.0004984723636880517 0.0004735487455036491 0.000449871295131743 0.0004273777303751558 0.0004060088540427387 0.0003857084084302187 0.0003664229880087078 0.0003481018356978893 0.000330696755554527 0.0003141619090456516 0.0002984538150485605 0.0002835311170201749 0.0002693545538932085 0.0002558868145570159 0.0002430924796499312 0.0002309378614882007 0.0002193909749621525 0.0002084214211208746 0.000198000343516469 0.0001881003263406456 0.0001786953071132302 0.0001697605475783348 0.000161272517289035 0.0001532088936073706 0.0001455484452890232 0.0001382710179314017 0.0001313574612140656 0.0001247895852429792 0.0001185501023428515 0.0001126225979533046 0.0001069914651452564 0.0001016418900690041 9.655979374656454e-05 9.173180296784267e-05 8.714521391084418e-05 8.278795576188713e-05 7.864856161177158e-05 7.471613207599148e-05 7.098032801877707e-05 6.743131234543398e-05 6.405975000234321e-05 6.085676432121545e-05 5.781392610515468e-05 5.492322816280648e-05 5.217706711846404e-05 4.956821430823766e-05 4.708980486611836e-05 4.473531589610502e-05 4.249854828231037e-05 4.037361941300333e-05 3.83549377147574e-05 3.643719173851423e-05 3.461533196968958e-05 3.28845635522157e-05 3.124033537460491e-05 2.967831824207678e-05 2.819440305756871e-05 2.678468263184186e-05 2.544544804550242e-05 2.417317591607571e-05 2.29645174840698e-05 2.18162913370179e-05 2.072547613352071e-05 1.968920150829945e-05 1.870474079623818e-05 1.776950375642627e-05 1.688102929620072e-05 1.603697819518857e-05 1.523512946732808e-05 1.447337308491115e-05 1.374970452161506e-05 1.306221929553431e-05 1.240910842170706e-05 1.178865295514697e-05 1.119922035286436e-05 1.0639259016898e-05 1.010729647532571e-05 9.601932106306776e-06 9.121835319092497e-06 8.665743735036813e-06 8.232456821133383e-06 7.820834071026184e-06 7.429792276525404e-06 7.058302799123339e-06 6.705387477268232e-06 6.370118171616923e-06 6.051612217561342e-06 5.749031515733805e-06 5.461579803522909e-06 5.188500836084131e-06 4.929075657855719e-06 4.682621693063993e-06 4.448490471986588e-06 4.226065811963053e-06 4.014762453152798e-06 3.814024239545688e-06 3.623322982093669e-06 3.442156867095036e-06 3.270049091952387e-06 3.106546728304238e-06 2.951219357782975e-06 2.803658389893826e-06 2.663475470399135e-06 2.530301799197332e-06 2.403786766080884e-06 2.283597495988943e-06 2.169417712138966e-06 2.060946826532017e-06 1.957899485205417e-06 1.860004545051197e-06 1.767004278008244e-06 1.67865403000178e-06 1.594721311448666e-06 1.514985228823207e-06 1.43923591622297e-06 1.367274080621428e-06
 0 0 0 0 0 0 0 0 0 0 0 0 0 0 0 0 0 0 0 0 0 0 0 0 0 0 0 0 0 0 0 0 0 0 0 0 0 0 0 0 0 0 0 0 0 0 0 0 0 0 0 0 0 0 0 0 0 0 0 0 0 0 0 0 0 0 0 0 0 0 0 0 0 0 0 0 0 0 0 0 0 0 0 0 0 0 0 0 0 0 0 0 0 0 0 0 0 0 0 0 0 0 0 0 0 0 0 0 0 0 0 0 0 0 0 0 0 0 0 0 0 0 0 0 0 0 0 0 0 0 0 0 0 0 0 0 0 0 0 0 0 0 0 0 0 0 0 0 0 0 0 0 0 0 0 0 0 0 0 0 0 0 0 0 0 0 0 0 0 0 0 0 0 0 0 0 0 0 0 0 0 0 0 0 0 0 0 0 0 0 0 0 0 0 0 0 0 0 0 0 0 0 0 0 0 0 0 0 0 0 0 0 0 0 0 0 0 0 0 0 0 0 0 0 0 0 0 0 0 0 0 0 0 0 0 0 0 0 0 0 0 0 0 0 0 0 0 0 0 0 0 0 0 0 0 0 0 0 0 0 0 0 0 0 0 0 0 0 0 0 0 0 0 0 0 0 0 0 0 0 0 0 0 0 0 0 0 0 0 0 0 0 0 0 0 0 0 0 0 0 0 0 0 0 0 0 0 0 0 0 0 0 0 0 0 0 0 0 0 0 0 0 0 0 0 0 0 0 0 0 0 0 0 0 0 0 0 0 0 0 0 0 0 0 0 0 0 0 0 0 0 0 0 0 0 0 0 0 0 0 0 0 0 0 0 0 0 0 0 0 0 0 0 0 0 0 0 0 0 0 0 0 0 0 0 0 0 0 0 0 0 0 0 0 0 0 0 0 0 0 0 0 0 0 0 0 0 0 0 0 0 0 0 0 0 0 0 0 0 0 0 0 0 0 0 0 0 0 0 0 0 0 0 0 0 0 0 0 0 0 0 0 0 0 0 0 0 0 0 0 0 0 0 0 0 0 0 0 0 0 0 0 0 0 0 0 0 0 0 0 0 0 0 0 0 0 0 0 0 0 0 0 0 0 0 0 0 0 0 0 0 0 0 0 0 0 0 0 0 0 0 0 0 0 0 0 0 0 0 0 0 0 0 0 0 0 0 0 0 0 0 0 0 0 0 0 0 0 0 0 0 0 0 0 0 0 0 0 0 0 0 0 0 0 0 0 0 0 0 0 0 0 0 0 0 0 0 0 0 0 0 0 0 0 0 0 0 0 0 0 0 0 0 0 0 0 0 0 0 0 0 0 0 0 0 0 0 0 0 0 0 0 0 0 0 0 0 0 0 0
 0 0 0 0 0 0 0 0 0 0 0 0 0 0 0 0 0 0 0 0 0 0 0 0 0 0 0 0 0 0 0 0 0 0 0 0 0 0 0 0 0 0 0 0 0 0 0 0 0 0 0 0 0 0 0 0 0 0 0 0 0 0 0 0 0 0 0 0 0 0 0 0 0 0 0 0 0 0 0 0 0 0 0 0 0 0 0 0 0 0 0 0 0 0 0 0 0 0 0 0 0 0 0 0 0 0 0 0 0 0 0 0 0 0 0 0 0 0 0 0 0 0 0 0 0 0 0 0 0 0 0 0 0 0 0 0 0 0 0 0 0 0 0 0 0 0 0 0 0 0 0 0 0 0 0 0 0 0 0 0 0 0 0 0 0 0 0 0 0 0 0 0 0 0 0 0 0 0 0 0 0 0 0 0 0 0 0 0 0 0 0 0 0 0 0 0 0 0 0 0 0 0 0 0 0 0 0 0 0 0 0 0 0 0 0 0 0 0 0 0 0 0 0 0 0 0 0 0 0 0 0 0 0 0 0 0 0 0 0 0 0 0 0 0 0 0 0 0 0 0 0 0 0 0 0 0 0 0 0 0 0 0 0 0 0 0 0 0 0 0 0 0 0 0 0 0 0 0 0 0 0 0 0 0 0 0 0 0 0 0 0 0 0 0 0 0 0 0 0 0 0 0 0 0 0 0 0 0 0 0 0 0 0 0 0 0 0 0 0 0 0 0 0 0 0 0 0 0 0 0 0 0 0 0 0 0 0 0 0 0 0 0 0 0 0 0 0 0 0 0 0 0 0 0 0 0 0 0 0 0 0 0 0 0 0 0 0 0 0 0 0 0 0 0 0 0 0 0 0 0 0 0 0 0 0 0 0 0 0 0 0 0 0 0 0 0 0 0 0 0 0 0 0 0 0 0 0 0 0 0 0 0 0 0 0 0 0 0 0 0 0 0 0 0 0 0 0 0 0 0 0 0 0 0 0 0 0 0 0 0 0 0 0 0 0 0 0 0 0 0 0 0 0 0 0 0 0 0 0 0 0 0 0 0 0 0 0 0 0 0 0 0 0 0 0 0 0 0 0 0 0 0 0 0 0 0 0 0 0 0 0 0 0 0 0 0 0 0 0 0 0 0 0 0 0 0 0 0 0 0 0 0 0 0 0 0 0 0 0 0 0 0 0 0 0 0 0 0 0 0 0 0 0 0 0 0 0 0 0 0 0 0 0 0 0 0 0 0 0 0 0 0 0 0 0 0 0 0 0 0 0 0 0 0 0 0 0 0 0 0 0 0 0 0 0 0 0 0 0 0 0 0 0 0 0 0 0 0 0 0 0 0 0 0 0 0 0 0 0 0


# name: r_0_m16_G0_L0p3_D0p7
# type: matrix
# rows: 1
# columns: 14
 0 -16 0.2 0 0.3 0 -14.35366666666666 0 0 0.2113407548644291 0 144.8333333333333 2.041241452319315 0.7




