# Created by Octave 3.8.2, Mon Jun 19 11:40:34 2017 BST <co1ssj@node117>
# name: result
# type: scalar struct
# ndims: 2
 1 1
# length: 3
# name: params
# type: scalar struct
# ndims: 2
 1 1
# length: 18
# name: cleanup
# type: scalar
0


# name: num_runs
# type: scalar
6


# name: dopamine
# type: scalar
0.7


# name: targetCross
# type: scalar
1


# name: targetLuminance
# type: scalar
0.3


# name: targetWidthX
# type: scalar
6


# name: targetWidthY
# type: scalar
2


# name: fixCross
# type: scalar
1


# name: fixLuminance
# type: scalar
0.2


# name: fixWidthX
# type: scalar
6


# name: fixWidthY
# type: scalar
2


# name: fixOn
# type: scalar
0


# name: targetOff
# type: scalar
1


# name: targetOn
# type: scalar
0.2


# name: fixOff
# type: scalar
0.2


# name: targetThetaX
# type: scalar
0


# name: targetThetaY
# type: scalar
-14


# name: exptnum
# type: scalar
0




# name: r_0_m14_G0_L0p3_D0p7_llbn
# type: matrix
# rows: 24
# columns: 600
 0 0 0 0 0 0 0 0 0 0 0 0 0 0 0 0 0 0 0 0 0 0 0 0 0 0 0 0 0 0 0 0 0 0 0 0 0 0 0 0 0 0 0 0 0 0 0 0 0 0 0 0 0 0 0 0 0 0 0 0 0 0 0 0 0 0 0 0 0 0 0 0 0 0 0 0 0 0 0 0 0 0 0 0 0 0 0 0 0 0 0 0 0 0 0 0 0 0 0 0 0 0 0 0 0 0 0 0 0 0 0 0 0 0 0 0 0 0 0 0 0 0 0 0 0 0 0 0 0 0 0 0 0 0 0 0 0 0 0 0 0 0 0 0 0 0 0 0 0 0 0 0 0 0 0 0 0 0 0 0 0 0 0 0 0 0 0 0 0 0 0 0 0 0 0 0 0 0 0 0 0 0 0 0 0 0 0 0 0 0 0 0 0 0 0 0 0 0 0 0 0 0 0 0 0 0 0 0 0 0 0 0 0 0 0 0 0 0 0 0 0 0 0 0 0 0 0 0 0 0 0 0 0 0 0 0 0 0 0 0 0 0 0 0 0 0 0 0 0 0 0 0 0 0 0 0 0 0 0 0 0 0 0 0 0 0 0 0 0 0 0 0 0 0 0 0 0 0 0 0 0 0 0 0 0 0 0 0 0 0 0 0 0 0 0 0 0 0 0 0 0 0 0 0 0 0 0 0 0 0 0 0 0 0 0 0 0 0 0 0 0 0 0 0 0 0 0 0 0 0 0 0 0 0 0 0 0 0 0 0 0 0 0 0 0 0 0 0 0 0 0 0 0 0 0 0 0 0 0 0 0 0 0 0 0 0 0 0 0 0 0 0 0 0 0 0 0 0 0 0 0 0 0 0 0 0 0 0 0 0 0 0 0 0 0 0 0 0 0 0 0 0 0 0 0 0 0 0 0 0 0 0 0 0 0 0 0 0 0 0 0 0 0 0 0 0 0 0 0 0 0 0 0 0 0 0 0 0 0 0 0 0 0 0 0 0 0 0 0 0 0 0 0 0 0 0 0 0 0 0 0 0 0 0 0 0 0 0 0 0 0 0 0 0 0 0 0 0 0 0 0 0 0 0 0 0 0 0 0 0 0 0 0 0 0 0 0 0 0 0 0 0 0 0 0 0 0 0 0 0 0 0 0 0 0 0 0 0 0 0 0 0 0 0 0 0 0 0 0 0 0 0 0 0 0 0 0 0 0 0 0 0 0 0 0 0 0 0 0 0 0 0 0 0 0 0 0 0 0 0 0 0 0 0 0 0 0 0 0 0 0 0 0 0 0 0 0 0 0 0 0 0 0 0 0 0 0 0 0 0 0 0 0 0 0 0 0 0 0 0
 0 0 0 0 0 0 0 0 0 0 0 0 0 0 0 0 0 0 0 0 0 0 0 0 0 0 0 0 0 0 0 0 0 0 0 0 0 0 0 0 0 0 0 0 0 0 0 0 0 0 0 0 0 0 0 0 0 0 0 0 0 0 0 0 0 0 0 0 0 0 0 0 0 0 0 0 0 0 0 0 0 0 0 0 0 0 0 0 0 0 0 0 0 0 0 0 0 0 0 0 0 0 0 0 0 0 0 0 0 0 0 0 0 0 0 0 0 0 0 0 0 0 0 0 0 0 0 0 0 0 0 0 0 0 0 0 0 0 0 0 0 0 0 0 0 0 0 0 0 0 0 0 0 0 0 0 0 0 0 0 0 0 0 0 0 0 0 0 0 0 0 0 0 0 0 0 0 0 0 0 0 0 0 0 0 0 0 0 0 0 0 0 0 0 0 0 0 0 0 0 0 0 0 0 0 0 0 0 0 0 0 0 0 0 0 0 0 0 0 0 0 0 0 0 0 0 0 0 0 0 0 0 0 0 0 0 0 0 0 0 0 0 0 0 0 0 0 0 0 0 0 0 0 0 0 0 0 0 0 0 0 0 0 0 0 0 0 0 0 0 0 0 0 0 0 0 0 0 0 0 0 0 0 0 0 0 0 0 0 0 0 0 0 0 0 0 0 0 0 0 0 0 0 0 0 0 0 0 0 0 0 0 0.0008183185709640384 0.002529647666960955 0.005247804336249828 0.00910421647131443 0.01422269456088543 0.02076884172856808 0.02879830822348595 0.0383058562874794 0.04916434362530708 0.06137202680110931 0.07489978522062302 0.08970162272453308 0.1054066568613052 0.1220906600356102 0.1398807018995285 0.1584815084934235 0.1778780519962311 0.1982019245624542 0.2194175720214844 0.2413989901542664 0.2640620470046997 0.2873503267765045 0.3111294806003571 0.3354417681694031 0.3589726686477661 0.378476470708847 0.3916333615779877 0.3969759941101074 0.3933490514755249 0.3798681199550629 0.3608747124671936 0.3428309857845306 0.325689435005188 0.3094049692153931 0.2939347326755524 0.2792379856109619 0.2652760744094849 0.2520122826099396 0.2394116669893265 0.2274410873651505 0.2160690277814865 0.2052655816078186 0.1950023025274277 0.1852521896362305 0.1759895831346512 0.1671901047229767 0.1588305979967117 0.1508890688419342 0.1433446109294891 0.1361773759126663 0.1293685138225555 0.12290009111166 0.1167550832033157 0.110917329788208 0.1053714603185654 0.100102886557579 0.09509774297475815 0.09034285694360733 0.08582571148872375 0.08153442293405533 0.07745770364999771 0.07358481734991074 0.06990557909011841 0.06641030311584473 0.06308978796005249 0.05993529781699181 0.0569385327398777 0.05409160628914833 0.05138702690601349 0.04881767556071281 0.0463767908513546 0.04405795037746429 0.04185505211353302 0.03976229950785637 0.03777418285608292 0.03588547557592392 0.03409120067954063 0.03238664194941521 0.03076731041073799 0.02922894433140755 0.02776749804615974 0.02637912333011627 0.02506016753613949 0.02380715869367123 0.02261679992079735 0.021485960111022 0.0204116627573967 0.01939108036458492 0.01842152699828148 0.01750045083463192 0.0166254285722971 0.01579415798187256 0.01500445045530796 0.01425422821193933 0.0135415168479085 0.01286444067955017 0.01222121901810169 0.01161015778779984 0.01102964952588081 0.01047816686332226 0.009954258799552917 0.009456546045839787 0.008983719162642956 0.008534532971680164 0.0081078065559268 0.007702416274696589 0.007317295297980309 0.006951430346816778 0.006603858899325132 0.006273665931075811 0.005959982518106699 0.005661983508616686 0.005378884263336658 0.005109940189868212 0.004854443017393351 0.00461172079667449 0.004381134640425444 0.00416207779198885 0.003953973762691021 0.003756275167688727 0.003568461397662759 0.003390038385987282 0.003220536513254046 0.003059509675949812 0.002906534122303128 0.002761207520961761 0.002623147098347545 0.002491989638656378 0.002367390086874366 0.002249020617455244 0.00213656947016716 0.002029740950092673 0.001928253914229572 0.001831841189414263 0.001740249106660485 0.001653236686252058 0.001570574822835624 0.001492046052590013 0.00141744373831898 0.001346571603789926 0.001279243035241961 0.001215280848555267 0.001154516823589802 0.001096791005693376 0.001041951472871006 0.0009898538701236248 0.0009403611766174436 0.0008933431236073375 0.0008486759616062045 0.0008062421693466604 0.0007659300463274121 0.0007276335381902754 0.0006912518874742091 0.0006566892843693495 0.0006238548085093498 0.0005926620797254145 0.0005630289670079947 0.0005348775302991271 0.000508133671246469 0.0004827269876841456 0.0004585906281135976 0.0004356610879767686 0.0004138780350331217 0.0003931841347366571 0.0003735249338205904 0.0003548486856743693 0.0003371062630321831 0.0003202509542461485 0.0003042384050786495 0.0002890264731831849 0.0002745751407928765 0.0002608463983051479 0.0002478040696587414 0.0002354138705413789 0.0002236431755591184 0.000212461018236354 0.0002018379746004939 0.0001917460758704692 0.0001821587793529034 0.0001730508374748752 0.0001643982977839187 0.0001561783865327016 0.0001483694650232792 0.0001409509859513491 0.0001339034351985902 0.0001272082590730861 0.0001208478497574106 0.0001148054579971358 0.0001090651858248748 0.0001036119283526205 9.843133011600003e-05 9.350976324640214e-05 8.883427653927356e-05 8.439256635028869e-05 8.017294021556154e-05 7.616429502377287e-05 7.23560806363821e-05 6.873827805975452e-05 6.530136306537315e-05 6.203629163792357e-05 5.893447814742103e-05 5.598775533144362e-05 5.318836701917462e-05 5.052894994150847e-05 4.800250098924153e-05 4.560237721307203e-05 4.332225944381207e-05 4.115614501642995e-05 3.909833685611375e-05 3.714342165039852e-05 3.528625165927224e-05 3.352193743921816e-05 3.184584056725726e-05 3.025354817509651e-05 2.874087113013957e-05 2.730382766458206e-05 2.593863609945402e-05 2.464170393068343e-05 2.340961873414926e-05 2.223913725174498e-05 2.112717993441038e-05 2.007082002819516e-05 1.90672799362801e-05 1.811391666706186e-05 1.720822001516353e-05 1.634780892345589e-05 1.55304187501315e-05 1.475389763072599e-05 1.401620284013916e-05 1.331539260718273e-05 1.264962338609621e-05 1.201714258058928e-05 1.14162858153577e-05 1.084547147911508e-05 1.030319799610879e-05 9.788038369151764e-06 9.298636541643646e-06 8.833704669086728e-06 8.392019481107127e-06 7.972418643475976e-06 7.573797574877972e-06 7.195107627921971e-06 6.83535245116218e-06 6.493584805866703e-06 6.168905656522838e-06 5.860460532858269e-06 5.567437710851664e-06 5.289065938995918e-06 5.024612619308755e-06 4.773381988343317e-06 4.534712843451416e-06 4.307977178541478e-06 4.092578365089139e-06 3.887949333147844e-06 3.69355188922782e-06 3.508874215185642e-06 3.33343041347689e-06 3.166758915540413e-06 3.008420890182606e-06 2.857999788830057e-06 2.715099753913819e-06 2.579344709374709e-06 2.450377451168606e-06 2.327858510398073e-06 2.211465471191332e-06 2.100892288581235e-06 1.995847696889541e-06 1.896055323413748e-06 1.801252551558719e-06 1.711189952402492e-06 1.625630488888419e-06 1.544348947390972e-06 1.467131482968398e-06 1.393774937241687e-06 1.324086156273552e-06 1.257881876881584e-06 1.194987817143556e-06 1.135238449023745e-06 1.078476543625584e-06 1.024552716444305e-06 9.733250863064313e-07 9.24658820622426e-07 8.784259080130141e-07 8.345045898749959e-07 7.927793603812461e-07 7.531403980465257e-07 7.15483395197225e-07 6.79709216910851e-07
 0 0 0 0 0 0 0 0 0 0 0 0 0 0 0 0 0 0 0 0 0 0 0 0 0 0 0 0 0 0 0 0 0 0 0 0 0 0 0 0 0 0 0 0 0 0 0 0 0 0 0 0 0 0 0 0 0 0 0 0 0 0 0 0 0 0 0 0 0 0 0 0 0 0 0 0 0 0 0 0 0 0 0 0 0 0 0 0 0 0 0 0 0 0 0 0 0 0 0 0 0 0 0 0 0 0 0 0 0 0 0 0 0 0 0 0 0 0 0 0 0 0 0 0 0 0 0 0 0 0 0 0 0 0 0 0 0 0 0 0 0 0 0 0 0 0 0 0 0 0 0 0 0 0 0 0 0 0 0 0 0 0 0 0 0 0 0 0 0 0 0 0 0 0 0 0 0 0 0 0 0 0 0 0 0 0 0 0 0 0 0 0 0 0 0 0 0 0 0 0 0 0 0 0 0 0 0 0 0 0 0 0 0 0 0 0 0 0 0 0 0 0 0 0 0 0 0 0 0 0 0 0 0 0 0 0 0 0 0 0 0 0 0 0 0 0 0 0 0 0 0 0 0 0 0 0 0 0 0 0 0 0 0 0 0 0 0 0 0 0 0 0 0 0 0 0 0 0 0 0 0 0 0 0 0 0 0 0 0 0 0 0 0 0 0 0 0 0 0 0 0 0 0 0 0 0 0 0 0 0 0 0 0 0 0 0 0 0 0 0 0 0 0 0 0 0 0 0 0 0 0 0 0 0 0 0 0 0 0 0 0 0 0 0 0 0 0 0 0 0 0 0 0 0 0 0 0 0 0 0 0 0 0 0 0 0 0 0 0 0 0 0 0 0 0 0 0 0 0 0 0 0 0 0 0 0 0 0 0 0 0 0 0 0 0 0 0 0 0 0 0 0 0 0 0 0 0 0 0 0 0 0 0 0 0 0 0 0 0 0 0 0 0 0 0 0 0 0 0 0 0 0 0 0 0 0 0 0 0 0 0 0 0 0 0 0 0 0 0 0 0 0 0 0 0 0 0 0 0 0 0 0 0 0 0 0 0 0 0 0 0 0 0 0 0 0 0 0 0 0 0 0 0 0 0 0 0 0 0 0 0 0 0 0 0 0 0 0 0 0 0 0 0 0 0 0 0 0 0 0 0 0 0 0 0 0 0 0 0 0 0 0 0 0 0 0 0 0 0 0 0 0 0 0 0 0 0 0 0 0 0 0 0 0 0 0 0 0 0 0 0 0 0 0 0 0 0 0 0 0 0 0 0 0 0 0 0 0 0 0 0 0 0 0 0 0 0 0 0 0 0 0 0 0 0 0 0 0 0 0 0 0 0 0 0 0 0 0 0 0
 0 0 0 0 0 0 0 0 0 0 0 0 0 0 0 0 0 0 0 0 0 0 0 0 0 0 0 0 0 0 0 0 0 0 0 0 0 0 0 0 0 0 0 0 0 0 0 0 0 0 0 0 0 0 0 0 0 0 0 0 0 0 0 0 0 0 0 0 0 0 0 0 0 0 0 0 0 0 0 0 0 0 0 0 0 0 0 0 0 0 0 0 0 0 0 0 0 0 0 0 0 0 0 0 0 0 0 0 0 0 0 0 0 0 0 0 0 0 0 0 0 0 0 0 0 0 0 0 0 0 0 0 0 0 0 0 0 0 0 0 0 0 0 0 0 0 0 0 0 0 0 0 0 0 0 0 0 0 0 0 0 0 0 0 0 0 0 0 0 0 0 0 0 0 0 0 0 0 0 0 0 0 0 0 0 0 0 0 0 0 0 0 0 0 0 0 0 0 0 0 0 0 0 0 0 0 0 0 0 0 0 0 0 0 0 0 0 0 0 0 0 0 0 0 0 0 0 0 0 0 0 0 0 0 0 0 0 0 0 0 0 0 0 0 0 0 0 0 0 0 0 0 0 0 0 0 0 0 0 0 0 0 0 0 0 0 0 0 0 0 0 0 0 0 0 0 0 0 0 0 0 0 0 0 0 0 0 0 0 0 0 0 0 0 0 0 0 0 0 0 0 0 0 0 0 0 0 0 0 0 0 0 0 0 0 0 0 0 0 0 0 0 0 0 0 0 0 0 0 0 0 0 0 0 0 0 0 0 0 0 0 0 0 0 0 0 0 0 0 0 0 0 0 0 0 0 0 0 0 0 0 0 0 0 0 0 0 0 0 0 0 0 0 0 0 0 0 0 0 0 0 0 0 0 0 0 0 0 0 0 0 0 0 0 0 0 0 0 0 0 0 0 0 0 0 0 0 0 0 0 0 0 0 0 0 0 0 0 0 0 0 0 0 0 0 0 0 0 0 0 0 0 0 0 0 0 0 0 0 0 0 0 0 0 0 0 0 0 0 0 0 0 0 0 0 0 0 0 0 0 0 0 0 0 0 0 0 0 0 0 0 0 0 0 0 0 0 0 0 0 0 0 0 0 0 0 0 0 0 0 0 0 0 0 0 0 0 0 0 0 0 0 0 0 0 0 0 0 0 0 0 0 0 0 0 0 0 0 0 0 0 0 0 0 0 0 0 0 0 0 0 0 0 0 0 0 0 0 0 0 0 0 0 0 0 0 0 0 0 0 0 0 0 0 0 0 0 0 0 0 0 0 0 0 0 0 0 0 0 0 0 0 0 0 0 0 0 0 0 0 0 0 0 0 0 0 0 0 0 0 0 0 0 0 0 0 0 0 0 0
 0 0 0 0 0 0 0 0 0 0 0 0 0 0 0 0 0 0 0 0 0 0 0 0 0 0 0 0 0 0 0 0 0 0 0 0 0 0 0 0 0 0 0 0 0 0 0 0 0 0 0 0 0 0 0 0 0 0 0 0 0 0 0 0 0 0 0 0 0 0 0 0 0 0 0 0 0 0 0 0 0 0 0 0 0 0 0 0 0 0 0 0 0 0 0 0 0 0 0 0 0 0 0 0 0 0 0 0 0 0 0 0 0 0 0 0 0 0 0 0 0 0 0 0 0 0 0 0 0 0 0 0 0 0 0 0 0 0 0 0 0 0 0 0 0 0 0 0 0 0 0 0 0 0 0 0 0 0 0 0 0 0 0 0 0 0 0 0 0 0 0 0 0 0 0 0 0 0 0 0 0 0 0 0 0 0 0 0 0 0 0 0 0 0 0 0 0 0 0 0 0 0 0 0 0 0 0 0 0 0 0 0 0 0 0 0 0 0 0 0 0 0 0 0 0 0 0 0 0 0 0 0 0 0 0 0 0 0 0 0 0 0 0 0 0 0 0 0 0 0 0 0 0 0 0 0 0 0 0 0 0 0 0 0 0 0 0 0 0 0 0 0 0 0 0 0 0 0 0 0 0 0 0 0 0 0 0 0 0 0 0 0 0 0 0 0 0 0 0 0 0 0 0 0 0 0 0 0 0 0 0 0 0 0 0 0 0 0 0 0 0 0 0 0 0 0 0 0 0 0 0 0 0 0 0 0 0 0 0 0 0 0 0 0 0 0 0 0 0 0 0 0 0 0 0 0 0 0 0 0 0 0 0 0 0 0 0 0 0 0 0 0 0 0 0 0 0 0 0 0 0 0 0 0 0 0 0 0 0 0 0 0 0 0 0 0 0 0 0 0 0 0 0 0 0 0 0 0 0 0 0 0 0 0 0 0 0 0 0 0 0 0 0 0 0 0 0 0 0 0 0 0 0 0 0 0 0 0 0 0 0 0 0 0 0 0 0 0 0 0 0 0 0 0 0 0 0 0 0 0 0 0 0 0 0 0 0 0 0 0 0 0 0 0 0 0 0 0 0 0 0 0 0 0 0 0 0 0 0 0 0 0 0 0 0 0 0 0 0 0 0 0 0 0 0 0 0 0 0 0 0 0 0 0 0 0 0 0 0 0 0 0 0 0 0 0 0 0 0 0 0 0 0 0 0 0 0 0 0 0 0 0 0 0 0 0 0 0 0 0 0 0 0 0 0 0 0 0 0 0 0 0 0 0 0 0 0 0 0 0 0 0 0 0 0 0 0 0 0 0 0 0 0 0 0 0 0 0 0 0 0 0 0 0 0 0 0 0 0 0
 0 0 0 0 0 0 0 0 0 0 0 0 0 0 0 0 0 0 0 0 0 0 0 0 0 0 0 0 0 0 0 0 0 0 0 0 0 0 0 0 0 0 0 0 0 0 0 0 0 0 0 0 0 0 0 0 0 0 0 0 0 0 0 0 0 0 0 0 0 0 0 0 0 0 0 0 0 0 0 0 0 0 0 0 0 0 0 0 0 0 0 0 0 0 0 0 0 0 0 0 0 0 0 0 0 0 0 0 0 0 0 0 0 0 0 0 0 0 0 0 0 0 0 0 0 0 0 0 0 0 0 0 0 0 0 0 0 0 0 0 0 0 0 0 0 0 0 0 0 0 0 0 0 0 0 0 0 0 0 0 0 0 0 0 0 0 0 0 0 0 0 0 0 0 0 0 0 0 0 0 0 0 0 0 0 0 0 0 0 0 0 0 0 0 0 0 0 0 0 0 0 0 0 0 0 0 0 0 0 0 0 0 0 0 0 0 0 0 0 0 0 0 0 0 0 0 0 0 0 0 0 0 0 0 0 0 0 0 0 0 0 0 0 0 0 0 0 0 0 0 0 0 0 0 0 0 0 0 0 0 0 0 0 0 0 0 0 0 0 0 0 0 0 0 0 0 0 0 0 0 0 0 0 0 0 0 0 0 0 0 0 0 0 0 0 0 0 0 0 0 0 0 0 0 0 0 0 0 0 0 0 0 0 0 0 0 0 0.0003936994471587241 0.001601556316018105 0.003732652170583606 0.006920687854290009 0.01131981238722801 0.01704949513077736 0.02422753162682056 0.03293533623218536 0.04305310547351837 0.05450018867850304 0.06729504466056824 0.08143772929906845 0.09667350351810455 0.1128502190113068 0.1300773173570633 0.1483655273914337 0.1676059067249298 0.1877416223287582 0.2087883949279785 0.230574905872345 0.2530542612075806 0.2761483192443848 0.2998947501182556 0.32431960105896 0.3492103219032288 0.3716224730014801 0.3887982964515686 0.3988361656665802 0.4003249108791351 0.3924501538276672 0.3745018541812897 0.3557767570018768 0.3379879295825958 0.3210885226726532 0.3050341010093689 0.2897824048995972 0.2752932906150818 0.2615286111831665 0.2484521865844727 0.2360295802354813 0.224228098988533 0.2130166888237 0.2023658603429794 0.1922475695610046 0.1826351881027222 0.1735034286975861 0.1648282557725906 0.1565868407487869 0.1487575024366379 0.1413196325302124 0.1342536509037018 0.1275409758090973 0.1211639270186424 0.1151057332754135 0.1093504428863525 0.1038829237222672 0.09868878126144409 0.09375434368848801 0.08906662464141846 0.08461329340934753 0.08038263022899628 0.07636349648237228 0.07254531979560852 0.06891805678606033 0.06547215580940247 0.06219854950904846 0.05908862128853798 0.0561341904103756 0.05332748219370842 0.0506611093878746 0.04812805354595184 0.04572165012359619 0.04343556612730026 0.04126378893852234 0.03920060023665428 0.03724056854844093 0.03537854179739952 0.03360961377620697 0.0319291315972805 0.03033267520368099 0.02881604060530663 0.02737523801624775 0.02600647695362568 0.02470615319907665 0.02347084507346153 0.02229730226099491 0.02118243649601936 0.02012331411242485 0.01911714859306812 0.01816129125654697 0.01725322753190994 0.01639056578278542 0.01557103730738163 0.01479248516261578 0.0140528604388237 0.01335021760314703 0.01268270704895258 0.01204857137054205 0.0114461425691843 0.01087383553385735 0.01033014338463545 0.009813636541366577 0.009322954341769218 0.00885680690407753 0.008413966745138168 0.00799326878041029 0.007593605201691389 0.007213925011456013 0.006853228900581598 0.006510567385703325 0.006185038946568966 0.005875786766409874 0.005581997334957123 0.005302897654473782 0.005037752911448479 0.00478586507961154 0.004546571988612413 0.004319243598729372 0.004103281535208225 0.003898117458447814 0.003703211667016149 0.003518051002174616 0.003342148382216692 0.003175040939822793 0.003016288857907057 0.002865474438294768 0.002722200704738498 0.002586090704426169 0.0024567861109972 0.002333946758881211 0.002217249479144812 0.002106386935338378 0.002001067623496056 0.001901014242321253 0.001805963576771319 0.001715665450319648 0.001629882142879069 0.001548388041555882 0.001470968592911959 0.001397420186549425 0.001327549223788083 0.001261171768419445 0.001198113197460771 0.001138207502663136 0.001081297174096107 0.001027232268825173 0.0009758706437423825 0.0009270771406590939 0.0008807232952676713 0.0008366871043108404 0.0007948527345433831 0.0007551101152785122 0.0007173545891419053 0.000681486853864044 0.0006474124966189265 0.0006150418776087463 0.0005842897808179259 0.0005550752975977957 0.000527321535628289 0.0005009554442949593 0.0004759076691698283 0.0004521122900769114 0.0004295066755730659 0.000408031337428838 0.0003876297851093113 0.0003682482929434627 0.000349835871020332 0.0003323440905660391 0.000315726880216971 0.0002999405260197818 0.0002849434968084097 0.0002706963277887553 0.0002571615041233599 0.000244303431827575 0.0002320882631465793 0.0002204838528996333 0.0002094596566166729 0.0001989866723306477 0.0001890373387141153 0.0001795854768715799 0.0001706062030280009 0.0001620758994249627 0.0001539720979053527 0.0001462734944652766 0.0001389598182868212 0.0001320118317380548 0.0001254112430615351 0.0001191406772704795 0.0001131836470449343 0.0001075244654202834 0.000102148245787248 9.704083640826866e-05 9.21887913136743e-05 8.757934847380966e-05 8.320037886733189e-05 7.904035737738013e-05 7.508834096370265e-05 7.133392500691116e-05 6.77672287565656e-05 6.437886622734368e-05 6.115992437116802e-05 5.810192669741809e-05 5.519682963495143e-05 5.243698979029432e-05 4.981514211976901e-05 4.732438537757844e-05 4.495816756389104e-05 4.271026045898907e-05 4.05747487093322e-05 3.854601163766347e-05 3.661871232907288e-05 3.478777580312453e-05 3.304838537587784e-05 3.139596446999349e-05 2.982616570079699e-05 2.83348581433529e-05 2.691811459953897e-05 2.557220796006732e-05 2.429359665256925e-05 2.307891736563761e-05 2.192497231590096e-05 2.082872379105538e-05 1.978728687390685e-05 1.879792216641363e-05 1.785802669473924e-05 1.696512481430545e-05 1.61168682097923e-05 1.531102498120163e-05 1.45454741868889e-05 1.381820038659498e-05 1.312729000346735e-05 1.247092586709186e-05 1.184737993753515e-05 1.125501057686051e-05 1.069225982064381e-05 1.015764701151056e-05 9.649764251662418e-06 9.167276402877178e-06 8.708912901056465e-06 8.273466846731026e-06 7.859793186071329e-06 7.466803708666703e-06 7.09346340954653e-06 6.738790034432895e-06 6.401850441761781e-06 6.081757874198956e-06 5.777670139650581e-06 5.488786428031744e-06 5.214347311266465e-06 4.953629741066834e-06 4.705948413175065e-06 4.470651219889987e-06 4.247118795319693e-06 4.034762696392136e-06 3.833024493360426e-06 3.641373268692405e-06 3.459304707575939e-06 3.286339506303193e-06 3.122022462775931e-06 2.965921339637134e-06 2.817625272655278e-06 2.6767440886033e-06 2.542906941016554e-06 2.415761628071778e-06 2.294973455718718e-06 2.180224782932783e-06 2.071213657472981e-06 1.967652906387229e-06 1.869270249699184e-06 1.775806708792516e-06 1.687016379037232e-06 1.602665520294977e-06 1.522532215858519e-06 1.446405576643883e-06 1.374085286443005e-06 1.305381033489539e-06 1.240111942024669e-06 1.178106344923435e-06 1.11920098788687e-06 1.063240915755159e-06 1.010078904073453e-06 9.59575004344515e-07 9.115962598116312e-07
 0 0 0 0 0 0 0 0 0 0 0 0 0 0 0 0 0 0 0 0 0 0 0 0 0 0 0 0 0 0 0 0 0 0 0 0 0 0 0 0 0 0 0 0 0 0 0 0 0 0 0 0 0 0 0 0 0 0 0 0 0 0 0 0 0 0 0 0 0 0 0 0 0 0 0 0 0 0 0 0 0 0 0 0 0 0 0 0 0 0 0 0 0 0 0 0 0 0 0 0 0 0 0 0 0 0 0 0 0 0 0 0 0 0 0 0 0 0 0 0 0 0 0 0 0 0 0 0 0 0 0 0 0 0 0 0 0 0 0 0 0 0 0 0 0 0 0 0 0 0 0 0 0 0 0 0 0 0 0 0 0 0 0 0 0 0 0 0 0 0 0 0 0 0 0 0 0 0 0 0 0 0 0 0 0 0 0 0 0 0 0 0 0 0 0 0 0 0 0 0 0 0 0 0 0 0 0 0 0 0 0 0 0 0 0 0 0 0 0 0 0 0 0 0 0 0 0 0 0 0 0 0 0 0 0 0 0 0 0 0 0 0 0 0 0 0 0 0 0 0 0 0 0 0 0 0 0 0 0 0 0 0 0 0 0 0 0 0 0 0 0 0 0 0 0 0 0 0 0 0 0 0 0 0 0 0 0 0 0 0 0 0 0 0 0 0 0 0 0 0 0 0 0 0 0 0 0 0 0 0 0 0 0 0 0 0 0 0 0 0 0 0 0 0 0 0 0 0 0 0 0 0 0 0 0 0 0 0 0 0 0 0 0 0 0 0 0 0 0 0 0 0 0 0 0 0 0 0 0 0 0 0 0 0 0 0 0 0 0 0 0 0 0 0 0 0 0 0 0 0 0 0 0 0 0 0 0 0 0 0 0 0 0 0 0 0 0 0 0 0 0 0 0 0 0 0 0 0 0 0 0 0 0 0 0 0 0 0 0 0 0 0 0 0 0 0 0 0 0 0 0 0 0 0 0 0 0 0 0 0 0 0 0 0 0 0 0 0 0 0 0 0 0 0 0 0 0 0 0 0 0 0 0 0 0 0 0 0 0 0 0 0 0 0 0 0 0 0 0 0 0 0 0 0 0 0 0 0 0 0 0 0 0 0 0 0 0 0 0 0 0 0 0 0 0 0 0 0 0 0 0 0 0 0 0 0 0 0 0 0 0 0 0 0 0 0 0 0 0 0 0 0 0 0 0 0 0 0 0 0 0 0 0 0 0 0 0 0 0 0 0 0 0 0 0 0 0 0 0 0 0 0 0 0 0 0 0 0 0 0 0 0 0 0 0 0 0 0 0 0 0 0 0 0 0 0 0 0 0 0 0 0 0 0 0 0 0 0 0 0
 0 0 0 0 0 0 0 0 0 0 0 0 0 0 0 0 0 0 0 0 0 0 0 0 0 0 0 0 0 0 0 0 0 0 0 0 0 0 0 0 0 0 0 0 0 0 0 0 0 0 0 0 0 0 0 0 0 0 0 0 0 0 0 0 0 0 0 0 0 0 0 0 0 0 0 0 0 0 0 0 0 0 0 0 0 0 0 0 0 0 0 0 0 0 0 0 0 0 0 0 0 0 0 0 0 0 0 0 0 0 0 0 0 0 0 0 0 0 0 0 0 0 0 0 0 0 0 0 0 0 0 0 0 0 0 0 0 0 0 0 0 0 0 0 0 0 0 0 0 0 0 0 0 0 0 0 0 0 0 0 0 0 0 0 0 0 0 0 0 0 0 0 0 0 0 0 0 0 0 0 0 0 0 0 0 0 0 0 0 0 0 0 0 0 0 0 0 0 0 0 0 0 0 0 0 0 0 0 0 0 0 0 0 0 0 0 0 0 0 0 0 0 0 0 0 0 0 0 0 0 0 0 0 0 0 0 0 0 0 0 0 0 0 0 0 0 0 0 0 0 0 0 0 0 0 0 0 0 0 0 0 0 0 0 0 0 0 0 0 0 0 0 0 0 0 0 0 0 0 0 0 0 0 0 0 0 0 0 0 0 0 0 0 0 0 0 0 0 0 0 0 0 0 0 0 0 0 0 0 0 0 0 0 0 0 0 0 0 0 0 0 0 0 0 0 0 0 0 0 0 0 0 0 0 0 0 0 0 0 0 0 0 0 0 0 0 0 0 0 0 0 0 0 0 0 0 0 0 0 0 0 0 0 0 0 0 0 0 0 0 0 0 0 0 0 0 0 0 0 0 0 0 0 0 0 0 0 0 0 0 0 0 0 0 0 0 0 0 0 0 0 0 0 0 0 0 0 0 0 0 0 0 0 0 0 0 0 0 0 0 0 0 0 0 0 0 0 0 0 0 0 0 0 0 0 0 0 0 0 0 0 0 0 0 0 0 0 0 0 0 0 0 0 0 0 0 0 0 0 0 0 0 0 0 0 0 0 0 0 0 0 0 0 0 0 0 0 0 0 0 0 0 0 0 0 0 0 0 0 0 0 0 0 0 0 0 0 0 0 0 0 0 0 0 0 0 0 0 0 0 0 0 0 0 0 0 0 0 0 0 0 0 0 0 0 0 0 0 0 0 0 0 0 0 0 0 0 0 0 0 0 0 0 0 0 0 0 0 0 0 0 0 0 0 0 0 0 0 0 0 0 0 0 0 0 0 0 0 0 0 0 0 0 0 0 0 0 0 0 0 0 0 0 0 0 0 0 0 0 0 0 0 0 0 0 0 0 0 0 0
 0 0 0 0 0 0 0 0 0 0 0 0 0 0 0 0 0 0 0 0 0 0 0 0 0 0 0 0 0 0 0 0 0 0 0 0 0 0 0 0 0 0 0 0 0 0 0 0 0 0 0 0 0 0 0 0 0 0 0 0 0 0 0 0 0 0 0 0 0 0 0 0 0 0 0 0 0 0 0 0 0 0 0 0 0 0 0 0 0 0 0 0 0 0 0 0 0 0 0 0 0 0 0 0 0 0 0 0 0 0 0 0 0 0 0 0 0 0 0 0 0 0 0 0 0 0 0 0 0 0 0 0 0 0 0 0 0 0 0 0 0 0 0 0 0 0 0 0 0 0 0 0 0 0 0 0 0 0 0 0 0 0 0 0 0 0 0 0 0 0 0 0 0 0 0 0 0 0 0 0 0 0 0 0 0 0 0 0 0 0 0 0 0 0 0 0 0 0 0 0 0 0 0 0 0 0 0 0 0 0 0 0 0 0 0 0 0 0 0 0 0 0 0 0 0 0 0 0 0 0 0 0 0 0 0 0 0 0 0 0 0 0 0 0 0 0 0 0 0 0 0 0 0 0 0 0 0 0 0 0 0 0 0 0 0 0 0 0 0 0 0 0 0 0 0 0 0 0 0 0 0 0 0 0 0 0 0 0 0 0 0 0 0 0 0 0 0 0 0 0 0 0 0 0 0 0 0 0 0 0 0 0 0 0 0 0 0 0 0 0 0 0 0 0 0 0 0 0 0 0 0 0 0 0 0 0 0 0 0 0 0 0 0 0 0 0 0 0 0 0 0 0 0 0 0 0 0 0 0 0 0 0 0 0 0 0 0 0 0 0 0 0 0 0 0 0 0 0 0 0 0 0 0 0 0 0 0 0 0 0 0 0 0 0 0 0 0 0 0 0 0 0 0 0 0 0 0 0 0 0 0 0 0 0 0 0 0 0 0 0 0 0 0 0 0 0 0 0 0 0 0 0 0 0 0 0 0 0 0 0 0 0 0 0 0 0 0 0 0 0 0 0 0 0 0 0 0 0 0 0 0 0 0 0 0 0 0 0 0 0 0 0 0 0 0 0 0 0 0 0 0 0 0 0 0 0 0 0 0 0 0 0 0 0 0 0 0 0 0 0 0 0 0 0 0 0 0 0 0 0 0 0 0 0 0 0 0 0 0 0 0 0 0 0 0 0 0 0 0 0 0 0 0 0 0 0 0 0 0 0 0 0 0 0 0 0 0 0 0 0 0 0 0 0 0 0 0 0 0 0 0 0 0 0 0 0 0 0 0 0 0 0 0 0 0 0 0 0 0 0 0 0 0 0 0 0 0 0 0 0 0 0 0 0 0 0 0 0 0 0
 0 0 0 0 0 0 0 0 0 0 0 0 0 0 0 0 0 0 0 0 0 0 0 0 0 0 0 0 0 0 0 0 0 0 0 0 0 0 0 0 0 0 0 0 0 0 0 0 0 0 0 0 0 0 0 0 0 0 0 0 0 0 0 0 0 0 0 0 0 0 0 0 0 0 0 0 0 0 0 0 0 0 0 0 0 0 0 0 0 0 0 0 0 0 0 0 0 0 0 0 0 0 0 0 0 0 0 0 0 0 0 0 0 0 0 0 0 0 0 0 0 0 0 0 0 0 0 0 0 0 0 0 0 0 0 0 0 0 0 0 0 0 0 0 0 0 0 0 0 0 0 0 0 0 0 0 0 0 0 0 0 0 0 0 0 0 0 0 0 0 0 0 0 0 0 0 0 0 0 0 0 0 0 0 0 0 0 0 0 0 0 0 0 0 0 0 0 0 0 0 0 0 0 0 0 0 0 0 0 0 0 0 0 0 0 0 0 0 0 0 0 0 0 0 0 0 0 0 0 0 0 0 0 0 0 0 0 0 0 0 0 0 0 0 0 0 0 0 0 0 0 0 0 0 0 0 0 0 0 0 0 0 0 0 0 0 0 0 0 0 0 0 0 0 0 0 0 0 0 0 0 0 0 0 0 0 0 0 0 0 0 0 0 0 0 0 0 0 0 0 0 0 0 0 0 0 0 0 0 0 0 0 0 0 0 0 0 0 0.0004522347589954734 0.001744839246384799 0.004011508077383041 0.007393690757453442 0.01200696639716625 0.0178779773414135 0.02510974369943142 0.0338517539203167 0.0440189391374588 0.05556057393550873 0.06838252395391464 0.08243072032928467 0.09765945374965668 0.1139662265777588 0.1312267333269119 0.1495122462511063 0.1687626838684082 0.1889581382274628 0.2099928706884384 0.2317051589488983 0.2540415823459625 0.2769498229026794 0.3005280494689941 0.3247875273227692 0.3496023118495941 0.371670126914978 0.3884555995464325 0.3982090950012207 0.3995324671268463 0.3913504481315613 0.3730624616146088 0.3544093370437622 0.3366888761520386 0.3198544383049011 0.3038617074489594 0.2886686325073242 0.2742351889610291 0.2605234384536743 0.2474972605705261 0.2351223975419998 0.2233662754297256 0.2121979594230652 0.2015880644321442 0.1915086656808853 0.1819332391023636 0.172836571931839 0.1641947478055954 0.1559850126504898 0.1481857597827911 0.1407764703035355 0.1337376534938812 0.1270507723093033 0.1206982359290123 0.1146633252501488 0.1089301556348801 0.103483647108078 0.0983094647526741 0.09339398890733719 0.0887242928147316 0.08428807556629181 0.08007366955280304 0.07606998831033707 0.07226648926734924 0.0686531662940979 0.06522050499916077 0.06195947900414467 0.05886150524020195 0.05591842904686928 0.05312250927090645 0.0504663847386837 0.04794306680560112 0.04554591327905655 0.04326861724257469 0.04110518470406532 0.03904992714524269 0.03709743171930313 0.03524256125092506 0.03348043188452721 0.03180640935897827 0.03021608851850033 0.02870528399944305 0.02727001905441284 0.0259065181016922 0.02461119182407856 0.02338063158094883 0.02221160009503365 0.02110102027654648 0.02004596963524818 0.01904367096722126 0.01809148676693439 0.01718691177666187 0.01632756553590298 0.01551118679344654 0.0147356279194355 0.01399884652346373 0.01329890452325344 0.01263395883142948 0.01200226135551929 0.01140214875340462 0.0108320415019989 0.01029043924063444 0.009775917045772076 0.009287120774388313 0.008822765201330185 0.008381626568734646 0.0079625453799963 0.007564418017864227 0.007186197210103273 0.006826887372881174 0.006485543213784695 0.006161266006529331 0.005853202659636736 0.005560542456805706 0.005282515194267035 0.005018389318138361 0.004767470061779022 0.004529096651822329 0.004302641842514277 0.004087509587407112 0.003883134108036757 0.003688977332785726 0.003504528431221843 0.00332930195145309 0.003162836888805032 0.003004695056006312 0.002854460384696722 0.002711737295612693 0.002576150465756655 0.002447342965751886 0.002324975794181228 0.002208726946264505 0.002098290715366602 0.001993376296013594 0.001893707434646785 0.001799022080376744 0.001709070987999439 0.001623617485165596 0.001542436657473445 0.001465314766392112 0.001392049016430974 0.001322446623817086 0.001256324350833893 0.001193508156575263 0.001133832731284201 0.001077141147106886 0.001023284043185413 0.0009721198584884405 0.0009235138422809541 0.0008773381705395877 0.0008334712474606931 0.0007917977054603398 0.0007522078230977058 0.0007145974086597562 0.0006788675673305988 0.0006449241773225367 0.0006126779480837286 0.0005820440710522234 0.0005529418704099953 0.000525294803082943 0.0004990300512872636 0.0004740785516332835 0.0004503746167756617 0.0004278558772057295 0.0004064630775246769 0.0003861399309244007 0.0003668329445645213 0.0003484913031570613 0.000331066723447293 0.0003145133960060775 0.0002987877232953906 0.0002838483487721533 0.000269655924057588 0.0002561731380410492 0.0002433644840493798 0.0002311962598469108 0.0002196364512201399 0.0002086546301143244 0.0001982218964258209 0.0001883108052425086 0.0001788952649803832 0.0001699505082797259 0.000161452975589782 0.0001533803297206759 0.0001457113103242591 0.000138425748446025 0.0001315044646617025 0.0001249292399734259 0.0001186827794299461 0.0001127486393670551 0.000107111205579713 0.0001017556423903443 9.6667863545008e-05 9.183447400573641e-05 8.724274812266231e-05 8.288060780614614e-05 7.873657887103036e-05 7.479974738089368e-05 7.105975964805111e-05 6.750677130185068e-05 6.413143273675814e-05 6.092486000852659e-05 5.787861664430238e-05 5.498468453879468e-05 5.223544940236025e-05 4.962367529515177e-05 4.714249007520266e-05 4.478536720853299e-05 4.254610030329786e-05 4.041879583382979e-05 3.839785495074466e-05 3.647796256700531e-05 3.465406553004868e-05 3.292136170784943e-05 3.127529271296225e-05 2.971152753161732e-05 2.822595160978381e-05 2.681465412024409e-05 2.547392068663612e-05 2.420022428850643e-05 2.299021252838429e-05 2.184070217481349e-05 2.074866642942652e-05 1.97112331079552e-05 1.872567190730479e-05 1.778938894858584e-05 1.689991950115655e-05 1.605492434464395e-05 1.525217794551281e-05 1.448956936656032e-05 1.376509135297965e-05 1.30768366943812e-05 1.242299458681373e-05 1.180184517579619e-05 1.121175318985479e-05 1.06511652120389e-05 1.011860695143696e-05 9.612676876713522e-06 9.132043487625197e-06 8.675441677041817e-06 8.241670002462342e-06 7.829586138541345e-06 7.438106877089012e-06 7.066201760608237e-06 6.71289171805256e-06 6.37724724583677e-06 6.058384769858094e-06 5.755465736001497e-06 5.467692517413525e-06 5.194307959754951e-06 4.934592652716674e-06 4.68786311103031e-06 4.453469955478795e-06 4.230796548654325e-06 4.019256721221609e-06 3.818293862423161e-06 3.6273791010899e-06 3.446010168772773e-06 3.273709580753348e-06 3.110024181296467e-06 2.95452286991349e-06 2.806796828735969e-06 2.666457021405222e-06 2.533134193072328e-06 2.406477506156079e-06 2.286153630848275e-06 2.171846062992699e-06 2.063253759843064e-06 1.960091140063014e-06 1.862086605797231e-06 1.768982315297762e-06 1.680533159742481e-06 1.596506535861408e-06 1.516681209068338e-06 1.440847199773998e-06 1.368804873891349e-06 1.300364601775073e-06 1.235346417161054e-06 1.173579107671685e-06 1.114900101129024e-06 1.059155124494282e-06 1.006197408059961e-06 9.558875717630144e-07
 0 0 0 0 0 0 0 0 0 0 0 0 0 0 0 0 0 0 0 0 0 0 0 0 0 0 0 0 0 0 0 0 0 0 0 0 0 0 0 0 0 0 0 0 0 0 0 0 0 0 0 0 0 0 0 0 0 0 0 0 0 0 0 0 0 0 0 0 0 0 0 0 0 0 0 0 0 0 0 0 0 0 0 0 0 0 0 0 0 0 0 0 0 0 0 0 0 0 0 0 0 0 0 0 0 0 0 0 0 0 0 0 0 0 0 0 0 0 0 0 0 0 0 0 0 0 0 0 0 0 0 0 0 0 0 0 0 0 0 0 0 0 0 0 0 0 0 0 0 0 0 0 0 0 0 0 0 0 0 0 0 0 0 0 0 0 0 0 0 0 0 0 0 0 0 0 0 0 0 0 0 0 0 0 0 0 0 0 0 0 0 0 0 0 0 0 0 0 0 0 0 0 0 0 0 0 0 0 0 0 0 0 0 0 0 0 0 0 0 0 0 0 0 0 0 0 0 0 0 0 0 0 0 0 0 0 0 0 0 0 0 0 0 0 0 0 0 0 0 0 0 0 0 0 0 0 0 0 0 0 0 0 0 0 0 0 0 0 0 0 0 0 0 0 0 0 0 0 0 0 0 0 0 0 0 0 0 0 0 0 0 0 0 0 0 0 0 0 0 0 0 0 0 0 0 0 0 0 0 0 0 0 0 0 0 0 0 0 0 0 0 0 0 0 0 0 0 0 0 0 0 0 0 0 0 0 0 0 0 0 0 0 0 0 0 0 0 0 0 0 0 0 0 0 0 0 0 0 0 0 0 0 0 0 0 0 0 0 0 0 0 0 0 0 0 0 0 0 0 0 0 0 0 0 0 0 0 0 0 0 0 0 0 0 0 0 0 0 0 0 0 0 0 0 0 0 0 0 0 0 0 0 0 0 0 0 0 0 0 0 0 0 0 0 0 0 0 0 0 0 0 0 0 0 0 0 0 0 0 0 0 0 0 0 0 0 0 0 0 0 0 0 0 0 0 0 0 0 0 0 0 0 0 0 0 0 0 0 0 0 0 0 0 0 0 0 0 0 0 0 0 0 0 0 0 0 0 0 0 0 0 0 0 0 0 0 0 0 0 0 0 0 0 0 0 0 0 0 0 0 0 0 0 0 0 0 0 0 0 0 0 0 0 0 0 0 0 0 0 0 0 0 0 0 0 0 0 0 0 0 0 0 0 0 0 0 0 0 0 0 0 0 0 0 0 0 0 0 0 0 0 0 0 0 0 0 0 0 0 0 0 0 0 0 0 0 0 0 0 0 0 0 0 0 0 0 0 0 0 0 0 0 0 0 0 0 0 0 0 0
 0 0 0 0 0 0 0 0 0 0 0 0 0 0 0 0 0 0 0 0 0 0 0 0 0 0 0 0 0 0 0 0 0 0 0 0 0 0 0 0 0 0 0 0 0 0 0 0 0 0 0 0 0 0 0 0 0 0 0 0 0 0 0 0 0 0 0 0 0 0 0 0 0 0 0 0 0 0 0 0 0 0 0 0 0 0 0 0 0 0 0 0 0 0 0 0 0 0 0 0 0 0 0 0 0 0 0 0 0 0 0 0 0 0 0 0 0 0 0 0 0 0 0 0 0 0 0 0 0 0 0 0 0 0 0 0 0 0 0 0 0 0 0 0 0 0 0 0 0 0 0 0 0 0 0 0 0 0 0 0 0 0 0 0 0 0 0 0 0 0 0 0 0 0 0 0 0 0 0 0 0 0 0 0 0 0 0 0 0 0 0 0 0 0 0 0 0 0 0 0 0 0 0 0 0 0 0 0 0 0 0 0 0 0 0 0 0 0 0 0 0 0 0 0 0 0 0 0 0 0 0 0 0 0 0 0 0 0 0 0 0 0 0 0 0 0 0 0 0 0 0 0 0 0 0 0 0 0 0 0 0 0 0 0 0 0 0 0 0 0 0 0 0 0 0 0 0 0 0 0 0 0 0 0 0 0 0 0 0 0 0 0 0 0 0 0 0 0 0 0 0 0 0 0 0 0 0 0 0 0 0 0 0 0 0 0 0 0 0 0 0 0 0 0 0 0 0 0 0 0 0 0 0 0 0 0 0 0 0 0 0 0 0 0 0 0 0 0 0 0 0 0 0 0 0 0 0 0 0 0 0 0 0 0 0 0 0 0 0 0 0 0 0 0 0 0 0 0 0 0 0 0 0 0 0 0 0 0 0 0 0 0 0 0 0 0 0 0 0 0 0 0 0 0 0 0 0 0 0 0 0 0 0 0 0 0 0 0 0 0 0 0 0 0 0 0 0 0 0 0 0 0 0 0 0 0 0 0 0 0 0 0 0 0 0 0 0 0 0 0 0 0 0 0 0 0 0 0 0 0 0 0 0 0 0 0 0 0 0 0 0 0 0 0 0 0 0 0 0 0 0 0 0 0 0 0 0 0 0 0 0 0 0 0 0 0 0 0 0 0 0 0 0 0 0 0 0 0 0 0 0 0 0 0 0 0 0 0 0 0 0 0 0 0 0 0 0 0 0 0 0 0 0 0 0 0 0 0 0 0 0 0 0 0 0 0 0 0 0 0 0 0 0 0 0 0 0 0 0 0 0 0 0 0 0 0 0 0 0 0 0 0 0 0 0 0 0 0 0 0 0 0 0 0 0 0 0 0 0 0 0 0 0 0 0 0 0 0 0 0
 0 0 0 0 0 0 0 0 0 0 0 0 0 0 0 0 0 0 0 0 0 0 0 0 0 0 0 0 0 0 0 0 0 0 0 0 0 0 0 0 0 0 0 0 0 0 0 0 0 0 0 0 0 0 0 0 0 0 0 0 0 0 0 0 0 0 0 0 0 0 0 0 0 0 0 0 0 0 0 0 0 0 0 0 0 0 0 0 0 0 0 0 0 0 0 0 0 0 0 0 0 0 0 0 0 0 0 0 0 0 0 0 0 0 0 0 0 0 0 0 0 0 0 0 0 0 0 0 0 0 0 0 0 0 0 0 0 0 0 0 0 0 0 0 0 0 0 0 0 0 0 0 0 0 0 0 0 0 0 0 0 0 0 0 0 0 0 0 0 0 0 0 0 0 0 0 0 0 0 0 0 0 0 0 0 0 0 0 0 0 0 0 0 0 0 0 0 0 0 0 0 0 0 0 0 0 0 0 0 0 0 0 0 0 0 0 0 0 0 0 0 0 0 0 0 0 0 0 0 0 0 0 0 0 0 0 0 0 0 0 0 0 0 0 0 0 0 0 0 0 0 0 0 0 0 0 0 0 0 0 0 0 0 0 0 0 0 0 0 0 0 0 0 0 0 0 0 0 0 0 0 0 0 0 0 0 0 0 0 0 0 0 0 0 0 0 0 0 0 0 0 0 0 0 0 0 0 0 0 0 0 0 0 0 0 0 0 0 0 0 0 0 0 0 0 0 0 0 0 0 0 0 0 0 0 0 0 0 0 0 0 0 0 0 0 0 0 0 0 0 0 0 0 0 0 0 0 0 0 0 0 0 0 0 0 0 0 0 0 0 0 0 0 0 0 0 0 0 0 0 0 0 0 0 0 0 0 0 0 0 0 0 0 0 0 0 0 0 0 0 0 0 0 0 0 0 0 0 0 0 0 0 0 0 0 0 0 0 0 0 0 0 0 0 0 0 0 0 0 0 0 0 0 0 0 0 0 0 0 0 0 0 0 0 0 0 0 0 0 0 0 0 0 0 0 0 0 0 0 0 0 0 0 0 0 0 0 0 0 0 0 0 0 0 0 0 0 0 0 0 0 0 0 0 0 0 0 0 0 0 0 0 0 0 0 0 0 0 0 0 0 0 0 0 0 0 0 0 0 0 0 0 0 0 0 0 0 0 0 0 0 0 0 0 0 0 0 0 0 0 0 0 0 0 0 0 0 0 0 0 0 0 0 0 0 0 0 0 0 0 0 0 0 0 0 0 0 0 0 0 0 0 0 0 0 0 0 0 0 0 0 0 0 0 0 0 0 0 0 0 0 0 0 0 0 0 0 0 0 0 0 0 0 0 0 0 0 0 0 0
 0 0 0 0 0 0 0 0 0 0 0 0 0 0 0 0 0 0 0 0 0 0 0 0 0 0 0 0 0 0 0 0 0 0 0 0 0 0 0 0 0 0 0 0 0 0 0 0 0 0 0 0 0 0 0 0 0 0 0 0 0 0 0 0 0 0 0 0 0 0 0 0 0 0 0 0 0 0 0 0 0 0 0 0 0 0 0 0 0 0 0 0 0 0 0 0 0 0 0 0 0 0 0 0 0 0 0 0 0 0 0 0 0 0 0 0 0 0 0 0 0 0 0 0 0 0 0 0 0 0 0 0 0 0 0 0 0 0 0 0 0 0 0 0 0 0 0 0 0 0 0 0 0 0 0 0 0 0 0 0 0 0 0 0 0 0 0 0 0 0 0 0 0 0 0 0 0 0 0 0 0 0 0 0 0 0 0 0 0 0 0 0 0 0 0 0 0 0 0 0 0 0 0 0 0 0 0 0 0 0 0 0 0 0 0 0 0 0 0 0 0 0 0 0 0 0 0 0 0 0 0 0 0 0 0 0 0 0 0 0 0 0 0 0 0 0 0 0 0 0 0 0 0 0 0 0 0 0 0 0 0 0 0 0 0 0 0 0 0 0 0 0 0 0 0 0 0 0 0 0 0 0 0 0 0 0 0 0 0 0 0 0 0 0 0 0 0 0 0 0 0 0 0 0 0 0 0 0 0 0 0 0 0 0 0 0 0 0 0.0007475822931155562 0.002456423360854387 0.005292178131639957 0.009362745098769665 0.01471611857414246 0.02138572558760643 0.02951879426836967 0.03921008855104446 0.05035124719142914 0.06297708302736282 0.07701882719993591 0.09245333075523376 0.1092350631952286 0.1271631121635437 0.1462028473615646 0.1663047820329666 0.1873942911624908 0.2093122601509094 0.2318703979253769 0.2549410760402679 0.2786994576454163 0.3032527267932892 0.3286869823932648 0.3547669053077698 0.3795210123062134 0.3996562659740448 0.4130744338035583 0.4180853664875031 0.4134323000907898 0.3983171880245209 0.3784013390541077 0.3594812750816345 0.3415071964263916 0.324431836605072 0.3082102537155151 0.2927997410297394 0.2781597673892975 0.2642517685890198 0.2510391771793365 0.2384872138500214 0.2265628576278687 0.215234711766243 0.2044729739427567 0.1942493319511414 0.1845368593931198 0.1753100156784058 0.1665445119142532 0.1582172811031342 0.1503064185380936 0.1427910923957825 0.1356515437364578 0.128868967294693 0.1224255189299583 0.1163042411208153 0.1104890257120132 0.1049645766615868 0.09971635043621063 0.09473053365945816 0.08999400585889816 0.08549430221319199 0.08121958374977112 0.0771586075425148 0.07330067455768585 0.06963564455509186 0.06615386158227921 0.06284616887569427 0.05970386043190956 0.05671866610646248 0.05388273298740387 0.05118859559297562 0.04862916469573975 0.04619770497083664 0.04388782009482384 0.04169343039393425 0.03960875794291496 0.03762831911444664 0.03574690222740173 0.03395955637097359 0.03226158022880554 0.03064850158989429 0.0291160773485899 0.02766027301549911 0.02627725899219513 0.02496339567005634 0.02371522597968578 0.02252946421504021 0.02140299044549465 0.02033284120261669 0.01931619830429554 0.01835038885474205 0.01743286848068237 0.01656122505664825 0.01573316380381584 0.01494650542736053 0.01419918052852154 0.01348922122269869 0.01281476020812988 0.0121740223839879 0.01156532112509012 0.01098705548793077 0.01043770276010036 0.009915817528963089 0.009420027025043964 0.00894902553409338 0.008501574397087097 0.008076495490968227 0.007672670762985945 0.007289037108421326 0.006924585439264774 0.006578356027603149 0.006249438039958477 0.005936966277658939 0.005640117917209864 0.005358112044632435 0.005090206395834684 0.004835695959627628 0.004593911115080118 0.004364215768873692 0.004146005026996136 0.0039387047290802 0.003741769585758448 0.003554681083187461 0.003376947017386556 0.003208099631592631 0.003047694684937596 0.002895310055464506 0.002750544575974345 0.002613017335534096 0.00248236651532352 0.00235824822448194 0.002240335801616311 0.002128319116309285 0.002021903172135353 0.001920807990245521 0.001824767561629415 0.001733529148623347 0.001646852702833712 0.001564510050229728 0.001486284541897476 0.001411970355547965 0.001341371797025204 0.001274303183890879 0.001210588030517101 0.001150058582425117 0.00109255569986999 0.001037927926518023 0.0009860314894467592 0.0009367298916913569 0.0008898933883756399 0.0008453986956737936 0.0008031287579797208 0.0007629723404534161 0.0007248237379826605 0.0006885825423523784 0.0006541534094139934 0.0006214457098394632 0.0005903734127059579 0.0005608547362498939 0.0005328119732439518 0.0005061713745817542 0.0004808628000319004 0.0004568196600303054 0.0004339786828495562 0.0004122797399759293 0.0003916657587978989 0.0003720824606716633 0.000353478331817314 0.0003358044195920229 0.0003190141869708896 0.0003030634834431112 0.0002879103121813387 0.0002735148009378463 0.0002598390565253794 0.0002468471066094935 0.0002345047541894019 0.0002227795193903148 0.000211640537600033 0.0002010585158132017 0.0001910055871121585 0.0001814553106669337 0.0001723825407680124 0.0001637634122744203 0.0001555752387503162 0.0001477964833611622 0.0001404066570103168 0.0001333863183390349 0.0001267170009668916 0.000120381148008164 0.0001143620902439579 0.0001086439879145473 0.0001032117870636284 9.805119771044701e-05 9.314863564213738e-05 8.849120058584958e-05 8.406663982896134e-05 7.986330456333235e-05 7.587014260934666e-05 7.207663293229416e-05 6.847280019428581e-05 6.504915654659271e-05 6.179670162964612e-05 5.870686800335534e-05 5.577152478508651e-05 5.298294854583219e-05 5.033380148233846e-05 4.781711322721094e-05 4.542625902104191e-05 4.315494516049512e-05 4.09971980843693e-05 3.89473389077466e-05 3.699997250805609e-05 3.514997297315858e-05 3.339247268741019e-05 3.17228477797471e-05 3.013670539075974e-05 2.862987093976699e-05 2.71983772108797e-05 2.583845889603253e-05 2.454653622407932e-05 2.331920950382482e-05 2.215324821008835e-05 2.104558552673552e-05 1.999330561375245e-05 1.899363996926695e-05 1.804395833460148e-05 1.714175959932618e-05 1.628467180125881e-05 1.547043757454958e-05 1.469691596867051e-05 1.396206971548963e-05 1.326396613876568e-05 1.260076805920107e-05 1.19707292469684e-05 1.137219260272104e-05 1.080358288163552e-05 1.026340396492742e-05 9.750233402883168e-06 9.262721505365334e-06 8.799584975349717e-06 8.359605999430642e-06 7.94162588135805e-06 7.544544587290147e-06 7.167317562561948e-06 6.808951638959115e-06 6.468504125223262e-06 6.145078714325791e-06 5.837824573973194e-06 5.545933163375594e-06 5.268636414257344e-06 5.005204457120271e-06 4.754944257001625e-06 4.517196884989971e-06 4.29133706347784e-06 4.076769982930273e-06 3.872931301884819e-06 3.679284645841108e-06 3.495320470392471e-06 3.320554469610215e-06 3.154526666548918e-06 2.996800276378053e-06 2.846960342139937e-06 2.704612370507675e-06 2.569381649664138e-06 2.440912567180931e-06 2.318867018402671e-06 2.202923724325956e-06 2.092777549478342e-06 1.988138592423638e-06 1.888731617327721e-06 1.794295030776993e-06 1.704580313344195e-06 1.619351337467378e-06 1.538383799015719e-06 1.461464648855326e-06 1.388391410728218e-06 1.318971840191807e-06 1.253023242497875e-06 1.190372131532058e-06 1.130853547692823e-06 1.074310830517788e-06 1.020595277623215e-06 9.695654625829775e-07
 0 0 0 0 0 0 0 0 0 0 0 0 0 0 0 0 0 0 0 0 0 0 0 0 0 0 0 0 0 0 0 0 0 0 0 0 0 0 0 0 0 0 0 0 0 0 0 0 0 0 0 0 0 0 0 0 0 0 0 0 0 0 0 0 0 0 0 0 0 0 0 0 0 0 0 0 0 0 0 0 0 0 0 0 0 0 0 0 0 0 0 0 0 0 0 0 0 0 0 0 0 0 0 0 0 0 0 0 0 0 0 0 0 0 0 0 0 0 0 0 0 0 0 0 0 0 0 0 0 0 0 0 0 0 0 0 0 0 0 0 0 0 0 0 0 0 0 0 0 0 0 0 0 0 0 0 0 0 0 0 0 0 0 0 0 0 0 0 0 0 0 0 0 0 0 0 0 0 0 0 0 0 0 0 0 0 0 0 0 0 0 0 0 0 0 0 0 0 0 0 0 0 0 0 0 0 0 0 0 0 0 0 0 0 0 0 0 0 0 0 0 0 0 0 0 0 0 0 0 0 0 0 0 0 0 0 0 0 0 0 0 0 0 0 0 0 0 0 0 0 0 0 0 0 0 0 0 0 0 0 0 0 0 0 0 0 0 0 0 0 0 0 0 0 0 0 0 0 0 0 0 0 0 0 0 0 0 0 0 0 0 0 0 0 0 0 0 0 0 0 0 0 0 0 0 0 0 0 0 0 0 0 0 0 0 0 0 0 0 0 0 0 0 0 0 0 0 0 0 0 0 0 0 0 0 0 0 0 0 0 0 0 0 0 0 0 0 0 0 0 0 0 0 0 0 0 0 0 0 0 0 0 0 0 0 0 0 0 0 0 0 0 0 0 0 0 0 0 0 0 0 0 0 0 0 0 0 0 0 0 0 0 0 0 0 0 0 0 0 0 0 0 0 0 0 0 0 0 0 0 0 0 0 0 0 0 0 0 0 0 0 0 0 0 0 0 0 0 0 0 0 0 0 0 0 0 0 0 0 0 0 0 0 0 0 0 0 0 0 0 0 0 0 0 0 0 0 0 0 0 0 0 0 0 0 0 0 0 0 0 0 0 0 0 0 0 0 0 0 0 0 0 0 0 0 0 0 0 0 0 0 0 0 0 0 0 0 0 0 0 0 0 0 0 0 0 0 0 0 0 0 0 0 0 0 0 0 0 0 0 0 0 0 0 0 0 0 0 0 0 0 0 0 0 0 0 0 0 0 0 0 0 0 0 0 0 0 0 0 0 0 0 0 0 0 0 0 0 0 0 0 0 0 0 0 0 0 0 0 0 0 0 0 0 0 0 0 0 0 0 0 0 0 0 0 0 0 0 0 0 0 0 0 0 0 0 0 0 0 0
 0 0 0 0 0 0 0 0 0 0 0 0 0 0 0 0 0 0 0 0 0 0 0 0 0 0 0 0 0 0 0 0 0 0 0 0 0 0 0 0 0 0 0 0 0 0 0 0 0 0 0 0 0 0 0 0 0 0 0 0 0 0 0 0 0 0 0 0 0 0 0 0 0 0 0 0 0 0 0 0 0 0 0 0 0 0 0 0 0 0 0 0 0 0 0 0 0 0 0 0 0 0 0 0 0 0 0 0 0 0 0 0 0 0 0 0 0 0 0 0 0 0 0 0 0 0 0 0 0 0 0 0 0 0 0 0 0 0 0 0 0 0 0 0 0 0 0 0 0 0 0 0 0 0 0 0 0 0 0 0 0 0 0 0 0 0 0 0 0 0 0 0 0 0 0 0 0 0 0 0 0 0 0 0 0 0 0 0 0 0 0 0 0 0 0 0 0 0 0 0 0 0 0 0 0 0 0 0 0 0 0 0 0 0 0 0 0 0 0 0 0 0 0 0 0 0 0 0 0 0 0 0 0 0 0 0 0 0 0 0 0 0 0 0 0 0 0 0 0 0 0 0 0 0 0 0 0 0 0 0 0 0 0 0 0 0 0 0 0 0 0 0 0 0 0 0 0 0 0 0 0 0 0 0 0 0 0 0 0 0 0 0 0 0 0 0 0 0 0 0 0 0 0 0 0 0 0 0 0 0 0 0 0 0 0 0 0 0 0 0 0 0 0 0 0 0 0 0 0 0 0 0 0 0 0 0 0 0 0 0 0 0 0 0 0 0 0 0 0 0 0 0 0 0 0 0 0 0 0 0 0 0 0 0 0 0 0 0 0 0 0 0 0 0 0 0 0 0 0 0 0 0 0 0 0 0 0 0 0 0 0 0 0 0 0 0 0 0 0 0 0 0 0 0 0 0 0 0 0 0 0 0 0 0 0 0 0 0 0 0 0 0 0 0 0 0 0 0 0 0 0 0 0 0 0 0 0 0 0 0 0 0 0 0 0 0 0 0 0 0 0 0 0 0 0 0 0 0 0 0 0 0 0 0 0 0 0 0 0 0 0 0 0 0 0 0 0 0 0 0 0 0 0 0 0 0 0 0 0 0 0 0 0 0 0 0 0 0 0 0 0 0 0 0 0 0 0 0 0 0 0 0 0 0 0 0 0 0 0 0 0 0 0 0 0 0 0 0 0 0 0 0 0 0 0 0 0 0 0 0 0 0 0 0 0 0 0 0 0 0 0 0 0 0 0 0 0 0 0 0 0 0 0 0 0 0 0 0 0 0 0 0 0 0 0 0 0 0 0 0 0 0 0 0 0 0 0 0 0 0 0 0 0 0 0 0 0 0 0 0
 0 0 0 0 0 0 0 0 0 0 0 0 0 0 0 0 0 0 0 0 0 0 0 0 0 0 0 0 0 0 0 0 0 0 0 0 0 0 0 0 0 0 0 0 0 0 0 0 0 0 0 0 0 0 0 0 0 0 0 0 0 0 0 0 0 0 0 0 0 0 0 0 0 0 0 0 0 0 0 0 0 0 0 0 0 0 0 0 0 0 0 0 0 0 0 0 0 0 0 0 0 0 0 0 0 0 0 0 0 0 0 0 0 0 0 0 0 0 0 0 0 0 0 0 0 0 0 0 0 0 0 0 0 0 0 0 0 0 0 0 0 0 0 0 0 0 0 0 0 0 0 0 0 0 0 0 0 0 0 0 0 0 0 0 0 0 0 0 0 0 0 0 0 0 0 0 0 0 0 0 0 0 0 0 0 0 0 0 0 0 0 0 0 0 0 0 0 0 0 0 0 0 0 0 0 0 0 0 0 0 0 0 0 0 0 0 0 0 0 0 0 0 0 0 0 0 0 0 0 0 0 0 0 0 0 0 0 0 0 0 0 0 0 0 0 0 0 0 0 0 0 0 0 0 0 0 0 0 0 0 0 0 0 0 0 0 0 0 0 0 0 0 0 0 0 0 0 0 0 0 0 0 0 0 0 0 0 0 0 0 0 0 0 0 0 0 0 0 0 0 0 0 0 0 0 0 0 0 0 0 0 0 0 0 0 0 0 0 0 0 0 0 0 0 0 0 0 0 0 0 0 0 0 0 0 0 0 0 0 0 0 0 0 0 0 0 0 0 0 0 0 0 0 0 0 0 0 0 0 0 0 0 0 0 0 0 0 0 0 0 0 0 0 0 0 0 0 0 0 0 0 0 0 0 0 0 0 0 0 0 0 0 0 0 0 0 0 0 0 0 0 0 0 0 0 0 0 0 0 0 0 0 0 0 0 0 0 0 0 0 0 0 0 0 0 0 0 0 0 0 0 0 0 0 0 0 0 0 0 0 0 0 0 0 0 0 0 0 0 0 0 0 0 0 0 0 0 0 0 0 0 0 0 0 0 0 0 0 0 0 0 0 0 0 0 0 0 0 0 0 0 0 0 0 0 0 0 0 0 0 0 0 0 0 0 0 0 0 0 0 0 0 0 0 0 0 0 0 0 0 0 0 0 0 0 0 0 0 0 0 0 0 0 0 0 0 0 0 0 0 0 0 0 0 0 0 0 0 0 0 0 0 0 0 0 0 0 0 0 0 0 0 0 0 0 0 0 0 0 0 0 0 0 0 0 0 0 0 0 0 0 0 0 0 0 0 0 0 0 0 0 0 0 0 0 0 0 0 0 0 0 0 0 0 0 0 0 0 0 0
 0 0 0 0 0 0 0 0 0 0 0 0 0 0 0 0 0 0 0 0 0 0 0 0 0 0 0 0 0 0 0 0 0 0 0 0 0 0 0 0 0 0 0 0 0 0 0 0 0 0 0 0 0 0 0 0 0 0 0 0 0 0 0 0 0 0 0 0 0 0 0 0 0 0 0 0 0 0 0 0 0 0 0 0 0 0 0 0 0 0 0 0 0 0 0 0 0 0 0 0 0 0 0 0 0 0 0 0 0 0 0 0 0 0 0 0 0 0 0 0 0 0 0 0 0 0 0 0 0 0 0 0 0 0 0 0 0 0 0 0 0 0 0 0 0 0 0 0 0 0 0 0 0 0 0 0 0 0 0 0 0 0 0 0 0 0 0 0 0 0 0 0 0 0 0 0 0 0 0 0 0 0 0 0 0 0 0 0 0 0 0 0 0 0 0 0 0 0 0 0 0 0 0 0 0 0 0 0 0 0 0 0 0 0 0 0 0 0 0 0 0 0 0 0 0 0 0 0 0 0 0 0 0 0 0 0 0 0 0 0 0 0 0 0 0 0 0 0 0 0 0 0 0 0 0 0 0 0 0 0 0 0 0 0 0 0 0 0 0 0 0 0 0 0 0 0 0 0 0 0 0 0 0 0 0 0 0 0 0 0 0 0 0 0 0 0 0 0 0 0 0 0 0 0 0 0 0 0 0 0 0 0 0 0 0 0 0 0 0 0 0.0005996496183797717 0.002365392399951816 0.005383256357163191 0.009853188879787922 0.01596136204898357 0.02392680197954178 0.0340023897588253 0.04636401683092117 0.06094015389680862 0.07779392600059509 0.09658264368772507 0.1170952022075653 0.1391615122556686 0.1627696752548218 0.187999963760376 0.2147027850151062 0.24284528195858 0.2725483775138855 0.3037970662117004 0.336517870426178 0.3696919679641724 0.4012073576450348 0.4311469793319702 0.4595896303653717 0.4866101443767548 0.5098614692687988 0.5230132937431335 0.5247055888175964 0.5140612125396729 0.4903742969036102 0.4658555686473846 0.4425627887248993 0.4204346537590027 0.3994129300117493 0.3794422745704651 0.360470175743103 0.3424466550350189 0.3253243267536163 0.3090580999851227 0.2936052083969116 0.2789249420166016 0.2649787068367004 0.2517297863960266 0.2391432970762253 0.2271861284971237 0.2158268243074417 0.2050354778766632 0.1947837024927139 0.1850445121526718 0.1757922917604446 0.1670026779174805 0.1586525440216064 0.1507199108600616 0.1431839168071747 0.1360247135162354 0.1292234808206558 0.1227623075246811 0.116624191403389 0.1107929795980453 0.1052533313632011 0.09999066591262817 0.09499113261699677 0.09024157375097275 0.08572949469089508 0.08144301921129227 0.07737086713314056 0.0735023245215416 0.06982720643281937 0.06633584946393967 0.06301905959844589 0.05986810475587845 0.05687469989061356 0.05403096601366997 0.05132941901683807 0.04876294732093811 0.04632480069994926 0.04400856047868729 0.04180813208222389 0.03971772640943527 0.0377318412065506 0.03584524989128113 0.03405298665165901 0.0323503389954567 0.03073282167315483 0.02919618040323257 0.02773637138307095 0.02634955197572708 0.02503207512199879 0.02378047071397305 0.02259144745767117 0.02146187424659729 0.0203887801617384 0.01936934143304825 0.01840087398886681 0.01748082973062992 0.01660678908228874 0.01577644981443882 0.01498762704432011 0.01423824578523636 0.01352633349597454 0.01285001635551453 0.0122075155377388 0.01159713976085186 0.01101728249341249 0.01046641822904348 0.009943096898496151 0.009445942007005215 0.00897364504635334 0.008524962700903416 0.008098714984953403 0.007693779189139605 0.007309090346097946 0.006943635642528534 0.006596453953534365 0.006266631186008453 0.005953299812972546 0.005655634682625532 0.005372853018343449 0.00510421022772789 0.00484899990260601 0.004606550093740225 0.004376222379505634 0.004157411400228739 0.003949540667235851 0.003752063727006316 0.003564460435882211 0.003386237425729632 0.003216925542801619 0.003056079149246216 0.002903275191783905 0.002758111339062452 0.002620205748826265 0.002489195438101888 0.002364735584706068 0.002246498828753829 0.002134173875674605 0.0020274652633816 0.001926091965287924 0.001829787390306592 0.001738297985866666 0.001651383121497929 0.00156881392467767 0.001490373280830681 0.001415854669176042 0.001345061929896474 0.001277808798477054 0.001213918323628604 0.001153222401626408 0.001095561310648918 0.001040783245116472 0.0009887440828606486 0.0009393068612553179 0.0008923415443859994 0.0008477244409732521 0.0008053382043726742 0.0007650713087059557 0.0007268177578225732 0.0006904768524691463 0.000655953015666455 0.0006231553852558136 0.0005919976392760873 0.000562397763133049 0.0005342778749763966 0.0005075639928691089 0.0004821858019568026 0.0004580765089485794 0.0004351726965978742 0.0004134140617679805 0.0003927433572243899 0.0003731061879079789 0.0003544508654158562 0.0003367283206898719 0.0003198919002898037 0.0003038973081856966 0.0002887024311348796 0.0002742673095781356 0.0002605539339128882 0.0002475262444932014 0.0002351499279029667 0.0002233924315078184 0.0002122228033840656 0.0002016116632148623 0.0001915310858748853 0.000181954528670758 0.0001728568022372201 0.000164213968673721 0.0001560032687848434 0.0001482031075283885 0.0001407929521519691 0.0001337533030891791 0.0001270656357519329 0.0001207123568747193 0.0001146767390309833 0.0001089428988052532 0.0001034957531373948 9.832096839090809e-05 9.340491669718176e-05 8.873466867953539e-05 8.429793524555862e-05 8.008303848328069e-05 7.607888983329758e-05 7.227494643302634e-05 6.866119656478986e-05 6.522813782794401e-05 6.196673348313197e-05 5.886839790036902e-05 5.592497836914845e-05 5.312872963258997e-05 5.047229205956683e-05 4.79486770927906e-05 4.555124178295955e-05 4.327367787482217e-05 4.110999361728318e-05 3.905449557350948e-05 3.710177043103613e-05 3.52466813637875e-05 3.348434620420448e-05 3.181013016728684e-05 3.021962402272038e-05 2.870864227588754e-05 2.727321043494157e-05 2.590955045889132e-05 2.461407348164357e-05 2.33833707170561e-05 2.221420254500117e-05 2.11034930543974e-05 2.00483191292733e-05 1.904590317280963e-05 1.809360765037127e-05 1.718892781354953e-05 1.632948078622576e-05 1.551300738356076e-05 1.473735665058484e-05 1.400048859068193e-05 1.330046416114783e-05 1.263544072571676e-05 1.200366841658251e-05 1.140348467743024e-05 1.083331062545767e-05 1.029164468491217e-05 9.777062587090768e-06 9.288209184887819e-06 8.823798452795018e-06 8.382608939427882e-06 7.963478310557548e-06 7.565304258605465e-06 7.187039045675192e-06 6.827687229815638e-06 6.486302936536958e-06 6.161987585073803e-06 5.853888069395907e-06 5.561193574976642e-06 5.283133759803604e-06 5.018976935389219e-06 4.768028247781331e-06 4.529626949079102e-06 4.303145487938309e-06 4.087988145329291e-06 3.883588760800194e-06 3.689409368234919e-06 3.504938831611071e-06 3.329691935505252e-06 3.16320733872999e-06 3.005046892212704e-06 2.854794502127334e-06 2.712054765652283e-06 2.57645206147572e-06 2.447629412927199e-06 2.325248033230309e-06 2.208985733886948e-06 2.098536469929968e-06 1.993609657802153e-06 1.893929152174678e-06 1.799232677512919e-06 1.709271032268589e-06 1.623807520445553e-06 1.542617155791959e-06 1.465486320739728e-06 1.392211970596691e-06 1.322601406172907e-06
 0 0 0 0 0 0 0 0 0 0 0 0 0 0 0 0 0 0 0 0 0 0 0 0 0 0 0 0 0 0 0 0 0 0 0 0 0 0 0 0 0 0 0 0 0 0 0 0 0 0 0 0 0 0 0 0 0 0 0 0 0 0 0 0 0 0 0 0 0 0 0 0 0 0 0 0 0 0 0 0 0 0 0 0 0 0 0 0 0 0 0 0 0 0 0 0 0 0 0 0 0 0 0 0 0 0 0 0 0 0 0 0 0 0 0 0 0 0 0 0 0 0 0 0 0 0 0 0 0 0 0 0 0 0 0 0 0 0 0 0 0 0 0 0 0 0 0 0 0 0 0 0 0 0 0 0 0 0 0 0 0 0 0 0 0 0 0 0 0 0 0 0 0 0 0 0 0 0 0 0 0 0 0 0 0 0 0 0 0 0 0 0 0 0 0 0 0 0 0 0 0 0 0 0 0 0 0 0 0 0 0 0 0 0 0 0 0 0 0 0 0 0 0 0 0 0 0 0 0 0 0 0 0 0 0 0 0 0 0 0 0 0 0 0 0 0 0 0 0 0 0 0 0 0 0 0 0 0 0 0 0 0 0 0 0 0 0 0 0 0 0 0 0 0 0 0 0 0 0 0 0 0 0 0 0 0 0 0 0 0 0 0 0 0 0 0 0 0 0 0 0 0 0 0 0 0 0 0 0 0 0 0 0 0 0 0 0 0 0 0 0 0 0 0 0 0 0 0 0 0 0 0 0 0 0 0 0 0 0 0 0 0 0 0 0 0 0 0 0 0 0 0 0 0 0 0 0 0 0 0 0 0 0 0 0 0 0 0 0 0 0 0 0 0 0 0 0 0 0 0 0 0 0 0 0 0 0 0 0 0 0 0 0 0 0 0 0 0 0 0 0 0 0 0 0 0 0 0 0 0 0 0 0 0 0 0 0 0 0 0 0 0 0 0 0 0 0 0 0 0 0 0 0 0 0 0 0 0 0 0 0 0 0 0 0 0 0 0 0 0 0 0 0 0 0 0 0 0 0 0 0 0 0 0 0 0 0 0 0 0 0 0 0 0 0 0 0 0 0 0 0 0 0 0 0 0 0 0 0 0 0 0 0 0 0 0 0 0 0 0 0 0 0 0 0 0 0 0 0 0 0 0 0 0 0 0 0 0 0 0 0 0 0 0 0 0 0 0 0 0 0 0 0 0 0 0 0 0 0 0 0 0 0 0 0 0 0 0 0 0 0 0 0 0 0 0 0 0 0 0 0 0 0 0 0 0 0 0 0 0 0 0 0 0 0 0 0 0 0 0 0 0 0 0 0 0 0 0 0 0 0 0 0 0 0 0 0 0 0 0
 0 0 0 0 0 0 0 0 0 0 0 0 0 0 0 0 0 0 0 0 0 0 0 0 0 0 0 0 0 0 0 0 0 0 0 0 0 0 0 0 0 0 0 0 0 0 0 0 0 0 0 0 0 0 0 0 0 0 0 0 0 0 0 0 0 0 0 0 0 0 0 0 0 0 0 0 0 0 0 0 0 0 0 0 0 0 0 0 0 0 0 0 0 0 0 0 0 0 0 0 0 0 0 0 0 0 0 0 0 0 0 0 0 0 0 0 0 0 0 0 0 0 0 0 0 0 0 0 0 0 0 0 0 0 0 0 0 0 0 0 0 0 0 0 0 0 0 0 0 0 0 0 0 0 0 0 0 0 0 0 0 0 0 0 0 0 0 0 0 0 0 0 0 0 0 0 0 0 0 0 0 0 0 0 0 0 0 0 0 0 0 0 0 0 0 0 0 0 0 0 0 0 0 0 0 0 0 0 0 0 0 0 0 0 0 0 0 0 0 0 0 0 0 0 0 0 0 0 0 0 0 0 0 0 0 0 0 0 0 0 0 0 0 0 0 0 0 0 0 0 0 0 0 0 0 0 0 0 0 0 0 0 0 0 0 0 0 0 0 0 0 0 0 0 0 0 0 0 0 0 0 0 0 0 0 0 0 0 0 0 0 0 0 0 0 0 0 0 0 0 0 0 0 0 0 0 0 0 0 0 0 0 0 0 0 0 0 0 0 0 0 0 0 0 0 0 0 0 0 0 0 0 0 0 0 0 0 0 0 0 0 0 0 0 0 0 0 0 0 0 0 0 0 0 0 0 0 0 0 0 0 0 0 0 0 0 0 0 0 0 0 0 0 0 0 0 0 0 0 0 0 0 0 0 0 0 0 0 0 0 0 0 0 0 0 0 0 0 0 0 0 0 0 0 0 0 0 0 0 0 0 0 0 0 0 0 0 0 0 0 0 0 0 0 0 0 0 0 0 0 0 0 0 0 0 0 0 0 0 0 0 0 0 0 0 0 0 0 0 0 0 0 0 0 0 0 0 0 0 0 0 0 0 0 0 0 0 0 0 0 0 0 0 0 0 0 0 0 0 0 0 0 0 0 0 0 0 0 0 0 0 0 0 0 0 0 0 0 0 0 0 0 0 0 0 0 0 0 0 0 0 0 0 0 0 0 0 0 0 0 0 0 0 0 0 0 0 0 0 0 0 0 0 0 0 0 0 0 0 0 0 0 0 0 0 0 0 0 0 0 0 0 0 0 0 0 0 0 0 0 0 0 0 0 0 0 0 0 0 0 0 0 0 0 0 0 0 0 0 0 0 0 0 0 0 0 0 0 0 0 0 0 0 0 0 0 0 0 0 0
 0 0 0 0 0 0 0 0 0 0 0 0 0 0 0 0 0 0 0 0 0 0 0 0 0 0 0 0 0 0 0 0 0 0 0 0 0 0 0 0 0 0 0 0 0 0 0 0 0 0 0 0 0 0 0 0 0 0 0 0 0 0 0 0 0 0 0 0 0 0 0 0 0 0 0 0 0 0 0 0 0 0 0 0 0 0 0 0 0 0 0 0 0 0 0 0 0 0 0 0 0 0 0 0 0 0 0 0 0 0 0 0 0 0 0 0 0 0 0 0 0 0 0 0 0 0 0 0 0 0 0 0 0 0 0 0 0 0 0 0 0 0 0 0 0 0 0 0 0 0 0 0 0 0 0 0 0 0 0 0 0 0 0 0 0 0 0 0 0 0 0 0 0 0 0 0 0 0 0 0 0 0 0 0 0 0 0 0 0 0 0 0 0 0 0 0 0 0 0 0 0 0 0 0 0 0 0 0 0 0 0 0 0 0 0 0 0 0 0 0 0 0 0 0 0 0 0 0 0 0 0 0 0 0 0 0 0 0 0 0 0 0 0 0 0 0 0 0 0 0 0 0 0 0 0 0 0 0 0 0 0 0 0 0 0 0 0 0 0 0 0 0 0 0 0 0 0 0 0 0 0 0 0 0 0 0 0 0 0 0 0 0 0 0 0 0 0 0 0 0 0 0 0 0 0 0 0 0 0 0 0 0 0 0 0 0 0 0 0 0 0 0 0 0 0 0 0 0 0 0 0 0 0 0 0 0 0 0 0 0 0 0 0 0 0 0 0 0 0 0 0 0 0 0 0 0 0 0 0 0 0 0 0 0 0 0 0 0 0 0 0 0 0 0 0 0 0 0 0 0 0 0 0 0 0 0 0 0 0 0 0 0 0 0 0 0 0 0 0 0 0 0 0 0 0 0 0 0 0 0 0 0 0 0 0 0 0 0 0 0 0 0 0 0 0 0 0 0 0 0 0 0 0 0 0 0 0 0 0 0 0 0 0 0 0 0 0 0 0 0 0 0 0 0 0 0 0 0 0 0 0 0 0 0 0 0 0 0 0 0 0 0 0 0 0 0 0 0 0 0 0 0 0 0 0 0 0 0 0 0 0 0 0 0 0 0 0 0 0 0 0 0 0 0 0 0 0 0 0 0 0 0 0 0 0 0 0 0 0 0 0 0 0 0 0 0 0 0 0 0 0 0 0 0 0 0 0 0 0 0 0 0 0 0 0 0 0 0 0 0 0 0 0 0 0 0 0 0 0 0 0 0 0 0 0 0 0 0 0 0 0 0 0 0 0 0 0 0 0 0 0 0 0 0 0 0 0 0 0 0 0 0 0 0 0 0 0 0 0 0
 0 0 0 0 0 0 0 0 0 0 0 0 0 0 0 0 0 0 0 0 0 0 0 0 0 0 0 0 0 0 0 0 0 0 0 0 0 0 0 0 0 0 0 0 0 0 0 0 0 0 0 0 0 0 0 0 0 0 0 0 0 0 0 0 0 0 0 0 0 0 0 0 0 0 0 0 0 0 0 0 0 0 0 0 0 0 0 0 0 0 0 0 0 0 0 0 0 0 0 0 0 0 0 0 0 0 0 0 0 0 0 0 0 0 0 0 0 0 0 0 0 0 0 0 0 0 0 0 0 0 0 0 0 0 0 0 0 0 0 0 0 0 0 0 0 0 0 0 0 0 0 0 0 0 0 0 0 0 0 0 0 0 0 0 0 0 0 0 0 0 0 0 0 0 0 0 0 0 0 0 0 0 0 0 0 0 0 0 0 0 0 0 0 0 0 0 0 0 0 0 0 0 0 0 0 0 0 0 0 0 0 0 0 0 0 0 0 0 0 0 0 0 0 0 0 0 0 0 0 0 0 0 0 0 0 0 0 0 0 0 0 0 0 0 0 0 0 0 0 0 0 0 0 0 0 0 0 0 0 0 0 0 0 0 0 0 0 0 0 0 0 0 0 0 0 0 0 0 0 0 0 0 0 0 0 0 0 0 0 0 0 0 0 0 0 0 0 0 0 0 0 0 0 0 0 0 0 0 0 0 0 0 0 0 0 0 0 0 0.0004138924996368587 0.001700191758573055 0.003992228768765926 0.007376547902822495 0.01195817347615957 0.0178051870316267 0.02504075691103935 0.03379844501614571 0.04409032315015793 0.05573922395706177 0.06872694194316864 0.0829746276140213 0.09856708347797394 0.1154238283634186 0.1333982646465302 0.1524837762117386 0.1725441962480545 0.1934832185506821 0.2151083052158356 0.2375046014785767 0.2604415416717529 0.2840411067008972 0.3083983957767487 0.3334274590015411 0.3591370284557343 0.3819445073604584 0.3991376459598541 0.4089489877223969 0.4099458754062653 0.4011349081993103 0.381740927696228 0.3626538813114166 0.3445211946964264 0.3272951245307922 0.3109303712844849 0.2953838407993317 0.2806146442890167 0.2665839195251465 0.2532547116279602 0.24059197306633 0.2285623699426651 0.2171342521905899 0.206277534365654 0.1959636509418488 0.1861654669046402 0.1768571883440018 0.168014332652092 0.1596136093139648 0.1516329348087311 0.1440512835979462 0.1368487179279327 0.1300062835216522 0.1235059723258018 0.1173306703567505 0.1114641353487968 0.1058909296989441 0.1005963832139969 0.09556656330823898 0.09078823775053024 0.08624882251024246 0.08193638175725937 0.07783956080675125 0.07394758611917496 0.07025020569562912 0.06673769652843475 0.06340081244707108 0.06023077294230461 0.05721923336386681 0.05435827001929283 0.05164035782217979 0.04905834048986435 0.0466054230928421 0.04427515342831612 0.04206139594316483 0.03995832800865173 0.03796041011810303 0.03606238961219788 0.03425927087664604 0.03254630789160728 0.03091899305582047 0.0293730441480875 0.02790439128875732 0.02650917135179043 0.02518371306359768 0.02392452768981457 0.02272830158472061 0.02159188687801361 0.0205122921615839 0.0194866769015789 0.01851234212517738 0.017586724832654 0.01670738868415356 0.01587201841175556 0.01507841795682907 0.01432449743151665 0.01360827218741179 0.01292785815894604 0.01228146534413099 0.01166739221662283 0.01108402293175459 0.01052982173860073 0.01000333018600941 0.009503163397312164 0.009028005413711071 0.008576605468988419 0.008147775195538998 0.007740386296063662 0.007353366818279028 0.006985698360949755 0.006636413279920816 0.006304592825472355 0.005989363417029381 0.005689895246177912 0.005405400414019823 0.005135130602866411 0.00487837428227067 0.004634455777704716 0.004402732942253351 0.004182596225291491 0.003973466344177723 0.003774793120101094 0.003586053382605314 0.003406750736758113 0.003236413234844804 0.003074592677876353 0.002920862985774875 0.002774819731712341 0.002636078745126724 0.002504274714738131 0.00237906095571816 0.002260108012706041 0.002147102728486061 0.002039747545495629 0.001937760156579316 0.001840872108004987 0.001748828450217843 0.001661387039348483 0.001578317722305655 0.001499401871114969 0.001424431800842285 0.001353210187517107 0.001285549718886614 0.001221272279508412 0.001160208717919886 0.001102198264561594 0.001047088298946619 0.0009947338839992881 0.0009449971839785576 0.0008977473480626941 0.0008528599864803255 0.0008102169958874583 0.0007697061519138515 0.0007312208181247115 0.0006946597713977098 0.0006599267944693565 0.0006269304431043565 0.0005955839296802878 0.0005658047157339752 0.000537514453753829 0.0005106387543492019 0.0004851068079005927 0.0004608514718711376 0.0004378088924568146 0.0004159184463787824 0.000395122537156567 0.0003753664204850793 0.0003565980878192931 0.0003387681790627539 0.0003218297788407654 0.0003057383000850677 0.0002904513967223465 0.0002759288181550801 0.0002621323801577091 0.0002490257611498237 0.0002365744730923325 0.0002247457450721413 0.0002135084650944918 0.0002028330345638096 0.0001926913828356192 0.0001830568071454763 0.0001739039726089686 0.0001652087667025626 0.0001569483283674344 0.000149100917042233 0.0001416458690073341 0.0001345635682810098 0.0001278353884117678 0.0001214436197187752 0.0001153714401880279 0.0001096028718166053 0.0001041227296809666 9.891659283312038e-05 9.397076064487919e-05 8.927222370402887e-05 8.480861288262531e-05 8.056818478507921e-05 7.653977809241042e-05 7.271279173437506e-05 6.907715578563511e-05 6.562329508597031e-05 6.234212924027815e-05 5.92250216868706e-05 5.626377242151648e-05 5.345058525563218e-05 5.077805690234527e-05 4.823915514862165e-05 4.582719702739269e-05 4.353583790361881e-05 4.135904600843787e-05 3.92910951632075e-05 3.732653931365348e-05 3.546021252986975e-05 3.368720354046673e-05 3.200284481863491e-05 3.040270166820846e-05 2.888256676669698e-05 2.743843833741266e-05 2.60665165114915e-05 2.476319059496745e-05 2.352503179281484e-05 2.234878047602251e-05 2.123134072462562e-05 2.016977305174805e-05 1.916128530865535e-05 1.820322177081835e-05 1.729306131892372e-05 1.6428408343927e-05 1.560698729008436e-05 1.482663810747908e-05 1.408530624757987e-05 1.33810408442514e-05 1.271198925678618e-05 1.207638979394687e-05 1.147256989497691e-05 1.089894158212701e-05 1.035399418469751e-05 9.836294339038432e-06 9.34447962208651e-06 8.877255822881125e-06 8.433393304585479e-06 8.011723366507795e-06 7.61113733460661e-06 7.23058064977522e-06 6.869051503599621e-06 6.52559901936911e-06 6.199319159350125e-06 5.889353360544192e-06 5.59488580620382e-06 5.315141606843099e-06 5.049384526500944e-06 4.796915163751692e-06 4.557069587463047e-06 4.32921615356463e-06 4.112755505047971e-06 3.907117843482411e-06 3.711762019520393e-06 3.526173941281741e-06 3.349865210111602e-06 3.182371983712073e-06 3.02325338452647e-06 2.8720908176183e-06 2.728486379055539e-06 2.5920621737896e-06 2.462459178786958e-06 2.339336333534447e-06 2.222369403170887e-06 2.111250978487078e-06 2.005688429562724e-06 1.905404019453272e-06 1.810133767321531e-06 1.719627107377164e-06 1.633645752008306e-06 1.551963464407891e-06 1.474365262765787e-06 1.400646965521446e-06 1.330614622929716e-06 1.264083948626649e-06 1.200879751195316e-06 1.140835820478969e-06 1.083794018086337e-06 1.029604277391627e-06 9.781240351003362e-07
 0 0 0 0 0 0 0 0 0 0 0 0 0 0 0 0 0 0 0 0 0 0 0 0 0 0 0 0 0 0 0 0 0 0 0 0 0 0 0 0 0 0 0 0 0 0 0 0 0 0 0 0 0 0 0 0 0 0 0 0 0 0 0 0 0 0 0 0 0 0 0 0 0 0 0 0 0 0 0 0 0 0 0 0 0 0 0 0 0 0 0 0 0 0 0 0 0 0 0 0 0 0 0 0 0 0 0 0 0 0 0 0 0 0 0 0 0 0 0 0 0 0 0 0 0 0 0 0 0 0 0 0 0 0 0 0 0 0 0 0 0 0 0 0 0 0 0 0 0 0 0 0 0 0 0 0 0 0 0 0 0 0 0 0 0 0 0 0 0 0 0 0 0 0 0 0 0 0 0 0 0 0 0 0 0 0 0 0 0 0 0 0 0 0 0 0 0 0 0 0 0 0 0 0 0 0 0 0 0 0 0 0 0 0 0 0 0 0 0 0 0 0 0 0 0 0 0 0 0 0 0 0 0 0 0 0 0 0 0 0 0 0 0 0 0 0 0 0 0 0 0 0 0 0 0 0 0 0 0 0 0 0 0 0 0 0 0 0 0 0 0 0 0 0 0 0 0 0 0 0 0 0 0 0 0 0 0 0 0 0 0 0 0 0 0 0 0 0 0 0 0 0 0 0 0 0 0 0 0 0 0 0 0 0 0 0 0 0 0 0 0 0 0 0 0 0 0 0 0 0 0 0 0 0 0 0 0 0 0 0 0 0 0 0 0 0 0 0 0 0 0 0 0 0 0 0 0 0 0 0 0 0 0 0 0 0 0 0 0 0 0 0 0 0 0 0 0 0 0 0 0 0 0 0 0 0 0 0 0 0 0 0 0 0 0 0 0 0 0 0 0 0 0 0 0 0 0 0 0 0 0 0 0 0 0 0 0 0 0 0 0 0 0 0 0 0 0 0 0 0 0 0 0 0 0 0 0 0 0 0 0 0 0 0 0 0 0 0 0 0 0 0 0 0 0 0 0 0 0 0 0 0 0 0 0 0 0 0 0 0 0 0 0 0 0 0 0 0 0 0 0 0 0 0 0 0 0 0 0 0 0 0 0 0 0 0 0 0 0 0 0 0 0 0 0 0 0 0 0 0 0 0 0 0 0 0 0 0 0 0 0 0 0 0 0 0 0 0 0 0 0 0 0 0 0 0 0 0 0 0 0 0 0 0 0 0 0 0 0 0 0 0 0 0 0 0 0 0 0 0 0 0 0 0 0 0 0 0 0 0 0 0 0 0 0 0 0 0 0 0 0 0 0 0 0 0 0 0 0 0 0 0 0 0 0 0 0 0 0 0
 0 0 0 0 0 0 0 0 0 0 0 0 0 0 0 0 0 0 0 0 0 0 0 0 0 0 0 0 0 0 0 0 0 0 0 0 0 0 0 0 0 0 0 0 0 0 0 0 0 0 0 0 0 0 0 0 0 0 0 0 0 0 0 0 0 0 0 0 0 0 0 0 0 0 0 0 0 0 0 0 0 0 0 0 0 0 0 0 0 0 0 0 0 0 0 0 0 0 0 0 0 0 0 0 0 0 0 0 0 0 0 0 0 0 0 0 0 0 0 0 0 0 0 0 0 0 0 0 0 0 0 0 0 0 0 0 0 0 0 0 0 0 0 0 0 0 0 0 0 0 0 0 0 0 0 0 0 0 0 0 0 0 0 0 0 0 0 0 0 0 0 0 0 0 0 0 0 0 0 0 0 0 0 0 0 0 0 0 0 0 0 0 0 0 0 0 0 0 0 0 0 0 0 0 0 0 0 0 0 0 0 0 0 0 0 0 0 0 0 0 0 0 0 0 0 0 0 0 0 0 0 0 0 0 0 0 0 0 0 0 0 0 0 0 0 0 0 0 0 0 0 0 0 0 0 0 0 0 0 0 0 0 0 0 0 0 0 0 0 0 0 0 0 0 0 0 0 0 0 0 0 0 0 0 0 0 0 0 0 0 0 0 0 0 0 0 0 0 0 0 0 0 0 0 0 0 0 0 0 0 0 0 0 0 0 0 0 0 0 0 0 0 0 0 0 0 0 0 0 0 0 0 0 0 0 0 0 0 0 0 0 0 0 0 0 0 0 0 0 0 0 0 0 0 0 0 0 0 0 0 0 0 0 0 0 0 0 0 0 0 0 0 0 0 0 0 0 0 0 0 0 0 0 0 0 0 0 0 0 0 0 0 0 0 0 0 0 0 0 0 0 0 0 0 0 0 0 0 0 0 0 0 0 0 0 0 0 0 0 0 0 0 0 0 0 0 0 0 0 0 0 0 0 0 0 0 0 0 0 0 0 0 0 0 0 0 0 0 0 0 0 0 0 0 0 0 0 0 0 0 0 0 0 0 0 0 0 0 0 0 0 0 0 0 0 0 0 0 0 0 0 0 0 0 0 0 0 0 0 0 0 0 0 0 0 0 0 0 0 0 0 0 0 0 0 0 0 0 0 0 0 0 0 0 0 0 0 0 0 0 0 0 0 0 0 0 0 0 0 0 0 0 0 0 0 0 0 0 0 0 0 0 0 0 0 0 0 0 0 0 0 0 0 0 0 0 0 0 0 0 0 0 0 0 0 0 0 0 0 0 0 0 0 0 0 0 0 0 0 0 0 0 0 0 0 0 0 0 0 0 0 0 0 0 0 0 0 0 0 0


# name: r_0_m14_G0_L0p3_D0p7
# type: matrix
# rows: 1
# columns: 14
 0 -14 0.2 0 0.3 0 -12.05781666666667 0 0 1.322665314305424 0 144.5 2.738612787525831 0.7




