# Created by Octave 3.8.2, Mon Jul 03 16:28:08 2017 BST <co1ssj@node117>
# name: result
# type: scalar struct
# ndims: 2
 1 1
# length: 3
# name: params
# type: scalar struct
# ndims: 2
 1 1
# length: 18
# name: cleanup
# type: scalar
0


# name: num_runs
# type: scalar
6


# name: dopamine
# type: scalar
0.7


# name: targetCross
# type: scalar
1


# name: targetLuminance
# type: scalar
0.3


# name: targetWidthX
# type: scalar
6


# name: targetWidthY
# type: scalar
2


# name: fixCross
# type: scalar
1


# name: fixLuminance
# type: scalar
0.2


# name: fixWidthX
# type: scalar
6


# name: fixWidthY
# type: scalar
2


# name: fixOn
# type: scalar
0


# name: targetOff
# type: scalar
1


# name: targetOn
# type: scalar
0.2


# name: fixOff
# type: scalar
0.2


# name: targetThetaX
# type: scalar
0


# name: targetThetaY
# type: scalar
-15


# name: exptnum
# type: scalar
0




# name: r_0_m15_G0_L0p3_D0p7_llbn
# type: matrix
# rows: 24
# columns: 600
 0 0 0 0 0 0 0 0 0 0 0 0 0 0 0 0 0 0 0 0 0 0 0 0 0 0 0 0 0 0 0 0 0 0 0 0 0 0 0 0 0 0 0 0 0 0 0 0 0 0 0 0 0 0 0 0 0 0 0 0 0 0 0 0 0 0 0 0 0 0 0 0 0 0 0 0 0 0 0 0 0 0 0 0 0 0 0 0 0 0 0 0 0 0 0 0 0 0 0 0 0 0 0 0 0 0 0 0 0 0 0 0 0 0 0 0 0 0 0 0 0 0 0 0 0 0 0 0 0 0 0 0 0 0 0 0 0 0 0 0 0 0 0 0 0 0 0 0 0 0 0 0 0 0 0 0 0 0 0 0 0 0 0 0 0 0 0 0 0 0 0 0 0 0 0 0 0 0 0 0 0 0 0 0 0 0 0 0 0 0 0 0 0 0 0 0 0 0 0 0 0 0 0 0 0 0 0 0 0 0 0 0 0 0 0 0 0 0 0 0 0 0 0 0 0 0 0 0 0 0 0 0 0 0 0 0 0 0 0 0 0 0 0 0 0 0 0 0 0 0 0 0 0 0 0 0 0 0 0 0 0 0 0 0 0 0 0 0 0 0 0 0 0 0 0 0 0 0 0 0 0 0 0 0 0 0 0 0 0 0 0 0 0 0 0 0 0 0 0 0 0 0 0 0 0 0 0 0 0 0 0 0 0 0 0 0 0 0 0 0 0 0 0 0 0 0 0 0 0 0 0 0 0 0 0 0 0 0 0 0 0 0 0 0 0 0 0 0 0 0 0 0 0 0 0 0 0 0 0 0 0 0 0 0 0 0 0 0 0 0 0 0 0 0 0 0 0 0 0 0 0 0 0 0 0 0 0 0 0 0 0 0 0 0 0 0 0 0 0 0 0 0 0 0 0 0 0 0 0 0 0 0 0 0 0 0 0 0 0 0 0 0 0 0 0 0 0 0 0 0 0 0 0 0 0 0 0 0 0 0 0 0 0 0 0 0 0 0 0 0 0 0 0 0 0 0 0 0 0 0 0 0 0 0 0 0 0 0 0 0 0 0 0 0 0 0 0 0 0 0 0 0 0 0 0 0 0 0 0 0 0 0 0 0 0 0 0 0 0 0 0 0 0 0 0 0 0 0 0 0 0 0 0 0 0 0 0 0 0 0 0 0 0 0 0 0 0 0 0 0 0 0 0 0 0 0 0 0 0 0 0 0 0 0 0 0 0 0 0 0 0 0 0 0 0 0 0 0 0 0 0 0 0 0 0 0 0 0 0 0 0 0 0 0 0 0 0 0 0 0 0 0 0 0 0 0 0 0 0 0 0 0 0 0 0 0 0 0 0 0
 0 0 0 0 0 0 0 0 0 0 0 0 0 0 0 0 0 0 0 0 0 0 0 0 0 0 0 0 0 0 0 0 0 0 0 0 0 0 0 0 0 0 0 0 0 0 0 0 0 0 0 0 0 0 0 0 0 0 0 0 0 0 0 0 0 0 0 0 0 0 0 0 0 0 0 0 0 0 0 0 0 0 0 0 0 0 0 0 0 0 0 0 0 0 0 0 0 0 0 0 0 0 0 0 0 0 0 0 0 0 0 0 0 0 0 0 0 0 0 0 0 0 0 0 0 0 0 0 0 0 0 0 0 0 0 0 0 0 0 0 0 0 0 0 0 0 0 0 0 0 0 0 0 0 0 0 0 0 0 0 0 0 0 0 0 0 0 0 0 0 0 0 0 0 0 0 0 0 0 0 0 0 0 0 0 0 0 0 0 0 0 0 0 0 0 0 0 0 0 0 0 0 0 0 0 0 0 0 0 0 0 0 0 0 0 0 0 0 0 0 0 0 0 0 0 0 0 0 0 0 0 0 0 0 0 0 0 0 0 0 0 0 0 0 0 0 0 0 0 0 0 0 0 0 0 0 0 0 0 0 0 0 0 0 0 0 0 0 0 0 0 0 0 0 0 0 0 0 0 0 0 0 0 0 0 0 0 0 0 0 0 0 0 0 0 0 0 0 0 0 0 0 0 0 0 0 0 0 0 0 0 0 0 0 0 0 0 0 0 0 0 0 0 0 0 0 0 0 0 0 0 0 0 0.0001985844428418204 0.001196517376229167 0.003069696947932243 0.005912764929234982 0.009797580540180206 0.01484590955078602 0.02105122990906239 0.02838936820626259 0.03655453771352768 0.04570042341947556 0.05583801120519638 0.06688842177391052 0.07854156941175461 0.09078136831521988 0.1036224514245987 0.1170526966452599 0.1309323161840439 0.1452335119247437 0.1600318849086761 0.1751955151557922 0.1907023936510086 0.2065369188785553 0.222678080201149 0.2389972358942032 0.2554608583450317 0.2721055448055267 0.2867811918258667 0.2972404956817627 0.3020031452178955 0.2999349236488342 0.2900539040565491 0.2755511999130249 0.2617736458778381 0.2486849576234818 0.236250713467598 0.2244381755590439 0.2132162600755692 0.2025554478168488 0.1924276798963547 0.1828062981367111 0.1736659854650497 0.1649826914072037 0.1567335575819016 0.1488968729972839 0.1414520293474197 0.1343794316053391 0.1276604533195496 0.121277429163456 0.1152135580778122 0.1094528809189796 0.1039802357554436 0.09878122061491013 0.09384215623140335 0.08915004879236221 0.08469254523515701 0.08045791834592819 0.07643502205610275 0.07261326909065247 0.06898260861635208 0.06553348153829575 0.06225680559873581 0.05914396420121193 0.05618676543235779 0.0533774271607399 0.05070855468511581 0.04817312583327293 0.04576446861028671 0.04347624629735947 0.04130243510007858 0.03923731297254562 0.03727544844150543 0.03541167452931404 0.03364109247922897 0.03195903822779655 0.03036108613014221 0.02884303219616413 0.02740088105201721 0.02603083662688732 0.0247292947024107 0.02349282987415791 0.02231818810105324 0.02120227925479412 0.02014216594398022 0.01913505792617798 0.01817830465734005 0.01726938970386982 0.01640591956675053 0.01558562368154526 0.01480634231120348 0.01406602561473846 0.01336272433400154 0.01269458793103695 0.01205985806882381 0.01145686488598585 0.01088402140885592 0.01033982075750828 0.009822829626500607 0.009331688284873962 0.008865104056894779 0.008421848528087139 0.008000755682587624 0.007600717712193727 0.007220681756734848 0.006859647575765848 0.00651666522026062 0.006190831772983074 0.005881289951503277 0.005587225314229727 0.005307863932102919 0.005042470525950193 0.004790347069501877 0.004550829529762268 0.00432328786700964 0.004107123240828514 0.003901767078787088 0.003706678748130798 0.003521344857290387 0.0033452776260674 0.003178013721480966 0.003019113093614578 0.002868157345801592 0.002724749501794577 0.002588511910289526 0.002459086244925857 0.002336131874471903 0.00221932539716363 0.00210835924372077 0.002002941211685538 0.001902794116176665 0.001807654392905533 0.001717271632514894 0.001631407998502254 0.00154983764514327 0.001472345786169171 0.001398728461936116 0.001328792073763907 0.001262352452613413 0.001199234859086573 0.001139273168519139 0.001082309521734715 0.001028194092214108 0.0009767843876034021 0.0009279451915062964 0.0008815479231998324 0.0008374705212190747 0.0007955969776958227 0.0007558171055279672 0.0007180262473411858 0.0006821249262429774 0.0006480186711996794 0.0006156177259981632 0.0005848368164151907 0.0005555949755944312 0.000527815253008157 0.0005014244816266 0.0004763532488141209 0.0004525355761870742 0.0004299088031984866 0.0004084133543074131 0.0003879926807712764 0.0003685930569190532 0.0003501634055282921 0.000332655239617452 0.0003160224878229201 0.0003002213779836893 0.000285210320726037 0.000270949793048203 0.0002574023092165589 0.0002445321879349649 0.0002323055814485997 0.0002206903009209782 0.0002096557873301208 0.0001991729950532317 0.0001892143482109532 0.0001797536242520437 0.0001707659394014627 0.0001622276467969641 0.0001541162637295201 0.000146410457091406 0.0001390899415127933 0.0001321354502579197 0.000125528677017428 0.0001192522468045354 0.0001132896359195001 0.0001076251573977061 0.0001022439028020017 9.71317058429122e-05 9.227512055076659e-05 8.766136306803674e-05 8.327829709742218e-05 7.911438297014683e-05 7.515866309404373e-05 7.140073284972459e-05 6.783069693483412e-05 6.443916208809242e-05 6.121720070950687e-05 5.815633994643576e-05 5.524852167582139e-05 5.248609522823244e-05 4.986179192201234e-05 4.736870323540643e-05 4.500026989262551e-05 4.275025639799424e-05 4.061274375999346e-05 3.858210766338743e-05 3.665300391730852e-05 3.482035390334204e-05 3.307933729956858e-05 3.142537025269121e-05 2.985410174005665e-05 2.836139719875064e-05 2.694332761166152e-05 2.559616041253321e-05 2.431635221000761e-05 2.310053423570935e-05 2.194550688727759e-05 2.084823063341901e-05 1.980581873795018e-05 1.881552816485055e-05 1.787475230230484e-05 1.698101550573483e-05 1.613196400285233e-05 1.532536589365918e-05 1.455909750802675e-05 1.383114249620121e-05 1.313958546234062e-05 1.248260650754673e-05 1.185847577289678e-05 1.126555162045406e-05 1.070227426680503e-05 1.016716032609111e-05 9.658801900513936e-06 9.175862032861914e-06 8.717069249541964e-06 8.281215741590131e-06 7.867154636187479e-06 7.473796813428635e-06 7.10010681359563e-06 6.745101472915849e-06 6.407846285583219e-06 6.08745403951616e-06 5.783081178378779e-06 5.493927346833516e-06 5.219230843067635e-06 4.958269528287929e-06 4.710355824499857e-06 4.474838078749599e-06 4.251096015650546e-06 4.038541192130651e-06 3.836614268948324e-06 3.644783646450378e-06 3.462544555077329e-06 3.289417236373993e-06 3.124946488242131e-06 2.968699163830024e-06 2.820264171532472e-06 2.679250883375062e-06 2.545288225519471e-06 2.418023768768762e-06 2.297122591699008e-06 2.182266371164587e-06 2.073153154924512e-06 1.969495542653021e-06 1.871020799626422e-06 1.777469719854707e-06 0.0001392811245750636 0.0005640383460558951
 0 0 0 0 0 0 0 0 0 0 0 0 0 0 0 0 0 0 0 0 0 0 0 0 0 0 0 0 0 0 0 0 0 0 0 0 0 0 0 0 0 0 0 0 0 0 0 0 0 0 0 0 0 0 0 0 0 0 0 0 0 0 0 0 0 0 0 0 0 0 0 0 0 0 0 0 0 0 0 0 0 0 0 0 0 0 0 0 0 0 0 0 0 0 0 0 0 0 0 0 0 0 0 0 0 0 0 0 0 0 0 0 0 0 0 0 0 0 0 0 0 0 0 0 0 0 0 0 0 0 0 0 0 0 0 0 0 0 0 0 0 0 0 0 0 0 0 0 0 0 0 0 0 0 0 0 0 0 0 0 0 0 0 0 0 0 0 0 0 0 0 0 0 0 0 0 0 0 0 0 0 0 0 0 0 0 0 0 0 0 0 0 0 0 0 0 0 0 0 0 0 0 0 0 0 0 0 0 0 0 0 0 0 0 0 0 0 0 0 0 0 0 0 0 0 0 0 0 0 0 0 0 0 0 0 0 0 0 0 0 0 0 0 0 0 0 0 0 0 0 0 0 0 0 0 0 0 0 0 0 0 0 0 0 0 0 0 0 0 0 0 0 0 0 0 0 0 0 0 0 0 0 0 0 0 0 0 0 0 0 0 0 0 0 0 0 0 0 0 0 0 0 0 0 0 0 0 0 0 0 0 0 0 0 0 0 0 0 0 0 0 0 0 0 0 0 0 0 0 0 0 0 0 0 0 0 0 0 0 0 0 0 0 0 0 0 0 0 0 0 0 0 0 0 0 0 0 0 0 0 0 0 0 0 0 0 0 0 0 0 0 0 0 0 0 0 0 0 0 0 0 0 0 0 0 0 0 0 0 0 0 0 0 0 0 0 0 0 0 0 0 0 0 0 0 0 0 0 0 0 0 0 0 0 0 0 0 0 0 0 0 0 0 0 0 0 0 0 0 0 0 0 0 0 0 0 0 0 0 0 0 0 0 0 0 0 0 0 0 0 0 0 0 0 0 0 0 0 0 0 0 0 0 0 0 0 0 0 0 0 0 0 0 0 0 0 0 0 0 0 0 0 0 0 0 0 0 0 0 0 0 0 0 0 0 0 0 0 0 0 0 0 0 0 0 0 0 0 0 0 0 0 0 0 0 0 0 0 0 0 0 0 0 0 0 0 0 0 0 0 0 0 0 0 0 0 0 0 0 0 0 0 0 0 0 0 0 0 0 0 0 0 0 0 0 0 0 0 0 0 0 0 0 0 0 0 0 0 0 0 0 0 0 0 0 0 0 0 0 0 0 0 0 0 0 0 0 0 0 0 0 0 0 0 0 0 0 0 0 0
 0 0 0 0 0 0 0 0 0 0 0 0 0 0 0 0 0 0 0 0 0 0 0 0 0 0 0 0 0 0 0 0 0 0 0 0 0 0 0 0 0 0 0 0 0 0 0 0 0 0 0 0 0 0 0 0 0 0 0 0 0 0 0 0 0 0 0 0 0 0 0 0 0 0 0 0 0 0 0 0 0 0 0 0 0 0 0 0 0 0 0 0 0 0 0 0 0 0 0 0 0 0 0 0 0 0 0 0 0 0 0 0 0 0 0 0 0 0 0 0 0 0 0 0 0 0 0 0 0 0 0 0 0 0 0 0 0 0 0 0 0 0 0 0 0 0 0 0 0 0 0 0 0 0 0 0 0 0 0 0 0 0 0 0 0 0 0 0 0 0 0 0 0 0 0 0 0 0 0 0 0 0 0 0 0 0 0 0 0 0 0 0 0 0 0 0 0 0 0 0 0 0 0 0 0 0 0 0 0 0 0 0 0 0 0 0 0 0 0 0 0 0 0 0 0 0 0 0 0 0 0 0 0 0 0 0 0 0 0 0 0 0 0 0 0 0 0 0 0 0 0 0 0 0 0 0 0 0 0 0 0 0 0 0 0 0 0 0 0 0 0 0 0 0 0 0 0 0 0 0 0 0 0 0 0 0 0 0 0 0 0 0 0 0 0 0 0 0 0 0 0 0 0 0 0 0 0 0 0 0 0 0 0 0 0 0 0 0 0 0 0 0 0 0 0 0 0 0 0 0 0 0 0 0 0 0 0 0 0 0 0 0 0 0 0 0 0 0 0 0 0 0 0 0 0 0 0 0 0 0 0 0 0 0 0 0 0 0 0 0 0 0 0 0 0 0 0 0 0 0 0 0 0 0 0 0 0 0 0 0 0 0 0 0 0 0 0 0 0 0 0 0 0 0 0 0 0 0 0 0 0 0 0 0 0 0 0 0 0 0 0 0 0 0 0 0 0 0 0 0 0 0 0 0 0 0 0 0 0 0 0 0 0 0 0 0 0 0 0 0 0 0 0 0 0 0 0 0 0 0 0 0 0 0 0 0 0 0 0 0 0 0 0 0 0 0 0 0 0 0 0 0 0 0 0 0 0 0 0 0 0 0 0 0 0 0 0 0 0 0 0 0 0 0 0 0 0 0 0 0 0 0 0 0 0 0 0 0 0 0 0 0 0 0 0 0 0 0 0 0 0 0 0 0 0 0 0 0 0 0 0 0 0 0 0 0 0 0 0 0 0 0 0 0 0 0 0 0 0 0 0 0 0 0 0 0 0 0 0 0 0 0 0 0 0 0 0 0 0 0 0 0 0 0 0 0 0 0 0 0 0 0 0 0 0 0 0 0 0 0
 0 0 0 0 0 0 0 0 0 0 0 0 0 0 0 0 0 0 0 0 0 0 0 0 0 0 0 0 0 0 0 0 0 0 0 0 0 0 0 0 0 0 0 0 0 0 0 0 0 0 0 0 0 0 0 0 0 0 0 0 0 0 0 0 0 0 0 0 0 0 0 0 0 0 0 0 0 0 0 0 0 0 0 0 0 0 0 0 0 0 0 0 0 0 0 0 0 0 0 0 0 0 0 0 0 0 0 0 0 0 0 0 0 0 0 0 0 0 0 0 0 0 0 0 0 0 0 0 0 0 0 0 0 0 0 0 0 0 0 0 0 0 0 0 0 0 0 0 0 0 0 0 0 0 0 0 0 0 0 0 0 0 0 0 0 0 0 0 0 0 0 0 0 0 0 0 0 0 0 0 0 0 0 0 0 0 0 0 0 0 0 0 0 0 0 0 0 0 0 0 0 0 0 0 0 0 0 0 0 0 0 0 0 0 0 0 0 0 0 0 0 0 0 0 0 0 0 0 0 0 0 0 0 0 0 0 0 0 0 0 0 0 0 0 0 0 0 0 0 0 0 0 0 0 0 0 0 0 0 0 0 0 0 0 0 0 0 0 0 0 0 0 0 0 0 0 0 0 0 0 0 0 0 0 0 0 0 0 0 0 0 0 0 0 0 0 0 0 0 0 0 0 0 0 0 0 0 0 0 0 0 0 0 0 0 0 0 0 0 0 0 0 0 0 0 0 0 0 0 0 0 0 0 0 0 0 0 0 0 0 0 0 0 0 0 0 0 0 0 0 0 0 0 0 0 0 0 0 0 0 0 0 0 0 0 0 0 0 0 0 0 0 0 0 0 0 0 0 0 0 0 0 0 0 0 0 0 0 0 0 0 0 0 0 0 0 0 0 0 0 0 0 0 0 0 0 0 0 0 0 0 0 0 0 0 0 0 0 0 0 0 0 0 0 0 0 0 0 0 0 0 0 0 0 0 0 0 0 0 0 0 0 0 0 0 0 0 0 0 0 0 0 0 0 0 0 0 0 0 0 0 0 0 0 0 0 0 0 0 0 0 0 0 0 0 0 0 0 0 0 0 0 0 0 0 0 0 0 0 0 0 0 0 0 0 0 0 0 0 0 0 0 0 0 0 0 0 0 0 0 0 0 0 0 0 0 0 0 0 0 0 0 0 0 0 0 0 0 0 0 0 0 0 0 0 0 0 0 0 0 0 0 0 0 0 0 0 0 0 0 0 0 0 0 0 0 0 0 0 0 0 0 0 0 0 0 0 0 0 0 0 0 0 0 0 0 0 0 0 0 0 0 0 0 0 0 0 0 0 0 0 0 0 0 0 0 0 0 0 0
 0 0 0 0 0 0 0 0 0 0 0 0 0 0 0 0 0 0 0 0 0 0 0 0 0 0 0 0 0 0 0 0 0 0 0 0 0 0 0 0 0 0 0 0 0 0 0 0 0 0 0 0 0 0 0 0 0 0 0 0 0 0 0 0 0 0 0 0 0 0 0 0 0 0 0 0 0 0 0 0 0 0 0 0 0 0 0 0 0 0 0 0 0 0 0 0 0 0 0 0 0 0 0 0 0 0 0 0 0 0 0 0 0 0 0 0 0 0 0 0 0 0 0 0 0 0 0 0 0 0 0 0 0 0 0 0 0 0 0 0 0 0 0 0 0 0 0 0 0 0 0 0 0 0 0 0 0 0 0 0 0 0 0 0 0 0 0 0 0 0 0 0 0 0 0 0 0 0 0 0 0 0 0 0 0 0 0 0 0 0 0 0 0 0 0 0 0 0 0 0 0 0 0 0 0 0 0 0 0 0 0 0 0 0 0 0 0 0 0 0 0 0 0 0 0 0 0 0 0 0 0 0 0 0 0 0 0 0 0 0 0 0 0 0 0 0 0 0 0 0 0 0 0 0 0 0 0 0 0 0 0 0 0 0 0 0 0 0 0 0 0 0 0 0 0 0 0 0 0 0 0 0 0 0 0 0 0 0 0 0 0 0 0 0 0 0 0 0 0 0 0 0 0 0 0 0 0 0 0 0 0 0 0 0 0 0 0 0 0 0 0 0 0 0 0 0 0 0 0 0 0 0 0 0 0.0006050490192137659 0.002120385644957423 0.004662275779992342 0.00821328442543745 0.01281247939914465 0.01854861341416836 0.02555187791585922 0.03362021595239639 0.04258860647678375 0.05254147201776505 0.06353799998760223 0.07548121362924576 0.08825142681598663 0.101618155837059 0.1154364347457886 0.1297452300786972 0.1445871740579605 0.1598564833402634 0.1754917800426483 0.1914210915565491 0.2077496200799942 0.2244257032871246 0.241519421339035 0.2589886486530304 0.2767660021781921 0.2931250333786011 0.3055290281772614 0.312218964099884 0.311928391456604 0.3038767278194427 0.2886828780174255 0.2742487192153931 0.2605362832546234 0.2475094646215439 0.2351339906454086 0.2233772873878479 0.2122084200382233 0.2015980035066605 0.191518098115921 0.1819421947002411 0.1728450804948807 0.1642028242349625 0.1559926867485046 0.1481930464506149 0.1407833993434906 0.1337442249059677 0.1270570158958435 0.1207041665911674 0.11466895788908 0.1089355126023293 0.1034887358546257 0.09831430017948151 0.09339858591556549 0.0887286588549614 0.0842922255396843 0.08007761090993881 0.07607372850179672 0.07227004319429398 0.06865654140710831 0.06522371619939804 0.06196253001689911 0.05886440351605415 0.05592118203639984 0.05312512442469597 0.05046886950731277 0.04794542491436005 0.04554815217852592 0.04327074438333511 0.04110720753669739 0.0390518456697464 0.03709925338625908 0.03524428978562355 0.03348207473754883 0.03180797025561333 0.03021757118403912 0.02870669215917587 0.02727135829627514 0.02590779028832912 0.02461240068078041 0.02338178083300591 0.02221269160509109 0.0211020577698946 0.02004695497453213 0.01904460787773132 0.01809237711131573 0.01718775741755962 0.01632837019860744 0.0155119514092803 0.01473635341972113 0.01399953570216894 0.0132995592430234 0.01263458095490932 0.0120028518140316 0.01140270940959454 0.01083257421851158 0.01029094588011503 0.009776398539543152 0.009287578985095024 0.00882320012897253 0.008382040075957775 0.007962938398122787 0.007564791478216648 0.007186552044004202 0.006827224511653185 0.006485863123089075 0.006161570083349943 0.005853491369634867 0.00556081673130393 0.005282775964587927 0.005018637049943209 0.004767705220729113 0.004529320169240236 0.004302854184061289 0.004087711684405804 0.003883326193317771 0.00368915987201035 0.003504701890051365 0.003329466795548797 0.003162993350997567 0.003004843601956964 0.002854601480066776 0.002711871406063437 0.002576277824118733 0.002447464037686586 0.002325090812519193 0.002208836376667023 0.002098394557833672 0.001993474783375859 0.001893801032565534 0.00179911102168262 0.001709155505523086 0.001623697695322335 0.00154251279309392 0.001465387176722288 0.001392117817886174 0.001322511932812631 0.001256386283785105 0.001193566946312785 0.001133888610638678 0.001077194232493639 0.001023334567435086 0.0009721678216010332 0.0009235594188794494 0.0008773814188316464 0.000833512342069298 0.0007918367045931518 0.0007522448431700468 0.0007146326242946088 0.0006789009785279632 0.0006449559004977345 0.0006127080996520817 0.0005820727092213929 0.0005529690533876419 0.0005253205890767276 0.0004990545567125082 0.0004741018346976489 0.0004503967356868088 0.0004278768901713192 0.0004064830427523702 0.000386158877518028 0.0003668509307317436 0.0003485083871055394 0.0003310829633846879 0.0003145288210362196 0.0002988023916259408 0.0002838622604031116 0.0002696691371966153 0.0002561856817919761 0.0002433764020679519 0.0002312075812369585 0.0002196472050854936 0.0002086648455588147 0.0001982316025532782 0.0001883200166048482 0.0001789040106814355 0.0001699588028714061 0.0001614608627278358 0.0001533878239570186 0.0001457184262108058 0.0001384325005346909 0.0001315108820563182 0.0001249353372259066 0.000118688571092207 0.0001127541399910115 0.00010711642971728 0.0001017606118693948 9.667257836554199e-05 9.183894871966913e-05 8.72470045578666e-05 8.288465323857963e-05 7.874042057665065e-05 7.4803399911616e-05 7.106323027983308e-05 6.75100673106499e-05 6.413456139853224e-05 6.092783223721199e-05 5.788143971585669e-05 5.498736936715432e-05 5.223799962550402e-05 4.962609818903729e-05 4.714479291578755e-05 4.478755363379605e-05 4.254817758919671e-05 4.042076761834323e-05 3.839972850983031e-05 3.647974153864197e-05 3.465575355221517e-05 3.292296605650336e-05 3.127681702608243e-05 2.971297544718254e-05 2.822732676577289e-05 2.681596015463583e-05 2.547516123740934e-05 2.420140299363993e-05 2.299133302585687e-05 2.184176628361456e-05 2.074967778753489e-05 1.971219353436027e-05 1.872658322099596e-05 1.779025478754193e-05 1.690074168436695e-05 1.605570469109807e-05 1.525291918369476e-05 1.449027331545949e-05 1.376575983158546e-05 1.307747152168304e-05 1.2423597581801e-05 1.180241815745831e-05 1.121229706768645e-05 1.065168180502951e-05 1.011909807857592e-05 9.613143447495531e-06 9.13248641154496e-06 8.675861863594037e-06 8.242068361141719e-06 7.829965397831984e-06 7.438467036990914e-06 7.066543730616104e-06 6.713216407661093e-06 6.377555564540671e-06 6.058677627152065e-06 5.755743586632889e-06 5.467956270877039e-06 5.19455852554529e-06 4.934830485581188e-06 4.688089120463701e-06 4.453684596228413e-06 4.231000275467522e-06 4.019450443593087e-06 3.81847803510027e-06 3.627554178819992e-06 3.446176378929522e-06 3.273867605457781e-06 3.110174247922259e-06 2.954665433207992e-06 2.806932116072858e-06 2.666585487531847e-06 2.533256292736041e-06 2.406593466730556e-06 2.28626367970719e-06 2.171950427509728e-06 2.063352894765558e-06 1.960185272764647e-06 1.86217596365168e-06 1.769067125678703e-06 1.680613763710426e-06
 0 0 0 0 0 0 0 0 0 0 0 0 0 0 0 0 0 0 0 0 0 0 0 0 0 0 0 0 0 0 0 0 0 0 0 0 0 0 0 0 0 0 0 0 0 0 0 0 0 0 0 0 0 0 0 0 0 0 0 0 0 0 0 0 0 0 0 0 0 0 0 0 0 0 0 0 0 0 0 0 0 0 0 0 0 0 0 0 0 0 0 0 0 0 0 0 0 0 0 0 0 0 0 0 0 0 0 0 0 0 0 0 0 0 0 0 0 0 0 0 0 0 0 0 0 0 0 0 0 0 0 0 0 0 0 0 0 0 0 0 0 0 0 0 0 0 0 0 0 0 0 0 0 0 0 0 0 0 0 0 0 0 0 0 0 0 0 0 0 0 0 0 0 0 0 0 0 0 0 0 0 0 0 0 0 0 0 0 0 0 0 0 0 0 0 0 0 0 0 0 0 0 0 0 0 0 0 0 0 0 0 0 0 0 0 0 0 0 0 0 0 0 0 0 0 0 0 0 0 0 0 0 0 0 0 0 0 0 0 0 0 0 0 0 0 0 0 0 0 0 0 0 0 0 0 0 0 0 0 0 0 0 0 0 0 0 0 0 0 0 0 0 0 0 0 0 0 0 0 0 0 0 0 0 0 0 0 0 0 0 0 0 0 0 0 0 0 0 0 0 0 0 0 0 0 0 0 0 0 0 0 0 0 0 0 0 0 0 0 0 0 0 0 0 0 0 0 0 0 0 0 0 0 0 0 0 0 0 0 0 0 0 0 0 0 0 0 0 0 0 0 0 0 0 0 0 0 0 0 0 0 0 0 0 0 0 0 0 0 0 0 0 0 0 0 0 0 0 0 0 0 0 0 0 0 0 0 0 0 0 0 0 0 0 0 0 0 0 0 0 0 0 0 0 0 0 0 0 0 0 0 0 0 0 0 0 0 0 0 0 0 0 0 0 0 0 0 0 0 0 0 0 0 0 0 0 0 0 0 0 0 0 0 0 0 0 0 0 0 0 0 0 0 0 0 0 0 0 0 0 0 0 0 0 0 0 0 0 0 0 0 0 0 0 0 0 0 0 0 0 0 0 0 0 0 0 0 0 0 0 0 0 0 0 0 0 0 0 0 0 0 0 0 0 0 0 0 0 0 0 0 0 0 0 0 0 0 0 0 0 0 0 0 0 0 0 0 0 0 0 0 0 0 0 0 0 0 0 0 0 0 0 0 0 0 0 0 0 0 0 0 0 0 0 0 0 0 0 0 0 0 0 0 0 0 0 0 0 0 0 0 0 0 0 0 0 0 0 0 0 0 0 0 0 0 0 0 0 0 0 0 0 0 0 0 0 0 0 0 0
 0 0 0 0 0 0 0 0 0 0 0 0 0 0 0 0 0 0 0 0 0 0 0 0 0 0 0 0 0 0 0 0 0 0 0 0 0 0 0 0 0 0 0 0 0 0 0 0 0 0 0 0 0 0 0 0 0 0 0 0 0 0 0 0 0 0 0 0 0 0 0 0 0 0 0 0 0 0 0 0 0 0 0 0 0 0 0 0 0 0 0 0 0 0 0 0 0 0 0 0 0 0 0 0 0 0 0 0 0 0 0 0 0 0 0 0 0 0 0 0 0 0 0 0 0 0 0 0 0 0 0 0 0 0 0 0 0 0 0 0 0 0 0 0 0 0 0 0 0 0 0 0 0 0 0 0 0 0 0 0 0 0 0 0 0 0 0 0 0 0 0 0 0 0 0 0 0 0 0 0 0 0 0 0 0 0 0 0 0 0 0 0 0 0 0 0 0 0 0 0 0 0 0 0 0 0 0 0 0 0 0 0 0 0 0 0 0 0 0 0 0 0 0 0 0 0 0 0 0 0 0 0 0 0 0 0 0 0 0 0 0 0 0 0 0 0 0 0 0 0 0 0 0 0 0 0 0 0 0 0 0 0 0 0 0 0 0 0 0 0 0 0 0 0 0 0 0 0 0 0 0 0 0 0 0 0 0 0 0 0 0 0 0 0 0 0 0 0 0 0 0 0 0 0 0 0 0 0 0 0 0 0 0 0 0 0 0 0 0 0 0 0 0 0 0 0 0 0 0 0 0 0 0 0 0 0 0 0 0 0 0 0 0 0 0 0 0 0 0 0 0 0 0 0 0 0 0 0 0 0 0 0 0 0 0 0 0 0 0 0 0 0 0 0 0 0 0 0 0 0 0 0 0 0 0 0 0 0 0 0 0 0 0 0 0 0 0 0 0 0 0 0 0 0 0 0 0 0 0 0 0 0 0 0 0 0 0 0 0 0 0 0 0 0 0 0 0 0 0 0 0 0 0 0 0 0 0 0 0 0 0 0 0 0 0 0 0 0 0 0 0 0 0 0 0 0 0 0 0 0 0 0 0 0 0 0 0 0 0 0 0 0 0 0 0 0 0 0 0 0 0 0 0 0 0 0 0 0 0 0 0 0 0 0 0 0 0 0 0 0 0 0 0 0 0 0 0 0 0 0 0 0 0 0 0 0 0 0 0 0 0 0 0 0 0 0 0 0 0 0 0 0 0 0 0 0 0 0 0 0 0 0 0 0 0 0 0 0 0 0 0 0 0 0 0 0 0 0 0 0 0 0 0 0 0 0 0 0 0 0 0 0 0 0 0 0 0 0 0 0 0 0 0 0 0 0 0 0 0 0 0 0 0 0 0 0 0 0 0 0
 0 0 0 0 0 0 0 0 0 0 0 0 0 0 0 0 0 0 0 0 0 0 0 0 0 0 0 0 0 0 0 0 0 0 0 0 0 0 0 0 0 0 0 0 0 0 0 0 0 0 0 0 0 0 0 0 0 0 0 0 0 0 0 0 0 0 0 0 0 0 0 0 0 0 0 0 0 0 0 0 0 0 0 0 0 0 0 0 0 0 0 0 0 0 0 0 0 0 0 0 0 0 0 0 0 0 0 0 0 0 0 0 0 0 0 0 0 0 0 0 0 0 0 0 0 0 0 0 0 0 0 0 0 0 0 0 0 0 0 0 0 0 0 0 0 0 0 0 0 0 0 0 0 0 0 0 0 0 0 0 0 0 0 0 0 0 0 0 0 0 0 0 0 0 0 0 0 0 0 0 0 0 0 0 0 0 0 0 0 0 0 0 0 0 0 0 0 0 0 0 0 0 0 0 0 0 0 0 0 0 0 0 0 0 0 0 0 0 0 0 0 0 0 0 0 0 0 0 0 0 0 0 0 0 0 0 0 0 0 0 0 0 0 0 0 0 0 0 0 0 0 0 0 0 0 0 0 0 0 0 0 0 0 0 0 0 0 0 0 0 0 0 0 0 0 0 0 0 0 0 0 0 0 0 0 0 0 0 0 0 0 0 0 0 0 0 0 0 0 0 0 0 0 0 0 0 0 0 0 0 0 0 0 0 0 0 0 0 0 0 0 0 0 0 0 0 0 0 0 0 0 0 0 0 0 0 0 0 0 0 0 0 0 0 0 0 0 0 0 0 0 0 0 0 0 0 0 0 0 0 0 0 0 0 0 0 0 0 0 0 0 0 0 0 0 0 0 0 0 0 0 0 0 0 0 0 0 0 0 0 0 0 0 0 0 0 0 0 0 0 0 0 0 0 0 0 0 0 0 0 0 0 0 0 0 0 0 0 0 0 0 0 0 0 0 0 0 0 0 0 0 0 0 0 0 0 0 0 0 0 0 0 0 0 0 0 0 0 0 0 0 0 0 0 0 0 0 0 0 0 0 0 0 0 0 0 0 0 0 0 0 0 0 0 0 0 0 0 0 0 0 0 0 0 0 0 0 0 0 0 0 0 0 0 0 0 0 0 0 0 0 0 0 0 0 0 0 0 0 0 0 0 0 0 0 0 0 0 0 0 0 0 0 0 0 0 0 0 0 0 0 0 0 0 0 0 0 0 0 0 0 0 0 0 0 0 0 0 0 0 0 0 0 0 0 0 0 0 0 0 0 0 0 0 0 0 0 0 0 0 0 0 0 0 0 0 0 0 0 0 0 0 0 0 0 0 0 0 0 0 0 0 0 0 0 0 0 0 0 0
 0 0 0 0 0 0 0 0 0 0 0 0 0 0 0 0 0 0 0 0 0 0 0 0 0 0 0 0 0 0 0 0 0 0 0 0 0 0 0 0 0 0 0 0 0 0 0 0 0 0 0 0 0 0 0 0 0 0 0 0 0 0 0 0 0 0 0 0 0 0 0 0 0 0 0 0 0 0 0 0 0 0 0 0 0 0 0 0 0 0 0 0 0 0 0 0 0 0 0 0 0 0 0 0 0 0 0 0 0 0 0 0 0 0 0 0 0 0 0 0 0 0 0 0 0 0 0 0 0 0 0 0 0 0 0 0 0 0 0 0 0 0 0 0 0 0 0 0 0 0 0 0 0 0 0 0 0 0 0 0 0 0 0 0 0 0 0 0 0 0 0 0 0 0 0 0 0 0 0 0 0 0 0 0 0 0 0 0 0 0 0 0 0 0 0 0 0 0 0 0 0 0 0 0 0 0 0 0 0 0 0 0 0 0 0 0 0 0 0 0 0 0 0 0 0 0 0 0 0 0 0 0 0 0 0 0 0 0 0 0 0 0 0 0 0 0 0 0 0 0 0 0 0 0 0 0 0 0 0 0 0 0 0 0 0 0 0 0 0 0 0 0 0 0 0 0 0 0 0 0 0 0 0 0 0 0 0 0 0 0 0 0 0 0 0 0 0 0 0 0 0 0 0 0 0 0 0 0 0 0 0 0 0 0 0 0 0 0 0 0 0 0 0 0 0 0 0 0 0 0 0 0.0001609466562513262 0.001151037053205073 0.003006101818755269 0.005873710848391056 0.009783407673239708 0.01474643591791391 0.02084068953990936 0.02815890684723854 0.03641558438539505 0.04558862373232841 0.05577271804213524 0.06677335500717163 0.07842420786619186 0.09065045416355133 0.103488102555275 0.1169824600219727 0.1310954838991165 0.1455991566181183 0.1604914963245392 0.1757867336273193 0.1914218068122864 0.207242414355278 0.2233021259307861 0.239661380648613 0.256348043680191 0.273289680480957 0.2881969213485718 0.298755019903183 0.3034343719482422 0.3011669814586639 0.2913089692592621 0.2767435312271118 0.2629063427448273 0.2497610300779343 0.2372729778289795 0.2254093289375305 0.2141388654708862 0.2034319192171097 0.1932603269815445 0.1835973113775253 0.1744174510240555 0.1656965762376785 0.1574117541313171 0.1495411694049835 0.1420641094446182 0.1349609047174454 0.1282128542661667 0.1218022108078003 0.1157120987772942 0.1099264919757843 0.1044301688671112 0.09920866042375565 0.09424822777509689 0.08953581750392914 0.0850590243935585 0.08080607652664185 0.07676577568054199 0.07292748987674713 0.06928111612796783 0.06581705808639526 0.06252620369195938 0.05939989537000656 0.0564299002289772 0.05360840633511543 0.05092798545956612 0.04838158562779427 0.04596250504255295 0.04366438090801239 0.04148116335272789 0.03940710425376892 0.03743674978613853 0.03556491062045097 0.03378666564822197 0.03209733217954636 0.03049246594309807 0.02896784245967865 0.02751944959163666 0.02614347636699677 0.02483630180358887 0.02359448745846748 0.02241476252675056 0.02129402384161949 0.02022932283580303 0.01921785622835159 0.01825696416199207 0.01734411530196667 0.01647690869867802 0.01565306261181831 0.01487040985375643 0.01412688940763474 0.01342054456472397 0.01274951733648777 0.01211204193532467 0.01150644011795521 0.01093111839145422 0.01038456242531538 0.009865334257483482 0.009372067637741566 0.008903464302420616 0.008458291180431843 0.008035376667976379 0.00763360783457756 0.007251927629113197 0.00688933115452528 0.006544864736497402 0.006217621266841888 0.005906740203499794 0.005611403379589319 0.00533083314076066 0.005064291413873434 0.004811076913028955 0.004570523276925087 0.00434199720621109 0.004124897532165051 0.003918652422726154 0.003722719848155975 0.003536583855748177 0.00335975456982851 0.003191766794770956 0.003032178385183215 0.00288056954741478 0.002736540976911783 0.002599713858217001 0.002469728235155344 0.002346241846680641 0.002228929661214352 0.002117483178153634 0.002011609030887485 0.001911028521135449 0.001815477153286338 0.00172470323741436 0.001638468122109771 0.001556544681079686 0.001478717429563403 0.00140478159300983 0.00133454252500087 0.001267815358005464 0.001204424537718296 0.00114420335739851 0.001086993142962456 0.001032643485814333 0.0009810113115236163 0.0009319607634097338 0.0008853627368807793 0.0008410945883952081 0.0007990398444235325 0.0007590878522023559 0.0007211334304884076 0.0006850767531432211 0.0006508229416795075 0.0006182817742228508 0.0005873676855117083 0.0005579993012361228 0.0005300993216224015 0.0005035943468101323 0.0004784146440215409 0.0004544939147308469 0.0004317692073527724 0.0004101807426195592 0.0003896717098541558 0.0003701881214510649 0.0003516787255648524 0.0003340948023833334 0.000317390076816082 0.0003015205729752779 0.0002864445559680462 0.0002721223281696439 0.0002585162001196295 0.0002455904032103717 0.0002333108859602362 0.0002216453431174159 0.000210563070140779 0.0002000349195441231 0.0001900331699289382 0.0001805315114324912 0.0001715049293125048 0.0001629296893952414 0.0001547832071082667 0.0001470440474804491 0.000139691837830469 0.0001327072386629879 0.0001260718709090725 0.0001197682795464061 0.000113779868115671 0.0001080908768926747 0.0001026863319566473 9.755201608641073e-05 9.267441782867536e-05 8.804069511825219e-05 8.363866072613746e-05 7.945673132780939e-05 7.548389839939773e-05 7.170970638981089e-05 6.812422361690551e-05 6.4718013163656e-05 6.148211105028167e-05 5.840800440637395e-05 5.548760236706585e-05 5.271322152111679e-05 5.007756044506095e-05 4.75736815133132e-05 4.51949963462539e-05 4.293524762033485e-05 4.078848360222764e-05 3.874905814882368e-05 3.681160524138249e-05 3.497102443361655e-05 3.32224735757336e-05 3.156135062454268e-05 2.998328272951767e-05 2.848411895683967e-05 2.705991209950298e-05 2.570691685832571e-05 2.442157165205572e-05 2.32004931604024e-05 2.20404690480791e-05 2.093844523187727e-05 1.989152224268764e-05 1.889694613055326e-05 1.795209936972242e-05 1.705449358269107e-05 1.62017695402028e-05 1.539168079034425e-05 1.462209638702916e-05 1.389099179505138e-05 1.319644252362195e-05 1.253662048839033e-05 1.190978946397081e-05 1.131429962697439e-05 1.074858482752461e-05 1.021115531329997e-05 9.700597729533911e-06 9.215567843057215e-06 8.754789632803295e-06 8.317049832839984e-06 7.90119702287484e-06 7.506137080781627e-06 7.130830454116222e-06 6.774288976885146e-06 6.435574505303521e-06 6.11379573456361e-06 5.808105925098062e-06 5.517700628843158e-06 5.24181541550206e-06 4.979724508302752e-06 4.73073851026129e-06 4.494201675697695e-06 4.269491455488605e-06 4.056016678077867e-06 3.853215730487136e-06 3.660554966700147e-06 3.477527116046986e-06 3.303650828456739e-06 3.13846840072074e-06 2.98154509437154e-06 2.832467771440861e-06 2.690844439712237e-06 2.556302206357941e-06 2.428487050565309e-06 2.30706268666836e-06 2.191709654653096e-06 2.082124183289125e-06 1.978017962755985e-06 1.879117007774767e-06 1.785161202860763e-06 1.695903165455093e-06 0.0001195286240545101 0.0005057047237642109 0.001125435694120824
 0 0 0 0 0 0 0 0 0 0 0 0 0 0 0 0 0 0 0 0 0 0 0 0 0 0 0 0 0 0 0 0 0 0 0 0 0 0 0 0 0 0 0 0 0 0 0 0 0 0 0 0 0 0 0 0 0 0 0 0 0 0 0 0 0 0 0 0 0 0 0 0 0 0 0 0 0 0 0 0 0 0 0 0 0 0 0 0 0 0 0 0 0 0 0 0 0 0 0 0 0 0 0 0 0 0 0 0 0 0 0 0 0 0 0 0 0 0 0 0 0 0 0 0 0 0 0 0 0 0 0 0 0 0 0 0 0 0 0 0 0 0 0 0 0 0 0 0 0 0 0 0 0 0 0 0 0 0 0 0 0 0 0 0 0 0 0 0 0 0 0 0 0 0 0 0 0 0 0 0 0 0 0 0 0 0 0 0 0 0 0 0 0 0 0 0 0 0 0 0 0 0 0 0 0 0 0 0 0 0 0 0 0 0 0 0 0 0 0 0 0 0 0 0 0 0 0 0 0 0 0 0 0 0 0 0 0 0 0 0 0 0 0 0 0 0 0 0 0 0 0 0 0 0 0 0 0 0 0 0 0 0 0 0 0 0 0 0 0 0 0 0 0 0 0 0 0 0 0 0 0 0 0 0 0 0 0 0 0 0 0 0 0 0 0 0 0 0 0 0 0 0 0 0 0 0 0 0 0 0 0 0 0 0 0 0 0 0 0 0 0 0 0 0 0 0 0 0 0 0 0 0 0 0 0 0 0 0 0 0 0 0 0 0 0 0 0 0 0 0 0 0 0 0 0 0 0 0 0 0 0 0 0 0 0 0 0 0 0 0 0 0 0 0 0 0 0 0 0 0 0 0 0 0 0 0 0 0 0 0 0 0 0 0 0 0 0 0 0 0 0 0 0 0 0 0 0 0 0 0 0 0 0 0 0 0 0 0 0 0 0 0 0 0 0 0 0 0 0 0 0 0 0 0 0 0 0 0 0 0 0 0 0 0 0 0 0 0 0 0 0 0 0 0 0 0 0 0 0 0 0 0 0 0 0 0 0 0 0 0 0 0 0 0 0 0 0 0 0 0 0 0 0 0 0 0 0 0 0 0 0 0 0 0 0 0 0 0 0 0 0 0 0 0 0 0 0 0 0 0 0 0 0 0 0 0 0 0 0 0 0 0 0 0 0 0 0 0 0 0 0 0 0 0 0 0 0 0 0 0 0 0 0 0 0 0 0 0 0 0 0 0 0 0 0 0 0 0 0 0 0 0 0 0 0 0 0 0 0 0 0 0 0 0 0 0 0 0 0 0 0 0 0 0 0 0 0 0 0 0 0 0 0 0 0 0 0 0 0 0
 0 0 0 0 0 0 0 0 0 0 0 0 0 0 0 0 0 0 0 0 0 0 0 0 0 0 0 0 0 0 0 0 0 0 0 0 0 0 0 0 0 0 0 0 0 0 0 0 0 0 0 0 0 0 0 0 0 0 0 0 0 0 0 0 0 0 0 0 0 0 0 0 0 0 0 0 0 0 0 0 0 0 0 0 0 0 0 0 0 0 0 0 0 0 0 0 0 0 0 0 0 0 0 0 0 0 0 0 0 0 0 0 0 0 0 0 0 0 0 0 0 0 0 0 0 0 0 0 0 0 0 0 0 0 0 0 0 0 0 0 0 0 0 0 0 0 0 0 0 0 0 0 0 0 0 0 0 0 0 0 0 0 0 0 0 0 0 0 0 0 0 0 0 0 0 0 0 0 0 0 0 0 0 0 0 0 0 0 0 0 0 0 0 0 0 0 0 0 0 0 0 0 0 0 0 0 0 0 0 0 0 0 0 0 0 0 0 0 0 0 0 0 0 0 0 0 0 0 0 0 0 0 0 0 0 0 0 0 0 0 0 0 0 0 0 0 0 0 0 0 0 0 0 0 0 0 0 0 0 0 0 0 0 0 0 0 0 0 0 0 0 0 0 0 0 0 0 0 0 0 0 0 0 0 0 0 0 0 0 0 0 0 0 0 0 0 0 0 0 0 0 0 0 0 0 0 0 0 0 0 0 0 0 0 0 0 0 0 0 0 0 0 0 0 0 0 0 0 0 0 0 0 0 0 0 0 0 0 0 0 0 0 0 0 0 0 0 0 0 0 0 0 0 0 0 0 0 0 0 0 0 0 0 0 0 0 0 0 0 0 0 0 0 0 0 0 0 0 0 0 0 0 0 0 0 0 0 0 0 0 0 0 0 0 0 0 0 0 0 0 0 0 0 0 0 0 0 0 0 0 0 0 0 0 0 0 0 0 0 0 0 0 0 0 0 0 0 0 0 0 0 0 0 0 0 0 0 0 0 0 0 0 0 0 0 0 0 0 0 0 0 0 0 0 0 0 0 0 0 0 0 0 0 0 0 0 0 0 0 0 0 0 0 0 0 0 0 0 0 0 0 0 0 0 0 0 0 0 0 0 0 0 0 0 0 0 0 0 0 0 0 0 0 0 0 0 0 0 0 0 0 0 0 0 0 0 0 0 0 0 0 0 0 0 0 0 0 0 0 0 0 0 0 0 0 0 0 0 0 0 0 0 0 0 0 0 0 0 0 0 0 0 0 0 0 0 0 0 0 0 0 0 0 0 0 0 0 0 0 0 0 0 0 0 0 0 0 0 0 0 0 0 0 0 0 0 0 0 0 0 0 0 0 0 0 0 0 0 0 0
 0 0 0 0 0 0 0 0 0 0 0 0 0 0 0 0 0 0 0 0 0 0 0 0 0 0 0 0 0 0 0 0 0 0 0 0 0 0 0 0 0 0 0 0 0 0 0 0 0 0 0 0 0 0 0 0 0 0 0 0 0 0 0 0 0 0 0 0 0 0 0 0 0 0 0 0 0 0 0 0 0 0 0 0 0 0 0 0 0 0 0 0 0 0 0 0 0 0 0 0 0 0 0 0 0 0 0 0 0 0 0 0 0 0 0 0 0 0 0 0 0 0 0 0 0 0 0 0 0 0 0 0 0 0 0 0 0 0 0 0 0 0 0 0 0 0 0 0 0 0 0 0 0 0 0 0 0 0 0 0 0 0 0 0 0 0 0 0 0 0 0 0 0 0 0 0 0 0 0 0 0 0 0 0 0 0 0 0 0 0 0 0 0 0 0 0 0 0 0 0 0 0 0 0 0 0 0 0 0 0 0 0 0 0 0 0 0 0 0 0 0 0 0 0 0 0 0 0 0 0 0 0 0 0 0 0 0 0 0 0 0 0 0 0 0 0 0 0 0 0 0 0 0 0 0 0 0 0 0 0 0 0 0 0 0 0 0 0 0 0 0 0 0 0 0 0 0 0 0 0 0 0 0 0 0 0 0 0 0 0 0 0 0 0 0 0 0 0 0 0 0 0 0 0 0 0 0 0 0 0 0 0 0 0 0 0 0 0 0 0 0 0 0 0 0 0 0 0 0 0 0 0 0 0 0 0 0 0 0 0 0 0 0 0 0 0 0 0 0 0 0 0 0 0 0 0 0 0 0 0 0 0 0 0 0 0 0 0 0 0 0 0 0 0 0 0 0 0 0 0 0 0 0 0 0 0 0 0 0 0 0 0 0 0 0 0 0 0 0 0 0 0 0 0 0 0 0 0 0 0 0 0 0 0 0 0 0 0 0 0 0 0 0 0 0 0 0 0 0 0 0 0 0 0 0 0 0 0 0 0 0 0 0 0 0 0 0 0 0 0 0 0 0 0 0 0 0 0 0 0 0 0 0 0 0 0 0 0 0 0 0 0 0 0 0 0 0 0 0 0 0 0 0 0 0 0 0 0 0 0 0 0 0 0 0 0 0 0 0 0 0 0 0 0 0 0 0 0 0 0 0 0 0 0 0 0 0 0 0 0 0 0 0 0 0 0 0 0 0 0 0 0 0 0 0 0 0 0 0 0 0 0 0 0 0 0 0 0 0 0 0 0 0 0 0 0 0 0 0 0 0 0 0 0 0 0 0 0 0 0 0 0 0 0 0 0 0 0 0 0 0 0 0 0 0 0 0 0 0 0 0 0 0 0 0 0 0 0 0 0
 0 0 0 0 0 0 0 0 0 0 0 0 0 0 0 0 0 0 0 0 0 0 0 0 0 0 0 0 0 0 0 0 0 0 0 0 0 0 0 0 0 0 0 0 0 0 0 0 0 0 0 0 0 0 0 0 0 0 0 0 0 0 0 0 0 0 0 0 0 0 0 0 0 0 0 0 0 0 0 0 0 0 0 0 0 0 0 0 0 0 0 0 0 0 0 0 0 0 0 0 0 0 0 0 0 0 0 0 0 0 0 0 0 0 0 0 0 0 0 0 0 0 0 0 0 0 0 0 0 0 0 0 0 0 0 0 0 0 0 0 0 0 0 0 0 0 0 0 0 0 0 0 0 0 0 0 0 0 0 0 0 0 0 0 0 0 0 0 0 0 0 0 0 0 0 0 0 0 0 0 0 0 0 0 0 0 0 0 0 0 0 0 0 0 0 0 0 0 0 0 0 0 0 0 0 0 0 0 0 0 0 0 0 0 0 0 0 0 0 0 0 0 0 0 0 0 0 0 0 0 0 0 0 0 0 0 0 0 0 0 0 0 0 0 0 0 0 0 0 0 0 0 0 0 0 0 0 0 0 0 0 0 0 0 0 0 0 0 0 0 0 0 0 0 0 0 0 0 0 0 0 0 0 0 0 0 0 0 0 0 0 0 0 0 0 0 0 0 0 0 0 0 0 0 0 0 0 0 0 0 0 0 0 0 0 0 0 0 0 0 0 0 0 0 0 0 0 0 0 0 0 0 0 0 0 0.0006503310287371278 0.002281396649777889 0.004905153997242451 0.008527947589755058 0.01326298993080854 0.01919333450496197 0.02643082849681377 0.03468403220176697 0.04380830749869347 0.05389662459492683 0.06496968865394592 0.07702245563268661 0.08971726149320602 0.1030366495251656 0.11678247153759 0.1309561133384705 0.1455737203359604 0.160530224442482 0.1757022440433502 0.1912168860435486 0.2070975303649902 0.2234087586402893 0.2400578558444977 0.2570356428623199 0.274245411157608 0.2898382246494293 0.3014593720436096 0.3074298202991486 0.3065274655818939 0.2980285882949829 0.2831271588802338 0.268970787525177 0.2555222511291504 0.2427461445331573 0.2306088358163834 0.21907839179039 0.2081244736909866 0.1977182477712631 0.1878323405981064 0.1784407198429108 0.1695186793804169 0.1610427498817444 0.1529906094074249 0.145341083407402 0.1380740255117416 0.131170317530632 0.1246118023991585 0.1183812096714973 0.1124621480703354 0.1068390384316444 0.101497083902359 0.0964222326874733 0.09160111844539642 0.08702106028795242 0.08267001062631607 0.0785365104675293 0.07460968196392059 0.07087919861078262 0.06733524054288864 0.0639684796333313 0.06077005714178085 0.05773155391216278 0.05484497547149658 0.05210272595286369 0.04949758946895599 0.04702271148562431 0.04467157647013664 0.04243799671530724 0.04031609743833542 0.0383002907037735 0.03638527542352676 0.0345660112798214 0.03283771127462387 0.03119582496583462 0.02963603287935257 0.02815423160791397 0.02674652077257633 0.02540919557213783 0.02413873560726643 0.02293179929256439 0.02178520895540714 0.02069594897329807 0.01966115087270737 0.018678093329072 0.01774418912827969 0.01685697957873344 0.01601413078606129 0.01521342433989048 0.01445275358855724 0.01373011618852615 0.01304361037909985 0.01239142939448357 0.01177185773849487 0.01118326466530561 0.01062410138547421 0.01009289640933275 0.009588251821696758 0.009108839556574821 0.008653397671878338 0.008220727555453777 0.00780969113111496 0.007419206667691469 0.007048246450722218 0.00669583398848772 0.006361042149364948 0.006042989902198315 0.005740840453654528 0.005453798454254866 0.005181108601391315 0.004922053311020136 0.004675950855016708 0.004442153498530388 0.004220045637339354 0.004009043332189322 0.003808591049164534 0.003618161426857114 0.003437253413721919 0.003265390638262033 0.003102121176198125 0.002947015222162008 0.002799664391204715 0.002659681253135204 0.002526697237044573 0.002400362398475409 0.002280344255268574 0.002166327089071274 0.002058010781183839 0.001955110346898437 0.001857354771345854 0.001764487009495497 0.001676262705586851 0.001592449611052871 0.001512827118858695 0.001437185797840357 0.00136532646138221 0.00129706016741693 0.001232207170687616 0.001170596806332469 0.001112066907808185 0.001056463574059308 0.00100364035461098 0.000953458365984261 0.0009057854767888784 0.0008604961913079023 0.0008174713584594429 0.0007765977643430233 0.0007377678994089365 0.0007008794927969575 0.0006658355123363435 0.0006325437570922077 0.0006009165663272142 0.0005708707612939179 0.0005423272377811372 0.000515210849698633 0.0004894502926617861 0.0004649777838494629 0.0004417288873810321 0.0004196424561087042 0.0003986603405792266 0.0003787273308262229 0.0003597909526433796 0.0003418014093767852 0.0003247113490942866 0.0003084757772739977 0.0002930519985966384 0.0002783993841148913 0.000264479429461062 0.0002512554638087749 0.0002386926935287192 0.000226758056669496 0.0002154201501980424 0.0002046491426881403 0.0001944166870089248 0.0001846958475653082 0.0001754610566422343 0.0001666879979893565 0.0001583535922691226 0.0001504359097452834 0.000142914112075232 0.0001357684086542577 0.0001289799838559702 0.0001225309824803844 0.000116404436994344 0.0001105842165998183 0.0001050550054060295 9.980225877370685e-05 9.481214510742575e-05 9.007153857965022e-05 8.556796092307195e-05 8.128955960273743e-05 7.722507871221751e-05 7.336382259381935e-05 6.969563401071355e-05 6.621085049118847e-05 6.290030432865024e-05 5.975528983981349e-05 5.676752698491327e-05 5.392915045376867e-05 5.123269147588871e-05 4.867105599259958e-05 4.623750282917172e-05 4.392562914290465e-05 4.172934859525412e-05 3.964288043789566e-05 3.766073496080935e-05 3.577769894036464e-05 3.398881381144747e-05 3.228937202948146e-05 3.067490251851268e-05 2.914115793828387e-05 2.768410013231914e-05 2.629989467095584e-05 2.498489993740804e-05 2.373565439484082e-05 2.254887112940196e-05 2.142142693628557e-05 2.035035504377447e-05 1.933283783728257e-05 1.836619594541844e-05 1.744788642099593e-05 1.657549182709772e-05 1.574671659909654e-05 1.495938067819225e-05 1.421141132595949e-05 1.350084039586363e-05 1.282579796679784e-05 1.218450779560953e-05 1.157528276962694e-05 1.099651854019612e-05 1.044669261318631e-05 9.924357982526999e-06 9.428140401723795e-06 8.956732926890254e-06 8.508895916747861e-06 8.083450666163117e-06 7.679278496652842e-06 7.295314389921259e-06 6.930548806849401e-06 6.584021321032196e-06 6.254820164031116e-06 5.942079042142723e-06 5.644975317409262e-06 5.362726369639859e-06 5.094590051157866e-06 4.839860594074707e-06 4.597867700795177e-06 4.367974270280683e-06 4.149575488554547e-06 3.942096554965246e-06 3.744991772691719e-06 3.557742275006603e-06 3.379855115781538e-06 3.210862359992461e-06 3.050319264730206e-06 2.897803369705798e-06 2.752913133008406e-06 2.615267476357985e-06 2.484504193489556e-06 2.360279040658497e-06 2.242265054519521e-06 2.130151870005648e-06 2.023644356086152e-06 1.922462161019212e-06 1.826339030230884e-06 1.735022124194074e-06
 0 0 0 0 0 0 0 0 0 0 0 0 0 0 0 0 0 0 0 0 0 0 0 0 0 0 0 0 0 0 0 0 0 0 0 0 0 0 0 0 0 0 0 0 0 0 0 0 0 0 0 0 0 0 0 0 0 0 0 0 0 0 0 0 0 0 0 0 0 0 0 0 0 0 0 0 0 0 0 0 0 0 0 0 0 0 0 0 0 0 0 0 0 0 0 0 0 0 0 0 0 0 0 0 0 0 0 0 0 0 0 0 0 0 0 0 0 0 0 0 0 0 0 0 0 0 0 0 0 0 0 0 0 0 0 0 0 0 0 0 0 0 0 0 0 0 0 0 0 0 0 0 0 0 0 0 0 0 0 0 0 0 0 0 0 0 0 0 0 0 0 0 0 0 0 0 0 0 0 0 0 0 0 0 0 0 0 0 0 0 0 0 0 0 0 0 0 0 0 0 0 0 0 0 0 0 0 0 0 0 0 0 0 0 0 0 0 0 0 0 0 0 0 0 0 0 0 0 0 0 0 0 0 0 0 0 0 0 0 0 0 0 0 0 0 0 0 0 0 0 0 0 0 0 0 0 0 0 0 0 0 0 0 0 0 0 0 0 0 0 0 0 0 0 0 0 0 0 0 0 0 0 0 0 0 0 0 0 0 0 0 0 0 0 0 0 0 0 0 0 0 0 0 0 0 0 0 0 0 0 0 0 0 0 0 0 0 0 0 0 0 0 0 0 0 0 0 0 0 0 0 0 0 0 0 0 0 0 0 0 0 0 0 0 0 0 0 0 0 0 0 0 0 0 0 0 0 0 0 0 0 0 0 0 0 0 0 0 0 0 0 0 0 0 0 0 0 0 0 0 0 0 0 0 0 0 0 0 0 0 0 0 0 0 0 0 0 0 0 0 0 0 0 0 0 0 0 0 0 0 0 0 0 0 0 0 0 0 0 0 0 0 0 0 0 0 0 0 0 0 0 0 0 0 0 0 0 0 0 0 0 0 0 0 0 0 0 0 0 0 0 0 0 0 0 0 0 0 0 0 0 0 0 0 0 0 0 0 0 0 0 0 0 0 0 0 0 0 0 0 0 0 0 0 0 0 0 0 0 0 0 0 0 0 0 0 0 0 0 0 0 0 0 0 0 0 0 0 0 0 0 0 0 0 0 0 0 0 0 0 0 0 0 0 0 0 0 0 0 0 0 0 0 0 0 0 0 0 0 0 0 0 0 0 0 0 0 0 0 0 0 0 0 0 0 0 0 0 0 0 0 0 0 0 0 0 0 0 0 0 0 0 0 0 0 0 0 0 0 0 0 0 0 0 0 0 0 0 0 0 0 0 0 0 0 0 0 0 0 0
 0 0 0 0 0 0 0 0 0 0 0 0 0 0 0 0 0 0 0 0 0 0 0 0 0 0 0 0 0 0 0 0 0 0 0 0 0 0 0 0 0 0 0 0 0 0 0 0 0 0 0 0 0 0 0 0 0 0 0 0 0 0 0 0 0 0 0 0 0 0 0 0 0 0 0 0 0 0 0 0 0 0 0 0 0 0 0 0 0 0 0 0 0 0 0 0 0 0 0 0 0 0 0 0 0 0 0 0 0 0 0 0 0 0 0 0 0 0 0 0 0 0 0 0 0 0 0 0 0 0 0 0 0 0 0 0 0 0 0 0 0 0 0 0 0 0 0 0 0 0 0 0 0 0 0 0 0 0 0 0 0 0 0 0 0 0 0 0 0 0 0 0 0 0 0 0 0 0 0 0 0 0 0 0 0 0 0 0 0 0 0 0 0 0 0 0 0 0 0 0 0 0 0 0 0 0 0 0 0 0 0 0 0 0 0 0 0 0 0 0 0 0 0 0 0 0 0 0 0 0 0 0 0 0 0 0 0 0 0 0 0 0 0 0 0 0 0 0 0 0 0 0 0 0 0 0 0 0 0 0 0 0 0 0 0 0 0 0 0 0 0 0 0 0 0 0 0 0 0 0 0 0 0 0 0 0 0 0 0 0 0 0 0 0 0 0 0 0 0 0 0 0 0 0 0 0 0 0 0 0 0 0 0 0 0 0 0 0 0 0 0 0 0 0 0 0 0 0 0 0 0 0 0 0 0 0 0 0 0 0 0 0 0 0 0 0 0 0 0 0 0 0 0 0 0 0 0 0 0 0 0 0 0 0 0 0 0 0 0 0 0 0 0 0 0 0 0 0 0 0 0 0 0 0 0 0 0 0 0 0 0 0 0 0 0 0 0 0 0 0 0 0 0 0 0 0 0 0 0 0 0 0 0 0 0 0 0 0 0 0 0 0 0 0 0 0 0 0 0 0 0 0 0 0 0 0 0 0 0 0 0 0 0 0 0 0 0 0 0 0 0 0 0 0 0 0 0 0 0 0 0 0 0 0 0 0 0 0 0 0 0 0 0 0 0 0 0 0 0 0 0 0 0 0 0 0 0 0 0 0 0 0 0 0 0 0 0 0 0 0 0 0 0 0 0 0 0 0 0 0 0 0 0 0 0 0 0 0 0 0 0 0 0 0 0 0 0 0 0 0 0 0 0 0 0 0 0 0 0 0 0 0 0 0 0 0 0 0 0 0 0 0 0 0 0 0 0 0 0 0 0 0 0 0 0 0 0 0 0 0 0 0 0 0 0 0 0 0 0 0 0 0 0 0 0 0 0 0 0 0 0 0 0 0 0 0 0 0 0 0
 0 0 0 0 0 0 0 0 0 0 0 0 0 0 0 0 0 0 0 0 0 0 0 0 0 0 0 0 0 0 0 0 0 0 0 0 0 0 0 0 0 0 0 0 0 0 0 0 0 0 0 0 0 0 0 0 0 0 0 0 0 0 0 0 0 0 0 0 0 0 0 0 0 0 0 0 0 0 0 0 0 0 0 0 0 0 0 0 0 0 0 0 0 0 0 0 0 0 0 0 0 0 0 0 0 0 0 0 0 0 0 0 0 0 0 0 0 0 0 0 0 0 0 0 0 0 0 0 0 0 0 0 0 0 0 0 0 0 0 0 0 0 0 0 0 0 0 0 0 0 0 0 0 0 0 0 0 0 0 0 0 0 0 0 0 0 0 0 0 0 0 0 0 0 0 0 0 0 0 0 0 0 0 0 0 0 0 0 0 0 0 0 0 0 0 0 0 0 0 0 0 0 0 0 0 0 0 0 0 0 0 0 0 0 0 0 0 0 0 0 0 0 0 0 0 0 0 0 0 0 0 0 0 0 0 0 0 0 0 0 0 0 0 0 0 0 0 0 0 0 0 0 0 0 0 0 0 0 0 0 0 0 0 0 0 0 0 0 0 0 0 0 0 0 0 0 0 0 0 0 0 0 0 0 0 0 0 0 0 0 0 0 0 0 0 0 0 0 0 0 0 0 0 0 0 0 0 0 0 0 0 0 0 0 0 0 0 0 0 0 0 0 0 0 0 0 0 0 0 0 0 0 0 0 0 0 0 0 0 0 0 0 0 0 0 0 0 0 0 0 0 0 0 0 0 0 0 0 0 0 0 0 0 0 0 0 0 0 0 0 0 0 0 0 0 0 0 0 0 0 0 0 0 0 0 0 0 0 0 0 0 0 0 0 0 0 0 0 0 0 0 0 0 0 0 0 0 0 0 0 0 0 0 0 0 0 0 0 0 0 0 0 0 0 0 0 0 0 0 0 0 0 0 0 0 0 0 0 0 0 0 0 0 0 0 0 0 0 0 0 0 0 0 0 0 0 0 0 0 0 0 0 0 0 0 0 0 0 0 0 0 0 0 0 0 0 0 0 0 0 0 0 0 0 0 0 0 0 0 0 0 0 0 0 0 0 0 0 0 0 0 0 0 0 0 0 0 0 0 0 0 0 0 0 0 0 0 0 0 0 0 0 0 0 0 0 0 0 0 0 0 0 0 0 0 0 0 0 0 0 0 0 0 0 0 0 0 0 0 0 0 0 0 0 0 0 0 0 0 0 0 0 0 0 0 0 0 0 0 0 0 0 0 0 0 0 0 0 0 0 0 0 0 0 0 0 0 0 0 0 0 0 0 0 0 0 0 0 0 0
 0 0 0 0 0 0 0 0 0 0 0 0 0 0 0 0 0 0 0 0 0 0 0 0 0 0 0 0 0 0 0 0 0 0 0 0 0 0 0 0 0 0 0 0 0 0 0 0 0 0 0 0 0 0 0 0 0 0 0 0 0 0 0 0 0 0 0 0 0 0 0 0 0 0 0 0 0 0 0 0 0 0 0 0 0 0 0 0 0 0 0 0 0 0 0 0 0 0 0 0 0 0 0 0 0 0 0 0 0 0 0 0 0 0 0 0 0 0 0 0 0 0 0 0 0 0 0 0 0 0 0 0 0 0 0 0 0 0 0 0 0 0 0 0 0 0 0 0 0 0 0 0 0 0 0 0 0 0 0 0 0 0 0 0 0 0 0 0 0 0 0 0 0 0 0 0 0 0 0 0 0 0 0 0 0 0 0 0 0 0 0 0 0 0 0 0 0 0 0 0 0 0 0 0 0 0 0 0 0 0 0 0 0 0 0 0 0 0 0 0 0 0 0 0 0 0 0 0 0 0 0 0 0 0 0 0 0 0 0 0 0 0 0 0 0 0 0 0 0 0 0 0 0 0 0 0 0 0 0 0 0 0 0 0 0 0 0 0 0 0 0 0 0 0 0 0 0 0 0 0 0 0 0 0 0 0 0 0 0 0 0 0 0 0 0 0 0 0 0 0 0 0 0 0 0 0 0 0 0 0 0 0 0 0 0 0 0 0 0 0 0 0 0 0 0 0 0 0 0 0 0 0 0 0 0.0002534055383875966 0.001379446126520634 0.003438574494794011 0.006479527801275253 0.0105283334851265 0.01567333936691284 0.02202912047505379 0.02959193848073483 0.03807049244642258 0.04747720062732697 0.05788978561758995 0.06932795792818069 0.0817529559135437 0.09482870995998383 0.1083947867155075 0.1224061697721481 0.1368692368268967 0.1517774760723114 0.1670352816581726 0.1825894415378571 0.1985278427600861 0.2148842215538025 0.2317210137844086 0.24908147752285 0.2667492628097534 0.2846777439117432 0.2999567687511444 0.3104058802127838 0.3145773410797119 0.3115071356296539 0.3003107011318207 0.285295158624649 0.2710303962230682 0.2574788630008698 0.2446049153804779 0.2323746681213379 0.220755934715271 0.2097181379795074 0.1992322355508804 0.1892706304788589 0.1798070967197418 0.1708167493343353 0.1622759103775024 0.1541621088981628 0.1464540064334869 0.1391313076019287 0.1321747452020645 0.1255660057067871 0.1192877069115639 0.1133233234286308 0.1076571568846703 0.1022742986679077 0.09716058522462845 0.09230255335569382 0.0876874253153801 0.0833030566573143 0.07913790643215179 0.07518100738525391 0.07142195850610733 0.06785085797309875 0.06445831805467606 0.06123540177941322 0.05817363038659096 0.05526494979858398 0.05250170081853867 0.0498766154050827 0.04738278314471245 0.04501364380121231 0.04276296123862267 0.04062481224536896 0.03859357163310051 0.03666389361023903 0.03483070060610771 0.03308916464447975 0.03143470734357834 0.02986297197639942 0.02836982347071171 0.02695133164525032 0.02560376562178135 0.02432357706129551 0.02310739830136299 0.02195202931761742 0.02085442841053009 0.01981170661747456 0.01882112212479115 0.01788006536662579 0.0169860627502203 0.01613675989210606 0.01532992161810398 0.01456342544406652 0.01383525412529707 0.01314349099993706 0.01248631626367569 0.01186200045049191 0.01126890070736408 0.01070545613765717 0.01017018314450979 0.009661673568189144 0.009178590029478073 0.008719660341739655 0.008283677510917187 0.007869493216276169 0.007476018741726875 0.007102217990905046 0.006747107021510601 0.0064097517170012 0.006089264061301947 0.005784800741821527 0.005495560821145773 0.005220782943069935 0.004959743935614824 0.004711756948381662 0.004476169124245644 0.004252360668033361 0.004039742518216372 0.003837755415588617 0.003645867574959993 0.003463574219495058 0.003290395485237241 0.003125875722616911 0.002969581866636872 0.002821102738380432 0.002680047648027539 0.002546045230701566 0.00241874298080802 0.002297805855050683 0.002182915573939681 0.002073769690468907 0.001970081124454737 0.001871577114798129 0.001777998288162053 0.001689098426140845 0.001604643533937633 0.00152441137470305 0.001448190771043301 0.0013757812557742 0.001306992140598595 0.001241642516106367 0.001179560436867177 0.001120582455769181 0.001064553391188383 0.001011325744912028 0.0009607594693079591 0.0009127215016633272 0.0008670854149386287 0.000823731126729399 0.0007825445500202477 0.000743417302146554 0.0007062464137561619 0.0006709340959787369 0.0006373873911798 0.0006055179983377457 0.0005752420984208584 0.0005464800051413476 0.000519155990332365 0.0004931981675326824 0.0004685382591560483 0.0004451113345567137 0.0004228557809256017 0.0004017129831481725 0.0003816273238044232 0.0003625459503382444 0.0003444186586420983 0.0003271977184340358 0.0003108378441538662 0.0002952959621325135 0.0002805311523843557 0.0002665045903995633 0.0002531793725211173 0.0002405203995294869 0.0002284943766426295 0.0002170696534449235 0.000206216165679507 0.0001959053624887019 0.0001861100899986923 0.0001768045913195238 0.0001679643610259518 0.0001595661451574415 0.0001515878393547609 0.0001440084452042356 0.0001368080265820026 0.0001299676223425195 0.0001234692463185638 0.0001172957854578272 0.0001114309998229146 0.0001058594498317689 0.0001005664744297974 9.553814743412659e-05 9.07612411538139e-05 8.622318273410201e-05 8.191202505258843e-05 7.781642489135265e-05 7.392560655716807e-05 7.02293255017139e-05 6.671786104561761e-05 6.338196544675156e-05 6.021286753821187e-05 5.720222543459386e-05 5.434211561805569e-05 5.162501111044548e-05 4.904375964542851e-05 4.659157275455073e-05 4.426199302542955e-05 4.204889410175383e-05 3.994644794147462e-05 3.794912481680512e-05 3.605166784836911e-05 3.424908572924323e-05 3.253663089708425e-05 3.090979953412898e-05 2.936430973932147e-05 2.78960942523554e-05 2.650128953973763e-05 2.517622488085181e-05 2.391741327301133e-05 2.272154233651236e-05 2.158546521968674e-05 2.050619150395505e-05 1.948088174685836e-05 1.85068383871112e-05 1.758149664965458e-05 1.670242272666655e-05 1.586730104463641e-05 1.507393608335406e-05 1.432023964298423e-05 1.360422720608767e-05 1.29240161186317e-05 1.227781558554852e-05 1.166392485174583e-05 1.108072865463328e-05 1.052669176715426e-05 1.000035717879655e-05 9.500339729129337e-06 9.025322469824459e-06 8.574056664656382e-06 8.145353604049888e-06 7.738085514574777e-06 7.351181011472363e-06 6.98362191542401e-06 6.634440978814382e-06 6.302719157247338e-06 5.987583335809177e-06 5.68820405533188e-06 5.403793693403713e-06 5.133604190632468e-06 4.876923867414007e-06 4.633077878679615e-06 4.401424121169839e-06 4.181352778687142e-06 3.972284957853844e-06 3.77367064174905e-06 3.584987098292913e-06 3.405737743378268e-06 3.235450776628568e-06 3.073678271903191e-06 2.919994358308031e-06 2.773994538074476e-06 2.635294777064701e-06 2.50353014052962e-06 2.378353656240506e-06 2.259435859741643e-06 2.146464112229296e-06 2.039141008935985e-06 1.937183924383135e-06 1.840324785007397e-06 1.748308591231762e-06
 0 0 0 0 0 0 0 0 0 0 0 0 0 0 0 0 0 0 0 0 0 0 0 0 0 0 0 0 0 0 0 0 0 0 0 0 0 0 0 0 0 0 0 0 0 0 0 0 0 0 0 0 0 0 0 0 0 0 0 0 0 0 0 0 0 0 0 0 0 0 0 0 0 0 0 0 0 0 0 0 0 0 0 0 0 0 0 0 0 0 0 0 0 0 0 0 0 0 0 0 0 0 0 0 0 0 0 0 0 0 0 0 0 0 0 0 0 0 0 0 0 0 0 0 0 0 0 0 0 0 0 0 0 0 0 0 0 0 0 0 0 0 0 0 0 0 0 0 0 0 0 0 0 0 0 0 0 0 0 0 0 0 0 0 0 0 0 0 0 0 0 0 0 0 0 0 0 0 0 0 0 0 0 0 0 0 0 0 0 0 0 0 0 0 0 0 0 0 0 0 0 0 0 0 0 0 0 0 0 0 0 0 0 0 0 0 0 0 0 0 0 0 0 0 0 0 0 0 0 0 0 0 0 0 0 0 0 0 0 0 0 0 0 0 0 0 0 0 0 0 0 0 0 0 0 0 0 0 0 0 0 0 0 0 0 0 0 0 0 0 0 0 0 0 0 0 0 0 0 0 0 0 0 0 0 0 0 0 0 0 0 0 0 0 0 0 0 0 0 0 0 0 0 0 0 0 0 0 0 0 0 0 0 0 0 0 0 0 0 0 0 0 0 0 0 0 0 0 0 0 0 0 0 0 0 0 0 0 0 0 0 0 0 0 0 0 0 0 0 0 0 0 0 0 0 0 0 0 0 0 0 0 0 0 0 0 0 0 0 0 0 0 0 0 0 0 0 0 0 0 0 0 0 0 0 0 0 0 0 0 0 0 0 0 0 0 0 0 0 0 0 0 0 0 0 0 0 0 0 0 0 0 0 0 0 0 0 0 0 0 0 0 0 0 0 0 0 0 0 0 0 0 0 0 0 0 0 0 0 0 0 0 0 0 0 0 0 0 0 0 0 0 0 0 0 0 0 0 0 0 0 0 0 0 0 0 0 0 0 0 0 0 0 0 0 0 0 0 0 0 0 0 0 0 0 0 0 0 0 0 0 0 0 0 0 0 0 0 0 0 0 0 0 0 0 0 0 0 0 0 0 0 0 0 0 0 0 0 0 0 0 0 0 0 0 0 0 0 0 0 0 0 0 0 0 0 0 0 0 0 0 0 0 0 0 0 0 0 0 0 0 0 0 0 0 0 0 0 0 0 0 0 0 0 0 0 0 0 0 0 0 0 0 0 0 0 0 0 0 0 0 0 0 0 0 0 0 0 0 0 0 0 0 0 0 0 0 0 0 0
 0 0 0 0 0 0 0 0 0 0 0 0 0 0 0 0 0 0 0 0 0 0 0 0 0 0 0 0 0 0 0 0 0 0 0 0 0 0 0 0 0 0 0 0 0 0 0 0 0 0 0 0 0 0 0 0 0 0 0 0 0 0 0 0 0 0 0 0 0 0 0 0 0 0 0 0 0 0 0 0 0 0 0 0 0 0 0 0 0 0 0 0 0 0 0 0 0 0 0 0 0 0 0 0 0 0 0 0 0 0 0 0 0 0 0 0 0 0 0 0 0 0 0 0 0 0 0 0 0 0 0 0 0 0 0 0 0 0 0 0 0 0 0 0 0 0 0 0 0 0 0 0 0 0 0 0 0 0 0 0 0 0 0 0 0 0 0 0 0 0 0 0 0 0 0 0 0 0 0 0 0 0 0 0 0 0 0 0 0 0 0 0 0 0 0 0 0 0 0 0 0 0 0 0 0 0 0 0 0 0 0 0 0 0 0 0 0 0 0 0 0 0 0 0 0 0 0 0 0 0 0 0 0 0 0 0 0 0 0 0 0 0 0 0 0 0 0 0 0 0 0 0 0 0 0 0 0 0 0 0 0 0 0 0 0 0 0 0 0 0 0 0 0 0 0 0 0 0 0 0 0 0 0 0 0 0 0 0 0 0 0 0 0 0 0 0 0 0 0 0 0 0 0 0 0 0 0 0 0 0 0 0 0 0 0 0 0 0 0 0 0 0 0 0 0 0 0 0 0 0 0 0 0 0 0 0 0 0 0 0 0 0 0 0 0 0 0 0 0 0 0 0 0 0 0 0 0 0 0 0 0 0 0 0 0 0 0 0 0 0 0 0 0 0 0 0 0 0 0 0 0 0 0 0 0 0 0 0 0 0 0 0 0 0 0 0 0 0 0 0 0 0 0 0 0 0 0 0 0 0 0 0 0 0 0 0 0 0 0 0 0 0 0 0 0 0 0 0 0 0 0 0 0 0 0 0 0 0 0 0 0 0 0 0 0 0 0 0 0 0 0 0 0 0 0 0 0 0 0 0 0 0 0 0 0 0 0 0 0 0 0 0 0 0 0 0 0 0 0 0 0 0 0 0 0 0 0 0 0 0 0 0 0 0 0 0 0 0 0 0 0 0 0 0 0 0 0 0 0 0 0 0 0 0 0 0 0 0 0 0 0 0 0 0 0 0 0 0 0 0 0 0 0 0 0 0 0 0 0 0 0 0 0 0 0 0 0 0 0 0 0 0 0 0 0 0 0 0 0 0 0 0 0 0 0 0 0 0 0 0 0 0 0 0 0 0 0 0 0 0 0 0 0 0 0 0 0 0 0 0 0 0 0 0 0 0 0 0 0 0
 0 0 0 0 0 0 0 0 0 0 0 0 0 0 0 0 0 0 0 0 0 0 0 0 0 0 0 0 0 0 0 0 0 0 0 0 0 0 0 0 0 0 0 0 0 0 0 0 0 0 0 0 0 0 0 0 0 0 0 0 0 0 0 0 0 0 0 0 0 0 0 0 0 0 0 0 0 0 0 0 0 0 0 0 0 0 0 0 0 0 0 0 0 0 0 0 0 0 0 0 0 0 0 0 0 0 0 0 0 0 0 0 0 0 0 0 0 0 0 0 0 0 0 0 0 0 0 0 0 0 0 0 0 0 0 0 0 0 0 0 0 0 0 0 0 0 0 0 0 0 0 0 0 0 0 0 0 0 0 0 0 0 0 0 0 0 0 0 0 0 0 0 0 0 0 0 0 0 0 0 0 0 0 0 0 0 0 0 0 0 0 0 0 0 0 0 0 0 0 0 0 0 0 0 0 0 0 0 0 0 0 0 0 0 0 0 0 0 0 0 0 0 0 0 0 0 0 0 0 0 0 0 0 0 0 0 0 0 0 0 0 0 0 0 0 0 0 0 0 0 0 0 0 0 0 0 0 0 0 0 0 0 0 0 0 0 0 0 0 0 0 0 0 0 0 0 0 0 0 0 0 0 0 0 0 0 0 0 0 0 0 0 0 0 0 0 0 0 0 0 0 0 0 0 0 0 0 0 0 0 0 0 0 0 0 0 0 0 0 0 0 0 0 0 0 0 0 0 0 0 0 0 0 0 0 0 0 0 0 0 0 0 0 0 0 0 0 0 0 0 0 0 0 0 0 0 0 0 0 0 0 0 0 0 0 0 0 0 0 0 0 0 0 0 0 0 0 0 0 0 0 0 0 0 0 0 0 0 0 0 0 0 0 0 0 0 0 0 0 0 0 0 0 0 0 0 0 0 0 0 0 0 0 0 0 0 0 0 0 0 0 0 0 0 0 0 0 0 0 0 0 0 0 0 0 0 0 0 0 0 0 0 0 0 0 0 0 0 0 0 0 0 0 0 0 0 0 0 0 0 0 0 0 0 0 0 0 0 0 0 0 0 0 0 0 0 0 0 0 0 0 0 0 0 0 0 0 0 0 0 0 0 0 0 0 0 0 0 0 0 0 0 0 0 0 0 0 0 0 0 0 0 0 0 0 0 0 0 0 0 0 0 0 0 0 0 0 0 0 0 0 0 0 0 0 0 0 0 0 0 0 0 0 0 0 0 0 0 0 0 0 0 0 0 0 0 0 0 0 0 0 0 0 0 0 0 0 0 0 0 0 0 0 0 0 0 0 0 0 0 0 0 0 0 0 0 0 0 0 0 0 0 0 0 0 0 0 0 0 0
 0 0 0 0 0 0 0 0 0 0 0 0 0 0 0 0 0 0 0 0 0 0 0 0 0 0 0 0 0 0 0 0 0 0 0 0 0 0 0 0 0 0 0 0 0 0 0 0 0 0 0 0 0 0 0 0 0 0 0 0 0 0 0 0 0 0 0 0 0 0 0 0 0 0 0 0 0 0 0 0 0 0 0 0 0 0 0 0 0 0 0 0 0 0 0 0 0 0 0 0 0 0 0 0 0 0 0 0 0 0 0 0 0 0 0 0 0 0 0 0 0 0 0 0 0 0 0 0 0 0 0 0 0 0 0 0 0 0 0 0 0 0 0 0 0 0 0 0 0 0 0 0 0 0 0 0 0 0 0 0 0 0 0 0 0 0 0 0 0 0 0 0 0 0 0 0 0 0 0 0 0 0 0 0 0 0 0 0 0 0 0 0 0 0 0 0 0 0 0 0 0 0 0 0 0 0 0 0 0 0 0 0 0 0 0 0 0 0 0 0 0 0 0 0 0 0 0 0 0 0 0 0 0 0 0 0 0 0 0 0 0 0 0 0 0 0 0 0 0 0 0 0 0 0 0 0 0 0 0 0 0 0 0 0 0 0 0 0 0 0 0 0 0 0 0 0 0 0 0 0 0 0 0 0 0 0 0 0 0 0 0 0 0 0 0 0 0 0 0 0 0 0 0 0 0 0 0 0 0 0 0 0 0 0 0 0 0 0 0 0 0 0 0 0 0 0 0 0 0 0 0 0 0 0 0 0.0003675431944429874 0.001586189377121627 0.003728388343006372 0.006860211491584778 0.01108347717672586 0.01638428866863251 0.02283984981477261 0.03051549941301346 0.03917419910430908 0.04879479855298996 0.05940165370702744 0.0708906427025795 0.08306139707565308 0.09584295004606247 0.1092574670910835 0.1232996881008148 0.1378344148397446 0.1528078317642212 0.1681099236011505 0.1837704330682755 0.1998192965984344 0.2163026928901672 0.2331674098968506 0.2502684593200684 0.2676514685153961 0.2850080728530884 0.2994232475757599 0.3088432550430298 0.3118538856506348 0.3074577450752258 0.2948997020721436 0.2801547050476074 0.2661469578742981 0.2528396248817444 0.2401976436376572 0.2281877547502518 0.2167783677577972 0.2059394419193268 0.1956424713134766 0.185860350728035 0.176567330956459 0.1677389591932297 0.1593520045280457 0.1513843983411789 0.1438151746988297 0.1366244107484818 0.1297931969165802 0.1233035400509834 0.1171383634209633 0.1112814471125603 0.1057173758745193 0.1004315093159676 0.09540993720293045 0.09063944220542908 0.08610747009515762 0.08180209994316101 0.07771199196577072 0.07382639497518539 0.07013507187366486 0.06662832200527191 0.06329690665006638 0.06013206019997597 0.05712545663118362 0.05426918342709541 0.05155572295188904 0.04897793754935265 0.04652903974056244 0.04420258849859238 0.04199245944619179 0.03989283740520477 0.03789819404482841 0.03600328415632248 0.03420311957597733 0.03249296545982361 0.03086831793189049 0.02932490222156048 0.02785865776240826 0.02646572515368462 0.02514243870973587 0.02388531714677811 0.02269105054438114 0.02155649848282337 0.02047867327928543 0.01945473998785019 0.01848200336098671 0.01755790412425995 0.01668000966310501 0.0158460084348917 0.01505370810627937 0.01430102251470089 0.01358597166836262 0.01290667336434126 0.01226133946329355 0.01164827216416597 0.01106585841625929 0.01051256526261568 0.009986937046051025 0.009487589821219444 0.00901321042329073 0.008562549948692322 0.008134422823786736 0.007727701682597399 0.007341316435486078 0.006974250543862581 0.006625538226217031 0.006294261198490858 0.005979548208415508 0.005680570844560862 0.005396542139351368 0.005126715172082186 0.004870379343628883 0.004626860376447439 0.004395517520606518 0.004175741691142321 0.003966954536736012 0.003768606809899211 0.003580176504328847 0.003401167690753937 0.003231109352782369 0.00306955398991704 0.002916076220571995 0.002770272316411138 0.00263175880536437 0.002500170841813087 0.002375162206590176 0.002256404142826796 0.00214358395896852 0.002036404795944691 0.001934584579430521 0.001837855321355164 0.001745962537825108 0.001658664434216917 0.001575731206685305 0.001496944692917168 0.001422097440809011 0.001350992592051625 0.001283442950807512 0.001219270750880241 0.001158307190053165 0.001100391848012805 0.001045372220687568 0.0009931036038324237 0.000943448394536972 0.0008962759748101234 0.0008514621877111495 0.0008088891045190394 0.0007684446754865348 0.000730022438801825 0.0006935213459655643 0.0006588452961295843 0.0006259030196815729 0.0005946078454144299 0.0005648774676956236 0.0005366335972212255 0.000509801902808249 0.0004843118076678365 0.0004600962274707854 0.0004370914248283952 0.0004152368637733161 0.0003944750060327351 0.0003747512528207153 0.0003560136829037219 0.0003382129943929613 0.000321302330121398 0.0003052372194360942 0.0002899753453675658 0.0002754765737336129 0.0002617027494125068 0.0002486176090314984 0.0002361867227591574 0.0002243773924419656 0.0002131585206370801 0.0002025005960604176 0.0001923755626194179 0.0001827567903092131 0.0001736189442453906 0.0001649379992159083 0.0001566910941619426 0.0001488565467298031 0.000141413722303696 0.0001343430340057239 0.000127625884488225 0.0001212445931741968 0.0001151823671534657 0.000109423250250984 0.0001039520866470411 9.875448449747637e-05 9.381675772601739e-05 8.912591874832287e-05 8.466962026432157e-05 8.043614070629701e-05 7.641433330718428e-05 7.259361882461235e-05 6.896393460920081e-05 6.551573460455984e-05 6.223994569154456e-05 5.912794949836098e-05 5.617155329673551e-05 5.336297544999979e-05 5.069482722319663e-05 4.816008731722832e-05 4.575208367896266e-05 4.346447894931771e-05 4.129125591134652e-05 3.922669202438556e-05 3.726535578607582e-05 3.540208854246885e-05 3.363198266015388e-05 3.195038516423665e-05 3.035286499653012e-05 2.883522211050149e-05 2.739346018643118e-05 2.60237866314128e-05 2.472259802743793e-05 2.348646739847027e-05 2.231214421044569e-05 2.119653618137818e-05 2.01367092813598e-05 1.912987318064552e-05 1.817337943066377e-05 1.726471055008005e-05 1.64014745678287e-05 1.558140138513409e-05 1.48023309520795e-05 1.406221417710185e-05 1.335910383204464e-05 1.269114909518976e-05 1.205659191327868e-05 1.145376245403895e-05 1.088107455871068e-05 1.033702119457303e-05 9.820169907470699e-06 9.329161002824549e-06 8.862702998158056e-06 8.419568075623829e-06 7.998589353519492e-06 7.598659976792987e-06 7.218726750579663e-06 6.85779059494962e-06 6.514901087939506e-06 6.189156010805164e-06 5.87969816479017e-06 5.585713097389089e-06 5.306427283358062e-06 5.041105850978056e-06 4.789050763065461e-06 4.549598088487983e-06 4.322118002164643e-06 4.106012056581676e-06 3.900711362803122e-06 3.705675680976128e-06 3.520391828715219e-06 3.344372316860245e-06 3.177153757860651e-06 3.018295956280781e-06 2.867381226678845e-06 2.724012119870167e-06 2.587811422927189e-06 2.45842079493741e-06 2.335499857508694e-06 2.218724830527208e-06 2.107788532157429e-06 2.002399014600087e-06 1.902279109344818e-06 1.807165176614944e-06
 0 0 0 0 0 0 0 0 0 0 0 0 0 0 0 0 0 0 0 0 0 0 0 0 0 0 0 0 0 0 0 0 0 0 0 0 0 0 0 0 0 0 0 0 0 0 0 0 0 0 0 0 0 0 0 0 0 0 0 0 0 0 0 0 0 0 0 0 0 0 0 0 0 0 0 0 0 0 0 0 0 0 0 0 0 0 0 0 0 0 0 0 0 0 0 0 0 0 0 0 0 0 0 0 0 0 0 0 0 0 0 0 0 0 0 0 0 0 0 0 0 0 0 0 0 0 0 0 0 0 0 0 0 0 0 0 0 0 0 0 0 0 0 0 0 0 0 0 0 0 0 0 0 0 0 0 0 0 0 0 0 0 0 0 0 0 0 0 0 0 0 0 0 0 0 0 0 0 0 0 0 0 0 0 0 0 0 0 0 0 0 0 0 0 0 0 0 0 0 0 0 0 0 0 0 0 0 0 0 0 0 0 0 0 0 0 0 0 0 0 0 0 0 0 0 0 0 0 0 0 0 0 0 0 0 0 0 0 0 0 0 0 0 0 0 0 0 0 0 0 0 0 0 0 0 0 0 0 0 0 0 0 0 0 0 0 0 0 0 0 0 0 0 0 0 0 0 0 0 0 0 0 0 0 0 0 0 0 0 0 0 0 0 0 0 0 0 0 0 0 0 0 0 0 0 0 0 0 0 0 0 0 0 0 0 0 0 0 0 0 0 0 0 0 0 0 0 0 0 0 0 0 0 0 0 0 0 0 0 0 0 0 0 0 0 0 0 0 0 0 0 0 0 0 0 0 0 0 0 0 0 0 0 0 0 0 0 0 0 0 0 0 0 0 0 0 0 0 0 0 0 0 0 0 0 0 0 0 0 0 0 0 0 0 0 0 0 0 0 0 0 0 0 0 0 0 0 0 0 0 0 0 0 0 0 0 0 0 0 0 0 0 0 0 0 0 0 0 0 0 0 0 0 0 0 0 0 0 0 0 0 0 0 0 0 0 0 0 0 0 0 0 0 0 0 0 0 0 0 0 0 0 0 0 0 0 0 0 0 0 0 0 0 0 0 0 0 0 0 0 0 0 0 0 0 0 0 0 0 0 0 0 0 0 0 0 0 0 0 0 0 0 0 0 0 0 0 0 0 0 0 0 0 0 0 0 0 0 0 0 0 0 0 0 0 0 0 0 0 0 0 0 0 0 0 0 0 0 0 0 0 0 0 0 0 0 0 0 0 0 0 0 0 0 0 0 0 0 0 0 0 0 0 0 0 0 0 0 0 0 0 0 0 0 0 0 0 0 0 0 0 0 0 0 0 0 0 0 0 0 0 0 0 0 0 0 0 0 0 0
 0 0 0 0 0 0 0 0 0 0 0 0 0 0 0 0 0 0 0 0 0 0 0 0 0 0 0 0 0 0 0 0 0 0 0 0 0 0 0 0 0 0 0 0 0 0 0 0 0 0 0 0 0 0 0 0 0 0 0 0 0 0 0 0 0 0 0 0 0 0 0 0 0 0 0 0 0 0 0 0 0 0 0 0 0 0 0 0 0 0 0 0 0 0 0 0 0 0 0 0 0 0 0 0 0 0 0 0 0 0 0 0 0 0 0 0 0 0 0 0 0 0 0 0 0 0 0 0 0 0 0 0 0 0 0 0 0 0 0 0 0 0 0 0 0 0 0 0 0 0 0 0 0 0 0 0 0 0 0 0 0 0 0 0 0 0 0 0 0 0 0 0 0 0 0 0 0 0 0 0 0 0 0 0 0 0 0 0 0 0 0 0 0 0 0 0 0 0 0 0 0 0 0 0 0 0 0 0 0 0 0 0 0 0 0 0 0 0 0 0 0 0 0 0 0 0 0 0 0 0 0 0 0 0 0 0 0 0 0 0 0 0 0 0 0 0 0 0 0 0 0 0 0 0 0 0 0 0 0 0 0 0 0 0 0 0 0 0 0 0 0 0 0 0 0 0 0 0 0 0 0 0 0 0 0 0 0 0 0 0 0 0 0 0 0 0 0 0 0 0 0 0 0 0 0 0 0 0 0 0 0 0 0 0 0 0 0 0 0 0 0 0 0 0 0 0 0 0 0 0 0 0 0 0 0 0 0 0 0 0 0 0 0 0 0 0 0 0 0 0 0 0 0 0 0 0 0 0 0 0 0 0 0 0 0 0 0 0 0 0 0 0 0 0 0 0 0 0 0 0 0 0 0 0 0 0 0 0 0 0 0 0 0 0 0 0 0 0 0 0 0 0 0 0 0 0 0 0 0 0 0 0 0 0 0 0 0 0 0 0 0 0 0 0 0 0 0 0 0 0 0 0 0 0 0 0 0 0 0 0 0 0 0 0 0 0 0 0 0 0 0 0 0 0 0 0 0 0 0 0 0 0 0 0 0 0 0 0 0 0 0 0 0 0 0 0 0 0 0 0 0 0 0 0 0 0 0 0 0 0 0 0 0 0 0 0 0 0 0 0 0 0 0 0 0 0 0 0 0 0 0 0 0 0 0 0 0 0 0 0 0 0 0 0 0 0 0 0 0 0 0 0 0 0 0 0 0 0 0 0 0 0 0 0 0 0 0 0 0 0 0 0 0 0 0 0 0 0 0 0 0 0 0 0 0 0 0 0 0 0 0 0 0 0 0 0 0 0 0 0 0 0 0 0 0 0 0 0 0 0 0 0 0 0 0 0 0 0 0 0


# name: r_0_m15_G0_L0p3_D0p7
# type: matrix
# rows: 1
# columns: 14
 0 -15 0.2 0 0.3 0 -8.751658333333333 0 0 0.1525914469970929 0 162.1666666666667 1.169045194450012 0.7




