# Created by Octave 3.8.2, Mon Jul 03 16:27:42 2017 BST <co1ssj@node117>
# name: result
# type: scalar struct
# ndims: 2
 1 1
# length: 3
# name: params
# type: scalar struct
# ndims: 2
 1 1
# length: 18
# name: cleanup
# type: scalar
0


# name: num_runs
# type: scalar
6


# name: dopamine
# type: scalar
0.7


# name: targetCross
# type: scalar
1


# name: targetLuminance
# type: scalar
0.3


# name: targetWidthX
# type: scalar
6


# name: targetWidthY
# type: scalar
2


# name: fixCross
# type: scalar
1


# name: fixLuminance
# type: scalar
0.2


# name: fixWidthX
# type: scalar
6


# name: fixWidthY
# type: scalar
2


# name: fixOn
# type: scalar
0


# name: targetOff
# type: scalar
1


# name: targetOn
# type: scalar
0.2


# name: fixOff
# type: scalar
0.2


# name: targetThetaX
# type: scalar
0


# name: targetThetaY
# type: scalar
-10


# name: exptnum
# type: scalar
0




# name: r_0_m10_G0_L0p3_D0p7_llbn
# type: matrix
# rows: 24
# columns: 600
 0 0 0 0 0 0 0 0 0 0 0 0 0 0 0 0 0 0 0 0 0 0 0 0 0 0 0 0 0 0 0 0 0 0 0 0 0 0 0 0 0 0 0 0 0 0 0 0 0 0 0 0 0 0 0 0 0 0 0 0 0 0 0 0 0 0 0 0 0 0 0 0 0 0 0 0 0 0 0 0 0 0 0 0 0 0 0 0 0 0 0 0 0 0 0 0 0 0 0 0 0 0 0 0 0 0 0 0 0 0 0 0 0 0 0 0 0 0 0 0 0 0 0 0 0 0 0 0 0 0 0 0 0 0 0 0 0 0 0 0 0 0 0 0 0 0 0 0 0 0 0 0 0 0 0 0 0 0 0 0 0 0 0 0 0 0 0 0 0 0 0 0 0 0 0 0 0 0 0 0 0 0 0 0 0 0 0 0 0 0 0 0 0 0 0 0 0 0 0 0 0 0 0 0 0 0 0 0 0 0 0 0 0 0 0 0 0 0 0 0 0 0 0 0 0 0 0 0 0 0 0 0 0 0 0 0 0 0 0 0 0 0 0 0 0 0 0 0 0 0 0 0 0 0 0 0 0 0 0 0 0 0 0 0 0 0 0 0 0 0 0 0 0 0 0 0 0 0 0 0 0 0 0 0 0 0 0 0 0 0 0 0 0 0 0 0 0 0 0 0 0 0 0 0 0 0 0 0 0 0 0 0 0 0 0 0 0 0 0 0 0 0 0 0 0 0 0 0 0 0 0 0 0 0 0 0 0 0 0 0 0 0 0 0 0 0 0 0 0 0 0 0 0 0 0 0 0 0 0 0 0 0 0 0 0 0 0 0 0 0 0 0 0 0 0 0 0 0 0 0 0 0 0 0 0 0 0 0 0 0 0 0 0 0 0 0 0 0 0 0 0 0 0 0 0 0 0 0 0 0 0 0 0 0 0 0 0 0 0 0 0 0 0 0 0 0 0 0 0 0 0 0 0 0 0 0 0 0 0 0 0 0 0 0 0 0 0 0 0 0 0 0 0 0 0 0 0 0 0 0 0 0 0 0 0 0 0 0 0 0 0 0 0 0 0 0 0 0 0 0 0 0 0 0 0 0 0 0 0 0 0 0 0 0 0 0 0 0 0 0 0 0 0 0 0 0 0 0 0 0 0 0 0 0 0 0 0 0 0 0 0 0 0 0 0 0 0 0 0 0 0 0 0 0 0 0 0 0 0 0 0 0 0 0 0 0 0 0 0 0 0 0 0 0 0 0 0 0 0 0 0 0 0 0 0 0 0 0 0 0 0 0 0 0 0 0 0 0 0 0 0 0 0 0 0 0 0 0 0 0 0 0 0 0 0 0 0 0 0 0
 0 0 0 0 0 0 0 0 0 0 0 0 0 0 0 0 0 0 0 0 0 0 0 0 0 0 0 0 0 0 0 0 0 0 0 0 0 0 0 0 0 0 0 0 0 0 0 0 0 0 0 0 0 0 0 0 0 0 0 0 0 0 0 0 0 0 0 0 0 0 0 0 0 0 0 0 0 0 0 0 0 0 0 0 0 0 0 0 0 0 0 0 0 0 0 0 0 0 0 0 0 0 0 0 0 0 0 0 0 0 0 0 0 0 0 0 0 0 0 0 0 0 0 0 0 0 0 0 0 0 0 0 0 0 0 0 0 0 0 0 0 0 0 0 0 0 0 0 0 0 0 0 0 0 0 0 0 0 0 0 0 0 0 0 0 0 0 0 0 0 0 0 0 0 0 0 0 0 0 0 0 0 0 0 0 0 0 0 0 0 0 0 0 0 0 0 0 0 0 0 0 0 0 0 0 0 0 0 0 0 0 0 0 0 0 0 0 0 0 0 0 0 0 0 0 0 0 0 0 0 0 0 0 0 0 0 0 0 0 0 0 0 0 0 0 0 0 0 0 0 0 0 0 0 0 0 0 0 0 0 0 0 0 0 0 0 0 0 0 0 0 0 0 0 0 0 0 0 0 0 0 0 0 0 0 0 0 0 0 0 0 0 0 0 0 0 0 0 0 0 0 0 0 0 0 0 0 0 0 0 0 0 0 0 0 0 0 0 0 0 0 0 0 0.0002798513160087168 0.001162701053544879 0.002658405108377337 0.004753056913614273 0.00745695736259222 0.01071033626794815 0.01445441320538521 0.01861552894115448 0.02316906116902828 0.02802406810224056 0.03317767381668091 0.03866274282336235 0.04446632042527199 0.05059297382831573 0.05704218521714211 0.06374430656433105 0.07064550369977951 0.07772447913885117 0.08493001759052277 0.09226168692111969 0.09965474158525467 0.1071047410368919 0.114632248878479 0.1222591251134872 0.1299745291471481 0.13779017329216 0.1457389742136002 0.1538533866405487 0.1620836406946182 0.1699899733066559 0.1758216917514801 0.1784339845180511 0.1770325601100922 0.171126514673233 0.1625701934099197 0.1544416844844818 0.1467196047306061 0.1393836289644241 0.1324144452810287 0.1257937252521515 0.1195040419697762 0.1135288402438164 0.1078523993492126 0.1024597808718681 0.0973367914557457 0.0924699530005455 0.08784645795822144 0.08345413208007812 0.07928142696619034 0.07531735301017761 0.07155148684978485 0.06797391176223755 0.06457521766424179 0.06134645640850067 0.0582791343331337 0.0553651787340641 0.05259691923856735 0.04996707290410995 0.04746871814131737 0.0450952835381031 0.04284051805734634 0.04069849103689194 0.03866356611251831 0.03673038631677628 0.03489386662840843 0.03314917162060738 0.0314917117357254 0.02991712652146816 0.02842126972973347 0.02700020559132099 0.02565019577741623 0.02436768636107445 0.02314930222928524 0.02199183776974678 0.02089224569499493 0.01984763331711292 0.0188552513718605 0.01791248843073845 0.01701686345040798 0.01616602018475533 0.01535771880298853 0.01458983309566975 0.01386034116148949 0.01316732447594404 0.01250895857810974 0.01188351027667522 0.01128933485597372 0.01072486769407988 0.01018862426280975 0.009679192677140236 0.009195232763886452 0.008735471405088902 0.008298697881400585 0.007883762940764427 0.007489574607461691 0.007115095853805542 0.00675934087485075 0.006421373691409826 0.006100304890424013 0.005795289762318134 0.005505525507032871 0.005230249371379614 0.004968736786395311 0.00472029997035861 0.00448428513482213 0.004260071087628603 0.004047067370265722 0.003844714025035501 0.003652478335425258 0.003469854360446334 0.003296361537650228 0.003131543518975377 0.002974966308102012 0.002826218027621508 0.002684907056391239 0.002550661796703935 0.002423128811642528 0.002301972359418869 0.002186873694881797 0.002077529905363917 0.001973653445020318 0.001874970737844706 0.001781222177669406 0.001692161080427468 0.001607552985660732 0.001527175307273865 0.001450816518627107 0.001378275686874986 0.001309361890889704 0.001243893755599856 0.00118169910274446 0.001122614135965705 0.001066483440808952 0.001013159286230803 0.0009625013335607946 0.0009143762872554362 0.0008686574874445796 0.0008252246188931167 0.0007839633617550135 0.0007447652169503272 0.0007075269822962582 0.0006721506360918283 0.0006385431042872369 0.0006066159694455564 0.0005762851797044277 0.0005474709323607385 0.0005200973828323185 0.0004940925282426178 0.0004693879163824022 0.0004459185292944312 0.0004236226086504757 0.000402441481128335 0.0003823194128926843 0.0003632034349720925 0.0003450432559475303 0.0003277910873293877 0.0003114015271421522 0.000295831443509087 0.0002810398582369089 0.0002669878595042974 0.0002536384563427418 0.0002409565349807963 0.0002289087133249268 0.0002174632827518508 0.0002065901207970455 0.0001962606183951721 0.0001864475925685838 0.0001771252136677504 0.0001682689471635967 0.0001598554954398423 0.0001518627250334248 0.0001442695938749239 0.0001370561076328158 0.0001302033051615581 0.0001236931420862675 0.0001175084835267626 0.0001116330604418181 0.0001060514041455463 0.0001007488317554817 9.571138798492029e-05 9.092581603908911e-05 8.637952851131558e-05 8.206054917536676e-05 7.79575202614069e-05 7.405964424833655e-05 7.035666203591973e-05 6.683883111691102e-05 6.349688919726759e-05 6.032204328221269e-05 5.730594057240523e-05 5.444064299808815e-05 5.171861266717315e-05 4.913268276141025e-05 4.66760502604302e-05 4.434224683791399e-05 4.212513522361405e-05 4.001888009952381e-05 3.801793718594126e-05 3.611703868955374e-05 3.431118602748029e-05 3.259562799939886e-05 3.096584623563103e-05 2.941755337815266e-05 2.79466748906998e-05 2.65493417828111e-05 2.522187423892319e-05 2.396077979938127e-05 2.276274062751327e-05 2.162460441468284e-05 2.054337346635293e-05 1.951620470208582e-05 1.854039510362782e-05 1.761337625794113e-05 1.673270708124619e-05 1.589607200003229e-05 1.510126821813174e-05 1.434620480722515e-05 1.362889452138916e-05 1.294745015911758e-05 1.230007728736382e-05 1.168507333204616e-05 1.110081939259544e-05 1.054577842296567e-05 1.00184897746658e-05 9.517565558780916e-06 9.04168700799346e-06 8.589602657593787e-06 8.160122888511978e-06 7.752116289339028e-06 7.364510565821547e-06 6.996285264904145e-06 6.646470865234733e-06 6.314147412922466e-06 5.99843997406424e-06 5.698518179997336e-06 5.413592134573264e-06 5.142912414157763e-06 4.885766884399345e-06 4.64147842649254e-06 4.409404482430546e-06 4.188934326521121e-06 3.979487701144535e-06 3.780513225137838e-06 3.59148748430016e-06 3.411913212403306e-06 3.241317472202354e-06 3.079251655435655e-06 2.925288981714402e-06 2.779024498522631e-06 2.640073262227816e-06 3.744485866263858e-06 0.00018177209130954 0.0005198217695578933 0.0009998336900025606 0.001606428530067205 0.0023386524990201 0.003182120621204376 0.00413117790594697 0.005173689685761929 0.006295172963291407 0.007493334822356701 0.008763717487454414 0.01010320335626602 0.01150812488049269 0.01297500543296337 0.01450227200984955 0.01607784442603588 0.01769535057246685 0.01935758627951145 0.02106201648712158 0.02279599010944366 0.02455819025635719 0.02633854560554028 0.02813569083809853 0.02995080314576626 0.03178482875227928 0.03363072127103806
 0 0 0 0 0 0 0 0 0 0 0 0 0 0 0 0 0 0 0 0 0 0 0 0 0 0 0 0 0 0 0 0 0 0 0 0 0 0 0 0 0 0 0 0 0 0 0 0 0 0 0 0 0 0 0 0 0 0 0 0 0 0 0 0 0 0 0 0 0 0 0 0 0 0 0 0 0 0 0 0 0 0 0 0 0 0 0 0 0 0 0 0 0 0 0 0 0 0 0 0 0 0 0 0 0 0 0 0 0 0 0 0 0 0 0 0 0 0 0 0 0 0 0 0 0 0 0 0 0 0 0 0 0 0 0 0 0 0 0 0 0 0 0 0 0 0 0 0 0 0 0 0 0 0 0 0 0 0 0 0 0 0 0 0 0 0 0 0 0 0 0 0 0 0 0 0 0 0 0 0 0 0 0 0 0 0 0 0 0 0 0 0 0 0 0 0 0 0 0 0 0 0 0 0 0 0 0 0 0 0 0 0 0 0 0 0 0 0 0 0 0 0 0 0 0 0 0 0 0 0 0 0 0 0 0 0 0 0 0 0 0 0 0 0 0 0 0 0 0 0 0 0 0 0 0 0 0 0 0 0 0 0 0 0 0 0 0 0 0 0 0 0 0 0 0 0 0 0 0 0 0 0 0 0 0 0 0 0 0 0 0 0 0 0 0 0 0 0 0 0 0 0 0 0 0 0 0 0 0 0 0 0 0 0 0 0 0 0 0 0 0 0 0 0 0 0 0 0 0 0 0 0 0 0 0 0 0 0 0 0 0 0 0 0 0 0 0 0 0 0 0 0 0 0 0 0 0 0 0 0 0 0 0 0 0 0 0 0 0 0 0 0 0 0 0 0 0 0 0 0 0 0 0 0 0 0 0 0 0 0 0 0 0 0 0 0 0 0 0 0 0 0 0 0 0 0 0 0 0 0 0 0 0 0 0 0 0 0 0 0 0 0 0 0 0 0 0 0 0 0 0 0 0 0 0 0 0 0 0 0 0 0 0 0 0 0 0 0 0 0 0 0 0 0 0 0 0 0 0 0 0 0 0 0 0 0 0 0 0 0 0 0 0 0 0 0 0 0 0 0 0 0 0 0 0 0 0 0 0 0 0 0 0 0 0 0 0 0 0 0 0 0 0 0 0 0 0 0 0 0 0 0 0 0 0 0 0 0 0 0 0 0 0 0 0 0 0 0 0 0 0 0 0 0 0 0 0 0 0 0 0 0 0 0 0 0 0 0 0 0 0 0 0 0 0 0 0 0 0 0 0 0 0 0 0 0 0 0 0 0 0 0 0 0 0 0 0 0 0 0 0 0 0 0 0 0 0 0 0 0 0 0 0 0 0 0 0 0 0 0
 0 0 0 0 0 0 0 0 0 0 0 0 0 0 0 0 0 0 0 0 0 0 0 0 0 0 0 0 0 0 0 0 0 0 0 0 0 0 0 0 0 0 0 0 0 0 0 0 0 0 0 0 0 0 0 0 0 0 0 0 0 0 0 0 0 0 0 0 0 0 0 0 0 0 0 0 0 0 0 0 0 0 0 0 0 0 0 0 0 0 0 0 0 0 0 0 0 0 0 0 0 0 0 0 0 0 0 0 0 0 0 0 0 0 0 0 0 0 0 0 0 0 0 0 0 0 0 0 0 0 0 0 0 0 0 0 0 0 0 0 0 0 0 0 0 0 0 0 0 0 0 0 0 0 0 0 0 0 0 0 0 0 0 0 0 0 0 0 0 0 0 0 0 0 0 0 0 0 0 0 0 0 0 0 0 0 0 0 0 0 0 0 0 0 0 0 0 0 0 0 0 0 0 0 0 0 0 0 0 0 0 0 0 0 0 0 0 0 0 0 0 0 0 0 0 0 0 0 0 0 0 0 0 0 0 0 0 0 0 0 0 0 0 0 0 0 0 0 0 0 0 0 0 0 0 0 0 0 0 0 0 0 0 0 0 0 0 0 0 0 0 0 0 0 0 0 0 0 0 0 0 0 0 0 0 0 0 0 0 0 0 0 0 0 0 0 0 0 0 0 0 0 0 0 0 0 0 0 0 0 0 0 0 0 0 0 0 0 0 0 0 0 0 0 0 0 0 0 0 0 0 0 0 0 0 0 0 0 0 0 0 0 0 0 0 0 0 0 0 0 0 0 0 0 0 0 0 0 0 0 0 0 0 0 0 0 0 0 0 0 0 0 0 0 0 0 0 0 0 0 0 0 0 0 0 0 0 0 0 0 0 0 0 0 0 0 0 0 0 0 0 0 0 0 0 0 0 0 0 0 0 0 0 0 0 0 0 0 0 0 0 0 0 0 0 0 0 0 0 0 0 0 0 0 0 0 0 0 0 0 0 0 0 0 0 0 0 0 0 0 0 0 0 0 0 0 0 0 0 0 0 0 0 0 0 0 0 0 0 0 0 0 0 0 0 0 0 0 0 0 0 0 0 0 0 0 0 0 0 0 0 0 0 0 0 0 0 0 0 0 0 0 0 0 0 0 0 0 0 0 0 0 0 0 0 0 0 0 0 0 0 0 0 0 0 0 0 0 0 0 0 0 0 0 0 0 0 0 0 0 0 0 0 0 0 0 0 0 0 0 0 0 0 0 0 0 0 0 0 0 0 0 0 0 0 0 0 0 0 0 0 0 0 0 0 0 0 0 0 0 0 0 0 0 0 0 0 0 0 0 0 0 0 0 0 0 0 0 0 0
 0 0 0 0 0 0 0 0 0 0 0 0 0 0 0 0 0 0 0 0 0 0 0 0 0 0 0 0 0 0 0 0 0 0 0 0 0 0 0 0 0 0 0 0 0 0 0 0 0 0 0 0 0 0 0 0 0 0 0 0 0 0 0 0 0 0 0 0 0 0 0 0 0 0 0 0 0 0 0 0 0 0 0 0 0 0 0 0 0 0 0 0 0 0 0 0 0 0 0 0 0 0 0 0 0 0 0 0 0 0 0 0 0 0 0 0 0 0 0 0 0 0 0 0 0 0 0 0 0 0 0 0 0 0 0 0 0 0 0 0 0 0 0 0 0 0 0 0 0 0 0 0 0 0 0 0 0 0 0 0 0 0 0 0 0 0 0 0 0 0 0 0 0 0 0 0 0 0 0 0 0 0 0 0 0 0 0 0 0 0 0 0 0 0 0 0 0 0 0 0 0 0 0 0 0 0 0 0 0 0 0 0 0 0 0 0 0 0 0 0 0 0 0 0 0 0 0 0 0 0 0 0 0 0 0 0 0 0 0 0 0 0 0 0 0 0 0 0 0 0 0 0 0 0 0 0 0 0 0 0 0 0 0 0 0 0 0 0 0 0 0 0 0 0 0 0 0 0 0 0 0 0 0 0 0 0 0 0 0 0 0 0 0 0 0 0 0 0 0 0 0 0 0 0 0 0 0 0 0 0 0 0 0 0 0 0 0 0 0 0 0 0 0 0 0 0 0 0 0 0 0 0 0 0 0 0 0 0 0 0 0 0 0 0 0 0 0 0 0 0 0 0 0 0 0 0 0 0 0 0 0 0 0 0 0 0 0 0 0 0 0 0 0 0 0 0 0 0 0 0 0 0 0 0 0 0 0 0 0 0 0 0 0 0 0 0 0 0 0 0 0 0 0 0 0 0 0 0 0 0 0 0 0 0 0 0 0 0 0 0 0 0 0 0 0 0 0 0 0 0 0 0 0 0 0 0 0 0 0 0 0 0 0 0 0 0 0 0 0 0 0 0 0 0 0 0 0 0 0 0 0 0 0 0 0 0 0 0 0 0 0 0 0 0 0 0 0 0 0 0 0 0 0 0 0 0 0 0 0 0 0 0 0 0 0 0 0 0 0 0 0 0 0 0 0 0 0 0 0 0 0 0 0 0 0 0 0 0 0 0 0 0 0 0 0 0 0 0 0 0 0 0 0 0 0 0 0 0 0 0 0 0 0 0 0 0 0 0 0 0 0 0 0 0 0 0 0 0 0 0 0 0 0 0 0 0 0 0 0 0 0 0 0 0 0 0 0 0 0 0 0 0 0 0 0 0 0 0 0 0 0 0 0 0 0 0 0 0 0 0
 0 0 0 0 0 0 0 0 0 0 0 0 0 0 0 0 0 0 0 0 0 0 0 0 0 0 0 0 0 0 0 0 0 0 0 0 0 0 0 0 0 0 0 0 0 0 0 0 0 0 0 0 0 0 0 0 0 0 0 0 0 0 0 0 0 0 0 0 0 0 0 0 0 0 0 0 0 0 0 0 0 0 0 0 0 0 0 0 0 0 0 0 0 0 0 0 0 0 0 0 0 0 0 0 0 0 0 0 0 0 0 0 0 0 0 0 0 0 0 0 0 0 0 0 0 0 0 0 0 0 0 0 0 0 0 0 0 0 0 0 0 0 0 0 0 0 0 0 0 0 0 0 0 0 0 0 0 0 0 0 0 0 0 0 0 0 0 0 0 0 0 0 0 0 0 0 0 0 0 0 0 0 0 0 0 0 0 0 0 0 0 0 0 0 0 0 0 0 0 0 0 0 0 0 0 0 0 0 0 0 0 0 0 0 0 0 0 0 0 0 0 0 0 0 0 0 0 0 0 0 0 0 0 0 0 0 0 0 0 0 0 0 0 0 0 0 0 0 0 0 0 0 0 0 0 0 0 0 0 0 0 0 0 0 0 0 0 0 0 0 0 0 0 0 0 0 0 0 0 0 0 0 0 0 0 0 0 0 0 0 0 0 0 0 0 0 0 0 0 0 0 0 0 0 0 0 0 0 0 0 0 0 0 0 0 0 0 0 0 0 0 0 0.0001520718797110021 0.0009197799954563379 0.002260301727801561 0.004223786294460297 0.006751101464033127 0.009835530072450638 0.01335974410176277 0.01733352243900299 0.02167520485818386 0.02629983611404896 0.03121716529130936 0.03643360733985901 0.04194961860775948 0.04778630658984184 0.05393916368484497 0.06037334352731705 0.06700587272644043 0.07376735657453537 0.08068676292896271 0.08776645362377167 0.09487180411815643 0.1020217835903168 0.1092360243201256 0.1165336966514587 0.1239352896809578 0.1314628720283508 0.1390913873910904 0.1468306481838226 0.1547246128320694 0.1628034114837646 0.1695844680070877 0.1736558377742767 0.1741104125976562 0.1703833937644958 0.1621124446392059 0.1540068238973618 0.1463064849376678 0.1389911621809006 0.1320416033267975 0.1254395246505737 0.1191675513982773 0.1132091730833054 0.107548713684082 0.102171279489994 0.09706271439790726 0.0922095775604248 0.08759909868240356 0.08321914076805115 0.07905818521976471 0.07510527968406677 0.07135001569986343 0.06778251379728317 0.06439338624477386 0.06117371842265129 0.05811503157019615 0.05520927906036377 0.0524488165974617 0.04982637614011765 0.04733505845069885 0.04496830701828003 0.04271989315748215 0.04058389738202095 0.03855470195412636 0.03662696853280067 0.0347956195473671 0.03305583819746971 0.03140304610133171 0.02983289398252964 0.02834124863147736 0.02692418545484543 0.0255779754370451 0.02429907582700253 0.0230841226875782 0.02192991599440575 0.02083341963589191 0.01979174837470055 0.01880216039717197 0.01786205172538757 0.01696894876658916 0.01612050086259842 0.01531447563320398 0.01454875152558088 0.01382131408900023 0.0131302485242486 0.01247373595833778 0.01185004878789186 0.01125754602253437 0.01069466862827539 0.01015993487089872 0.009651938453316689 0.009169341996312141 0.008710875175893307 0.008275330998003483 0.007861564867198467 0.007468486670404673 0.007095062173902988 0.006740309298038483 0.006403293926268816 0.006083129439502954 0.005778972990810871 0.005490024574100971 0.005215523298829794 0.004954746924340725 0.00470700953155756 0.004471659194678068 0.004248076118528843 0.004035672172904015 0.003833888564258814 0.003642194205895066 0.003460084553807974 0.003287080209702253 0.003122726222500205 0.00296658999286592 0.002818260574713349 0.002677347511053085 0.002543480135500431 0.002416306175291538 0.002295490819960833 0.002180716255679727 0.002071680501103401 0.001968096476048231 0.00186969165224582 0.001776207122020423 0.001687396783381701 0.001603026990778744 0.001522875623777509 0.001446731854230165 0.001374395214952528 0.001305675483308733 0.001240391749888659 0.00117837218567729 0.001119453576393425 0.001063480856828392 0.001010306761600077 0.0009597914176993072 0.0009118018206208944 0.0008662117179483175 0.0008229011436924338 0.0007817560690455139 0.0007426682859659195 0.0007055348833091557 0.0006702581304125488 0.0006367452442646027 0.0006049079820513725 0.0005746625829488039 0.0005459294770844281 0.0005186329944990575 0.000492701365146786 0.0004680663114413619 0.0004446629900485277 0.0004224298463668674 0.0004013083525933325 0.0003812429495155811 0.0003621808136813343 0.0003440717700868845 0.0003268681757617742 0.0003105247742496431 0.0002949985209852457 0.0002802485832944512 0.0002662361657712609 0.0002529243647586554 0.000240278139244765 0.0002282642381032929 0.0002168510254705325 0.0002060084807453677 0.0001957080530701205 0.0001859226467786357 0.0001766265195328742 0.000167795195011422 0.0001594054338056594 0.0001514351606601849 0.0001438634062651545 0.0001366702344967052 0.0001298367278650403 0.0001233448856510222 0.000117177638458088 0.0001113187536248006 0.0001057528133969754 0.0001004651712719351 9.54419156187214e-05 9.066981874639168e-05 8.61363296280615e-05 8.182951569324359e-05 7.773804099997506e-05 7.38511371309869e-05 7.01585813658312e-05 6.66506530251354e-05 6.331811891868711e-05 6.015221151756123e-05 5.714459985028952e-05 5.428737131296657e-05 5.15730025654193e-05 4.89943522552494e-05 4.654463555198163e-05 4.421740231919102e-05 4.200653347652406e-05 3.990620825788938e-05 3.79108969355002e-05 3.601535354391672e-05 3.421458677621558e-05 3.250385634601116e-05 3.087866207351908e-05 2.933472933364101e-05 2.786799268506002e-05 2.647459223226178e-05 2.515086271159817e-05 2.389331893937197e-05 2.269865217385814e-05 2.156371920136735e-05 2.048553324129898e-05 1.94612566701835e-05 1.848819374572486e-05 1.756378333084285e-05 1.668559343670495e-05 1.585131394676864e-05 1.505874843132915e-05 1.430581141903531e-05 1.359052112093195e-05 1.291099488298642e-05 1.226544554810971e-05 1.165217327070422e-05 1.106956460716901e-05 1.051608614943689e-05 9.990281796490308e-06 9.490767297393177e-06 9.016229341796134e-06 8.565418283978943e-06 8.13714723335579e-06 7.730290235485882e-06 7.343775905610528e-06 6.976586973905796e-06 6.627757556998404e-06 6.296369519986911e-06 5.981551112199668e-06 5.68247378396336e-06 5.398349912866252e-06 5.128432349010836e-06 4.87201077703503e-06 4.628410351870116e-06 4.396989879751345e-06 4.177140453975881e-06 3.968283635913394e-06 3.76986940864299e-06 3.581375949579524e-06 3.40230712936318e-06 3.23219182973844e-06 1.155349673354067e-05 0.0001946714910445735 0.0005414583720266819 0.001034986693412066 0.001662956434302032 0.002414049813523889 0.003275530878454447 0.004245657473802567 0.005323118530213833 0.006504411809146404 0.007787415757775307 0.009168507531285286 0.01063335034996271 0.01217638794332743 0.01378524024039507 0.01545367017388344 0.0171677190810442 0.01892316341400146 0.02071104757487774 0.02253096923232079 0.02438266947865486 0.02625993825495243 0.02814814262092113 0.03004742413759232 0.03195748850703239 0.03388321399688721 0.03581319376826286 0.0377480648458004 0.03968796133995056 0.04163365438580513 0.04357263818383217 0.04549581930041313
 0 0 0 0 0 0 0 0 0 0 0 0 0 0 0 0 0 0 0 0 0 0 0 0 0 0 0 0 0 0 0 0 0 0 0 0 0 0 0 0 0 0 0 0 0 0 0 0 0 0 0 0 0 0 0 0 0 0 0 0 0 0 0 0 0 0 0 0 0 0 0 0 0 0 0 0 0 0 0 0 0 0 0 0 0 0 0 0 0 0 0 0 0 0 0 0 0 0 0 0 0 0 0 0 0 0 0 0 0 0 0 0 0 0 0 0 0 0 0 0 0 0 0 0 0 0 0 0 0 0 0 0 0 0 0 0 0 0 0 0 0 0 0 0 0 0 0 0 0 0 0 0 0 0 0 0 0 0 0 0 0 0 0 0 0 0 0 0 0 0 0 0 0 0 0 0 0 0 0 0 0 0 0 0 0 0 0 0 0 0 0 0 0 0 0 0 0 0 0 0 0 0 0 0 0 0 0 0 0 0 0 0 0 0 0 0 0 0 0 0 0 0 0 0 0 0 0 0 0 0 0 0 0 0 0 0 0 0 0 0 0 0 0 0 0 0 0 0 0 0 0 0 0 0 0 0 0 0 0 0 0 0 0 0 0 0 0 0 0 0 0 0 0 0 0 0 0 0 0 0 0 0 0 0 0 0 0 0 0 0 0 0 0 0 0 0 0 0 0 0 0 0 0 0 0 0 0 0 0 0 0 0 0 0 0 0 0 0 0 0 0 0 0 0 0 0 0 0 0 0 0 0 0 0 0 0 0 0 0 0 0 0 0 0 0 0 0 0 0 0 0 0 0 0 0 0 0 0 0 0 0 0 0 0 0 0 0 0 0 0 0 0 0 0 0 0 0 0 0 0 0 0 0 0 0 0 0 0 0 0 0 0 0 0 0 0 0 0 0 0 0 0 0 0 0 0 0 0 0 0 0 0 0 0 0 0 0 0 0 0 0 0 0 0 0 0 0 0 0 0 0 0 0 0 0 0 0 0 0 0 0 0 0 0 0 0 0 0 0 0 0 0 0 0 0 0 0 0 0 0 0 0 0 0 0 0 0 0 0 0 0 0 0 0 0 0 0 0 0 0 0 0 0 0 0 0 0 0 0 0 0 0 0 0 0 0 0 0 0 0 0 0 0 0 0 0 0 0 0 0 0 0 0 0 0 0 0 0 0 0 0 0 0 0 0 0 0 0 0 0 0 0 0 0 0 0 0 0 0 0 0 0 0 0 0 0 0 0 0 0 0 0 0 0 0 0 0 0 0 0 0 0 0 0 0 0 0 0 0 0 0 0 0 0 0 0 0 0 0 0 0 0 0 0 0 0 0 0 0 0 0 0 0 0 0 0 0 0 0 0
 0 0 0 0 0 0 0 0 0 0 0 0 0 0 0 0 0 0 0 0 0 0 0 0 0 0 0 0 0 0 0 0 0 0 0 0 0 0 0 0 0 0 0 0 0 0 0 0 0 0 0 0 0 0 0 0 0 0 0 0 0 0 0 0 0 0 0 0 0 0 0 0 0 0 0 0 0 0 0 0 0 0 0 0 0 0 0 0 0 0 0 0 0 0 0 0 0 0 0 0 0 0 0 0 0 0 0 0 0 0 0 0 0 0 0 0 0 0 0 0 0 0 0 0 0 0 0 0 0 0 0 0 0 0 0 0 0 0 0 0 0 0 0 0 0 0 0 0 0 0 0 0 0 0 0 0 0 0 0 0 0 0 0 0 0 0 0 0 0 0 0 0 0 0 0 0 0 0 0 0 0 0 0 0 0 0 0 0 0 0 0 0 0 0 0 0 0 0 0 0 0 0 0 0 0 0 0 0 0 0 0 0 0 0 0 0 0 0 0 0 0 0 0 0 0 0 0 0 0 0 0 0 0 0 0 0 0 0 0 0 0 0 0 0 0 0 0 0 0 0 0 0 0 0 0 0 0 0 0 0 0 0 0 0 0 0 0 0 0 0 0 0 0 0 0 0 0 0 0 0 0 0 0 0 0 0 0 0 0 0 0 0 0 0 0 0 0 0 0 0 0 0 0 0 0 0 0 0 0 0 0 0 0 0 0 0 0 0 0 0 0 0 0 0 0 0 0 0 0 0 0 0 0 0 0 0 0 0 0 0 0 0 0 0 0 0 0 0 0 0 0 0 0 0 0 0 0 0 0 0 0 0 0 0 0 0 0 0 0 0 0 0 0 0 0 0 0 0 0 0 0 0 0 0 0 0 0 0 0 0 0 0 0 0 0 0 0 0 0 0 0 0 0 0 0 0 0 0 0 0 0 0 0 0 0 0 0 0 0 0 0 0 0 0 0 0 0 0 0 0 0 0 0 0 0 0 0 0 0 0 0 0 0 0 0 0 0 0 0 0 0 0 0 0 0 0 0 0 0 0 0 0 0 0 0 0 0 0 0 0 0 0 0 0 0 0 0 0 0 0 0 0 0 0 0 0 0 0 0 0 0 0 0 0 0 0 0 0 0 0 0 0 0 0 0 0 0 0 0 0 0 0 0 0 0 0 0 0 0 0 0 0 0 0 0 0 0 0 0 0 0 0 0 0 0 0 0 0 0 0 0 0 0 0 0 0 0 0 0 0 0 0 0 0 0 0 0 0 0 0 0 0 0 0 0 0 0 0 0 0 0 0 0 0 0 0 0 0 0 0 0 0 0 0 0 0 0 0 0 0 0 0 0 0 0 0 0 0 0 0
 0 0 0 0 0 0 0 0 0 0 0 0 0 0 0 0 0 0 0 0 0 0 0 0 0 0 0 0 0 0 0 0 0 0 0 0 0 0 0 0 0 0 0 0 0 0 0 0 0 0 0 0 0 0 0 0 0 0 0 0 0 0 0 0 0 0 0 0 0 0 0 0 0 0 0 0 0 0 0 0 0 0 0 0 0 0 0 0 0 0 0 0 0 0 0 0 0 0 0 0 0 0 0 0 0 0 0 0 0 0 0 0 0 0 0 0 0 0 0 0 0 0 0 0 0 0 0 0 0 0 0 0 0 0 0 0 0 0 0 0 0 0 0 0 0 0 0 0 0 0 0 0 0 0 0 0 0 0 0 0 0 0 0 0 0 0 0 0 0 0 0 0 0 0 0 0 0 0 0 0 0 0 0 0 0 0 0 0 0 0 0 0 0 0 0 0 0 0 0 0 0 0 0 0 0 0 0 0 0 0 0 0 0 0 0 0 0 0 0 0 0 0 0 0 0 0 0 0 0 0 0 0 0 0 0 0 0 0 0 0 0 0 0 0 0 0 0 0 0 0 0 0 0 0 0 0 0 0 0 0 0 0 0 0 0 0 0 0 0 0 0 0 0 0 0 0 0 0 0 0 0 0 0 0 0 0 0 0 0 0 0 0 0 0 0 0 0 0 0 0 0 0 0 0 0 0 0 0 0 0 0 0 0 0 0 0 0 0 0 0 0 0 0 0 0 0 0 0 0 0 0 0 0 0 0 0 0 0 0 0 0 0 0 0 0 0 0 0 0 0 0 0 0 0 0 0 0 0 0 0 0 0 0 0 0 0 0 0 0 0 0 0 0 0 0 0 0 0 0 0 0 0 0 0 0 0 0 0 0 0 0 0 0 0 0 0 0 0 0 0 0 0 0 0 0 0 0 0 0 0 0 0 0 0 0 0 0 0 0 0 0 0 0 0 0 0 0 0 0 0 0 0 0 0 0 0 0 0 0 0 0 0 0 0 0 0 0 0 0 0 0 0 0 0 0 0 0 0 0 0 0 0 0 0 0 0 0 0 0 0 0 0 0 0 0 0 0 0 0 0 0 0 0 0 0 0 0 0 0 0 0 0 0 0 0 0 0 0 0 0 0 0 0 0 0 0 0 0 0 0 0 0 0 0 0 0 0 0 0 0 0 0 0 0 0 0 0 0 0 0 0 0 0 0 0 0 0 0 0 0 0 0 0 0 0 0 0 0 0 0 0 0 0 0 0 0 0 0 0 0 0 0 0 0 0 0 0 0 0 0 0 0 0 0 0 0 0 0 0 0 0 0 0 0 0 0 0 0 0 0 0 0 0 0 0 0 0 0 0 0
 0 0 0 0 0 0 0 0 0 0 0 0 0 0 0 0 0 0 0 0 0 0 0 0 0 0 0 0 0 0 0 0 0 0 0 0 0 0 0 0 0 0 0 0 0 0 0 0 0 0 0 0 0 0 0 0 0 0 0 0 0 0 0 0 0 0 0 0 0 0 0 0 0 0 0 0 0 0 0 0 0 0 0 0 0 0 0 0 0 0 0 0 0 0 0 0 0 0 0 0 0 0 0 0 0 0 0 0 0 0 0 0 0 0 0 0 0 0 0 0 0 0 0 0 0 0 0 0 0 0 0 0 0 0 0 0 0 0 0 0 0 0 0 0 0 0 0 0 0 0 0 0 0 0 0 0 0 0 0 0 0 0 0 0 0 0 0 0 0 0 0 0 0 0 0 0 0 0 0 0 0 0 0 0 0 0 0 0 0 0 0 0 0 0 0 0 0 0 0 0 0 0 0 0 0 0 0 0 0 0 0 0 0 0 0 0 0 0 0 0 0 0 0 0 0 0 0 0 0 0 0 0 0 0 0 0 0 0 0 0 0 0 0 0 0 0 0 0 0 0 0 0 0 0 0 0 0 0 0 0 0 0 0 0 0 0 0 0 0 0 0 0 0 0 0 0 0 0 0 0 0 0 0 0 0 0 0 0 0 0 0 0 0 0 0 0 0 0 0 0 0 0 0 0 0 0 0 0 0 0 0 0 0 0 0 0 0 0 0 0 0 0 0 0.0003099631576333195 0.001180549850687385 0.002617987338453531 0.004658982157707214 0.007240522652864456 0.01028804667294025 0.01381600741297007 0.01773531921207905 0.02197377756237984 0.02647059038281441 0.03124650940299034 0.03633294627070427 0.04175689443945885 0.04749567806720734 0.05352941527962685 0.05986928567290306 0.06645344942808151 0.07309984415769577 0.07988419383764267 0.08673305064439774 0.0936441645026207 0.1005643233656883 0.1075236946344376 0.1145400553941727 0.1216442808508873 0.1288523524999619 0.1361875534057617 0.1436793804168701 0.1513457447290421 0.1591448783874512 0.1657162308692932 0.1696992665529251 0.1702152937650681 0.1667048931121826 0.1587917804718018 0.1508521884679794 0.1433095782995224 0.1361441016197205 0.1293368935585022 0.1228700503706932 0.1167265474796295 0.1108902171254158 0.1053457036614418 0.1000784188508987 0.09507449716329575 0.09032077342271805 0.08580473810434341 0.08151450008153915 0.07743877172470093 0.07356683164834976 0.06988848745822906 0.06639406085014343 0.06307435780763626 0.05992063879966736 0.05692460760474205 0.05407837778329849 0.05137445777654648 0.04880573600530624 0.04636544734239578 0.04404717683792114 0.04184481874108315 0.03975257650017738 0.03776494786143303 0.03587669879198074 0.03408286347985268 0.03237872198224068 0.0307597853243351 0.0292217954993248 0.0277607049793005 0.02637266926467419 0.02505403570830822 0.02380133420228958 0.02261126786470413 0.02148070372641087 0.02040666900575161 0.01938633620738983 0.01841701939702034 0.01749616861343384 0.01662136055529118 0.0157902929931879 0.01500077825039625 0.01425073947757483 0.01353820227086544 0.0128612918779254 0.01221822760999203 0.01160731632262468 0.01102695055305958 0.01047560293227434 0.009951822459697723 0.009454231709241867 0.008981520310044289 0.008532444015145302 0.008105821907520294 0.007700530812144279 0.007315504364669323 0.006949729286134243 0.006602242588996887 0.006272130645811558 0.005958524066954851 0.005660597700625658 0.005377567838877439 0.005108689423650503 0.004853255115449429 0.004610592499375343 0.004380062688142061 0.004161059390753508 0.003953006584197283 0.003755356185138226 0.003567588282749057 0.003389208810403943 0.003219748381525278 0.003058760892599821 0.002905822824686766 0.002760531613603234 0.002622504951432347 0.002491379622370005 0.002366810571402311 0.002248469972983003 0.002136046532541513 0.00202924432232976 0.001927782082930207 0.001831392990425229 0.001739823375828564 0.001652832259424031 0.001570190652273595 0.001491681090556085 0.001417097053490579 0.001346242148429155 0.001278929994441569 0.001214983523823321 0.00115423440001905 0.001096522668376565 0.001041696523316205 0.0009896117262542248 0.0009401311399415135 0.0008931246120482683 0.0008484683930873871 0.0008060449617914855 0.0007657427340745926 0.000727455597370863 0.0006910827942192554 0.0006565286312252283 0.0006237021880224347 0.0005925170844420791 0.0005628912476822734 0.0005347466794773936 0.0005080093396827579 0.0004826088843401521 0.0004584784328471869 0.0004355545097496361 0.0004137767828069627 0.0003930879465769976 0.0003734335477929562 0.0003547618689481169 0.0003370237827766687 0.0003201726067345589 0.0003041639865841717 0.0002889557799790055 0.0002745079982560128 0.0002607826027087867 0.0002477434754837304 0.0002353563031647354 0.0002235884894616902 0.0002124090678989887 0.0002017886145040393 0.0001916991895996034 0.0001821142359403893 0.0001730085205053911 0.0001643580908421427 0.0001561401877552271 0.0001483331725466996 0.0001409165124641731 0.0001338706933893263 0.0001271771616302431 0.0001208183020935394 0.0001147773873526603 0.0001090385194402188 0.0001035865934682079 9.840726124821231e-05 9.348689491162077e-05 8.881255052983761e-05 8.437192445853725e-05 8.015333150979131e-05 7.614566129632294e-05 7.233837823150679e-05 6.872145604575053e-05 6.528538506245241e-05 6.202111399034038e-05 5.892005719942972e-05 5.597405470325612e-05 5.317535033100285e-05 5.051658445154317e-05 4.799075395567343e-05 4.559121589409187e-05 4.33116547355894e-05 4.114607145311311e-05 3.90887689718511e-05 3.71343303413596e-05 3.52776150975842e-05 3.351373379700817e-05 3.183804801665246e-05 3.024614488822408e-05 2.873383709811606e-05 2.729714469751343e-05 2.593228782643564e-05 2.463567398081068e-05 2.34038907365175e-05 2.223369665443897e-05 2.11220121855149e-05 2.006591239478439e-05 1.906261604744941e-05 1.810948560887482e-05 1.720401087368373e-05 1.634381078474689e-05 1.55266207002569e-05 1.475028966524405e-05 1.401277495460818e-05 1.331213661615038e-05 1.264653019461548e-05 1.201420400320785e-05 1.141349366662325e-05 1.084281939256471e-05 1.030067869578488e-05 9.785644579096697e-06 9.296361895394512e-06 8.831543709675316e-06 8.389966751565225e-06 7.970468686835375e-06 7.571945388917811e-06 7.193348210421391e-06 6.833680799900321e-06 6.491996828117408e-06 6.167396804812597e-06 5.859027169208275e-06 5.566075742535759e-06 5.287772182782646e-06 3.482097235973924e-05 0.000291334290523082 0.0007529169670306146 0.001406633178703487 0.002234903862699866 0.003225882072001696 0.004374774172902107 0.005661616101861 0.007073855958878994 0.008607732132077217 0.01025419309735298 0.01200756430625916 0.01386216375976801 0.01580996066331863 0.0178286861628294 0.0199137981981039 0.02206138148903847 0.0242631807923317 0.02651577815413475 0.02882207185029984 0.03119079396128654 0.03360667824745178 0.03605519235134125 0.03853099048137665 0.04103391990065575 0.04355509951710701 0.04609160870313644 0.04862113669514656 0.05114437267184258 0.05366026610136032 0.05616919323801994 0.05866938829421997 0.06115202233195305 0.06361841410398483 0.06606921553611755 0.06848853826522827 0.07087765634059906 0.07324278354644775 0.0755835622549057 0.0779026672244072 0.08020174503326416
 0 0 0 0 0 0 0 0 0 0 0 0 0 0 0 0 0 0 0 0 0 0 0 0 0 0 0 0 0 0 0 0 0 0 0 0 0 0 0 0 0 0 0 0 0 0 0 0 0 0 0 0 0 0 0 0 0 0 0 0 0 0 0 0 0 0 0 0 0 0 0 0 0 0 0 0 0 0 0 0 0 0 0 0 0 0 0 0 0 0 0 0 0 0 0 0 0 0 0 0 0 0 0 0 0 0 0 0 0 0 0 0 0 0 0 0 0 0 0 0 0 0 0 0 0 0 0 0 0 0 0 0 0 0 0 0 0 0 0 0 0 0 0 0 0 0 0 0 0 0 0 0 0 0 0 0 0 0 0 0 0 0 0 0 0 0 0 0 0 0 0 0 0 0 0 0 0 0 0 0 0 0 0 0 0 0 0 0 0 0 0 0 0 0 0 0 0 0 0 0 0 0 0 0 0 0 0 0 0 0 0 0 0 0 0 0 0 0 0 0 0 0 0 0 0 0 0 0 0 0 0 0 0 0 0 0 0 0 0 0 0 0 0 0 0 0 0 0 0 0 0 0 0 0 0 0 0 0 0 0 0 0 0 0 0 0 0 0 0 0 0 0 0 0 0 0 0 0 0 0 0 0 0 0 0 0 0 0 0 0 0 0 0 0 0 0 0 0 0 0 0 0 0 0 0 0 0 0 0 0 0 0 0 0 0 0 0 0 0 0 0 0 0 0 0 0 0 0 0 0 0 0 0 0 0 0 0 0 0 0 0 0 0 0 0 0 0 0 0 0 0 0 0 0 0 0 0 0 0 0 0 0 0 0 0 0 0 0 0 0 0 0 0 0 0 0 0 0 0 0 0 0 0 0 0 0 0 0 0 0 0 0 0 0 0 0 0 0 0 0 0 0 0 0 0 0 0 0 0 0 0 0 0 0 0 0 0 0 0 0 0 0 0 0 0 0 0 0 0 0 0 0 0 0 0 0 0 0 0 0 0 0 0 0 0 0 0 0 0 0 0 0 0 0 0 0 0 0 0 0 0 0 0 0 0 0 0 0 0 0 0 0 0 0 0 0 0 0 0 0 0 0 0 0 0 0 0 0 0 0 0 0 0 0 0 0 0 0 0 0 0 0 0 0 0 0 0 0 0 0 0 0 0 0 0 0 0 0 0 0 0 0 0 0 0 0 0 0 0 0 0 0 0 0 0 0 0 0 0 0 0 0 0 0 0 0 0 0 0 0 0 0 0 0 0 0 0 0 0 0 0 0 0 0 0 0 0 0 0 0 0 0 0 0 0 0 0 0 0 0 0 0 0 0 0 0 0 0 0 0 0 0 0 0 0 0 0 0 0 0
 0 0 0 0 0 0 0 0 0 0 0 0 0 0 0 0 0 0 0 0 0 0 0 0 0 0 0 0 0 0 0 0 0 0 0 0 0 0 0 0 0 0 0 0 0 0 0 0 0 0 0 0 0 0 0 0 0 0 0 0 0 0 0 0 0 0 0 0 0 0 0 0 0 0 0 0 0 0 0 0 0 0 0 0 0 0 0 0 0 0 0 0 0 0 0 0 0 0 0 0 0 0 0 0 0 0 0 0 0 0 0 0 0 0 0 0 0 0 0 0 0 0 0 0 0 0 0 0 0 0 0 0 0 0 0 0 0 0 0 0 0 0 0 0 0 0 0 0 0 0 0 0 0 0 0 0 0 0 0 0 0 0 0 0 0 0 0 0 0 0 0 0 0 0 0 0 0 0 0 0 0 0 0 0 0 0 0 0 0 0 0 0 0 0 0 0 0 0 0 0 0 0 0 0 0 0 0 0 0 0 0 0 0 0 0 0 0 0 0 0 0 0 0 0 0 0 0 0 0 0 0 0 0 0 0 0 0 0 0 0 0 0 0 0 0 0 0 0 0 0 0 0 0 0 0 0 0 0 0 0 0 0 0 0 0 0 0 0 0 0 0 0 0 0 0 0 0 0 0 0 0 0 0 0 0 0 0 0 0 0 0 0 0 0 0 0 0 0 0 0 0 0 0 0 0 0 0 0 0 0 0 0 0 0 0 0 0 0 0 0 0 0 0 0 0 0 0 0 0 0 0 0 0 0 0 0 0 0 0 0 0 0 0 0 0 0 0 0 0 0 0 0 0 0 0 0 0 0 0 0 0 0 0 0 0 0 0 0 0 0 0 0 0 0 0 0 0 0 0 0 0 0 0 0 0 0 0 0 0 0 0 0 0 0 0 0 0 0 0 0 0 0 0 0 0 0 0 0 0 0 0 0 0 0 0 0 0 0 0 0 0 0 0 0 0 0 0 0 0 0 0 0 0 0 0 0 0 0 0 0 0 0 0 0 0 0 0 0 0 0 0 0 0 0 0 0 0 0 0 0 0 0 0 0 0 0 0 0 0 0 0 0 0 0 0 0 0 0 0 0 0 0 0 0 0 0 0 0 0 0 0 0 0 0 0 0 0 0 0 0 0 0 0 0 0 0 0 0 0 0 0 0 0 0 0 0 0 0 0 0 0 0 0 0 0 0 0 0 0 0 0 0 0 0 0 0 0 0 0 0 0 0 0 0 0 0 0 0 0 0 0 0 0 0 0 0 0 0 0 0 0 0 0 0 0 0 0 0 0 0 0 0 0 0 0 0 0 0 0 0 0 0 0 0 0 0 0 0 0 0 0 0 0 0 0 0 0 0 0 0
 0 0 0 0 0 0 0 0 0 0 0 0 0 0 0 0 0 0 0 0 0 0 0 0 0 0 0 0 0 0 0 0 0 0 0 0 0 0 0 0 0 0 0 0 0 0 0 0 0 0 0 0 0 0 0 0 0 0 0 0 0 0 0 0 0 0 0 0 0 0 0 0 0 0 0 0 0 0 0 0 0 0 0 0 0 0 0 0 0 0 0 0 0 0 0 0 0 0 0 0 0 0 0 0 0 0 0 0 0 0 0 0 0 0 0 0 0 0 0 0 0 0 0 0 0 0 0 0 0 0 0 0 0 0 0 0 0 0 0 0 0 0 0 0 0 0 0 0 0 0 0 0 0 0 0 0 0 0 0 0 0 0 0 0 0 0 0 0 0 0 0 0 0 0 0 0 0 0 0 0 0 0 0 0 0 0 0 0 0 0 0 0 0 0 0 0 0 0 0 0 0 0 0 0 0 0 0 0 0 0 0 0 0 0 0 0 0 0 0 0 0 0 0 0 0 0 0 0 0 0 0 0 0 0 0 0 0 0 0 0 0 0 0 0 0 0 0 0 0 0 0 0 0 0 0 0 0 0 0 0 0 0 0 0 0 0 0 0 0 0 0 0 0 0 0 0 0 0 0 0 0 0 0 0 0 0 0 0 0 0 0 0 0 0 0 0 0 0 0 0 0 0 0 0 0 0 0 0 0 0 0 0 0 0 0 0 0 0 0 0 0 0 0 0 0 0 0 0 0 0 0 0 0 0 0 0 0 0 0 0 0 0 0 0 0 0 0 0 0 0 0 0 0 0 0 0 0 0 0 0 0 0 0 0 0 0 0 0 0 0 0 0 0 0 0 0 0 0 0 0 0 0 0 0 0 0 0 0 0 0 0 0 0 0 0 0 0 0 0 0 0 0 0 0 0 0 0 0 0 0 0 0 0 0 0 0 0 0 0 0 0 0 0 0 0 0 0 0 0 0 0 0 0 0 0 0 0 0 0 0 0 0 0 0 0 0 0 0 0 0 0 0 0 0 0 0 0 0 0 0 0 0 0 0 0 0 0 0 0 0 0 0 0 0 0 0 0 0 0 0 0 0 0 0 0 0 0 0 0 0 0 0 0 0 0 0 0 0 0 0 0 0 0 0 0 0 0 0 0 0 0 0 0 0 0 0 0 0 0 0 0 0 0 0 0 0 0 0 0 0 0 0 0 0 0 0 0 0 0 0 0 0 0 0 0 0 0 0 0 0 0 0 0 0 0 0 0 0 0 0 0 0 0 0 0 0 0 0 0 0 0 0 0 0 0 0 0 0 0 0 0 0 0 0 0 0 0 0 0 0 0 0 0 0 0 0 0 0 0 0
 0 0 0 0 0 0 0 0 0 0 0 0 0 0 0 0 0 0 0 0 0 0 0 0 0 0 0 0 0 0 0 0 0 0 0 0 0 0 0 0 0 0 0 0 0 0 0 0 0 0 0 0 0 0 0 0 0 0 0 0 0 0 0 0 0 0 0 0 0 0 0 0 0 0 0 0 0 0 0 0 0 0 0 0 0 0 0 0 0 0 0 0 0 0 0 0 0 0 0 0 0 0 0 0 0 0 0 0 0 0 0 0 0 0 0 0 0 0 0 0 0 0 0 0 0 0 0 0 0 0 0 0 0 0 0 0 0 0 0 0 0 0 0 0 0 0 0 0 0 0 0 0 0 0 0 0 0 0 0 0 0 0 0 0 0 0 0 0 0 0 0 0 0 0 0 0 0 0 0 0 0 0 0 0 0 0 0 0 0 0 0 0 0 0 0 0 0 0 0 0 0 0 0 0 0 0 0 0 0 0 0 0 0 0 0 0 0 0 0 0 0 0 0 0 0 0 0 0 0 0 0 0 0 0 0 0 0 0 0 0 0 0 0 0 0 0 0 0 0 0 0 0 0 0 0 0 0 0 0 0 0 0 0 0 0 0 0 0 0 0 0 0 0 0 0 0 0 0 0 0 0 0 0 0 0 0 0 0 0 0 0 0 0 0 0 0 0 0 0 0 0 0 0 0 0 0 0 0 0 0 0 0 0 0 0 0 0 0 0 0 0 0 0 0 0.0001563428231747821 0.0009018650162033737 0.002210514852777123 0.004130496643483639 0.00668649934232235 0.009755206294357777 0.01327685359865427 0.01719881780445576 0.02142931334674358 0.02594767883419991 0.03075360506772995 0.03587014600634575 0.0412994921207428 0.04698664322495461 0.05295144766569138 0.05916993692517281 0.06556116044521332 0.07208063453435898 0.0786721408367157 0.08534684032201767 0.09209612756967545 0.09889958053827286 0.105772040784359 0.1126983165740967 0.1196929737925529 0.1267792731523514 0.1339756399393082 0.1412713676691055 0.1487233191728592 0.1562946736812592 0.1628493368625641 0.1669761836528778 0.1677735894918442 0.1646539717912674 0.1572246998548508 0.1493634581565857 0.1418952792882919 0.1348005086183548 0.1280604898929596 0.1216574683785439 0.1155745983123779 0.109795868396759 0.1043060719966888 0.09909076988697052 0.09413623064756393 0.08942941576242447 0.08495794236660004 0.08071004599332809 0.07667454332113266 0.07284081727266312 0.06919877976179123 0.06573884189128876 0.06245189905166626 0.05932930484414101 0.05636284127831459 0.05354470014572144 0.0508674643933773 0.0483240894973278 0.0459078848361969 0.04361249133944511 0.04143186658620834 0.03936027362942696 0.037392258644104 0.03552264720201492 0.03374651446938515 0.0320591889321804 0.03045623004436493 0.02893341891467571 0.02748674713075161 0.02611240930855274 0.0248067881911993 0.02356644906103611 0.02238812670111656 0.02126871980726719 0.02020528353750706 0.01919502019882202 0.01823526993393898 0.01732350699603558 0.0164573322981596 0.01563446596264839 0.01485274266451597 0.01411010511219501 0.01340460032224655 0.01273437030613422 0.01209765207022429 0.01149276923388243 0.01091813109815121 0.01037222426384687 0.009853612631559372 0.009360931813716888 0.008892885409295559 0.008448241278529167 0.008025828748941422 0.007624537218362093 0.007243310566991568 0.00688114482909441 0.006537087727338076 0.006210233550518751 0.005899721756577492 0.00560473557561636 0.005324498750269413 0.005058273673057556 0.004805359989404678 0.00456509180366993 0.004336837213486433 0.004119995515793562 0.003913995809853077 0.003718296065926552 0.003532381262630224 0.003355762222781777 0.003187974216416478 0.003028575563803315 0.002877146704122424 0.002733289264142513 0.002596624894067645 0.002466793637722731 0.00234345393255353 0.002226281212642789 0.00211496721021831 0.002009218791499734 0.001908757840283215 0.001813319977372885 0.001722653978504241 0.001636521308682859 0.001554695190861821 0.001476960489526391 0.001403112430125475 0.001332956831902266 0.001266308943741024 0.001202993444167078 0.001142843742854893 0.001085701514966786 0.001031416468322277 0.0009798456449061632 0.0009308533626608551 0.0008843106916174293 0.0008400951628573239 0.0007980904192663729 0.0007581859244965017 0.0007202766137197614 0.0006842627772130072 0.0006500496529042721 0.0006175471935421228 0.0005866698338650167 0.0005573363159783185 0.0005294695147313178 0.0005029960302636027 0.0004778462171088904 0.0004539538931567222 0.0004312561941333115 0.0004096933989785612 0.0003892087261192501 0.0003697482752613723 0.0003512608527671546 0.0003336977970320731 0.0003170129202771932 0.0003011622757185251 0.0002861041575670242 0.0002717989555094391 0.0002582090091891587 0.0002452985499985516 0.0002330336283193901 0.0002213819534517825 0.0002103128499584273 0.0001997972140088677 0.0001898073533084244 0.0001803169870981947 0.0001713011442916468 0.0001627360907150432 0.0001545992854516953 0.0001468693226343021 0.0001395258586853743 0.0001325495686614886 0.0001259220880456269 0.0001196259836433455 0.0001136446808231995 0.0001079624489648268 0.0001025643286993727 9.743611008161679e-05 9.256430348614231e-05 8.793608867563307e-05 8.353928569704294e-05 7.936231850180775e-05 7.539420039393008e-05 7.162449037423357e-05 6.804326403653249e-05 6.464109901571646e-05 6.140904588392004e-05 5.833859177073464e-05 5.54216603632085e-05 5.265057552605867e-05 5.001804674975574e-05 4.751714368467219e-05 4.5141285227146e-05 4.288422132958658e-05 4.074001117260195e-05 3.870301225106232e-05 3.676786218420602e-05 3.492946780170314e-05 3.318299422971904e-05 3.152384306304157e-05 2.994765054609161e-05 2.845026756403968e-05 2.702775418583769e-05 2.567636693129316e-05 2.439254785713274e-05 2.317292091902345e-05 2.201427560066804e-05 2.091356145683676e-05 1.986788265639916e-05 1.887448888737708e-05 1.793076444300823e-05 1.703422640275676e-05 1.618251553736627e-05 1.53733890329022e-05 1.460471958125709e-05 1.38744835567195e-05 1.318075919698458e-05 1.252172114618588e-05 1.189563499792712e-05 1.130085365730338e-05 1.073581097443821e-05 1.019902083498891e-05 9.689069884188939e-06 9.204616617353167e-06 8.744385922909714e-06 8.307166353915818e-06 7.891808309068438e-06 7.49721766624134e-06 7.122356691979803e-06 6.766239039279753e-06 6.427927019103663e-06 6.106530690885847e-06 4.683237784774974e-05 0.0003392062790226191 0.000850958633236587 0.001566944178193808 0.002458118135109544 0.003516044933348894 0.004734535701572895 0.006111389491707087 0.007629177998751402 0.009266184642910957 0.0110253281891346 0.01290000323206186 0.01488668750971556 0.01698442175984383 0.01918627694249153 0.02149312011897564 0.02388886921107769 0.02635383978486061 0.02888387069106102 0.03146004304289818 0.03406992554664612 0.03671211376786232 0.03938553854823112 0.0420742928981781 0.04477671161293983 0.04749581590294838 0.05023404583334923 0.05298271030187607 0.05573892220854759 0.05849951133131981 0.06125769391655922 0.06400514394044876 0.06674105674028397 0.06946949660778046 0.07219332456588745 0.07491679489612579 0.07764013856649399 0.08036074787378311 0.08307512849569321 0.08578792214393616 0.08850010484457016 0.09035824984312057 0.09058932960033417
 0 0 0 0 0 0 0 0 0 0 0 0 0 0 0 0 0 0 0 0 0 0 0 0 0 0 0 0 0 0 0 0 0 0 0 0 0 0 0 0 0 0 0 0 0 0 0 0 0 0 0 0 0 0 0 0 0 0 0 0 0 0 0 0 0 0 0 0 0 0 0 0 0 0 0 0 0 0 0 0 0 0 0 0 0 0 0 0 0 0 0 0 0 0 0 0 0 0 0 0 0 0 0 0 0 0 0 0 0 0 0 0 0 0 0 0 0 0 0 0 0 0 0 0 0 0 0 0 0 0 0 0 0 0 0 0 0 0 0 0 0 0 0 0 0 0 0 0 0 0 0 0 0 0 0 0 0 0 0 0 0 0 0 0 0 0 0 0 0 0 0 0 0 0 0 0 0 0 0 0 0 0 0 0 0 0 0 0 0 0 0 0 0 0 0 0 0 0 0 0 0 0 0 0 0 0 0 0 0 0 0 0 0 0 0 0 0 0 0 0 0 0 0 0 0 0 0 0 0 0 0 0 0 0 0 0 0 0 0 0 0 0 0 0 0 0 0 0 0 0 0 0 0 0 0 0 0 0 0 0 0 0 0 0 0 0 0 0 0 0 0 0 0 0 0 0 0 0 0 0 0 0 0 0 0 0 0 0 0 0 0 0 0 0 0 0 0 0 0 0 0 0 0 0 0 0 0 0 0 0 0 0 0 0 0 0 0 0 0 0 0 0 0 0 0 0 0 0 0 0 0 0 0 0 0 0 0 0 0 0 0 0 0 0 0 0 0 0 0 0 0 0 0 0 0 0 0 0 0 0 0 0 0 0 0 0 0 0 0 0 0 0 0 0 0 0 0 0 0 0 0 0 0 0 0 0 0 0 0 0 0 0 0 0 0 0 0 0 0 0 0 0 0 0 0 0 0 0 0 0 0 0 0 0 0 0 0 0 0 0 0 0 0 0 0 0 0 0 0 0 0 0 0 0 0 0 0 0 0 0 0 0 0 0 0 0 0 0 0 0 0 0 0 0 0 0 0 0 0 0 0 0 0 0 0 0 0 0 0 0 0 0 0 0 0 0 0 0 0 0 0 0 0 0 0 0 0 0 0 0 0 0 0 0 0 0 0 0 0 0 0 0 0 0 0 0 0 0 0 0 0 0 0 0 0 0 0 0 0 0 0 0 0 0 0 0 0 0 0 0 0 0 0 0 0 0 0 0 0 0 0 0 0 0 0 0 0 0 0 0 0 0 0 0 0 0 0 0 0 0 0 0 0 0 0 0 0 0 0 0 0 0 0 0 0 0 0 0 0 0 0 0 0 0 0 0 0 0 0 0 0 0 0 0 0 0 0 0 0 0
 0 0 0 0 0 0 0 0 0 0 0 0 0 0 0 0 0 0 0 0 0 0 0 0 0 0 0 0 0 0 0 0 0 0 0 0 0 0 0 0 0 0 0 0 0 0 0 0 0 0 0 0 0 0 0 0 0 0 0 0 0 0 0 0 0 0 0 0 0 0 0 0 0 0 0 0 0 0 0 0 0 0 0 0 0 0 0 0 0 0 0 0 0 0 0 0 0 0 0 0 0 0 0 0 0 0 0 0 0 0 0 0 0 0 0 0 0 0 0 0 0 0 0 0 0 0 0 0 0 0 0 0 0 0 0 0 0 0 0 0 0 0 0 0 0 0 0 0 0 0 0 0 0 0 0 0 0 0 0 0 0 0 0 0 0 0 0 0 0 0 0 0 0 0 0 0 0 0 0 0 0 0 0 0 0 0 0 0 0 0 0 0 0 0 0 0 0 0 0 0 0 0 0 0 0 0 0 0 0 0 0 0 0 0 0 0 0 0 0 0 0 0 0 0 0 0 0 0 0 0 0 0 0 0 0 0 0 0 0 0 0 0 0 0 0 0 0 0 0 0 0 0 0 0 0 0 0 0 0 0 0 0 0 0 0 0 0 0 0 0 0 0 0 0 0 0 0 0 0 0 0 0 0 0 0 0 0 0 0 0 0 0 0 0 0 0 0 0 0 0 0 0 0 0 0 0 0 0 0 0 0 0 0 0 0 0 0 0 0 0 0 0 0 0 0 0 0 0 0 0 0 0 0 0 0 0 0 0 0 0 0 0 0 0 0 0 0 0 0 0 0 0 0 0 0 0 0 0 0 0 0 0 0 0 0 0 0 0 0 0 0 0 0 0 0 0 0 0 0 0 0 0 0 0 0 0 0 0 0 0 0 0 0 0 0 0 0 0 0 0 0 0 0 0 0 0 0 0 0 0 0 0 0 0 0 0 0 0 0 0 0 0 0 0 0 0 0 0 0 0 0 0 0 0 0 0 0 0 0 0 0 0 0 0 0 0 0 0 0 0 0 0 0 0 0 0 0 0 0 0 0 0 0 0 0 0 0 0 0 0 0 0 0 0 0 0 0 0 0 0 0 0 0 0 0 0 0 0 0 0 0 0 0 0 0 0 0 0 0 0 0 0 0 0 0 0 0 0 0 0 0 0 0 0 0 0 0 0 0 0 0 0 0 0 0 0 0 0 0 0 0 0 0 0 0 0 0 0 0 0 0 0 0 0 0 0 0 0 0 0 0 0 0 0 0 0 0 0 0 0 0 0 0 0 0 0 0 0 0 0 0 0 0 0 0 0 0 0 0 0 0 0 0 0 0 0 0 0 0 0 0 0 0 0 0 0 0 0 0 0
 0 0 0 0 0 0 0 0 0 0 0 0 0 0 0 0 0 0 0 0 0 0 0 0 0 0 0 0 0 0 0 0 0 0 0 0 0 0 0 0 0 0 0 0 0 0 0 0 0 0 0 0 0 0 0 0 0 0 0 0 0 0 0 0 0 0 0 0 0 0 0 0 0 0 0 0 0 0 0 0 0 0 0 0 0 0 0 0 0 0 0 0 0 0 0 0 0 0 0 0 0 0 0 0 0 0 0 0 0 0 0 0 0 0 0 0 0 0 0 0 0 0 0 0 0 0 0 0 0 0 0 0 0 0 0 0 0 0 0 0 0 0 0 0 0 0 0 0 0 0 0 0 0 0 0 0 0 0 0 0 0 0 0 0 0 0 0 0 0 0 0 0 0 0 0 0 0 0 0 0 0 0 0 0 0 0 0 0 0 0 0 0 0 0 0 0 0 0 0 0 0 0 0 0 0 0 0 0 0 0 0 0 0 0 0 0 0 0 0 0 0 0 0 0 0 0 0 0 0 0 0 0 0 0 0 0 0 0 0 0 0 0 0 0 0 0 0 0 0 0 0 0 0 0 0 0 0 0 0 0 0 0 0 0 0 0 0 0 0 0 0 0 0 0 0 0 0 0 0 0 0 0 0 0 0 0 0 0 0 0 0 0 0 0 0 0 0 0 0 0 0 0 0 0 0 0 0 0 0 0 0 0 0 0 0 0 0 0 0 0 0 0 0 0 0 0 0 0 0 0 0 0 0 0 0 0 0 0 0 0 0 0 0 0 0 0 0 0 0 0 0 0 0 0 0 0 0 0 0 0 0 0 0 0 0 0 0 0 0 0 0 0 0 0 0 0 0 0 0 0 0 0 0 0 0 0 0 0 0 0 0 0 0 0 0 0 0 0 0 0 0 0 0 0 0 0 0 0 0 0 0 0 0 0 0 0 0 0 0 0 0 0 0 0 0 0 0 0 0 0 0 0 0 0 0 0 0 0 0 0 0 0 0 0 0 0 0 0 0 0 0 0 0 0 0 0 0 0 0 0 0 0 0 0 0 0 0 0 0 0 0 0 0 0 0 0 0 0 0 0 0 0 0 0 0 0 0 0 0 0 0 0 0 0 0 0 0 0 0 0 0 0 0 0 0 0 0 0 0 0 0 0 0 0 0 0 0 0 0 0 0 0 0 0 0 0 0 0 0 0 0 0 0 0 0 0 0 0 0 0 0 0 0 0 0 0 0 0 0 0 0 0 0 0 0 0 0 0 0 0 0 0 0 0 0 0 0 0 0 0 0 0 0 0 0 0 0 0 0 0 0 0 0 0 0 0 0 0 0 0 0 0 0 0 0 0 0 0 0 0
 0 0 0 0 0 0 0 0 0 0 0 0 0 0 0 0 0 0 0 0 0 0 0 0 0 0 0 0 0 0 0 0 0 0 0 0 0 0 0 0 0 0 0 0 0 0 0 0 0 0 0 0 0 0 0 0 0 0 0 0 0 0 0 0 0 0 0 0 0 0 0 0 0 0 0 0 0 0 0 0 0 0 0 0 0 0 0 0 0 0 0 0 0 0 0 0 0 0 0 0 0 0 0 0 0 0 0 0 0 0 0 0 0 0 0 0 0 0 0 0 0 0 0 0 0 0 0 0 0 0 0 0 0 0 0 0 0 0 0 0 0 0 0 0 0 0 0 0 0 0 0 0 0 0 0 0 0 0 0 0 0 0 0 0 0 0 0 0 0 0 0 0 0 0 0 0 0 0 0 0 0 0 0 0 0 0 0 0 0 0 0 0 0 0 0 0 0 0 0 0 0 0 0 0 0 0 0 0 0 0 0 0 0 0 0 0 0 0 0 0 0 0 0 0 0 0 0 0 0 0 0 0 0 0 0 0 0 0 0 0 0 0 0 0 0 0 0 0 0 0 0 0 0 0 0 0 0 0 0 0 0 0 0 0 0 0 0 0 0 0 0 0 0 0 0 0 0 0 0 0 0 0 0 0 0 0 0 0 0 0 0 0 0 0 0 0 0 0 0 0 0 0 0 0 0 0 0 0 0 0 0 0 0 0 0 0 0 0 0 0 0 0 0 9.483521353104152e-06 0.0005415983032435179 0.001562274876050651 0.003126643132418394 0.005254171788692474 0.00790826790034771 0.01100435573607683 0.01452954672276974 0.01840898022055626 0.02259736135601997 0.02707631699740887 0.03183463588356972 0.03690000995993614 0.04225880652666092 0.04789024218916893 0.05380663648247719 0.05996759608387947 0.06630641222000122 0.07281126827001572 0.07943634688854218 0.0861310288310051 0.09290047734975815 0.09972573816776276 0.1066006198525429 0.1135306134819984 0.1205283626914024 0.1276084035634995 0.1347769647836685 0.1420575082302094 0.1494381278753281 0.1569356173276901 0.1630958169698715 0.1666456609964371 0.1667555570602417 0.1628479063510895 0.1547055095434189 0.1469702273607254 0.1396217197179794 0.1326406300067902 0.1260085999965668 0.1197081729769707 0.1137227639555931 0.1080366224050522 0.1026347875595093 0.09750305116176605 0.09262789785861969 0.08799650520086288 0.08359667658805847 0.07941684126853943 0.0754460021853447 0.07167369872331619 0.06809001415967941 0.06468551605939865 0.06145124137401581 0.0583786778151989 0.05545974522829056 0.05268675833940506 0.05005241930484772 0.04754979908466339 0.0451723076403141 0.04291369393467903 0.04076800867915154 0.03872960805892944 0.03679312765598297 0.03495347127318382 0.033205796033144 0.03154550492763519 0.02996823005378246 0.02846981771290302 0.0270463265478611 0.02569401077926159 0.02440931089222431 0.02318884618580341 0.02202940359711647 0.02092793397605419 0.01988153718411922 0.01888746023178101 0.01794308796525002 0.01704593375325203 0.01619363762438297 0.0153839560225606 0.01461475808173418 0.01388402003794909 0.01318981871008873 0.01253032777458429 0.01190381124615669 0.01130862068384886 0.01074318960309029 0.01020602975040674 0.009695728309452534 0.009210942313075066 0.00875039491802454 0.008312875404953957 0.007897231727838516 0.007502370048314333 0.007127251476049423 0.006770888809114695 0.006432344205677509 0.006110726855695248 0.005805190652608871 0.005514930933713913 0.005239184480160475 0.004977225326001644 0.004728363826870918 0.00449194572865963 0.004267348442226648 0.00405398104339838 0.003851281944662333 0.003658717963844538 0.003475781995803118 0.003301993012428284 0.003136893268674612 0.002980048535391688 0.002831046003848314 0.00268949382007122 0.002555019222199917 0.00242726830765605 0.002305904868990183 0.002190609695389867 0.002081079175695777 0.001977025298401713 0.001878174021840096 0.001784265274181962 0.001695052022114396 0.001610299455933273 0.001529784523881972 0.001453295350074768 0.001380630536004901 0.001311599044129252 0.001246019033715129 0.001183718093670905 0.001124532194808125 0.001068305573426187 0.001014890265651047 0.000964145758189261 0.0009159384644590318 0.0008701415499672294 0.0008266344666481018 0.0007853027200326324 0.0007460375782102346 0.0007087357225827873 0.0006732989568263292 0.0006396340322680771 0.0006076523568481207 0.000577269762288779 0.000548406271263957 0.0005209859809838235 0.0004949366557411849 0.0004701898142229766 0.0004466803220566362 0.0004243463044986129 0.0004031290009152144 0.0003829725610557944 0.0003638239286374301 0.000345632724929601 0.0003283511032350361 0.0003119335451629013 0.0002963368606287986 0.0002815200132317841 0.0002674440038390458 0.0002540718123782426 0.000241368223214522 0.0002292998105986044 0.0002178348222514614 0.0002069430775009096 0.0001965959236258641 0.0001867661339929327 0.0001774278207449242 0.0001685564348008484 0.0001601286057848483 0.0001521221711300313 0.0001445160596631467 0.0001372902625007555 0.0001304257457377389 0.0001239044649992138 0.0001177092417492531 0.0001118237778428011 0.0001062325900420547 0.0001009209590847604 9.587490785634145e-05 9.108116501010954e-05 8.652710675960407e-05 8.220074960263446e-05 7.809071394149214e-05 7.418618042720482e-05 7.047686813166365e-05 6.695302727166563e-05 6.360537372529507e-05 6.042510358383879e-05 5.740384949604049e-05 5.453365884022787e-05 5.18069755344186e-05 4.921662548440509e-05 4.675579475588165e-05 4.441800410859287e-05 4.219710535835475e-05 4.008724863524549e-05 3.808288602158427e-05 3.617874244810082e-05 3.436980477999896e-05 3.265131454099901e-05 3.101874972344376e-05 2.946781205537263e-05 2.799442154355347e-05 2.659470010257792e-05 2.526496427890379e-05 2.400171615590807e-05 2.280163062096108e-05 2.166154990845826e-05 2.057847268588375e-05 1.954954859684221e-05 1.857207098510116e-05 1.764346779964399e-05 1.676129431871232e-05 1.592322951182723e-05 1.512706785433693e-05 1.437071477994323e-05 1.365217940474395e-05 1.29695708892541e-05 1.232109207194299e-05 1.170503765024478e-05 1.111978599510621e-05 1.056379642250249e-05 1.003560646495316e-05 9.533826414553914e-06 9.057134775503073e-06 8.604278264101595e-06 8.174064532795455e-06 7.765361260680947e-06 7.377093425020576e-06 7.008238753769547e-06 6.657826816081069e-06 6.324935384327546e-06 6.008688615111168e-06 0.0002677450829651207 0.0007852684939280152 0.00151451863348484 0.002424077596515417 0.003508830675855279 0.004763787612318993 0.006170200183987617 0.007717682514339685 0.00939363706856966 0.01119265425950289 0.0131147587671876 0.01516406983137131 0.01732928678393364 0.01960156671702862 0.02198014594614506 0.02446604706346989 0.02702954970300198 0.02965645305812359 0.0323282927274704 0.03502915799617767 0.03774337470531464 0.0404728539288044 0.04321862757205963 0.04598435387015343 0.04876769706606865 0.05157429724931717 0.05439595878124237 0.05722395330667496 0.06004776805639267 0.06287238001823425 0.06569624692201614 0.06852356344461441 0.07135193794965744 0.07418034225702286 0.07701613008975983 0.07986102998256683 0.0827178880572319 0.0855775848031044 0.08843979239463806 0.09108401834964752 0.09249585866928101 0.09204088896512985 0.08932990580797195
 0 0 0 0 0 0 0 0 0 0 0 0 0 0 0 0 0 0 0 0 0 0 0 0 0 0 0 0 0 0 0 0 0 0 0 0 0 0 0 0 0 0 0 0 0 0 0 0 0 0 0 0 0 0 0 0 0 0 0 0 0 0 0 0 0 0 0 0 0 0 0 0 0 0 0 0 0 0 0 0 0 0 0 0 0 0 0 0 0 0 0 0 0 0 0 0 0 0 0 0 0 0 0 0 0 0 0 0 0 0 0 0 0 0 0 0 0 0 0 0 0 0 0 0 0 0 0 0 0 0 0 0 0 0 0 0 0 0 0 0 0 0 0 0 0 0 0 0 0 0 0 0 0 0 0 0 0 0 0 0 0 0 0 0 0 0 0 0 0 0 0 0 0 0 0 0 0 0 0 0 0 0 0 0 0 0 0 0 0 0 0 0 0 0 0 0 0 0 0 0 0 0 0 0 0 0 0 0 0 0 0 0 0 0 0 0 0 0 0 0 0 0 0 0 0 0 0 0 0 0 0 0 0 0 0 0 0 0 0 0 0 0 0 0 0 0 0 0 0 0 0 0 0 0 0 0 0 0 0 0 0 0 0 0 0 0 0 0 0 0 0 0 0 0 0 0 0 0 0 0 0 0 0 0 0 0 0 0 0 0 0 0 0 0 0 0 0 0 0 0 0 0 0 0 0 0 0 0 0 0 0 0 0 0 0 0 0 0 0 0 0 0 0 0 0 0 0 0 0 0 0 0 0 0 0 0 0 0 0 0 0 0 0 0 0 0 0 0 0 0 0 0 0 0 0 0 0 0 0 0 0 0 0 0 0 0 0 0 0 0 0 0 0 0 0 0 0 0 0 0 0 0 0 0 0 0 0 0 0 0 0 0 0 0 0 0 0 0 0 0 0 0 0 0 0 0 0 0 0 0 0 0 0 0 0 0 0 0 0 0 0 0 0 0 0 0 0 0 0 0 0 0 0 0 0 0 0 0 0 0 0 0 0 0 0 0 0 0 0 0 0 0 0 0 0 0 0 0 0 0 0 0 0 0 0 0 0 0 0 0 0 0 0 0 0 0 0 0 0 0 0 0 0 0 0 0 0 0 0 0 0 0 0 0 0 0 0 0 0 0 0 0 0 0 0 0 0 0 0 0 0 0 0 0 0 0 0 0 0 0 0 0 0 0 0 0 0 0 0 0 0 0 0 0 0 0 0 0 0 0 0 0 0 0 0 0 0 0 0 0 0 0 0 0 0 0 0 0 0 0 0 0 0 0 0 0 0 0 0 0 0 0 0 0 0 0 0 0 0 0 0 0 0 0 0 0 0 0 0 0 0 0 0 0 0 0 0 0 0 0
 0 0 0 0 0 0 0 0 0 0 0 0 0 0 0 0 0 0 0 0 0 0 0 0 0 0 0 0 0 0 0 0 0 0 0 0 0 0 0 0 0 0 0 0 0 0 0 0 0 0 0 0 0 0 0 0 0 0 0 0 0 0 0 0 0 0 0 0 0 0 0 0 0 0 0 0 0 0 0 0 0 0 0 0 0 0 0 0 0 0 0 0 0 0 0 0 0 0 0 0 0 0 0 0 0 0 0 0 0 0 0 0 0 0 0 0 0 0 0 0 0 0 0 0 0 0 0 0 0 0 0 0 0 0 0 0 0 0 0 0 0 0 0 0 0 0 0 0 0 0 0 0 0 0 0 0 0 0 0 0 0 0 0 0 0 0 0 0 0 0 0 0 0 0 0 0 0 0 0 0 0 0 0 0 0 0 0 0 0 0 0 0 0 0 0 0 0 0 0 0 0 0 0 0 0 0 0 0 0 0 0 0 0 0 0 0 0 0 0 0 0 0 0 0 0 0 0 0 0 0 0 0 0 0 0 0 0 0 0 0 0 0 0 0 0 0 0 0 0 0 0 0 0 0 0 0 0 0 0 0 0 0 0 0 0 0 0 0 0 0 0 0 0 0 0 0 0 0 0 0 0 0 0 0 0 0 0 0 0 0 0 0 0 0 0 0 0 0 0 0 0 0 0 0 0 0 0 0 0 0 0 0 0 0 0 0 0 0 0 0 0 0 0 0 0 0 0 0 0 0 0 0 0 0 0 0 0 0 0 0 0 0 0 0 0 0 0 0 0 0 0 0 0 0 0 0 0 0 0 0 0 0 0 0 0 0 0 0 0 0 0 0 0 0 0 0 0 0 0 0 0 0 0 0 0 0 0 0 0 0 0 0 0 0 0 0 0 0 0 0 0 0 0 0 0 0 0 0 0 0 0 0 0 0 0 0 0 0 0 0 0 0 0 0 0 0 0 0 0 0 0 0 0 0 0 0 0 0 0 0 0 0 0 0 0 0 0 0 0 0 0 0 0 0 0 0 0 0 0 0 0 0 0 0 0 0 0 0 0 0 0 0 0 0 0 0 0 0 0 0 0 0 0 0 0 0 0 0 0 0 0 0 0 0 0 0 0 0 0 0 0 0 0 0 0 0 0 0 0 0 0 0 0 0 0 0 0 0 0 0 0 0 0 0 0 0 0 0 0 0 0 0 0 0 0 0 0 0 0 0 0 0 0 0 0 0 0 0 0 0 0 0 0 0 0 0 0 0 0 0 0 0 0 0 0 0 0 0 0 0 0 0 0 0 0 0 0 0 0 0 0 0 0 0 0 0 0 0 0 0 0 0 0 0 0 0 0 0 0 0
 0 0 0 0 0 0 0 0 0 0 0 0 0 0 0 0 0 0 0 0 0 0 0 0 0 0 0 0 0 0 0 0 0 0 0 0 0 0 0 0 0 0 0 0 0 0 0 0 0 0 0 0 0 0 0 0 0 0 0 0 0 0 0 0 0 0 0 0 0 0 0 0 0 0 0 0 0 0 0 0 0 0 0 0 0 0 0 0 0 0 0 0 0 0 0 0 0 0 0 0 0 0 0 0 0 0 0 0 0 0 0 0 0 0 0 0 0 0 0 0 0 0 0 0 0 0 0 0 0 0 0 0 0 0 0 0 0 0 0 0 0 0 0 0 0 0 0 0 0 0 0 0 0 0 0 0 0 0 0 0 0 0 0 0 0 0 0 0 0 0 0 0 0 0 0 0 0 0 0 0 0 0 0 0 0 0 0 0 0 0 0 0 0 0 0 0 0 0 0 0 0 0 0 0 0 0 0 0 0 0 0 0 0 0 0 0 0 0 0 0 0 0 0 0 0 0 0 0 0 0 0 0 0 0 0 0 0 0 0 0 0 0 0 0 0 0 0 0 0 0 0 0 0 0 0 0 0 0 0 0 0 0 0 0 0 0 0 0 0 0 0 0 0 0 0 0 0 0 0 0 0 0 0 0 0 0 0 0 0 0 0 0 0 0 0 0 0 0 0 0 0 0 0 0 0 0 0 0 0 0 0 0 0 0 0 0 0 0 0 0 0 0 0 0 0 0 0 0 0 0 0 0 0 0 0 0 0 0 0 0 0 0 0 0 0 0 0 0 0 0 0 0 0 0 0 0 0 0 0 0 0 0 0 0 0 0 0 0 0 0 0 0 0 0 0 0 0 0 0 0 0 0 0 0 0 0 0 0 0 0 0 0 0 0 0 0 0 0 0 0 0 0 0 0 0 0 0 0 0 0 0 0 0 0 0 0 0 0 0 0 0 0 0 0 0 0 0 0 0 0 0 0 0 0 0 0 0 0 0 0 0 0 0 0 0 0 0 0 0 0 0 0 0 0 0 0 0 0 0 0 0 0 0 0 0 0 0 0 0 0 0 0 0 0 0 0 0 0 0 0 0 0 0 0 0 0 0 0 0 0 0 0 0 0 0 0 0 0 0 0 0 0 0 0 0 0 0 0 0 0 0 0 0 0 0 0 0 0 0 0 0 0 0 0 0 0 0 0 0 0 0 0 0 0 0 0 0 0 0 0 0 0 0 0 0 0 0 0 0 0 0 0 0 0 0 0 0 0 0 0 0 0 0 0 0 0 0 0 0 0 0 0 0 0 0 0 0 0 0 0 0 0 0 0 0 0 0 0 0 0 0 0 0 0 0 0 0 0 0 0
 0 0 0 0 0 0 0 0 0 0 0 0 0 0 0 0 0 0 0 0 0 0 0 0 0 0 0 0 0 0 0 0 0 0 0 0 0 0 0 0 0 0 0 0 0 0 0 0 0 0 0 0 0 0 0 0 0 0 0 0 0 0 0 0 0 0 0 0 0 0 0 0 0 0 0 0 0 0 0 0 0 0 0 0 0 0 0 0 0 0 0 0 0 0 0 0 0 0 0 0 0 0 0 0 0 0 0 0 0 0 0 0 0 0 0 0 0 0 0 0 0 0 0 0 0 0 0 0 0 0 0 0 0 0 0 0 0 0 0 0 0 0 0 0 0 0 0 0 0 0 0 0 0 0 0 0 0 0 0 0 0 0 0 0 0 0 0 0 0 0 0 0 0 0 0 0 0 0 0 0 0 0 0 0 0 0 0 0 0 0 0 0 0 0 0 0 0 0 0 0 0 0 0 0 0 0 0 0 0 0 0 0 0 0 0 0 0 0 0 0 0 0 0 0 0 0 0 0 0 0 0 0 0 0 0 0 0 0 0 0 0 0 0 0 0 0 0 0 0 0 0 0 0 0 0 0 0 0 0 0 0 0 0 0 0 0 0 0 0 0 0 0 0 0 0 0 0 0 0 0 0 0 0 0 0 0 0 0 0 0 0 0 0 0 0 0 0 0 0 0 0 0 0 0 0 0 0 0 0 0 0 0 0 0 0 0 0 0 0 0 0 0 0.0001834890572354198 0.0009784959256649017 0.002402812940999866 0.004410073161125183 0.007012190762907267 0.01011630147695541 0.01364858169108629 0.01753678359091282 0.02178259007632732 0.02641836926341057 0.03139163553714752 0.03665474057197571 0.04217486083507538 0.04796718806028366 0.05402924120426178 0.0602518618106842 0.06664653867483139 0.07320009171962738 0.07984452694654465 0.08658137172460556 0.09343463182449341 0.1003580689430237 0.1073532998561859 0.1144252046942711 0.1215784847736359 0.1288392841815948 0.1362350434064865 0.143802598118782 0.1514874845743179 0.1592764854431152 0.165766716003418 0.169634148478508 0.1700136214494705 0.1663352698087692 0.1582326143980026 0.15032097697258 0.1428049206733704 0.1356646716594696 0.1288814395666122 0.1224373653531075 0.1163154989480972 0.1104997247457504 0.104974739253521 0.09972599893808365 0.09473969787359238 0.09000271558761597 0.08550257980823517 0.08122745156288147 0.07716608047485352 0.07330777496099472 0.06964238733053207 0.06616026908159256 0.06285225600004196 0.05970964208245277 0.05672416090965271 0.05388795211911201 0.05119355395436287 0.0486338771879673 0.04620218276977539 0.04389207437634468 0.04169747233390808 0.03961259871721268 0.03763196989893913 0.0357503704726696 0.03396285325288773 0.03226470947265625 0.03065147437155247 0.02911890111863613 0.02766295522451401 0.02627980709075928 0.02496581710875034 0.02371752634644508 0.0225316509604454 0.02140506915748119 0.02033481560647488 0.01931807398796082 0.01835216954350471 0.01743456162512302 0.01656283438205719 0.01573469303548336 0.01494795829057693 0.01420056074857712 0.01349053252488375 0.01281600631773472 0.01217520609498024 0.01156644616276026 0.01098812371492386 0.0104387179017067 0.009916782379150391 0.009420943446457386 0.008949896320700645 0.008502401411533356 0.008077281527221203 0.007673417218029499 0.007289746310561895 0.006925258785486221 0.00657899584621191 0.006250046193599701 0.005937543697655201 0.005640666466206312 0.005358633119612932 0.005090701393783092 0.004836166277527809 0.004594358149915934 0.004364640451967716 0.004146408289670944 0.003939087968319654 0.003742133500054479 0.003555026836693287 0.003377275541424751 0.003208411857485771 0.003047991311177611 0.002895591780543327 0.002750812098383904 0.002613271586596966 0.002482607960700989 0.002358477562665939 0.002240553731098771 0.002128526102751493 0.002022099681198597 0.001920994720421731 0.001824944978579879 0.001733697718009353 0.001647012773901224 0.001564662088640034 0.001486429013311863 0.001412107609212399 0.00134150218218565 0.001274427049793303 0.001210705726407468 0.001150170457549393 0.001092661987058818 0.001038028858602047 0.0009861274156719446 0.0009368210448883474 0.0008899800013750792 0.0008454810013063252 0.0008032069308683276 0.0007630465552210808 0.0007248942274600267 0.0006886495393700898 0.0006542170885950327 0.0006215062458068132 0.0005904309218749404 0.0005609093932434916 0.0005328638944774866 0.0005062206764705479 0.0004809096571989357 0.0004568641888909042 0.0004340209707152098 0.00041231993236579 0.0003917039430234581 0.0003721187531482428 0.0003535128198564053 0.0003358371905051172 0.0003190453280694783 0.0003030930529348552 0.0002879383973777294 0.0002735414891503751 0.0002598644059617072 0.0002468711754772812 0.0002345276152482256 0.0002228012308478355 0.0002116611722158268 0.0002010781172430143 0.0001910242135636508 0.0001814730057958513 0.0001723993627820164 0.000163779390277341 0.0001555904163978994 0.0001478108897572383 0.0001404203503625467 0.0001333993277512491 0.0001267293555429205 0.0001203928841277957 0.0001143732370110229 0.000108654574432876 0.0001032218424370512 9.806075104279444e-05 9.315771603723988e-05 8.849982987158e-05 8.407483983319253e-05 7.987109711393714e-05 7.587754225824028e-05 7.208366878330708e-05 6.847948679933324e-05 6.505551573354751e-05 6.180274067446589e-05 5.871260509593412e-05 5.577697447733954e-05 5.298812538967468e-05 5.033872002968565e-05 4.782178439199924e-05 4.543069371720776e-05 4.315915793995373e-05 4.10011998610571e-05 3.895114059560001e-05 3.700358502101153e-05 3.515340722515248e-05 3.339573595440015e-05 3.172594733769074e-05 3.013965033460408e-05 2.863266854546964e-05 2.720103475439828e-05 2.584098365332466e-05 2.454893365211319e-05 2.332148687855806e-05 2.215541280747857e-05 2.104764280375093e-05 1.999526102736127e-05 1.899549715744797e-05 1.804572275432292e-05 1.714343670755625e-05 1.628626523597632e-05 1.547195279272273e-05 1.469835478928871e-05 1.39634366860264e-05 1.326526489719981e-05 1.260200133401668e-05 1.197190158563899e-05 1.137330673373071e-05 1.080464153346838e-05 1.026440986606758e-05 9.751189281814732e-06 9.263630090572406e-06 8.800448995316401e-06 8.360426363651641e-06 7.942405318317469e-06 7.54528491597739e-06 7.168020601966418e-06 6.809619662817568e-06 6.469138497777749e-06 6.145681709313067e-06 5.838397555635311e-06 5.546477495954605e-06 5.269153461995302e-06 5.005695584259229e-06 0.0001829138200264424 0.0005874811904504895 0.001206727465614676 0.00202566385269165 0.00301486742682755 0.004152441397309303 0.005417166277766228 0.006805697456002235 0.008315802551805973 0.009939292445778847 0.01166099403053522 0.01346017234027386 0.01532555185258389 0.01725929975509644 0.01925508305430412 0.02129689604043961 0.02337913401424885 0.02550056762993336 0.02765913307666779 0.02985468506813049 0.03208989650011063 0.03436578065156937 0.03667957708239555 0.03901949524879456 0.04137636721134186 0.04374554008245468 0.04612543806433678 0.04851763695478439 0.05092374235391617 0.05333338677883148 0.05572536960244179 0.05809830501675606 0.06045813485980034 0.06279319524765015 0.0651068389415741 0.06739813089370728 0.06966700404882431 0.07191179692745209 0.07412321120500565 0.07629954069852829 0.07844150811433792
 0 0 0 0 0 0 0 0 0 0 0 0 0 0 0 0 0 0 0 0 0 0 0 0 0 0 0 0 0 0 0 0 0 0 0 0 0 0 0 0 0 0 0 0 0 0 0 0 0 0 0 0 0 0 0 0 0 0 0 0 0 0 0 0 0 0 0 0 0 0 0 0 0 0 0 0 0 0 0 0 0 0 0 0 0 0 0 0 0 0 0 0 0 0 0 0 0 0 0 0 0 0 0 0 0 0 0 0 0 0 0 0 0 0 0 0 0 0 0 0 0 0 0 0 0 0 0 0 0 0 0 0 0 0 0 0 0 0 0 0 0 0 0 0 0 0 0 0 0 0 0 0 0 0 0 0 0 0 0 0 0 0 0 0 0 0 0 0 0 0 0 0 0 0 0 0 0 0 0 0 0 0 0 0 0 0 0 0 0 0 0 0 0 0 0 0 0 0 0 0 0 0 0 0 0 0 0 0 0 0 0 0 0 0 0 0 0 0 0 0 0 0 0 0 0 0 0 0 0 0 0 0 0 0 0 0 0 0 0 0 0 0 0 0 0 0 0 0 0 0 0 0 0 0 0 0 0 0 0 0 0 0 0 0 0 0 0 0 0 0 0 0 0 0 0 0 0 0 0 0 0 0 0 0 0 0 0 0 0 0 0 0 0 0 0 0 0 0 0 0 0 0 0 0 0 0 0 0 0 0 0 0 0 0 0 0 0 0 0 0 0 0 0 0 0 0 0 0 0 0 0 0 0 0 0 0 0 0 0 0 0 0 0 0 0 0 0 0 0 0 0 0 0 0 0 0 0 0 0 0 0 0 0 0 0 0 0 0 0 0 0 0 0 0 0 0 0 0 0 0 0 0 0 0 0 0 0 0 0 0 0 0 0 0 0 0 0 0 0 0 0 0 0 0 0 0 0 0 0 0 0 0 0 0 0 0 0 0 0 0 0 0 0 0 0 0 0 0 0 0 0 0 0 0 0 0 0 0 0 0 0 0 0 0 0 0 0 0 0 0 0 0 0 0 0 0 0 0 0 0 0 0 0 0 0 0 0 0 0 0 0 0 0 0 0 0 0 0 0 0 0 0 0 0 0 0 0 0 0 0 0 0 0 0 0 0 0 0 0 0 0 0 0 0 0 0 0 0 0 0 0 0 0 0 0 0 0 0 0 0 0 0 0 0 0 0 0 0 0 0 0 0 0 0 0 0 0 0 0 0 0 0 0 0 0 0 0 0 0 0 0 0 0 0 0 0 0 0 0 0 0 0 0 0 0 0 0 0 0 0 0 0 0 0 0 0 0 0 0 0 0 0 0 0 0 0 0 0 0 0 0 0 0 0 0 0 0 0 0 0
 0 0 0 0 0 0 0 0 0 0 0 0 0 0 0 0 0 0 0 0 0 0 0 0 0 0 0 0 0 0 0 0 0 0 0 0 0 0 0 0 0 0 0 0 0 0 0 0 0 0 0 0 0 0 0 0 0 0 0 0 0 0 0 0 0 0 0 0 0 0 0 0 0 0 0 0 0 0 0 0 0 0 0 0 0 0 0 0 0 0 0 0 0 0 0 0 0 0 0 0 0 0 0 0 0 0 0 0 0 0 0 0 0 0 0 0 0 0 0 0 0 0 0 0 0 0 0 0 0 0 0 0 0 0 0 0 0 0 0 0 0 0 0 0 0 0 0 0 0 0 0 0 0 0 0 0 0 0 0 0 0 0 0 0 0 0 0 0 0 0 0 0 0 0 0 0 0 0 0 0 0 0 0 0 0 0 0 0 0 0 0 0 0 0 0 0 0 0 0 0 0 0 0 0 0 0 0 0 0 0 0 0 0 0 0 0 0 0 0 0 0 0 0 0 0 0 0 0 0 0 0 0 0 0 0 0 0 0 0 0 0 0 0 0 0 0 0 0 0 0 0 0 0 0 0 0 0 0 0 0 0 0 0 0 0 0 0 0 0 0 0 0 0 0 0 0 0 0 0 0 0 0 0 0 0 0 0 0 0 0 0 0 0 0 0 0 0 0 0 0 0 0 0 0 0 0 0 0 0 0 0 0 0 0 0 0 0 0 0 0 0 0 0 0 0 0 0 0 0 0 0 0 0 0 0 0 0 0 0 0 0 0 0 0 0 0 0 0 0 0 0 0 0 0 0 0 0 0 0 0 0 0 0 0 0 0 0 0 0 0 0 0 0 0 0 0 0 0 0 0 0 0 0 0 0 0 0 0 0 0 0 0 0 0 0 0 0 0 0 0 0 0 0 0 0 0 0 0 0 0 0 0 0 0 0 0 0 0 0 0 0 0 0 0 0 0 0 0 0 0 0 0 0 0 0 0 0 0 0 0 0 0 0 0 0 0 0 0 0 0 0 0 0 0 0 0 0 0 0 0 0 0 0 0 0 0 0 0 0 0 0 0 0 0 0 0 0 0 0 0 0 0 0 0 0 0 0 0 0 0 0 0 0 0 0 0 0 0 0 0 0 0 0 0 0 0 0 0 0 0 0 0 0 0 0 0 0 0 0 0 0 0 0 0 0 0 0 0 0 0 0 0 0 0 0 0 0 0 0 0 0 0 0 0 0 0 0 0 0 0 0 0 0 0 0 0 0 0 0 0 0 0 0 0 0 0 0 0 0 0 0 0 0 0 0 0 0 0 0 0 0 0 0 0 0 0 0 0 0 0 0 0 0 0 0 0 0 0 0 0


# name: r_0_m10_G0_L0p3_D0p7
# type: matrix
# rows: 1
# columns: 14
 0 -10 0.2 0 0.3 0 -4.579721666666667 0 0 0.1417633700808027 0 155.8333333333333 0.983192080250175 0.7




