# Created by Octave 3.8.2, Mon Jul 03 16:28:34 2017 BST <co1ssj@node117>
# name: result
# type: scalar struct
# ndims: 2
 1 1
# length: 3
# name: params
# type: scalar struct
# ndims: 2
 1 1
# length: 18
# name: cleanup
# type: scalar
0


# name: num_runs
# type: scalar
6


# name: dopamine
# type: scalar
0.7


# name: targetCross
# type: scalar
1


# name: targetLuminance
# type: scalar
0.3


# name: targetWidthX
# type: scalar
6


# name: targetWidthY
# type: scalar
2


# name: fixCross
# type: scalar
1


# name: fixLuminance
# type: scalar
0.2


# name: fixWidthX
# type: scalar
6


# name: fixWidthY
# type: scalar
2


# name: fixOn
# type: scalar
0


# name: targetOff
# type: scalar
1


# name: targetOn
# type: scalar
0.2


# name: fixOff
# type: scalar
0.2


# name: targetThetaX
# type: scalar
0


# name: targetThetaY
# type: scalar
-7


# name: exptnum
# type: scalar
0




# name: r_0_m7_G0_L0p3_D0p7_llbn
# type: matrix
# rows: 24
# columns: 600
 0 0 0 0 0 0 0 0 0 0 0 0 0 0 0 0 0 0 0 0 0 0 0 0 0 0 0 0 0 0 0 0 0 0 0 0 0 0 0 0 0 0 0 0 0 0 0 0 0 0 0 0 0 0 0 0 0 0 0 0 0 0 0 0 0 0 0 0 0 0 0 0 0 0 0 0 0 0 0 0 0 0 0 0 0 0 0 0 0 0 0 0 0 0 0 0 0 0 0 0 0 0 0 0 0 0 0 0 0 0 0 0 0 0 0 0 0 0 0 0 0 0 0 0 0 0 0 0 0 0 0 0 0 0 0 0 0 0 0 0 0 0 0 0 0 0 0 0 0 0 0 0 0 0 0 0 0 0 0 0 0 0 0 0 0 0 0 0 0 0 0 0 0 0 0 0 0 0 0 0 0 0 0 0 0 0 0 0 0 0 0 0 0 0 0 0 0 0 0 0 0 0 0 0 0 0 0 0 0 0 0 0 0 0 0 0 0 0 0 0 0 0 0 0 0 0 0 0 0 0 0 0 0 0 0 0 0 0 0 0 0 0 0 0 0 0 0 0 0 0 0 0 0 0 0 0 0 0 0 0 0 0 0 0 0 0 0 0 0 0 0 0 0 0 0 0 0 0 0 0 0 0 0 0 0 0 0 0 0 0 0 0 0 0 0 0 0 0 0 0 0 0 0 0 0 0 0 0 0 0 0 0 0 0 0 0 0 0 0 0 0 0 0 0 0 0 0 0 0 0 0 0 0 0 0 0 0 0 0 0 0 0 0 0 0 0 0 0 0 0 0 0 0 0 0 0 0 0 0 0 0 0 0 0 0 0 0 0 0 0 0 0 0 0 0 0 0 0 0 0 0 0 0 0 0 0 0 0 0 0 0 0 0 0 0 0 0 0 0 0 0 0 0 0 0 0 0 0 0 0 0 0 0 0 0 0 0 0 0 0 0 0 0 0 0 0 0 0 0 0 0 0 0 0 0 0 0 0 0 0 0 0 0 0 0 0 0 0 0 0 0 0 0 0 0 0 0 0 0 0 0 0 0 0 0 0 0 0 0 0 0 0 0 0 0 0 0 0 0 0 0 0 0 0 0 0 0 0 0 0 0 0 0 0 0 0 0 0 0 0 0 0 0 0 0 0 0 0 0 0 0 0 0 0 0 0 0 0 0 0 0 0 0 0 0 0 0 0 0 0 0 0 0 0 0 0 0 0 0 0 0 0 0 0 0 0 0 0 0 0 0 0 0 0 0 0 0 0 0 0 0 0 0 0 0 0 0 0 0 0 0 0 0 0 0 0 0 0 0 0 0 0 0 0 0 0 0 0 0 0 0 0 0 0 0 0 0 0 0 0
 0 0 0 0 0 0 0 0 0 0 0 0 0 0 0 0 0 0 0 0 0 0 0 0 0 0 0 0 0 0 0 0 0 0 0 0 0 0 0 0 0 0 0 0 0 0 0 0 0 0 0 0 0 0 0 0 0 0 0 0 0 0 0 0 0 0 0 0 0 0 0 0 0 0 0 0 0 0 0 0 0 0 0 0 0 0 0 0 0 0 0 0 0 0 0 0 0 0 0 0 0 0 0 0 0 0 0 0 0 0 0 0 0 0 0 0 0 0 0 0 0 0 0 0 0 0 0 0 0 0 0 0 0 0 0 0 0 0 0 0 0 0 0 0 0 0 0 0 0 0 0 0 0 0 0 0 0 0 0 0 0 0 0 0 0 0 0 0 0 0 0 0 0 0 0 0 0 0 0 0 0 0 0 0 0 0 0 0 0 0 0 0 0 0 0 0 0 0 0 0 0 0 0 0 0 0 0 0 0 0 0 0 0 0 0 0 0 0 0 0 0 0 0 0 0 0 0 0 0 0 0 0 0 0 0 0 0 0 0 0 0 0 0 0 0 0 0 0 0 0 0 0 0 0 0 0 0 0 0 0 0 0 0 0 0 0 0 0 0 0 0 0 0 0 0 0 0 0 0 0 0 0 0 0 0 0 0 0 0 0 0 0 0 0 0 0 0 0 0 0 0 0 0 0 0 0 0 0 0 0 0 0 0 0 0 0 0 0 0 0 9.694994332676288e-06 0.0003133317804895341 0.0008846421842463315 0.001729423529468477 0.002815228654071689 0.004132143687456846 0.005672224797308445 0.007400433532893658 0.009297189302742481 0.01135944481939077 0.01358713209629059 0.0159488245844841 0.01844225265085697 0.02106963470578194 0.02382353693246841 0.02670531719923019 0.02969601005315781 0.03277532011270523 0.03594538569450378 0.03920482099056244 0.04254375770688057 0.04594589397311211 0.04941252991557121 0.05294119939208031 0.05652410909533501 0.06013185158371925 0.06378432363271713 0.0674857422709465 0.07119747251272202 0.07490245252847672 0.07861444354057312 0.08234306424856186 0.08609455823898315 0.089876689016819 0.09368724375963211 0.09752411395311356 0.1013685613870621 0.1052320450544357 0.1080782487988472 0.1090344041585922 0.1075398474931717 0.1032544150948524 0.09809169173240662 0.0931871086359024 0.08852775394916534 0.0841013640165329 0.07989629358053207 0.07590147852897644 0.07210640609264374 0.06850108504295349 0.06507603079080582 0.06182222813367844 0.05873111635446548 0.05579455941915512 0.05300483107566833 0.05035458877682686 0.04783685877919197 0.04544501751661301 0.04317276552319527 0.04101412743330002 0.03896342217922211 0.03701525181531906 0.0351644903421402 0.03340626507997513 0.03173595294356346 0.03014915436506271 0.02864169701933861 0.02720961160957813 0.02584913186728954 0.02455667592585087 0.02332884259521961 0.02216240018606186 0.02105428092181683 0.02000156603753567 0.01900148764252663 0.01805141381919384 0.01714884303510189 0.01629140041768551 0.01547683030366898 0.01470298878848553 0.01396783906966448 0.01326944679021835 0.01260597445070744 0.01197567582130432 0.01137689221650362 0.01080804783850908 0.01026764512062073 0.009754262864589691 0.009266549721360207 0.008803222328424454 0.008363061584532261 0.007944908924400806 0.007547663524746895 0.007170280441641808 0.006811766419559717 0.006471178028732538 0.006147619336843491 0.005840238183736801 0.005548226181417704 0.00527081498876214 0.005007274448871613 0.004756910726428032 0.004519065376371145 0.004293112084269524 0.004078456666320562 0.00387453380972147 0.003680807072669268 0.003496766788884997 0.003321928437799215 0.003155831946060061 0.002998040290549397 0.002848138334229589 0.002705731429159641 0.002570444950833917 0.002441922668367624 0.002319826511666179 0.002203835174441338 0.002093643415719271 0.001988961361348629 0.001889513339847326 0.001795037649571896 0.001705285743810236 0.001620021415874362 0.001539020333439112 0.00146206934005022 0.001388965873047709 0.001319517614319921 0.001253541791811585 0.001190864713862538 0.001131321536377072 0.001074755447916687 0.001021017669700086 0.0009699667571112514 0.0009214684250764549 0.0008753950241953135 0.0008316252497024834 0.0007900439668446779 0.0007505417452193797 0.0007130146841518581 0.0006773639470338821 0.0006434957613237202 0.0006113209528848529 0.000580754887778312 0.000551717123016715 0.0005241312901489437 0.0004979247460141778 0.000473028514534235 0.0004493770829867572 0.0004269082273822278 0.0004055628087371588 0.0003852846566587687 0.0003660204238258302 0.0003477194113656878 0.0003303334524389356 0.0003138167667202652 0.0002981259312946349 0.0002832196478266269 0.0002690586552489549 0.0002556057297624648 0.0002428254374535754 0.0002306841633981094 0.0002191499515902251 0.0002081924467347562 0.0001977828214876354 0.0001878936745924875 0.0001784989872248843 0.0001695740356808528 0.0001610953331692144 0.000153040571603924 0.0001453885488444939 0.000138119125040248 0.0001312131644226611 0.000124652506201528 0.0001184198772534728 0.0001124988848459907 0.0001068739438778721 0.0001015302477753721 9.645373211242259e-05 9.163104550680146e-05 8.704949141247198e-05 8.269701356766745e-05 7.856215961510316e-05 7.463405199814588e-05 7.090235158102587e-05 6.735723582096398e-05 6.398937694029883e-05 6.078990918467753e-05 5.775041427114047e-05 5.486289228429087e-05 5.21197471243795e-05 4.951376104145311e-05 4.703807280748151e-05 4.468617044040002e-05 4.245186210027896e-05 4.032926881336607e-05 3.831280628219247e-05 3.639716669567861e-05 3.457730781519786e-05 3.284844206064008e-05 3.120601832051761e-05 2.964571831398644e-05 2.816343294398393e-05 2.675526047823951e-05 2.541749745432753e-05 2.414662230876274e-05 2.293929173902143e-05 2.179232797061559e-05 2.070271148113534e-05 1.966757554328069e-05 1.868419712991454e-05 1.774998781911563e-05 1.686248833721038e-05 1.601936310180463e-05 1.521839476481546e-05 1.445747511752415e-05 1.373460145259742e-05 1.304787110711914e-05 1.239547782461159e-05 1.177570356958313e-05 1.118691852752818e-05 1.062757291947491e-05 1.009619427350117e-05 9.591384696250316e-06 9.111815415963065e-06 8.656224963488057e-06 8.223413715313654e-06 7.812242984073237e-06 7.421630925819045e-06 7.050549356790725e-06 6.698021934425924e-06 8.402256207773462e-05 0.0002777184708975255 0.0005798584315925837 0.0009810758056119084 0.001461021369323134 0.002015557605773211 0.002638252452015877 0.00332347210496664 0.004066802561283112 0.004862701520323753 0.00571095384657383 0.006608531810343266 0.007547753863036633 0.008524271659553051 0.009534966200590134 0.01057125814259052 0.01163256261497736 0.01271879207342863 0.01382545288652182 0.01494861301034689 0.01608317531645298 0.01722773723304272 0.01838100329041481 0.01954098232090473 0.02070278115570545 0.02186273969709873 0.02301967702805996 0.02417165599763393 0.02532029710710049 0.02646451070904732 0.02760215103626251 0.02873242646455765 0.02985267713665962 0.03096301294863224 0.03206368908286095 0.03315555304288864 0.03423679620027542 0.03530564159154892 0.03636174649000168 0.03740577772259712 0.03843807801604271 0.03945866227149963 0.04046738520264626 0.04146469011902809 0.04245002195239067 0.04342477023601532 0.04438910633325577 0.04534050077199936 0.04627891629934311 0.04720431938767433
 0 0 0 0 0 0 0 0 0 0 0 0 0 0 0 0 0 0 0 0 0 0 0 0 0 0 0 0 0 0 0 0 0 0 0 0 0 0 0 0 0 0 0 0 0 0 0 0 0 0 0 0 0 0 0 0 0 0 0 0 0 0 0 0 0 0 0 0 0 0 0 0 0 0 0 0 0 0 0 0 0 0 0 0 0 0 0 0 0 0 0 0 0 0 0 0 0 0 0 0 0 0 0 0 0 0 0 0 0 0 0 0 0 0 0 0 0 0 0 0 0 0 0 0 0 0 0 0 0 0 0 0 0 0 0 0 0 0 0 0 0 0 0 0 0 0 0 0 0 0 0 0 0 0 0 0 0 0 0 0 0 0 0 0 0 0 0 0 0 0 0 0 0 0 0 0 0 0 0 0 0 0 0 0 0 0 0 0 0 0 0 0 0 0 0 0 0 0 0 0 0 0 0 0 0 0 0 0 0 0 0 0 0 0 0 0 0 0 0 0 0 0 0 0 0 0 0 0 0 0 0 0 0 0 0 0 0 0 0 0 0 0 0 0 0 0 0 0 0 0 0 0 0 0 0 0 0 0 0 0 0 0 0 0 0 0 0 0 0 0 0 0 0 0 0 0 0 0 0 0 0 0 0 0 0 0 0 0 0 0 0 0 0 0 0 0 0 0 0 0 0 0 0 0 0 0 0 0 0 0 0 0 0 0 0 0 0 0 0 0 0 0 0 0 0 0 0 0 0 0 0 0 0 0 0 0 0 0 0 0 0 0 0 0 0 0 0 0 0 0 0 0 0 0 0 0 0 0 0 0 0 0 0 0 0 0 0 0 0 0 0 0 0 0 0 0 0 0 0 0 0 0 0 0 0 0 0 0 0 0 0 0 0 0 0 0 0 0 0 0 0 0 0 0 0 0 0 0 0 0 0 0 0 0 0 0 0 0 0 0 0 0 0 0 0 0 0 0 0 0 0 0 0 0 0 0 0 0 0 0 0 0 0 0 0 0 0 0 0 0 0 0 0 0 0 0 0 0 0 0 0 0 0 0 0 0 0 0 0 0 0 0 0 0 0 0 0 0 0 0 0 0 0 0 0 0 0 0 0 0 0 0 0 0 0 0 0 0 0 0 0 0 0 0 0 0 0 0 0 0 0 0 0 0 0 0 0 0 0 0 0 0 0 0 0 0 0 0 0 0 0 0 0 0 0 0 0 0 0 0 0 0 0 0 0 0 0 0 0 0 0 0 0 0 0 0 0 0 0 0 0 0 0 0 0 0 0 0 0 0 0 0 0 0 0 0 0 0 0 0 0 0 0 0 0 0 0 0 0 0 0 0 0 0 0 0 0 0 0 0
 0 0 0 0 0 0 0 0 0 0 0 0 0 0 0 0 0 0 0 0 0 0 0 0 0 0 0 0 0 0 0 0 0 0 0 0 0 0 0 0 0 0 0 0 0 0 0 0 0 0 0 0 0 0 0 0 0 0 0 0 0 0 0 0 0 0 0 0 0 0 0 0 0 0 0 0 0 0 0 0 0 0 0 0 0 0 0 0 0 0 0 0 0 0 0 0 0 0 0 0 0 0 0 0 0 0 0 0 0 0 0 0 0 0 0 0 0 0 0 0 0 0 0 0 0 0 0 0 0 0 0 0 0 0 0 0 0 0 0 0 0 0 0 0 0 0 0 0 0 0 0 0 0 0 0 0 0 0 0 0 0 0 0 0 0 0 0 0 0 0 0 0 0 0 0 0 0 0 0 0 0 0 0 0 0 0 0 0 0 0 0 0 0 0 0 0 0 0 0 0 0 0 0 0 0 0 0 0 0 0 0 0 0 0 0 0 0 0 0 0 0 0 0 0 0 0 0 0 0 0 0 0 0 0 0 0 0 0 0 0 0 0 0 0 0 0 0 0 0 0 0 0 0 0 0 0 0 0 0 0 0 0 0 0 0 0 0 0 0 0 0 0 0 0 0 0 0 0 0 0 0 0 0 0 0 0 0 0 0 0 0 0 0 0 0 0 0 0 0 0 0 0 0 0 0 0 0 0 0 0 0 0 0 0 0 0 0 0 0 0 0 0 0 0 0 0 0 0 0 0 0 0 0 0 0 0 0 0 0 0 0 0 0 0 0 0 0 0 0 0 0 0 0 0 0 0 0 0 0 0 0 0 0 0 0 0 0 0 0 0 0 0 0 0 0 0 0 0 0 0 0 0 0 0 0 0 0 0 0 0 0 0 0 0 0 0 0 0 0 0 0 0 0 0 0 0 0 0 0 0 0 0 0 0 0 0 0 0 0 0 0 0 0 0 0 0 0 0 0 0 0 0 0 0 0 0 0 0 0 0 0 0 0 0 0 0 0 0 0 0 0 0 0 0 0 0 0 0 0 0 0 0 0 0 0 0 0 0 0 0 0 0 0 0 0 0 0 0 0 0 0 0 0 0 0 0 0 0 0 0 0 0 0 0 0 0 0 0 0 0 0 0 0 0 0 0 0 0 0 0 0 0 0 0 0 0 0 0 0 0 0 0 0 0 0 0 0 0 0 0 0 0 0 0 0 0 0 0 0 0 0 0 0 0 0 0 0 0 0 0 0 0 0 0 0 0 0 0 0 0 0 0 0 0 0 0 0 0 0 0 0 0 0 0 0 0 0 0 0 0 0 0 0 0 0 0 0 0 0 0 0 0 0 0 0 0 0 0 0 0
 0 0 0 0 0 0 0 0 0 0 0 0 0 0 0 0 0 0 0 0 0 0 0 0 0 0 0 0 0 0 0 0 0 0 0 0 0 0 0 0 0 0 0 0 0 0 0 0 0 0 0 0 0 0 0 0 0 0 0 0 0 0 0 0 0 0 0 0 0 0 0 0 0 0 0 0 0 0 0 0 0 0 0 0 0 0 0 0 0 0 0 0 0 0 0 0 0 0 0 0 0 0 0 0 0 0 0 0 0 0 0 0 0 0 0 0 0 0 0 0 0 0 0 0 0 0 0 0 0 0 0 0 0 0 0 0 0 0 0 0 0 0 0 0 0 0 0 0 0 0 0 0 0 0 0 0 0 0 0 0 0 0 0 0 0 0 0 0 0 0 0 0 0 0 0 0 0 0 0 0 0 0 0 0 0 0 0 0 0 0 0 0 0 0 0 0 0 0 0 0 0 0 0 0 0 0 0 0 0 0 0 0 0 0 0 0 0 0 0 0 0 0 0 0 0 0 0 0 0 0 0 0 0 0 0 0 0 0 0 0 0 0 0 0 0 0 0 0 0 0 0 0 0 0 0 0 0 0 0 0 0 0 0 0 0 0 0 0 0 0 0 0 0 0 0 0 0 0 0 0 0 0 0 0 0 0 0 0 0 0 0 0 0 0 0 0 0 0 0 0 0 0 0 0 0 0 0 0 0 0 0 0 0 0 0 0 0 0 0 0 0 0 0 0 0 0 0 0 0 0 0 0 0 0 0 0 0 0 0 0 0 0 0 0 0 0 0 0 0 0 0 0 0 0 0 0 0 0 0 0 0 0 0 0 0 0 0 0 0 0 0 0 0 0 0 0 0 0 0 0 0 0 0 0 0 0 0 0 0 0 0 0 0 0 0 0 0 0 0 0 0 0 0 0 0 0 0 0 0 0 0 0 0 0 0 0 0 0 0 0 0 0 0 0 0 0 0 0 0 0 0 0 0 0 0 0 0 0 0 0 0 0 0 0 0 0 0 0 0 0 0 0 0 0 0 0 0 0 0 0 0 0 0 0 0 0 0 0 0 0 0 0 0 0 0 0 0 0 0 0 0 0 0 0 0 0 0 0 0 0 0 0 0 0 0 0 0 0 0 0 0 0 0 0 0 0 0 0 0 0 0 0 0 0 0 0 0 0 0 0 0 0 0 0 0 0 0 0 0 0 0 0 0 0 0 0 0 0 0 0 0 0 0 0 0 0 0 0 0 0 0 0 0 0 0 0 0 0 0 0 0 0 0 0 0 0 0 0 0 0 0 0 0 0 0 0 0 0 0 0 0 0 0 0 0 0 0 0 0 0 0 0 0 0 0 0 0 0 0 0
 0 0 0 0 0 0 0 0 0 0 0 0 0 0 0 0 0 0 0 0 0 0 0 0 0 0 0 0 0 0 0 0 0 0 0 0 0 0 0 0 0 0 0 0 0 0 0 0 0 0 0 0 0 0 0 0 0 0 0 0 0 0 0 0 0 0 0 0 0 0 0 0 0 0 0 0 0 0 0 0 0 0 0 0 0 0 0 0 0 0 0 0 0 0 0 0 0 0 0 0 0 0 0 0 0 0 0 0 0 0 0 0 0 0 0 0 0 0 0 0 0 0 0 0 0 0 0 0 0 0 0 0 0 0 0 0 0 0 0 0 0 0 0 0 0 0 0 0 0 0 0 0 0 0 0 0 0 0 0 0 0 0 0 0 0 0 0 0 0 0 0 0 0 0 0 0 0 0 0 0 0 0 0 0 0 0 0 0 0 0 0 0 0 0 0 0 0 0 0 0 0 0 0 0 0 0 0 0 0 0 0 0 0 0 0 0 0 0 0 0 0 0 0 0 0 0 0 0 0 0 0 0 0 0 0 0 0 0 0 0 0 0 0 0 0 0 0 0 0 0 0 0 0 0 0 0 0 0 0 0 0 0 0 0 0 0 0 0 0 0 0 0 0 0 0 0 0 0 0 0 0 0 0 0 0 0 0 0 0 0 0 0 0 0 0 0 0 0 0 0 0 0 0 0 0 0 0 0 0 0 0 0 0 0 0 0 0 0 0 0 0 1.189623799291439e-05 0.0003135429869871587 0.0008729859255254269 0.001688139280304313 0.00273548997938633 0.003990082070231438 0.005448346957564354 0.007099220529198647 0.008934632875025272 0.01092120166867971 0.01304615940898657 0.01531356573104858 0.01770568452775478 0.02022147364914417 0.02284469269216061 0.02557827904820442 0.02841722033917904 0.03133733943104744 0.03433185070753098 0.03738816827535629 0.04051752388477325 0.04370471462607384 0.04692821949720383 0.05019683018326759 0.0535169243812561 0.05689596384763718 0.06034205853939056 0.06382114440202713 0.06730610132217407 0.07081862539052963 0.0743589773774147 0.07791523635387421 0.08147024363279343 0.08503615111112595 0.08862312138080597 0.09222286939620972 0.09583445638418198 0.09946146607398987 0.1027986258268356 0.1047328114509583 0.1045512408018112 0.1018275246024132 0.09673614799976349 0.09189934283494949 0.08730437606573105 0.08293915539979935 0.07879219949245453 0.0748525857925415 0.07110995799303055 0.06755445897579193 0.06417673826217651 0.06096789985895157 0.05791950598359108 0.05502353236079216 0.05227235704660416 0.04965873807668686 0.04717580229043961 0.0448170118033886 0.04257616028189659 0.04044735059142113 0.03842498362064362 0.03650373592972755 0.03467854857444763 0.03294461965560913 0.03129738941788673 0.02973251976072788 0.02824589423835278 0.02683359943330288 0.02549191936850548 0.02421732246875763 0.02300645597279072 0.02185613289475441 0.0207633264362812 0.01972516067326069 0.01873890310525894 0.01780195720493793 0.01691185869276524 0.01606626622378826 0.01526295300573111 0.01449980493634939 0.01377481501549482 0.01308607403188944 0.01243177056312561 0.0118101816624403 0.01121967285871506 0.01065868884325027 0.01012575440108776 0.009619466960430145 0.009138493798673153 0.008681569248437881 0.008247490972280502 0.007835116237401962 0.007443360518664122 0.007071192376315594 0.00671763252466917 0.006381751038134098 0.006062663625925779 0.005759530235081911 0.005471553653478622 0.005197975784540176 0.004938077181577682 0.004691173322498798 0.00445661460980773 0.004233784042298794 0.004022094886749983 0.003820990212261677 0.00362994079478085 0.003448443720117211 0.003276021452620625 0.003112220438197255 0.002956609474495053 0.002808779012411833 0.002668339991942048 0.00253492291085422 0.00240817666053772 0.002287767827510834 0.00217337952926755 0.002064710482954979 0.001961475005373359 0.001863401266746223 0.001770231174305081 0.001681719673797488 0.001597633701749146 0.001517752069048584 0.00144186441320926 0.001369771198369563 0.001301282667554915 0.001236218493431807 0.001174407545477152 0.001115687191486359 0.001059902831912041 0.001006907667033374 0.0009565622895024717 0.0009087341604754329 0.000863297434989363 0.0008201325545087457 0.0007791259558871388 0.000740169663913548 0.0007031611748971045 0.0006680031074211001 0.0006346029695123434 0.0006028728093951941 0.0005727291572839022 0.0005440926761366427 0.0005168880452401936 0.0004910436691716313 0.0004664914740715176 0.0004431669076438993 0.0004210085608065128 0.0003999581385869533 0.000379960227292031 0.0003609622071962804 0.000342914107022807 0.0003257684002164751 0.0003094799758400768 0.0002940059639513493 0.000279305677395314 0.0002653403789736331 0.0002520733687561005 0.0002394696930423379 0.0002274962025694549 0.0002161213924409822 0.0002053153293672949 0.0001950495643541217 0.0001852970890467986 0.000176032233866863 0.0001672306243563071 0.0001588690938660875 0.0001509256399003789 0.0001433793513569981 0.0001362103794235736 0.0001293998648179695 0.0001229298650287092 0.0001167833688668907 0.0001109442018787377 0.0001053969899658114 0.0001001271375571378 9.51207839534618e-05 9.036474511958659e-05 8.584650640841573e-05 8.155417890520766e-05 7.747647032374516e-05 7.360264862654731e-05 6.992251292103902e-05 6.642638618359342e-05 6.310506432782859e-05 5.994981256662868e-05 5.695232175639831e-05 5.410470475908369e-05 5.139947097632103e-05 4.882949724560603e-05 4.638802056433633e-05 4.406861989991739e-05 4.186519072391093e-05 3.977193046011962e-05 3.778333484660834e-05 3.589416883187369e-05 3.409945929888636e-05 3.239448778913356e-05 3.077476503676735e-05 2.92360273306258e-05 2.777422560029663e-05 2.638551450218074e-05 2.5066237867577e-05 2.381292506470345e-05 2.262227826577146e-05 2.149116517102811e-05 2.041660627583042e-05 1.939577668963466e-05 1.84259879461024e-05 1.750468800310045e-05 1.662945396674331e-05 1.579798117745668e-05 1.500808230048278e-05 1.425767823093338e-05 1.354479445581092e-05 1.286755468754563e-05 1.222417722601676e-05 1.16129685920896e-05 1.103231988963671e-05 1.048070407705382e-05 8.006904681678861e-05 0.0003193147422280163 0.000707005150616169 0.001225936459377408 0.001863988814875484 0.002613752847537398 0.003471111878752708 0.004425037186592817 0.00546338502317667 0.006579373963177204 0.007769867777824402 0.009028039872646332 0.01035194378346205 0.01174082234501839 0.01319480687379837 0.01471076346933842 0.01628007553517818 0.01789403893053532 0.01954714395105839 0.02123613096773624 0.02294868975877762 0.02468646131455898 0.02643793262541294 0.02820402942597866 0.02998513914644718 0.03178679198026657 0.03360531106591225 0.03542489930987358 0.03724022954702377 0.03905236348509789 0.04086173698306084 0.04267008602619171 0.04447054862976074 0.0462605208158493 0.0480421744287014 0.04981639608740807 0.05158629640936852 0.05335308238863945 0.05511642619967461 0.05686148628592491 0.05858787521719933 0.06029819324612617 0.0619925856590271 0.06366991996765137 0.06533177942037582 0.06697980314493179 0.06861221790313721 0.07023119926452637 0.07125245034694672 0.0710168182849884 0.06912587583065033 0.06566958129405975 0.06238610297441483 0.05926679819822311 0.05630345642566681 0.05348828434944153 0.05081386864185333 0.04827317595481873
 0 0 0 0 0 0 0 0 0 0 0 0 0 0 0 0 0 0 0 0 0 0 0 0 0 0 0 0 0 0 0 0 0 0 0 0 0 0 0 0 0 0 0 0 0 0 0 0 0 0 0 0 0 0 0 0 0 0 0 0 0 0 0 0 0 0 0 0 0 0 0 0 0 0 0 0 0 0 0 0 0 0 0 0 0 0 0 0 0 0 0 0 0 0 0 0 0 0 0 0 0 0 0 0 0 0 0 0 0 0 0 0 0 0 0 0 0 0 0 0 0 0 0 0 0 0 0 0 0 0 0 0 0 0 0 0 0 0 0 0 0 0 0 0 0 0 0 0 0 0 0 0 0 0 0 0 0 0 0 0 0 0 0 0 0 0 0 0 0 0 0 0 0 0 0 0 0 0 0 0 0 0 0 0 0 0 0 0 0 0 0 0 0 0 0 0 0 0 0 0 0 0 0 0 0 0 0 0 0 0 0 0 0 0 0 0 0 0 0 0 0 0 0 0 0 0 0 0 0 0 0 0 0 0 0 0 0 0 0 0 0 0 0 0 0 0 0 0 0 0 0 0 0 0 0 0 0 0 0 0 0 0 0 0 0 0 0 0 0 0 0 0 0 0 0 0 0 0 0 0 0 0 0 0 0 0 0 0 0 0 0 0 0 0 0 0 0 0 0 0 0 0 0 0 0 0 0 0 0 0 0 0 0 0 0 0 0 0 0 0 0 0 0 0 0 0 0 0 0 0 0 0 0 0 0 0 0 0 0 0 0 0 0 0 0 0 0 0 0 0 0 0 0 0 0 0 0 0 0 0 0 0 0 0 0 0 0 0 0 0 0 0 0 0 0 0 0 0 0 0 0 0 0 0 0 0 0 0 0 0 0 0 0 0 0 0 0 0 0 0 0 0 0 0 0 0 0 0 0 0 0 0 0 0 0 0 0 0 0 0 0 0 0 0 0 0 0 0 0 0 0 0 0 0 0 0 0 0 0 0 0 0 0 0 0 0 0 0 0 0 0 0 0 0 0 0 0 0 0 0 0 0 0 0 0 0 0 0 0 0 0 0 0 0 0 0 0 0 0 0 0 0 0 0 0 0 0 0 0 0 0 0 0 0 0 0 0 0 0 0 0 0 0 0 0 0 0 0 0 0 0 0 0 0 0 0 0 0 0 0 0 0 0 0 0 0 0 0 0 0 0 0 0 0 0 0 0 0 0 0 0 0 0 0 0 0 0 0 0 0 0 0 0 0 0 0 0 0 0 0 0 0 0 0 0 0 0 0 0 0 0 0 0 0 0 0 0 0 0 0 0 0 0 0 0 0 0 0 0 0 0 0 0 0 0 0 0 0 0 0
 0 0 0 0 0 0 0 0 0 0 0 0 0 0 0 0 0 0 0 0 0 0 0 0 0 0 0 0 0 0 0 0 0 0 0 0 0 0 0 0 0 0 0 0 0 0 0 0 0 0 0 0 0 0 0 0 0 0 0 0 0 0 0 0 0 0 0 0 0 0 0 0 0 0 0 0 0 0 0 0 0 0 0 0 0 0 0 0 0 0 0 0 0 0 0 0 0 0 0 0 0 0 0 0 0 0 0 0 0 0 0 0 0 0 0 0 0 0 0 0 0 0 0 0 0 0 0 0 0 0 0 0 0 0 0 0 0 0 0 0 0 0 0 0 0 0 0 0 0 0 0 0 0 0 0 0 0 0 0 0 0 0 0 0 0 0 0 0 0 0 0 0 0 0 0 0 0 0 0 0 0 0 0 0 0 0 0 0 0 0 0 0 0 0 0 0 0 0 0 0 0 0 0 0 0 0 0 0 0 0 0 0 0 0 0 0 0 0 0 0 0 0 0 0 0 0 0 0 0 0 0 0 0 0 0 0 0 0 0 0 0 0 0 0 0 0 0 0 0 0 0 0 0 0 0 0 0 0 0 0 0 0 0 0 0 0 0 0 0 0 0 0 0 0 0 0 0 0 0 0 0 0 0 0 0 0 0 0 0 0 0 0 0 0 0 0 0 0 0 0 0 0 0 0 0 0 0 0 0 0 0 0 0 0 0 0 0 0 0 0 0 0 0 0 0 0 0 0 0 0 0 0 0 0 0 0 0 0 0 0 0 0 0 0 0 0 0 0 0 0 0 0 0 0 0 0 0 0 0 0 0 0 0 0 0 0 0 0 0 0 0 0 0 0 0 0 0 0 0 0 0 0 0 0 0 0 0 0 0 0 0 0 0 0 0 0 0 0 0 0 0 0 0 0 0 0 0 0 0 0 0 0 0 0 0 0 0 0 0 0 0 0 0 0 0 0 0 0 0 0 0 0 0 0 0 0 0 0 0 0 0 0 0 0 0 0 0 0 0 0 0 0 0 0 0 0 0 0 0 0 0 0 0 0 0 0 0 0 0 0 0 0 0 0 0 0 0 0 0 0 0 0 0 0 0 0 0 0 0 0 0 0 0 0 0 0 0 0 0 0 0 0 0 0 0 0 0 0 0 0 0 0 0 0 0 0 0 0 0 0 0 0 0 0 0 0 0 0 0 0 0 0 0 0 0 0 0 0 0 0 0 0 0 0 0 0 0 0 0 0 0 0 0 0 0 0 0 0 0 0 0 0 0 0 0 0 0 0 0 0 0 0 0 0 0 0 0 0 0 0 0 0 0 0 0 0 0 0 0 0 0 0 0 0 0 0 0 0 0 0
 0 0 0 0 0 0 0 0 0 0 0 0 0 0 0 0 0 0 0 0 0 0 0 0 0 0 0 0 0 0 0 0 0 0 0 0 0 0 0 0 0 0 0 0 0 0 0 0 0 0 0 0 0 0 0 0 0 0 0 0 0 0 0 0 0 0 0 0 0 0 0 0 0 0 0 0 0 0 0 0 0 0 0 0 0 0 0 0 0 0 0 0 0 0 0 0 0 0 0 0 0 0 0 0 0 0 0 0 0 0 0 0 0 0 0 0 0 0 0 0 0 0 0 0 0 0 0 0 0 0 0 0 0 0 0 0 0 0 0 0 0 0 0 0 0 0 0 0 0 0 0 0 0 0 0 0 0 0 0 0 0 0 0 0 0 0 0 0 0 0 0 0 0 0 0 0 0 0 0 0 0 0 0 0 0 0 0 0 0 0 0 0 0 0 0 0 0 0 0 0 0 0 0 0 0 0 0 0 0 0 0 0 0 0 0 0 0 0 0 0 0 0 0 0 0 0 0 0 0 0 0 0 0 0 0 0 0 0 0 0 0 0 0 0 0 0 0 0 0 0 0 0 0 0 0 0 0 0 0 0 0 0 0 0 0 0 0 0 0 0 0 0 0 0 0 0 0 0 0 0 0 0 0 0 0 0 0 0 0 0 0 0 0 0 0 0 0 0 0 0 0 0 0 0 0 0 0 0 0 0 0 0 0 0 0 0 0 0 0 0 0 0 0 0 0 0 0 0 0 0 0 0 0 0 0 0 0 0 0 0 0 0 0 0 0 0 0 0 0 0 0 0 0 0 0 0 0 0 0 0 0 0 0 0 0 0 0 0 0 0 0 0 0 0 0 0 0 0 0 0 0 0 0 0 0 0 0 0 0 0 0 0 0 0 0 0 0 0 0 0 0 0 0 0 0 0 0 0 0 0 0 0 0 0 0 0 0 0 0 0 0 0 0 0 0 0 0 0 0 0 0 0 0 0 0 0 0 0 0 0 0 0 0 0 0 0 0 0 0 0 0 0 0 0 0 0 0 0 0 0 0 0 0 0 0 0 0 0 0 0 0 0 0 0 0 0 0 0 0 0 0 0 0 0 0 0 0 0 0 0 0 0 0 0 0 0 0 0 0 0 0 0 0 0 0 0 0 0 0 0 0 0 0 0 0 0 0 0 0 0 0 0 0 0 0 0 0 0 0 0 0 0 0 0 0 0 0 0 0 0 0 0 0 0 0 0 0 0 0 0 0 0 0 0 0 0 0 0 0 0 0 0 0 0 0 0 0 0 0 0 0 0 0 0 0 0 0 0 0 0 0 0 0 0 0 0 0 0 0 0 0 0 0 0 0 0 0 0 0 0
 0 0 0 0 0 0 0 0 0 0 0 0 0 0 0 0 0 0 0 0 0 0 0 0 0 0 0 0 0 0 0 0 0 0 0 0 0 0 0 0 0 0 0 0 0 0 0 0 0 0 0 0 0 0 0 0 0 0 0 0 0 0 0 0 0 0 0 0 0 0 0 0 0 0 0 0 0 0 0 0 0 0 0 0 0 0 0 0 0 0 0 0 0 0 0 0 0 0 0 0 0 0 0 0 0 0 0 0 0 0 0 0 0 0 0 0 0 0 0 0 0 0 0 0 0 0 0 0 0 0 0 0 0 0 0 0 0 0 0 0 0 0 0 0 0 0 0 0 0 0 0 0 0 0 0 0 0 0 0 0 0 0 0 0 0 0 0 0 0 0 0 0 0 0 0 0 0 0 0 0 0 0 0 0 0 0 0 0 0 0 0 0 0 0 0 0 0 0 0 0 0 0 0 0 0 0 0 0 0 0 0 0 0 0 0 0 0 0 0 0 0 0 0 0 0 0 0 0 0 0 0 0 0 0 0 0 0 0 0 0 0 0 0 0 0 0 0 0 0 0 0 0 0 0 0 0 0 0 0 0 0 0 0 0 0 0 0 0 0 0 0 0 0 0 0 0 0 0 0 0 0 0 0 0 0 0 0 0 0 0 0 0 0 0 0 0 0 0 0 0 0 0 0 0 0 0 0 0 0 0 0 0 0 0 0 0 0 0 0 0 0 0.0001301432930631563 0.000537338200956583 0.001192610012367368 0.002086074789986014 0.003216054756194353 0.004558525048196316 0.006120035424828529 0.007871161215007305 0.009797330945730209 0.01189766079187393 0.01413441728800535 0.01648912020027637 0.01895835436880589 0.02154519967734814 0.02424777299165726 0.02705994993448257 0.02998184226453304 0.03300836682319641 0.03611401468515396 0.03929687291383743 0.04256352037191391 0.04588956013321877 0.04927865415811539 0.05273002758622169 0.05622352659702301 0.05972261354327202 0.06323432922363281 0.06677126884460449 0.07033973187208176 0.07390312850475311 0.07745541632175446 0.08101543784141541 0.08459401875734329 0.08819687366485596 0.09182709455490112 0.09548945724964142 0.09917508065700531 0.1028937771916389 0.1056200340390205 0.1064818054437637 0.1049400642514229 0.1006619781255722 0.09562887996435165 0.0908474326133728 0.08630505949258804 0.08198980987071991 0.07789032161235809 0.07399580627679825 0.0702960193157196 0.06678121536970139 0.06344215571880341 0.0602700486779213 0.0572565458714962 0.05439371988177299 0.05167403444647789 0.04909033328294754 0.04663581773638725 0.04430402815341949 0.0420888252556324 0.03998438268899918 0.03798516467213631 0.03608590736985207 0.03428161144256592 0.03256753087043762 0.03093915432691574 0.02939219586551189 0.02792258560657501 0.02652645669877529 0.0252001341432333 0.02394012734293938 0.02274312078952789 0.0216059647500515 0.02052566595375538 0.01949938200414181 0.0185244120657444 0.01759819127619267 0.01671828143298626 0.01588236726820469 0.01508824899792671 0.01433383673429489 0.01361714489758015 0.01293628755956888 0.01228947285562754 0.01167499925941229 0.01109124906361103 0.01053668651729822 0.01000985223799944 0.009509359486401081 0.009033891372382641 0.00858219712972641 0.008153087459504604 0.007745433133095503 0.007358161266893148 0.006990252994000912 0.00664074020460248 0.00630870321765542 0.005993267986923456 0.005693604703992605 0.005408924538642168 0.005138478241860867 0.004881554283201694 0.004637476522475481 0.004405602812767029 0.004185322672128677 0.003976056352257729 0.003777253441512585 0.003588390769436955 0.00340897124260664 0.003238522680476308 0.003076596651226282 0.002922766841948032 0.002776628592982888 0.002637797268107533 0.002505907323211432 0.002380611840635538 0.002261581365019083 0.002148502273485065 0.002041077241301537 0.00193902337923646 0.001842072233557701 0.001749968621879816 0.001662470167502761 0.001579346600919962 0.001500379294157028 0.001425360329449177 0.001354092266410589 0.001286387676373124 0.001222068327479064 0.001160964951850474 0.001102916663512588 0.00104777084197849 0.0009953823173418641 0.0009456131956540048 0.0008983325096778572 0.0008534158696420491 0.0008107450557872653 0.0007702077855356038 0.000731697422452271 0.0006951125687919557 0.0006603569490835071 0.00062733911909163 0.0005959721747785807 0.0005661735776811838 0.000537864922080189 0.000510971702169627 0.0004854231083299965 0.0004611519398167729 0.0004380943428259343 0.0004161896358709782 0.00039538016426377 0.00037561115459539 0.000356830598320812 0.0003389890771359205 0.0003220396174583584 0.0003059376322198659 0.0002906407462432981 0.0002761087089311332 0.0002623032778501511 0.0002491881023161113 0.0002367286942899227 0.0002248922537546605 0.0002136476396117359 0.0002029652532655746 0.0001928169949678704 0.0001831761474022642 0.0001740173465805128 0.0001653164799790829 0.0001570506574353203 0.0001491981238359585 0.0001417382154613733 0.0001346513017779216 0.0001279187417821959 0.0001215228039654903 0.000115446666313801 0.0001096743362722918 0.0001041906216414645 9.898109419737011e-05 9.403203875990584e-05 8.933043864089996e-05 8.486391743645072e-05 8.062072447501123e-05 7.658969116164371e-05 7.276020915014669e-05 6.912220123922452e-05 6.566609226865694e-05 6.238278729142621e-05 5.92636497458443e-05 5.630046871374361e-05 5.348544436856173e-05 5.081117342342623e-05 4.827061638934538e-05 4.585708666127175e-05 4.356423232820816e-05 4.138602162129246e-05 3.931672108592466e-05 3.735088466783054e-05 3.548333916114643e-05 3.370917329448275e-05 3.20237159030512e-05 3.042253047169652e-05 2.89014042209601e-05 2.745633355516475e-05 2.608351678645704e-05 2.477934140188154e-05 2.354037496843375e-05 2.236335603811312e-05 2.124518869095482e-05 2.01829298021039e-05 1.917378358484711e-05 1.821509431465529e-05 1.73043390532257e-05 1.643912219151389e-05 1.56171663547866e-05 1.483630785514833e-05 1.409449214406777e-05 1.338976744591491e-05 1.272027930099284e-05 1.208426510856953e-05 1.14800513983937e-05 1.090604928322136e-05 1.036074718285818e-05 9.842709914664738e-06 6.184804806252941e-05 0.0002780554059427232 0.0006355310324579477 0.00112438783980906 0.001735703786835074 0.002463899319991469 0.00329972617328167 0.004226775374263525 0.005241923499852419 0.006343110464513302 0.007524562999606133 0.008780661039054394 0.01010902877897024 0.01150636840611696 0.01296241395175457 0.01447489205747843 0.01603973284363747 0.01763956248760223 0.01926624588668346 0.02091171592473984 0.02257424406707287 0.02424762770533562 0.02592218667268753 0.02759360335767269 0.02926469407975674 0.03093519061803818 0.03260296955704689 0.03426840901374817 0.03593458607792854 0.03759120777249336 0.03923873230814934 0.04087333381175995 0.04249786213040352 0.04411099478602409 0.04571187123656273 0.0473000593483448 0.04887398332357407 0.05043289810419083 0.05197806283831596 0.05350412800908089 0.05500750988721848 0.05649105086922646 0.05795348435640335 0.05939698591828346 0.0608212910592556 0.06222617626190186 0.06361186504364014 0.064980149269104 0.06633071601390839 0.06700572371482849 0.06641903519630432 0.06421789526939392 0.06100700050592422 0.05795665085315704 0.05505881831049919 0.05230587720870972 0.04969058185815811
 0 0 0 0 0 0 0 0 0 0 0 0 0 0 0 0 0 0 0 0 0 0 0 0 0 0 0 0 0 0 0 0 0 0 0 0 0 0 0 0 0 0 0 0 0 0 0 0 0 0 0 0 0 0 0 0 0 0 0 0 0 0 0 0 0 0 0 0 0 0 0 0 0 0 0 0 0 0 0 0 0 0 0 0 0 0 0 0 0 0 0 0 0 0 0 0 0 0 0 0 0 0 0 0 0 0 0 0 0 0 0 0 0 0 0 0 0 0 0 0 0 0 0 0 0 0 0 0 0 0 0 0 0 0 0 0 0 0 0 0 0 0 0 0 0 0 0 0 0 0 0 0 0 0 0 0 0 0 0 0 0 0 0 0 0 0 0 0 0 0 0 0 0 0 0 0 0 0 0 0 0 0 0 0 0 0 0 0 0 0 0 0 0 0 0 0 0 0 0 0 0 0 0 0 0 0 0 0 0 0 0 0 0 0 0 0 0 0 0 0 0 0 0 0 0 0 0 0 0 0 0 0 0 0 0 0 0 0 0 0 0 0 0 0 0 0 0 0 0 0 0 0 0 0 0 0 0 0 0 0 0 0 0 0 0 0 0 0 0 0 0 0 0 0 0 0 0 0 0 0 0 0 0 0 0 0 0 0 0 0 0 0 0 0 0 0 0 0 0 0 0 0 0 0 0 0 0 0 0 0 0 0 0 0 0 0 0 0 0 0 0 0 0 0 0 0 0 0 0 0 0 0 0 0 0 0 0 0 0 0 0 0 0 0 0 0 0 0 0 0 0 0 0 0 0 0 0 0 0 0 0 0 0 0 0 0 0 0 0 0 0 0 0 0 0 0 0 0 0 0 0 0 0 0 0 0 0 0 0 0 0 0 0 0 0 0 0 0 0 0 0 0 0 0 0 0 0 0 0 0 0 0 0 0 0 0 0 0 0 0 0 0 0 0 0 0 0 0 0 0 0 0 0 0 0 0 0 0 0 0 0 0 0 0 0 0 0 0 0 0 0 0 0 0 0 0 0 0 0 0 0 0 0 0 0 0 0 0 0 0 0 0 0 0 0 0 0 0 0 0 0 0 0 0 0 0 0 0 0 0 0 0 0 0 0 0 0 0 0 0 0 0 0 0 0 0 0 0 0 0 0 0 0 0 0 0 0 0 0 0 0 0 0 0 0 0 0 0 0 0 0 0 0 0 0 0 0 0 0 0 0 0 0 0 0 0 0 0 0 0 0 0 0 0 0 0 0 0 0 0 0 0 0 0 0 0 0 0 0 0 0 0 0 0 0 0 0 0 0 0 0 0 0 0 0 0 0 0 0 0 0 0 0 0 0 0 0 0 0 0
 0 0 0 0 0 0 0 0 0 0 0 0 0 0 0 0 0 0 0 0 0 0 0 0 0 0 0 0 0 0 0 0 0 0 0 0 0 0 0 0 0 0 0 0 0 0 0 0 0 0 0 0 0 0 0 0 0 0 0 0 0 0 0 0 0 0 0 0 0 0 0 0 0 0 0 0 0 0 0 0 0 0 0 0 0 0 0 0 0 0 0 0 0 0 0 0 0 0 0 0 0 0 0 0 0 0 0 0 0 0 0 0 0 0 0 0 0 0 0 0 0 0 0 0 0 0 0 0 0 0 0 0 0 0 0 0 0 0 0 0 0 0 0 0 0 0 0 0 0 0 0 0 0 0 0 0 0 0 0 0 0 0 0 0 0 0 0 0 0 0 0 0 0 0 0 0 0 0 0 0 0 0 0 0 0 0 0 0 0 0 0 0 0 0 0 0 0 0 0 0 0 0 0 0 0 0 0 0 0 0 0 0 0 0 0 0 0 0 0 0 0 0 0 0 0 0 0 0 0 0 0 0 0 0 0 0 0 0 0 0 0 0 0 0 0 0 0 0 0 0 0 0 0 0 0 0 0 0 0 0 0 0 0 0 0 0 0 0 0 0 0 0 0 0 0 0 0 0 0 0 0 0 0 0 0 0 0 0 0 0 0 0 0 0 0 0 0 0 0 0 0 0 0 0 0 0 0 0 0 0 0 0 0 0 0 0 0 0 0 0 0 0 0 0 0 0 0 0 0 0 0 0 0 0 0 0 0 0 0 0 0 0 0 0 0 0 0 0 0 0 0 0 0 0 0 0 0 0 0 0 0 0 0 0 0 0 0 0 0 0 0 0 0 0 0 0 0 0 0 0 0 0 0 0 0 0 0 0 0 0 0 0 0 0 0 0 0 0 0 0 0 0 0 0 0 0 0 0 0 0 0 0 0 0 0 0 0 0 0 0 0 0 0 0 0 0 0 0 0 0 0 0 0 0 0 0 0 0 0 0 0 0 0 0 0 0 0 0 0 0 0 0 0 0 0 0 0 0 0 0 0 0 0 0 0 0 0 0 0 0 0 0 0 0 0 0 0 0 0 0 0 0 0 0 0 0 0 0 0 0 0 0 0 0 0 0 0 0 0 0 0 0 0 0 0 0 0 0 0 0 0 0 0 0 0 0 0 0 0 0 0 0 0 0 0 0 0 0 0 0 0 0 0 0 0 0 0 0 0 0 0 0 0 0 0 0 0 0 0 0 0 0 0 0 0 0 0 0 0 0 0 0 0 0 0 0 0 0 0 0 0 0 0 0 0 0 0 0 0 0 0 0 0 0 0 0 0 0 0 0 0 0 0 0 0 0 0 0 0 0
 0 0 0 0 0 0 0 0 0 0 0 0 0 0 0 0 0 0 0 0 0 0 0 0 0 0 0 0 0 0 0 0 0 0 0 0 0 0 0 0 0 0 0 0 0 0 0 0 0 0 0 0 0 0 0 0 0 0 0 0 0 0 0 0 0 0 0 0 0 0 0 0 0 0 0 0 0 0 0 0 0 0 0 0 0 0 0 0 0 0 0 0 0 0 0 0 0 0 0 0 0 0 0 0 0 0 0 0 0 0 0 0 0 0 0 0 0 0 0 0 0 0 0 0 0 0 0 0 0 0 0 0 0 0 0 0 0 0 0 0 0 0 0 0 0 0 0 0 0 0 0 0 0 0 0 0 0 0 0 0 0 0 0 0 0 0 0 0 0 0 0 0 0 0 0 0 0 0 0 0 0 0 0 0 0 0 0 0 0 0 0 0 0 0 0 0 0 0 0 0 0 0 0 0 0 0 0 0 0 0 0 0 0 0 0 0 0 0 0 0 0 0 0 0 0 0 0 0 0 0 0 0 0 0 0 0 0 0 0 0 0 0 0 0 0 0 0 0 0 0 0 0 0 0 0 0 0 0 0 0 0 0 0 0 0 0 0 0 0 0 0 0 0 0 0 0 0 0 0 0 0 0 0 0 0 0 0 0 0 0 0 0 0 0 0 0 0 0 0 0 0 0 0 0 0 0 0 0 0 0 0 0 0 0 0 0 0 0 0 0 0 0 0 0 0 0 0 0 0 0 0 0 0 0 0 0 0 0 0 0 0 0 0 0 0 0 0 0 0 0 0 0 0 0 0 0 0 0 0 0 0 0 0 0 0 0 0 0 0 0 0 0 0 0 0 0 0 0 0 0 0 0 0 0 0 0 0 0 0 0 0 0 0 0 0 0 0 0 0 0 0 0 0 0 0 0 0 0 0 0 0 0 0 0 0 0 0 0 0 0 0 0 0 0 0 0 0 0 0 0 0 0 0 0 0 0 0 0 0 0 0 0 0 0 0 0 0 0 0 0 0 0 0 0 0 0 0 0 0 0 0 0 0 0 0 0 0 0 0 0 0 0 0 0 0 0 0 0 0 0 0 0 0 0 0 0 0 0 0 0 0 0 0 0 0 0 0 0 0 0 0 0 0 0 0 0 0 0 0 0 0 0 0 0 0 0 0 0 0 0 0 0 0 0 0 0 0 0 0 0 0 0 0 0 0 0 0 0 0 0 0 0 0 0 0 0 0 0 0 0 0 0 0 0 0 0 0 0 0 0 0 0 0 0 0 0 0 0 0 0 0 0 0 0 0 0 0 0 0 0 0 0 0 0 0 0 0 0 0 0 0 0 0 0 0 0 0 0 0 0
 0 0 0 0 0 0 0 0 0 0 0 0 0 0 0 0 0 0 0 0 0 0 0 0 0 0 0 0 0 0 0 0 0 0 0 0 0 0 0 0 0 0 0 0 0 0 0 0 0 0 0 0 0 0 0 0 0 0 0 0 0 0 0 0 0 0 0 0 0 0 0 0 0 0 0 0 0 0 0 0 0 0 0 0 0 0 0 0 0 0 0 0 0 0 0 0 0 0 0 0 0 0 0 0 0 0 0 0 0 0 0 0 0 0 0 0 0 0 0 0 0 0 0 0 0 0 0 0 0 0 0 0 0 0 0 0 0 0 0 0 0 0 0 0 0 0 0 0 0 0 0 0 0 0 0 0 0 0 0 0 0 0 0 0 0 0 0 0 0 0 0 0 0 0 0 0 0 0 0 0 0 0 0 0 0 0 0 0 0 0 0 0 0 0 0 0 0 0 0 0 0 0 0 0 0 0 0 0 0 0 0 0 0 0 0 0 0 0 0 0 0 0 0 0 0 0 0 0 0 0 0 0 0 0 0 0 0 0 0 0 0 0 0 0 0 0 0 0 0 0 0 0 0 0 0 0 0 0 0 0 0 0 0 0 0 0 0 0 0 0 0 0 0 0 0 0 0 0 0 0 0 0 0 0 0 0 0 0 0 0 0 0 0 0 0 0 0 0 0 0 0 0 0 0 0 0 0 0 0 0 0 0 0 0 0 0 0 0 0 0 0 0 0 0.0002637716534081846 0.0007905934471637011 0.001599568757228553 0.002697922755032778 0.004041010979562998 0.005568463355302811 0.007257195189595222 0.009110053069889545 0.01115034241229296 0.01336694043129683 0.01574472151696682 0.01825844123959541 0.02088424749672413 0.02362242713570595 0.02647262439131737 0.02942489273846149 0.0324428491294384 0.03551195934414864 0.03863448277115822 0.041830163449049 0.04511180147528648 0.04848724976181984 0.05195776000618935 0.05546508729457855 0.05899136513471603 0.06250472366809845 0.06601906567811966 0.06953788548707962 0.07307154685258865 0.07662519067525864 0.08018598705530167 0.0837419405579567 0.08730104565620422 0.09087854623794556 0.0944833904504776 0.09812446683645248 0.101792573928833 0.1046915426850319 0.1058878377079964 0.1047685146331787 0.1009955257177353 0.09594574570655823 0.09114845842123032 0.08659103512763977 0.08226148039102554 0.07814840972423553 0.07424098998308182 0.07052893936634064 0.06700249016284943 0.06365236639976501 0.06046974658966064 0.05744626000523567 0.05457394570112228 0.0518452487885952 0.04925298690795898 0.04679033905267715 0.04445082321763039 0.04222828149795532 0.04011686891317368 0.03811102360486984 0.0362054705619812 0.03439519554376602 0.03267543762922287 0.03104166500270367 0.02948958240449429 0.02801510319113731 0.0266143474727869 0.02528363093733788 0.02401944994926453 0.02281847782433033 0.02167755365371704 0.02059367671608925 0.01956399343907833 0.01858579367399216 0.01765650324523449 0.01677367836236954 0.01593499444425106 0.01513824425637722 0.01438133232295513 0.01366226561367512 0.01297915261238813 0.0123301949352026 0.01171368546783924 0.01112800091505051 0.01057160086929798 0.01004302129149437 0.009540869854390621 0.009063825942575932 0.008610635064542294 0.00818010326474905 0.007771098054945469 0.007382543291896582 0.007013415917754173 0.006662745028734207 0.006329607684165239 0.006013127509504557 0.005712470971047878 0.005426847375929356 0.005155505146831274 0.004897729959338903 0.004652843344956636 0.004420201294124126 0.004199190996587276 0.003989231307059526 0.003789769718423486 0.003600281197577715 0.003420267254114151 0.003249253844842315 0.003086791140958667 0.002932451665401459 0.002785829128697515 0.0026465377304703 0.002514210762456059 0.002388500142842531 0.002269075252115726 0.002155621536076069 0.002047840505838394 0.00194544845726341 0.001848176005296409 0.001755767152644694 0.00166797882411629 0.00158457993529737 0.001505350926890969 0.001430083415471017 0.001358579262159765 0.001290650339797139 0.001226117834448814 0.001164811896160245 0.001106571289710701 0.001051242696121335 0.0009986805962398648 0.0009487465722486377 0.0009013092494569719 0.0008562437724322081 0.0008134315721690655 0.0007727600168436766 0.0007341220043599606 0.0006974159041419625 0.0006625450914725661 0.0006294178310781717 0.000597946927882731 0.0005680496105924249 0.0005396471242420375 0.000512664788402617 0.0004870315606240183 0.0004626799782272428 0.0004395459836814553 0.0004175686917733401 0.0003966902440879494 0.0003768557216972113 0.0003580129414331168 0.0003401122812647372 0.0003231066802982241 0.0003069513477385044 0.0002916037919931114 0.0002770235878415406 0.0002631724055390805 0.0002500137779861689 0.0002375130861764774 0.0002256374282296747 0.0002143555611837655 0.0002036377845797688 0.0001934558968059719 0.0001837831077864394 0.0001745939516695216 0.0001658642577240244 0.0001575710484758019 0.0001496924960520118 0.0001422078639734536 0.0001350974780507386 0.0001283426099689677 0.0001219254772877321 0.0001158291997853667 0.0001100377412512898 0.0001045358512783423 9.930905798682943e-05 9.434360254090279e-05 8.962642459664494e-05 8.514510409440845e-05 8.088784670690075e-05 7.684345473535359e-05 7.300128345377743e-05 6.935121928108856e-05 6.588365795323625e-05 6.258947541937232e-05 5.946000237599947e-05 5.648700243909843e-05 5.366265395423397e-05 5.097952089272439e-05 4.843054557568394e-05 4.600901957019232e-05 4.370856913737953e-05 4.152314068051055e-05 3.944698255509138e-05 3.747463415493257e-05 3.560090408427641e-05 3.382085924386047e-05 3.212981755496003e-05 3.05233261315152e-05 2.899715946114156e-05 2.754730121523608e-05 2.61699369730195e-05 2.486143966962118e-05 2.361836777708959e-05 2.243744893348776e-05 2.131557630491443e-05 2.024979767156765e-05 1.923730815178715e-05 1.827544292609673e-05 1.736166996124666e-05 1.649358637223486e-05 1.566890750837047e-05 1.488546240580035e-05 1.41411892400356e-05 1.343412986898329e-05 1.27624234664836e-05 1.212430197483627e-05 1.151808646682184e-05 1.09421816887334e-05 1.039507242239779e-05 9.875318937702104e-06 3.736816506716423e-05 0.0002330518909730017 0.0005902222474105656 0.001085973461158574 0.001703748479485512 0.00243233609944582 0.003254407085478306 0.004168016836047173 0.005172111093997955 0.006261261180043221 0.007433964870870113 0.008686788380146027 0.01002030167728662 0.01142219733446836 0.01287565194070339 0.01438169553875923 0.01593700610101223 0.01753609254956245 0.01917668059468269 0.02085572108626366 0.0225735530257225 0.02432693727314472 0.02610695548355579 0.02790870703756809 0.02973208017647266 0.03156596794724464 0.0334104560315609 0.03526601567864418 0.03712490946054459 0.03897850215435028 0.04082756116986275 0.04266583174467087 0.04448582231998444 0.04629131406545639 0.04808454960584641 0.04985754191875458 0.05160424113273621 0.05332469195127487 0.05501915886998177 0.056687843054533 0.05833044648170471 0.05994511395692825 0.06153528764843941 0.06310124695301056 0.06464477628469467 0.06616434454917908 0.06766053289175034 0.06913258135318756 0.07006257027387619 0.06977575272321701 0.0678594633936882 0.06446649134159088 0.06124316528439522 0.05818100646138191 0.05527195706963539 0.05250835791230202
 0 0 0 0 0 0 0 0 0 0 0 0 0 0 0 0 0 0 0 0 0 0 0 0 0 0 0 0 0 0 0 0 0 0 0 0 0 0 0 0 0 0 0 0 0 0 0 0 0 0 0 0 0 0 0 0 0 0 0 0 0 0 0 0 0 0 0 0 0 0 0 0 0 0 0 0 0 0 0 0 0 0 0 0 0 0 0 0 0 0 0 0 0 0 0 0 0 0 0 0 0 0 0 0 0 0 0 0 0 0 0 0 0 0 0 0 0 0 0 0 0 0 0 0 0 0 0 0 0 0 0 0 0 0 0 0 0 0 0 0 0 0 0 0 0 0 0 0 0 0 0 0 0 0 0 0 0 0 0 0 0 0 0 0 0 0 0 0 0 0 0 0 0 0 0 0 0 0 0 0 0 0 0 0 0 0 0 0 0 0 0 0 0 0 0 0 0 0 0 0 0 0 0 0 0 0 0 0 0 0 0 0 0 0 0 0 0 0 0 0 0 0 0 0 0 0 0 0 0 0 0 0 0 0 0 0 0 0 0 0 0 0 0 0 0 0 0 0 0 0 0 0 0 0 0 0 0 0 0 0 0 0 0 0 0 0 0 0 0 0 0 0 0 0 0 0 0 0 0 0 0 0 0 0 0 0 0 0 0 0 0 0 0 0 0 0 0 0 0 0 0 0 0 0 0 0 0 0 0 0 0 0 0 0 0 0 0 0 0 0 0 0 0 0 0 0 0 0 0 0 0 0 0 0 0 0 0 0 0 0 0 0 0 0 0 0 0 0 0 0 0 0 0 0 0 0 0 0 0 0 0 0 0 0 0 0 0 0 0 0 0 0 0 0 0 0 0 0 0 0 0 0 0 0 0 0 0 0 0 0 0 0 0 0 0 0 0 0 0 0 0 0 0 0 0 0 0 0 0 0 0 0 0 0 0 0 0 0 0 0 0 0 0 0 0 0 0 0 0 0 0 0 0 0 0 0 0 0 0 0 0 0 0 0 0 0 0 0 0 0 0 0 0 0 0 0 0 0 0 0 0 0 0 0 0 0 0 0 0 0 0 0 0 0 0 0 0 0 0 0 0 0 0 0 0 0 0 0 0 0 0 0 0 0 0 0 0 0 0 0 0 0 0 0 0 0 0 0 0 0 0 0 0 0 0 0 0 0 0 0 0 0 0 0 0 0 0 0 0 0 0 0 0 0 0 0 0 0 0 0 0 0 0 0 0 0 0 0 0 0 0 0 0 0 0 0 0 0 0 0 0 0 0 0 0 0 0 0 0 0 0 0 0 0 0 0 0 0 0 0 0 0 0 0 0 0 0 0 0 0 0 0 0 0 0 0 0 0 0 0
 0 0 0 0 0 0 0 0 0 0 0 0 0 0 0 0 0 0 0 0 0 0 0 0 0 0 0 0 0 0 0 0 0 0 0 0 0 0 0 0 0 0 0 0 0 0 0 0 0 0 0 0 0 0 0 0 0 0 0 0 0 0 0 0 0 0 0 0 0 0 0 0 0 0 0 0 0 0 0 0 0 0 0 0 0 0 0 0 0 0 0 0 0 0 0 0 0 0 0 0 0 0 0 0 0 0 0 0 0 0 0 0 0 0 0 0 0 0 0 0 0 0 0 0 0 0 0 0 0 0 0 0 0 0 0 0 0 0 0 0 0 0 0 0 0 0 0 0 0 0 0 0 0 0 0 0 0 0 0 0 0 0 0 0 0 0 0 0 0 0 0 0 0 0 0 0 0 0 0 0 0 0 0 0 0 0 0 0 0 0 0 0 0 0 0 0 0 0 0 0 0 0 0 0 0 0 0 0 0 0 0 0 0 0 0 0 0 0 0 0 0 0 0 0 0 0 0 0 0 0 0 0 0 0 0 0 0 0 0 0 0 0 0 0 0 0 0 0 0 0 0 0 0 0 0 0 0 0 0 0 0 0 0 0 0 0 0 0 0 0 0 0 0 0 0 0 0 0 0 0 0 0 0 0 0 0 0 0 0 0 0 0 0 0 0 0 0 0 0 0 0 0 0 0 0 0 0 0 0 0 0 0 0 0 0 0 0 0 0 0 0 0 0 0 0 0 0 0 0 0 0 0 0 0 0 0 0 0 0 0 0 0 0 0 0 0 0 0 0 0 0 0 0 0 0 0 0 0 0 0 0 0 0 0 0 0 0 0 0 0 0 0 0 0 0 0 0 0 0 0 0 0 0 0 0 0 0 0 0 0 0 0 0 0 0 0 0 0 0 0 0 0 0 0 0 0 0 0 0 0 0 0 0 0 0 0 0 0 0 0 0 0 0 0 0 0 0 0 0 0 0 0 0 0 0 0 0 0 0 0 0 0 0 0 0 0 0 0 0 0 0 0 0 0 0 0 0 0 0 0 0 0 0 0 0 0 0 0 0 0 0 0 0 0 0 0 0 0 0 0 0 0 0 0 0 0 0 0 0 0 0 0 0 0 0 0 0 0 0 0 0 0 0 0 0 0 0 0 0 0 0 0 0 0 0 0 0 0 0 0 0 0 0 0 0 0 0 0 0 0 0 0 0 0 0 0 0 0 0 0 0 0 0 0 0 0 0 0 0 0 0 0 0 0 0 0 0 0 0 0 0 0 0 0 0 0 0 0 0 0 0 0 0 0 0 0 0 0 0 0 0 0 0 0 0 0 0 0 0 0 0 0 0 0 0 0 0 0 0 0
 0 0 0 0 0 0 0 0 0 0 0 0 0 0 0 0 0 0 0 0 0 0 0 0 0 0 0 0 0 0 0 0 0 0 0 0 0 0 0 0 0 0 0 0 0 0 0 0 0 0 0 0 0 0 0 0 0 0 0 0 0 0 0 0 0 0 0 0 0 0 0 0 0 0 0 0 0 0 0 0 0 0 0 0 0 0 0 0 0 0 0 0 0 0 0 0 0 0 0 0 0 0 0 0 0 0 0 0 0 0 0 0 0 0 0 0 0 0 0 0 0 0 0 0 0 0 0 0 0 0 0 0 0 0 0 0 0 0 0 0 0 0 0 0 0 0 0 0 0 0 0 0 0 0 0 0 0 0 0 0 0 0 0 0 0 0 0 0 0 0 0 0 0 0 0 0 0 0 0 0 0 0 0 0 0 0 0 0 0 0 0 0 0 0 0 0 0 0 0 0 0 0 0 0 0 0 0 0 0 0 0 0 0 0 0 0 0 0 0 0 0 0 0 0 0 0 0 0 0 0 0 0 0 0 0 0 0 0 0 0 0 0 0 0 0 0 0 0 0 0 0 0 0 0 0 0 0 0 0 0 0 0 0 0 0 0 0 0 0 0 0 0 0 0 0 0 0 0 0 0 0 0 0 0 0 0 0 0 0 0 0 0 0 0 0 0 0 0 0 0 0 0 0 0 0 0 0 0 0 0 0 0 0 0 0 0 0 0 0 0 0 0 0 0 0 0 0 0 0 0 0 0 0 0 0 0 0 0 0 0 0 0 0 0 0 0 0 0 0 0 0 0 0 0 0 0 0 0 0 0 0 0 0 0 0 0 0 0 0 0 0 0 0 0 0 0 0 0 0 0 0 0 0 0 0 0 0 0 0 0 0 0 0 0 0 0 0 0 0 0 0 0 0 0 0 0 0 0 0 0 0 0 0 0 0 0 0 0 0 0 0 0 0 0 0 0 0 0 0 0 0 0 0 0 0 0 0 0 0 0 0 0 0 0 0 0 0 0 0 0 0 0 0 0 0 0 0 0 0 0 0 0 0 0 0 0 0 0 0 0 0 0 0 0 0 0 0 0 0 0 0 0 0 0 0 0 0 0 0 0 0 0 0 0 0 0 0 0 0 0 0 0 0 0 0 0 0 0 0 0 0 0 0 0 0 0 0 0 0 0 0 0 0 0 0 0 0 0 0 0 0 0 0 0 0 0 0 0 0 0 0 0 0 0 0 0 0 0 0 0 0 0 0 0 0 0 0 0 0 0 0 0 0 0 0 0 0 0 0 0 0 0 0 0 0 0 0 0 0 0 0 0 0 0 0 0 0 0 0 0 0 0 0 0 0 0 0 0 0 0
 0 0 0 0 0 0 0 0 0 0 0 0 0 0 0 0 0 0 0 0 0 0 0 0 0 0 0 0 0 0 0 0 0 0 0 0 0 0 0 0 0 0 0 0 0 0 0 0 0 0 0 0 0 0 0 0 0 0 0 0 0 0 0 0 0 0 0 0 0 0 0 0 0 0 0 0 0 0 0 0 0 0 0 0 0 0 0 0 0 0 0 0 0 0 0 0 0 0 0 0 0 0 0 0 0 0 0 0 0 0 0 0 0 0 0 0 0 0 0 0 0 0 0 0 0 0 0 0 0 0 0 0 0 0 0 0 0 0 0 0 0 0 0 0 0 0 0 0 0 0 0 0 0 0 0 0 0 0 0 0 0 0 0 0 0 0 0 0 0 0 0 0 0 0 0 0 0 0 0 0 0 0 0 0 0 0 0 0 0 0 0 0 0 0 0 0 0 0 0 0 0 0 0 0 0 0 0 0 0 0 0 0 0 0 0 0 0 0 0 0 0 0 0 0 0 0 0 0 0 0 0 0 0 0 0 0 0 0 0 0 0 0 0 0 0 0 0 0 0 0 0 0 0 0 0 0 0 0 0 0 0 0 0 0 0 0 0 0 0 0 0 0 0 0 0 0 0 0 0 0 0 0 0 0 0 0 0 0 0 0 0 0 0 0 0 0 0 0 0 0 0 0 0 0 0 0 0 0 0 0 0 0 0 0 0 0 0 0 0 0 0 0 0 0 0 0 0 0 0 0 0 0 0 0 0 0 0 0 0 0 0 0 0 0 0 0 0 0 0 0 0 0 0 0 0 0 0 0 0 0 0 0 0 0 0 0 0 0 0 0 0 0 0 0 0 0 0 0 0 0 0 0 0 0 0 0 0 0 0 0 0 0 0 0 0 0 0 0 0 0 0 0 0 0 0 0 0 0 0 0 0 0 0 0 0 0 0 0 0 0 0 0 0 0 0 0 0 0 0 0 0 0 0 0 0 0 0 0 0 0 0 0 0 0 0 0 0 0 0 0 0 0 0 0 0 0 0 0 0 0 0 0 0 0 0 0 0 0 0 0 0 0 0 0 0 0 0 0 0 0 0 0 0 0 0 0 0 0 0 0 0 0 0 0 0 0 0 0 0 0 0 0 0 0 0 0 0 0 0 0 0 0 0 0 0 0 0 0 0 0 0 0 0 0 0 0 0 0 0 0 0 0 0 0 0 0 0 0 0 0 0 0 0 0 0 0 0 0 0 0 0 0 0 0 0 0 0 0 0 0 0 0 0 0 0 0 0 0 0 0 0 0 0 0 0 0 0 0 0 0 0 0 0 0 0 0 0 0 0 0 0 0 0 0 0 0 0 0 0 0
 0 0 0 0 0 0 0 0 0 0 0 0 0 0 0 0 0 0 0 0 0 0 0 0 0 0 0 0 0 0 0 0 0 0 0 0 0 0 0 0 0 0 0 0 0 0 0 0 0 0 0 0 0 0 0 0 0 0 0 0 0 0 0 0 0 0 0 0 0 0 0 0 0 0 0 0 0 0 0 0 0 0 0 0 0 0 0 0 0 0 0 0 0 0 0 0 0 0 0 0 0 0 0 0 0 0 0 0 0 0 0 0 0 0 0 0 0 0 0 0 0 0 0 0 0 0 0 0 0 0 0 0 0 0 0 0 0 0 0 0 0 0 0 0 0 0 0 0 0 0 0 0 0 0 0 0 0 0 0 0 0 0 0 0 0 0 0 0 0 0 0 0 0 0 0 0 0 0 0 0 0 0 0 0 0 0 0 0 0 0 0 0 0 0 0 0 0 0 0 0 0 0 0 0 0 0 0 0 0 0 0 0 0 0 0 0 0 0 0 0 0 0 0 0 0 0 0 0 0 0 0 0 0 0 0 0 0 0 0 0 0 0 0 0 0 0 0 0 0 0 0 0 0 0 0 0 0 0 0 0 0 0 0 0 0 0 0 0 0 0 0 0 0 0 0 0 0 0 0 0 0 0 0 0 0 0 0 0 0 0 0 0 0 0 0 0 0 0 0 0 0 0 0 0 0 0 0 0 0 0 0 0 0 0 0 0 0 0 0 0 0 0 0 0 0 0 0 0 0 0 0 0 0 0 0 0 0 0 0 0 0 0 0 0 0 0 0 0 0 0 0 0 0 0 0 0 0 0 0 0 0 0 0 0 0 0 0 0 0 0 0 0 0 0 0 0 0 0 0 0 0 0 0 0 0 0 0 0 0 0 0 0 0 0 0 0 0 0 0 0 0 0 0 0 0 0 0 0 0 0 0 0 0 0 0 0 0 0 0 0 0 0 0 0 0 0 0 0 0 0 0 0 0 0 0 0 0 0 0 0 0 0 0 0 0 0 0 0 0 0 0 0 0 0 0 0 0 0 0 0 0 0 0 0 0 0 0 0 0 0 0 0 0 0 0 0 0 0 0 0 0 0 0 0 0 0 0 0 0 0 0 0 0 0 0 0 0 0 0 0 0 0 0 0 0 0 0 0 0 0 0 0 0 0 0 0 0 0 0 0 0 0 0 0 0 0 0 0 0 0 0 0 0 0 0 0 0 0 0 0 0 0 0 0 0 0 0 0 0 0 0 0 0 0 0 0 0 0 0 0 0 0 0 0 0 0 0 0 0 0 0 0 0 0 0 0 0 0 0 0 0 0 0 0 0 0 0 0 0 0 0 0 0 0 0 0 0 0 0 0
 0 0 0 0 0 0 0 0 0 0 0 0 0 0 0 0 0 0 0 0 0 0 0 0 0 0 0 0 0 0 0 0 0 0 0 0 0 0 0 0 0 0 0 0 0 0 0 0 0 0 0 0 0 0 0 0 0 0 0 0 0 0 0 0 0 0 0 0 0 0 0 0 0 0 0 0 0 0 0 0 0 0 0 0 0 0 0 0 0 0 0 0 0 0 0 0 0 0 0 0 0 0 0 0 0 0 0 0 0 0 0 0 0 0 0 0 0 0 0 0 0 0 0 0 0 0 0 0 0 0 0 0 0 0 0 0 0 0 0 0 0 0 0 0 0 0 0 0 0 0 0 0 0 0 0 0 0 0 0 0 0 0 0 0 0 0 0 0 0 0 0 0 0 0 0 0 0 0 0 0 0 0 0 0 0 0 0 0 0 0 0 0 0 0 0 0 0 0 0 0 0 0 0 0 0 0 0 0 0 0 0 0 0 0 0 0 0 0 0 0 0 0 0 0 0 0 0 0 0 0 0 0 0 0 0 0 0 0 0 0 0 0 0 0 0 0 0 0 0 0 0 0 0 0 0 0 0 0 0 0 0 0 0 0 0 0 0 0 0 0 0 0 0 0 0 0 0 0 0 0 0 0 0 0 0 0 0 0 0 0 0 0 0 0 0 0 0 0 0 0 0 0 0 0 0 0 0 0 0 0 0 0 0 0 0 0 0 0 0 0 0 0 0 0 0 0 0 0 0 0 0 0 0 0 0 0 0 0 0 0 0 0 0 0 0 0 0 0 0 0 0 0 0 0 0 0 0 0 0 0 0 0 0 0 0 0 0 0 0 0 0 0 0 0 0 0 0 0 0 0 0 0 0 0 0 0 0 0 0 0 0 0 0 0 0 0 0 0 0 0 0 0 0 0 0 0 0 0 0 0 0 0 0 0 0 0 0 0 0 0 0 0 0 0 0 0 0 0 0 0 0 0 0 0 0 0 0 0 0 0 0 0 0 0 0 0 0 0 0 0 0 0 0 0 0 0 0 0 0 0 0 0 0 0 0 0 0 0 0 0 0 0 0 0 0 0 0 0 0 0 0 0 0 0 0 0 0 0 0 0 0 0 0 0 0 0 0 0 0 0 0 0 0 0 0 0 0 0 0 0 0 0 0 0 0 0 0 0 0 0 0 0 0 0 0 0 0 0 0 0 0 0 0 0 0 0 0 0 0 0 0 0 0 0 0 0 0 0 0 0 0 0 0 0 0 0 0 0 0 0 0 0 0 0 0 0 0 0 0 0 0 0 0 0 0 0 0 0 0 0 0 0 0 0 0 0 0 0 0 0 0 0 0 0 0 0 0 0 0 0
 0 0 0 0 0 0 0 0 0 0 0 0 0 0 0 0 0 0 0 0 0 0 0 0 0 0 0 0 0 0 0 0 0 0 0 0 0 0 0 0 0 0 0 0 0 0 0 0 0 0 0 0 0 0 0 0 0 0 0 0 0 0 0 0 0 0 0 0 0 0 0 0 0 0 0 0 0 0 0 0 0 0 0 0 0 0 0 0 0 0 0 0 0 0 0 0 0 0 0 0 0 0 0 0 0 0 0 0 0 0 0 0 0 0 0 0 0 0 0 0 0 0 0 0 0 0 0 0 0 0 0 0 0 0 0 0 0 0 0 0 0 0 0 0 0 0 0 0 0 0 0 0 0 0 0 0 0 0 0 0 0 0 0 0 0 0 0 0 0 0 0 0 0 0 0 0 0 0 0 0 0 0 0 0 0 0 0 0 0 0 0 0 0 0 0 0 0 0 0 0 0 0 0 0 0 0 0 0 0 0 0 0 0 0 0 0 0 0 0 0 0 0 0 0 0 0 0 0 0 0 0 0 0 0 0 0 0 0 0 0 0 0 0 0 0 0 0 0 0 0 0 0 0 0 0 0 0 0 0 0 0 0 0 0 0 0 0 0 0 0 0 0 0 0 0 0 0 0 0 0 0 0 0 0 0 0 0 0 0 0 0 0 0 0 0 0 0 0 0 0 0 0 0 0 0 0 0 0 0 0 0 0 0 0 0 0 0 0 0 0 0 0 0 0 0 0 0 0 0 0 0 0 0 0 0 0 0 0 0 0 0 0 0 0 0 0 0 0 0 0 0 0 0 0 0 0 0 0 0 0 0 0 0 0 0 0 0 0 0 0 0 0 0 0 0 0 0 0 0 0 0 0 0 0 0 0 0 0 0 0 0 0 0 0 0 0 0 0 0 0 0 0 0 0 0 0 0 0 0 0 0 0 0 0 0 0 0 0 0 0 0 0 0 0 0 0 0 0 0 0 0 0 0 0 0 0 0 0 0 0 0 0 0 0 0 0 0 0 0 0 0 0 0 0 0 0 0 0 0 0 0 0 0 0 0 0 0 0 0 0 0 0 0 0 0 0 0 0 0 0 0 0 0 0 0 0 0 0 0 0 0 0 0 0 0 0 0 0 0 0 0 0 0 0 0 0 0 0 0 0 0 0 0 0 0 0 0 0 0 0 0 0 0 0 0 0 0 0 0 0 0 0 0 0 0 0 0 0 0 0 0 0 0 0 0 0 0 0 0 0 0 0 0 0 0 0 0 0 0 0 0 0 0 0 0 0 0 0 0 0 0 0 0 0 0 0 0 0 0 0 0 0 0 0 0 0 0 0 0 0 0 0 0 0 0 0 0 0 0 0
 0 0 0 0 0 0 0 0 0 0 0 0 0 0 0 0 0 0 0 0 0 0 0 0 0 0 0 0 0 0 0 0 0 0 0 0 0 0 0 0 0 0 0 0 0 0 0 0 0 0 0 0 0 0 0 0 0 0 0 0 0 0 0 0 0 0 0 0 0 0 0 0 0 0 0 0 0 0 0 0 0 0 0 0 0 0 0 0 0 0 0 0 0 0 0 0 0 0 0 0 0 0 0 0 0 0 0 0 0 0 0 0 0 0 0 0 0 0 0 0 0 0 0 0 0 0 0 0 0 0 0 0 0 0 0 0 0 0 0 0 0 0 0 0 0 0 0 0 0 0 0 0 0 0 0 0 0 0 0 0 0 0 0 0 0 0 0 0 0 0 0 0 0 0 0 0 0 0 0 0 0 0 0 0 0 0 0 0 0 0 0 0 0 0 0 0 0 0 0 0 0 0 0 0 0 0 0 0 0 0 0 0 0 0 0 0 0 0 0 0 0 0 0 0 0 0 0 0 0 0 0 0 0 0 0 0 0 0 0 0 0 0 0 0 0 0 0 0 0 0 0 0 0 0 0 0 0 0 0 0 0 0 0 0 0 0 0 0 0 0 0 0 0 0 0 0 0 0 0 0 0 0 0 0 0 0 0 0 0 0 0 0 0 0 0 0 0 0 0 0 0 0 0 0 0 0 0 0 0 0 0 0 0 0 0 0 0 0 0 0 0 0 0.000206852302653715 0.0006859774584881961 0.001420591259375215 0.002404262777417898 0.003626478603109717 0.005048173479735851 0.006643412634730339 0.008424356579780579 0.01039594132453203 0.01251086872071028 0.01476604212075472 0.01715991087257862 0.01969191990792751 0.02233567088842392 0.02508055232465267 0.02793493121862411 0.03090697340667248 0.0339694507420063 0.03710215538740158 0.04031182080507278 0.04361086338758469 0.04701550677418709 0.0504976212978363 0.05401600524783134 0.05756795033812523 0.06113183498382568 0.06468381732702255 0.06823981553316116 0.07181815803050995 0.07542334496974945 0.07902950048446655 0.0826435461640358 0.08626747876405716 0.08992359787225723 0.09362202882766724 0.09736855328083038 0.1011683121323586 0.1047559678554535 0.1069761887192726 0.1070883870124817 0.1046081855893135 0.09937777370214462 0.09440888464450836 0.08968844264745712 0.08520402014255524 0.08094382286071777 0.07689663022756577 0.07305179536342621 0.06939920783042908 0.06592924892902374 0.06263278424739838 0.05950114503502846 0.05652608722448349 0.05369978398084641 0.05101479589939117 0.04846405610442162 0.0460408516228199 0.04373880848288536 0.0415518693625927 0.03947427496314049 0.03750056028366089 0.03562553226947784 0.03384425491094589 0.03215204179286957 0.03054443933069706 0.02901721745729446 0.02756635658442974 0.02618803828954697 0.02487863600254059 0.02363470382988453 0.02245296910405159 0.02133032120764256 0.02026380598545074 0.01925061643123627 0.01828808523714542 0.01737368106842041 0.01650499738752842 0.0156797468662262 0.01489575952291489 0.01415097154676914 0.01344342343509197 0.01277125254273415 0.01213269028812647 0.01152605563402176 0.0109497532248497 0.01040226593613625 0.009882153011858463 0.009388045407831669 0.008918642997741699 0.008472710847854614 0.008049075491726398 0.00764662167057395 0.00726429047062993 0.006901076063513756 0.006556022446602583 0.006228221114724874 0.005916810128837824 0.005620969459414482 0.005339920986443758 0.00507292477414012 0.004819278605282307 0.00457831472158432 0.004349398892372847 0.004131929017603397 0.003925332799553871 0.003729066113010049 0.00354261277243495 0.003365482203662395 0.003197208046913147 0.003037347691133618 0.002885480411350727 0.002741206437349319 0.002604146022349596 0.002473938744515181 0.002350241877138615 0.002232729690149426 0.002121093217283487 0.002015038626268506 0.001914286753162742 0.001818572403863072 0.001727643772028387 0.00164126162417233 0.001559198601171374 0.001481238636188209 0.001407176721841097 0.001336817862465978 0.001269976957701147 0.001206478103995323 0.001146154245361686 0.001088846474885941 0.001034404151141644 0.0009826839668676257 0.0009335497743450105 0.0008868722943589091 0.0008425286505371332 0.0008004021947272122 0.0007603820995427668 0.0007223630091175437 0.0006862448644824326 0.0006519326125271618 0.0006193359731696546 0.0005883691483177245 0.0005589507054537535 0.0005310031701810658 0.0005044530262239277 0.0004792303661815822 0.0004552688333205879 0.0004325053887441754 0.0004108801076654345 0.0003903360920958221 0.0003708192962221801 0.000352278322679922 0.0003346643934492022 0.0003179311752319336 0.0003020346048288047 0.0002869328600354493 0.0002725862141232938 0.0002589568903204054 0.0002460090327076614 0.0002337085752515122 0.0002220231399405748 0.0002109219785779715 0.000200375885469839 0.0001903570955619216 0.0001808392407838255 0.0001717972772894427 0.0001632074126973748 0.0001550470478832722 0.0001472946896683425 0.0001399299508193508 0.0001329334481852129 0.000126286773593165 0.0001199724356411025 0.0001139738160418347 0.0001082751259673387 0.0001028613696689717 9.771830082172528e-05 9.28323861444369e-05 8.819076902000234e-05 8.378123311558738e-05 7.959217327879742e-05 7.561256643384695e-05 7.183193520177156e-05 6.824034062447026e-05 6.482832395704463e-05 6.158690666779876e-05 5.850756133440882e-05 5.558218254009262e-05 5.280307232169434e-05 5.016291834181175e-05 4.765477206092328e-05 4.527203418547288e-05 4.300843283999711e-05 4.085801265318878e-05 3.881511293002404e-05 3.687435673782602e-05 3.503063999232836e-05 3.327910962980241e-05 3.161515269312076e-05 3.00343945127679e-05 2.853267505997792e-05 2.71060416707769e-05 2.575073995103594e-05 2.446320286253467e-05 2.32400434470037e-05 2.207804209319875e-05 2.097413926094305e-05 1.992543184314854e-05 1.892916043289006e-05 1.798270204744767e-05 1.708356649032794e-05 1.622938725631684e-05 1.5417917893501e-05 1.464702199882595e-05 1.391467048961204e-05 1.32189370560809e-05 1.255798997590318e-05 1.193009029520908e-05 1.133358546212548e-05 1.076690659829183e-05 1.02285612229025e-05 9.717133252706844e-06 9.231276635546237e-06 8.769712621869985e-06 0.0001694035745458677 0.000481029215734452 0.0009340187534689903 0.001510318834334612 0.002195204608142376 0.002976545365527272 0.003855342976748943 0.00482758367434144 0.005872460082173347 0.006989129353314638 0.008172567002475262 0.009420263580977917 0.01072908565402031 0.01209328137338161 0.01350922882556915 0.01497747376561165 0.0164901539683342 0.01804261840879917 0.01962212659418583 0.02122484892606735 0.02285028994083405 0.02449733950197697 0.02616051025688648 0.0278326291590929 0.0295126847922802 0.03120284341275692 0.03289439156651497 0.03457987308502197 0.03626304864883423 0.03794410079717636 0.03962367400527 0.04130036383867264 0.04297126457095146 0.04463047906756401 0.04627788066864014 0.04791296273469925 0.04953742027282715 0.05115067213773727 0.05274480208754539 0.05431453883647919 0.05586127564311028 0.05738606676459312 0.05888956785202026 0.06037493050098419 0.06183913722634315 0.06328430771827698 0.06470481306314468 0.06610087305307388 0.06746973097324371 0.06796947121620178 0.0670771449804306 0.06448019295930862 0.06125618517398834 0.05819337442517281
 0 0 0 0 0 0 0 0 0 0 0 0 0 0 0 0 0 0 0 0 0 0 0 0 0 0 0 0 0 0 0 0 0 0 0 0 0 0 0 0 0 0 0 0 0 0 0 0 0 0 0 0 0 0 0 0 0 0 0 0 0 0 0 0 0 0 0 0 0 0 0 0 0 0 0 0 0 0 0 0 0 0 0 0 0 0 0 0 0 0 0 0 0 0 0 0 0 0 0 0 0 0 0 0 0 0 0 0 0 0 0 0 0 0 0 0 0 0 0 0 0 0 0 0 0 0 0 0 0 0 0 0 0 0 0 0 0 0 0 0 0 0 0 0 0 0 0 0 0 0 0 0 0 0 0 0 0 0 0 0 0 0 0 0 0 0 0 0 0 0 0 0 0 0 0 0 0 0 0 0 0 0 0 0 0 0 0 0 0 0 0 0 0 0 0 0 0 0 0 0 0 0 0 0 0 0 0 0 0 0 0 0 0 0 0 0 0 0 0 0 0 0 0 0 0 0 0 0 0 0 0 0 0 0 0 0 0 0 0 0 0 0 0 0 0 0 0 0 0 0 0 0 0 0 0 0 0 0 0 0 0 0 0 0 0 0 0 0 0 0 0 0 0 0 0 0 0 0 0 0 0 0 0 0 0 0 0 0 0 0 0 0 0 0 0 0 0 0 0 0 0 0 0 0 0 0 0 0 0 0 0 0 0 0 0 0 0 0 0 0 0 0 0 0 0 0 0 0 0 0 0 0 0 0 0 0 0 0 0 0 0 0 0 0 0 0 0 0 0 0 0 0 0 0 0 0 0 0 0 0 0 0 0 0 0 0 0 0 0 0 0 0 0 0 0 0 0 0 0 0 0 0 0 0 0 0 0 0 0 0 0 0 0 0 0 0 0 0 0 0 0 0 0 0 0 0 0 0 0 0 0 0 0 0 0 0 0 0 0 0 0 0 0 0 0 0 0 0 0 0 0 0 0 0 0 0 0 0 0 0 0 0 0 0 0 0 0 0 0 0 0 0 0 0 0 0 0 0 0 0 0 0 0 0 0 0 0 0 0 0 0 0 0 0 0 0 0 0 0 0 0 0 0 0 0 0 0 0 0 0 0 0 0 0 0 0 0 0 0 0 0 0 0 0 0 0 0 0 0 0 0 0 0 0 0 0 0 0 0 0 0 0 0 0 0 0 0 0 0 0 0 0 0 0 0 0 0 0 0 0 0 0 0 0 0 0 0 0 0 0 0 0 0 0 0 0 0 0 0 0 0 0 0 0 0 0 0 0 0 0 0 0 0 0 0 0 0 0 0 0 0 0 0 0 0 0 0 0 0 0 0 0 0 0 0 0 0 0 0 0
 0 0 0 0 0 0 0 0 0 0 0 0 0 0 0 0 0 0 0 0 0 0 0 0 0 0 0 0 0 0 0 0 0 0 0 0 0 0 0 0 0 0 0 0 0 0 0 0 0 0 0 0 0 0 0 0 0 0 0 0 0 0 0 0 0 0 0 0 0 0 0 0 0 0 0 0 0 0 0 0 0 0 0 0 0 0 0 0 0 0 0 0 0 0 0 0 0 0 0 0 0 0 0 0 0 0 0 0 0 0 0 0 0 0 0 0 0 0 0 0 0 0 0 0 0 0 0 0 0 0 0 0 0 0 0 0 0 0 0 0 0 0 0 0 0 0 0 0 0 0 0 0 0 0 0 0 0 0 0 0 0 0 0 0 0 0 0 0 0 0 0 0 0 0 0 0 0 0 0 0 0 0 0 0 0 0 0 0 0 0 0 0 0 0 0 0 0 0 0 0 0 0 0 0 0 0 0 0 0 0 0 0 0 0 0 0 0 0 0 0 0 0 0 0 0 0 0 0 0 0 0 0 0 0 0 0 0 0 0 0 0 0 0 0 0 0 0 0 0 0 0 0 0 0 0 0 0 0 0 0 0 0 0 0 0 0 0 0 0 0 0 0 0 0 0 0 0 0 0 0 0 0 0 0 0 0 0 0 0 0 0 0 0 0 0 0 0 0 0 0 0 0 0 0 0 0 0 0 0 0 0 0 0 0 0 0 0 0 0 0 0 0 0 0 0 0 0 0 0 0 0 0 0 0 0 0 0 0 0 0 0 0 0 0 0 0 0 0 0 0 0 0 0 0 0 0 0 0 0 0 0 0 0 0 0 0 0 0 0 0 0 0 0 0 0 0 0 0 0 0 0 0 0 0 0 0 0 0 0 0 0 0 0 0 0 0 0 0 0 0 0 0 0 0 0 0 0 0 0 0 0 0 0 0 0 0 0 0 0 0 0 0 0 0 0 0 0 0 0 0 0 0 0 0 0 0 0 0 0 0 0 0 0 0 0 0 0 0 0 0 0 0 0 0 0 0 0 0 0 0 0 0 0 0 0 0 0 0 0 0 0 0 0 0 0 0 0 0 0 0 0 0 0 0 0 0 0 0 0 0 0 0 0 0 0 0 0 0 0 0 0 0 0 0 0 0 0 0 0 0 0 0 0 0 0 0 0 0 0 0 0 0 0 0 0 0 0 0 0 0 0 0 0 0 0 0 0 0 0 0 0 0 0 0 0 0 0 0 0 0 0 0 0 0 0 0 0 0 0 0 0 0 0 0 0 0 0 0 0 0 0 0 0 0 0 0 0 0 0 0 0 0 0 0 0 0 0 0 0 0 0 0 0 0 0 0 0 0 0 0


# name: r_0_m7_G0_L0p3_D0p7
# type: matrix
# rows: 1
# columns: 14
 0 -7 0.2 0 0.3 0 -2.500298 0 0 0.04476410526303407 0 162 0.7071067811865476 0.7




