# Created by Octave 3.8.2, Mon Jul 03 16:28:01 2017 BST <co1ssj@node117>
# name: result
# type: scalar struct
# ndims: 2
 1 1
# length: 3
# name: params
# type: scalar struct
# ndims: 2
 1 1
# length: 18
# name: cleanup
# type: scalar
0


# name: num_runs
# type: scalar
6


# name: dopamine
# type: scalar
0.7


# name: targetCross
# type: scalar
1


# name: targetLuminance
# type: scalar
0.3


# name: targetWidthX
# type: scalar
6


# name: targetWidthY
# type: scalar
2


# name: fixCross
# type: scalar
1


# name: fixLuminance
# type: scalar
0.2


# name: fixWidthX
# type: scalar
6


# name: fixWidthY
# type: scalar
2


# name: fixOn
# type: scalar
0


# name: targetOff
# type: scalar
1


# name: targetOn
# type: scalar
0.2


# name: fixOff
# type: scalar
0.2


# name: targetThetaX
# type: scalar
0


# name: targetThetaY
# type: scalar
-16


# name: exptnum
# type: scalar
0




# name: r_0_m16_G0_L0p3_D0p7_llbn
# type: matrix
# rows: 24
# columns: 600
 0 0 0 0 0 0 0 0 0 0 0 0 0 0 0 0 0 0 0 0 0 0 0 0 0 0 0 0 0 0 0 0 0 0 0 0 0 0 0 0 0 0 0 0 0 0 0 0 0 0 0 0 0 0 0 0 0 0 0 0 0 0 0 0 0 0 0 0 0 0 0 0 0 0 0 0 0 0 0 0 0 0 0 0 0 0 0 0 0 0 0 0 0 0 0 0 0 0 0 0 0 0 0 0 0 0 0 0 0 0 0 0 0 0 0 0 0 0 0 0 0 0 0 0 0 0 0 0 0 0 0 0 0 0 0 0 0 0 0 0 0 0 0 0 0 0 0 0 0 0 0 0 0 0 0 0 0 0 0 0 0 0 0 0 0 0 0 0 0 0 0 0 0 0 0 0 0 0 0 0 0 0 0 0 0 0 0 0 0 0 0 0 0 0 0 0 0 0 0 0 0 0 0 0 0 0 0 0 0 0 0 0 0 0 0 0 0 0 0 0 0 0 0 0 0 0 0 0 0 0 0 0 0 0 0 0 0 0 0 0 0 0 0 0 0 0 0 0 0 0 0 0 0 0 0 0 0 0 0 0 0 0 0 0 0 0 0 0 0 0 0 0 0 0 0 0 0 0 0 0 0 0 0 0 0 0 0 0 0 0 0 0 0 0 0 0 0 0 0 0 0 0 0 0 0 0 0 0 0 0 0 0 0 0 0 0 0 0 0 0 0 0 0 0 0 0 0 0 0 0 0 0 0 0 0 0 0 0 0 0 0 0 0 0 0 0 0 0 0 0 0 0 0 0 0 0 0 0 0 0 0 0 0 0 0 0 0 0 0 0 0 0 0 0 0 0 0 0 0 0 0 0 0 0 0 0 0 0 0 0 0 0 0 0 0 0 0 0 0 0 0 0 0 0 0 0 0 0 0 0 0 0 0 0 0 0 0 0 0 0 0 0 0 0 0 0 0 0 0 0 0 0 0 0 0 0 0 0 0 0 0 0 0 0 0 0 0 0 0 0 0 0 0 0 0 0 0 0 0 0 0 0 0 0 0 0 0 0 0 0 0 0 0 0 0 0 0 0 0 0 0 0 0 0 0 0 0 0 0 0 0 0 0 0 0 0 0 0 0 0 0 0 0 0 0 0 0 0 0 0 0 0 0 0 0 0 0 0 0 0 0 0 0 0 0 0 0 0 0 0 0 0 0 0 0 0 0 0 0 0 0 0 0 0 0 0 0 0 0 0 0 0 0 0 0 0 0 0 0 0 0 0 0 0 0 0 0 0 0 0 0 0 0 0 0 0 0 0 0 0 0 0 0 0 0 0 0 0 0 0 0 0 0 0 0 0 0 0 0 0
 0 0 0 0 0 0 0 0 0 0 0 0 0 0 0 0 0 0 0 0 0 0 0 0 0 0 0 0 0 0 0 0 0 0 0 0 0 0 0 0 0 0 0 0 0 0 0 0 0 0 0 0 0 0 0 0 0 0 0 0 0 0 0 0 0 0 0 0 0 0 0 0 0 0 0 0 0 0 0 0 0 0 0 0 0 0 0 0 0 0 0 0 0 0 0 0 0 0 0 0 0 0 0 0 0 0 0 0 0 0 0 0 0 0 0 0 0 0 0 0 0 0 0 0 0 0 0 0 0 0 0 0 0 0 0 0 0 0 0 0 0 0 0 0 0 0 0 0 0 0 0 0 0 0 0 0 0 0 0 0 0 0 0 0 0 0 0 0 0 0 0 0 0 0 0 0 0 0 0 0 0 0 0 0 0 0 0 0 0 0 0 0 0 0 0 0 0 0 0 0 0 0 0 0 0 0 0 0 0 0 0 0 0 0 0 0 0 0 0 0 0 0 0 0 0 0 0 0 0 0 0 0 0 0 0 0 0 0 0 0 0 0 0 0 0 0 0 0 0 0 0 0 0 0 0 0 0 0 0 0 0 0 0 0 0 0 0 0 0 0 0 0 0 0 0 0 0 0 0 0 0 0 0 0 0 0 0 0 0 0 0 0 0 0 0 0 0 0 0 0 0 0 0 0 0 0 0 0 0 0 0 0 0 0 0 0 0 0 0 0 0 0 0 0 0 0 0 0 0 0 0 0 0 0 4.626175359589979e-05 0.0009834249503910542 0.002811987651512027 0.005650917068123817 0.009585377760231495 0.01462466642260551 0.02087103202939034 0.02831517159938812 0.03694227710366249 0.04656029492616653 0.05706259608268738 0.06853001564741135 0.08103777468204498 0.09454549849033356 0.1087478771805763 0.123558945953846 0.1389789432287216 0.1549306362867355 0.1712380051612854 0.1879326403141022 0.204927071928978 0.2221427261829376 0.2396880686283112 0.2575048506259918 0.2756022214889526 0.2940454483032227 0.3100390732288361 0.3211318254470825 0.3257688879966736 0.3229252099990845 0.3119693100452423 0.2963708341121674 0.2815522849559784 0.2674746811389923 0.2541009485721588 0.2413959056138992 0.2293261140584946 0.2178598046302795 0.2069668173789978 0.1966184824705124 0.1867875605821609 0.177448183298111 0.1685757786035538 0.1601469963788986 0.1521396487951279 0.1445326656103134 0.1373060345649719 0.1304407268762589 0.1239186897873878 0.1177227571606636 0.1118366196751595 0.1062447875738144 0.1009325459599495 0.09588591754436493 0.09109161794185638 0.08653703331947327 0.08221018314361572 0.07809967547655106 0.07419469207525253 0.070484958589077 0.06696070730686188 0.0636126697063446 0.06043203547596931 0.05741043388843536 0.05453991144895554 0.05181291699409485 0.04922227188944817 0.0467611588537693 0.04442309960722923 0.0422019436955452 0.04009184613823891 0.03808725252747536 0.03618289157748222 0.03437374532222748 0.03265505656599998 0.03102230280637741 0.02947118692100048 0.02799762785434723 0.02659774571657181 0.02526785805821419 0.02400446496903896 0.02280424162745476 0.02166402898728848 0.02058082818984985 0.01955178752541542 0.01857419870793819 0.01764548942446709 0.01676321402192116 0.01592505350708961 0.01512880064547062 0.01437236089259386 0.01365374308079481 0.01297105569392443 0.01232250314205885 0.01170637831091881 0.0111210597679019 0.0105650071054697 0.01003675721585751 0.009534919634461403 0.00905817374587059 0.008605265058577061 0.008175001479685307 0.00776625145226717 0.007377938833087683 0.007009041961282492 0.00665858993306756 0.006325660273432732 0.00600937707349658 0.005708908196538687 0.005423462949693203 0.005152289755642414 0.004894675221294165 0.004649941343814135 0.004417444113641977 0.004196572117507458 0.003986743278801441 0.003787406021729112 0.003598035778850317 0.003418134059756994 0.003247227286919951 0.003084865864366293 0.002930622547864914 0.002784091513603926 0.002644886961206794 0.002512642648071051 0.002387010492384434 0.002267659874632955 0.002154276939108968 0.002046563196927309 0.001944235060364008 0.001847023260779679 0.00175467215012759 0.001666938536800444 0.001583591569215059 0.001504412037320435 0.001429191441275179 0.001357731875032187 0.001289845327846706 0.001225353102199733 0.001164085464552045 0.00110588117968291 0.001050587161444128 0.0009980577742680907 0.0009481548913754523 0.0009007471380755305 0.0008557097753509879 0.0008129242924042046 0.0007722780574113131 0.0007336641428992152 0.0006969809182919562 0.0006621318752877414 0.0006290252786129713 0.0005975739913992584 0.0005676953005604446 0.000539310509338975 0.0005123449955135584 0.0004867277457378805 0.0004623913555406034 0.0004392717964947224 0.0004173082124907523 0.0003964428033214062 0.0003766206500586122 0.0003577896277420223 0.0003399001434445381 0.0003229051362723112 0.0003067598736379296 0.0002914218930527568 0.0002768507984001189 0.0002630082599353045 0.0002498578396625817 0.0002373649476794526 0.0002254966966575012 0.0002142218581866473 0.0002035107609117404 0.000193335217772983 0.0001836684532463551 0.0001744850305840373 0.0001657607790548354 0.0001574727357365191 0.0001495991018600762 0.0001421191409463063 0.0001350131788058206 0.0001282625162275508 0.0001218493925989605 0.0001157569204224274 0.0001099690707633272 0.0001044706150423735 9.924708137987182e-05 9.428472549188882e-05 8.95704870345071e-05 8.509196049999446e-05 8.083735883701593e-05 7.679549162276089e-05 7.29557141312398e-05 6.930792733328417e-05 6.584253424080089e-05 6.255041080294177e-05 5.942289135418832e-05 5.645174678647891e-05 5.362915908335708e-05 5.094769949209876e-05 4.8400313971797e-05 4.598029772751033e-05 4.368128429632634e-05 4.149722008151002e-05 3.942236071452498e-05 3.745124195120297e-05 3.557867967174388e-05 3.379974441486411e-05 3.210975773981772e-05 3.050427039852366e-05 2.897905687859748e-05 2.753010448941495e-05 2.615359881019685e-05 2.484591823304072e-05 2.360362304898445e-05 2.242344271508045e-05 2.130227039742749e-05 2.023715751420241e-05 1.922529918374494e-05 1.826403422455769e-05 1.735083242238034e-05 1.648329089221079e-05 1.56591268023476e-05 1.487617009843234e-05 1.413236168446019e-05 1.342574341833824e-05 1.275445629289607e-05 1.211673315992812e-05 1.151089691120433e-05 1.093535229301779e-05 1.038858499669004e-05 9.869156201602891e-06 9.375698027724866e-06 8.906913535611238e-06 8.461567631457001e-06 8.03848888608627e-06 7.636564077984076e-06 7.254735919559607e-06 6.891998964420054e-06 6.547399152623257e-06 6.220029263204196e-06 5.909028004680295e-06 5.613576831819955e-06 5.332898126653163e-06 5.066253379482077e-06 4.812940915144281e-06 4.572294074023375e-06 4.343679393059574e-06 4.126495241507655e-06 3.920170456694905e-06 3.724161842910689e-06 3.537953716659104e-06 3.361056087669567e-06 3.193003294654773e-06 3.033353095815983e-06 2.881685531974654e-06 2.737601334956707e-06 2.600721245471505e-06 2.470685103617143e-06 2.347150939385756e-06 2.229793381047784e-06 2.118303655151976e-06 2.01238844965701e-06 1.911769004436792e-06 0.0001356631983071566
 0 0 0 0 0 0 0 0 0 0 0 0 0 0 0 0 0 0 0 0 0 0 0 0 0 0 0 0 0 0 0 0 0 0 0 0 0 0 0 0 0 0 0 0 0 0 0 0 0 0 0 0 0 0 0 0 0 0 0 0 0 0 0 0 0 0 0 0 0 0 0 0 0 0 0 0 0 0 0 0 0 0 0 0 0 0 0 0 0 0 0 0 0 0 0 0 0 0 0 0 0 0 0 0 0 0 0 0 0 0 0 0 0 0 0 0 0 0 0 0 0 0 0 0 0 0 0 0 0 0 0 0 0 0 0 0 0 0 0 0 0 0 0 0 0 0 0 0 0 0 0 0 0 0 0 0 0 0 0 0 0 0 0 0 0 0 0 0 0 0 0 0 0 0 0 0 0 0 0 0 0 0 0 0 0 0 0 0 0 0 0 0 0 0 0 0 0 0 0 0 0 0 0 0 0 0 0 0 0 0 0 0 0 0 0 0 0 0 0 0 0 0 0 0 0 0 0 0 0 0 0 0 0 0 0 0 0 0 0 0 0 0 0 0 0 0 0 0 0 0 0 0 0 0 0 0 0 0 0 0 0 0 0 0 0 0 0 0 0 0 0 0 0 0 0 0 0 0 0 0 0 0 0 0 0 0 0 0 0 0 0 0 0 0 0 0 0 0 0 0 0 0 0 0 0 0 0 0 0 0 0 0 0 0 0 0 0 0 0 0 0 0 0 0 0 0 0 0 0 0 0 0 0 0 0 0 0 0 0 0 0 0 0 0 0 0 0 0 0 0 0 0 0 0 0 0 0 0 0 0 0 0 0 0 0 0 0 0 0 0 0 0 0 0 0 0 0 0 0 0 0 0 0 0 0 0 0 0 0 0 0 0 0 0 0 0 0 0 0 0 0 0 0 0 0 0 0 0 0 0 0 0 0 0 0 0 0 0 0 0 0 0 0 0 0 0 0 0 0 0 0 0 0 0 0 0 0 0 0 0 0 0 0 0 0 0 0 0 0 0 0 0 0 0 0 0 0 0 0 0 0 0 0 0 0 0 0 0 0 0 0 0 0 0 0 0 0 0 0 0 0 0 0 0 0 0 0 0 0 0 0 0 0 0 0 0 0 0 0 0 0 0 0 0 0 0 0 0 0 0 0 0 0 0 0 0 0 0 0 0 0 0 0 0 0 0 0 0 0 0 0 0 0 0 0 0 0 0 0 0 0 0 0 0 0 0 0 0 0 0 0 0 0 0 0 0 0 0 0 0 0 0 0 0 0 0 0 0 0 0 0 0 0 0 0 0 0 0 0 0 0 0 0 0 0 0 0 0 0 0 0 0 0 0 0 0 0 0 0 0
 0 0 0 0 0 0 0 0 0 0 0 0 0 0 0 0 0 0 0 0 0 0 0 0 0 0 0 0 0 0 0 0 0 0 0 0 0 0 0 0 0 0 0 0 0 0 0 0 0 0 0 0 0 0 0 0 0 0 0 0 0 0 0 0 0 0 0 0 0 0 0 0 0 0 0 0 0 0 0 0 0 0 0 0 0 0 0 0 0 0 0 0 0 0 0 0 0 0 0 0 0 0 0 0 0 0 0 0 0 0 0 0 0 0 0 0 0 0 0 0 0 0 0 0 0 0 0 0 0 0 0 0 0 0 0 0 0 0 0 0 0 0 0 0 0 0 0 0 0 0 0 0 0 0 0 0 0 0 0 0 0 0 0 0 0 0 0 0 0 0 0 0 0 0 0 0 0 0 0 0 0 0 0 0 0 0 0 0 0 0 0 0 0 0 0 0 0 0 0 0 0 0 0 0 0 0 0 0 0 0 0 0 0 0 0 0 0 0 0 0 0 0 0 0 0 0 0 0 0 0 0 0 0 0 0 0 0 0 0 0 0 0 0 0 0 0 0 0 0 0 0 0 0 0 0 0 0 0 0 0 0 0 0 0 0 0 0 0 0 0 0 0 0 0 0 0 0 0 0 0 0 0 0 0 0 0 0 0 0 0 0 0 0 0 0 0 0 0 0 0 0 0 0 0 0 0 0 0 0 0 0 0 0 0 0 0 0 0 0 0 0 0 0 0 0 0 0 0 0 0 0 0 0 0 0 0 0 0 0 0 0 0 0 0 0 0 0 0 0 0 0 0 0 0 0 0 0 0 0 0 0 0 0 0 0 0 0 0 0 0 0 0 0 0 0 0 0 0 0 0 0 0 0 0 0 0 0 0 0 0 0 0 0 0 0 0 0 0 0 0 0 0 0 0 0 0 0 0 0 0 0 0 0 0 0 0 0 0 0 0 0 0 0 0 0 0 0 0 0 0 0 0 0 0 0 0 0 0 0 0 0 0 0 0 0 0 0 0 0 0 0 0 0 0 0 0 0 0 0 0 0 0 0 0 0 0 0 0 0 0 0 0 0 0 0 0 0 0 0 0 0 0 0 0 0 0 0 0 0 0 0 0 0 0 0 0 0 0 0 0 0 0 0 0 0 0 0 0 0 0 0 0 0 0 0 0 0 0 0 0 0 0 0 0 0 0 0 0 0 0 0 0 0 0 0 0 0 0 0 0 0 0 0 0 0 0 0 0 0 0 0 0 0 0 0 0 0 0 0 0 0 0 0 0 0 0 0 0 0 0 0 0 0 0 0 0 0 0 0 0 0 0 0 0 0 0 0 0 0 0 0 0 0 0 0 0 0 0 0 0
 0 0 0 0 0 0 0 0 0 0 0 0 0 0 0 0 0 0 0 0 0 0 0 0 0 0 0 0 0 0 0 0 0 0 0 0 0 0 0 0 0 0 0 0 0 0 0 0 0 0 0 0 0 0 0 0 0 0 0 0 0 0 0 0 0 0 0 0 0 0 0 0 0 0 0 0 0 0 0 0 0 0 0 0 0 0 0 0 0 0 0 0 0 0 0 0 0 0 0 0 0 0 0 0 0 0 0 0 0 0 0 0 0 0 0 0 0 0 0 0 0 0 0 0 0 0 0 0 0 0 0 0 0 0 0 0 0 0 0 0 0 0 0 0 0 0 0 0 0 0 0 0 0 0 0 0 0 0 0 0 0 0 0 0 0 0 0 0 0 0 0 0 0 0 0 0 0 0 0 0 0 0 0 0 0 0 0 0 0 0 0 0 0 0 0 0 0 0 0 0 0 0 0 0 0 0 0 0 0 0 0 0 0 0 0 0 0 0 0 0 0 0 0 0 0 0 0 0 0 0 0 0 0 0 0 0 0 0 0 0 0 0 0 0 0 0 0 0 0 0 0 0 0 0 0 0 0 0 0 0 0 0 0 0 0 0 0 0 0 0 0 0 0 0 0 0 0 0 0 0 0 0 0 0 0 0 0 0 0 0 0 0 0 0 0 0 0 0 0 0 0 0 0 0 0 0 0 0 0 0 0 0 0 0 0 0 0 0 0 0 0 0 0 0 0 0 0 0 0 0 0 0 0 0 0 0 0 0 0 0 0 0 0 0 0 0 0 0 0 0 0 0 0 0 0 0 0 0 0 0 0 0 0 0 0 0 0 0 0 0 0 0 0 0 0 0 0 0 0 0 0 0 0 0 0 0 0 0 0 0 0 0 0 0 0 0 0 0 0 0 0 0 0 0 0 0 0 0 0 0 0 0 0 0 0 0 0 0 0 0 0 0 0 0 0 0 0 0 0 0 0 0 0 0 0 0 0 0 0 0 0 0 0 0 0 0 0 0 0 0 0 0 0 0 0 0 0 0 0 0 0 0 0 0 0 0 0 0 0 0 0 0 0 0 0 0 0 0 0 0 0 0 0 0 0 0 0 0 0 0 0 0 0 0 0 0 0 0 0 0 0 0 0 0 0 0 0 0 0 0 0 0 0 0 0 0 0 0 0 0 0 0 0 0 0 0 0 0 0 0 0 0 0 0 0 0 0 0 0 0 0 0 0 0 0 0 0 0 0 0 0 0 0 0 0 0 0 0 0 0 0 0 0 0 0 0 0 0 0 0 0 0 0 0 0 0 0 0 0 0 0 0 0 0 0 0 0 0 0 0 0 0 0 0 0 0 0 0 0 0
 0 0 0 0 0 0 0 0 0 0 0 0 0 0 0 0 0 0 0 0 0 0 0 0 0 0 0 0 0 0 0 0 0 0 0 0 0 0 0 0 0 0 0 0 0 0 0 0 0 0 0 0 0 0 0 0 0 0 0 0 0 0 0 0 0 0 0 0 0 0 0 0 0 0 0 0 0 0 0 0 0 0 0 0 0 0 0 0 0 0 0 0 0 0 0 0 0 0 0 0 0 0 0 0 0 0 0 0 0 0 0 0 0 0 0 0 0 0 0 0 0 0 0 0 0 0 0 0 0 0 0 0 0 0 0 0 0 0 0 0 0 0 0 0 0 0 0 0 0 0 0 0 0 0 0 0 0 0 0 0 0 0 0 0 0 0 0 0 0 0 0 0 0 0 0 0 0 0 0 0 0 0 0 0 0 0 0 0 0 0 0 0 0 0 0 0 0 0 0 0 0 0 0 0 0 0 0 0 0 0 0 0 0 0 0 0 0 0 0 0 0 0 0 0 0 0 0 0 0 0 0 0 0 0 0 0 0 0 0 0 0 0 0 0 0 0 0 0 0 0 0 0 0 0 0 0 0 0 0 0 0 0 0 0 0 0 0 0 0 0 0 0 0 0 0 0 0 0 0 0 0 0 0 0 0 0 0 0 0 0 0 0 0 0 0 0 0 0 0 0 0 0 0 0 0 0 0 0 0 0 0 0 0 0 0 0 0 0 0 0 0 0 0 0 0 0 0 0 0 0 0 0 0 0 0 0.0007029921398498118 0.00234850263223052 0.004972960334271193 0.008573034778237343 0.01334302127361298 0.0193147175014019 0.02657091058790684 0.03519589826464653 0.04498687759041786 0.05575064569711685 0.06763654202222824 0.08063496649265289 0.09446366131305695 0.1089657545089722 0.1241496503353119 0.1400204300880432 0.1565612703561783 0.1736519932746887 0.1911243349313736 0.2090010344982147 0.2273629307746887 0.2461751848459244 0.2652790546417236 0.2846706807613373 0.3043318092823029 0.3216905295848846 0.3342210650444031 0.3402536809444427 0.3385647237300873 0.3283553421497345 0.3119375705718994 0.2963407039642334 0.2815236747264862 0.2674475014209747 0.2540751397609711 0.2413713783025742 0.2293028086423874 0.2178376615047455 0.2069457769393921 0.1965984851121902 0.1867685616016388 0.1774301379919052 0.1685586273670197 0.1601306945085526 0.1521241664886475 0.1445179581642151 0.1372920572757721 0.1304274499416351 0.1239060759544373 0.1177107691764832 0.1118252277374268 0.1062339693307877 0.1009222716093063 0.09587615728378296 0.09108234941959381 0.0865282341837883 0.08220182359218597 0.07809173315763474 0.07418714463710785 0.07047778367996216 0.06695389747619629 0.06360620260238647 0.06042589247226715 0.05740459635853767 0.05453436821699142 0.05180764943361282 0.04921726882457733 0.04675640538334846 0.0444185845553875 0.04219765588641167 0.04008777439594269 0.03808338567614555 0.03617921471595764 0.03437025472521782 0.03265174105763435 0.03101915493607521 0.02946819737553596 0.02799478732049465 0.02659504860639572 0.025265296921134 0.02400203235447407 0.02280193008482456 0.02166183292865753 0.02057874202728271 0.01954980567097664 0.01857231557369232 0.01764369942247868 0.01676151528954506 0.01592344045639038 0.01512726861983538 0.01437090523540974 0.01365236006677151 0.01296974159777164 0.01232125423848629 0.01170519180595875 0.01111993193626404 0.01056393515318632 0.01003573834896088 0.009533951058983803 0.00905725359916687 0.008604390546679497 0.00817417073994875 0.007765462156385183 0.007377189118415117 0.007008329499512911 0.006657912861555815 0.00632501719519496 0.006008766125887632 0.005708327982574701 0.005422911606729031 0.005151765886694193 0.004894177429378033 0.004649468697607517 0.004416995216161013 0.004196145571768284 0.003986338153481483 0.003787021152675152 0.003597670001909137 0.003417786443606019 0.00324689713306725 0.003084552241489291 0.002930324524641037 0.002783808391541243 0.002644618041813374 0.002512387232854962 0.002386767882853746 0.002267429605126381 0.002154058078303933 0.002046355279162526 0.001944037503562868 0.001846835599280894 0.001754493801854551 0.001666769152507186 0.001583430683240294 0.001504259184002876 0.001429046271368861 0.001357593922875822 0.001289714244194329 0.001225228537805378 0.001163967070169747 0.001105768722482026 0.00105048029217869 0.0009979562601074576 0.0009480584412813187 0.0009006555192172527 0.0008556227548979223 0.0008128416375257075 0.0007721995352767408 0.0007335895788855851 0.0006969100795686245 0.0006620645872317255 0.0006289613666012883 0.0005975132808089256 0.0005676376167684793 0.0005392557359300554 0.0005122929578647017 0.0004866782983299345 0.0004623443819582462 0.0004392271512188017 0.0004172658082097769 0.0003964025236200541 0.0003765824076253921 0.0003577532770577818 0.0003398656263016164 0.0003228723362553865 0.0003067287325393409 0.0002913922944571823 0.0002768226840998977 0.0002629815426189452 0.0002498324611224234 0.0002373408351559192 0.0002254737919429317 0.0002142001030733809 0.0002034900971921161 0.0001933155872393399 0.0001836498122429475 0.0001744673209032044 0.0001657439570408314 0.0001574567577335984 0.000149583924212493 0.0001421047345502302 0.000134999500005506 0.0001282495213672519 0.0001218370452988893 0.0001157451915787533 0.0001099579312722199 0.0001044600358000025 9.923703328240663e-05 9.427517943549901e-05 8.956142119131982e-05 8.508335304213688e-05 8.08291879366152e-05 7.678772817598656e-05 7.294834358617663e-05 6.930092786205932e-05 6.583588401554152e-05 6.254408799577504e-05 5.941688505117781e-05 5.644604243570939e-05 5.362374213291332e-05 5.094255539006554e-05 4.839542816625908e-05 4.597565566655248e-05 4.367687142803334e-05 4.149302912992425e-05 3.941837712773122e-05 3.74474584532436e-05 3.557508534868248e-05 3.379633199074306e-05 3.21065163007006e-05 3.050119084946346e-05 2.897613194363657e-05 2.752732507360633e-05 2.615095945657231e-05 2.484341166564263e-05 2.36012419918552e-05 2.242117989226244e-05 2.13001203519525e-05 2.023511478910223e-05 1.922335832205135e-05 1.826218976930249e-05 1.734908073558472e-05 1.648162651690654e-05 1.565754428156652e-05 1.487466670369031e-05 1.413093377777841e-05 1.34243873617379e-05 1.275316753890365e-05 1.211550898005953e-05 1.150973366748076e-05 1.093424725695513e-05 1.038753453030949e-05 9.868157576420344e-06 9.374749424750917e-06 8.906012226361781e-06 8.460711796942633e-06 8.037675797822885e-06 7.635791916982271e-06 7.254002412082627e-06 6.891302291478496e-06 6.546737040480366e-06 6.21940034761792e-06 5.90843046666123e-06 5.613008852378698e-06 5.332358341547661e-06 5.065740424470278e-06 4.812453425984131e-06 4.571830686472822e-06 4.343239197623916e-06 4.12607732869219e-06 3.919773462257581e-06 3.723784857356804e-06 3.53759560312028e-06 3.360715709277429e-06 3.192679969288292e-06 3.033045913980459e-06 2.881393584175385e-06 2.737323939072667e-06 2.600457719381666e-06 2.47043476520048e-06 2.346913106521242e-06 2.229567371614394e-06 2.118089014402358e-06 2.012184495470137e-06 1.911575282065314e-06
 0 0 0 0 0 0 0 0 0 0 0 0 0 0 0 0 0 0 0 0 0 0 0 0 0 0 0 0 0 0 0 0 0 0 0 0 0 0 0 0 0 0 0 0 0 0 0 0 0 0 0 0 0 0 0 0 0 0 0 0 0 0 0 0 0 0 0 0 0 0 0 0 0 0 0 0 0 0 0 0 0 0 0 0 0 0 0 0 0 0 0 0 0 0 0 0 0 0 0 0 0 0 0 0 0 0 0 0 0 0 0 0 0 0 0 0 0 0 0 0 0 0 0 0 0 0 0 0 0 0 0 0 0 0 0 0 0 0 0 0 0 0 0 0 0 0 0 0 0 0 0 0 0 0 0 0 0 0 0 0 0 0 0 0 0 0 0 0 0 0 0 0 0 0 0 0 0 0 0 0 0 0 0 0 0 0 0 0 0 0 0 0 0 0 0 0 0 0 0 0 0 0 0 0 0 0 0 0 0 0 0 0 0 0 0 0 0 0 0 0 0 0 0 0 0 0 0 0 0 0 0 0 0 0 0 0 0 0 0 0 0 0 0 0 0 0 0 0 0 0 0 0 0 0 0 0 0 0 0 0 0 0 0 0 0 0 0 0 0 0 0 0 0 0 0 0 0 0 0 0 0 0 0 0 0 0 0 0 0 0 0 0 0 0 0 0 0 0 0 0 0 0 0 0 0 0 0 0 0 0 0 0 0 0 0 0 0 0 0 0 0 0 0 0 0 0 0 0 0 0 0 0 0 0 0 0 0 0 0 0 0 0 0 0 0 0 0 0 0 0 0 0 0 0 0 0 0 0 0 0 0 0 0 0 0 0 0 0 0 0 0 0 0 0 0 0 0 0 0 0 0 0 0 0 0 0 0 0 0 0 0 0 0 0 0 0 0 0 0 0 0 0 0 0 0 0 0 0 0 0 0 0 0 0 0 0 0 0 0 0 0 0 0 0 0 0 0 0 0 0 0 0 0 0 0 0 0 0 0 0 0 0 0 0 0 0 0 0 0 0 0 0 0 0 0 0 0 0 0 0 0 0 0 0 0 0 0 0 0 0 0 0 0 0 0 0 0 0 0 0 0 0 0 0 0 0 0 0 0 0 0 0 0 0 0 0 0 0 0 0 0 0 0 0 0 0 0 0 0 0 0 0 0 0 0 0 0 0 0 0 0 0 0 0 0 0 0 0 0 0 0 0 0 0 0 0 0 0 0 0 0 0 0 0 0 0 0 0 0 0 0 0 0 0 0 0 0 0 0 0 0 0 0 0 0 0 0 0 0 0 0 0 0 0 0 0 0 0 0 0 0 0 0 0 0 0 0 0 0 0 0 0 0 0 0 0 0 0 0 0
 0 0 0 0 0 0 0 0 0 0 0 0 0 0 0 0 0 0 0 0 0 0 0 0 0 0 0 0 0 0 0 0 0 0 0 0 0 0 0 0 0 0 0 0 0 0 0 0 0 0 0 0 0 0 0 0 0 0 0 0 0 0 0 0 0 0 0 0 0 0 0 0 0 0 0 0 0 0 0 0 0 0 0 0 0 0 0 0 0 0 0 0 0 0 0 0 0 0 0 0 0 0 0 0 0 0 0 0 0 0 0 0 0 0 0 0 0 0 0 0 0 0 0 0 0 0 0 0 0 0 0 0 0 0 0 0 0 0 0 0 0 0 0 0 0 0 0 0 0 0 0 0 0 0 0 0 0 0 0 0 0 0 0 0 0 0 0 0 0 0 0 0 0 0 0 0 0 0 0 0 0 0 0 0 0 0 0 0 0 0 0 0 0 0 0 0 0 0 0 0 0 0 0 0 0 0 0 0 0 0 0 0 0 0 0 0 0 0 0 0 0 0 0 0 0 0 0 0 0 0 0 0 0 0 0 0 0 0 0 0 0 0 0 0 0 0 0 0 0 0 0 0 0 0 0 0 0 0 0 0 0 0 0 0 0 0 0 0 0 0 0 0 0 0 0 0 0 0 0 0 0 0 0 0 0 0 0 0 0 0 0 0 0 0 0 0 0 0 0 0 0 0 0 0 0 0 0 0 0 0 0 0 0 0 0 0 0 0 0 0 0 0 0 0 0 0 0 0 0 0 0 0 0 0 0 0 0 0 0 0 0 0 0 0 0 0 0 0 0 0 0 0 0 0 0 0 0 0 0 0 0 0 0 0 0 0 0 0 0 0 0 0 0 0 0 0 0 0 0 0 0 0 0 0 0 0 0 0 0 0 0 0 0 0 0 0 0 0 0 0 0 0 0 0 0 0 0 0 0 0 0 0 0 0 0 0 0 0 0 0 0 0 0 0 0 0 0 0 0 0 0 0 0 0 0 0 0 0 0 0 0 0 0 0 0 0 0 0 0 0 0 0 0 0 0 0 0 0 0 0 0 0 0 0 0 0 0 0 0 0 0 0 0 0 0 0 0 0 0 0 0 0 0 0 0 0 0 0 0 0 0 0 0 0 0 0 0 0 0 0 0 0 0 0 0 0 0 0 0 0 0 0 0 0 0 0 0 0 0 0 0 0 0 0 0 0 0 0 0 0 0 0 0 0 0 0 0 0 0 0 0 0 0 0 0 0 0 0 0 0 0 0 0 0 0 0 0 0 0 0 0 0 0 0 0 0 0 0 0 0 0 0 0 0 0 0 0 0 0 0 0 0 0 0 0 0 0 0 0 0 0 0 0 0 0 0 0 0 0 0
 0 0 0 0 0 0 0 0 0 0 0 0 0 0 0 0 0 0 0 0 0 0 0 0 0 0 0 0 0 0 0 0 0 0 0 0 0 0 0 0 0 0 0 0 0 0 0 0 0 0 0 0 0 0 0 0 0 0 0 0 0 0 0 0 0 0 0 0 0 0 0 0 0 0 0 0 0 0 0 0 0 0 0 0 0 0 0 0 0 0 0 0 0 0 0 0 0 0 0 0 0 0 0 0 0 0 0 0 0 0 0 0 0 0 0 0 0 0 0 0 0 0 0 0 0 0 0 0 0 0 0 0 0 0 0 0 0 0 0 0 0 0 0 0 0 0 0 0 0 0 0 0 0 0 0 0 0 0 0 0 0 0 0 0 0 0 0 0 0 0 0 0 0 0 0 0 0 0 0 0 0 0 0 0 0 0 0 0 0 0 0 0 0 0 0 0 0 0 0 0 0 0 0 0 0 0 0 0 0 0 0 0 0 0 0 0 0 0 0 0 0 0 0 0 0 0 0 0 0 0 0 0 0 0 0 0 0 0 0 0 0 0 0 0 0 0 0 0 0 0 0 0 0 0 0 0 0 0 0 0 0 0 0 0 0 0 0 0 0 0 0 0 0 0 0 0 0 0 0 0 0 0 0 0 0 0 0 0 0 0 0 0 0 0 0 0 0 0 0 0 0 0 0 0 0 0 0 0 0 0 0 0 0 0 0 0 0 0 0 0 0 0 0 0 0 0 0 0 0 0 0 0 0 0 0 0 0 0 0 0 0 0 0 0 0 0 0 0 0 0 0 0 0 0 0 0 0 0 0 0 0 0 0 0 0 0 0 0 0 0 0 0 0 0 0 0 0 0 0 0 0 0 0 0 0 0 0 0 0 0 0 0 0 0 0 0 0 0 0 0 0 0 0 0 0 0 0 0 0 0 0 0 0 0 0 0 0 0 0 0 0 0 0 0 0 0 0 0 0 0 0 0 0 0 0 0 0 0 0 0 0 0 0 0 0 0 0 0 0 0 0 0 0 0 0 0 0 0 0 0 0 0 0 0 0 0 0 0 0 0 0 0 0 0 0 0 0 0 0 0 0 0 0 0 0 0 0 0 0 0 0 0 0 0 0 0 0 0 0 0 0 0 0 0 0 0 0 0 0 0 0 0 0 0 0 0 0 0 0 0 0 0 0 0 0 0 0 0 0 0 0 0 0 0 0 0 0 0 0 0 0 0 0 0 0 0 0 0 0 0 0 0 0 0 0 0 0 0 0 0 0 0 0 0 0 0 0 0 0 0 0 0 0 0 0 0 0 0 0 0 0 0 0 0 0 0 0 0 0 0 0 0 0 0 0 0 0 0 0 0
 0 0 0 0 0 0 0 0 0 0 0 0 0 0 0 0 0 0 0 0 0 0 0 0 0 0 0 0 0 0 0 0 0 0 0 0 0 0 0 0 0 0 0 0 0 0 0 0 0 0 0 0 0 0 0 0 0 0 0 0 0 0 0 0 0 0 0 0 0 0 0 0 0 0 0 0 0 0 0 0 0 0 0 0 0 0 0 0 0 0 0 0 0 0 0 0 0 0 0 0 0 0 0 0 0 0 0 0 0 0 0 0 0 0 0 0 0 0 0 0 0 0 0 0 0 0 0 0 0 0 0 0 0 0 0 0 0 0 0 0 0 0 0 0 0 0 0 0 0 0 0 0 0 0 0 0 0 0 0 0 0 0 0 0 0 0 0 0 0 0 0 0 0 0 0 0 0 0 0 0 0 0 0 0 0 0 0 0 0 0 0 0 0 0 0 0 0 0 0 0 0 0 0 0 0 0 0 0 0 0 0 0 0 0 0 0 0 0 0 0 0 0 0 0 0 0 0 0 0 0 0 0 0 0 0 0 0 0 0 0 0 0 0 0 0 0 0 0 0 0 0 0 0 0 0 0 0 0 0 0 0 0 0 0 0 0 0 0 0 0 0 0 0 0 0 0 0 0 0 0 0 0 0 0 0 0 0 0 0 0 0 0 0 0 0 0 0 0 0 0 0 0 0 0 0 0 0 0 0 0 0 0 0 0 0 0 0 0 0 0 0 0 0 0 0 0 0 0 0 0 0 0 0 0 0.0004644438449759036 0.001854043803177774 0.004163671750575304 0.007510696072131395 0.01192173361778259 0.01756827160716057 0.02450966089963913 0.03282217308878899 0.04240315034985542 0.05309699475765228 0.06492599844932556 0.07788975536823273 0.09160088002681732 0.1059892326593399 0.1210649833083153 0.136803075671196 0.1533018946647644 0.1706223785877228 0.1884999573230743 0.2069496363401413 0.2259579300880432 0.2453118860721588 0.2648289203643799 0.2845068573951721 0.3042564690113068 0.3220209777355194 0.3351964354515076 0.3419479131698608 0.3409409523010254 0.3311391174793243 0.3145821690559387 0.2988530695438385 0.2839104235172272 0.269714891910553 0.2562291622161865 0.2434177100658417 0.2312468290328979 0.2196844816207886 0.2087002545595169 0.1982652395963669 0.1883519738912582 0.1789343804121017 0.1699876636266708 0.1614882797002792 0.153413861989975 0.1457431614398956 0.1384560018777847 0.1315332055091858 0.1249565482139587 0.1187087222933769 0.1127732843160629 0.1071346178650856 0.1017778888344765 0.09668899327516556 0.09185454249382019 0.08726181834936142 0.08289872854948044 0.07875379174947739 0.07481610029935837 0.07107529789209366 0.06752153486013412 0.06414546072483063 0.06093818694353104 0.05789127945899963 0.05499671399593353 0.05224687978625298 0.04963453486561775 0.0471528097987175 0.04479517042636871 0.04255541041493416 0.04042764008045197 0.03840625658631325 0.0364859439432621 0.03466164693236351 0.03292856365442276 0.03128213435411453 0.02971802838146687 0.02823212742805481 0.02682052180171013 0.02547949552536011 0.0242055207490921 0.0229952447116375 0.02184548228979111 0.02075320854783058 0.01971554756164551 0.01872977055609226 0.01779328286647797 0.01690361835062504 0.01605843752622604 0.01525551546365023 0.01449273992329836 0.01376810297369957 0.01307969819754362 0.01242571324110031 0.01180442795157433 0.01121420692652464 0.01065349671989679 0.0101208221167326 0.00961478054523468 0.009134041145443916 0.008677339181303978 0.008243472315371037 0.007831298746168613 0.007439733948558569 0.007067747414112091 0.006714359857141972 0.006378641817718744 0.006059709936380386 0.005756724625825882 0.005468888208270073 0.005195443984121084 0.004935671575367451 0.004688887856900692 0.004454443231225014 0.004231721162796021 0.004020134918391705 0.003819128265604377 0.003628171747550368 0.003446763148531318 0.003274424932897091 0.003110703779384494 0.002955168485641479 0.002807409968227148 0.002667039399966598 0.002533687511458993 0.002407003194093704 0.002286653034389019 0.002172320382669568 0.002063704421743751 0.00196051923558116 0.001862493227235973 0.001769368536770344 0.001680900109931827 0.001596855116076767 0.001517012366093695 0.001441161730326712 0.001369103672914207 0.001300648436881602 0.001235616044141352 0.001173835247755051 0.001115143531933427 0.001059386413544416 0.001006417092867196 0.0009560962207615376 0.000908291433006525 0.0008628768846392632 0.0008197330171242356 0.0007787463837303221 0.0007398090674541891 0.0007028186228126287 0.0006676776683889329 0.0006342937704175711 0.0006025790935382247 0.000572450109757483 0.0005438275984488428 0.0005166362388990819 0.000490804435685277 0.000466264202259481 0.0004429509863257408 0.0004208034370094538 0.000399763259338215 0.0003797750978264958 0.0003607863327488303 0.0003427470219321549 0.0003256096679251641 0.0003093291888944805 0.0002938627148978412 0.0002791695878840983 0.0002652110997587442 0.0002519505505915731 0.0002393530157860368 0.0002273853606311604 0.0002160160947823897 0.0002052152849500999 0.0001949545257957652 0.0001852067944128066 0.0001759464503265917 0.0001671491336310282 0.0001587916776770726 0.0001508520945208147 0.0001433094876119867 0.000136144008138217 0.000129336811369285 0.0001228699693456292 0.0001167264708783478 0.0001108901487896219 0.0001053456435329281 0.0001000783595372923 9.507444337941706e-05 9.032071830006316e-05 8.580468420404941e-05 8.151445217663422e-05 7.743872993160039e-05 7.356679270742461e-05 6.988845416344702e-05 6.639403000008315e-05 6.307433068286628e-05 5.992061414872296e-05 5.692458216799423e-05 5.407835124060512e-05 5.137443440617062e-05 4.880571214016527e-05 4.636542507796548e-05 4.404715218697675e-05 4.184479621471837e-05 3.975255822297186e-05 3.776493031182326e-05 3.58766847057268e-05 3.408285192563199e-05 3.237870987504721e-05 3.075977292610332e-05 2.922178464359604e-05 2.776069595711306e-05 2.637266152305529e-05 2.50540288107004e-05 2.380132718826644e-05 2.261126064695418e-05 2.148069688701071e-05 2.040666186076123e-05 1.938632885867264e-05 1.84170130523853e-05 1.749616239976604e-05 1.662135400692932e-05 1.579028685227968e-05 1.500077269156463e-05 1.425073423888534e-05 1.353819789073896e-05 1.286128826905042e-05 1.221822367369896e-05 1.160731244453928e-05 1.102694659493864e-05 1.047559908329276e-05 9.951819265552331e-06 9.454228347749449e-06 8.981516657513566e-06 8.532440915587358e-06 8.10581877885852e-06 7.700527930865064e-06 7.315501534321811e-06 6.949726412130985e-06 6.602240318898112e-06 6.272128302953206e-06 5.958521796856076e-06 5.660595888912212e-06 5.377566139941337e-06 5.108687673782697e-06 4.853253358305665e-06 4.610590622178279e-06 4.380061000119895e-06 4.16105785916443e-06 3.953005034418311e-06 3.755354782697395e-06 3.567587100405945e-06 3.389207677173545e-06 3.219747213734081e-06 3.058759830310009e-06 2.905821929743979e-06 2.76053083325678e-06 2.622504325699992e-06 2.491379063940258e-06 2.366810122111929e-06 2.248469627375016e-06 2.136046077794163e-06 2.029243660217617e-06 1.927781568156206e-06 1.831392523854447e-06
 0 0 0 0 0 0 0 0 0 0 0 0 0 0 0 0 0 0 0 0 0 0 0 0 0 0 0 0 0 0 0 0 0 0 0 0 0 0 0 0 0 0 0 0 0 0 0 0 0 0 0 0 0 0 0 0 0 0 0 0 0 0 0 0 0 0 0 0 0 0 0 0 0 0 0 0 0 0 0 0 0 0 0 0 0 0 0 0 0 0 0 0 0 0 0 0 0 0 0 0 0 0 0 0 0 0 0 0 0 0 0 0 0 0 0 0 0 0 0 0 0 0 0 0 0 0 0 0 0 0 0 0 0 0 0 0 0 0 0 0 0 0 0 0 0 0 0 0 0 0 0 0 0 0 0 0 0 0 0 0 0 0 0 0 0 0 0 0 0 0 0 0 0 0 0 0 0 0 0 0 0 0 0 0 0 0 0 0 0 0 0 0 0 0 0 0 0 0 0 0 0 0 0 0 0 0 0 0 0 0 0 0 0 0 0 0 0 0 0 0 0 0 0 0 0 0 0 0 0 0 0 0 0 0 0 0 0 0 0 0 0 0 0 0 0 0 0 0 0 0 0 0 0 0 0 0 0 0 0 0 0 0 0 0 0 0 0 0 0 0 0 0 0 0 0 0 0 0 0 0 0 0 0 0 0 0 0 0 0 0 0 0 0 0 0 0 0 0 0 0 0 0 0 0 0 0 0 0 0 0 0 0 0 0 0 0 0 0 0 0 0 0 0 0 0 0 0 0 0 0 0 0 0 0 0 0 0 0 0 0 0 0 0 0 0 0 0 0 0 0 0 0 0 0 0 0 0 0 0 0 0 0 0 0 0 0 0 0 0 0 0 0 0 0 0 0 0 0 0 0 0 0 0 0 0 0 0 0 0 0 0 0 0 0 0 0 0 0 0 0 0 0 0 0 0 0 0 0 0 0 0 0 0 0 0 0 0 0 0 0 0 0 0 0 0 0 0 0 0 0 0 0 0 0 0 0 0 0 0 0 0 0 0 0 0 0 0 0 0 0 0 0 0 0 0 0 0 0 0 0 0 0 0 0 0 0 0 0 0 0 0 0 0 0 0 0 0 0 0 0 0 0 0 0 0 0 0 0 0 0 0 0 0 0 0 0 0 0 0 0 0 0 0 0 0 0 0 0 0 0 0 0 0 0 0 0 0 0 0 0 0 0 0 0 0 0 0 0 0 0 0 0 0 0 0 0 0 0 0 0 0 0 0 0 0 0 0 0 0 0 0 0 0 0 0 0 0 0 0 0 0 0 0 0 0 0 0 0 0 0 0 0 0 0 0 0 0 0 0 0 0 0 0 0 0 0 0 0 0 0 0 0 0 0 0 0 0 0 0 0
 0 0 0 0 0 0 0 0 0 0 0 0 0 0 0 0 0 0 0 0 0 0 0 0 0 0 0 0 0 0 0 0 0 0 0 0 0 0 0 0 0 0 0 0 0 0 0 0 0 0 0 0 0 0 0 0 0 0 0 0 0 0 0 0 0 0 0 0 0 0 0 0 0 0 0 0 0 0 0 0 0 0 0 0 0 0 0 0 0 0 0 0 0 0 0 0 0 0 0 0 0 0 0 0 0 0 0 0 0 0 0 0 0 0 0 0 0 0 0 0 0 0 0 0 0 0 0 0 0 0 0 0 0 0 0 0 0 0 0 0 0 0 0 0 0 0 0 0 0 0 0 0 0 0 0 0 0 0 0 0 0 0 0 0 0 0 0 0 0 0 0 0 0 0 0 0 0 0 0 0 0 0 0 0 0 0 0 0 0 0 0 0 0 0 0 0 0 0 0 0 0 0 0 0 0 0 0 0 0 0 0 0 0 0 0 0 0 0 0 0 0 0 0 0 0 0 0 0 0 0 0 0 0 0 0 0 0 0 0 0 0 0 0 0 0 0 0 0 0 0 0 0 0 0 0 0 0 0 0 0 0 0 0 0 0 0 0 0 0 0 0 0 0 0 0 0 0 0 0 0 0 0 0 0 0 0 0 0 0 0 0 0 0 0 0 0 0 0 0 0 0 0 0 0 0 0 0 0 0 0 0 0 0 0 0 0 0 0 0 0 0 0 0 0 0 0 0 0 0 0 0 0 0 0 0 0 0 0 0 0 0 0 0 0 0 0 0 0 0 0 0 0 0 0 0 0 0 0 0 0 0 0 0 0 0 0 0 0 0 0 0 0 0 0 0 0 0 0 0 0 0 0 0 0 0 0 0 0 0 0 0 0 0 0 0 0 0 0 0 0 0 0 0 0 0 0 0 0 0 0 0 0 0 0 0 0 0 0 0 0 0 0 0 0 0 0 0 0 0 0 0 0 0 0 0 0 0 0 0 0 0 0 0 0 0 0 0 0 0 0 0 0 0 0 0 0 0 0 0 0 0 0 0 0 0 0 0 0 0 0 0 0 0 0 0 0 0 0 0 0 0 0 0 0 0 0 0 0 0 0 0 0 0 0 0 0 0 0 0 0 0 0 0 0 0 0 0 0 0 0 0 0 0 0 0 0 0 0 0 0 0 0 0 0 0 0 0 0 0 0 0 0 0 0 0 0 0 0 0 0 0 0 0 0 0 0 0 0 0 0 0 0 0 0 0 0 0 0 0 0 0 0 0 0 0 0 0 0 0 0 0 0 0 0 0 0 0 0 0 0 0 0 0 0 0 0 0 0 0 0 0 0 0 0 0 0 0 0 0 0
 0 0 0 0 0 0 0 0 0 0 0 0 0 0 0 0 0 0 0 0 0 0 0 0 0 0 0 0 0 0 0 0 0 0 0 0 0 0 0 0 0 0 0 0 0 0 0 0 0 0 0 0 0 0 0 0 0 0 0 0 0 0 0 0 0 0 0 0 0 0 0 0 0 0 0 0 0 0 0 0 0 0 0 0 0 0 0 0 0 0 0 0 0 0 0 0 0 0 0 0 0 0 0 0 0 0 0 0 0 0 0 0 0 0 0 0 0 0 0 0 0 0 0 0 0 0 0 0 0 0 0 0 0 0 0 0 0 0 0 0 0 0 0 0 0 0 0 0 0 0 0 0 0 0 0 0 0 0 0 0 0 0 0 0 0 0 0 0 0 0 0 0 0 0 0 0 0 0 0 0 0 0 0 0 0 0 0 0 0 0 0 0 0 0 0 0 0 0 0 0 0 0 0 0 0 0 0 0 0 0 0 0 0 0 0 0 0 0 0 0 0 0 0 0 0 0 0 0 0 0 0 0 0 0 0 0 0 0 0 0 0 0 0 0 0 0 0 0 0 0 0 0 0 0 0 0 0 0 0 0 0 0 0 0 0 0 0 0 0 0 0 0 0 0 0 0 0 0 0 0 0 0 0 0 0 0 0 0 0 0 0 0 0 0 0 0 0 0 0 0 0 0 0 0 0 0 0 0 0 0 0 0 0 0 0 0 0 0 0 0 0 0 0 0 0 0 0 0 0 0 0 0 0 0 0 0 0 0 0 0 0 0 0 0 0 0 0 0 0 0 0 0 0 0 0 0 0 0 0 0 0 0 0 0 0 0 0 0 0 0 0 0 0 0 0 0 0 0 0 0 0 0 0 0 0 0 0 0 0 0 0 0 0 0 0 0 0 0 0 0 0 0 0 0 0 0 0 0 0 0 0 0 0 0 0 0 0 0 0 0 0 0 0 0 0 0 0 0 0 0 0 0 0 0 0 0 0 0 0 0 0 0 0 0 0 0 0 0 0 0 0 0 0 0 0 0 0 0 0 0 0 0 0 0 0 0 0 0 0 0 0 0 0 0 0 0 0 0 0 0 0 0 0 0 0 0 0 0 0 0 0 0 0 0 0 0 0 0 0 0 0 0 0 0 0 0 0 0 0 0 0 0 0 0 0 0 0 0 0 0 0 0 0 0 0 0 0 0 0 0 0 0 0 0 0 0 0 0 0 0 0 0 0 0 0 0 0 0 0 0 0 0 0 0 0 0 0 0 0 0 0 0 0 0 0 0 0 0 0 0 0 0 0 0 0 0 0 0 0 0 0 0 0 0 0 0 0 0 0 0 0 0 0 0 0 0 0 0 0 0
 0 0 0 0 0 0 0 0 0 0 0 0 0 0 0 0 0 0 0 0 0 0 0 0 0 0 0 0 0 0 0 0 0 0 0 0 0 0 0 0 0 0 0 0 0 0 0 0 0 0 0 0 0 0 0 0 0 0 0 0 0 0 0 0 0 0 0 0 0 0 0 0 0 0 0 0 0 0 0 0 0 0 0 0 0 0 0 0 0 0 0 0 0 0 0 0 0 0 0 0 0 0 0 0 0 0 0 0 0 0 0 0 0 0 0 0 0 0 0 0 0 0 0 0 0 0 0 0 0 0 0 0 0 0 0 0 0 0 0 0 0 0 0 0 0 0 0 0 0 0 0 0 0 0 0 0 0 0 0 0 0 0 0 0 0 0 0 0 0 0 0 0 0 0 0 0 0 0 0 0 0 0 0 0 0 0 0 0 0 0 0 0 0 0 0 0 0 0 0 0 0 0 0 0 0 0 0 0 0 0 0 0 0 0 0 0 0 0 0 0 0 0 0 0 0 0 0 0 0 0 0 0 0 0 0 0 0 0 0 0 0 0 0 0 0 0 0 0 0 0 0 0 0 0 0 0 0 0 0 0 0 0 0 0 0 0 0 0 0 0 0 0 0 0 0 0 0 0 0 0 0 0 0 0 0 0 0 0 0 0 0 0 0 0 0 0 0 0 0 0 0 0 0 0 0 0 0 0 0 0 0 0 0 0 0 0 0 0 0 0 0 0 0 0 0 0 0 0 0 0 0 0 0 0 0.0001501443912275136 0.001219993224367499 0.003222759813070297 0.006340255960822105 0.0105713028460741 0.01595287211239338 0.02253840304911137 0.03040971606969833 0.03960627317428589 0.04985043033957481 0.06110040843486786 0.07346810400485992 0.08697418123483658 0.1013191789388657 0.1163455471396446 0.1321344971656799 0.1484458893537521 0.1651807874441147 0.1823469251394272 0.1999733299016953 0.2180930972099304 0.2364469170570374 0.2550636529922485 0.2740165293216705 0.293417364358902 0.3121708035469055 0.3271721601486206 0.3364221751689911 0.33859983086586 0.3327570557594299 0.3182301819324493 0.302318662405014 0.2872027158737183 0.2728425860404968 0.2592004537582397 0.2462404370307922 0.2339284121990204 0.2222319841384888 0.2111203819513321 0.200564369559288 0.19053615629673 0.1810093522071838 0.1719588786363602 0.1633609384298325 0.1551928967237473 0.1474332511425018 0.1400615870952606 0.1330585032701492 0.1264055818319321 0.1200852990150452 0.1140810325741768 0.1083769798278809 0.1029581278562546 0.09781022369861603 0.09291971474885941 0.08827372640371323 0.08386003971099854 0.07966703921556473 0.07568369060754776 0.07189950346946716 0.06830453127622604 0.06488930433988571 0.06164483726024628 0.05856259539723396 0.05563446506857872 0.05285274237394333 0.05021010339260101 0.04769959673285484 0.04531461745500565 0.04304888844490051 0.04089644551277161 0.03885162249207497 0.03690904006361961 0.03506358712911606 0.03331040591001511 0.03164488449692726 0.03006264008581638 0.02855950780212879 0.02713153325021267 0.02577495574951172 0.02448620833456516 0.0232618972659111 0.02209880203008652 0.02099386230111122 0.01994416862726212 0.01894696056842804 0.01799961179494858 0.01709963195025921 0.01624464988708496 0.01543241739273071 0.01466079615056515 0.0139277558773756 0.01323136780411005 0.01256979908794165 0.01194130908697844 0.0113442437723279 0.01077703200280666 0.01023817993700504 0.009726271033287048 0.009239957667887211 0.008777960203588009 0.008339062333106995 0.007922109216451645 0.007526003755629063 0.007149703800678253 0.006792218424379826 0.006452607456594706 0.00612997729331255 0.005823478568345308 0.005532304756343365 0.00525568937882781 0.00499290507286787 0.004743259865790606 0.004506096709519625 0.004280792083591223 0.004066752269864082 0.003863414749503136 0.003670244012027979 0.003486731788143516 0.003312395187094808 0.003146775532513857 0.0029894367326051 0.002839964814484119 0.002697966527193785 0.002563068177551031 0.002434914698824286 0.00231316895224154 0.002197510562837124 0.002087634988129139 0.001983253285288811 0.001884090597741306 0.00178988603875041 0.001700391760095954 0.00161537213716656 0.001534603536128998 0.001457873382605612 0.001384979696013033 0.001315730740316212 0.001249944209121168 0.001187446992844343 0.001128074596635997 0.00107167090754956 0.00101808737963438 0.0009671830339357257 0.0009188238764181733 0.0008728826651349664 0.0008292385609820485 0.0007877766620367765 0.0007483878289349377 0.0007109684520401061 0.000675420043990016 0.0006416490650735795 0.0006095666321925819 0.0005790882860310376 0.0005501338746398687 0.0005226272041909397 0.000496495864354074 0.0004716710827779025 0.0004480875213630497 0.0004256831598468125 0.0004043990047648549 0.0003841790603473783 0.0003649700956884772 0.0003467215865384787 0.0003293855115771294 0.0003129162359982729 0.0002972704241983593 0.0002824068942572922 0.0002682865597307682 0.0002548722259234637 0.0002421286189928651 0.0002300221822224557 0.000218521076021716 0.0002075950178550556 0.0001972152676898986 0.0001873545115813613 0.0001779867889126763 0.0001690874487394467 0.0001606330770300701 0.0001526014239061624 0.0001449713599868119 0.0001377227890770882 0.0001308366481680423 0.0001242948201252148 0.0001180800754809752 0.0001121760724345222 0.0001065672695403919 0.000101238903880585 9.617696196073666e-05 9.136811422649771e-05 8.679970778757706e-05 8.245972276199609e-05 7.833673589630052e-05 7.441989873768762e-05 7.069890125421807e-05 6.716395728290081e-05 6.380576087394729e-05 6.061547173885629e-05 5.758469706051983e-05 5.470546238939278e-05 5.197018981561996e-05 4.937167977914214e-05 4.69030965177808e-05 4.455794260138646e-05 4.233004437992349e-05 4.021354106953368e-05 3.820286292466335e-05 3.6292720324127e-05 3.447808558121324e-05 3.275418202974834e-05 3.111647311015986e-05 2.956064963655081e-05 2.80826170637738e-05 2.667848639248405e-05 2.534456143621355e-05 2.407733336440288e-05 2.287346615048591e-05 2.172979293391109e-05 2.064330328721553e-05 1.961113775905687e-05 1.863058059825562e-05 1.769905065884814e-05 1.681409776210785e-05 1.597339360159822e-05 1.517472355772043e-05 1.441598760720808e-05 1.369518849969609e-05 1.301042902923655e-05 1.235990748682525e-05 1.174191220343346e-05 1.11548170025344e-05 1.059707574313506e-05 1.006722231977619e-05 9.563861567585263e-06 9.085668352781795e-06 8.631384844193235e-06 8.199815965781454e-06 7.789824849169236e-06 7.400333743134979e-06 7.030317192402435e-06 6.678801128146006e-06 6.344861049001338e-06 6.027617928339168e-06 5.72623685002327e-06 5.439925189421047e-06 5.167928975424729e-06 4.909532435704023e-06 4.664055722969351e-06 4.430853095982457e-06 4.209310645819642e-06 3.998844931629719e-06 3.798902753260336e-06 3.608957513279165e-06 3.428509671721258e-06 3.257084244978614e-06 3.094230123679154e-06 2.939518708444666e-06 2.792542773022433e-06 2.652915554790525e-06 2.520269845263101e-06 2.394256398474681e-06 2.274543476232793e-06 2.160816393370624e-06 2.052775471383939e-06 1.950136720552109e-06 1.852629907261871e-06
 0 0 0 0 0 0 0 0 0 0 0 0 0 0 0 0 0 0 0 0 0 0 0 0 0 0 0 0 0 0 0 0 0 0 0 0 0 0 0 0 0 0 0 0 0 0 0 0 0 0 0 0 0 0 0 0 0 0 0 0 0 0 0 0 0 0 0 0 0 0 0 0 0 0 0 0 0 0 0 0 0 0 0 0 0 0 0 0 0 0 0 0 0 0 0 0 0 0 0 0 0 0 0 0 0 0 0 0 0 0 0 0 0 0 0 0 0 0 0 0 0 0 0 0 0 0 0 0 0 0 0 0 0 0 0 0 0 0 0 0 0 0 0 0 0 0 0 0 0 0 0 0 0 0 0 0 0 0 0 0 0 0 0 0 0 0 0 0 0 0 0 0 0 0 0 0 0 0 0 0 0 0 0 0 0 0 0 0 0 0 0 0 0 0 0 0 0 0 0 0 0 0 0 0 0 0 0 0 0 0 0 0 0 0 0 0 0 0 0 0 0 0 0 0 0 0 0 0 0 0 0 0 0 0 0 0 0 0 0 0 0 0 0 0 0 0 0 0 0 0 0 0 0 0 0 0 0 0 0 0 0 0 0 0 0 0 0 0 0 0 0 0 0 0 0 0 0 0 0 0 0 0 0 0 0 0 0 0 0 0 0 0 0 0 0 0 0 0 0 0 0 0 0 0 0 0 0 0 0 0 0 0 0 0 0 0 0 0 0 0 0 0 0 0 0 0 0 0 0 0 0 0 0 0 0 0 0 0 0 0 0 0 0 0 0 0 0 0 0 0 0 0 0 0 0 0 0 0 0 0 0 0 0 0 0 0 0 0 0 0 0 0 0 0 0 0 0 0 0 0 0 0 0 0 0 0 0 0 0 0 0 0 0 0 0 0 0 0 0 0 0 0 0 0 0 0 0 0 0 0 0 0 0 0 0 0 0 0 0 0 0 0 0 0 0 0 0 0 0 0 0 0 0 0 0 0 0 0 0 0 0 0 0 0 0 0 0 0 0 0 0 0 0 0 0 0 0 0 0 0 0 0 0 0 0 0 0 0 0 0 0 0 0 0 0 0 0 0 0 0 0 0 0 0 0 0 0 0 0 0 0 0 0 0 0 0 0 0 0 0 0 0 0 0 0 0 0 0 0 0 0 0 0 0 0 0 0 0 0 0 0 0 0 0 0 0 0 0 0 0 0 0 0 0 0 0 0 0 0 0 0 0 0 0 0 0 0 0 0 0 0 0 0 0 0 0 0 0 0 0 0 0 0 0 0 0 0 0 0 0 0 0 0 0 0 0 0 0 0 0 0 0 0 0 0 0 0 0 0 0 0 0 0 0 0 0 0 0 0 0
 0 0 0 0 0 0 0 0 0 0 0 0 0 0 0 0 0 0 0 0 0 0 0 0 0 0 0 0 0 0 0 0 0 0 0 0 0 0 0 0 0 0 0 0 0 0 0 0 0 0 0 0 0 0 0 0 0 0 0 0 0 0 0 0 0 0 0 0 0 0 0 0 0 0 0 0 0 0 0 0 0 0 0 0 0 0 0 0 0 0 0 0 0 0 0 0 0 0 0 0 0 0 0 0 0 0 0 0 0 0 0 0 0 0 0 0 0 0 0 0 0 0 0 0 0 0 0 0 0 0 0 0 0 0 0 0 0 0 0 0 0 0 0 0 0 0 0 0 0 0 0 0 0 0 0 0 0 0 0 0 0 0 0 0 0 0 0 0 0 0 0 0 0 0 0 0 0 0 0 0 0 0 0 0 0 0 0 0 0 0 0 0 0 0 0 0 0 0 0 0 0 0 0 0 0 0 0 0 0 0 0 0 0 0 0 0 0 0 0 0 0 0 0 0 0 0 0 0 0 0 0 0 0 0 0 0 0 0 0 0 0 0 0 0 0 0 0 0 0 0 0 0 0 0 0 0 0 0 0 0 0 0 0 0 0 0 0 0 0 0 0 0 0 0 0 0 0 0 0 0 0 0 0 0 0 0 0 0 0 0 0 0 0 0 0 0 0 0 0 0 0 0 0 0 0 0 0 0 0 0 0 0 0 0 0 0 0 0 0 0 0 0 0 0 0 0 0 0 0 0 0 0 0 0 0 0 0 0 0 0 0 0 0 0 0 0 0 0 0 0 0 0 0 0 0 0 0 0 0 0 0 0 0 0 0 0 0 0 0 0 0 0 0 0 0 0 0 0 0 0 0 0 0 0 0 0 0 0 0 0 0 0 0 0 0 0 0 0 0 0 0 0 0 0 0 0 0 0 0 0 0 0 0 0 0 0 0 0 0 0 0 0 0 0 0 0 0 0 0 0 0 0 0 0 0 0 0 0 0 0 0 0 0 0 0 0 0 0 0 0 0 0 0 0 0 0 0 0 0 0 0 0 0 0 0 0 0 0 0 0 0 0 0 0 0 0 0 0 0 0 0 0 0 0 0 0 0 0 0 0 0 0 0 0 0 0 0 0 0 0 0 0 0 0 0 0 0 0 0 0 0 0 0 0 0 0 0 0 0 0 0 0 0 0 0 0 0 0 0 0 0 0 0 0 0 0 0 0 0 0 0 0 0 0 0 0 0 0 0 0 0 0 0 0 0 0 0 0 0 0 0 0 0 0 0 0 0 0 0 0 0 0 0 0 0 0 0 0 0 0 0 0 0 0 0 0 0 0 0 0 0 0 0 0 0 0 0 0 0 0
 0 0 0 0 0 0 0 0 0 0 0 0 0 0 0 0 0 0 0 0 0 0 0 0 0 0 0 0 0 0 0 0 0 0 0 0 0 0 0 0 0 0 0 0 0 0 0 0 0 0 0 0 0 0 0 0 0 0 0 0 0 0 0 0 0 0 0 0 0 0 0 0 0 0 0 0 0 0 0 0 0 0 0 0 0 0 0 0 0 0 0 0 0 0 0 0 0 0 0 0 0 0 0 0 0 0 0 0 0 0 0 0 0 0 0 0 0 0 0 0 0 0 0 0 0 0 0 0 0 0 0 0 0 0 0 0 0 0 0 0 0 0 0 0 0 0 0 0 0 0 0 0 0 0 0 0 0 0 0 0 0 0 0 0 0 0 0 0 0 0 0 0 0 0 0 0 0 0 0 0 0 0 0 0 0 0 0 0 0 0 0 0 0 0 0 0 0 0 0 0 0 0 0 0 0 0 0 0 0 0 0 0 0 0 0 0 0 0 0 0 0 0 0 0 0 0 0 0 0 0 0 0 0 0 0 0 0 0 0 0 0 0 0 0 0 0 0 0 0 0 0 0 0 0 0 0 0 0 0 0 0 0 0 0 0 0 0 0 0 0 0 0 0 0 0 0 0 0 0 0 0 0 0 0 0 0 0 0 0 0 0 0 0 0 0 0 0 0 0 0 0 0 0 0 0 0 0 0 0 0 0 0 0 0 0 0 0 0 0 0 0 0 0 0 0 0 0 0 0 0 0 0 0 0 0 0 0 0 0 0 0 0 0 0 0 0 0 0 0 0 0 0 0 0 0 0 0 0 0 0 0 0 0 0 0 0 0 0 0 0 0 0 0 0 0 0 0 0 0 0 0 0 0 0 0 0 0 0 0 0 0 0 0 0 0 0 0 0 0 0 0 0 0 0 0 0 0 0 0 0 0 0 0 0 0 0 0 0 0 0 0 0 0 0 0 0 0 0 0 0 0 0 0 0 0 0 0 0 0 0 0 0 0 0 0 0 0 0 0 0 0 0 0 0 0 0 0 0 0 0 0 0 0 0 0 0 0 0 0 0 0 0 0 0 0 0 0 0 0 0 0 0 0 0 0 0 0 0 0 0 0 0 0 0 0 0 0 0 0 0 0 0 0 0 0 0 0 0 0 0 0 0 0 0 0 0 0 0 0 0 0 0 0 0 0 0 0 0 0 0 0 0 0 0 0 0 0 0 0 0 0 0 0 0 0 0 0 0 0 0 0 0 0 0 0 0 0 0 0 0 0 0 0 0 0 0 0 0 0 0 0 0 0 0 0 0 0 0 0 0 0 0 0 0 0 0 0 0 0 0 0 0 0 0 0 0 0 0 0 0
 0 0 0 0 0 0 0 0 0 0 0 0 0 0 0 0 0 0 0 0 0 0 0 0 0 0 0 0 0 0 0 0 0 0 0 0 0 0 0 0 0 0 0 0 0 0 0 0 0 0 0 0 0 0 0 0 0 0 0 0 0 0 0 0 0 0 0 0 0 0 0 0 0 0 0 0 0 0 0 0 0 0 0 0 0 0 0 0 0 0 0 0 0 0 0 0 0 0 0 0 0 0 0 0 0 0 0 0 0 0 0 0 0 0 0 0 0 0 0 0 0 0 0 0 0 0 0 0 0 0 0 0 0 0 0 0 0 0 0 0 0 0 0 0 0 0 0 0 0 0 0 0 0 0 0 0 0 0 0 0 0 0 0 0 0 0 0 0 0 0 0 0 0 0 0 0 0 0 0 0 0 0 0 0 0 0 0 0 0 0 0 0 0 0 0 0 0 0 0 0 0 0 0 0 0 0 0 0 0 0 0 0 0 0 0 0 0 0 0 0 0 0 0 0 0 0 0 0 0 0 0 0 0 0 0 0 0 0 0 0 0 0 0 0 0 0 0 0 0 0 0 0 0 0 0 0 0 0 0 0 0 0 0 0 0 0 0 0 0 0 0 0 0 0 0 0 0 0 0 0 0 0 0 0 0 0 0 0 0 0 0 0 0 0 0 0 0 0 0 0 0 0 0 0 0 0 0 0 0 0 0 0 0 0 0 0 0 0 0 0 0 0 0 0 0 0 0 0 0 0 0 0 0 0.0005810147267766297 0.002056312980130315 0.004483494907617569 0.008020964451134205 0.01268470846116543 0.0186638105660677 0.02596125565469265 0.03455497324466705 0.04446111619472504 0.05538219213485718 0.06738544255495071 0.08047205209732056 0.09423502534627914 0.1086189895868301 0.1236595809459686 0.1393734961748123 0.1557521224021912 0.172694519162178 0.1901349276304245 0.2081227898597717 0.2265298217535019 0.2451272159814835 0.2639987170696259 0.2831940352916718 0.3025382459163666 0.319484144449234 0.3315538763999939 0.3370672464370728 0.3349004685878754 0.3242687880992889 0.3080553412437439 0.2926525771617889 0.2780199348926544 0.2641189396381378 0.250912994146347 0.2383673489093781 0.2264489829540253 0.2151265293359756 0.2043702006340027 0.1941516846418381 0.1844440996646881 0.1752218902111053 0.1664607971906662 0.1581377536058426 0.1502308696508408 0.1427193284034729 0.1355833560228348 0.1288041919469833 0.1223639845848083 0.1162457838654518 0.1104334965348244 0.1049118191003799 0.09966623038053513 0.09468291699886322 0.08994877338409424 0.08545133471488953 0.08117876946926117 0.07711982727050781 0.07326383888721466 0.06960064917802811 0.06612061709165573 0.06281458586454391 0.05967385694384575 0.05669016391038895 0.05385565757751465 0.05116287618875504 0.04860473424196243 0.04617449641227722 0.04386577010154724 0.041672483086586 0.03958885744214058 0.03760941326618195 0.03572894260287285 0.03394249454140663 0.03224537149071693 0.0306331031024456 0.02910144813358784 0.0276463758200407 0.02626405656337738 0.02495085448026657 0.0237033125013113 0.02251814678311348 0.02139223925769329 0.02032262645661831 0.0193064957857132 0.01834117062389851 0.01742411218583584 0.01655290648341179 0.01572526060044765 0.01493899710476398 0.01419204752892256 0.01348244491964579 0.01280832290649414 0.0121679063886404 0.0115595106035471 0.01098153553903103 0.0104324584826827 0.009910835884511471 0.009415294043719769 0.008944529108703136 0.008497302420437336 0.008072437718510628 0.007668816018849611 0.007285375148057938 0.006921106483787298 0.006575051229447126 0.006246298551559448 0.005933983717113733 0.005637284368276596 0.005355420056730509 0.00508764898404479 0.004833266604691744 0.004591603297740221 0.004362022969871759 0.004143921658396721 0.003936725668609142 0.003739889478310943 0.003552895039319992 0.00337525038048625 0.003206487745046616 0.003046163357794285 0.002893855096772313 0.002749162260442972 0.002611704170703888 0.002481119008734822 0.002357063116505742 0.002239210065454245 0.002127249492332339 0.002020887099206448 0.001919842790812254 0.001823850674554706 0.001732658129185438 0.001646025222726166 0.001563724013976753 0.001485537854023278 0.001411260920576751 0.001340697868727148 0.001273663016036153 0.001209979876875877 0.001149480929598212 0.001092006918042898 0.001037406618706882 0.0009855362586677074 0.0009362594573758543 0.0008894464699551463 0.0008449741289950907 0.0008027254370972514 0.0007625891594216228 0.0007244597072713077 0.0006882367306388915 0.0006538248853757977 0.0006211336585693061 0.0005900769610889256 0.0005605731275863945 0.0005325444508343935 0.000505917239934206 0.0004806213837582618 0.0004565903218463063 0.0004337608115747571 0.0004120727826375514 0.0003914691333193332 0.000371895672287792 0.0003533008857630193 0.0003356358502060175 0.0003188540576957166 0.0003029113577213138 0.0002877657825592905 0.0002733774890657514 0.0002597086131572723 0.0002467231824994087 0.0002343870291952044 0.0002226676733698696 0.0002115342940669507 0.0002009575837291777 0.0001909097045427188 0.0001813642156776041 0.0001722960005281493 0.00016368119395338 0.0001554971386212856 0.0001477222831454128 0.0001403361675329506 0.0001333193649770692 0.0001266533945454285 0.0001203207211801782 0.000114304682938382 0.0001085894473362714 0.0001031599749694578 9.800197585718706e-05 9.310188033850864e-05 8.844678814057261e-05 8.402444655075669e-05 7.982322131283581e-05 7.583206024719402e-05 7.204045687103644e-05 6.843843584647402e-05 6.501651660073549e-05 6.176569149829447e-05 5.867740765097551e-05 5.574353781412356e-05 5.295636219670996e-05 5.030854299548082e-05 4.779311711899936e-05 4.540345980785787e-05 4.31332882726565e-05 4.09766253142152e-05 3.89277956855949e-05 3.698140426422469e-05 3.5132332413923e-05 3.337571615702473e-05 3.170693162246607e-05 3.012158413184807e-05 2.861550456145778e-05 2.718472933338489e-05 2.582549313956406e-05 2.453421802783851e-05 2.330750794499181e-05 2.214213236584328e-05 2.103502629324794e-05 1.99832757061813e-05 1.898411210277118e-05 1.803490704332944e-05 1.713316123641562e-05 1.627650271984749e-05 1.546267776575405e-05 1.468954360461794e-05 1.395506660628598e-05 1.325731318502221e-05 1.259444798051845e-05 1.1964725672442e-05 1.136648916144622e-05 1.079816502169706e-05 1.025825713441009e-05 9.745343959366437e-06 9.25807671592338e-06 8.795173016551416e-06 8.35541413835017e-06 7.937643204058986e-06 7.540761089330772e-06 7.163723239500541e-06 6.805536941101309e-06 6.465259957622038e-06 6.141996891528834e-06 5.834896910528187e-06 5.543151928577572e-06 5.265994332148694e-06 5.002694706490729e-06 4.752560016640928e-06 4.514931788435206e-06 4.289185199013446e-06 4.074725893588038e-06 3.870989530696534e-06 3.677439963212237e-06 3.493567874102155e-06 3.318889412184944e-06 3.152944827888859e-06 2.995297563757049e-06 2.845532662831829e-06 2.703256086533656e-06 2.568093350419076e-06 2.43968861468602e-06 2.317704229426454e-06 2.201818915636977e-06 2.091727992592496e-06 1.98714155885682e-06 1.887784492282663e-06 1.793395313143265e-06 1.703725502011366e-06
 0 0 0 0 0 0 0 0 0 0 0 0 0 0 0 0 0 0 0 0 0 0 0 0 0 0 0 0 0 0 0 0 0 0 0 0 0 0 0 0 0 0 0 0 0 0 0 0 0 0 0 0 0 0 0 0 0 0 0 0 0 0 0 0 0 0 0 0 0 0 0 0 0 0 0 0 0 0 0 0 0 0 0 0 0 0 0 0 0 0 0 0 0 0 0 0 0 0 0 0 0 0 0 0 0 0 0 0 0 0 0 0 0 0 0 0 0 0 0 0 0 0 0 0 0 0 0 0 0 0 0 0 0 0 0 0 0 0 0 0 0 0 0 0 0 0 0 0 0 0 0 0 0 0 0 0 0 0 0 0 0 0 0 0 0 0 0 0 0 0 0 0 0 0 0 0 0 0 0 0 0 0 0 0 0 0 0 0 0 0 0 0 0 0 0 0 0 0 0 0 0 0 0 0 0 0 0 0 0 0 0 0 0 0 0 0 0 0 0 0 0 0 0 0 0 0 0 0 0 0 0 0 0 0 0 0 0 0 0 0 0 0 0 0 0 0 0 0 0 0 0 0 0 0 0 0 0 0 0 0 0 0 0 0 0 0 0 0 0 0 0 0 0 0 0 0 0 0 0 0 0 0 0 0 0 0 0 0 0 0 0 0 0 0 0 0 0 0 0 0 0 0 0 0 0 0 0 0 0 0 0 0 0 0 0 0 0 0 0 0 0 0 0 0 0 0 0 0 0 0 0 0 0 0 0 0 0 0 0 0 0 0 0 0 0 0 0 0 0 0 0 0 0 0 0 0 0 0 0 0 0 0 0 0 0 0 0 0 0 0 0 0 0 0 0 0 0 0 0 0 0 0 0 0 0 0 0 0 0 0 0 0 0 0 0 0 0 0 0 0 0 0 0 0 0 0 0 0 0 0 0 0 0 0 0 0 0 0 0 0 0 0 0 0 0 0 0 0 0 0 0 0 0 0 0 0 0 0 0 0 0 0 0 0 0 0 0 0 0 0 0 0 0 0 0 0 0 0 0 0 0 0 0 0 0 0 0 0 0 0 0 0 0 0 0 0 0 0 0 0 0 0 0 0 0 0 0 0 0 0 0 0 0 0 0 0 0 0 0 0 0 0 0 0 0 0 0 0 0 0 0 0 0 0 0 0 0 0 0 0 0 0 0 0 0 0 0 0 0 0 0 0 0 0 0 0 0 0 0 0 0 0 0 0 0 0 0 0 0 0 0 0 0 0 0 0 0 0 0 0 0 0 0 0 0 0 0 0 0 0 0 0 0 0 0 0 0 0 0 0 0 0 0 0 0 0 0 0 0 0 0 0 0 0 0 0 0 0 0 0
 0 0 0 0 0 0 0 0 0 0 0 0 0 0 0 0 0 0 0 0 0 0 0 0 0 0 0 0 0 0 0 0 0 0 0 0 0 0 0 0 0 0 0 0 0 0 0 0 0 0 0 0 0 0 0 0 0 0 0 0 0 0 0 0 0 0 0 0 0 0 0 0 0 0 0 0 0 0 0 0 0 0 0 0 0 0 0 0 0 0 0 0 0 0 0 0 0 0 0 0 0 0 0 0 0 0 0 0 0 0 0 0 0 0 0 0 0 0 0 0 0 0 0 0 0 0 0 0 0 0 0 0 0 0 0 0 0 0 0 0 0 0 0 0 0 0 0 0 0 0 0 0 0 0 0 0 0 0 0 0 0 0 0 0 0 0 0 0 0 0 0 0 0 0 0 0 0 0 0 0 0 0 0 0 0 0 0 0 0 0 0 0 0 0 0 0 0 0 0 0 0 0 0 0 0 0 0 0 0 0 0 0 0 0 0 0 0 0 0 0 0 0 0 0 0 0 0 0 0 0 0 0 0 0 0 0 0 0 0 0 0 0 0 0 0 0 0 0 0 0 0 0 0 0 0 0 0 0 0 0 0 0 0 0 0 0 0 0 0 0 0 0 0 0 0 0 0 0 0 0 0 0 0 0 0 0 0 0 0 0 0 0 0 0 0 0 0 0 0 0 0 0 0 0 0 0 0 0 0 0 0 0 0 0 0 0 0 0 0 0 0 0 0 0 0 0 0 0 0 0 0 0 0 0 0 0 0 0 0 0 0 0 0 0 0 0 0 0 0 0 0 0 0 0 0 0 0 0 0 0 0 0 0 0 0 0 0 0 0 0 0 0 0 0 0 0 0 0 0 0 0 0 0 0 0 0 0 0 0 0 0 0 0 0 0 0 0 0 0 0 0 0 0 0 0 0 0 0 0 0 0 0 0 0 0 0 0 0 0 0 0 0 0 0 0 0 0 0 0 0 0 0 0 0 0 0 0 0 0 0 0 0 0 0 0 0 0 0 0 0 0 0 0 0 0 0 0 0 0 0 0 0 0 0 0 0 0 0 0 0 0 0 0 0 0 0 0 0 0 0 0 0 0 0 0 0 0 0 0 0 0 0 0 0 0 0 0 0 0 0 0 0 0 0 0 0 0 0 0 0 0 0 0 0 0 0 0 0 0 0 0 0 0 0 0 0 0 0 0 0 0 0 0 0 0 0 0 0 0 0 0 0 0 0 0 0 0 0 0 0 0 0 0 0 0 0 0 0 0 0 0 0 0 0 0 0 0 0 0 0 0 0 0 0 0 0 0 0 0 0 0 0 0 0 0 0 0 0 0 0 0 0 0 0 0 0 0 0 0 0
 0 0 0 0 0 0 0 0 0 0 0 0 0 0 0 0 0 0 0 0 0 0 0 0 0 0 0 0 0 0 0 0 0 0 0 0 0 0 0 0 0 0 0 0 0 0 0 0 0 0 0 0 0 0 0 0 0 0 0 0 0 0 0 0 0 0 0 0 0 0 0 0 0 0 0 0 0 0 0 0 0 0 0 0 0 0 0 0 0 0 0 0 0 0 0 0 0 0 0 0 0 0 0 0 0 0 0 0 0 0 0 0 0 0 0 0 0 0 0 0 0 0 0 0 0 0 0 0 0 0 0 0 0 0 0 0 0 0 0 0 0 0 0 0 0 0 0 0 0 0 0 0 0 0 0 0 0 0 0 0 0 0 0 0 0 0 0 0 0 0 0 0 0 0 0 0 0 0 0 0 0 0 0 0 0 0 0 0 0 0 0 0 0 0 0 0 0 0 0 0 0 0 0 0 0 0 0 0 0 0 0 0 0 0 0 0 0 0 0 0 0 0 0 0 0 0 0 0 0 0 0 0 0 0 0 0 0 0 0 0 0 0 0 0 0 0 0 0 0 0 0 0 0 0 0 0 0 0 0 0 0 0 0 0 0 0 0 0 0 0 0 0 0 0 0 0 0 0 0 0 0 0 0 0 0 0 0 0 0 0 0 0 0 0 0 0 0 0 0 0 0 0 0 0 0 0 0 0 0 0 0 0 0 0 0 0 0 0 0 0 0 0 0 0 0 0 0 0 0 0 0 0 0 0 0 0 0 0 0 0 0 0 0 0 0 0 0 0 0 0 0 0 0 0 0 0 0 0 0 0 0 0 0 0 0 0 0 0 0 0 0 0 0 0 0 0 0 0 0 0 0 0 0 0 0 0 0 0 0 0 0 0 0 0 0 0 0 0 0 0 0 0 0 0 0 0 0 0 0 0 0 0 0 0 0 0 0 0 0 0 0 0 0 0 0 0 0 0 0 0 0 0 0 0 0 0 0 0 0 0 0 0 0 0 0 0 0 0 0 0 0 0 0 0 0 0 0 0 0 0 0 0 0 0 0 0 0 0 0 0 0 0 0 0 0 0 0 0 0 0 0 0 0 0 0 0 0 0 0 0 0 0 0 0 0 0 0 0 0 0 0 0 0 0 0 0 0 0 0 0 0 0 0 0 0 0 0 0 0 0 0 0 0 0 0 0 0 0 0 0 0 0 0 0 0 0 0 0 0 0 0 0 0 0 0 0 0 0 0 0 0 0 0 0 0 0 0 0 0 0 0 0 0 0 0 0 0 0 0 0 0 0 0 0 0 0 0 0 0 0 0 0 0 0 0 0 0 0 0 0 0 0 0 0 0 0 0 0 0 0
 0 0 0 0 0 0 0 0 0 0 0 0 0 0 0 0 0 0 0 0 0 0 0 0 0 0 0 0 0 0 0 0 0 0 0 0 0 0 0 0 0 0 0 0 0 0 0 0 0 0 0 0 0 0 0 0 0 0 0 0 0 0 0 0 0 0 0 0 0 0 0 0 0 0 0 0 0 0 0 0 0 0 0 0 0 0 0 0 0 0 0 0 0 0 0 0 0 0 0 0 0 0 0 0 0 0 0 0 0 0 0 0 0 0 0 0 0 0 0 0 0 0 0 0 0 0 0 0 0 0 0 0 0 0 0 0 0 0 0 0 0 0 0 0 0 0 0 0 0 0 0 0 0 0 0 0 0 0 0 0 0 0 0 0 0 0 0 0 0 0 0 0 0 0 0 0 0 0 0 0 0 0 0 0 0 0 0 0 0 0 0 0 0 0 0 0 0 0 0 0 0 0 0 0 0 0 0 0 0 0 0 0 0 0 0 0 0 0 0 0 0 0 0 0 0 0 0 0 0 0 0 0 0 0 0 0 0 0 0 0 0 0 0 0 0 0 0 0 0 0 0 0 0 0 0 0 0 0 0 0 0 0 0 0 0 0 0 0 0 0 0 0 0 0 0 0 0 0 0 0 0 0 0 0 0 0 0 0 0 0 0 0 0 0 0 0 0 0 0 0 0 0 0 0 0 0 0 0 0 0 0 0 0 0 0 0 0 0 0 0 0 0 0 0 0 0 0 0 0 0 0 0 0 0 0 0 0.000773245410528034 0.00246457988396287 0.005162253975868225 0.008944331668317318 0.01383003033697605 0.01986783184111118 0.02712198719382286 0.03566963225603104 0.04523665457963943 0.05576605722308159 0.06727586686611176 0.07984562963247299 0.09339419007301331 0.1077001467347145 0.1226006001234055 0.1381153911352158 0.1541751027107239 0.1706048995256424 0.1874712258577347 0.2047625780105591 0.2224488407373428 0.2405007183551788 0.2588689029216766 0.2775556147098541 0.2964666485786438 0.31308314204216 0.3249000310897827 0.3302529156208038 0.3281169831752777 0.3178354799747467 0.3019437193870544 0.2868465185165405 0.2725041806697845 0.2588789761066437 0.2459350228309631 0.233638271689415 0.2219563573598862 0.2108585387468338 0.2003156095743179 0.1902998238801956 0.1807848364114761 0.1717455983161926 0.1631583124399185 0.1550004035234451 0.1472503840923309 0.1398878693580627 0.1328934729099274 0.1262488067150116 0.1199363693594933 0.1139395534992218 0.108242578804493 0.1028304472565651 0.09768892824649811 0.09280448406934738 0.08816426247358322 0.08375605195760727 0.07956825196743011 0.07558983564376831 0.07181034237146378 0.06821982562541962 0.06480883061885834 0.06156839057803154 0.05848997086286545 0.05556547269225121 0.05278719961643219 0.05014783889055252 0.04764044657349586 0.04525842517614365 0.04299550503492355 0.04084572941064835 0.03880344331264496 0.03686327114701271 0.03502010926604271 0.03326910361647606 0.03160564973950386 0.03002536669373512 0.02852409891784191 0.02709789387881756 0.02574299834668636 0.02445584908127785 0.02323305606842041 0.02207140251994133 0.02096783183515072 0.01991944015026093 0.01892346888780594 0.01797729544341564 0.01707843132317066 0.01622450910508633 0.01541328337043524 0.01464261952787638 0.01391048822551966 0.01321496348828077 0.01255421526730061 0.01192650478333235 0.01133017987012863 0.01076367124915123 0.01022548787295818 0.009714213199913502 0.00922850240021944 0.008767077699303627 0.008328723721206188 0.00791228748857975 0.007516673300415277 0.007140839472413063 0.006783797405660152 0.006444607395678759 0.0061223772354424 0.005816258490085602 0.005525445565581322 0.005249173380434513 0.004986714571714401 0.004737379029393196 0.004500510171055794 0.004275484476238489 0.004061710089445114 0.003858624491840601 0.003665693337097764 0.003482408588752151 0.003308288054540753 0.003142873756587505 0.00298573006875813 0.002836443483829498 0.002694621216505766 0.002559890039265156 0.002431895583868027 0.002310300711542368 0.002194785745814443 0.002085046377032995 0.001980794128030539 0.001881754375062883 0.001787666697055101 0.001698283362202346 0.001613369211554527 0.001532700727693737 0.001456065685488284 0.001383262453600764 0.00131409929599613 0.001248394371941686 0.001185974688269198 0.001126675982959569 0.001070342143066227 0.001016825088299811 0.0009659838397055864 0.0009176846360787749 0.0008718004100956023 0.000828210380859673 0.0007867998792789876 0.0007474598824046552 0.0007100868970155716 0.000674582552164793 0.0006408534245565534 0.0006088107475079596 0.000578370236326009 0.0005494517390616238 0.00052197917830199 0.0004958802019245923 0.0004710861830972135 0.0004475318710319698 0.0004251552745699883 0.0004038975166622549 0.0003837026306428015 0.0003645175020210445 0.0003462916356511414 0.0003289770684204996 0.0003125282237306237 0.0002969018241856247 0.0002820567460730672 0.0002679539029486477 0.0002545562165323645 0.0002418284129817039 0.0002297369937878102 0.0002182501484639943 0.0002073376381304115 0.0001969707518583164 0.0001871222193585709 0.0001777661091182381 0.0001688777992967516 0.0001604339049663395 0.0001524122053524479 0.0001447916001779959 0.0001375520223518834 0.0001306744234170765 0.0001241407007910311 0.0001179336686618626 0.0001120369852287695 0.0001064351381501183 0.0001011133790598251 9.60577090154402e-05 9.125482029048726e-05 8.669208182254806e-05 8.235748100560158e-05 7.823960913810879e-05 7.432763231918216e-05 7.061124779284e-05 6.708068394800648e-05 6.372664938680828e-05 6.054031837265939e-05 5.751330172643065e-05 5.463763591251336e-05 5.190575393498875e-05 4.931046714773402e-05 4.684494342654943e-05 4.450269625522196e-05 4.227756289765239e-05 4.016368620796129e-05 3.815550007857382e-05 3.624772580224089e-05 3.443533933022991e-05 3.271357127232477e-05 3.107789234491065e-05 2.952399700006936e-05 2.804779796861112e-05 2.664540807018057e-05 2.53131383942673e-05 2.404748192930128e-05 2.284510810568463e-05 2.170285188185517e-05 2.061771010630764e-05 1.958682514668908e-05 1.860748307080939e-05 1.767710818967316e-05 1.679325214354321e-05 1.595359026396181e-05 1.515591065981425e-05 1.439811512682354e-05 1.367820914310869e-05 1.29942982312059e-05 1.234458341059508e-05 1.172735392174218e-05 1.114098631660454e-05 1.058393718267325e-05 1.005474041448906e-05 9.552003575663548e-06 9.074403351405635e-06 8.620682820037473e-06 8.189648724510334e-06 7.780166015436407e-06 7.391157851088792e-06 7.021600140433293e-06 6.670520178886363e-06 6.336994374578353e-06 6.0201446103747e-06 5.71913733438123e-06 5.433180376712698e-06 5.161521585250739e-06 4.903445642412407e-06 4.658273155655479e-06 4.425359293236397e-06 4.204091510473518e-06 3.993886821263004e-06 3.794192480199854e-06 3.604482799346442e-06 3.424258693485172e-06 3.253045861129067e-06 3.0903936476534e-06 2.935873908427311e-06 2.789080099319108e-06 2.649626139827888e-06 2.517144821467809e-06 2.391287580394419e-06 2.271723133162595e-06 2.158137021979201e-06 2.050230250461027e-06 1.947718828887446e-06
 0 0 0 0 0 0 0 0 0 0 0 0 0 0 0 0 0 0 0 0 0 0 0 0 0 0 0 0 0 0 0 0 0 0 0 0 0 0 0 0 0 0 0 0 0 0 0 0 0 0 0 0 0 0 0 0 0 0 0 0 0 0 0 0 0 0 0 0 0 0 0 0 0 0 0 0 0 0 0 0 0 0 0 0 0 0 0 0 0 0 0 0 0 0 0 0 0 0 0 0 0 0 0 0 0 0 0 0 0 0 0 0 0 0 0 0 0 0 0 0 0 0 0 0 0 0 0 0 0 0 0 0 0 0 0 0 0 0 0 0 0 0 0 0 0 0 0 0 0 0 0 0 0 0 0 0 0 0 0 0 0 0 0 0 0 0 0 0 0 0 0 0 0 0 0 0 0 0 0 0 0 0 0 0 0 0 0 0 0 0 0 0 0 0 0 0 0 0 0 0 0 0 0 0 0 0 0 0 0 0 0 0 0 0 0 0 0 0 0 0 0 0 0 0 0 0 0 0 0 0 0 0 0 0 0 0 0 0 0 0 0 0 0 0 0 0 0 0 0 0 0 0 0 0 0 0 0 0 0 0 0 0 0 0 0 0 0 0 0 0 0 0 0 0 0 0 0 0 0 0 0 0 0 0 0 0 0 0 0 0 0 0 0 0 0 0 0 0 0 0 0 0 0 0 0 0 0 0 0 0 0 0 0 0 0 0 0 0 0 0 0 0 0 0 0 0 0 0 0 0 0 0 0 0 0 0 0 0 0 0 0 0 0 0 0 0 0 0 0 0 0 0 0 0 0 0 0 0 0 0 0 0 0 0 0 0 0 0 0 0 0 0 0 0 0 0 0 0 0 0 0 0 0 0 0 0 0 0 0 0 0 0 0 0 0 0 0 0 0 0 0 0 0 0 0 0 0 0 0 0 0 0 0 0 0 0 0 0 0 0 0 0 0 0 0 0 0 0 0 0 0 0 0 0 0 0 0 0 0 0 0 0 0 0 0 0 0 0 0 0 0 0 0 0 0 0 0 0 0 0 0 0 0 0 0 0 0 0 0 0 0 0 0 0 0 0 0 0 0 0 0 0 0 0 0 0 0 0 0 0 0 0 0 0 0 0 0 0 0 0 0 0 0 0 0 0 0 0 0 0 0 0 0 0 0 0 0 0 0 0 0 0 0 0 0 0 0 0 0 0 0 0 0 0 0 0 0 0 0 0 0 0 0 0 0 0 0 0 0 0 0 0 0 0 0 0 0 0 0 0 0 0 0 0 0 0 0 0 0 0 0 0 0 0 0 0 0 0 0 0 0 0 0 0 0 0 0 0 0 0 0 0 0 0 0 0 0 0 0 0
 0 0 0 0 0 0 0 0 0 0 0 0 0 0 0 0 0 0 0 0 0 0 0 0 0 0 0 0 0 0 0 0 0 0 0 0 0 0 0 0 0 0 0 0 0 0 0 0 0 0 0 0 0 0 0 0 0 0 0 0 0 0 0 0 0 0 0 0 0 0 0 0 0 0 0 0 0 0 0 0 0 0 0 0 0 0 0 0 0 0 0 0 0 0 0 0 0 0 0 0 0 0 0 0 0 0 0 0 0 0 0 0 0 0 0 0 0 0 0 0 0 0 0 0 0 0 0 0 0 0 0 0 0 0 0 0 0 0 0 0 0 0 0 0 0 0 0 0 0 0 0 0 0 0 0 0 0 0 0 0 0 0 0 0 0 0 0 0 0 0 0 0 0 0 0 0 0 0 0 0 0 0 0 0 0 0 0 0 0 0 0 0 0 0 0 0 0 0 0 0 0 0 0 0 0 0 0 0 0 0 0 0 0 0 0 0 0 0 0 0 0 0 0 0 0 0 0 0 0 0 0 0 0 0 0 0 0 0 0 0 0 0 0 0 0 0 0 0 0 0 0 0 0 0 0 0 0 0 0 0 0 0 0 0 0 0 0 0 0 0 0 0 0 0 0 0 0 0 0 0 0 0 0 0 0 0 0 0 0 0 0 0 0 0 0 0 0 0 0 0 0 0 0 0 0 0 0 0 0 0 0 0 0 0 0 0 0 0 0 0 0 0 0 0 0 0 0 0 0 0 0 0 0 0 0 0 0 0 0 0 0 0 0 0 0 0 0 0 0 0 0 0 0 0 0 0 0 0 0 0 0 0 0 0 0 0 0 0 0 0 0 0 0 0 0 0 0 0 0 0 0 0 0 0 0 0 0 0 0 0 0 0 0 0 0 0 0 0 0 0 0 0 0 0 0 0 0 0 0 0 0 0 0 0 0 0 0 0 0 0 0 0 0 0 0 0 0 0 0 0 0 0 0 0 0 0 0 0 0 0 0 0 0 0 0 0 0 0 0 0 0 0 0 0 0 0 0 0 0 0 0 0 0 0 0 0 0 0 0 0 0 0 0 0 0 0 0 0 0 0 0 0 0 0 0 0 0 0 0 0 0 0 0 0 0 0 0 0 0 0 0 0 0 0 0 0 0 0 0 0 0 0 0 0 0 0 0 0 0 0 0 0 0 0 0 0 0 0 0 0 0 0 0 0 0 0 0 0 0 0 0 0 0 0 0 0 0 0 0 0 0 0 0 0 0 0 0 0 0 0 0 0 0 0 0 0 0 0 0 0 0 0 0 0 0 0 0 0 0 0 0 0 0 0 0 0 0 0 0 0 0 0 0 0 0 0 0 0 0 0


# name: r_0_m16_G0_L0p3_D0p7
# type: matrix
# rows: 1
# columns: 14
 0 -16 0.2 0 0.3 0 -9.534328333333333 0 0 0.1739122483802298 0 162.5 1.048808848170152 0.7




