# Created by Octave 3.8.1, Tue Dec 16 11:01:55 2014 GMT <alex@alex-ubuntu-vb>
# name: t
# type: range
# base, limit, increment
0.0005 0.3 0.0005


# name: T
# type: matrix
# rows: 604
# columns: 1
 0
 0
 0
 0
 0.0005
 0.001
 0.0015
 0.002
 0.0025
 0.003
 0.0035
 0.004
 0.0045
 0.005
 0.0055
 0.006
 0.0065
 0.007
 0.0075
 0.008
 0.008500000000000001
 0.008999999999999999
 0.0095
 0.01
 0.0105
 0.011
 0.0115
 0.012
 0.0125
 0.013
 0.0135
 0.014
 0.0145
 0.015
 0.0155
 0.016
 0.0165
 0.017
 0.0175
 0.018
 0.0185
 0.019
 0.0195
 0.02
 0.0205
 0.021
 0.0215
 0.022
 0.0225
 0.023
 0.0235
 0.024
 0.0245
 0.025
 0.0255
 0.026
 0.0265
 0.027
 0.0275
 0.028
 0.0285
 0.029
 0.0295
 0.03
 0.0305
 0.031
 0.0315
 0.032
 0.0325
 0.033
 0.0335
 0.034
 0.0345
 0.035
 0.0355
 0.036
 0.0365
 0.037
 0.0375
 0.038
 0.0385
 0.039
 0.0395
 0.04
 0.0405
 0.041
 0.0415
 0.042
 0.0425
 0.043
 0.0435
 0.044
 0.0445
 0.045
 0.0455
 0.046
 0.0465
 0.047
 0.0475
 0.048
 0.0485
 0.049
 0.0495
 0.05
 0.0505
 0.051
 0.0515
 0.052
 0.0525
 0.053
 0.0535
 0.054
 0.0545
 0.055
 0.0555
 0.056
 0.0565
 0.057
 0.0575
 0.058
 0.0585
 0.059
 0.0595
 0.06
 0.0605
 0.061
 0.0615
 0.062
 0.0625
 0.063
 0.0635
 0.064
 0.0645
 0.065
 0.0655
 0.066
 0.0665
 0.067
 0.0675
 0.068
 0.06850000000000001
 0.06900000000000001
 0.06950000000000001
 0.07000000000000001
 0.07049999999999999
 0.07099999999999999
 0.07149999999999999
 0.07199999999999999
 0.0725
 0.073
 0.0735
 0.074
 0.0745
 0.075
 0.0755
 0.076
 0.0765
 0.077
 0.0775
 0.078
 0.0785
 0.079
 0.0795
 0.08
 0.0805
 0.081
 0.0815
 0.082
 0.0825
 0.083
 0.0835
 0.08400000000000001
 0.08450000000000001
 0.08500000000000001
 0.08550000000000001
 0.08599999999999999
 0.08649999999999999
 0.08699999999999999
 0.08749999999999999
 0.08799999999999999
 0.0885
 0.089
 0.0895
 0.09
 0.0905
 0.091
 0.0915
 0.092
 0.0925
 0.093
 0.0935
 0.094
 0.0945
 0.095
 0.0955
 0.096
 0.0965
 0.097
 0.0975
 0.098
 0.0985
 0.099
 0.09950000000000001
 0.1
 0.1005
 0.101
 0.1015
 0.102
 0.1025
 0.103
 0.1035
 0.104
 0.1045
 0.105
 0.1055
 0.106
 0.1065
 0.107
 0.1075
 0.108
 0.1085
 0.109
 0.1095
 0.11
 0.1105
 0.111
 0.1115
 0.112
 0.1125
 0.113
 0.1135
 0.114
 0.1145
 0.115
 0.1155
 0.116
 0.1165
 0.117
 0.1175
 0.118
 0.1185
 0.119
 0.1195
 0.12
 0.1205
 0.121
 0.1215
 0.122
 0.1225
 0.123
 0.1235
 0.124
 0.1245
 0.125
 0.1255
 0.126
 0.1265
 0.127
 0.1275
 0.128
 0.1285
 0.129
 0.1295
 0.13
 0.1305
 0.131
 0.1315
 0.132
 0.1325
 0.133
 0.1335
 0.134
 0.1345
 0.135
 0.1355
 0.136
 0.1365
 0.137
 0.1375
 0.138
 0.1385
 0.139
 0.1395
 0.14
 0.1405
 0.141
 0.1415
 0.142
 0.1425
 0.143
 0.1435
 0.144
 0.1445
 0.145
 0.1455
 0.146
 0.1465
 0.147
 0.1475
 0.148
 0.1485
 0.149
 0.1495
 0.15
 0.1505
 0.151
 0.1515
 0.152
 0.1525
 0.153
 0.1535
 0.154
 0.1545
 0.155
 0.1555
 0.156
 0.1565
 0.157
 0.1575
 0.158
 0.1585
 0.159
 0.1595
 0.16
 0.1605
 0.161
 0.1615
 0.162
 0.1625
 0.163
 0.1635
 0.164
 0.1645
 0.165
 0.1655
 0.166
 0.1665
 0.167
 0.1675
 0.168
 0.1685
 0.169
 0.1695
 0.17
 0.1705
 0.171
 0.1715
 0.172
 0.1725
 0.173
 0.1735
 0.174
 0.1745
 0.175
 0.1755
 0.176
 0.1765
 0.177
 0.1775
 0.178
 0.1785
 0.179
 0.1795
 0.18
 0.1805
 0.181
 0.1815
 0.182
 0.1825
 0.183
 0.1835
 0.184
 0.1845
 0.185
 0.1855
 0.186
 0.1865
 0.187
 0.1875
 0.188
 0.1885
 0.189
 0.1895
 0.19
 0.1905
 0.191
 0.1915
 0.192
 0.1925
 0.193
 0.1935
 0.194
 0.1945
 0.195
 0.1955
 0.196
 0.1965
 0.197
 0.1975
 0.198
 0.1985
 0.199
 0.1995
 0.2
 0.2005
 0.201
 0.2015
 0.202
 0.2025
 0.203
 0.2035
 0.204
 0.2045
 0.205
 0.2055
 0.206
 0.2065
 0.207
 0.2075
 0.208
 0.2085
 0.209
 0.2095
 0.21
 0.2105
 0.211
 0.2115
 0.212
 0.2125
 0.213
 0.2135
 0.214
 0.2145
 0.215
 0.2155
 0.216
 0.2165
 0.217
 0.2175
 0.218
 0.2185
 0.219
 0.2195
 0.22
 0.2205
 0.221
 0.2215
 0.222
 0.2225
 0.223
 0.2235
 0.224
 0.2245
 0.225
 0.2255
 0.226
 0.2265
 0.227
 0.2275
 0.228
 0.2285
 0.229
 0.2295
 0.23
 0.2305
 0.231
 0.2315
 0.232
 0.2325
 0.233
 0.2335
 0.234
 0.2345
 0.235
 0.2355
 0.236
 0.2365
 0.237
 0.2375
 0.238
 0.2385
 0.239
 0.2395
 0.24
 0.2405
 0.241
 0.2415
 0.242
 0.2425
 0.243
 0.2435
 0.244
 0.2445
 0.245
 0.2455
 0.246
 0.2465
 0.247
 0.2475
 0.248
 0.2485
 0.249
 0.2495
 0.25
 0.2505
 0.251
 0.2515
 0.252
 0.2525
 0.253
 0.2535
 0.254
 0.2545
 0.255
 0.2555
 0.256
 0.2565
 0.257
 0.2575
 0.258
 0.2585
 0.259
 0.2595
 0.26
 0.2605
 0.261
 0.2615
 0.262
 0.2625
 0.263
 0.2635
 0.264
 0.2645
 0.265
 0.2655
 0.266
 0.2665
 0.267
 0.2675
 0.268
 0.2685
 0.269
 0.2695
 0.27
 0.2705
 0.271
 0.2715
 0.272
 0.2725
 0.273
 0.2735
 0.274
 0.2745
 0.275
 0.2755
 0.276
 0.2765
 0.277
 0.2775
 0.278
 0.2785
 0.279
 0.2795
 0.28
 0.2805
 0.281
 0.2815
 0.282
 0.2825
 0.283
 0.2835
 0.284
 0.2845
 0.285
 0.2855
 0.286
 0.2865
 0.287
 0.2875
 0.288
 0.2885
 0.289
 0.2895
 0.29
 0.2905
 0.291
 0.2915
 0.292
 0.2925
 0.293
 0.2935
 0.294
 0.2945
 0.295
 0.2955
 0.296
 0.2965
 0.297
 0.2975
 0.298
 0.2985
 0.299
 0.2995
 0.3


# name: datarotx
# type: matrix
# rows: 604
# columns: 1
 0
 0
 0
 0
 0
 0
 0
 0
 0
 0
 0
 0
 0
 0
 0
 0
 0
 0
 0
 0
 0
 0
 0
 0
 0
 0
 0
 0
 0
 0
 0
 0
 0
 0
 0
 0
 0
 0
 0
 0
 0
 0
 0
 0
 0
 0
 0
 0
 0
 0
 0
 0
 0
 0
 0
 0
 0
 0
 0
 0
 0
 0
 0
 0
 0
 0
 0
 0
 0
 0
 0
 0
 0
 0
 0
 0
 0
 0
 0
 0
 0
 0
 0
 0
 0
 0
 0
 0
 0
 0
 0
 0
 0
 0
 0
 0
 0
 0
 0
 0
 0
 0
 0
 0
 0
 0
 0
 0
 0
 0
 0
 0
 0
 0
 0
 0
 0
 0
 0
 0
 0
 0
 0
 0
 0
 0
 0
 0
 0
 0
 0
 0
 0
 0
 0
 0
 0
 0
 0
 0
 0
 0
 0
 0
 0
 0
 0
 0
 0
 0
 0
 0
 0
 0
 0
 0
 0
 0
 0
 0
 0
 0
 0
 0
 0
 0
 0
 0
 0
 0
 0
 0
 0
 0
 0
 0
 0
 0
 0
 0
 0
 0
 0
 0
 0
 0
 0
 0
 0
 0
 0
 0
 0
 0
 0
 0
 0
 0
 0
 0
 0
 0
 0
 0
 0
 0
 0
 0
 0
 0
 0
 0
 0
 0
 0
 0
 0
 0
 0
 0
 0
 0
 0
 0
 0
 0
 0
 0
 0
 0
 0
 0
 0
 0
 0
 0
 0
 0
 0
 0
 0
 0
 0
 0
 0
 0
 0
 0
 0
 0
 0
 0
 0
 0
 0
 0
 0
 0
 0
 0
 0
 0
 0
 0
 0
 0
 0
 0
 0
 0
 0
 0
 0
 0
 0
 0
 0
 0
 0
 0
 0
 0
 0
 0
 0
 0
 0
 0
 0
 0
 0
 0
 0
 0
 0
 0
 0
 0
 0
 0
 0
 0
 0
 0
 0
 0
 0
 0
 0
 0
 0
 0
 0
 0
 0
 0
 0
 0
 0
 0
 0
 0
 0
 0
 0
 0
 0
 0
 0
 0
 0
 0
 0
 0
 0
 0
 0
 0
 0
 0
 0
 0
 0
 0
 0
 0
 0
 0
 0
 0
 0
 0
 0
 0
 0
 0
 0
 0
 0
 0
 0
 0
 0
 0
 0
 0
 0
 0
 0
 0
 0
 0
 0
 0
 0
 0
 0
 0
 0
 0
 0
 0
 0
 0
 0
 0
 0
 0
 0
 0
 0
 0
 0
 0
 0
 0
 0
 0
 0
 0
 0
 0
 0
 0
 0
 0
 0
 0
 0
 0
 0
 0
 0
 0
 0
 0
 0
 0
 0
 0
 0
 0
 0
 0
 0
 0
 0
 0
 0
 0
 0
 0
 0
 0
 0
 0
 0
 0
 0
 0
 0
 0
 0
 0
 0
 0
 0
 0
 0
 0
 0
 0
 0
 0
 0
 0
 0
 0
 0
 0
 0
 0
 0
 0
 0
 0
 0
 0
 0
 0
 0
 0
 0
 0
 0
 0
 0
 0
 0
 0
 0
 0
 0
 0
 0
 0
 0
 0
 0
 0
 0
 0
 0
 0
 0
 0
 0
 0
 0
 0
 0
 0
 0
 0
 0
 0
 0
 0
 0
 0
 0
 0
 0
 0
 0
 0
 0
 0
 0
 0
 0
 0
 0
 0
 0
 0
 0
 0
 0
 0
 0
 0
 0
 0
 0
 0
 0
 0
 0
 0
 0
 0
 0
 0
 0
 0
 0
 0
 0
 0
 0
 0
 0
 0
 0
 0
 0
 0
 0
 0
 0
 0
 0
 0
 0
 0
 0
 0
 0
 0
 0
 0
 0
 0
 0
 0
 0
 0
 0
 0
 0
 0
 0
 0
 0
 0
 0
 0
 0
 0
 0
 0
 0
 0
 0
 0
 0
 0
 0
 0
 0
 0
 0
 0


# name: dataroty
# type: matrix
# rows: 604
# columns: 1
 0
 0
 0
 0
 0
 0
 0
 0
 0
 0
 0
 0
 0
 0
 0
 0
 0
 0
 0
 0
 0
 0
 0
 0
 0
 0
 0
 0
 0
 0
 0
 0
 0
 0
 0
 0
 0
 0
 0
 0
 0
 0
 0
 0
 0
 0
 0
 0
 0
 0
 0
 0
 0
 0
 0
 0
 0
 0
 0
 0
 0
 0
 0
 0
 0
 0
 0
 0
 0
 0
 0
 0
 0
 0
 0
 0
 0
 0
 0
 0
 0
 0
 0
 0
 0
 0
 0
 0
 0
 0
 0
 0
 0
 0
 0
 0
 0
 0
 0
 0
 0
 0
 0
 0
 0
 0
 0
 0
 0
 0
 0
 0
 0
 0
 0
 0
 0
 0
 0
 0
 0
 0
 0
 0
 0
 0
 0
 0
 0
 0
 0
 0
 0
 0
 0
 0
 0
 0
 0
 0
 0
 0
 0
 0
 0
 0
 0
 0
 0
 0
 0
 0
 0
 0
 0
 0
 0
 0
 0
 0
 0
 0
 0
 0
 0
 0
 0
 0
 0
 0
 0
 0
 0
 0
 0
 0
 0
 0
 0
 0
 0
 0
 0
 0
 0
 0
 0
 0
 0
 0
 0
 0
 0
 0
 0
 0
 0
 0
 0
 0
 0
 0
 0
 0
 0
 0
 0
 0
 0
 0
 0
 0
 0
 0
 0
 0
 0
 0
 0
 0
 0
 0
 0.000491833
 0.00272027
 0.00849714
 0.0199187
 0.0391173
 0.0680827
 0.108551
 0.161949
 0.22938
 0.311633
 0.409205
 0.52232
 0.650961
 0.794879
 0.9536249999999999
 1.12656
 1.31286
 1.51155
 1.7215
 1.94146
 2.17008
 2.406
 2.64789
 2.89446
 3.14452
 3.39698
 3.65083
 3.90518
 4.15924
 4.41232
 4.66381
 4.91318
 5.15999
 5.40387
 5.64448
 5.88158
 6.11493
 6.34438
 6.56978
 6.79104
 7.00807
 7.22082
 7.42927
 7.63341
 7.83323
 8.02876
 8.22003
 8.40706
 8.589919999999999
 8.768649999999999
 8.943300000000001
 9.11393
 9.28059
 9.443350000000001
 9.60228
 9.757429999999999
 9.908899999999999
 10.0567
 10.201
 10.3417
 10.4791
 10.613
 10.7437
 10.8712
 10.9955
 11.1167
 11.2349
 11.3502
 11.4626
 11.5722
 11.679
 11.7831
 11.8846
 11.9836
 12.08
 12.174
 12.2656
 12.3548
 12.4418
 12.5266
 12.6092
 12.6897
 12.7681
 12.8445
 12.9189
 12.9914
 13.0621
 13.1309
 13.198
 13.2633
 13.327
 13.389
 13.4495
 13.5084
 13.5658
 13.6217
 13.6763
 13.7295
 13.7813
 13.8319
 13.8811
 13.9292
 13.9761
 14.0218
 14.0664
 14.11
 14.1524
 14.1939
 14.2343
 14.2738
 14.3123
 14.3499
 14.3866
 14.4225
 14.4575
 14.4916
 14.525
 14.5576
 14.5894
 14.6205
 14.6508
 14.6804
 14.7094
 14.7377
 14.7653
 14.7922
 14.8183
 14.843
 14.8663
 14.8879
 14.9078
 14.9259
 14.9425
 14.9575
 14.971
 14.9833
 14.9943
 15.0043
 15.0133
 15.0215
 15.0289
 15.0356
 15.0418
 15.0474
 15.0526
 15.0574
 15.0619
 15.066
 15.0698
 15.0735
 15.0769
 15.0801
 15.0832
 15.0862
 15.089
 15.0917
 15.0943
 15.0968
 15.0993
 15.1016
 15.104
 15.1062
 15.1084
 15.1106
 15.1127
 15.1148
 15.1168
 15.1188
 15.1208
 15.1227
 15.1246
 15.1265
 15.1284
 15.1302
 15.1321
 15.1339
 15.1356
 15.1374
 15.1391
 15.1408
 15.1425
 15.1442
 15.1459
 15.1475
 15.1491
 15.1507
 15.1523
 15.1539
 15.1555
 15.157
 15.1585
 15.16
 15.1615
 15.163
 15.1645
 15.1659
 15.1674
 15.1688
 15.1702
 15.1716
 15.173
 15.1744
 15.1757
 15.177
 15.1784
 15.1797
 15.181
 15.1823
 15.1836
 15.1848
 15.1861
 15.1873
 15.1885
 15.1898
 15.191
 15.1921
 15.1933
 15.1945
 15.1957
 15.1968
 15.1979
 15.1991
 15.2002
 15.2013
 15.2024
 15.2034
 15.2045
 15.2056
 15.2066
 15.2076
 15.2087
 15.2097
 15.2107
 15.2117
 15.2127
 15.2137
 15.2146
 15.2156
 15.2165
 15.2175
 15.2184
 15.2193
 15.2202
 15.2211
 15.222
 15.2229
 15.2238
 15.2247
 15.2255
 15.2264
 15.2272
 15.2281
 15.2289
 15.2297
 15.2305
 15.2313
 15.2321
 15.2329
 15.2337
 15.2345
 15.2352
 15.236
 15.2367
 15.2375
 15.2382
 15.2389
 15.2397
 15.2404
 15.2411
 15.2418
 15.2425
 15.2431
 15.2438
 15.2445
 15.2452
 15.2458
 15.2465
 15.2471
 15.2478
 15.2484
 15.249
 15.2496
 15.2503
 15.2509
 15.2515
 15.2521
 15.2527
 15.2532
 15.2538
 15.2544
 15.255
 15.2555
 15.2561
 15.2566
 15.2572
 15.2577
 15.2583
 15.2588
 15.2593
 15.2598
 15.2604
 15.2609
 15.2614
 15.2619
 15.2624
 15.2629
 15.2633
 15.2638
 15.2643
 15.2648
 15.2652
 15.2657
 15.2662
 15.2666
 15.2671
 15.2675
 15.2679
 15.2684
 15.2688
 15.2692
 15.2697
 15.2701
 15.2705
 15.2709
 15.2713
 15.2717
 15.2721
 15.2725
 15.2729
 15.2733
 15.2737
 15.274
 15.2744
 15.2748
 15.2752
 15.2755
 15.2759
 15.2762
 15.2766
 15.2769
 15.2773
 15.2776
 15.278
 15.2783
 15.2787
 15.279
 15.2793
 15.2796
 15.28
 15.2803
 15.2806
 15.2809
 15.2812
 15.2815
 15.2818
 15.2821
 15.2824
 15.2827
 15.283
 15.2833
 15.2836
 15.2838
 15.2841
 15.2844
 15.2847
 15.285
 15.2852
 15.2855
 15.2857
 15.286
 15.2863
 15.2865
 15.2868
 15.287
 15.2873
 15.2875
 15.2878
 15.288
 15.2882
 15.2885
 15.2887
 15.2889


# name: datarotz
# type: matrix
# rows: 604
# columns: 1
 0
 0
 0
 0
 0
 0
 0
 0
 0
 0
 0
 0
 0
 0
 0
 0
 0
 0
 0
 0
 0
 0
 0
 0
 0
 0
 0
 0
 0
 0
 0
 0
 0
 0
 0
 0
 0
 0
 0
 0
 0
 0
 0
 0
 0
 0
 0
 0
 0
 0
 0
 0
 0
 0
 0
 0
 0
 0
 0
 0
 0
 0
 0
 0
 0
 0
 0
 0
 0
 0
 0
 0
 0
 0
 0
 0
 0
 0
 0
 0
 0
 0
 0
 0
 0
 0
 0
 0
 0
 0
 0
 0
 0
 0
 0
 0
 0
 0
 0
 0
 0
 0
 0
 0
 0
 0
 0
 0
 0
 0
 0
 0
 0
 0
 0
 0
 0
 0
 0
 0
 0
 0
 0
 0
 0
 0
 0
 0
 0
 0
 0
 0
 0
 0
 0
 0
 0
 0
 0
 0
 0
 0
 0
 0
 0
 0
 0
 0
 0
 0
 0
 0
 0
 0
 0
 0
 0
 0
 0
 0
 0
 0
 0
 0
 0
 0
 0
 0
 0
 0
 0
 0
 0
 0
 0
 0
 0
 0
 0
 0
 0
 0
 0
 0
 0
 0
 0
 0
 0
 0
 0
 0
 0
 0
 0
 0
 0
 0
 0
 0
 0
 0
 0
 0
 0
 0
 0
 0
 0
 0
 0
 0
 0
 0
 0
 0
 0
 0
 0
 0
 0
 0
 0
 0
 0
 0
 0
 0
 0
 0
 0
 0
 0
 0
 0
 0
 0
 0
 0
 0
 0
 0
 0
 0
 0
 0
 0
 0
 0
 0
 0
 0
 0
 0
 0
 0
 0
 0
 0
 0
 0
 0
 0
 0
 0
 0
 0
 0
 0
 0
 0
 0
 0
 0
 0
 0
 0
 0
 0
 0
 0
 0
 0
 0
 0
 0
 0
 0
 0
 0
 0
 0
 0
 0
 0
 0
 0
 0
 0
 0
 0
 0
 0
 0
 0
 0
 0
 0
 0
 0
 0
 0
 0
 0
 0
 0
 0
 0
 0
 0
 0
 0
 0
 0
 0
 0
 0
 0
 0
 0
 0
 0
 0
 0
 0
 0
 0
 0
 0
 0
 0
 0
 0
 0
 0
 0
 0
 0
 0
 0
 0
 0
 0
 0
 0
 0
 0
 0
 0
 0
 0
 0
 0
 0
 0
 0
 0
 0
 0
 0
 0
 0
 0
 0
 0
 0
 0
 0
 0
 0
 0
 0
 0
 0
 0
 0
 0
 0
 0
 0
 0
 0
 0
 0
 0
 0
 0
 0
 0
 0
 0
 0
 0
 0
 0
 0
 0
 0
 0
 0
 0
 0
 0
 0
 0
 0
 0
 0
 0
 0
 0
 0
 0
 0
 0
 0
 0
 0
 0
 0
 0
 0
 0
 0
 0
 0
 0
 0
 0
 0
 0
 0
 0
 0
 0
 0
 0
 0
 0
 0
 0
 0
 0
 0
 0
 0
 0
 0
 0
 0
 0
 0
 0
 0
 0
 0
 0
 0
 0
 0
 0
 0
 0
 0
 0
 0
 0
 0
 0
 0
 0
 0
 0
 0
 0
 0
 0
 0
 0
 0
 0
 0
 0
 0
 0
 0
 0
 0
 0
 0
 0
 0
 0
 0
 0
 0
 0
 0
 0
 0
 0
 0
 0
 0
 0
 0
 0
 0
 0
 0
 0
 0
 0
 0
 0
 0
 0
 0
 0
 0
 0
 0
 0
 0
 0
 0
 0
 0
 0
 0
 0
 0
 0
 0
 0
 0
 0
 0
 0
 0
 0
 0
 0
 0
 0
 0
 0
 0
 0
 0
 0
 0
 0
 0
 0
 0
 0
 0
 0
 0
 0
 0
 0
 0
 0
 0
 0
 0
 0
 0
 0
 0
 0
 0
 0
 0
 0
 0
 0
 0
 0
 0
 0
 0
 0
 0
 0
 0
 0
 0
 0
 0
 0
 0


# name: dataret
# type: matrix
# rows: 600
# columns: 1
 0
 0
 0.0004167127481196076
 0.000826480274554342
 0.00122941832523793
 0.001625640783458948
 0.002015259582549334
 0.002398384734988213
 0.002775124274194241
 0.003145584836602211
 0.003509871196001768
 0.003868086030706763
 0.004220330622047186
 0.004566704388707876
 0.004907305352389812
 0.00524222943931818
 0.00557157164439559
 0.005895424634218216
 0.006213880144059658
 0.006527028046548367
 0.00683495681732893
 0.007137753535062075
 0.007435503881424665
 0.007728291675448418
 0.008016199804842472
 0.008299308829009533
 0.008577699773013592
 0.008851450867950916
 0.0091206394135952
 0.00938534177839756
 0.009645632468163967
 0.009901585057377815
 0.01015327125787735
 0.01040076278150082
 0.01064412947744131
 0.01088344026356936
 0.01111876219511032
 0.01135016232728958
 0.01157770585268736
 0.0118014570325613
 0.01202147919684649
 0.01223783381283283
 0.01245058234781027
 0.01265978533774614
 0.01286550145596266
 0.01306778937578201
 0.01326670590788126
 0.01346230693161488
 0.01365464832633734
 0.0138437831774354
 0.01402976643294096
 0.01421264931559563
 0.01439248491078615
 0.01456932257860899
 0.01474321354180574
 0.0149142062291503
 0.01508234906941652
 0.01524768956005573
 0.01541027426719666
 0.01557014882564545
 0.01572735980153084
 0.01588195003569126
 0.0160339642316103
 0.01618344336748123
 0.01633043214678764
 0.01647497154772282
 0.01661710068583488
 0.01675686240196228
 0.01689429394900799
 0.01702943444252014
 0.01716232299804688
 0.01729299686849117
 0.01742149330675602
 0.01754784770309925
 0.0176720954477787
 0.01779427379369736
 0.01791441440582275
 0.01803255267441273
 0.01814872212707996
 0.01826295629143715
 0.01837528683245182
 0.01848574541509151
 0.01859436184167862
 0.01870116777718067
 0.01880619488656521
 0.01890947110950947
 0.01901102624833584
 0.01911088824272156
 0.01920908689498901
 0.0193056482821703
 0.01940060034394264
 0.01949396915733814
 0.01958578266203403
 0.01967606507241726
 0.01976484432816505
 0.01985214278101921
 0.01993798650801182
 0.02002239972352982
 0.02010540664196014
 0.02018702961504459
 0.02026729099452496
 0.02034621499478817
 0.05430334061384201
 0.08769451081752777
 0.1205291599035263
 0.1528165638446808
 0.1845658421516418
 0.2157859802246094
 0.2464857697486877
 0.2766739130020142
 0.3063589036464691
 0.3355491459369659
 0.364252895116806
 0.3924782276153564
 0.4202331602573395
 0.4475255012512207
 0.4743629693984985
 0.5007531642913818
 0.5267034769058228
 0.5522212982177734
 0.5773138403892517
 0.6019881963729858
 0.6262512803077698
 0.6501100063323975
 0.6735710501670837
 0.6966410875320435
 0.7193266153335571
 0.7416340708732605
 0.763569712638855
 0.785139799118042
 0.8063503503799438
 0.8272073864936829
 0.8477168083190918
 0.8678843975067139
 0.8877158761024475
 0.9072168469429016
 0.9263927936553955
 0.9452491402626038
 0.9637911915779114
 0.9820242524147034
 0.9999533891677856
 1
 1
 1
 1
 1
 1
 1
 1
 1
 1
 1
 1
 1
 1
 1
 1
 1
 1
 1
 1
 1
 1
 1
 1
 1
 1
 1
 1
 1
 1
 1
 1
 1
 1
 1
 1
 1
 1
 1
 1
 1
 1
 1
 1
 1
 1
 1
 1
 1
 1
 1
 1
 1
 1
 1
 1
 1
 1
 1
 1
 1
 1
 1
 1
 1
 1
 1
 1
 1
 1
 1
 1
 1
 1
 1
 1
 1
 1
 1
 1
 1
 1
 1
 1
 1
 1
 1
 1
 1
 1
 1
 1
 1
 1
 1
 1
 1
 1
 1
 1
 1
 1
 1
 1
 1
 1
 1
 1
 1
 1
 1
 1
 1
 1
 1
 0.9921222329139709
 0.9755868911743164
 0.9593271017074585
 0.9433383345603943
 0.9276160001754761
 0.9121557474136353
 0.8969531655311584
 0.8820039629936218
 0.8673039078712463
 0.8528488278388977
 0.8386346697807312
 0.8246574401855469
 0.8109131455421448
 0.7973979115486145
 0.7841079235076904
 0.7710394859313965
 0.7581888437271118
 0.7455523610115051
 0.7331264615058899
 0.7209076881408691
 0.7088925838470459
 0.6970776915550232
 0.6854597330093384
 0.6740354299545288
 0.6628015041351318
 0.6517547965049744
 0.6408922076225281
 0.6302106976509094
 0.6197071671485901
 0.6093786954879761
 0.5992223620414734
 0.5892353057861328
 0.5794147253036499
 0.5697578191757202
 0.5602618455886841
 0.5509241223335266
 0.5417420268058777
 0.532712996006012
 0.5238344669342041
 0.5151038765907288
 0.5065188407897949
 0.498076856136322
 0.4897755682468414
 0.4816126525402069
 0.4735857844352722
 0.4656926989555359
 0.4579311609268188
 0.4502989649772644
 0.442793995141983
 0.4354141056537628
 0.4281572103500366
 0.4210212528705597
 0.4140042364597321
 0.4071041643619537
 0.4003190994262695
 0.3936471045017242
 0.3870863318443298
 0.3806349039077759
 0.3742910027503967
 0.3680528104305267
 0.3619185984134674
 0.3558866083621979
 0.3499551713466644
 0.344122588634491
 0.3383872210979462
 0.3327474296092987
 0.327201634645462
 0.321748286485672
 0.316385805606842
 0.3111127018928528
 0.3059274852275848
 0.3008286952972412
 0.2958148717880249
 0.2908846139907837
 0.2860365509986877
 0.2812692821025848
 0.2765814661979675
 0.2719717621803284
 0.2674388885498047
 0.2629815638065338
 0.2585985362529755
 0.2542885541915894
 0.25005042552948
 0.2458829134702682
 0.2417848706245422
 0.2377551198005676
 0.2337925285100937
 0.2298959791660309
 0.2260643839836121
 0.2222966402769089
 0.2185916900634766
 0.2149484902620316
 0.2113660126924515
 0.2078432440757751
 0.2043791860342026
 0.2009728699922562
 0.1976233273744583
 0.1943296045064926
 0.1910907775163651
 0.1879059374332428
 0.184774175286293
 0.1816946119070053
 0.1786663681268692
 0.1756885945796967
 0.1727604568004608
 0.1698811203241348
 0.167049765586853
 0.1642656028270721
 0.1615278422832489
 0.1588357090950012
 0.1561884433031082
 0.1535852998495102
 0.1510255485773087
 0.1485084593296051
 0.1460333168506622
 0.1435994207859039
 0.1412061005830765
 0.138852670788765
 0.1365384608507156
 0.134262815117836
 0.1320251077413559
 0.1298246830701828
 0.127660945057869
 0.1255332678556442
 0.1234410479664803
 0.1213836967945099
 0.1193606331944466
 0.1173712909221649
 0.1154151037335396
 0.1134915202856064
 0.1115999966859818
 0.1097399964928627
 0.1079109981656075
 0.1061124801635742
 0.1043439358472824
 0.1026048734784126
 0.1008947938680649
 0.09921321272850037
 0.09755966067314148
 0.09593366831541061
 0.09433477371931076
 0.0927625298500061
 0.09121648967266083
 0.08969621360301971
 0.08820127695798874
 0.08673125505447388
 0.0852857306599617
 0.08386430144309998
 0.08246656507253647
 0.08109211921691895
 0.07974058389663696
 0.07841157168149948
 0.07710471004247665
 0.07581963390111923
 0.07455597072839737
 0.07331337034702301
 0.0720914825797081
 0.07088995724916458
 0.06970845907926559
 0.06854665279388428
 0.06740421056747437
 0.06628080457448959
 0.06517612189054489
 0.06408984959125519
 0.06302168220281601
 0.06197132170200348
 0.06093846634030342
 0.05992282554507256
 0.0589241124689579
 0.05794204398989677
 0.05697634443640709
 0.05602673813700676
 0.05509296059608459
 0.05417474359273911
 0.0532718300819397
 0.05238396674394608
 0.05151090025901794
 0.05065238475799561
 0.04980817809700966
 0.048978041857481
 0.04816174134612083
 0.04735904559493065
 0.04656972736120224
 0.045793566852808
 0.04503034055233002
 0.04427983611822128
 0.04354183748364449
 0.04281613975763321
 0.04210253804922104
 0.04140082746744156
 0.04071081429719925
 0.04003230109810829
 0.03936509788036346
 0.03870901465415955
 0.03806386515498161
 0.03742946684360504
 0.0368056409060955
 0.03619221225380898
 0.03558900952339172
 0.03499585762619972
 0.03441259264945984
 0.03383905068039894
 0.0332750678062439
 0.03272048383951187
 0.03217514231801033
 0.03163889050483704
 0.03111157566308975
 0.03059304878115654
 0.03008316457271576
 0.02958177775144577
 0.02908874861896038
 0.02860393561422825
 0.02812720276415348
 0.02765841595828533
 0.02719744294881821
 0.02674415148794651
 0.02629841491580009
 0.02586010843515396
 0.02542910724878311
 0.0250052884221077
 0.02458853274583817
 0.02417872473597527
 0.02377574518322945
 0.02337948232889175
 0.02298982441425323
 0.02260666154325008
 0.0222298838198185
 0.02185938507318497
 0.02149506285786629
 0.02113681100308895
 0.02078453078866005
 0.02043812163174152
 0.02009748667478561
 0.01976252906024456
 0.01943315379321575
 0.01910926774144173
 0.01879077963531017
 0.01847760006785393
 0.01816963963210583
 0.01786681264638901
 0.01756903156638145
 0.0172762144356966
 0.01698827743530273
 0.01670513860881329
 0.01642671972513199
 0.01615294069051743
 0.01588372513651848
 0.01561899669468403
 0.01535867992788553
 0.01510270219296217
 0.01485099084675312
 0.01460347417742014
 0.0143600832670927
 0.01412074826657772
 0.01388540212064981
 0.01365397870540619
 0.01342641282826662
 0.01320263929665089
 0.01298259571194649
 0.01276621874421835
 0.0125534487888217
 0.01234422437846661
 0.01213848777115345
 0.01193617936223745
 0.01173724327236414
 0.01154162269085646
 0.0113492626696825
 0.01116010826081038
 0.01097410637885332
 0.01079120486974716
 0.01061135157942772
 0.01043449528515339
 0.01026058662682772
 0.01008957717567682
 0.009921417571604252
 0.009756060317158699
 0.009593458846211433
 0.009433567523956299
 0.009276341646909714
 0.009121735580265522
 0.008969706483185291
 0.008820211514830589
 0.008673207834362984
 0.008528654463589191
 0.008386510424315929
 0.008246735669672489
 0.008109290152788162
 0.007974135689437389
 0.007841233164072037
 0.007710545789450407
 0.007582036778330803
 0.007455669343471527
 0.007331408094614744
 0.007209218107163906
 0.007089064456522465
 0.006970913149416447
 0.006854731123894453
 0.006740485783666372
 0.006628144532442093
 0.006517675239592791
 0.006409047171473503
 0.006302229594439268
 0.006197192240506411
 0.00609390577301383
 0.005992340855300426
 0.005892468616366386
 0.005794260650873184
 0.005697689484804869
 0.005602728109806776
 0.005509349517524242
 0.005417527165263891
 0.005327234975993633
 0.005238447804003954
 0.005151140503585339
 0.00506528839468956
 0.004980866797268391
 0.004897852428257465
 0.004816221538931131
 0.004735951311886311
 0.004657018929719925
 0.004579402040690184
 0.004503078758716583
 0.004428027663379908
 0.004354227334260941
 0.004281656816601753
 0.004210296086966991
 0.004140124656260014
 0.004071122501045465
 0.004003270529210567
 0.003936549182981253
 0.003870940068736672
 0.003806424327194691
 0.003742984030395746
 0.003680601017549634
 0.003619257593527436
 0.003558936528861523
 0.003499620826914907
 0.003441293723881245
 0.003383938921615481
 0.003327539889141917
 0.003272080793976784
 0.003217546036466956
 0.003163920249789953
 0.003111188299953938


# name: datasnr
# type: matrix
# rows: 600
# columns: 1
 0.2000000029802322
 0.2000000029802322
 0.2120000030845404
 0.2234000042080879
 0.2341300025582314
 0.2442285045981407
 0.253723431378603
 0.2626423537731171
 0.2710166350007057
 0.2788804024457932
 0.2862696647644043
 0.2932216674089432
 0.2997743636369705
 0.3059661090373993
 0.3118354380130768
 0.3174209967255592
 0.322761557996273
 0.3278961479663849
 0.3328641951084137
 0.3377058506011963
 0.3424622863531113
 0.3472535759210587
 0.3522560000419617
 0.357725128531456
 0.3640583604574203
 0.3719111382961273
 0.3824249058961868
 0.3975848704576492
 0.4180151522159576
 0.4410365521907806
 0.4654477387666702
 0.4904843717813492
 0.5153203457593918
 0.5396320372819901
 0.5633353739976883
 0.5862494260072708
 0.6083830744028091
 0.6297086030244827
 0.6501670628786087
 0.6697235554456711
 0.6884150356054306
 0.7062609940767288
 0.723268523812294
 0.7394910007715225
 0.7550053149461746
 0.7698849588632584
 0.7842242270708084
 0.7981282025575638
 0.811706617474556
 0.8250709921121597
 0.8383363634347916
 0.8516226559877396
 0.8650573641061783
 0.8787803202867508
 0.8929559737443924
 0.9077957421541214
 0.923511877655983
 0.9403215199708939
 0.9582991749048233
 0.9768142253160477
 0.9960824400186539
 1
 1
 1
 1
 1
 1
 1
 1
 1
 1
 1
 1
 1
 1
 1
 1
 1
 1
 1
 1
 1
 1
 1
 1
 1
 1
 1
 1
 1
 1
 1
 1
 1
 1
 1
 1
 1
 1
 1
 1
 1
 1
 1
 1
 1
 1
 1
 1
 1
 1
 1
 1
 1
 1
 1
 1
 1
 1
 1
 1
 1
 1
 1
 1
 1
 1
 1
 1
 1
 1
 1
 0.9995877891778946
 0.9806134253740311
 0.96015764772892
 0.9383145123720169
 0.9151788502931595
 0.8908452540636063
 0.8654067665338516
 0.8389541059732437
 0.8115750700235367
 0.7833542972803116
 0.7538423091173172
 0.7230821400880814
 0.6911544352769852
 0.6581365913152695
 0.6241020709276199
 0.5891215950250626
 0.5532614439725876
 0.516583189368248
 0.4791423827409744
 0.4409879595041275
 0.4021615833044052
 0.3626978546380997
 0.3226252645254135
 0.2819652035832405
 0.2407310605049133
 0.198930099606514
 0.1565646901726723
 0.1136326640844345
 0.0701257735490799
 0.02603079378604889
 0
 0
 0
 0
 0
 0
 0
 0
 0
 0
 0
 0
 0
 0
 0
 0
 0
 0
 0
 0
 0
 0
 0
 0
 0
 0
 0
 0
 0
 0
 0
 0
 0
 0
 0
 0
 0
 0
 0
 0
 0
 0
 0
 0
 0
 0
 0
 0
 0
 0
 0
 0
 0
 0
 0
 0
 0
 0
 0
 0
 0
 0
 0
 0
 0
 0
 0
 0
 0
 0
 0
 0
 0
 0
 0
 0
 0
 0
 0
 0
 0
 0
 0
 0
 0
 0
 0
 0
 0
 0
 0
 0
 0
 0
 0
 0
 0
 0
 0
 0
 0
 0
 0
 0
 0
 0
 0
 0
 0
 0
 0
 0
 0
 0
 0
 0
 0
 0
 0
 0
 0
 0
 0
 0
 0
 0
 0
 0
 0
 0
 0
 0
 0
 0
 0
 0
 0
 0
 0
 0
 0
 0
 0
 0
 0
 0
 0
 0
 0
 0
 0
 0
 0
 0
 0
 0
 0
 0
 0
 0
 0
 0
 0
 0
 0
 0
 0
 0
 0
 0
 0
 0
 0
 0
 0
 0
 0
 0
 0
 0
 0
 0
 0
 0
 0
 0
 0
 0
 0
 0
 0
 0
 0
 0
 0
 0
 0
 0
 0
 0
 0
 0
 0
 0
 0
 0
 0
 0
 0
 0
 0
 0
 0
 0
 0
 0
 0
 0
 0
 0
 0
 0
 0
 0
 0
 0
 0
 0
 0
 0
 0
 0
 0
 0
 0
 0
 0
 0
 0
 0
 0
 0
 0
 0
 0
 0
 0
 0
 0
 0
 0
 0
 0
 0
 0
 0
 0
 0
 0
 0
 0
 0
 0
 0
 0
 0
 0
 0
 0
 0
 0
 0
 0
 0
 0
 0
 0
 0
 0
 0
 0
 0
 0
 0
 0
 0
 0
 0
 0
 0
 0
 0
 0
 0
 0
 0
 0
 0
 0
 0
 0
 0
 0
 0
 0
 0
 0
 0
 0.004468098282814026
 0.01690918207168579
 0.02905653417110443
 0.04091700911521912
 0.05249753594398499
 0.06380468606948853
 0.07484300434589386
 0.08561638742685318
 0.09612876176834106
 0.1063840985298157
 0.1163872629404068
 0.1261447593569756
 0.1356624215841293
 0.1449443958699703
 0.1539957448840141
 0.1628219895064831
 0.171424763277173
 0.179808747023344
 0.18797985650599
 0.1959377797320485
 0.2036872487515211
 0.2112342268228531
 0.2185812070965767
 0.2257331423461437
 0.2326957620680332
 0.2394737526774406
 0.2460692450404167
 0.2524877525866032
 0.2587346136569977
 0.2648149877786636
 0.2707338705658913
 0.276496097445488
 0.2821063473820686
 0.2875691503286362
 0.2928854301571846
 0.2980538755655289
 0.303072027862072
 0.3079449981451035
 0.3126777037978172
 0.3172712996602058
 0.3217186480760574
 0.3260171413421631
 0.3301687389612198
 0.3341730087995529
 0.3379650264978409
 0.3415332287549973
 0.3448767364025116
 0.3480090200901031
 0.3509430587291718
 0.3536863625049591
 0.3562450408935547
 0.3586148917675018
 0.3608023971319199
 0.3628196865320206
 0.3646782487630844
 0.3663888424634933
 0.3679615706205368
 0.3694058805704117
 0.3707306385040283
 0.3719441145658493
 0.3730540871620178
 0.3740678280591965
 0.3749921321868896
 0.3758333623409271
 0.3765974640846252
 0.3772900104522705
 0.3779161870479584
 0.3784808814525604
 0.3789886236190796
 0.3794436454772949
 0.3798499256372452
 0.3802111595869064
 0.3805307894945145
 0.3808120489120483
 0.381057932972908
 0.3812712281942368
 0.3814545571804047
 0.3816103488206863
 0.3817408531904221
 0.3818481862545013
 0.3819343000650406
 0.3820010274648666
 0.3820500522851944
 0.3820829391479492
 0.3821011483669281
 0.3821060508489609
 0.3820988833904266
 0.3820808231830597
 0.382052943110466
 0.3820162415504456
 0.3819716423749924
 0.3819199949502945
 0.3818621039390564
 0.3817986845970154
 0.3817304074764252
 0.3816578835248947
 0.3815816938877106
 0.3815023601055145
 0.3814203590154648
 0.381336122751236
 0.3812500685453415
 0.38116255402565
 0.381073921918869
 0.3809844851493835
 0.3808945119380951
 0.380804255604744
 0.3807139545679092
 0.3806238174438477
 0.3805340379476547
 0.3804447799921036
 0.380356177687645
 0.380268394947052
 0.3801815360784531
 0.3800957053899765
 0.3800110071897507
 0.3799275159835815
 0.3798453062772751
 0.3797644376754761
 0.3796849697828293
 0.3796069324016571
 0.3795303851366043
 0.3794553428888321
 0.3793818205595016
 0.3793098479509354
 0.3792394399642944
 0.3791705965995789
 0.3791033327579498
 0.3790376335382462
 0.3789734989404678
 0.3789109289646149


# name: datascd
# type: matrix
# rows: 600
# columns: 1
 0
 0
 0
 0
 0
 0
 0
 0
 0
 0
 0
 0
 0
 0
 0
 0
 0
 0
 0
 0
 0
 0
 0
 0
 0
 0
 0
 0
 0
 0
 0
 0
 0
 0
 0
 0
 0
 0
 0
 0
 0
 0
 0
 0
 0
 0
 0
 0
 0
 0
 0
 0
 0
 0
 0
 0
 0
 0
 0
 0
 0
 0
 0
 0
 0
 0
 0
 0
 0
 0
 0
 0
 0
 0
 0
 0
 0
 0
 0
 0
 0
 0
 0
 0
 0
 0
 0
 0
 0
 0
 0
 0
 0
 0
 0
 0
 0
 0
 0
 0
 0
 0
 0
 0
 0
 0
 0
 0
 0
 0
 0
 0
 0
 0
 0
 0
 0
 0
 0
 0
 0
 0
 0
 0
 0
 0
 0
 0
 0
 0
 0
 0
 0
 0
 0
 0
 0
 0
 0
 0
 0
 0
 0
 0
 0
 0
 0
 0
 0
 0
 0
 0
 0
 0
 0
 0
 0
 0
 0
 0
 0
 0
 0
 0
 0
 0
 0
 0
 0
 0
 0
 0
 0
 0
 0
 0
 0
 0
 0
 0.1310866922140121
 0.2748320698738098
 0.4128720164299011
 0.5474209785461426
 0.6813313961029053
 0.8161705732345581
 0.9541687965393066
 1
 1
 1
 1
 1
 1
 1
 1
 1
 1
 1
 1
 1
 1
 1
 1
 1
 1
 1
 1
 1
 1
 1
 1
 1
 1
 1
 1
 1
 1
 1
 1
 1
 1
 1
 1
 1
 1
 1
 1
 1
 1
 1
 1
 1
 1
 1
 1
 1
 1
 1
 1
 1
 1
 1
 1
 1
 1
 1
 1
 1
 1
 1
 1
 1
 1
 1
 1
 1
 1
 1
 1
 1
 1
 1
 1
 1
 1
 1
 1
 1
 1
 1
 1
 1
 1
 1
 1
 1
 1
 1
 1
 1
 1
 1
 1
 1
 1
 1
 1
 1
 1
 1
 1
 1
 1
 1
 1
 1
 1
 1
 1
 1
 1
 1
 1
 1
 1
 1
 1
 1
 1
 1
 1
 1
 1
 1
 1
 1
 1
 1
 1
 1
 1
 1
 1
 1
 1
 1
 1
 1
 1
 1
 1
 1
 1
 1
 1
 1
 1
 1
 1
 1
 1
 1
 1
 1
 1
 1
 1
 1
 1
 1
 1
 1
 1
 1
 1
 1
 1
 1
 1
 1
 1
 1
 1
 1
 1
 1
 1
 1
 1
 1
 1
 1
 1
 1
 1
 1
 1
 1
 1
 1
 1
 1
 1
 1
 1
 1
 1
 1
 1
 1
 1
 1
 1
 1
 1
 1
 1
 1
 1
 1
 1
 1
 1
 1
 1
 1
 1
 1
 1
 1
 1
 1
 1
 1
 1
 1
 1
 1
 1
 1
 1
 1
 1
 1
 1
 1
 1
 1
 1
 1
 1
 1
 1
 1
 1
 1
 1
 1
 1
 1
 1
 1
 1
 1
 1
 1
 1
 1
 1
 1
 1
 1
 1
 1
 1
 1
 1
 1
 1
 1
 1
 1
 1
 1
 1
 1
 1
 1
 1
 1
 1
 1
 1
 1
 1
 1
 1
 1
 1
 1
 1
 1
 1
 1
 1
 1
 1
 1
 1
 1
 1
 1
 1
 1
 1
 1
 1
 1
 1
 1
 1
 1
 1
 1
 1
 0.9765041470527649
 0.901340126991272
 0.8309972286224365
 0.7655633687973022
 0.7047963738441467
 0.6483991742134094
 0.5961567759513855
 0.5478675365447998
 0.5033233165740967
 0.4622930288314819
 0.4245271384716034
 0.3897929191589355
 0.3578772842884064
 0.328593909740448
 0.301716536283493
 0.2770620286464691
 0.2544689476490021
 0.2337828278541565
 0.2148562520742416
 0.1975314319133759
 0.1816710084676743
 0.1671568602323532
 0.1538556814193726
 0.1416618227958679
 0.1304853409528732
 0.1202428117394447
 0.110856719315052
 0.1022518053650856
 0.09433531761169434
 0.08704375475645065
 0.08032836019992828
 0.07414422929286957
 0.06844969093799591
 0.06320613622665405
 0.05837782844901085
 0.05393172055482864
 0.04983730241656303
 0.04606641456484795
 0.04259310662746429
 0.03939346596598625
 0.03644547984004021
 0.03372747823596001
 0.03121689148247242
 0.02889767847955227
 0.02675518393516541
 0.02477587386965752
 0.02294725179672241
 0.02125775255262852
 0.01969671435654163
 0.01825429126620293
 0.01692139357328415
 0.01568961516022682
 0.01455120090395212
 0.01349685899913311
 0.01252013444900513
 0.01161539182066917
 0.01077744271606207
 0.01000145357102156
 0.009282913990318775
 0.008617673069238663
 0.008001877926290035
 0.007431614212691784
 0.006902972236275673
 0.006412996910512447
 0.005958992056548595
 0.005538478959351778
 0.005149167031049728
 0.004788868594914675
 0.004455545451492071
 0.004147322382777929
 0.003862415906041861
 0.003599099349230528
 0.003355879103764892
 0.00313134677708149
 0.002924155676737428
 0.002733029425144196
 0.002556716091930866
 0.002394123468548059
 0.002244265982881188
 0.002106233267113566
 0.001979182474315166
 0.001862273900769651
 0.001754683791659772
 0.001655612839385867
 0.001564332516863942
 0.001480274251662195
 0.001402807072736323
 0.001331472769379616
 0.001265813130885363
 0.001205405569635332
 0.001149698160588741
 0.001097905449569225
 0.001049714162945747
 0.0010046127717942
 0.0009622854995541275
 0.0009226017282344401


# name: dataebn
# type: matrix
# rows: 1
# columns: 600
 0 0 0 0 0 0 0 0 0 0 0 0 0 0 0 0 0 0 0 0 0 0 0 0 0 0 0 0 0 0 0 0 0 0 0 0 0 0 0 0 0 0 0 0 0 0 0 0 0 0 0 0 0 0 0 0 0 0 0 0 0 0 0 0 0 0 0 0 0 0 0 0 0 0 0 0 0 0 0 0 0 0 0 0 0 0 0 0 0 0 0 0 0 0 0 0 0 0 0 0 0 0 0 0 0 0 0 0 0 0 0 0 0 0 0 0 0 0 0 0 0 0 0 0 0 0 0 0 0 0 0 0 0 0 0 0 0 0 0 0 0 0 0 0 0 0 0 0 0 0 0 0 0 0 0 0 0 0 0 0 0 0 0 0 0 0 0 0 0 0 0 0 0 0 0 0 0 0 0 0 0 0 0 0 0 0 0 0 0 0 0 0 0 0 0 0 0 0 0 0 0 0 0 0 0 0 0 0 0 0 0 0 0 0 0.02428849413990974 0.0711577832698822 0.1246131211519241 0.1774140894412994 0.2265720069408417 0.2711194157600403 0.311012327671051 0.3465957939624786 0.3783962726593018 0.4068151116371155 0.432036429643631 0.454073429107666 0.472837895154953 0.4882400035858154 0.5001510977745056 0.5084372162818909 0.5129600763320923 0.5135772824287415 0.5101837515830994 0.5030166506767273 0.4939554631710052 0.4839640855789185 0.4735440611839294 0.4629619419574738 0.4523635804653168 0.4418318867683411 0.4314160645008087 0.4211467206478119 0.411043643951416 0.4011199772357941 0.3913845419883728 0.3818431794643402 0.3724995255470276 0.3633555769920349 0.3544120788574219 0.3456687331199646 0.3371244668960571 0.328777551651001 0.3206257820129395 0.3126665055751801 0.3048968315124512 0.2973135411739349 0.2899133265018463 0.2826926708221436 0.2756480276584625 0.2687757015228271 0.2620720565319061 0.255533367395401 0.2491559684276581 0.2429361790418625 0.236655667424202 0.2303817421197891 0.2244455367326736 0.2187478244304657 0.2132373154163361 0.2078866958618164 0.202329695224762 0.1967923194169998 0.1916336417198181 0.1867239475250244 0.1819969117641449 0.1774179339408875 0.1725647747516632 0.1677539497613907 0.1633119881153107 0.1591053307056427 0.1550659239292145 0.1511320322751999 0.1468903571367264 0.1427251547574997 0.138910636305809 0.1353147327899933 0.1318703591823578 0.128434494137764 0.124726377427578 0.1211512759327888 0.1178940534591675 0.1148324981331825 0.1119046062231064 0.1089256852865219 0.1057211607694626 0.1026994362473488 0.09994260966777802 0.0973493829369545 0.09486832469701767 0.09233684837818146 0.08964868634939194 0.08715831488370895 0.08485478162765503 0.08267112821340561 0.08057320863008499 0.07847771793603897 0.07629363238811493 0.07427521795034409 0.07236280292272568 0.07052596658468246 0.06874893605709076 0.06702327728271484 0.06526633352041245 0.06359399110078812 0.06198380142450333 0.06042403355240822 0.05890834704041481 0.05743309482932091 0.05599599704146385 0.0545954629778862 0.05323025584220886 0.05189934000372887 0.0506017804145813 0.04933669790625572 0.04810326173901558 0.0469006672501564 0.04572814702987671 0.04458494111895561 0.04347031563520432 0.04238355904817581 0.04132397100329399 0.04029087349772453 0.03928360342979431 0.03830151259899139 0.03734397143125534 0.0364103727042675 0.03550011292099953 0.03461261093616486 0.03374729305505753 0.03281929716467857 0.01640964858233929 0.008204824291169643 0.004102412145584822 0.002051206072792411 0.001025603036396205 0.0005128015181981027 0.0002564007590990514 0.0001282003795495257 6.410018977476284e-05 3.205009488738142e-05 1.602504744369071e-05 8.012523721845355e-06 4.006261860922677e-06 2.003130930461339e-06 1.001565465230669e-06 5.007827326153347e-07 2.503913663076673e-07 1.251956831538337e-07 6.259784157691684e-08 3.129892078845842e-08 1.564946039422921e-08 7.824730197114604e-09 3.912365098557302e-09 1.956182549278651e-09 9.780912746393255e-10 4.890456373196628e-10 2.445228186598314e-10 1.222614093299157e-10 6.113070466495785e-11 3.056535233247892e-11 1.528267616623946e-11 7.641338083119731e-12 3.820669041559865e-12 1.910334520779933e-12 9.551672603899664e-13 4.775836301949832e-13 2.387918150974916e-13 1.193959075487458e-13 5.96979537743729e-14 2.984897688718645e-14 1.492448844359322e-14 7.462244221796612e-15 3.731122110898306e-15 1.865561055449153e-15 9.327805277245765e-16 4.663902638622883e-16 2.331951319311441e-16 1.165975659655721e-16 5.829878298278603e-17 2.914939149139302e-17 1.457469574569651e-17 7.287347872848254e-18 3.643673936424127e-18 1.821836968212064e-18 9.109184841060318e-19 4.554592420530159e-19 2.277296210265079e-19 1.13864810513254e-19 5.693240525662698e-20 2.846620262831349e-20 1.423310131415675e-20 7.116550657078373e-21 3.558275328539187e-21 1.779137664269593e-21 8.895688321347966e-22 4.447844160673983e-22 2.223922080336992e-22 1.111961040168496e-22 5.559805200842479e-23 2.779902600421239e-23 1.38995130021062e-23 6.949756501053099e-24 3.474878250526549e-24 1.737439125263275e-24 8.687195626316373e-25 4.343597813158187e-25 2.171798906579093e-25 1.085899453289547e-25 5.429497266447733e-26 2.714748633223867e-26 1.357374316611933e-26 6.786871583059667e-27 3.393435791529833e-27 1.696717895764917e-27 8.483589478824583e-28 4.241794739412292e-28 2.120897369706146e-28 1.060448684853073e-28 5.302243424265365e-29 2.651121712132682e-29 1.325560856066341e-29 6.627804280331706e-30 3.313902140165853e-30 1.656951070082926e-30 8.284755350414632e-31 4.142377675207316e-31 2.071188837603658e-31 1.035594418801829e-31 5.177972094009145e-32 2.588986047004573e-32 1.294493023502286e-32 6.472465117511431e-33 3.236232558755716e-33 1.618116279377858e-33 8.090581396889289e-34 4.045290698444645e-34 2.022645349222322e-34 1.011322674611161e-34 5.056613373055806e-35 2.528306686527903e-35 1.264153343263951e-35 6.320766716319757e-36 3.160383358159879e-36 1.580191679079939e-36 7.900958395399697e-37 3.950479197699848e-37 1.975239598849924e-37 9.876197994249621e-38 4.93809899712481e-38 2.469049498562405e-38 1.234524749281203e-38 1.234524749281203e-38 1.234524749281203e-38 1.234524749281203e-38 1.234524749281203e-38 1.234524749281203e-38 1.234524749281203e-38 1.234524749281203e-38 1.234524749281203e-38 1.234524749281203e-38 1.234524749281203e-38 1.234524749281203e-38 1.234524749281203e-38 1.234524749281203e-38 1.234524749281203e-38 1.234524749281203e-38 1.234524749281203e-38 1.234524749281203e-38 1.234524749281203e-38 1.234524749281203e-38 1.234524749281203e-38 1.234524749281203e-38 1.234524749281203e-38 1.234524749281203e-38 1.234524749281203e-38 1.234524749281203e-38 1.234524749281203e-38 1.234524749281203e-38 1.234524749281203e-38 1.234524749281203e-38 1.234524749281203e-38 1.234524749281203e-38 1.234524749281203e-38 1.234524749281203e-38 1.234524749281203e-38 1.234524749281203e-38 1.234524749281203e-38 1.234524749281203e-38 1.234524749281203e-38 1.234524749281203e-38 1.234524749281203e-38 1.234524749281203e-38 1.234524749281203e-38 1.234524749281203e-38 1.234524749281203e-38 1.234524749281203e-38 1.234524749281203e-38 1.234524749281203e-38 1.234524749281203e-38 1.234524749281203e-38 1.234524749281203e-38 1.234524749281203e-38 1.234524749281203e-38 1.234524749281203e-38 1.234524749281203e-38 1.234524749281203e-38 1.234524749281203e-38 1.234524749281203e-38 1.234524749281203e-38 1.234524749281203e-38 1.234524749281203e-38 1.234524749281203e-38 1.234524749281203e-38 1.234524749281203e-38 1.234524749281203e-38 1.234524749281203e-38 1.234524749281203e-38 1.234524749281203e-38 1.234524749281203e-38 1.234524749281203e-38 1.234524749281203e-38 1.234524749281203e-38 1.234524749281203e-38 1.234524749281203e-38 1.234524749281203e-38 1.234524749281203e-38 1.234524749281203e-38 1.234524749281203e-38 1.234524749281203e-38 1.234524749281203e-38 1.234524749281203e-38 1.234524749281203e-38 1.234524749281203e-38 1.234524749281203e-38 1.234524749281203e-38 1.234524749281203e-38 1.234524749281203e-38 1.234524749281203e-38 1.234524749281203e-38 1.234524749281203e-38 1.234524749281203e-38 1.234524749281203e-38 1.234524749281203e-38 1.234524749281203e-38 1.234524749281203e-38 1.234524749281203e-38 1.234524749281203e-38 1.234524749281203e-38 1.234524749281203e-38 1.234524749281203e-38 1.234524749281203e-38 1.234524749281203e-38 1.234524749281203e-38 1.234524749281203e-38 1.234524749281203e-38 1.234524749281203e-38 1.234524749281203e-38 1.234524749281203e-38 1.234524749281203e-38 1.234524749281203e-38 1.234524749281203e-38 1.234524749281203e-38 1.234524749281203e-38 1.234524749281203e-38 1.234524749281203e-38 1.234524749281203e-38 1.234524749281203e-38 1.234524749281203e-38 1.234524749281203e-38 1.234524749281203e-38 1.234524749281203e-38 1.234524749281203e-38 1.234524749281203e-38 1.234524749281203e-38 1.234524749281203e-38 1.234524749281203e-38 1.234524749281203e-38 1.234524749281203e-38 1.234524749281203e-38 1.234524749281203e-38 1.234524749281203e-38 1.234524749281203e-38 1.234524749281203e-38 1.234524749281203e-38 1.234524749281203e-38 1.234524749281203e-38 1.234524749281203e-38 1.234524749281203e-38 1.234524749281203e-38 1.234524749281203e-38


# name: dataopn
# type: matrix
# rows: 1
# columns: 600
 0 0.1666666716337204 0.3055555820465088 0.4212963283061981 0.5177469253540039 0.5981224179267883 0.6651020050048828 0.7209183573722839 0.7674319744110107 0.8061932921409607 0.8384944200515747 0.8654119968414307 0.8878433108329773 0.9065361022949219 0.9221134185791016 0.9350945353507996 0.9459121227264404 0.9549267888069153 0.9624390006065369 0.9686991572380066 0.9739159345626831 0.978263258934021 0.9818860292434692 0.9849050045013428 0.9874208569526672 0.9895173907279968 0.9912644624710083 0.992720365524292 0.9939336180686951 0.99494469165802 0.9957872629165649 0.996489405632019 0.9970744848251343 0.997562050819397 0.9979683756828308 0.9983069896697998 0.9985891580581665 0.9988242983818054 0.9990202188491821 0.9991835355758667 0.9993196129798889 0.9994330406188965 0.9995275139808655 0.9996062517166138 0.9996718764305115 0.9997265338897705 0.9997721314430237 0.9998100996017456 0.9998417496681213 0.9998681545257568 0.999890148639679 0.999908447265625 0.9999237060546875 0.9999364018440247 0.9999470114707947 0.9999558329582214 0.9999631643295288 0.9999693036079407 0.9999744296073914 0.9999786615371704 0.9999822378158569 0.9999852180480957 0.9999876618385315 0.9999897480010986 0.9999914765357971 0.9999929070472717 0.9999940991401672 0.9999951124191284 0.9999959468841553 0.9999966025352478 0.9999971389770508 0.999997615814209 0.9999980330467224 0.9999983310699463 0.9999986290931702 0.9999988675117493 0.9999990463256836 0.9999992251396179 0.9999993443489075 0.999999463558197 0.9999995231628418 0.9999995827674866 0.9999996423721313 0.9999997019767761 0.9999997615814209 0.9999998211860657 0.9999998807907104 0.9999998807907104 0.9999998807907104 0.9999998807907104 0.9999998807907104 0.9999998807907104 0.9999998807907104 0.9999998807907104 0.9999998807907104 0.9999998807907104 0.9999998807907104 0.9999998807907104 0.9999998807907104 0.9999998807907104 0.9999998807907104 0.9999998807907104 0.9999998807907104 0.9999998807907104 0.9999998807907104 0.9999998807907104 0.9999998807907104 0.9999998807907104 0.9999998807907104 0.9999998807907104 0.9999998807907104 0.9999998807907104 0.9999998807907104 0.9999998807907104 0.9999998807907104 0.9999998807907104 0.9999998807907104 0.9999998807907104 0.9999998807907104 0.9999998807907104 0.9999998807907104 0.9999998807907104 0.9999998807907104 0.9999998807907104 0.9999998807907104 0.9999998807907104 0.9999998807907104 0.9999998807907104 0.9999998807907104 0.9999998807907104 0.9999998807907104 0.9999998807907104 0.9999998807907104 0.9999998807907104 0.9999998807907104 0.9999998807907104 0.9999998807907104 0.9999998807907104 0.9999998807907104 0.9999998807907104 0.9999998807907104 0.9999998807907104 0.9999998807907104 0.9999998807907104 0.9999998807907104 0.9999998807907104 0.9999998807907104 0.9999998807907104 0.9999998807907104 0.9999998807907104 0.9999998807907104 0.9999998807907104 0.9999998807907104 0.9999998807907104 0.9999998807907104 0.9999998807907104 0.9999998807907104 0.9999998807907104 0.9999998807907104 0.9999998807907104 0.9999998807907104 0.9999998807907104 0.9999998807907104 0.9999998807907104 0.9999998807907104 0.9999998807907104 0.9999998807907104 0.9999998807907104 0.9999998807907104 0.9999998807907104 0.9999998807907104 0.9999998807907104 0.9999998807907104 0.9999998807907104 0.9999998807907104 0.9999998807907104 0.9999998807907104 0.9999998807907104 0.9999998807907104 0.9999998807907104 0.9999998807907104 0.9999998807907104 0.9999998807907104 0.9999998807907104 0.9999998807907104 0.9999998807907104 0.9999998807907104 0.9999998807907104 0.9999998807907104 0.9999998807907104 0.9999998807907104 0.9999998807907104 0.9999998807907104 0.8651295304298401 0.7209413051605225 0.6007844209671021 0.5006536841392517 0.4172114133834839 0.3476761877536774 0.2897301614284515 0.2414418011903763 0.2012014985084534 0.1676679104566574 0.1397232562303543 0.1164360493421555 0.09703004360198975 0.08085837215185165 0.06738197803497314 0.05615164712071419 0.04679303988814354 0.038994200527668 0.03249516710639 0.02707930654287338 0.02256608940660954 0.01880507543683052 0.01567089557647705 0.01305907964706421 0.01088256668299437 0.009068805724382401 0.007557338103652 0.006297781597822905 0.005248151253908873 0.00437345914542675 0.003644549287855625 0.003037124406546354 0.00253093708306551 0.002109114313498139 0.001757595222443342 0.001464662724174559 0.001220552250742912 0.001017126836813986 0.0008476056973449886 0.0007063380908221006 0.0005886150756850839 0.0004905125824734569 0.0004087604756932706 0.0003406337345950305 0.0002838614454958588 0.0002365512045798823 0.0001971260062418878 0.0001642716670176014 0.000136893053422682 0.0001140775420935825 9.506462083663791e-05 7.922051736386493e-05 6.601709901588038e-05 5.501425039255992e-05 4.58452086604666e-05 3.820433994405903e-05 3.183694934705272e-05 2.653079172887374e-05 2.210899401688948e-05 1.842416168074124e-05 1.535346746095456e-05 1.279455591429723e-05 1.066213008016348e-05 8.885108400136232e-06 7.404256848531077e-06 6.170213964651339e-06 5.141845122125233e-06 4.284871010895586e-06 3.570725766621763e-06 2.975604729726911e-06 2.479670683896984e-06 2.066392198685207e-06 1.72199349890434e-06 1.434994601368089e-06 1.19582887236902e-06 9.965240224119043e-07 8.304367042910599e-07 6.920305963831197e-07 5.766921731265029e-07 4.805768298865587e-07 4.004807010460354e-07 3.337339080644597e-07 2.781115995276195e-07 2.317596710099679e-07 1.93133061543449e-07 1.609442108474468e-07 1.341201709692541e-07 1.117668091410451e-07 9.313900761753757e-08 7.761583731280552e-08 6.467986679581372e-08 5.389988899651144e-08 4.491657534799742e-08 3.743047827242663e-08 3.119206581914113e-08 2.599338877473656e-08 2.166115820045889e-08 1.805096516704907e-08 1.504247038042195e-08 1.253539227974443e-08 1.044616038115009e-08 8.705133502928675e-09 7.254278067136966e-09 6.045231870643875e-09 5.037693373566299e-09 4.198077885320117e-09 3.498398237766764e-09 2.915331975827939e-09 2.42944331318995e-09 2.024536094324958e-09 1.687113448944899e-09 1.405927818609598e-09 1.171606478500564e-09 9.763387875949547e-10 8.13615674832846e-10 6.780130901162806e-10 5.650109269339509e-10 4.708424206079087e-10 3.923686930917825e-10 3.269739201616773e-10 2.724782621754684e-10 2.270652138536278e-10 1.892210138576544e-10 1.576841712758181e-10 1.314034714372525e-10 1.095028928643771e-10 9.125240840734961e-11 7.60436713598267e-11 6.336972613318892e-11 5.280810511099077e-11 4.400675310267665e-11 3.667229367398939e-11 3.056024530656565e-11 2.546687166704587e-11 2.122239363411271e-11 1.7685328895789e-11 1.473777350158301e-11 1.228147791798584e-11 1.023456493165487e-11 8.528804398832968e-12 7.107336854467183e-12 5.922780495215552e-12 4.935650412679626e-12 1.686237555986736e-05 0.01669718511402607 0.04684706404805183 0.0878152996301651 0.1374027580022812 0.1937867403030396 0.2554579377174377 0.3211680352687836 0.3898859620094299 0.4607614278793335 0.533094584941864 0.6063106656074524 0.6719255447387695 0.7266046404838562 0.7721705436706543 0.8101420998573303 0.8417850732803345 0.8681542277336121 0.890128493309021 0.9084404110908508 0.9237003326416016 0.9364169239997864 0.9470140933990479 0.955845057964325 0.9632042050361633 0.9693368673324585 0.9744473695755005 0.9787061214447021 0.9822551012039185 0.9852125644683838 0.9876771569252014 0.9897309541702271 0.9914424419403076 0.9928687214851379 0.994057297706604 0.9950477480888367 0.9958730936050415 0.9965609312057495 0.9971340894699097 0.9976117610931396 0.9980098009109497 0.9983415007591248 0.9986178874969482 0.9988482594490051 0.9990402460098267 0.9992002248764038 0.9993335008621216 0.9994446039199829 0.9995371699333191 0.9996142983436584 0.9996786117553711 0.9997321963310242 0.9997768402099609 0.9998140335083008 0.999845027923584 0.9998708367347717 0.9998923540115356 0.999910295009613 0.9999252557754517 0.9999377131462097 0.9999480843544006 0.9999567270278931 0.9999639391899109 0.9999699592590332 0.9999749660491943 0.9999791383743286 0.9999825954437256 0.9999855160713196 0.9999879598617554 0.9999899864196777 0.9999916553497314 0.9999930262565613 0.999994158744812 0.9999951124191284 0.9999959468841553 0.9999966025352478 0.9999971389770508 0.999997615814209 0.9999980330467224 0.9999983310699463 0.9999986290931702 0.9999988675117493 0.9999990463256836 0.9999992251396179 0.9999993443489075 0.999999463558197 0.9999995231628418 0.9999995827674866 0.9999996423721313 0.9999997019767761 0.9999997615814209 0.9999998211860657 0.9999998807907104 0.9999998807907104 0.9999998807907104 0.9999998807907104 0.9999998807907104 0.9999998807907104 0.9999998807907104 0.9999998807907104 0.9999998807907104 0.9999998807907104 0.9999998807907104 0.9999998807907104 0.9999998807907104 0.9999998807907104 0.9999998807907104 0.9999998807907104 0.9999998807907104 0.9999998807907104 0.9999998807907104 0.9999998807907104 0.9999998807907104 0.9999998807907104 0.9999998807907104 0.9999998807907104 0.9999998807907104 0.9999998807907104 0.9999998807907104 0.9999998807907104 0.9999998807907104 0.9999998807907104 0.9999998807907104 0.9999998807907104 0.9999998807907104 0.9999998807907104 0.9999998807907104 0.9999998807907104 0.9999998807907104 0.9999998807907104 0.9999998807907104 0.9999998807907104 0.9999998807907104 0.9999998807907104 0.9999998807907104 0.9999998807907104 0.9999998807907104 0.9999998807907104 0.9999998807907104 0.9999998807907104 0.9999998807907104 0.9999998807907104 0.9999998807907104 0.9999998807907104 0.9999998807907104 0.9999998807907104 0.9999998807907104 0.9999998807907104 0.9999998807907104 0.9999998807907104 0.9999998807907104 0.9999998807907104 0.9999998807907104 0.9999998807907104 0.9999998807907104 0.9999998807907104 0.9999998807907104 0.9999998807907104 0.9999998807907104 0.9999998807907104 0.9999998807907104 0.9999998807907104 0.9999998807907104 0.9999998807907104 0.9999998807907104 0.9999998807907104 0.9999998807907104 0.9999998807907104 0.9999998807907104 0.9999998807907104 0.9999998807907104 0.9999998807907104 0.9999998807907104 0.9999998807907104 0.9999998807907104 0.9999998807907104 0.9999998807907104 0.9999998807907104 0.9999998807907104 0.9999998807907104 0.9999998807907104 0.9999998807907104 0.9999998807907104 0.9999998807907104 0.9999998807907104 0.9999998807907104 0.9999998807907104 0.9999998807907104 0.9999998807907104 0.9999998807907104 0.9999998807907104 0.9999998807907104 0.9999998807907104 0.9999998807907104 0.9999998807907104 0.9999998807907104 0.9999998807907104 0.9999998807907104 0.9999998807907104 0.9999998807907104 0.9999998807907104 0.9999998807907104 0.9999998807907104 0.9999998807907104 0.9999998807907104 0.9999998807907104 0.9999998807907104 0.9999998807907104 0.9999998807907104 0.9999998807907104 0.9999998807907104 0.9999998807907104 0.9999998807907104 0.9999998807907104 0.9999998807907104 0.9999998807907104 0.9999998807907104 0.9999998807907104 0.9999998807907104 0.9999998807907104 0.9999998807907104 0.9999998807907104 0.9999998807907104 0.9999998807907104 0.9999998807907104 0.9999998807907104 0.9999998807907104 0.9999998807907104 0.9999998807907104 0.9999998807907104 0.9999998807907104 0.9999998807907104 0.9999998807907104 0.9999998807907104 0.9999998807907104 0.9999998807907104 0.9999998807907104 0.9999998807907104 0.9999998807907104 0.9999998807907104 0.9999998807907104 0.9999998807907104 0.9999998807907104 0.9999998807907104 0.9999998807907104 0.9999998807907104 0.9999998807907104 0.9999998807907104 0.9999998807907104 0.9999998807907104 0.9999998807907104 0.9999998807907104 0.9999998807907104 0.9999998807907104 0.9999998807907104 0.9999998807907104 0.9999998807907104 0.9999998807907104 0.9999998807907104 0.9999998807907104 0.9999998807907104 0.9999998807907104 0.9999998807907104 0.9999998807907104


# name: datallbn
# type: matrix
# rows: 1
# columns: 600
 0 0 0 0 0 0 0 0 0 0 0 0 0 0 0 0 0 0 0 0 0 0 0 0 0 0 0 0 0 0 0 0 0 0 0 0 0 0 0 0 0 0 0 0 0 0 0 0 0 0 0 0 0 0 0 0 0 0 0 0 0 0 0 0 0 0 0 0 0 0 0 0 0 0 0 0 0 0 0 0 0 0 0 0 0 0 0 0 0 0 0 0 0 0 0 0 0 0 0 0 0 0 0 0 0 0 0 0 0 0 0 0 0 0 0 0 0 0 0 0 0 0 0 0 0 0 0 0 0 0 0 0 0 0 0 0 0 0 0 0 0 0 0 0 0 0 0 0 0 0 0 0 0 0 0 0 0 0 0 0 0 0 0 0 0 0 0 0 0 0 0 0 0 0 0 0 0 0 0 0 0 0 0 0 0 0.001544588012620807 0.004871128126978874 0.01009313575923443 0.01732573099434376 0.0267886258661747 0.03809222206473351 0.05076718702912331 0.06443599611520767 0.07886715233325958 0.09383679926395416 0.1090264543890953 0.1241365224123001 0.1392287164926529 0.1542942672967911 0.169796034693718 0.1857104301452637 0.2023428678512573 0.2195590138435364 0.2372448444366455 0.2552216351032257 0.2731848061084747 0.2909848988056183 0.3083399832248688 0.3252611756324768 0.3417593538761139 0.3578450679779053 0.3735286593437195 0.3888201415538788 0.4037293493747711 0.4182658195495605 0.4324388802051544 0.446257621049881 0.4597308933734894 0.472867339849472 0.4857701659202576 0.4982117712497711 0.5097392797470093 0.5198450088500977 0.5280478596687317 0.5340133309364319 0.5373715758323669 0.5378144979476929 0.535058856010437 0.5288411378860474 0.5189957618713379 0.5060208439826965 0.4933703243732452 0.4810360670089722 0.4690101742744446 0.4572849273681641 0.4458528161048889 0.4347065091133118 0.4238388538360596 0.4132428765296936 0.4029118120670319 0.3928390145301819 0.3830180466175079 0.3734425902366638 0.3641065359115601 0.3550038635730743 0.3461287617683411 0.3374755382537842 0.3290386497974396 0.3208126723766327 0.3127923607826233 0.3049725592136383 0.2973482310771942 0.2899145185947418 0.2826666533946991 0.2755999863147736 0.2687099874019623 0.2619922459125519 0.2554424405097961 0.2490563839673996 0.2428299784660339 0.2367592304944992 0.2308402508497238 0.2250692397356033 0.2194425016641617 0.2139564454555511 0.2086075395345688 0.20339235663414 0.1983075439929962 0.1933498531579971 0.1885161101818085 0.1838032007217407 0.1792081147432327 0.1747279167175293 0.1703597158193588 0.1661007255315781 0.1619482040405273 0.1578994989395142 0.1539520174264908 0.1501032114028931 0.1463506370782852 0.1426918655633926 0.1391245722770691 0.1356464624404907 0.1322553008794785 0.128948912024498 0.125725194811821 0.1225820630788803 0.1195175126194954 0.1165295764803886 0.1136163398623466 0.1107759326696396 0.1080065369606018 0.1053063720464706 0.1026737093925476 0.1001068651676178 0.09760419279336929 0.09516409039497375 0.09278498589992523 0.09046535938978195 0.08820372819900513 0.08599863201379776 0.08384866267442703 0.08175244927406311 0.07970863580703735 0.0777159184217453 0.07577302306890488 0.0738786980509758 0.07203172892332077 0.07023093849420547 0.06847516447305679 0.06676328182220459 0.06509420275688171 0.06346684694290161 0.06188017502427101 0.06033316999673843 0.05882484093308449 0.05735421925783157 0.05592036247253418 0.05452235415577888 0.05315929651260376 0.05183031409978867 0.05053455755114555 0.04927119240164757 0.04803941398859024 0.04683842882514 0.04566746950149536 0.04452578350901604 0.04341264069080353 0.04232732579112053 0.04126914218068123 0.04023741185665131 0.03923147544264793 0.03825068846344948 0.0372944213449955 0.03636205941438675 0.03545300662517548 0.03456668183207512 0.03370251506567001 0.03285995125770569 0.03203845396637917 0.03123749233782291 0.0304565541446209 0.02969514019787312 0.02895276248455048 0.02822894416749477 0.02752322144806385 0.02683514170348644 0.02616426348686218 0.0255101565271616 0.02487240172922611 0.02425059117376804 0.02364432625472546 0.02305321767926216 0.02247688733041286 0.02191496454179287 0.02136708982288837 0.02083291299641132 0.02031208947300911 0.01980428770184517 0.01930917985737324 0.0188264511525631 0.01835579052567482 0.01789689622819424 0.01744947396218777 0.01701323688030243 0.01658790558576584 0.01617320813238621 0.0157688781619072 0.01537465583533049 0.01499028969556093 0.01461553201079369 0.01425014343112707 0.01389389019459486 0.0135465431958437 0.01320787984877825 0.01287768315523863 0.01255574077367783 0.01224184688180685 0.01193580031394958 0.01163740549236536 0.01134647056460381 0.01106280833482742 0.01078623812645674 0.01051658205688 0.0102536678314209 0.009997325949370861 0.009747392497956753 0.00950370728969574 0.009266114793717861 0.00903446227312088 0.008808600716292858 0.00858838576823473 0.008373675867915154 0.008164334110915661 0.007960225455462933 0.00776121998205781 0.007567189633846283 0.007378010079264641 0.007193559780716896 0.00701372092589736 0.00683837803080678 0.006667418405413628 0.006500733084976673 0.006338214967399836 0.006179759744554758 0.006025265902280807 0.005874634254723787 0.005727768409997225 0.005584574304521084 0.005444959737360477 0.00530883576720953 0.005176114849746227 0.005046711768954992 0.004920544102787971 0.004797530360519886 0.004677592311054468 0.004560652654618025 0.004446636419743299 0.004335470497608185 0.004227083642035723 0.004121406469494104 0.00401837145909667 0.003917912021279335 0.003819964127615094 0.003724464913830161 0.003631353378295898 0.003540569450706244 0.003452055156230927 0.003365753684192896 0.003281609853729606 0.003199569648131728 0.003119580447673798 0.00304159102961421 0.00296555133536458 0.00289141247048974 0.002819127170369029 0.002748649101704359 0.002679932862520218 0.002612934447824955 0.002547611016780138 0.002483920659869909 0.002421822631731629 0.002361277118325233 0.002302245236933231 0.002244689036160707 0.002188571728765965 0.00213385745882988 0.002080511068925261 0.002028498332947493 0.001977785956114531 0.001928341342136264 0.001880132826045156 0.001833129557780921 0.001787301269359887 0.001742618740536273 0.001699053216725588 0.001656576874665916 0.001615162473171949 0.00157478335313499 0.001535413786768913 0.001497028395533562 0.001459602732211351 0.001423112698830664 0.001387534895911813 0.001352846506051719 0.001319025293923914 0.001286049606278539 0.001253898371942341 0.001222550868988037 0.001191987073980272 0.001162187429144979 0.001133132725954056 0.001104804454371333 0.001077184337191284 0.00105025467928499 0.001023998367600143 0.0009983984054997563 0.0009734384366311133 0.0009491024538874626 0.0009253749158233404 0.0009022405138239264 0.0008796845213510096 0.0008576923864893615 0.0008362500811927021 0.0008153438102453947 0.0007949601858854294 0.0007750861695967615 0.0007557090139016509 0.0007368162623606622 0.0007183958659879863 0.0007004359504207969 0.0006829250487498939 0.0006658519268967211 0.0006492056418210268 0.0006329754833132029 0.0006171510904096067 0.0006017223349772394 0.0005866792635060847 0.0005720122717320919 0.000557711988221854 0.0005437692161649466 0.000530174991581589 0.0005169206415303051 0.0005039976094849408 0.000491397688165307 0.0004791127576027066 0.0004671349306590855 0.0004554565530270338 0.0004440701450221241 0.0004329684015829116 0.0004221441922709346 0.0004115905903745443 0.0004013008147012442 0.0003912682877853513 0.0003814865776803344 0.0003719494270626456 0.0003626506950240582 0.0003535844152793288 0.0003447447961661965 0.0003361261624377221 0.0003277230134699494 0.0003195299359504133 0.0003115416911896318 0.0003037531569134444 0.0002961593272630125 0.0002887553418986499 0.0002815364568959922 0.0002744980447459966 0.0002676355943549424 0.0002609447110444307 0.0002544210874475539 0.0002480605617165565 0.0002418590447632596 0.0002358125639148057 0.000229917248361744 0.0002241693146061152 0.0002185650810133666 0.0002131009532604367 0.0002077734243357554 0.0002025790890911594 0.0001975146151380613 0.0001925767428474501 0.0001877623290056363 0.0001830682740546763 0.0001784915657481179 0.0001740292791510001 0.000169678547536023 0.0001654365769354627 0.0001613006606930867 0.0001572681503603235 0.0001533364411443472 0.0001495030301157385 0.0001457654580008239 0.0001421213237335905 0.0001385682844556868 0.0001351040846202523 0.0001317264832323417 0.0001284333266085014 0.0001252224901691079 0.0001220919220941141 0.0001190396214951761 0.0001160636311396956 0.0001131620374508202 0.0001103329850593582 0.0001075746622518636 0.0001048852936946787 0.0001022631622618064 9.970657993108034e-05 9.721391688799486e-05 9.478357242187485e-05 9.241398220183328e-05 9.010363282868639e-05 8.785104000708088e-05 8.565476309740916e-05 8.351339056389406e-05 8.142555452650413e-05 7.938991620903835e-05 7.740516593912616e-05 7.547003770014271e-05 7.358328730333596e-05 7.174370693974197e-05 6.995011062826961e-05 6.820135604357347e-05 6.649632268818095e-05 6.483391189249232e-05 6.321306136669591e-05 6.16327379248105e-05 6.00919192947913e-05 5.858961958438158e-05 5.712487836717628e-05 5.569675704464316e-05 5.430433884612285e-05 5.294672882882878e-05 5.162306115380488e-05 5.033248453401029e-05 4.90741731482558e-05 4.784731936524622e-05 4.665113738155924e-05 4.548485958366655e-05 4.434773654793389e-05


# name: dataibn
# type: matrix
# rows: 1
# columns: 600
 0 0 0 0 0 0 0 0 0 0 0 0 0 0 0 0 0 0 0 0 0 0 0 0 0 0 0 0 0 0 0 0 0 0 0 0 0 0 0 0 0 0 0 0 0 0 0 0 0 0 0 0 0 0 0 0 0 0 0 0 0 0 0 0 0 0 0 0 0 0 0 0 0 0 0 0 0 0 0 0 0 0 0 0 0 0 0 0 0 0 0 0 0 0 0 0 0 0 0 0 0 0 0 0 0 0 0 0 0 0 0 0 0 0 0 0 0 0 0 0 0 0 0 0 0 0 0 0 0 0 0 0 0 0 0 0 0 0 0 0 0 0 0 0 0 0 0 0 0 0 0 0 0 0 0 0 0 0 0 0 0 0 0 0 0 0 0 0 0 0 0 0 0 0 0 0 0 0 0 0 0 0 0 0 0 0 0 0 0 0 0 0 0 0 0 0 0 0 0 0 0 0 0 0 0 0 0 0 0 0 0 0 0 0 0 0 0 0.0004857698804698884 0.001904067816212773 0.004377289675176144 0.007881798781454563 0.0123344212770462 0.0176334660500288 0.02367737889289856 0.03037252090871334 0.03763671964406967 0.04539665579795837 0.05358341708779335 0.06212905049324036 0.070964515209198 0.08001966774463654 0.08921947330236435 0.09832727909088135 0.1073440089821815 0.1162705719470978 0.1251078695058823 0.133856788277626 0.142397329211235 0.1506526321172714 0.1586169898509979 0.1662900596857071 0.1736744344234467 0.1807743310928345 0.1875949054956436 0.1941418945789337 0.2004213482141495 0.2064395397901535 0.2122028321027756 0.2177176624536514 0.222990483045578 0.2280276864767075 0.2328356504440308 0.2374206632375717 0.2417889535427094 0.2459466159343719 0.2498996704816818 0.2536540031433105 0.2572154104709625 0.2605895400047302 0.2637819051742554 0.2667979300022125 0.2696429193019867 0.2723219990730286 0.2748402059078217 0.2772024571895599 0.2794135510921478 0.2814781367778778 0.2833964824676514 0.2851701378822327 0.2868073582649231 0.2883142530918121 0.2896958589553833 0.2909566462039948 0.2920936644077301 0.2931085824966431 0.2940101623535156 0.2948045432567596 0.2954964339733124 0.2960898280143738 0.2965802252292633 0.2969695031642914 0.297266036272049 0.2974754869937897 0.2976020574569702 0.2976486682891846 0.2976099848747253 0.2974883913993835 0.2972917258739471 0.2970251142978668 0.296692281961441 0.2962940633296967 0.2958256602287292 0.2952904403209686 0.2946954071521759 0.294045090675354 0.2933427393436432 0.2925878167152405 0.2917763590812683 0.2909125983715057 0.290002316236496 0.2890492677688599 0.2880561351776123 0.2870223224163055 0.2859450876712799 0.2848288118839264 0.2836776077747345 0.2824942469596863 0.2812807559967041 0.2800374925136566 0.2787629961967468 0.2774608731269836 0.2761335074901581 0.2747826874256134 0.2734098434448242 0.2720161974430084 0.270601361989975 0.2691672146320343 0.2677152156829834 0.2662465572357178 0.2647622525691986 0.2632632851600647 0.2617505788803101 0.2602249681949615 0.2586873173713684 0.2571384310722351 0.2555790841579437 0.254010021686554 0.2524319887161255 0.2508456707000732 0.2492517828941345 0.2476509660482407 0.246043860912323 0.2444310933351517 0.2428132593631744 0.2411909401416779 0.2395647019147873 0.2379350811243057 0.2363026142120361 0.2346677929162979 0.2330311238765717 0.2313930690288544 0.2297540903091431 0.2281129360198975 0.226160004734993 0.2240625023841858 0.221903920173645 0.2197259068489075 0.2175491601228714 0.215383917093277 0.2132351994514465 0.2111054062843323 0.2089956402778625 0.2069063186645508 0.2048375755548477 0.2027893662452698 0.2007615566253662 0.1987539827823639 0.1967664659023285 0.1947988122701645 0.1928508281707764 0.1909223198890686 0.1890130937099457 0.1871229708194733 0.1852517426013947 0.1833992302417755 0.1815652400255203 0.1797495931386948 0.1779520958662033 0.1761725693941116 0.1744108498096466 0.1726667433977127 0.1709400713443756 0.1692306697368622 0.1675383597612381 0.1658629775047302 0.1642043441534042 0.162562295794487 0.1609366685152054 0.1593272984027863 0.1577340215444565 0.1561566740274429 0.1545951068401337 0.1530491560697556 0.1515186578035355 0.1500034779310226 0.1485034376382828 0.1470184028148651 0.1455482244491577 0.1440927386283875 0.1426518112421036 0.1412252932786942 0.1398130357265472 0.1384149044752121 0.1370307505130768 0.1356604397296906 0.1343038380146027 0.1329607963562012 0.1316311955451965 0.1303148865699768 0.1290117353200912 0.1277216225862503 0.126444399356842 0.1251799613237381 0.1239281594753265 0.1226888746023178 0.1214619874954224 0.1202473640441895 0.1190448924899101 0.1178544461727142 0.1166758984327316 0.1155091375112534 0.1143540441989899 0.1132105067372322 0.1120783984661102 0.1109576150774956 0.1098480373620987 0.1087495535612106 0.107662059366703 0.1065854355692863 0.1055195778608322 0.1044643819332123 0.1034197360277176 0.1023855358362198 0.1013616770505905 0.100348062813282 0.09934458136558533 0.0983511358499527 0.09736762195825577 0.09639394283294678 0.09543000161647797 0.09447570145130157 0.09353094547986984 0.09259563684463501 0.09166967868804932 0.0907529816031456 0.0898454487323761 0.08894699066877365 0.08805751800537109 0.08717694133520126 0.086305171251297 0.08544211834669113 0.0845877006649971 0.08374182134866714 0.08290440589189529 0.08207536488771439 0.08125460892915726 0.08044206351041794 0.07963763922452927 0.07884126156568527 0.07805284857749939 0.07727231830358505 0.07649959623813629 0.07573460042476654 0.07497725635766983 0.07422748208045959 0.07348521053791046 0.07275035977363586 0.07202285528182983 0.071302630007267 0.07058960199356079 0.06988370418548584 0.06918486952781677 0.06849302351474762 0.06780809164047241 0.06713001430034637 0.06645871698856354 0.06579413264989853 0.06513619422912598 0.06448483467102051 0.06383998692035675 0.06320158392190933 0.06256956607103348 0.06194387003779411 0.06132443249225616 0.06071118637919426 0.06010407581925392 0.05950303375720978 0.05890800431370735 0.05831892415881157 0.05773573368787766 0.05715837702155113 0.05658679455518723 0.05602092668414116 0.05546071752905846 0.05490611121058464 0.05435705184936523 0.05381347984075546 0.05327534675598145 0.05274259299039841 0.05221516638994217 0.05169301480054855 0.05117608606815338 0.05066432431340218 0.05015768110752106 0.04965610429644585 0.04915954172611237 0.04866794496774673 0.04818126559257507 0.0476994514465332 0.04722245782613754 0.04675023257732391 0.04628273099660873 0.04581990465521812 0.0453617051243782 0.04490808770060539 0.04445900768041611 0.04401441663503647 0.04357427358627319 0.0431385301053524 0.04270714521408081 0.04228007420897484 0.0418572723865509 0.04143869876861572 0.04102431237697601 0.04061406850814819 0.04020792618393898 0.03980584815144539 0.03940778970718384 0.03901371359825134 0.03862357512116432 0.03823734074831009 0.03785496577620506 0.03747641667723656 0.03710165247321129 0.03673063591122627 0.03636332973837852 0.03599969670176506 0.03563969954848289 0.03528330102562904 0.03493046760559082 0.03458116203546524 0.03423535078763962 0.03389299660921097 0.0335540659725666 0.03321852535009384 0.03288634121417999 0.03255747631192207 0.0322319008409977 0.03190958127379417 0.03159048408269882 0.03127457946538925 0.03096183389425278 0.03065221570432186 0.03034569323062897 0.03004223667085171 0.02974181436002254 0.02944439649581909 0.02914995327591896 0.02885845303535461 0.02856986783444881 0.02828416973352432 0.02800132893025875 0.02772131562232971 0.02744410187005997 0.02716966159641743 0.0268979649990797 0.02662898600101471 0.0263626966625452 0.02609906904399395 0.02583807893097401 0.02557969838380814 0.02532390132546425 0.02507066167891026 0.02481995522975922 0.02457175590097904 0.02432603761553764 0.02408277802169323 0.02384195104241371 0.02360353246331215 0.0233674980700016 0.02313382364809513 0.0229024849832058 0.0226734597235918 0.02244672551751137 0.02222225815057755 0.02200003527104855 0.02178003452718258 0.02156223356723785 0.02134661190211773 0.02113314531743526 0.02092181332409382 0.02071259543299675 0.02050546929240227 0.02030041441321373 0.0200974103063345 0.01989643648266792 0.01969747245311737 0.0195004977285862 0.01930549368262291 0.01911243796348572 0.01892131380736828 0.01873210072517395 0.01854478009045124 0.01835933141410351 0.01817573793232441 0.01799398101866245 0.01781404204666615 0.017635902389884 0.01745954342186451 0.01728494837880135


# name: datatn
# type: matrix
# rows: 1
# columns: 600
 0 0 0 0 0 0 0 0 0 0 0 0 0 0 0 0 0 0 0 0 0 0 0 0 0 0 0 0 0 0 0 0 0 0 0 0 0 0 0 0 0 0 0 0 0 0 0 0 0 0 0 0 0 0 0 0 0 0 0 0 0 0 0 0 0 0 0 0 0 0 0 0 0 0 0 0 0 0 0 0 0 0 0 0 0 0 0 0 0 0 0 0 0 0 0 0 0 0 0 0 0 0 0 0 0 0 0 0 0 0 0 0 0 0 0 0 0 0 0 0 0 0 0 0 0 0 0 0 0 0 0 0 0 0 0 0 0 0 0 0 0 0 0 0 0 0 0 0 0 0 0 0 0 0 0 0 0 0 0 0 0 0 0 0 0 0 0 0 0 0 0 0 0 0 0 0 0 0 0 0 0 0 0 0 0 0 0 0 0 0 0 0 0 0 0 0 0 0 0 0 0 0 0 0 0 0 0 0 0 0 0 0 0 0 0 0 0 0.0002428849402349442 0.0009544627973809838 0.002200593939051032 0.003974734805524349 0.006240454502403736 0.008951649069786072 0.01206177193671465 0.01552772987633944 0.01931169256567955 0.0233798436820507 0.02770020812749863 0.03224094212055206 0.03696931898593903 0.0418517179787159 0.04685322940349579 0.05193760246038437 0.05706720426678658 0.06220297515392303 0.0673048123717308 0.07233497500419617 0.07727453112602234 0.08211417496204376 0.08684961497783661 0.09147923439741135 0.09600286930799484 0.1004211902618408 0.1047353520989418 0.1089468225836754 0.1130572557449341 0.1170684546232224 0.1209822967648506 0.1248007267713547 0.1285257190465927 0.1321592777967453 0.1357033997774124 0.139160081744194 0.1425313204526901 0.1458190977573395 0.1490253508090973 0.1521520167589188 0.1552009880542755 0.1581741273403168 0.1610732674598694 0.1639001965522766 0.1666566729545593 0.169344425201416 0.1719651520252228 0.1745204925537109 0.1770120561122894 0.1794414222240448 0.1818079799413681 0.1841118037700653 0.1863562613725662 0.1885437369346619 0.1906761080026627 0.1927549690008163 0.1947782635688782 0.1967461854219437 0.1986625194549561 0.2005297541618347 0.2023497223854065 0.2041238993406296 0.2058495432138443 0.2075270861387253 0.2091602087020874 0.2107512652873993 0.2123019248247147 0.2138132452964783 0.215282142162323 0.2167093902826309 0.2180984914302826 0.2194516360759735 0.2207703441381454 0.2220546901226044 0.2233019471168518 0.2245134562253952 0.2256923913955688 0.2268407195806503 0.2279597669839859 0.229049026966095 0.2301062345504761 0.2311332225799561 0.2321326434612274 0.2331061363220215 0.2340548187494278 0.2349781841039658 0.23587466776371 0.2367462515830994 0.237594798207283 0.2384215146303177 0.2392272502183914 0.2400120347738266 0.2407749742269516 0.2415177226066589 0.2422413527965546 0.2429466098546982 0.2436341047286987 0.2443043440580368 0.2449570000171661 0.245592936873436 0.2462127804756165 0.246817022562027 0.2474061101675034 0.2479804456233978 0.2485404014587402 0.2490863502025604 0.2496186494827271 0.2501376569271088 0.2506436705589294 0.2511370480060577 0.2516180872917175 0.2520870864391327 0.2525443732738495 0.2529902160167694 0.2534249126911163 0.2538487613201141 0.2542620003223419 0.2546648979187012 0.2550577223300934 0.25544074177742 0.2558141946792603 0.2561782896518707 0.256533294916153 0.2568794190883636 0.2572169005870819 0.2575450837612152 0.2577091753482819 0.2577912211418152 0.257832258939743 0.2578527629375458 0.2578630149364471 0.2578681409358978 0.2578707039356232 0.2578719854354858 0.2578726410865784 0.2578729689121246 0.2578731179237366 0.2578732073307037 0.2578732371330261 0.2578732669353485 0.2578732669353485 0.2578732669353485 0.2578732669353485 0.2578732669353485 0.2578732669353485 0.2578732669353485 0.2578732669353485 0.2578732669353485 0.2578732669353485 0.2578732669353485 0.2578732669353485 0.2578732669353485 0.2578732669353485 0.2578732669353485 0.2578732669353485 0.2578732669353485 0.2578732669353485 0.2578732669353485 0.2578732669353485 0.2578732669353485 0.2578732669353485 0.2578732669353485 0.2578732669353485 0.2578732669353485 0.2578732669353485 0.2578732669353485 0.2578732669353485 0.2578732669353485 0.2578732669353485 0.2578732669353485 0.2578732669353485 0.2578732669353485 0.2578732669353485 0.2578732669353485 0.2578732669353485 0.2578732669353485 0.2578732669353485 0.2578732669353485 0.2578732669353485 0.2578732669353485 0.2578732669353485 0.2578732669353485 0.2578732669353485 0.2578732669353485 0.2578732669353485 0.2578732669353485 0.2578732669353485 0.2578732669353485 0.2578732669353485 0.2578732669353485 0.2578732669353485 0.2578732669353485 0.2578732669353485 0.2578732669353485 0.2578732669353485 0.2578732669353485 0.2578732669353485 0.2578732669353485 0.2578732669353485 0.2578732669353485 0.2578732669353485 0.2578732669353485 0.2578732669353485 0.2578732669353485 0.2578732669353485 0.2578732669353485 0.2578732669353485 0.2578732669353485 0.2578732669353485 0.2578732669353485 0.2578732669353485 0.2578732669353485 0.2578732669353485 0.2578732669353485 0.2578732669353485 0.2578732669353485 0.2578732669353485 0.2578732669353485 0.2578732669353485 0.2578732669353485 0.2578732669353485 0.2578732669353485 0.2578732669353485 0.2578732669353485 0.2578732669353485 0.2578732669353485 0.2578732669353485 0.2578732669353485 0.2578732669353485 0.2578732669353485 0.2578732669353485 0.2578732669353485 0.2578732669353485 0.2578732669353485 0.2578732669353485 0.2578732669353485 0.2578732669353485 0.2578732669353485 0.2578732669353485 0.2578732669353485 0.2578732669353485 0.2578732669353485 0.2578732669353485 0.2578732669353485 0.2578732669353485 0.2578732669353485 0.2578732669353485 0.2578732669353485 0.2578732669353485 0.2578732669353485 0.2578732669353485 0.2578732669353485 0.2578732669353485 0.2578732669353485 0.2578732669353485 0.2578732669353485 0.2578732669353485 0.2578732669353485 0.2578732669353485 0.2578732669353485 0.2578732669353485 0.2578732669353485 0.2578732669353485 0.2578732669353485 0.2578732669353485 0.2578732669353485 0.2578732669353485 0.2578732669353485 0.2578732669353485 0.2578732669353485 0.2578732669353485 0.2578732669353485 0.2578732669353485 0.2578732669353485 0.2578732669353485 0.2578732669353485 0.2578732669353485 0.2578732669353485 0.2578732669353485 0.2578732669353485 0.2578732669353485 0.2578732669353485 0.2578732669353485 0.2578732669353485 0.2578732669353485 0.2578732669353485 0.2578732669353485 0.2578732669353485 0.2578732669353485 0.2578732669353485 0.2578732669353485 0.2578732669353485 0.2578732669353485 0.2578732669353485 0.2578732669353485 0.2578732669353485 0.2578732669353485 0.2578732669353485 0.2578732669353485 0.2578732669353485 0.2578732669353485 0.2578732669353485 0.2578732669353485 0.2578732669353485 0.2578732669353485 0.2578732669353485 0.2578732669353485 0.2578732669353485 0.2578732669353485 0.2578732669353485 0.2578732669353485 0.2578732669353485 0.2578732669353485 0.2578732669353485 0.2578732669353485 0.2578732669353485 0.2578732669353485 0.2578732669353485 0.2578732669353485 0.2578732669353485 0.2578732669353485 0.2578732669353485 0.2578732669353485 0.2578732669353485 0.2578732669353485 0.2578732669353485 0.2578732669353485 0.2578732669353485 0.2578732669353485 0.2578732669353485 0.2578732669353485 0.2578732669353485 0.2578732669353485 0.2578732669353485 0.2578732669353485 0.2578732669353485 0.2578732669353485 0.2578732669353485 0.2578732669353485 0.2578732669353485 0.2578732669353485 0.2578732669353485 0.2578732669353485 0.2578732669353485 0.2578732669353485 0.2578732669353485 0.2578732669353485 0.2578732669353485 0.2578732669353485 0.2578732669353485 0.2578732669353485 0.2578732669353485 0.2578732669353485 0.2578732669353485 0.2578732669353485 0.2578732669353485 0.2578732669353485 0.2578732669353485 0.2578732669353485 0.2578732669353485 0.2578732669353485 0.2578732669353485 0.2578732669353485 0.2578732669353485 0.2578732669353485 0.2578732669353485 0.2578732669353485 0.2578732669353485 0.2578732669353485 0.2578732669353485 0.2578732669353485 0.2578732669353485 0.2578732669353485 0.2578732669353485 0.2578732669353485 0.2578732669353485 0.2578732669353485 0.2578732669353485 0.2578732669353485 0.2578732669353485 0.2578732669353485 0.2578732669353485 0.2578732669353485


# name: datamn
# type: matrix
# rows: 1
# columns: 600
 0 0 0 0 0 0 0 0 0 0 0 0 0 0 0 0 0 0 0 0 0 0 0 0 0 0 0 0 0 0 0 0 0 0 0 0 0 0 0 0 0 0 0 0 0 0 0 0 0 0 0 0 0 0 0 0 0 0 0 0 0 0 0 0 0 0 0 0 0 0 0 0 0 0 0 0 0 0 0 0 0 0 0 0 0 0 0 0 0 0 0 0 0 0 0 0 0 0 0 0 0 0 0 0 0 0 0 0 0 0 0 0 0 0 0 0 0 0 0 0 0 0 0 0 0 0 0 0 0 0 0 0 0 0 0 0 0 0 0 0 0 0 0 0 0 0 0 0 0 0 0 0 0 0 0 0 0 0 0 0 0 0 0 0 0 0 0 0 0 0 0 0 0 0 0 0 0 0 0 0 0 0 0 0 0 0 0 0 0 0 0 0 0 0 0 0 0 0 0 0 0 0 0 0 0 0 0 0 0 0 0 0 0 0 0 0 0 0.006072123534977436 0.02234353870153427 0.04791093617677689 0.0803474485874176 0.1171422004699707 0.156186655163765 0.1958867609500885 0.2351241409778595 0.2731800973415375 0.309604287147522 0.3440942466259003 0.3764169812202454 0.4063671827316284 0.4337604343891144 0.4584183394908905 0.4801653921604156 0.4988269805908203 0.5142278671264648 0.5262012481689453 0.5346719026565552 0.5400435328483582 0.5428498983383179 0.5436071753501892 0.5427644848823547 0.5406928062438965 0.5376899838447571 0.5339913368225098 0.5297809243202209 0.5252019166946411 0.520365297794342 0.5153568387031555 0.510242760181427 0.5050740838050842 0.4998900294303894 0.4947207272052765 0.4895891547203064 0.4845128059387207 0.4795048534870148 0.4745751023292542 0.4697307944297791 0.4649770855903625 0.4603175520896912 0.4557544887065887 0.4512892961502075 0.4469225108623505 0.4426541328430176 0.4384836554527283 0.4344102442264557 0.4304327964782715 0.4265499413013458 0.4227064847946167 0.4188783168792725 0.4151304662227631 0.411486804485321 0.4079523682594299 0.4045250117778778 0.4011121094226837 0.3977012038230896 0.3943730592727661 0.3911553621292114 0.3880522847175598 0.3850593268871307 0.3820681273937225 0.3790770173072815 0.3761667311191559 0.3733637630939484 0.3706710636615753 0.368076354265213 0.3654676675796509 0.3628575205802917 0.3603241145610809 0.3578923046588898 0.3555641770362854 0.353306382894516 0.3510242998600006 0.3487486243247986 0.3465486466884613 0.3444451093673706 0.3424383401870728 0.3404832780361176 0.3385029435157776 0.336542010307312 0.3346544206142426 0.3328547179698944 0.3311414122581482 0.3294734358787537 0.3277937769889832 0.3261486291885376 0.3245697021484375 0.3230637311935425 0.321627676486969 0.3202388882637024 0.3188579678535461 0.3175190985202789 0.3162330389022827 0.3150000274181366 0.3138166964054108 0.3126786947250366 0.3115622699260712 0.3104787170886993 0.3094310760498047 0.3084185719490051 0.3074392378330231 0.3064908981323242 0.305571436882019 0.3046789765357971 0.3038119077682495 0.3029688596725464 0.3021486699581146 0.301350325345993 0.3005729615688324 0.2998158037662506 0.2990781664848328 0.2983593940734863 0.2976588904857635 0.2969761490821838 0.2963106632232666 0.2956619560718536 0.2950295507907867 0.2944130301475525 0.2938119769096375 0.2932260036468506 0.2926547229290009 0.2920977473258972 0.291554719209671 0.2910041809082031 0.2865754067897797 0.2812869846820831 0.2763771116733551 0.2722229361534119 0.268871396780014 0.2662398219108582 0.2642071545124054 0.2626531720161438 0.2614729404449463 0.2605803906917572 0.2599073052406311 0.2594006359577179 0.2590197324752808 0.2587335705757141 0.2585187256336212 0.2583574652671814 0.2582364678382874 0.2581456899642944 0.2580775916576385 0.258026510477066 0.2579882144927979 0.2579594850540161 0.2579379379749298 0.2579217851161957 0.2579096555709839 0.2579005658626556 0.2578937411308289 0.2578886151313782 0.2578847706317902 0.2578819096088409 0.257879763841629 0.2578781545162201 0.2578769326210022 0.2578760087490082 0.2578753232955933 0.2578748166561127 0.2578744292259216 0.2578741312026978 0.257873922586441 0.2578737735748291 0.2578736543655396 0.2578735649585724 0.2578734755516052 0.2578734159469604 0.2578733861446381 0.2578733563423157 0.2578733265399933 0.2578732967376709 0.2578732967376709 0.2578732967376709 0.2578732967376709 0.2578732967376709 0.2578732967376709 0.2578732967376709 0.2578732967376709 0.2578732967376709 0.2578732967376709 0.2578732967376709 0.2578732967376709 0.2578732967376709 0.2578732967376709 0.2578732967376709 0.2578732967376709 0.2578732967376709 0.2578732967376709 0.2578732967376709 0.2578732967376709 0.2578732967376709 0.2578732967376709 0.2578732967376709 0.2578732967376709 0.2578732967376709 0.2578732967376709 0.2578732967376709 0.2578732967376709 0.2578732967376709 0.2578732967376709 0.2578732967376709 0.2578732967376709 0.2578732967376709 0.2578732967376709 0.2578732967376709 0.2578732967376709 0.2578732967376709 0.2578732967376709 0.2578732967376709 0.2578732967376709 0.2578732967376709 0.2578732967376709 0.2578732967376709 0.2578732967376709 0.2578732967376709 0.2578732967376709 0.2578732967376709 0.2578732967376709 0.2578732967376709 0.2578732967376709 0.2578732967376709 0.2578732967376709 0.2578732967376709 0.2578732967376709 0.2578732967376709 0.2578732967376709 0.2578732967376709 0.2578732967376709 0.2578732967376709 0.2578732967376709 0.2578732967376709 0.2578732967376709 0.2578732967376709 0.2578732967376709 0.2578732967376709 0.2578732967376709 0.2578732967376709 0.2578732967376709 0.2578732967376709 0.2578732967376709 0.2578732967376709 0.2578732967376709 0.2578732967376709 0.2578732967376709 0.2578732967376709 0.2578732967376709 0.2578732967376709 0.2578732967376709 0.2578732967376709 0.2578732967376709 0.2578732967376709 0.2578732967376709 0.2578732967376709 0.2578732967376709 0.2578732967376709 0.2578732967376709 0.2578732967376709 0.2578732967376709 0.2578732967376709 0.2578732967376709 0.2578732967376709 0.2578732967376709 0.2578732967376709 0.2578732967376709 0.2578732967376709 0.2578732967376709 0.2578732967376709 0.2578732967376709 0.2578732967376709 0.2578732967376709 0.2578732967376709 0.2578732967376709 0.2578732967376709 0.2578732967376709 0.2578732967376709 0.2578732967376709 0.2578732967376709 0.2578732967376709 0.2578732967376709 0.2578732967376709 0.2578732967376709 0.2578732967376709 0.2578732967376709 0.2578732967376709 0.2578732967376709 0.2578732967376709 0.2578732967376709 0.2578732967376709 0.2578732967376709 0.2578732967376709 0.2578732967376709 0.2578732967376709 0.2578732967376709 0.2578732967376709 0.2578732967376709 0.2578732967376709 0.2578732967376709 0.2578732967376709 0.2578732967376709 0.2578732967376709 0.2578732967376709 0.2578732967376709 0.2578732967376709 0.2578732967376709 0.2578732967376709 0.2578732967376709 0.2578732967376709 0.2578732967376709 0.2578732967376709 0.2578732967376709 0.2578732967376709 0.2578732967376709 0.2578732967376709 0.2578732967376709 0.2578732967376709 0.2578732967376709 0.2578732967376709 0.2578732967376709 0.2578732967376709 0.2578732967376709 0.2578732967376709 0.2578732967376709 0.2578732967376709 0.2578732967376709 0.2578732967376709 0.2578732967376709 0.2578732967376709 0.2578732967376709 0.2578732967376709 0.2578732967376709 0.2578732967376709 0.2578732967376709 0.2578732967376709 0.2578732967376709 0.2578732967376709 0.2578732967376709 0.2578732967376709 0.2578732967376709 0.2578732967376709 0.2578732967376709 0.2578732967376709 0.2578732967376709 0.2578732967376709 0.2578732967376709 0.2578732967376709 0.2578732967376709 0.2578732967376709 0.2578732967376709 0.2578732967376709 0.2578732967376709 0.2578732967376709 0.2578732967376709 0.2578732967376709 0.2578732967376709 0.2578732967376709 0.2578732967376709 0.2578732967376709 0.2578732967376709 0.2578732967376709 0.2578732967376709 0.2578732967376709 0.2578732967376709 0.2578732967376709 0.2578732967376709 0.2578732967376709 0.2578732967376709 0.2578732967376709 0.2578732967376709 0.2578732967376709 0.2578732967376709 0.2578732967376709 0.2578732967376709 0.2578732967376709 0.2578732967376709 0.2578732967376709 0.2578732967376709 0.2578732967376709 0.2578732967376709 0.2578732967376709 0.2578732967376709


