# Created by Octave 3.8.1, Tue Dec 16 10:54:50 2014 GMT <alex@alex-ubuntu-vb>
# name: t
# type: range
# base, limit, increment
0.0005 0.3 0.0005


# name: T
# type: matrix
# rows: 604
# columns: 1
 0
 0
 0
 0
 0.0005
 0.001
 0.0015
 0.002
 0.0025
 0.003
 0.0035
 0.004
 0.0045
 0.005
 0.0055
 0.006
 0.0065
 0.007
 0.0075
 0.008
 0.008500000000000001
 0.008999999999999999
 0.0095
 0.01
 0.0105
 0.011
 0.0115
 0.012
 0.0125
 0.013
 0.0135
 0.014
 0.0145
 0.015
 0.0155
 0.016
 0.0165
 0.017
 0.0175
 0.018
 0.0185
 0.019
 0.0195
 0.02
 0.0205
 0.021
 0.0215
 0.022
 0.0225
 0.023
 0.0235
 0.024
 0.0245
 0.025
 0.0255
 0.026
 0.0265
 0.027
 0.0275
 0.028
 0.0285
 0.029
 0.0295
 0.03
 0.0305
 0.031
 0.0315
 0.032
 0.0325
 0.033
 0.0335
 0.034
 0.0345
 0.035
 0.0355
 0.036
 0.0365
 0.037
 0.0375
 0.038
 0.0385
 0.039
 0.0395
 0.04
 0.0405
 0.041
 0.0415
 0.042
 0.0425
 0.043
 0.0435
 0.044
 0.0445
 0.045
 0.0455
 0.046
 0.0465
 0.047
 0.0475
 0.048
 0.0485
 0.049
 0.0495
 0.05
 0.0505
 0.051
 0.0515
 0.052
 0.0525
 0.053
 0.0535
 0.054
 0.0545
 0.055
 0.0555
 0.056
 0.0565
 0.057
 0.0575
 0.058
 0.0585
 0.059
 0.0595
 0.06
 0.0605
 0.061
 0.0615
 0.062
 0.0625
 0.063
 0.0635
 0.064
 0.0645
 0.065
 0.0655
 0.066
 0.0665
 0.067
 0.0675
 0.068
 0.06850000000000001
 0.06900000000000001
 0.06950000000000001
 0.07000000000000001
 0.07049999999999999
 0.07099999999999999
 0.07149999999999999
 0.07199999999999999
 0.0725
 0.073
 0.0735
 0.074
 0.0745
 0.075
 0.0755
 0.076
 0.0765
 0.077
 0.0775
 0.078
 0.0785
 0.079
 0.0795
 0.08
 0.0805
 0.081
 0.0815
 0.082
 0.0825
 0.083
 0.0835
 0.08400000000000001
 0.08450000000000001
 0.08500000000000001
 0.08550000000000001
 0.08599999999999999
 0.08649999999999999
 0.08699999999999999
 0.08749999999999999
 0.08799999999999999
 0.0885
 0.089
 0.0895
 0.09
 0.0905
 0.091
 0.0915
 0.092
 0.0925
 0.093
 0.0935
 0.094
 0.0945
 0.095
 0.0955
 0.096
 0.0965
 0.097
 0.0975
 0.098
 0.0985
 0.099
 0.09950000000000001
 0.1
 0.1005
 0.101
 0.1015
 0.102
 0.1025
 0.103
 0.1035
 0.104
 0.1045
 0.105
 0.1055
 0.106
 0.1065
 0.107
 0.1075
 0.108
 0.1085
 0.109
 0.1095
 0.11
 0.1105
 0.111
 0.1115
 0.112
 0.1125
 0.113
 0.1135
 0.114
 0.1145
 0.115
 0.1155
 0.116
 0.1165
 0.117
 0.1175
 0.118
 0.1185
 0.119
 0.1195
 0.12
 0.1205
 0.121
 0.1215
 0.122
 0.1225
 0.123
 0.1235
 0.124
 0.1245
 0.125
 0.1255
 0.126
 0.1265
 0.127
 0.1275
 0.128
 0.1285
 0.129
 0.1295
 0.13
 0.1305
 0.131
 0.1315
 0.132
 0.1325
 0.133
 0.1335
 0.134
 0.1345
 0.135
 0.1355
 0.136
 0.1365
 0.137
 0.1375
 0.138
 0.1385
 0.139
 0.1395
 0.14
 0.1405
 0.141
 0.1415
 0.142
 0.1425
 0.143
 0.1435
 0.144
 0.1445
 0.145
 0.1455
 0.146
 0.1465
 0.147
 0.1475
 0.148
 0.1485
 0.149
 0.1495
 0.15
 0.1505
 0.151
 0.1515
 0.152
 0.1525
 0.153
 0.1535
 0.154
 0.1545
 0.155
 0.1555
 0.156
 0.1565
 0.157
 0.1575
 0.158
 0.1585
 0.159
 0.1595
 0.16
 0.1605
 0.161
 0.1615
 0.162
 0.1625
 0.163
 0.1635
 0.164
 0.1645
 0.165
 0.1655
 0.166
 0.1665
 0.167
 0.1675
 0.168
 0.1685
 0.169
 0.1695
 0.17
 0.1705
 0.171
 0.1715
 0.172
 0.1725
 0.173
 0.1735
 0.174
 0.1745
 0.175
 0.1755
 0.176
 0.1765
 0.177
 0.1775
 0.178
 0.1785
 0.179
 0.1795
 0.18
 0.1805
 0.181
 0.1815
 0.182
 0.1825
 0.183
 0.1835
 0.184
 0.1845
 0.185
 0.1855
 0.186
 0.1865
 0.187
 0.1875
 0.188
 0.1885
 0.189
 0.1895
 0.19
 0.1905
 0.191
 0.1915
 0.192
 0.1925
 0.193
 0.1935
 0.194
 0.1945
 0.195
 0.1955
 0.196
 0.1965
 0.197
 0.1975
 0.198
 0.1985
 0.199
 0.1995
 0.2
 0.2005
 0.201
 0.2015
 0.202
 0.2025
 0.203
 0.2035
 0.204
 0.2045
 0.205
 0.2055
 0.206
 0.2065
 0.207
 0.2075
 0.208
 0.2085
 0.209
 0.2095
 0.21
 0.2105
 0.211
 0.2115
 0.212
 0.2125
 0.213
 0.2135
 0.214
 0.2145
 0.215
 0.2155
 0.216
 0.2165
 0.217
 0.2175
 0.218
 0.2185
 0.219
 0.2195
 0.22
 0.2205
 0.221
 0.2215
 0.222
 0.2225
 0.223
 0.2235
 0.224
 0.2245
 0.225
 0.2255
 0.226
 0.2265
 0.227
 0.2275
 0.228
 0.2285
 0.229
 0.2295
 0.23
 0.2305
 0.231
 0.2315
 0.232
 0.2325
 0.233
 0.2335
 0.234
 0.2345
 0.235
 0.2355
 0.236
 0.2365
 0.237
 0.2375
 0.238
 0.2385
 0.239
 0.2395
 0.24
 0.2405
 0.241
 0.2415
 0.242
 0.2425
 0.243
 0.2435
 0.244
 0.2445
 0.245
 0.2455
 0.246
 0.2465
 0.247
 0.2475
 0.248
 0.2485
 0.249
 0.2495
 0.25
 0.2505
 0.251
 0.2515
 0.252
 0.2525
 0.253
 0.2535
 0.254
 0.2545
 0.255
 0.2555
 0.256
 0.2565
 0.257
 0.2575
 0.258
 0.2585
 0.259
 0.2595
 0.26
 0.2605
 0.261
 0.2615
 0.262
 0.2625
 0.263
 0.2635
 0.264
 0.2645
 0.265
 0.2655
 0.266
 0.2665
 0.267
 0.2675
 0.268
 0.2685
 0.269
 0.2695
 0.27
 0.2705
 0.271
 0.2715
 0.272
 0.2725
 0.273
 0.2735
 0.274
 0.2745
 0.275
 0.2755
 0.276
 0.2765
 0.277
 0.2775
 0.278
 0.2785
 0.279
 0.2795
 0.28
 0.2805
 0.281
 0.2815
 0.282
 0.2825
 0.283
 0.2835
 0.284
 0.2845
 0.285
 0.2855
 0.286
 0.2865
 0.287
 0.2875
 0.288
 0.2885
 0.289
 0.2895
 0.29
 0.2905
 0.291
 0.2915
 0.292
 0.2925
 0.293
 0.2935
 0.294
 0.2945
 0.295
 0.2955
 0.296
 0.2965
 0.297
 0.2975
 0.298
 0.2985
 0.299
 0.2995
 0.3


# name: datarotx
# type: matrix
# rows: 604
# columns: 1
 0
 0
 0
 0
 0
 0
 0
 0
 0
 0
 0
 0
 0
 0
 0
 0
 0
 0
 0
 0
 0
 0
 0
 0
 0
 0
 0
 0
 0
 0
 0
 0
 0
 0
 0
 0
 0
 0
 0
 0
 0
 0
 0
 0
 0
 0
 0
 0
 0
 0
 0
 0
 0
 0
 0
 0
 0
 0
 0
 0
 0
 0
 0
 0
 0
 0
 0
 0
 0
 0
 0
 0
 0
 0
 0
 0
 0
 0
 0
 0
 0
 0
 0
 0
 0
 0
 0
 0
 0
 0
 0
 0
 0
 0
 0
 0
 0
 0
 0
 0
 0
 0
 0
 0
 0
 0
 0
 0
 0
 0
 0
 0
 0
 0
 0
 0
 0
 0
 0
 0
 0
 0
 0
 0
 0
 0
 0
 0
 0
 0
 0
 0
 0
 0
 0
 0
 0
 0
 0
 0
 0
 0
 0
 0
 0
 0
 0
 0
 0
 0
 0
 0
 0
 0
 0
 0
 0
 0
 0
 0
 0
 0
 0
 0
 0
 0
 0
 0
 0
 0
 0
 0
 0
 0
 0
 0
 0
 0
 0
 0
 0
 0
 0
 0
 0
 0
 0
 0
 0
 0
 0
 0
 0
 0
 0
 0
 0
 0
 0
 0
 0
 0
 0
 0
 0
 0
 0
 0
 0
 0
 0
 0
 0
 0
 0
 0
 0
 0
 0
 0
 0
 0
 0
 0
 0
 0
 0
 0
 0
 0
 0
 0
 0
 0
 0
 0
 0
 0
 0
 0
 0
 0
 0
 0
 0
 0
 0
 0
 0
 0
 0
 0
 0
 0
 0
 0
 0
 0
 0
 0
 0
 0
 0
 0
 0
 0
 0
 0
 0
 0
 0
 0
 0
 0
 0
 0
 0
 0
 0
 0
 0
 0
 0
 0
 0
 0
 0
 0
 0
 0
 0
 0
 0
 0
 0
 0
 0
 0
 0
 0
 0
 0
 0
 0
 0
 0
 0
 0
 0
 0
 0
 0
 0
 0
 0
 0
 0
 0
 0
 0
 0
 0
 0
 0
 0
 0
 0
 0
 0
 0
 0
 0
 0
 0
 0
 0
 0
 0
 0
 0
 0
 0
 0
 0
 0
 0
 0
 0
 0
 0
 0
 0
 0
 0
 0
 0
 0
 0
 0
 0
 0
 0
 0
 0
 0
 0
 0
 0
 0
 0
 0
 0
 0
 0
 0
 0
 0
 0
 0
 0
 0
 0
 0
 0
 0
 0
 0
 0
 0
 0
 0
 0
 0
 0
 0
 0
 0
 0
 0
 0
 0
 0
 0
 0
 0
 0
 0
 0
 0
 0
 0
 0
 0
 0
 0
 0
 0
 0
 0
 0
 0
 0
 0
 0
 0
 0
 0
 0
 0
 0
 0
 0
 0
 0
 0
 0
 0
 0
 0
 0
 0
 0
 0
 0
 0
 0
 0
 0
 0
 0
 0
 0
 0
 0
 0
 0
 0
 0
 0
 0
 0
 0
 0
 0
 0
 0
 0
 0
 0
 0
 0
 0
 0
 0
 0
 0
 0
 0
 0
 0
 0
 0
 0
 0
 0
 0
 0
 0
 0
 0
 0
 0
 0
 0
 0
 0
 0
 0
 0
 0
 0
 0
 0
 0
 0
 0
 0
 0
 0
 0
 0
 0
 0
 0
 0
 0
 0
 0
 0
 0
 0
 0
 0
 0
 0
 0
 0
 0
 0
 0
 0
 0
 0
 0
 0
 0
 0
 0
 0
 0
 0
 0
 0
 0
 0
 0
 0
 0
 0
 0
 0
 0
 0
 0
 0
 0
 0
 0
 0
 0
 0
 0
 0
 0
 0
 0
 0
 0
 0
 0
 0
 0
 0
 0
 0
 0
 0
 0
 0
 0
 0
 0
 0
 0
 0
 0
 0
 0
 0
 0
 0
 0
 0
 0
 0
 0
 0
 0
 0
 0
 0
 0
 0
 0


# name: dataroty
# type: matrix
# rows: 604
# columns: 1
 0
 0
 0
 0
 0
 0
 0
 0
 0
 0
 0
 0
 0
 0
 0
 0
 0
 0
 0
 0
 0
 0
 0
 0
 0
 0
 0
 0
 0
 0
 0
 0
 0
 0
 0
 0
 0
 0
 0
 0
 0
 0
 0
 0
 0
 0
 0
 0
 0
 0
 0
 0
 0
 0
 0
 0
 0
 0
 0
 0
 0
 0
 0
 0
 0
 0
 0
 0
 0
 0
 0
 0
 0
 0
 0
 0
 0
 0
 0
 0
 0
 0
 0
 0
 0
 0
 0
 0
 0
 0
 0
 0
 0
 0
 0
 0
 0
 0
 0
 0
 0
 0
 0
 0
 0
 0
 0
 0
 0
 0
 0
 0
 0
 0
 0
 0
 0
 0
 0
 0
 0
 0
 0
 0
 0
 0
 0
 0
 0
 0
 0
 0
 0
 0
 0
 0
 0
 0
 0
 0
 0
 0
 0
 0
 0
 0
 0
 0
 0
 0
 0
 0
 0
 0
 0
 0
 0
 0
 0
 0
 0
 0
 0
 0
 0
 0
 0
 0
 0
 0
 0
 0
 0
 0
 0
 0
 0
 0
 0
 0
 0
 0
 0
 0
 0
 0
 0
 0
 0
 0
 0
 0
 0
 0
 0
 0
 0
 0
 0
 0
 0
 0
 0
 0
 0
 0
 0
 0
 0
 0
 0
 0
 0
 0
 0
 0
 0
 0
 0
 2.85479e-06
 0.000542727
 0.00266328
 0.00772652
 0.0172146
 0.0325738
 0.0551105
 0.08593149999999999
 0.125919
 0.175729
 0.235802
 0.306383
 0.387532
 0.479143
 0.58096
 0.692588
 0.81351
 0.943098
 1.08063
 1.22527
 1.37616
 1.53237
 1.693
 1.85717
 2.02406
 2.19289
 2.36297
 2.53367
 2.70443
 2.87474
 3.04418
 3.21237
 3.37898
 3.54374
 3.70642
 3.86682
 4.02479
 4.18018
 4.33291
 4.48289
 4.63005
 4.77437
 4.9158
 5.05434
 5.18999
 5.32275
 5.45263
 5.57966
 5.70388
 5.8253
 5.94397
 6.05993
 6.17321
 6.28388
 6.39197
 6.49752
 6.6006
 6.70125
 6.79952
 6.89545
 6.98911
 7.08053
 7.16977
 7.25688
 7.3419
 7.42489
 7.50589
 7.58495
 7.6621
 7.73741
 7.8109
 7.88263
 7.95264
 8.020960000000001
 8.08765
 8.15273
 8.216240000000001
 8.278230000000001
 8.33873
 8.397779999999999
 8.45542
 8.511659999999999
 8.56657
 8.620150000000001
 8.67245
 8.7235
 8.77333
 8.821960000000001
 8.869429999999999
 8.91577
 8.961
 9.00515
 9.048249999999999
 9.09032
 9.13139
 9.171480000000001
 9.210610000000001
 9.24882
 9.28612
 9.32253
 9.358079999999999
 9.39279
 9.42667
 9.459759999999999
 9.49206
 9.52359
 9.55439
 9.58445
 9.613440000000001
 9.640980000000001
 9.666790000000001
 9.69069
 9.71261
 9.73259
 9.75067
 9.76698
 9.78163
 9.794779999999999
 9.806559999999999
 9.81711
 9.826560000000001
 9.83503
 9.842639999999999
 9.849489999999999
 9.85566
 9.86125
 9.86632
 9.870939999999999
 9.875159999999999
 9.87904
 9.882619999999999
 9.88594
 9.88902
 9.8919
 9.89461
 9.89716
 9.89958
 9.901870000000001
 9.904070000000001
 9.90616
 9.90818
 9.910130000000001
 9.91201
 9.913830000000001
 9.9156
 9.91733
 9.91901
 9.92065
 9.92226
 9.92384
 9.92539
 9.926909999999999
 9.9284
 9.929880000000001
 9.931330000000001
 9.93276
 9.93417
 9.935560000000001
 9.93693
 9.93829
 9.939629999999999
 9.940950000000001
 9.942259999999999
 9.94355
 9.94483
 9.946099999999999
 9.94735
 9.948589999999999
 9.949809999999999
 9.95102
 9.952220000000001
 9.95341
 9.95459
 9.95575
 9.956899999999999
 9.95804
 9.95917
 9.960290000000001
 9.96139
 9.962490000000001
 9.963570000000001
 9.964639999999999
 9.96571
 9.966760000000001
 9.9678
 9.968830000000001
 9.969849999999999
 9.97086
 9.971869999999999
 9.972860000000001
 9.973839999999999
 9.97481
 9.975770000000001
 9.97672
 9.97767
 9.9786
 9.97953
 9.98044
 9.981350000000001
 9.982250000000001
 9.983140000000001
 9.984019999999999
 9.98489
 9.985749999999999
 9.986610000000001
 9.987450000000001
 9.988289999999999
 9.98912
 9.989940000000001
 9.99076
 9.99156
 9.99236
 9.99315
 9.993930000000001
 9.9947
 9.995469999999999
 9.996230000000001
 9.996980000000001
 9.997730000000001
 9.99846
 9.99919
 9.999919999999999
 10.0006
 10.0013
 10.002
 10.0027
 10.0034
 10.0041
 10.0048
 10.0054
 10.0061
 10.0068
 10.0074
 10.0081
 10.0087
 10.0093
 10.0099
 10.0106
 10.0112
 10.0118
 10.0124
 10.013
 10.0136
 10.0141
 10.0147
 10.0153
 10.0159
 10.0164
 10.017
 10.0175
 10.0181
 10.0186
 10.0191
 10.0197
 10.0202
 10.0207
 10.0212
 10.0217
 10.0222
 10.0227
 10.0232
 10.0237
 10.0242
 10.0246
 10.0251
 10.0256
 10.0261
 10.0265
 10.027
 10.0274
 10.0279
 10.0283
 10.0287
 10.0292
 10.0296
 10.03
 10.0304
 10.0309
 10.0313
 10.0317
 10.0321
 10.0325
 10.0329
 10.0333
 10.0337
 10.034
 10.0344
 10.0348
 10.0352
 10.0355
 10.0359
 10.0363
 10.0366
 10.037
 10.0373
 10.0377
 10.038
 10.0384
 10.0387
 10.039
 10.0394
 10.0397
 10.04
 10.0404
 10.0407
 10.041
 10.0413
 10.0416
 10.0419
 10.0422
 10.0425
 10.0428
 10.0431
 10.0434
 10.0437
 10.044
 10.0443
 10.0445
 10.0448
 10.0451
 10.0454
 10.0456
 10.0459
 10.0462
 10.0464
 10.0467
 10.0469
 10.0472
 10.0475
 10.0477
 10.0479
 10.0482
 10.0484
 10.0487
 10.0489
 10.0491
 10.0494
 10.0496
 10.0498
 10.0501
 10.0503
 10.0505
 10.0507
 10.0509
 10.0512
 10.0514
 10.0516
 10.0518
 10.052
 10.0522
 10.0524
 10.0526
 10.0528
 10.053
 10.0532
 10.0534
 10.0536
 10.0538
 10.054
 10.0541
 10.0543
 10.0545
 10.0547
 10.0549
 10.055
 10.0552
 10.0554
 10.0556
 10.0557
 10.0559
 10.0561
 10.0562
 10.0564
 10.0566
 10.0567
 10.0569
 10.057
 10.0572
 10.0573
 10.0575
 10.0576
 10.0578
 10.0579
 10.0581
 10.0582


# name: datarotz
# type: matrix
# rows: 604
# columns: 1
 0
 0
 0
 0
 0
 0
 0
 0
 0
 0
 0
 0
 0
 0
 0
 0
 0
 0
 0
 0
 0
 0
 0
 0
 0
 0
 0
 0
 0
 0
 0
 0
 0
 0
 0
 0
 0
 0
 0
 0
 0
 0
 0
 0
 0
 0
 0
 0
 0
 0
 0
 0
 0
 0
 0
 0
 0
 0
 0
 0
 0
 0
 0
 0
 0
 0
 0
 0
 0
 0
 0
 0
 0
 0
 0
 0
 0
 0
 0
 0
 0
 0
 0
 0
 0
 0
 0
 0
 0
 0
 0
 0
 0
 0
 0
 0
 0
 0
 0
 0
 0
 0
 0
 0
 0
 0
 0
 0
 0
 0
 0
 0
 0
 0
 0
 0
 0
 0
 0
 0
 0
 0
 0
 0
 0
 0
 0
 0
 0
 0
 0
 0
 0
 0
 0
 0
 0
 0
 0
 0
 0
 0
 0
 0
 0
 0
 0
 0
 0
 0
 0
 0
 0
 0
 0
 0
 0
 0
 0
 0
 0
 0
 0
 0
 0
 0
 0
 0
 0
 0
 0
 0
 0
 0
 0
 0
 0
 0
 0
 0
 0
 0
 0
 0
 0
 0
 0
 0
 0
 0
 0
 0
 0
 0
 0
 0
 0
 0
 0
 0
 0
 0
 0
 0
 0
 0
 0
 0
 0
 0
 0
 0
 0
 0
 0
 0
 0
 0
 0
 0
 0
 0
 0
 0
 0
 0
 0
 0
 0
 0
 0
 0
 0
 0
 0
 0
 0
 0
 0
 0
 0
 0
 0
 0
 0
 0
 0
 0
 0
 0
 0
 0
 0
 0
 0
 0
 0
 0
 0
 0
 0
 0
 0
 0
 0
 0
 0
 0
 0
 0
 0
 0
 0
 0
 0
 0
 0
 0
 0
 0
 0
 0
 0
 0
 0
 0
 0
 0
 0
 0
 0
 0
 0
 0
 0
 0
 0
 0
 0
 0
 0
 0
 0
 0
 0
 0
 0
 0
 0
 0
 0
 0
 0
 0
 0
 0
 0
 0
 0
 0
 0
 0
 0
 0
 0
 0
 0
 0
 0
 0
 0
 0
 0
 0
 0
 0
 0
 0
 0
 0
 0
 0
 0
 0
 0
 0
 0
 0
 0
 0
 0
 0
 0
 0
 0
 0
 0
 0
 0
 0
 0
 0
 0
 0
 0
 0
 0
 0
 0
 0
 0
 0
 0
 0
 0
 0
 0
 0
 0
 0
 0
 0
 0
 0
 0
 0
 0
 0
 0
 0
 0
 0
 0
 0
 0
 0
 0
 0
 0
 0
 0
 0
 0
 0
 0
 0
 0
 0
 0
 0
 0
 0
 0
 0
 0
 0
 0
 0
 0
 0
 0
 0
 0
 0
 0
 0
 0
 0
 0
 0
 0
 0
 0
 0
 0
 0
 0
 0
 0
 0
 0
 0
 0
 0
 0
 0
 0
 0
 0
 0
 0
 0
 0
 0
 0
 0
 0
 0
 0
 0
 0
 0
 0
 0
 0
 0
 0
 0
 0
 0
 0
 0
 0
 0
 0
 0
 0
 0
 0
 0
 0
 0
 0
 0
 0
 0
 0
 0
 0
 0
 0
 0
 0
 0
 0
 0
 0
 0
 0
 0
 0
 0
 0
 0
 0
 0
 0
 0
 0
 0
 0
 0
 0
 0
 0
 0
 0
 0
 0
 0
 0
 0
 0
 0
 0
 0
 0
 0
 0
 0
 0
 0
 0
 0
 0
 0
 0
 0
 0
 0
 0
 0
 0
 0
 0
 0
 0
 0
 0
 0
 0
 0
 0
 0
 0
 0
 0
 0
 0
 0
 0
 0
 0
 0
 0
 0
 0
 0
 0
 0
 0
 0
 0
 0
 0
 0
 0
 0
 0
 0
 0
 0
 0
 0
 0
 0
 0
 0
 0
 0
 0
 0
 0
 0
 0
 0
 0
 0
 0
 0
 0
 0
 0
 0


# name: dataret
# type: matrix
# rows: 600
# columns: 1
 0
 0
 0.0004167127481196076
 0.000826480274554342
 0.00122941832523793
 0.001625640783458948
 0.002015259582549334
 0.002398384734988213
 0.002775124274194241
 0.003145584836602211
 0.003509871196001768
 0.003868086030706763
 0.004220330622047186
 0.004566704388707876
 0.004907305352389812
 0.00524222943931818
 0.00557157164439559
 0.005895424634218216
 0.006213880144059658
 0.006527028046548367
 0.00683495681732893
 0.007137753535062075
 0.007435503881424665
 0.007728291675448418
 0.008016199804842472
 0.008299308829009533
 0.008577699773013592
 0.008851450867950916
 0.0091206394135952
 0.00938534177839756
 0.009645632468163967
 0.009901585057377815
 0.01015327125787735
 0.01040076278150082
 0.01064412947744131
 0.01088344026356936
 0.01111876219511032
 0.01135016232728958
 0.01157770585268736
 0.0118014570325613
 0.01202147919684649
 0.01223783381283283
 0.01245058234781027
 0.01265978533774614
 0.01286550145596266
 0.01306778937578201
 0.01326670590788126
 0.01346230693161488
 0.01365464832633734
 0.0138437831774354
 0.01402976643294096
 0.01421264931559563
 0.01439248491078615
 0.01456932257860899
 0.01474321354180574
 0.0149142062291503
 0.01508234906941652
 0.01524768956005573
 0.01541027426719666
 0.01557014882564545
 0.01572735980153084
 0.01588195003569126
 0.0160339642316103
 0.01618344336748123
 0.01633043214678764
 0.01647497154772282
 0.01661710068583488
 0.01675686240196228
 0.01689429394900799
 0.01702943444252014
 0.01716232299804688
 0.01729299686849117
 0.01742149330675602
 0.01754784770309925
 0.0176720954477787
 0.01779427379369736
 0.01791441440582275
 0.01803255267441273
 0.01814872212707996
 0.01826295629143715
 0.01837528683245182
 0.01848574541509151
 0.01859436184167862
 0.01870116777718067
 0.01880619488656521
 0.01890947110950947
 0.01901102624833584
 0.01911088824272156
 0.01920908689498901
 0.0193056482821703
 0.01940060034394264
 0.01949396915733814
 0.01958578266203403
 0.01967606507241726
 0.01976484432816505
 0.01985214278101921
 0.01993798650801182
 0.02002239972352982
 0.02010540664196014
 0.02018702961504459
 0.02026729099452496
 0.02034621499478817
 0.06076285988092422
 0.1005058884620667
 0.1395865380764008
 0.1780158430337906
 0.2158046662807465
 0.252963662147522
 0.2895033359527588
 0.3254340291023254
 0.3607658743858337
 0.3955088555812836
 0.4296727776527405
 0.4632673263549805
 0.4963019490242004
 0.5287860035896301
 0.5607286691665649
 0.592138946056366
 0.6230257153511047
 0.6533976793289185
 0.6832634806632996
 0.7126315236091614
 0.7415100932121277
 0.7699073553085327
 0.7978312969207764
 0.8252898454666138
 0.8522907495498657
 0.8788416385650635
 0.9049500226974487
 0.9306232929229736
 0.955868661403656
 0.9806932806968689
 1
 1
 1
 1
 1
 1
 1
 1
 1
 1
 1
 1
 1
 1
 1
 1
 1
 1
 1
 1
 1
 1
 1
 1
 1
 1
 1
 1
 1
 1
 1
 1
 1
 1
 1
 1
 1
 1
 1
 1
 1
 1
 1
 1
 1
 1
 1
 1
 1
 1
 1
 1
 1
 1
 1
 1
 1
 1
 1
 1
 1
 1
 1
 1
 1
 1
 1
 1
 1
 1
 1
 1
 1
 1
 1
 1
 1
 1
 1
 1
 1
 1
 1
 1
 1
 1
 1
 1
 1
 1
 1
 1
 1
 1
 1
 1
 1
 1
 1
 1
 1
 1
 1
 1
 1
 1
 1
 1
 1
 1
 1
 1
 1
 1
 1
 1
 1
 1
 1
 1
 1
 1
 1
 1
 1
 1
 1
 1
 1
 1
 1
 1
 0.9911696314811707
 0.9746501445770264
 0.9584059715270996
 0.9424325227737427
 0.9267253279685974
 0.9112799167633057
 0.8960919380187988
 0.8811571002006531
 0.8664711713790894
 0.8520299792289734
 0.8378294706344604
 0.8238656520843506
 0.8101345300674438
 0.7966322898864746
 0.7833550572395325
 0.7702991366386414
 0.7574608325958252
 0.7448365092277527
 0.7324225902557373
 0.7202155590057373
 0.7082119584083557
 0.6964084506034851
 0.6848016381263733
 0.6733883023262024
 0.6621651649475098
 0.6511290669441223
 0.6402769088745117
 0.6296056509017944
 0.6191122531890869
 0.6087937355041504
 0.5986471772193909
 0.5886697173118591
 0.5788585543632507
 0.5692108869552612
 0.5597240328788757
 0.5503953099250793
 0.5412220358848572
 0.5322016477584839
 0.5233316421508789
 0.5146094560623169
 0.5060326457023621
 0.4975987672805786
 0.4893054664134979
 0.4811503887176514
 0.4731312096118927
 0.4652456939220428
 0.4574916064739227
 0.4498667418956757
 0.4423689544200897
 0.4349961280822754
 0.4277462065219879
 0.4206171035766602
 0.4136068224906921
 0.4067133665084839
 0.3999347984790802
 0.3932692110538483
 0.3867147266864777
 0.380269467830658
 0.3739316463470459
 0.3676994442939758
 0.3615711331367493
 0.3555449545383453
 0.3496192097663879
 0.3437922298908234
 0.3380623459815979
 0.332427978515625
 0.3268875181674957
 0.3214393854141235
 0.3160820603370667
 0.3108140230178833
 0.3056337833404541
 0.3005398809909821
 0.2955308854579926
 0.290605366230011
 0.2857619524002075
 0.2809992432594299
 0.2763159275054932
 0.2717106640338898
 0.2671821415424347
 0.2627291083335876
 0.258350282907486
 0.2540444433689117
 0.2498103678226471
 0.2456468641757965
 0.2415527552366257
 0.2375268787145615
 0.2335681021213531
 0.22967529296875
 0.2258473783731461
 0.222083255648613
 0.218381866812706
 0.2147421687841415
 0.2111631333827972
 0.2076437473297119
 0.2041830122470856
 0.2007799595594406
 0.1974336206912994
 0.1941430568695068
 0.1909073442220688
 0.1877255588769913
 0.1845968067646027
 0.1815201938152313
 0.178494855761528
 0.1755199432373047
 0.1725946068763733
 0.1697180271148682
 0.1668893992900848
 0.1641079038381577
 0.1613727658987045
 0.1586832255125046
 0.1560385078191757
 0.1534378677606583
 0.1508805751800537
 0.1483658999204636
 0.1458931416273117
 0.1434615850448608
 0.1410705596208572
 0.138719379901886
 0.1364073902368546
 0.1341339349746704
 0.1318983733654022
 0.1297000646591187
 0.1275383979082108
 0.1254127621650696
 0.1233225464820862
 0.121267169713974
 0.1192460507154465
 0.1172586157917976
 0.1153043061494827
 0.1133825704455376
 0.111492857336998
 0.1096346452832222
 0.1078073978424072
 0.1060106083750725
 0.1042437627911568
 0.1025063693523407
 0.1007979288697243
 0.09911796450614929
 0.09746599942445755
 0.09584156423807144
 0.09424420446157455
 0.09267346560955048
 0.09112890809774399
 0.08961009234189987
 0.0881165936589241
 0.08664798736572266
 0.0852038562297821
 0.08378379046916962
 0.08238739520311356
 0.08101427555084229
 0.07966403663158417
 0.07833630591630936
 0.07703070342540741
 0.07574685662984848
 0.07448440790176392
 0.07324299961328506
 0.07202228158712387
 0.07082191109657288
 0.06964154541492462
 0.06848084926605225
 0.06733950227499008
 0.06621717661619186
 0.06511355936527252
 0.06402833014726639
 0.06296119093894958
 0.06191183626651764
 0.06087997183203697
 0.0598653070628643
 0.05886755138635635
 0.05788642540574074
 0.05692165344953537
 0.05597295984625816
 0.05504007637500763
 0.05412274226546288
 0.05322069674730301
 0.05233368650078773
 0.05146145820617676
 0.05060376599431038
 0.0497603714466095
 0.04893103241920471
 0.04811551421880722
 0.04731358960270882
 0.04652503132820129
 0.04574961587786674
 0.04498712345957756
 0.04423733800649643
 0.04350005090236664
 0.04277504980564117
 0.04206213355064392
 0.04136109724640846
 0.04067174717783928
 0.03999388590455055
 0.03932731971144676
 0.03867186605930328
 0.0380273349583149
 0.03739354759454727
 0.03677032142877579
 0.03615748137235641
 0.03555485606193542
 0.03496227413415909
 0.03437956795096397
 0.03380657359957695
 0.03324313089251518
 0.03268907964229584
 0.03214426338672638
 0.03160852566361427
 0.03108171746134758
 0.03056368976831436
 0.03005429543554783
 0.02955339103937149
 0.02906083501875401
 0.02857648767530918
 0.02810021303594112
 0.02763187699019909
 0.02717134542763233
 0.02671848982572556
 0.02627318166196346
 0.02583529613912106
 0.02540470845997334
 0.0249812975525856
 0.02456494234502316
 0.02415552735328674
 0.02375293523073196
 0.02335705235600471
 0.02296776883304119
 0.02258497290313244
 0.0222085565328598
 0.02183841355144978
 0.021474439650774
 0.02111653238534927
 0.02076458930969238
 0.02041851356625557
 0.02007820457220078
 0.01974356733262539
 0.01941450871527195
 0.01909093372523785
 0.01877275109291077
 0.01845987141132355
 0.01815220713615417
 0.01784967072308064
 0.01755217649042606
 0.01725964061915874
 0.01697197929024696
 0.0166891124099493
 0.01641095988452435
 0.01613744348287582
 0.01586848683655262
 0.01560401171445847
 0.01534394454210997
 0.01508821174502373
 0.0148367416113615
 0.01458946242928505
 0.01434630434960127
 0.01410719938576221
 0.01387207955121994
 0.01364087779074907
 0.01341352984309196
 0.01318997144699097
 0.01297013834118843
 0.01275396905839443
 0.01254140306264162
 0.01233237981796265
 0.01212683971971273
 0.01192472595721483
 0.01172598078846931
 0.01153054740279913
 0.01133837178349495
 0.01114939898252487
 0.01096357591450214
 0.01078084949404001
 0.01060116849839687
 0.0104244826361537
 0.01025074161589146
 0.01007989607751369
 0.009911897592246532
 0.009746699593961239
 0.009584254585206509
 0.009424516931176186
 0.009267441928386688
 0.009112984873354435
 0.008961101993918419
 0.008811750449240208
 0.008664888329803944
 0.008520473726093769
 0.008378465659916401
 0.008238825015723705
 0.008101510815322399
 0.007966485805809498
 0.007833710871636868
 0.007703149225562811
 0.007574763614684343
 0.007448517717421055
 0.007324375677853823
 0.007202302571386099
 0.00708226440474391
 0.006964226718991995
 0.006848156452178955
 0.006734020542353392
 0.00662178685888648
 0.006511423736810684
 0.006402899976819754
 0.006296184845268726
 0.006191248539835215
 0.006088061258196831
 0.005986593663692474
 0.005886816885322332
 0.005788703449070454
 0.005692224949598312
 0.005597354378551245
 0.005504065193235874
 0.005412330850958824
 0.005322125274688005
 0.005233423318713903
 0.005146199371665716
 0.005060429219156504
 0.004976088646799326
 0.00489315390586853
 0.004811601247638464
 0.004731407854706049
 0.004652550909668207
 0.004575008526444435
 0.004498758353292942
 0.004423778969794512
 0.004350049421191216
 0.004277548752725124
 0.004206256475299597
 0.004136152099817991
 0.004067216068506241
 0.003999429289251566
 0.0039327722042799
 0.003867225954309106
 0.003802772145718336
 0.003739392617717385
 0.003677069442346692
 0.003615784924477339
 0.003555521834641695


# name: datasnr
# type: matrix
# rows: 600
# columns: 1
 0.2000000029802322
 0.2000000029802322
 0.2120000030845404
 0.2234000042080879
 0.2341300025582314
 0.2442285045981407
 0.253723431378603
 0.2626423537731171
 0.2710166350007057
 0.2788804024457932
 0.2862696647644043
 0.2932216674089432
 0.2997743636369705
 0.3059661090373993
 0.3118354380130768
 0.3174209967255592
 0.322761557996273
 0.3278961479663849
 0.3328641951084137
 0.3377058506011963
 0.3424622863531113
 0.3472535759210587
 0.3522560000419617
 0.357725128531456
 0.3640583604574203
 0.3719111382961273
 0.3824249058961868
 0.3975848704576492
 0.4180151522159576
 0.4410365521907806
 0.4654477387666702
 0.4904843717813492
 0.5153203457593918
 0.5396320372819901
 0.5633353739976883
 0.5862494260072708
 0.6083830744028091
 0.6297086030244827
 0.6501670628786087
 0.6697235554456711
 0.6884150356054306
 0.7062609940767288
 0.723268523812294
 0.7394910007715225
 0.7550053149461746
 0.7698849588632584
 0.7842242270708084
 0.7981282025575638
 0.811706617474556
 0.8250709921121597
 0.8383363634347916
 0.8516226559877396
 0.8650573641061783
 0.8787803202867508
 0.8929559737443924
 0.9077957421541214
 0.923511877655983
 0.9403215199708939
 0.9583270102739334
 0.9769219309091568
 0.9962884932756424
 1
 1
 1
 1
 1
 1
 1
 1
 1
 1
 1
 1
 1
 1
 1
 1
 1
 1
 1
 1
 1
 1
 1
 1
 1
 1
 1
 1
 1
 1
 1
 1
 1
 1
 1
 1
 1
 1
 1
 1
 1
 1
 1
 1
 1
 1
 1
 1
 1
 1
 1
 1
 1
 1
 1
 1
 1
 1
 1
 1
 1
 1
 1
 1
 1
 1
 1
 1
 1
 0.988232746720314
 0.966055765748024
 0.9417647272348404
 0.9154462963342667
 0.8871937543153763
 0.857104554772377
 0.8252793103456497
 0.7918198853731155
 0.7564790993928909
 0.7190389782190323
 0.6796151846647263
 0.6383291929960251
 0.5953073650598526
 0.5506773740053177
 0.5045699626207352
 0.4571025818586349
 0.4083754867315292
 0.3584955632686615
 0.307559072971344
 0.2556648440659046
 0.202906422317028
 0.1493675000965595
 0.09512146562337875
 0.04023449122905731
 0
 0
 0
 0
 0
 0
 0
 0
 0
 0
 0
 0
 0
 0
 0
 0
 0
 0
 0
 0
 0
 0
 0
 0
 0
 0
 0
 0
 0
 0
 0
 0
 0
 0
 0
 0
 0
 0
 0
 0
 0
 0
 0
 0
 0
 0
 0
 0
 0
 0
 0
 0
 0
 0
 0
 0
 0
 0
 0
 0
 0
 0
 0
 0
 0
 0
 0
 0
 0
 0
 0
 0
 0
 0
 0
 0
 0
 0
 0
 0
 0
 0
 0
 0
 0
 0
 0
 0
 0
 0
 0
 0
 0
 0
 0
 0
 0
 0
 0
 0
 0
 0
 0
 0
 0
 0
 0
 0
 0
 0
 0
 0
 0
 0
 0
 0
 0
 0
 0
 0
 0
 0
 0
 0
 0
 0
 0
 0
 0
 0
 0
 0
 0
 0
 0
 0
 0
 0
 0
 0
 0
 0
 0
 0
 0
 0
 0
 0
 0
 0
 0
 0
 0
 0
 0
 0
 0
 0
 0
 0
 0
 0
 0
 0
 0
 0
 0
 0
 0
 0
 0
 0
 0
 0
 0
 0
 0
 0
 0
 0
 0
 0
 0
 0
 0
 0
 0
 0
 0
 0
 0
 0
 0
 0
 0
 0
 0
 0
 0
 0
 0
 0
 0
 0
 0
 0
 0
 0
 0
 0
 0
 0
 0
 0
 0
 0
 0
 0
 0
 0
 0
 0
 0
 0
 0
 0
 0
 0
 0
 0
 0
 0
 0
 0
 0
 0
 0
 0
 0
 0
 0
 0
 0
 0
 0
 0
 0
 0
 0
 0
 0
 0
 0
 0
 0
 0
 0
 0
 0
 0
 0
 0
 0
 0
 0
 0
 0
 0
 0
 0
 0
 0
 0
 0
 0
 0
 0
 0
 0
 0
 0
 0
 0
 0
 0
 0
 0
 0
 0
 0
 0
 0
 0
 0
 0
 0
 0
 0
 0
 0
 0
 0
 0
 0
 0
 0
 0
 0
 0
 0
 0
 0
 0
 0
 0
 0
 0
 0
 0
 0
 0
 0
 0
 0
 0
 0
 0
 0
 0
 0.002212673425674438
 0.01468165218830109
 0.02687138319015503
 0.03878618776798248
 0.05043114721775055
 0.06181226670742035
 0.07293546199798584
 0.08380697667598724
 0.09443268924951553
 0.104818195104599
 0.1149690598249435
 0.1248897984623909
 0.1345834583044052
 0.1440533548593521
 0.1533047743141651
 0.1623428761959076
 0.1711727175861597
 0.1797987148165703
 0.1882252963259816
 0.1964566288515925
 0.2044959524646401
 0.2123466478660703
 0.2200120780616999
 0.2274941485375166
 0.2347938790917397
 0.2419162131845951
 0.2488657385110855
 0.2556470483541489
 0.2622624039649963
 0.2687154486775398
 0.2750048190355301
 0.2811311110854149
 0.2870983779430389
 0.2929020076990128
 0.2985445708036423
 0.3040272369980812
 0.3093448430299759
 0.3144963979721069
 0.3194787129759789
 0.3242732584476471
 0.3288449794054031
 0.3331845998764038
 0.3372699469327927
 0.3410594016313553
 0.3445722311735153
 0.3478265106678009
 0.3508392125368118
 0.3536262661218643
 0.3562026172876358
 0.3585822880268097
 0.360778421163559
 0.3628033548593521
 0.3646686524152756
 0.3663851469755173
 0.3679630011320114
 0.3694117218255997
 0.3707402348518372
 0.3719568848609924
 0.3730694800615311
 0.3740853518247604
 0.3750113397836685
 0.3758538365364075
 0.3766188472509384
 0.3773119747638702
 0.377938449382782
 0.3785031735897064
 0.3790107071399689
 0.379465326666832
 0.3798710256814957
 0.3802315145730972
 0.3805502653121948
 0.3808305263519287
 0.38107530772686
 0.3812874257564545
 0.3814695179462433
 0.3816240131855011
 0.3817531764507294
 0.3818591386079788
 0.381943866610527
 0.3820091784000397
 0.382056787610054
 0.3820882588624954
 0.3821050673723221
 0.3821085840463638
 0.3821000456809998
 0.3820806443691254
 0.3820514529943466
 0.3820134699344635
 0.38196761906147
 0.3819147646427155
 0.3818556815385818
 0.3817911148071289
 0.3817217350006104
 0.3816481530666351
 0.3815709501504898
 0.381490632891655
 0.38140769302845
 0.3813225775957108
 0.3812356740236282
 0.3811473548412323
 0.3810579627752304
 0.3809678107500076
 0.3808771669864655
 0.3807862848043442
 0.3806953877210617
 0.3806046992540359
 0.3805143982172012
 0.3804246485233307
 0.3803355991840363
 0.3802473992109299
 0.3801601529121399
 0.3800739794969559
 0.3799889534711838
 0.379905179142952
 0.3798227161169052
 0.3797416239976883
 0.3796619474887848


# name: datascd
# type: matrix
# rows: 600
# columns: 1
 0
 0
 0
 0
 0
 0
 0
 0
 0
 0
 0
 0
 0
 0
 0
 0
 0
 0
 0
 0
 0
 0
 0
 0
 0
 0
 0
 0
 0
 0
 0
 0
 0
 0
 0
 0
 0
 0
 0
 0
 0
 0
 0
 0
 0
 0
 0
 0
 0
 0
 0
 0
 0
 0
 0
 0
 0
 0
 0
 0
 0
 0
 0
 0
 0
 0
 0
 0
 0
 0
 0
 0
 0
 0
 0
 0
 0
 0
 0
 0
 0
 0
 0
 0
 0
 0
 0
 0
 0
 0
 0
 0
 0
 0
 0
 0
 0
 0
 0
 0
 0
 0
 0
 0
 0
 0
 0
 0
 0
 0
 0
 0
 0
 0
 0
 0
 0
 0
 0
 0
 0
 0
 0
 0
 0
 0
 0
 0
 0
 0
 0
 0
 0
 0
 0
 0
 0
 0
 0
 0
 0
 0
 0
 0
 0
 0
 0
 0
 0
 0
 0
 0
 0
 0
 0
 0
 0
 0
 0
 0
 0
 0
 0
 0
 0
 0
 0
 0
 0
 0
 0
 0
 0.09544780850410461
 0.2410486042499542
 0.3808067440986633
 0.5199493765830994
 0.663882851600647
 0.8139046430587769
 0.9727857112884521
 1
 1
 1
 1
 1
 1
 1
 1
 1
 1
 1
 1
 1
 1
 1
 1
 1
 1
 1
 1
 1
 1
 1
 1
 1
 1
 1
 1
 1
 1
 1
 1
 1
 1
 1
 1
 1
 1
 1
 1
 1
 1
 1
 1
 1
 1
 1
 1
 1
 1
 1
 1
 1
 1
 1
 1
 1
 1
 1
 1
 1
 1
 1
 1
 1
 1
 1
 1
 1
 1
 1
 1
 1
 1
 1
 1
 1
 1
 1
 1
 1
 1
 1
 1
 1
 1
 1
 1
 1
 1
 1
 1
 1
 1
 1
 1
 1
 1
 1
 1
 1
 1
 1
 1
 1
 1
 1
 1
 1
 1
 1
 1
 1
 1
 1
 1
 1
 1
 1
 1
 1
 1
 1
 1
 1
 1
 1
 1
 1
 1
 1
 1
 1
 1
 1
 1
 1
 1
 1
 1
 1
 1
 1
 1
 1
 1
 1
 1
 1
 1
 1
 1
 1
 1
 1
 1
 1
 1
 1
 1
 1
 1
 1
 1
 1
 1
 1
 1
 1
 1
 1
 1
 1
 1
 1
 1
 1
 1
 1
 1
 1
 1
 1
 1
 1
 1
 1
 1
 1
 1
 1
 1
 1
 1
 1
 1
 1
 1
 1
 1
 1
 1
 1
 1
 1
 1
 1
 1
 1
 1
 1
 1
 1
 1
 1
 1
 1
 1
 1
 1
 1
 1
 1
 1
 1
 1
 1
 1
 1
 1
 1
 1
 1
 1
 1
 1
 1
 1
 1
 1
 1
 1
 1
 1
 1
 1
 1
 1
 1
 1
 1
 1
 1
 1
 1
 1
 1
 1
 1
 1
 1
 1
 1
 1
 1
 1
 1
 1
 1
 1
 1
 1
 1
 1
 1
 1
 1
 1
 1
 1
 1
 1
 1
 1
 1
 1
 1
 1
 1
 1
 1
 1
 1
 1
 1
 1
 1
 1
 1
 1
 1
 1
 1
 1
 1
 1
 1
 1
 1
 1
 1
 1
 1
 1
 1
 1
 1
 1
 1
 1
 1
 1
 1
 1
 1
 1
 1
 1
 1
 1
 1
 1
 1
 1
 1
 1
 1
 1
 1
 0.9756587743759155
 0.8840411901473999
 0.7998534440994263
 0.723089337348938
 0.653309166431427
 0.5900682806968689
 0.5328270792961121
 0.4810371696949005
 0.4342674612998962
 0.3919893205165863
 0.3537993133068085
 0.3193717002868652
 0.288335919380188
 0.2603879570960999
 0.2352379858493805
 0.2125993669033051
 0.1922074258327484
 0.1738535761833191
 0.1573457717895508
 0.1425060927867889
 0.1291480660438538
 0.1171240955591202
 0.1063025742769241
 0.09656354039907455
 0.08779777586460114
 0.0799061506986618
 0.07279893755912781
 0.06637810170650482
 0.06056173890829086
 0.0552842952311039
 0.05049417540431023
 0.04614494740962982
 0.04219452664256096
 0.03859817236661911
 0.03531130775809288
 0.0323043167591095
 0.02954892069101334
 0.02701493911445141
 0.0246831476688385
 0.02253769524395466
 0.0205639973282814
 0.01874858513474464
 0.01707902178168297
 0.01553986500948668
 0.0141195198521018
 0.01280919648706913
 0.01160078309476376
 0.01048675179481506
 0.009460117667913437
 0.008514400571584702
 0.00764358788728714
 0.006842105649411678
 0.006104410160332918
 0.005422942340373993
 0.004793759435415268
 0.004213230684399605
 0.003677970729768276
 0.003184820991009474
 0.00273083639331162
 0.002313270233571529
 0.001929561491124332
 0.001576495356857777
 0.001250665867701173
 0.0009503071196377277
 0.0006737741641700268
 0.0004195222572889179
 0.0001861008931882679
 0
 0
 0
 0
 0
 0
 0
 0
 0
 0
 0
 0
 0
 0
 0


# name: dataebn
# type: matrix
# rows: 1
# columns: 600
 0 0 0 0 0 0 0 0 0 0 0 0 0 0 0 0 0 0 0 0 0 0 0 0 0 0 0 0 0 0 0 0 0 0 0 0 0 0 0 0 0 0 0 0 0 0 0 0 0 0 0 0 0 0 0 0 0 0 0 0 0 0 0 0 0 0 0 0 0 0 0 0 0 0 0 0 0 0 0 0 0 0 0 0 0 0 0 0 0 0 0 0 0 0 0 0 0 0 0 0 0 0 0 0 0 0 0 0 0 0 0 0 0 0 0 0 0 0 0 0 0 0 0 0 0 0 0 0 0 0 0 0 0 0 0 0 0 0 0 0 0 0 0 0 0 0 0 0 0 0 0 0 0 0 0 0 0 0 0 0 0 0 0 0 0 0 0 0 0 0 0 0 0 0 0 0 0 0 0 0 0 0 0 0 0 0 0 0 0 0 0 0 0 0 0 0 0 0 0 0 0 0 0 0 0 0 0 0 0 0 0 0.0001409798860549927 0.02643509954214096 0.06212195381522179 0.09941813349723816 0.1349297165870667 0.1673749387264252 0.1964593827724457 0.2223249077796936 0.2452837228775024 0.2656927108764648 0.2837671041488647 0.2995812892913818 0.3131141662597656 0.3242928981781006 0.3330305218696594 0.3393623530864716 0.3432636260986328 0.344689279794693 0.3435856103897095 0.3399015069007874 0.3344254493713379 0.3280494809150696 0.3212355375289917 0.3142274022102356 0.3071573674678802 0.3000998198986053 0.2930984795093536 0.286180317401886 0.2793627381324768 0.2726573646068573 0.2660721242427826 0.2596124708652496 0.2532820105552673 0.2470830380916595 0.2410167902708054 0.2350836992263794 0.2292835265398026 0.2236155271530151 0.2180785536766052 0.2126711010932922 0.2073914110660553 0.202237531542778 0.1972073465585709 0.1922986209392548 0.1875090301036835 0.1828362047672272 0.1782777160406113 0.1738311201334 0.1694939732551575 0.1652638167142868 0.1611382067203522 0.1571147441864014 0.1531910300254822 0.1493647247552872 0.1456334888935089 0.1419950574636459 0.1384471952915192 0.1349876970052719 0.1316144019365311 0.1283251941204071 0.1251180320978165 0.1219908818602562 0.1189417839050293 0.1159688010811806 0.113070048391819 0.1102436855435371 0.1074879169464111 0.1048009842634201 0.1021811813116074 0.09962683916091919 0.09713632613420486 0.09470804780721664 0.09234045445919037 0.09003203362226486 0.08778131008148193 0.08558683842420578 0.08344721794128418 0.0813610851764679 0.07932709902524948 0.07734394818544388 0.0754103809595108 0.07352513819932938 0.07168702781200409 0.06989486515522003 0.06814751029014587 0.06644383072853088 0.06478274613618851 0.06316318362951279 0.06158411130309105 0.06004451215267181 0.05854340270161629 0.05707982182502747 0.05565283074975014 0.05426151305437088 0.05290497839450836 0.05158235505223274 0.05029279738664627 0.04903547838330269 0.04780959337949753 0.04661435633897781 0.04544899612665176 0.04431277140974998 0.04320495203137398 0.04212483018636703 0.04107170924544334 0.04004491865634918 0.03904379531741142 0.03806770220398903 0.01903385110199451 0.009516925550997257 0.004758462775498629 0.002379231387749314 0.001189615693874657 0.0005948078469373286 0.0002974039234686643 0.0001487019617343321 7.435098086716607e-05 3.717549043358304e-05 1.858774521679152e-05 9.293872608395759e-06 4.64693630419788e-06 2.32346815209894e-06 1.16173407604947e-06 5.808670380247349e-07 2.904335190123675e-07 1.452167595061837e-07 7.260837975309187e-08 3.630418987654593e-08 1.815209493827297e-08 9.076047469136483e-09 4.538023734568242e-09 2.269011867284121e-09 1.13450593364206e-09 5.672529668210302e-10 2.836264834105151e-10 1.418132417052576e-10 7.090662085262878e-11 3.545331042631439e-11 1.772665521315719e-11 8.863327606578597e-12 4.431663803289299e-12 2.215831901644649e-12 1.107915950822325e-12 5.539579754111623e-13 2.769789877055812e-13 1.384894938527906e-13 6.924474692639529e-14 3.462237346319764e-14 1.731118673159882e-14 8.655593365799411e-15 4.327796682899706e-15 2.163898341449853e-15 1.081949170724926e-15 5.409745853624632e-16 2.704872926812316e-16 1.352436463406158e-16 6.76218231703079e-17 3.381091158515395e-17 1.690545579257698e-17 8.452727896288488e-18 4.226363948144244e-18 2.113181974072122e-18 1.056590987036061e-18 5.282954935180305e-19 2.641477467590152e-19 1.320738733795076e-19 6.603693668975381e-20 3.30184683448769e-20 1.650923417243845e-20 8.254617086219226e-21 4.127308543109613e-21 2.063654271554807e-21 1.031827135777403e-21 5.159135678887016e-22 2.579567839443508e-22 1.289783919721754e-22 6.44891959860877e-23 3.224459799304385e-23 1.612229899652193e-23 8.061149498260963e-24 4.030574749130481e-24 2.015287374565241e-24 1.00764368728262e-24 5.038218436413102e-25 2.519109218206551e-25 1.259554609103275e-25 6.297773045516377e-26 3.148886522758189e-26 1.574443261379094e-26 7.872216306895472e-27 3.936108153447736e-27 1.968054076723868e-27 9.84027038361934e-28 4.92013519180967e-28 2.460067595904835e-28 1.230033797952417e-28 6.150168989762087e-29 3.075084494881044e-29 1.537542247440522e-29 7.687711237202609e-30 3.843855618601305e-30 1.921927809300652e-30 9.609639046503261e-31 4.804819523251631e-31 2.402409761625815e-31 1.201204880812908e-31 6.006024404064538e-32 3.003012202032269e-32 1.501506101016135e-32 7.507530505080673e-33 3.753765252540336e-33 1.876882626270168e-33 9.384413131350841e-34 4.692206565675421e-34 2.34610328283771e-34 1.173051641418855e-34 5.865258207094276e-35 2.932629103547138e-35 1.466314551773569e-35 7.331572758867845e-36 3.665786379433922e-36 1.832893189716961e-36 9.164465948584806e-37 4.582232974292403e-37 2.291116487146201e-37 1.145558243573101e-37 5.727791217865504e-38 2.863895608932752e-38 1.431947804466376e-38 1.431947804466376e-38 1.431947804466376e-38 1.431947804466376e-38 1.431947804466376e-38 1.431947804466376e-38 1.431947804466376e-38 1.431947804466376e-38 1.431947804466376e-38 1.431947804466376e-38 1.431947804466376e-38 1.431947804466376e-38 1.431947804466376e-38 1.431947804466376e-38 1.431947804466376e-38 1.431947804466376e-38 1.431947804466376e-38 1.431947804466376e-38 1.431947804466376e-38 1.431947804466376e-38 1.431947804466376e-38 1.431947804466376e-38 1.431947804466376e-38 1.431947804466376e-38 1.431947804466376e-38 1.431947804466376e-38 1.431947804466376e-38 1.431947804466376e-38 1.431947804466376e-38 1.431947804466376e-38 1.431947804466376e-38 1.431947804466376e-38 1.431947804466376e-38 1.431947804466376e-38 1.431947804466376e-38 1.431947804466376e-38 1.431947804466376e-38 1.431947804466376e-38 1.431947804466376e-38 1.431947804466376e-38 1.431947804466376e-38 1.431947804466376e-38 1.431947804466376e-38 1.431947804466376e-38 1.431947804466376e-38 1.431947804466376e-38 1.431947804466376e-38 1.431947804466376e-38 1.431947804466376e-38 1.431947804466376e-38 1.431947804466376e-38 1.431947804466376e-38 1.431947804466376e-38 1.431947804466376e-38 1.431947804466376e-38 1.431947804466376e-38 1.431947804466376e-38 1.431947804466376e-38 1.431947804466376e-38 1.431947804466376e-38 1.431947804466376e-38 1.431947804466376e-38 1.431947804466376e-38 1.431947804466376e-38 1.431947804466376e-38 1.431947804466376e-38 1.431947804466376e-38 1.431947804466376e-38 1.431947804466376e-38 1.431947804466376e-38 1.431947804466376e-38 1.431947804466376e-38 1.431947804466376e-38 1.431947804466376e-38 1.431947804466376e-38 1.431947804466376e-38 1.431947804466376e-38 1.431947804466376e-38 1.431947804466376e-38 1.431947804466376e-38 1.431947804466376e-38 1.431947804466376e-38 1.431947804466376e-38 1.431947804466376e-38 1.431947804466376e-38 1.431947804466376e-38 1.431947804466376e-38 1.431947804466376e-38 1.431947804466376e-38 1.431947804466376e-38 1.431947804466376e-38 1.431947804466376e-38 1.431947804466376e-38 1.431947804466376e-38 1.431947804466376e-38 1.431947804466376e-38 1.431947804466376e-38 1.431947804466376e-38 1.431947804466376e-38 1.431947804466376e-38 1.431947804466376e-38 1.431947804466376e-38 1.431947804466376e-38 1.431947804466376e-38 1.431947804466376e-38 1.431947804466376e-38 1.431947804466376e-38 1.431947804466376e-38 1.431947804466376e-38 1.431947804466376e-38 1.431947804466376e-38 1.431947804466376e-38 1.431947804466376e-38 1.431947804466376e-38 1.431947804466376e-38 1.431947804466376e-38 1.431947804466376e-38 1.431947804466376e-38 1.431947804466376e-38 1.431947804466376e-38 1.431947804466376e-38 1.431947804466376e-38 1.431947804466376e-38 1.431947804466376e-38 1.431947804466376e-38 1.431947804466376e-38 1.431947804466376e-38 1.431947804466376e-38 1.431947804466376e-38 1.431947804466376e-38 1.431947804466376e-38 1.431947804466376e-38 1.431947804466376e-38 1.431947804466376e-38 1.431947804466376e-38 1.431947804466376e-38 1.431947804466376e-38 1.431947804466376e-38 1.431947804466376e-38 1.431947804466376e-38 1.431947804466376e-38 1.431947804466376e-38 1.431947804466376e-38 1.431947804466376e-38 1.431947804466376e-38 1.431947804466376e-38 1.431947804466376e-38 1.431947804466376e-38 1.431947804466376e-38 1.431947804466376e-38 1.431947804466376e-38 1.431947804466376e-38 1.431947804466376e-38 1.431947804466376e-38 1.431947804466376e-38 1.431947804466376e-38 1.431947804466376e-38 1.431947804466376e-38 1.431947804466376e-38 1.431947804466376e-38 1.431947804466376e-38


# name: dataopn
# type: matrix
# rows: 1
# columns: 600
 0 0.1666666716337204 0.3055555820465088 0.4212963283061981 0.5177469253540039 0.5981224179267883 0.6651020050048828 0.7209183573722839 0.7674319744110107 0.8061932921409607 0.8384944200515747 0.8654119968414307 0.8878433108329773 0.9065361022949219 0.9221134185791016 0.9350945353507996 0.9459121227264404 0.9549267888069153 0.9624390006065369 0.9686991572380066 0.9739159345626831 0.978263258934021 0.9818860292434692 0.9849050045013428 0.9874208569526672 0.9895173907279968 0.9912644624710083 0.992720365524292 0.9939336180686951 0.99494469165802 0.9957872629165649 0.996489405632019 0.9970744848251343 0.997562050819397 0.9979683756828308 0.9983069896697998 0.9985891580581665 0.9988242983818054 0.9990202188491821 0.9991835355758667 0.9993196129798889 0.9994330406188965 0.9995275139808655 0.9996062517166138 0.9996718764305115 0.9997265338897705 0.9997721314430237 0.9998100996017456 0.9998417496681213 0.9998681545257568 0.999890148639679 0.999908447265625 0.9999237060546875 0.9999364018440247 0.9999470114707947 0.9999558329582214 0.9999631643295288 0.9999693036079407 0.9999744296073914 0.9999786615371704 0.9999822378158569 0.9999852180480957 0.9999876618385315 0.9999897480010986 0.9999914765357971 0.9999929070472717 0.9999940991401672 0.9999951124191284 0.9999959468841553 0.9999966025352478 0.9999971389770508 0.999997615814209 0.9999980330467224 0.9999983310699463 0.9999986290931702 0.9999988675117493 0.9999990463256836 0.9999992251396179 0.9999993443489075 0.999999463558197 0.9999995231628418 0.9999995827674866 0.9999996423721313 0.9999997019767761 0.9999997615814209 0.9999998211860657 0.9999998807907104 0.9999998807907104 0.9999998807907104 0.9999998807907104 0.9999998807907104 0.9999998807907104 0.9999998807907104 0.9999998807907104 0.9999998807907104 0.9999998807907104 0.9999998807907104 0.9999998807907104 0.9999998807907104 0.9999998807907104 0.9999998807907104 0.9999998807907104 0.9999998807907104 0.9999998807907104 0.9999998807907104 0.9999998807907104 0.9999998807907104 0.9999998807907104 0.9999998807907104 0.9999998807907104 0.9999998807907104 0.9999998807907104 0.9999998807907104 0.9999998807907104 0.9999998807907104 0.9999998807907104 0.9999998807907104 0.9999998807907104 0.9999998807907104 0.9999998807907104 0.9999998807907104 0.9999998807907104 0.9999998807907104 0.9999998807907104 0.9999998807907104 0.9999998807907104 0.9999998807907104 0.9999998807907104 0.9999998807907104 0.9999998807907104 0.9999998807907104 0.9999998807907104 0.9999998807907104 0.9999998807907104 0.9999998807907104 0.9999998807907104 0.9999998807907104 0.9999998807907104 0.9999998807907104 0.9999998807907104 0.9999998807907104 0.9999998807907104 0.9999998807907104 0.9999998807907104 0.9999998807907104 0.9999998807907104 0.9999998807907104 0.9999998807907104 0.9999998807907104 0.9999998807907104 0.9999998807907104 0.9999998807907104 0.9999998807907104 0.9999998807907104 0.9999998807907104 0.9999998807907104 0.9999998807907104 0.9999998807907104 0.9999998807907104 0.9999998807907104 0.9999998807907104 0.9999998807907104 0.9999998807907104 0.9999998807907104 0.9999998807907104 0.9999998807907104 0.9999998807907104 0.9999998807907104 0.9999998807907104 0.9999998807907104 0.9999998807907104 0.9999998807907104 0.9999998807907104 0.9999998807907104 0.9999998807907104 0.9999998807907104 0.9999998807907104 0.9999998807907104 0.9999998807907104 0.9999998807907104 0.9999998807907104 0.9999998807907104 0.9999998807907104 0.9999998807907104 0.9999998807907104 0.9999998807907104 0.9999998807907104 0.9999998807907104 0.9717332124710083 0.8194993734359741 0.6829161643981934 0.5690968036651611 0.4742473363876343 0.3952061235904694 0.3293384313583374 0.2744486927986145 0.2287072390317917 0.1905893683433533 0.1588244736194611 0.1323537230491638 0.1102947667241096 0.09191230684518814 0.07659359276294708 0.0638279914855957 0.05318999290466309 0.04432499408721924 0.03693749383091927 0.03078124485909939 0.02565103769302368 0.0213758647441864 0.01781322062015533 0.01484435051679611 0.01237029209733009 0.01030857674777508 0.00859048031270504 0.007158733438700438 0.005965610966086388 0.004971342626959085 0.00414278544485569 0.003452321281656623 0.002876934362575412 0.002397445263341069 0.001997871091589332 0.001664892537519336 0.00138741044793278 0.00115617539267987 0.0009634795133024454 0.0008028995944187045 0.0006690829759463668 0.0005575691466219723 0.0004646409652195871 0.0003872007946483791 0.0003226673288736492 0.0002688894455786794 0.0002240745379822329 0.0001867287792265415 0.0001556073111714795 0.0001296727568842471 0.0001080606307368726 9.005052561406046e-05 7.504210225306451e-05 6.25350876362063e-05 5.211257303017192e-05 4.342714237282053e-05 3.618928531068377e-05 3.015773836523294e-05 2.513144863769412e-05 2.09428744710749e-05 1.745239569572732e-05 1.454366338293767e-05 1.211971903103404e-05 1.009976585919503e-05 8.416471246164292e-06 7.013726190052694e-06 5.844771749252686e-06 4.870643351750914e-06 4.058869308209978e-06 3.382391014383757e-06 2.818659140757518e-06 2.348882617297932e-06 1.957402218977222e-06 1.631168515814352e-06 1.359307134407572e-06 1.132755983235256e-06 9.439633004149073e-07 7.866360647312831e-07 6.555300728905422e-07 5.462750323204091e-07 4.552291841264378e-07 3.793576581756497e-07 3.161313770760898e-07 2.634428142300749e-07 2.195356785250624e-07 1.829463940339338e-07 1.524553283616115e-07 1.270461069680096e-07 1.058717558066746e-07 8.822646435646675e-08 7.352205244615106e-08 6.12683805911729e-08 5.105698264173952e-08 4.25474837584261e-08 3.545623528111719e-08 2.954686273426432e-08 2.462238590794641e-08 2.051865521934815e-08 1.709887875733784e-08 1.424906592717434e-08 1.187422160597862e-08 9.895185115738059e-09 8.245987892507856e-09 6.87165657708988e-09 5.726380258863628e-09 4.77198369708276e-09 3.976653228932037e-09 3.313877616761829e-09 2.761564754649726e-09 2.301304036222973e-09 1.917753289504276e-09 1.598127741253563e-09 1.33177313621502e-09 1.109810909838416e-09 9.248424248653464e-10 7.707020022174049e-10 6.422516962700797e-10 5.352097653954502e-10 4.460081470814004e-10 3.716734697789548e-10 3.097278822306038e-10 2.581065638995739e-10 2.150888078755742e-10 1.792406778555744e-10 1.493672269203827e-10 1.24472682161425e-10 1.037272351345209e-10 8.643936261210072e-11 0.01636454276740551 0.04625920206308365 0.08702252805233002 0.1364468336105347 0.1927022337913513 0.2542734742164612 0.3199073374271393 0.3885685801506042 0.4594034552574158 0.5317092537879944 0.6049089431762695 0.6707574725151062 0.7256312370300293 0.771359384059906 0.8094661235809326 0.8412217497825623 0.8676847815513611 0.8897373080253601 0.9081144332885742 0.9234287142753601 0.9361906051635742 0.9468255043029785 0.955687940120697 0.9630732536315918 0.9692277312278748 0.9743564128875732 0.9786303639411926 0.9821919798851013 0.9851599931716919 0.9876333475112915 0.9896944761276245 0.9914120435714722 0.9928433895111084 0.9940361380577087 0.9950301051139832 0.9958584308624268 0.9965487122535706 0.9971239566802979 0.9976032972335815 0.9980027675628662 0.9983356595039368 0.9986130595207214 0.9988442063331604 0.9990368485450745 0.9991973638534546 0.9993311166763306 0.9994425773620605 0.9995355010032654 0.9996129274368286 0.9996774196624756 0.999731183052063 0.9997760057449341 0.9998133182525635 0.9998444318771362 0.9998703598976135 0.999891996383667 0.9999099969863892 0.9999250173568726 0.9999375343322754 0.9999479651451111 0.9999566078186035 0.9999638199806213 0.9999698400497437 0.9999748468399048 0.9999790191650391 0.9999825358390808 0.9999854564666748 0.9999879002571106 0.999989926815033 0.9999915957450867 0.9999929666519165 0.999994158744812 0.9999951124191284 0.9999959468841553 0.9999966025352478 0.9999971389770508 0.999997615814209 0.9999980330467224 0.9999983310699463 0.9999986290931702 0.9999988675117493 0.9999990463256836 0.9999992251396179 0.9999993443489075 0.999999463558197 0.9999995231628418 0.9999995827674866 0.9999996423721313 0.9999997019767761 0.9999997615814209 0.9999998211860657 0.9999998807907104 0.9999998807907104 0.9999998807907104 0.9999998807907104 0.9999998807907104 0.9999998807907104 0.9999998807907104 0.9999998807907104 0.9999998807907104 0.9999998807907104 0.9999998807907104 0.9999998807907104 0.9999998807907104 0.9999998807907104 0.9999998807907104 0.9999998807907104 0.9999998807907104 0.9999998807907104 0.9999998807907104 0.9999998807907104 0.9999998807907104 0.9999998807907104 0.9999998807907104 0.9999998807907104 0.9999998807907104 0.9999998807907104 0.9999998807907104 0.9999998807907104 0.9999998807907104 0.9999998807907104 0.9999998807907104 0.9999998807907104 0.9999998807907104 0.9999998807907104 0.9999998807907104 0.9999998807907104 0.9999998807907104 0.9999998807907104 0.9999998807907104 0.9999998807907104 0.9999998807907104 0.9999998807907104 0.9999998807907104 0.9999998807907104 0.9999998807907104 0.9999998807907104 0.9999998807907104 0.9999998807907104 0.9999998807907104 0.9999998807907104 0.9999998807907104 0.9999998807907104 0.9999998807907104 0.9999998807907104 0.9999998807907104 0.9999998807907104 0.9999998807907104 0.9999998807907104 0.9999998807907104 0.9999998807907104 0.9999998807907104 0.9999998807907104 0.9999998807907104 0.9999998807907104 0.9999998807907104 0.9999998807907104 0.9999998807907104 0.9999998807907104 0.9999998807907104 0.9999998807907104 0.9999998807907104 0.9999998807907104 0.9999998807907104 0.9999998807907104 0.9999998807907104 0.9999998807907104 0.9999998807907104 0.9999998807907104 0.9999998807907104 0.9999998807907104 0.9999998807907104 0.9999998807907104 0.9999998807907104 0.9999998807907104 0.9999998807907104 0.9999998807907104 0.9999998807907104 0.9999998807907104 0.9999998807907104 0.9999998807907104 0.9999998807907104 0.9999998807907104 0.9999998807907104 0.9999998807907104 0.9999998807907104 0.9999998807907104 0.9999998807907104 0.9999998807907104 0.9999998807907104 0.9999998807907104 0.9999998807907104 0.9999998807907104 0.9999998807907104 0.9999998807907104 0.9999998807907104 0.9999998807907104 0.9999998807907104 0.9999998807907104 0.9999998807907104 0.9999998807907104 0.9999998807907104 0.9999998807907104 0.9999998807907104 0.9999998807907104 0.9999998807907104 0.9999998807907104 0.9999998807907104 0.9999998807907104 0.9999998807907104 0.9999998807907104 0.9999998807907104 0.9999998807907104 0.9999998807907104 0.9999998807907104 0.9999998807907104 0.9999998807907104 0.9999998807907104 0.9999998807907104 0.9999998807907104 0.9999998807907104 0.9999998807907104 0.9999998807907104 0.9999998807907104 0.9999998807907104 0.9999998807907104 0.9999998807907104 0.9999998807907104 0.9999998807907104 0.9999998807907104 0.9999998807907104 0.9999998807907104 0.9999998807907104 0.9999998807907104 0.9999998807907104 0.9999998807907104 0.9999998807907104 0.9999998807907104 0.9999998807907104 0.9999998807907104 0.9999998807907104 0.9999998807907104 0.9999998807907104 0.9999998807907104 0.9999998807907104 0.9999998807907104 0.9999998807907104 0.9999998807907104 0.9999998807907104 0.9999998807907104 0.9999998807907104 0.9999998807907104 0.9999998807907104 0.9999998807907104 0.9999998807907104 0.9999998807907104 0.9999998807907104 0.9999998807907104 0.9999998807907104 0.9999998807907104 0.9999998807907104 0.9999998807907104 0.9999998807907104 0.9999998807907104 0.9999998807907104 0.9999998807907104 0.9999998807907104 0.9999998807907104 0.9999998807907104 0.9999998807907104 0.9999998807907104 0.9999998807907104 0.9999998807907104 0.9999998807907104 0.9999998807907104 0.9999998807907104 0.9999998807907104 0.9999998807907104 0.9999998807907104 0.9999998807907104 0.9999998807907104 0.9999998807907104 0.9999998807907104 0.9999998807907104


# name: datallbn
# type: matrix
# rows: 1
# columns: 600
 0 0 0 0 0 0 0 0 0 0 0 0 0 0 0 0 0 0 0 0 0 0 0 0 0 0 0 0 0 0 0 0 0 0 0 0 0 0 0 0 0 0 0 0 0 0 0 0 0 0 0 0 0 0 0 0 0 0 0 0 0 0 0 0 0 0 0 0 0 0 0 0 0 0 0 0 0 0 0 0 0 0 0 0 0 0 0 0 0 0 0 0 0 0 0 0 0 0 0 0 0 0 0 0 0 0 0 0 0 0 0 0 0 0 0 0 0 0 0 0 0 0 0 0 0 0 0 0 0 0 0 0 0 0 0 0 0 0 0 0 0 0 0 0 0 0 0 0 0 0 0 0 0 0 0 0 0 0 0 0 0 0 0 0 0 0 0 0 0 0 0 0 0 0 0 0 0 0 0 0.0008843651157803833 0.003178992075845599 0.006995529867708683 0.01213590893894434 0.01802455261349678 0.02456729486584663 0.03169600293040276 0.03941669687628746 0.0477544367313385 0.05668701976537704 0.06608446687459946 0.07564045488834381 0.08498932421207428 0.09410446882247925 0.1031055003404617 0.1122227162122726 0.1216006949543953 0.1314008980989456 0.1415989995002747 0.1521304845809937 0.1627126783132553 0.1732784956693649 0.1837517023086548 0.1942967623472214 0.2049025893211365 0.2155588120222092 0.226188451051712 0.2366490811109543 0.2468481957912445 0.2567923367023468 0.2664878666400909 0.275941014289856 0.2851578295230865 0.2941442131996155 0.302905946969986 0.3114486336708069 0.3197777569293976 0.3278986513614655 0.3358151316642761 0.3432693481445312 0.3499186635017395 0.3554163873195648 0.3594460785388947 0.3617468774318695 0.3623431324958801 0.361039012670517 0.3576766848564148 0.3521167635917664 0.3442463874816895 0.3356402218341827 0.3272492289543152 0.3190679848194122 0.311091274023056 0.3033140003681183 0.2957311570644379 0.2883378863334656 0.2811294496059418 0.2741012275218964 0.2672486901283264 0.2605674862861633 0.2540532946586609 0.247701957821846 0.2415094077587128 0.2354716658592224 0.2295848727226257 0.2238452434539795 0.21824911236763 0.2127928882837296 0.2074730694293976 0.2022862434387207 0.1972290873527527 0.1922983527183533 0.1874908953905106 0.1828036159276962 0.1782335191965103 0.1737776845693588 0.1694332361221313 0.1651974022388458 0.161067470908165 0.1570407897233963 0.1531147658824921 0.1492868959903717 0.1455547213554382 0.1419158577919006 0.1383679658174515 0.1349087655544281 0.1315360516309738 0.1282476484775543 0.1250414550304413 0.12191541492939 0.1188675314188004 0.1158958449959755 0.1129984483122826 0.1101734861731529 0.1074191480875015 0.1047336682677269 0.1021153256297112 0.09956244379281998 0.09707338362932205 0.09464655071496964 0.09228038787841797 0.08997337520122528 0.08772403746843338 0.08553093671798706 0.0833926647901535 0.08130785077810287 0.07927515357732773 0.0772932767868042 0.07536094635725021 0.07347692549228668 0.07163999974727631 0.06984899938106537 0.06810277700424194 0.06640020757913589 0.06474020332098007 0.06312169879674911 0.06154365465044975 0.0600050650537014 0.05850493907928467 0.05704231560230255 0.05561625957489014 0.054225854575634 0.05287020653486252 0.05154845118522644 0.05025973916053772 0.0490032471716404 0.0477781668305397 0.04658371210098267 0.0454191192984581 0.04428363963961601 0.0431765504181385 0.04209713637828827 0.04104470834136009 0.04001859202980995 0.03901812806725502 0.03804267570376396 0.03709160909056664 0.03616431728005409 0.03526020795106888 0.03437870368361473 0.03351923450827599 0.03268125280737877 0.0318642221391201 0.0310676172375679 0.03029092773795128 0.02953365445137024 0.02879531309008598 0.02807543054223061 0.0273735448718071 0.02668920531868935 0.02602197602391243 0.02537142671644688 0.02473714016377926 0.02411871217191219 0.02351574413478374 0.02292785048484802 0.02235465496778488 0.02179578877985477 0.02125089429318905 0.02071962133049965 0.02020163089036942 0.01969658955931664 0.01920417509973049 0.01872407086193562 0.01825596950948238 0.01779957115650177 0.0173545815050602 0.01692071743309498 0.01649769954383373 0.01608525775372982 0.0156831257045269 0.01529104728251696 0.01490877103060484 0.01453605201095343 0.01417265087366104 0.01381833478808403 0.01347287651151419 0.01313605438917875 0.01280765328556299 0.01248746179044247 0.01217527501285076 0.01187089271843433 0.01157412026077509 0.01128476765006781 0.01100264862179756 0.01072758249938488 0.01045939326286316 0.0101979086175561 0.009942960925400257 0.009694387204945087 0.009452027268707752 0.009215726517140865 0.008985333144664764 0.00876070000231266 0.008541682735085487 0.008328140713274479 0.008119937032461166 0.00791693851351738 0.00771901523694396 0.007526040077209473 0.007337889168411493 0.007154441904276609 0.006975580938160419 0.006801191251724958 0.00663116155192256 0.006465382408350706 0.006303747650235891 0.006146153900772333 0.005992500111460686 0.00584268756210804 0.00569662032648921 0.005554204806685448 0.00541534973308444 0.005279966164380312 0.005147967021912336 0.005019268020987511 0.004893786273896694 0.00477144168689847 0.004652155563235283 0.004535851534456015 0.004422455094754696 0.004311893600970507 0.004204096272587776 0.004098993726074696 0.003996518906205893 0.003896605921909213 0.003799190744757652 0.003704210976138711 0.003611605614423752 0.003521315520629287 0.003433282719925046 0.003347450634464622 0.003263764316216111 0.003182170214131474 0.003102615941315889 0.003025050507858396 0.002949424320831895 0.002875688718631864 0.00280379643663764 0.002733701607212424 0.002665359061211348 0.002598725026473403 0.002533756894990802 0.00247041299007833 0.002408652566373348 0.002348436275497079 0.002289725467562675 0.002232482424005866 0.002176670357584953 0.002122253645211458 0.002069197362288833 0.002017467515543103 0.001967030810192227 0.001917854999192059 0.001869908650405705 0.001823160913772881 0.001777581870555878 0.001733142300508916 0.001689813798293471 0.001647568424232304 0.001606379169970751 0.001566219725646079 0.001527064247056842 0.001488887588493526 0.001451665419153869 0.001415373757481575 0.0013799894368276 0.001345489756204188 0.00131185248028487 0.001279056188650429 0.001247079810127616 0.001215902855619788 0.001185505301691592 0.001155867706984282 0.001126970979385078 0.001098796725273132 0.00107132678385824 0.001044543576426804 0.001018429989926517 0.0009929692605510354 0.0009681450319476426 0.0009439414134249091 0.0009203428635373712 0.0008973343065008521 0.0008749009575694799 0.000853028439451009 0.0008317027240991592 0.0008109101327136159 0.0007906373939476907 0.0007708714692853391 0.0007515996694564819 0.0007328096544370055 0.0007144894334487617 0.000696627190336585 0.0006792115163989365 0.0006622312357649207 0.0006456754636019468 0.0006295335479080677 0.0006137951859273016 0.0005984503077343106 0.0005834890762344003 0.0005689018289558589 0.0005546793108806014 0.0005408123251982033 0.0005272920243442059 0.0005141097353771329 0.000501257018186152 0.0004887256072834134 0.0004765074700117111 0.0004645947774406523 0.0004529799043666571 0.0004416554002091289 0.0004306140181142837 0.0004198486567474902 0.0004093524476047605 0.0003991186385974288 0.0003891406813636422 0.0003794121730607003 0.0003699268563650548 0.0003606786776799709 0.0003516616998240352 0.0003428701602388173 0.0003342984127812088 0.0003259409568272531 0.0003177924372721463 0.0003098476154264063 0.0003021014272235334 0.0002945488959085196 0.0002871851611416787 0.0002800055372063071 0.0002730053965933621 0.0002661802573129535 0.0002595257537905127 0.0002530376077629626 0.0002467116573825479 0.0002405438717687503 0.0002345302782487124 0.0002286670205648988 0.0002229503443231806 0.0002173765824409202 0.0002119421696988866 0.000206643613637425 0.0002014775236602873 0.0001964405819308013 0.0001915295724757016 0.0001867413375293836 0.0001820728066377342 0.0001775209821062163 0.0001730829535517842 0.0001687558833509684 0.0001645369920879602 0.0001604235731065273 0.0001564129779580981 0.0001525026600575075 0.0001486900873715058 0.0001449728297302499 0.0001413485151715577 0.0001378148008370772 0.0001343694311799482 0.0001310101943090558 0.0001277349365409464 0.0001245415623998269 0.0001214280200656503 0.0001183923159260303 0.0001154325073002838 0.0001125466951634735 0.0001097330241464078 0.0001069896970875561 0.0001043149532051757 0.0001017070826492272 9.916440467350185e-05 9.668529673945159e-05 9.426816541235894e-05 9.191146091325209e-05 8.961367711890489e-05 8.737333700992167e-05 8.518900722265244e-05 8.305928349727765e-05 8.098279795376584e-05 7.895822636783123e-05 7.69842736190185e-05 7.505966641474515e-05 7.31831751181744e-05 7.135359919629991e-05 6.956975994398817e-05 6.783051503589377e-05 6.613475125050172e-05 6.448138447012752e-05 6.28693524049595e-05 6.129762186901644e-05 5.976518150418997e-05 5.827105269418098e-05 5.68142750125844e-05 5.539391713682562e-05 5.400906957220286e-05 5.265884101390839e-05 5.134236926096492e-05 5.00588103022892e-05 4.880733831669204e-05 4.758715658681467e-05 4.639747930923477e-05 4.523754250840284e-05 4.410660403664224e-05 4.300393993617035e-05 4.19288408011198e-05 4.088061905349605e-05 3.985860530519858e-05 3.886214108206332e-05 3.789058609982021e-05 3.694332190207206e-05 3.601973730837926e-05 3.511924296617508e-05 3.424126043682918e-05 3.338522947160527e-05 3.255059709772468e-05 3.173683217028156e-05 3.09434108203277e-05 3.016982554981951e-05 2.941557977464981e-05 2.868018964363728e-05 2.796318403852638e-05


# name: dataibn
# type: matrix
# rows: 1
# columns: 600
 0 0 0 0 0 0 0 0 0 0 0 0 0 0 0 0 0 0 0 0 0 0 0 0 0 0 0 0 0 0 0 0 0 0 0 0 0 0 0 0 0 0 0 0 0 0 0 0 0 0 0 0 0 0 0 0 0 0 0 0 0 0 0 0 0 0 0 0 0 0 0 0 0 0 0 0 0 0 0 0 0 0 0 0 0 0 0 0 0 0 0 0 0 0 0 0 0 0 0 0 0 0 0 0 0 0 0 0 0 0 0 0 0 0 0 0 0 0 0 0 0 0 0 0 0 0 0 0 0 0 0 0 0 0 0 0 0 0 0 0 0 0 0 0 0 0 0 0 0 0 0 0 0 0 0 0 0 0 0 0 0 0 0 0 0 0 0 0 0 0 0 0 0 0 0 0 0 0 0 0 0 0 0 0 0 0 0 0 0 0 0 0 0 0 0 0 0 0 0 0 0 0 0 0 0 0 0 0 0 0 0 0 0 0 2.819597739289748e-06 0.000531493395101279 0.001768617425113916 0.003739293897524476 0.006400495301932096 0.009683988988399506 0.01351633667945862 0.01782767102122307 0.02255506813526154 0.02764337137341499 0.03304227814078331 0.03870348259806633 0.04457873106002808 0.05061880126595497 0.05677322298288345 0.06299273669719696 0.06922808289527893 0.07542958855628967 0.08154700696468353 0.08752956986427307 0.09334278106689453 0.09897034615278244 0.1044053509831429 0.1096458435058594 0.1146925315260887 0.1195476055145264 0.1242140978574753 0.1286955624818802 0.1329958587884903 0.1371190547943115 0.141069307923317 0.1448508650064468 0.1484680026769638 0.1519249826669693 0.1552260667085648 0.1583754867315292 0.1613774001598358 0.1642359346151352 0.1669551432132721 0.1695390194654465 0.1719914525747299 0.1743162870407104 0.1765172779560089 0.1785980761051178 0.1805622726678848 0.1824133694171906 0.1841547936201096 0.1857898682355881 0.1873218417167664 0.1887539029121399 0.1900891214609146 0.1913305222988129 0.1924810409545898 0.1935435235500336 0.1945207566022873 0.1954154521226883 0.1962302476167679 0.1969677060842514 0.1976303160190582 0.1982205212116241 0.1987406760454178 0.1991930902004242 0.1995799988508224 0.1999035775661469 0.2001659423112869 0.2003691494464874 0.2005152106285095 0.2006060779094696 0.2006436437368393 0.2006297409534454 0.2005661725997925 0.2004546672105789 0.2002969235181808 0.2000945955514908 0.1998492777347565 0.1995625197887421 0.1992358416318893 0.1988707035779953 0.1984685361385345 0.1980307251214981 0.1975586265325546 0.197053536772728 0.1965167373418808 0.1959494650363922 0.1953529268503189 0.1947282701730728 0.1940766423940659 0.1933991461992264 0.1926968395709991 0.1919707655906677 0.1912219226360321 0.1904512941837311 0.1896598339080811 0.188848465681076 0.1880180835723877 0.1871695518493652 0.1863037049770355 0.1854213774204254 0.1845233589410782 0.1836104094982147 0.1826832890510559 0.1817427128553391 0.1807893812656403 0.1798239797353745 0.1788471788167953 0.1778596043586731 0.1768618822097778 0.1758546233177185 0.174476757645607 0.1729223281145096 0.1712882667779922 0.1696229726076126 0.1679505407810211 0.1662829369306564 0.1646260619163513 0.162982776761055 0.1613544374704361 0.1597416400909424 0.1581445932388306 0.156563326716423 0.154997780919075 0.1534478515386581 0.1519133895635605 0.1503942608833313 0.1488903313875198 0.147401437163353 0.1459274291992188 0.1444681584835052 0.1430234760046005 0.1415932476520538 0.140177309513092 0.1387755423784256 0.1373877823352814 0.1360139101743698 0.134653776884079 0.1333072334527969 0.1319741606712341 0.1306544244289398 0.1293478757143021 0.1280543953180313 0.1267738491296768 0.125506117939949 0.1242510601878166 0.1230085492134094 0.1217784658074379 0.1205606833100319 0.1193550750613213 0.1181615218520164 0.1169799044728279 0.1158101037144661 0.1146520003676414 0.113505482673645 0.1123704314231873 0.1112467274069786 0.1101342588663101 0.1090329140424728 0.1079425811767578 0.1068631559610367 0.1057945266366005 0.1047365814447403 0.1036892160773277 0.1026523262262344 0.1016258001327515 0.1006095409393311 0.09960344433784485 0.09860741347074509 0.09762133657932281 0.09664512425661087 0.0956786721944809 0.09472188353538513 0.09377466142177582 0.09283691644668579 0.09190854430198669 0.09098945558071136 0.09007956087589264 0.08917876332998276 0.08828697353601456 0.08740410208702087 0.08653005957603455 0.08566475659608841 0.0848081111907959 0.08396002650260925 0.0831204280257225 0.08228922635316849 0.08146633207798004 0.0806516706943512 0.07984515279531479 0.07904670387506485 0.07825623452663422 0.07747367024421692 0.07669893652200699 0.07593194395303726 0.07517262548208237 0.07442089915275574 0.0736766904592514 0.0729399248957634 0.07221052795648575 0.07148842513561249 0.07077354192733765 0.07006580382585526 0.06936514377593994 0.06867149472236633 0.06798478215932846 0.06730493158102036 0.06663188338279724 0.06596556305885315 0.0653059110045433 0.06465285271406174 0.06400632113218307 0.06336625665426254 0.06273259222507477 0.06210526451468468 0.0614842101931572 0.06086936965584755 0.06026067584753036 0.05965806916356087 0.05906148999929428 0.05847087502479553 0.05788616463541985 0.05730730295181274 0.05673423036932945 0.0561668872833252 0.0556052178144455 0.05504916608333588 0.05449867621064186 0.05395368859171867 0.05341415107250214 0.05288000777363777 0.0523512065410614 0.05182769522070885 0.05130941793322563 0.05079632252454758 0.0502883605659008 0.04978547617793083 0.04928762093186378 0.04879474639892578 0.04830680042505264 0.04782373085618019 0.04734549298882484 0.04687203839421272 0.04640331864356995 0.04593928530812263 0.04547989368438721 0.04502509534358978 0.04457484558224678 0.04412909597158432 0.04368780553340912 0.0432509258389473 0.04281841591000557 0.04239023104310036 0.04196633026003838 0.04154666513204575 0.04113119840621948 0.040719885379076 0.04031268507242203 0.03990955650806427 0.03951046243309975 0.03911535814404488 0.03872420638799667 0.03833696246147156 0.03795359283685684 0.03757405653595924 0.03719831630587578 0.03682633489370346 0.03645807132124901 0.03609349206089973 0.03573255613446236 0.03537523001432419 0.03502147644758224 0.03467126190662384 0.03432454913854599 0.03398130461573601 0.03364149108529091 0.03330507501959801 0.03297202289104462 0.03264230117201805 0.03231587633490562 0.03199271857738495 0.03167279064655304 0.03135606274008751 0.03104250133037567 0.03073207661509514 0.03042475506663322 0.03012050688266754 0.0298193022608757 0.02952110953629017 0.02922589890658855 0.02893364056944847 0.02864430472254753 0.02835786156356335 0.02807428315281868 0.02779353968799114 0.02751560509204865 0.0272404495626688 0.02696804516017437 0.02669836394488811 0.02643137983977795 0.02616706676781178 0.02590539678931236 0.02564634196460247 0.02538987807929516 0.02513597905635834 0.02488461881875992 0.02463577315211296 0.02438941597938538 0.02414552122354507 0.02390406653285027 0.02366502583026886 0.02342837490141392 0.02319409139454365 0.02296215109527111 0.02273252978920937 0.02250520512461662 0.02228015288710594 0.02205735072493553 0.0218367762863636 0.02161840908229351 0.02140222489833832 0.02118820324540138 0.02097632177174091 0.02076655812561512 0.02055889181792736 0.02035330235958099 0.02014976926147938 0.01994827203452587 0.01974879018962383 0.01955130137503147 0.01935578882694244 0.01916223019361496 0.01897060871124268 0.0187809020280838 0.01859309338033199 0.01840716227889061 0.01822309009730816 0.0180408600717783 0.01786045171320438 0.01768184639513493 0.01750502735376358 0.017329977825284 0.01715667732059956 0.01698511093854904 0.01681526005268097 0.016647107899189 0.01648063771426678 0.01631583087146282 0.01615267246961594 0.01599114574491978 0.015831233933568 0.01567292213439941 0.0155161926522851 0.01536103058606386 0.01520742010325193 0.01505534630268812 0.01490479242056608 0.0147557444870472 0.01460818666964769 0.01446210499852896 0.01431748364120722 0.01417430862784386 0.01403256598860025 0.01389223989099264 0.01375331729650497 0.01361578423529863 0.013479626737535 0.01334483083337545 0.01321138255298138 0.01307926885783672 0.01294847577810287 0.01281899120658636 0.01269080117344856 0.01256389357149601 0.01243825443089008 0.01231387164443731 0.01219073310494423 0.01206882577389479 0.01194813754409552 0.01182865630835295 0.01171036995947361 0.01159326639026403 0.01147733349353075 0.01136256009340286 0.0112489340826869 0.01113644428551197 0.01102507952600718 0.01091482862830162 0.01080568041652441


# name: datatn
# type: matrix
# rows: 1
# columns: 600
 0 0 0 0 0 0 0 0 0 0 0 0 0 0 0 0 0 0 0 0 0 0 0 0 0 0 0 0 0 0 0 0 0 0 0 0 0 0 0 0 0 0 0 0 0 0 0 0 0 0 0 0 0 0 0 0 0 0 0 0 0 0 0 0 0 0 0 0 0 0 0 0 0 0 0 0 0 0 0 0 0 0 0 0 0 0 0 0 0 0 0 0 0 0 0 0 0 0 0 0 0 0 0 0 0 0 0 0 0 0 0 0 0 0 0 0 0 0 0 0 0 0 0 0 0 0 0 0 0 0 0 0 0 0 0 0 0 0 0 0 0 0 0 0 0 0 0 0 0 0 0 0 0 0 0 0 0 0 0 0 0 0 0 0 0 0 0 0 0 0 0 0 0 0 0 0 0 0 0 0 0 0 0 0 0 0 0 0 0 0 0 0 0 0 0 0 0 0 0 0 0 0 0 0 0 0 0 0 0 0 0 0 0 0 1.409798869644874e-06 0.0002657607838045806 0.0008869803277775645 0.00188116158824414 0.003230458591133356 0.004904207773506641 0.006868801545351744 0.009092050604522228 0.01154488790780306 0.01420181524008512 0.01703948527574539 0.02003529854118824 0.02316644042730331 0.02640936896204948 0.02973967418074608 0.03313329815864563 0.03656593337655067 0.04001282528042793 0.04344868287444115 0.04684769734740257 0.05019195005297661 0.05347244441509247 0.05668479949235916 0.05982707440853119 0.06289865076541901 0.06589964777231216 0.06883063167333603 0.07169243693351746 0.07448606193065643 0.0772126317024231 0.07987335324287415 0.08246947824954987 0.08500229567289352 0.08747312426567078 0.08988329023122787 0.09223412722349167 0.09452696144580841 0.09676311910152435 0.09894390404224396 0.1010706126689911 0.1031445264816284 0.1051669046282768 0.1071389764547348 0.1090619638562202 0.1109370514750481 0.1127654165029526 0.1145481914281845 0.116286501288414 0.1179814413189888 0.1196340769529343 0.1212454587221146 0.1228166073560715 0.124348521232605 0.1258421689271927 0.127298504114151 0.1287184506654739 0.1301029175519943 0.1314527988433838 0.1327689439058304 0.1340522021055222 0.1353033781051636 0.1365232914686203 0.1377127021551132 0.1388723850250244 0.1400030851364136 0.141105517745018 0.142180398106575 0.1432284116744995 0.1442502290010452 0.1452464908361435 0.1462178528308868 0.1471649259328842 0.1480883359909058 0.1489886492490768 0.1498664617538452 0.150722324848175 0.1515567898750305 0.1523703932762146 0.1531636714935303 0.1539371162652969 0.154691219329834 0.1554264724254608 0.1561433374881744 0.1568422913551331 0.1575237661600113 0.158188208937645 0.1588360369205475 0.1594676673412323 0.1600835025310516 0.1606839448213577 0.1612693816423416 0.1618401855230331 0.162396714091301 0.1629393249750137 0.1634683758020401 0.1639841943979263 0.1644871234893799 0.1649774760007858 0.1654555648565292 0.1659217029809952 0.1663761883974075 0.1668193191289902 0.1672513633966446 0.1676726043224335 0.1680833250284195 0.168483778834343 0.1688742190599442 0.1692548990249634 0.1694452315568924 0.1695404052734375 0.1695879846811295 0.169611781835556 0.1696236729621887 0.1696296185255051 0.1696325987577438 0.1696340888738632 0.1696348339319229 0.1696352064609528 0.1696353852748871 0.1696354746818542 0.1696355193853378 0.1696355491876602 0.1696355640888214 0.1696355640888214 0.1696355640888214 0.1696355640888214 0.1696355640888214 0.1696355640888214 0.1696355640888214 0.1696355640888214 0.1696355640888214 0.1696355640888214 0.1696355640888214 0.1696355640888214 0.1696355640888214 0.1696355640888214 0.1696355640888214 0.1696355640888214 0.1696355640888214 0.1696355640888214 0.1696355640888214 0.1696355640888214 0.1696355640888214 0.1696355640888214 0.1696355640888214 0.1696355640888214 0.1696355640888214 0.1696355640888214 0.1696355640888214 0.1696355640888214 0.1696355640888214 0.1696355640888214 0.1696355640888214 0.1696355640888214 0.1696355640888214 0.1696355640888214 0.1696355640888214 0.1696355640888214 0.1696355640888214 0.1696355640888214 0.1696355640888214 0.1696355640888214 0.1696355640888214 0.1696355640888214 0.1696355640888214 0.1696355640888214 0.1696355640888214 0.1696355640888214 0.1696355640888214 0.1696355640888214 0.1696355640888214 0.1696355640888214 0.1696355640888214 0.1696355640888214 0.1696355640888214 0.1696355640888214 0.1696355640888214 0.1696355640888214 0.1696355640888214 0.1696355640888214 0.1696355640888214 0.1696355640888214 0.1696355640888214 0.1696355640888214 0.1696355640888214 0.1696355640888214 0.1696355640888214 0.1696355640888214 0.1696355640888214 0.1696355640888214 0.1696355640888214 0.1696355640888214 0.1696355640888214 0.1696355640888214 0.1696355640888214 0.1696355640888214 0.1696355640888214 0.1696355640888214 0.1696355640888214 0.1696355640888214 0.1696355640888214 0.1696355640888214 0.1696355640888214 0.1696355640888214 0.1696355640888214 0.1696355640888214 0.1696355640888214 0.1696355640888214 0.1696355640888214 0.1696355640888214 0.1696355640888214 0.1696355640888214 0.1696355640888214 0.1696355640888214 0.1696355640888214 0.1696355640888214 0.1696355640888214 0.1696355640888214 0.1696355640888214 0.1696355640888214 0.1696355640888214 0.1696355640888214 0.1696355640888214 0.1696355640888214 0.1696355640888214 0.1696355640888214 0.1696355640888214 0.1696355640888214 0.1696355640888214 0.1696355640888214 0.1696355640888214 0.1696355640888214 0.1696355640888214 0.1696355640888214 0.1696355640888214 0.1696355640888214 0.1696355640888214 0.1696355640888214 0.1696355640888214 0.1696355640888214 0.1696355640888214 0.1696355640888214 0.1696355640888214 0.1696355640888214 0.1696355640888214 0.1696355640888214 0.1696355640888214 0.1696355640888214 0.1696355640888214 0.1696355640888214 0.1696355640888214 0.1696355640888214 0.1696355640888214 0.1696355640888214 0.1696355640888214 0.1696355640888214 0.1696355640888214 0.1696355640888214 0.1696355640888214 0.1696355640888214 0.1696355640888214 0.1696355640888214 0.1696355640888214 0.1696355640888214 0.1696355640888214 0.1696355640888214 0.1696355640888214 0.1696355640888214 0.1696355640888214 0.1696355640888214 0.1696355640888214 0.1696355640888214 0.1696355640888214 0.1696355640888214 0.1696355640888214 0.1696355640888214 0.1696355640888214 0.1696355640888214 0.1696355640888214 0.1696355640888214 0.1696355640888214 0.1696355640888214 0.1696355640888214 0.1696355640888214 0.1696355640888214 0.1696355640888214 0.1696355640888214 0.1696355640888214 0.1696355640888214 0.1696355640888214 0.1696355640888214 0.1696355640888214 0.1696355640888214 0.1696355640888214 0.1696355640888214 0.1696355640888214 0.1696355640888214 0.1696355640888214 0.1696355640888214 0.1696355640888214 0.1696355640888214 0.1696355640888214 0.1696355640888214 0.1696355640888214 0.1696355640888214 0.1696355640888214 0.1696355640888214 0.1696355640888214 0.1696355640888214 0.1696355640888214 0.1696355640888214 0.1696355640888214 0.1696355640888214 0.1696355640888214 0.1696355640888214 0.1696355640888214 0.1696355640888214 0.1696355640888214 0.1696355640888214 0.1696355640888214 0.1696355640888214 0.1696355640888214 0.1696355640888214 0.1696355640888214 0.1696355640888214 0.1696355640888214 0.1696355640888214 0.1696355640888214 0.1696355640888214 0.1696355640888214 0.1696355640888214 0.1696355640888214 0.1696355640888214 0.1696355640888214 0.1696355640888214 0.1696355640888214 0.1696355640888214 0.1696355640888214 0.1696355640888214 0.1696355640888214 0.1696355640888214 0.1696355640888214 0.1696355640888214 0.1696355640888214 0.1696355640888214 0.1696355640888214 0.1696355640888214 0.1696355640888214 0.1696355640888214 0.1696355640888214 0.1696355640888214 0.1696355640888214 0.1696355640888214 0.1696355640888214 0.1696355640888214 0.1696355640888214 0.1696355640888214 0.1696355640888214 0.1696355640888214 0.1696355640888214 0.1696355640888214 0.1696355640888214 0.1696355640888214 0.1696355640888214 0.1696355640888214 0.1696355640888214 0.1696355640888214 0.1696355640888214 0.1696355640888214 0.1696355640888214 0.1696355640888214 0.1696355640888214 0.1696355640888214 0.1696355640888214 0.1696355640888214 0.1696355640888214 0.1696355640888214 0.1696355640888214 0.1696355640888214 0.1696355640888214 0.1696355640888214 0.1696355640888214 0.1696355640888214 0.1696355640888214 0.1696355640888214 0.1696355640888214


# name: datamn
# type: matrix
# rows: 1
# columns: 600
 0 0 0 0 0 0 0 0 0 0 0 0 0 0 0 0 0 0 0 0 0 0 0 0 0 0 0 0 0 0 0 0 0 0 0 0 0 0 0 0 0 0 0 0 0 0 0 0 0 0 0 0 0 0 0 0 0 0 0 0 0 0 0 0 0 0 0 0 0 0 0 0 0 0 0 0 0 0 0 0 0 0 0 0 0 0 0 0 0 0 0 0 0 0 0 0 0 0 0 0 0 0 0 0 0 0 0 0 0 0 0 0 0 0 0 0 0 0 0 0 0 0 0 0 0 0 0 0 0 0 0 0 0 0 0 0 0 0 0 0 0 0 0 0 0 0 0 0 0 0 0 0 0 0 0 0 0 0 0 0 0 0 0 0 0 0 0 0 0 0 0 0 0 0 0 0 0 0 0 0 0 0 0 0 0 0 0 0 0 0 0 0 0 0 0 0 0 0 0 0 0 0 0 0 0 0 0 0 0 0 0 0 0 0 3.524497151374817e-05 0.006635208614170551 0.02050689607858658 0.04023505747318268 0.06397516280412674 0.09004685282707214 0.117120273411274 0.1442290544509888 0.1707187741994858 0.1961794644594193 0.2203493863344193 0.2430435866117477 0.2641116976737976 0.2834168672561646 0.3008291125297546 0.3162540197372437 0.3296087682247162 0.3408138155937195 0.349790096282959 0.3564594388008118 0.3609541356563568 0.3635901510715485 0.3647134304046631 0.3646399080753326 0.363637387752533 0.3619242012500763 0.3596745431423187 0.3570256531238556 0.354084849357605 0.3509356379508972 0.3476428687572479 0.3442567884922028 0.3408162593841553 0.3373512923717499 0.3338850438594818 0.3304352760314941 0.327015608549118 0.3236364126205444 0.3203054666519165 0.3170286118984222 0.3138100802898407 0.3106529116630554 0.3075591623783112 0.304530143737793 0.3015666007995605 0.2986687421798706 0.295836478471756 0.2930693924427032 0.2903668880462646 0.2877281606197357 0.2851522862911224 0.2826382517814636 0.2801849544048309 0.2777912616729736 0.2754559814929962 0.2731778919696808 0.2709557712078094 0.2687883675098419 0.2666744887828827 0.2646128833293915 0.2626023590564728 0.2606417238712311 0.2587297856807709 0.256865382194519 0.2550473809242249 0.2532746195793152 0.2515460252761841 0.2498605400323868 0.2482170760631561 0.2466146200895309 0.2450521439313889 0.2435286790132523 0.2420432418584824 0.2405949085950851 0.2391827404499054 0.2378058433532715 0.2364633530378342 0.2351544052362442 0.2338781654834747 0.2326338142156601 0.2314205467700958 0.2302376180887222 0.2290842533111572 0.2279597073793411 0.2268632799386978 0.22579425573349 0.2247519493103027 0.2237357050180435 0.2227448523044586 0.2217787802219391 0.2208368480205536 0.2199184596538544 0.2190230339765549 0.2181500047445297 0.2172987908124924 0.2164688557386398 0.2156596779823303 0.2148707211017609 0.2141014933586121 0.2133514881134033 0.2126202285289764 0.2119072526693344 0.2112120985984802 0.2105343341827393 0.2098735123872757 0.2092292010784149 0.2086009979248047 0.2079885005950928 0.202870786190033 0.1967508792877197 0.1910665035247803 0.1862559914588928 0.1823744922876358 0.1793265640735626 0.1769722253084183 0.1751722693443298 0.1738051921129227 0.1727713346481323 0.1719916760921478 0.1714047938585281 0.1709635555744171 0.1706320941448212 0.1703832298517227 0.1701964437961578 0.1700562983751297 0.1699511557817459 0.1698722690343857 0.1698130965232849 0.1697687208652496 0.1697354316711426 0.1697104722261429 0.1696917414665222 0.1696777045726776 0.1696671694517136 0.1696592718362808 0.1696533411741257 0.1696489006280899 0.1696455627679825 0.1696430593729019 0.1696411818265915 0.1696397811174393 0.1696387231349945 0.1696379333734512 0.1696373373270035 0.1696368902921677 0.1696365624666214 0.1696363091468811 0.1696361303329468 0.1696359813213348 0.1696358770132065 0.1696358025074005 0.1696357429027557 0.1696356981992722 0.1696356683969498 0.1696356385946274 0.1696356236934662 0.169635608792305 0.1696355938911438 0.1696355938911438 0.1696355938911438 0.1696355938911438 0.1696355938911438 0.1696355938911438 0.1696355938911438 0.1696355938911438 0.1696355938911438 0.1696355938911438 0.1696355938911438 0.1696355938911438 0.1696355938911438 0.1696355938911438 0.1696355938911438 0.1696355938911438 0.1696355938911438 0.1696355938911438 0.1696355938911438 0.1696355938911438 0.1696355938911438 0.1696355938911438 0.1696355938911438 0.1696355938911438 0.1696355938911438 0.1696355938911438 0.1696355938911438 0.1696355938911438 0.1696355938911438 0.1696355938911438 0.1696355938911438 0.1696355938911438 0.1696355938911438 0.1696355938911438 0.1696355938911438 0.1696355938911438 0.1696355938911438 0.1696355938911438 0.1696355938911438 0.1696355938911438 0.1696355938911438 0.1696355938911438 0.1696355938911438 0.1696355938911438 0.1696355938911438 0.1696355938911438 0.1696355938911438 0.1696355938911438 0.1696355938911438 0.1696355938911438 0.1696355938911438 0.1696355938911438 0.1696355938911438 0.1696355938911438 0.1696355938911438 0.1696355938911438 0.1696355938911438 0.1696355938911438 0.1696355938911438 0.1696355938911438 0.1696355938911438 0.1696355938911438 0.1696355938911438 0.1696355938911438 0.1696355938911438 0.1696355938911438 0.1696355938911438 0.1696355938911438 0.1696355938911438 0.1696355938911438 0.1696355938911438 0.1696355938911438 0.1696355938911438 0.1696355938911438 0.1696355938911438 0.1696355938911438 0.1696355938911438 0.1696355938911438 0.1696355938911438 0.1696355938911438 0.1696355938911438 0.1696355938911438 0.1696355938911438 0.1696355938911438 0.1696355938911438 0.1696355938911438 0.1696355938911438 0.1696355938911438 0.1696355938911438 0.1696355938911438 0.1696355938911438 0.1696355938911438 0.1696355938911438 0.1696355938911438 0.1696355938911438 0.1696355938911438 0.1696355938911438 0.1696355938911438 0.1696355938911438 0.1696355938911438 0.1696355938911438 0.1696355938911438 0.1696355938911438 0.1696355938911438 0.1696355938911438 0.1696355938911438 0.1696355938911438 0.1696355938911438 0.1696355938911438 0.1696355938911438 0.1696355938911438 0.1696355938911438 0.1696355938911438 0.1696355938911438 0.1696355938911438 0.1696355938911438 0.1696355938911438 0.1696355938911438 0.1696355938911438 0.1696355938911438 0.1696355938911438 0.1696355938911438 0.1696355938911438 0.1696355938911438 0.1696355938911438 0.1696355938911438 0.1696355938911438 0.1696355938911438 0.1696355938911438 0.1696355938911438 0.1696355938911438 0.1696355938911438 0.1696355938911438 0.1696355938911438 0.1696355938911438 0.1696355938911438 0.1696355938911438 0.1696355938911438 0.1696355938911438 0.1696355938911438 0.1696355938911438 0.1696355938911438 0.1696355938911438 0.1696355938911438 0.1696355938911438 0.1696355938911438 0.1696355938911438 0.1696355938911438 0.1696355938911438 0.1696355938911438 0.1696355938911438 0.1696355938911438 0.1696355938911438 0.1696355938911438 0.1696355938911438 0.1696355938911438 0.1696355938911438 0.1696355938911438 0.1696355938911438 0.1696355938911438 0.1696355938911438 0.1696355938911438 0.1696355938911438 0.1696355938911438 0.1696355938911438 0.1696355938911438 0.1696355938911438 0.1696355938911438 0.1696355938911438 0.1696355938911438 0.1696355938911438 0.1696355938911438 0.1696355938911438 0.1696355938911438 0.1696355938911438 0.1696355938911438 0.1696355938911438 0.1696355938911438 0.1696355938911438 0.1696355938911438 0.1696355938911438 0.1696355938911438 0.1696355938911438 0.1696355938911438 0.1696355938911438 0.1696355938911438 0.1696355938911438 0.1696355938911438 0.1696355938911438 0.1696355938911438 0.1696355938911438 0.1696355938911438 0.1696355938911438 0.1696355938911438 0.1696355938911438 0.1696355938911438 0.1696355938911438 0.1696355938911438 0.1696355938911438 0.1696355938911438 0.1696355938911438 0.1696355938911438 0.1696355938911438 0.1696355938911438 0.1696355938911438 0.1696355938911438 0.1696355938911438 0.1696355938911438 0.1696355938911438 0.1696355938911438 0.1696355938911438 0.1696355938911438 0.1696355938911438 0.1696355938911438 0.1696355938911438 0.1696355938911438 0.1696355938911438 0.1696355938911438 0.1696355938911438 0.1696355938911438 0.1696355938911438 0.1696355938911438 0.1696355938911438 0.1696355938911438 0.1696355938911438 0.1696355938911438 0.1696355938911438 0.1696355938911438 0.1696355938911438


