# Created by Octave 3.8.2, Mon Jun 19 12:02:27 2017 BST <co1ssj@node117>
# name: result
# type: scalar struct
# ndims: 2
 1 1
# length: 3
# name: params
# type: scalar struct
# ndims: 2
 1 1
# length: 18
# name: cleanup
# type: scalar
0


# name: num_runs
# type: scalar
6


# name: dopamine
# type: scalar
0.7


# name: targetCross
# type: scalar
1


# name: targetLuminance
# type: scalar
0.3


# name: targetWidthX
# type: scalar
6


# name: targetWidthY
# type: scalar
2


# name: fixCross
# type: scalar
1


# name: fixLuminance
# type: scalar
0.2


# name: fixWidthX
# type: scalar
6


# name: fixWidthY
# type: scalar
2


# name: fixOn
# type: scalar
0


# name: targetOff
# type: scalar
1


# name: targetOn
# type: scalar
0.2


# name: fixOff
# type: scalar
0.2


# name: targetThetaX
# type: scalar
0


# name: targetThetaY
# type: scalar
-11


# name: exptnum
# type: scalar
0




# name: r_0_m11_G0_L0p3_D0p7_llbn
# type: matrix
# rows: 24
# columns: 600
 0 0 0 0 0 0 0 0 0 0 0 0 0 0 0 0 0 0 0 0 0 0 0 0 0 0 0 0 0 0 0 0 0 0 0 0 0 0 0 0 0 0 0 0 0 0 0 0 0 0 0 0 0 0 0 0 0 0 0 0 0 0 0 0 0 0 0 0 0 0 0 0 0 0 0 0 0 0 0 0 0 0 0 0 0 0 0 0 0 0 0 0 0 0 0 0 0 0 0 0 0 0 0 0 0 0 0 0 0 0 0 0 0 0 0 0 0 0 0 0 0 0 0 0 0 0 0 0 0 0 0 0 0 0 0 0 0 0 0 0 0 0 0 0 0 0 0 0 0 0 0 0 0 0 0 0 0 0 0 0 0 0 0 0 0 0 0 0 0 0 0 0 0 0 0 0 0 0 0 0 0 0 0 0 0 0 0 0 0 0 0 0 0 0 0 0 0 0 0 0 0 0 0 0 0 0 0 0 0 0 0 0 0 0 0 0 0 0 0 0 0 0 0 0 0 0 0 0 0 0 0 0 0 0 0 0 0 0 0 0 0 0 0 0 0 0 0 0 0 0 0 0 0 0 0 0 0 0 0 0 0 0 0 0 0 0 0 0 0 0 0 0 0 0 0 0 0 0 0 0 0 0 0 0 0 0 0 0 0 0 0 0 0 0 0 0 0 0 0 0 0 0 0 0 0 0 0 0 0 0 0 0 0 0 0 0 0 0 0 0 0 0 0 0 0 0 0 0 0 0 0 0 0 0 0 0 0 0 0 0 0 0 0 0 0 0 0 0 0 0 0 0 0 0 0 0 0 0 0 0 0 0 0 0 0 0 0 0 0 0 0 0 0 0 0 0 0 0 0 0 0 0 0 0 0 0 0 0 0 0 0 0 0 0 0 0 0 0 0 0 0 0 0 0 0 0 0 0 0 0 0 0 0 0 0 0 0 0 0 0 0 0 0 0 0 0 0 0 0 0 0 0 0 0 0 0 0 0 0 0 0 0 0 0 0 0 0 0 0 0 0 0 0 0 0 0 0 0 0 0 0 0 0 0 0 0 0 0 0 0 0 0 0 0 0 0 0 0 0 0 0 0 0 0 0 0 0 0 0 0 0 0 0 0 0 0 0 0 0 0 0 0 0 0 0 0 0 0 0 0 0 0 0 0 0 0 0 0 0 0 0 0 0 0 0 0 0 0 0 0 0 0 0 0 0 0 0 0 0 0 0 0 0 0 0 0 0 0 0 0 0 0 0 0 0 0 0 0 0 0 0 0 0 0 0 0 0 0 0 0 0 0 0 0 0 0 0 0 0 0 0 0 0 0 0 0 0 0 0 0 0 0 0 0 0 0 0 0 0 0
 0 0 0 0 0 0 0 0 0 0 0 0 0 0 0 0 0 0 0 0 0 0 0 0 0 0 0 0 0 0 0 0 0 0 0 0 0 0 0 0 0 0 0 0 0 0 0 0 0 0 0 0 0 0 0 0 0 0 0 0 0 0 0 0 0 0 0 0 0 0 0 0 0 0 0 0 0 0 0 0 0 0 0 0 0 0 0 0 0 0 0 0 0 0 0 0 0 0 0 0 0 0 0 0 0 0 0 0 0 0 0 0 0 0 0 0 0 0 0 0 0 0 0 0 0 0 0 0 0 0 0 0 0 0 0 0 0 0 0 0 0 0 0 0 0 0 0 0 0 0 0 0 0 0 0 0 0 0 0 0 0 0 0 0 0 0 0 0 0 0 0 0 0 0 0 0 0 0 0 0 0 0 0 0 0 0 0 0 0 0 0 0 0 0 0 0 0 0 0 0 0 0 0 0 0 0 0 0 0 0 0 0 0 0 0 0 0 0 0 0 0 0 0 0 0 0 0 0 0 0 0 0 0 0 0 0 0 0 0 0 0 0 0 0 0 0 0 0 0 0 0 0 0 0 0 0 0 0 0 0 0 0 0 0 0 0 0 0 0 0 0 0 0 0 0 0 0 0 0 0 0 0 0 0 0 0 0 0 0 0 0 0 0 0 0 0 0 0 0 0 0 0 0.0004319964209571481 0.001494014402851462 0.003195637371391058 0.005550391972064972 0.008597587235271931 0.01227075047791004 0.01652778685092926 0.02129928395152092 0.02663879096508026 0.03257721289992332 0.03907196596264839 0.04595615714788437 0.05324357375502586 0.06086671352386475 0.06882005929946899 0.07707902789115906 0.08560974150896072 0.09432428330183029 0.103217288851738 0.1123467460274696 0.1217191591858864 0.1313905119895935 0.1413514018058777 0.1515722870826721 0.1620459854602814 0.1726816445589066 0.1833996176719666 0.1941913366317749 0.2038314938545227 0.2105475515127182 0.2131983488798141 0.2109333127737045 0.2031841427087784 0.1930249333381653 0.1833736896514893 0.1742050051689148 0.1654947549104691 0.1572200208902359 0.1493590176105499 0.1418910622596741 0.1347965151071548 0.1280566900968552 0.1216538548469543 0.1155711635947227 0.1097926050424576 0.1043029725551605 0.09908782690763474 0.09413343667984009 0.08942676335573196 0.08495542407035828 0.08070765435695648 0.0766722708940506 0.07283865660429001 0.06919672340154648 0.06573688983917236 0.06245004385709763 0.05932754278182983 0.05636116489768028 0.05354310572147369 0.05086595192551613 0.0483226552605629 0.04590652137994766 0.04361119493842125 0.04143063351511955 0.03935910016298294 0.03739114478230476 0.03552158921957016 0.03374550864100456 0.0320582315325737 0.03045531921088696 0.02893255278468132 0.0274859257042408 0.02611162886023521 0.02480604685842991 0.0235657449811697 0.02238745801150799 0.0212680846452713 0.02020468004047871 0.01919444650411606 0.01823472417891026 0.01732298731803894 0.01645683869719505 0.01563399657607079 0.01485229656100273 0.01410968136042356 0.01340419705957174 0.01273398753255606 0.01209728792309761 0.01149242371320724 0.01091780234128237 0.01037191227078438 0.009853316470980644 0.009360650554299355 0.008892618119716644 0.008447987027466297 0.008025587536394596 0.007624308113008738 0.007243092637509108 0.006880938075482845 0.006536891218274832 0.006210046820342541 0.005899544339627028 0.005604567006230354 0.005324338562786579 0.005058121867477894 0.004805215634405613 0.004564954899251461 0.004336707293987274 0.004119872115552425 0.003913878463208675 0.003718184540048242 0.003532275324687362 0.003355661639943719 0.003187878523021936 0.003028484527021646 0.002877060323953629 0.002733207307755947 0.002596546895802021 0.002466719597578049 0.002343383617699146 0.00222621439024806 0.002114903647452593 0.002009158488363028 0.001908700563944876 0.00181326549500227 0.001722602173686028 0.001636472065001726 0.001554648508317769 0.001476916135288775 0.001403070287778974 0.001332916785031557 0.001266270992346108 0.001202957471832633 0.001142809633165598 0.001085669151507318 0.001031385734677315 0.0009798164246603847 0.0009308255976065993 0.0008842843235470355 0.0008400701335631311 0.0007980666123330593 0.0007581632817164063 0.0007202551350928843 0.0006842424045316875 0.0006500302697531879 0.0006175287417136133 0.0005866523133590817 0.0005573197267949581 0.0005294537404552102 0.000502981070894748 0.0004778320144396275 0.0004539404180832207 0.0004312433884479105 0.0004096812335774302 0.0003891971718985587 0.0003697373031172901 0.0003512504335958511 0.0003336879017297179 0.0003170035197399557 0.0003011533408425748 0.0002860956592485309 0.0002717908646445721 0.0002582013257779181 0.0002452912740409374 0.0002330267161596566 0.0002213753759860992 0.0002103066071867943 0.0001997912768274546 0.0001898017071653157 0.0001803116174414754 0.0001712960365694016 0.000162731230375357 0.0001545946724945679 0.0001468649425078183 0.0001395216968376189 0.0001325456105405465 0.000125918333651498 0.0001196224184241146 0.0001136412975029089 0.0001079592329915613 0.0001025612727971748 9.743320697452873e-05 9.256154589820653e-05 8.793346933089197e-05 8.353679731953889e-05 7.935996109154075e-05 7.539195939898491e-05 7.162235851865262e-05 6.804124132031575e-05 6.463917816290632e-05 6.140721961855888e-05 5.833686009282246e-05 5.54200159967877e-05 5.264901483315043e-05 5.001656245440245e-05 4.751573578687385e-05 4.51399500889238e-05 4.288295167498291e-05 4.0738803363638e-05 3.870186264975928e-05 3.67667707905639e-05 3.492843097774312e-05 3.318200833746232e-05 3.152290810248815e-05 2.994676287926268e-05 2.844942537194584e-05 2.702695383050013e-05 2.567560659372248e-05 2.439182571833953e-05 2.317223516001832e-05 2.201362258347217e-05 2.091294118145015e-05 1.986729330383241e-05 1.887392863864079e-05 1.793023147911299e-05 1.703372072370257e-05 1.618203532416373e-05 1.537293428555131e-05 1.460428757127374e-05 1.3874073374609e-05 1.318036993325222e-05 1.252135189133696e-05 1.189528393297223e-05 1.130051987274783e-05 1.073549356078729e-05 1.019871888274793e-05 9.68878339335788e-06 9.204344678437337e-06 8.744127626414411e-06 8.306920790346339e-06 7.891574568930082e-06 7.496995749534108e-06 7.122146143956343e-06 6.766038950445363e-06 6.427736934710993e-06 6.106350156187546e-06 5.801032784802373e-06 5.51098128198646e-06 5.235432126937667e-06 4.973660452378681e-06 4.724977316072909e-06 4.488728336582426e-06 4.26429187427857e-06 4.051077212352538e-06 3.848523192573339e-06 3.656097078419407e-06 3.473292281341855e-06 3.299627678643446e-06 3.134646249236539e-06 2.977913936774712e-06 2.829018285410712e-06 2.687567302928073e-06 2.553189005993772e-06 2.425529601168819e-06 2.304253030160908e-06 2.189040287703392e-06 2.079588284686906e-06 1.975608938664664e-06 1.87682849173143e-06 1.782987055776175e-06 1.693837702987366e-06 1.609145783731947e-06 1.528688471807982e-06 1.452254082323634e-06 1.379641389576136e-06 1.310659285991278e-06 1.245126327376056e-06 0.0001129031079472043 0.0004161108518019319 0.0009003257728181779 0.001541217789053917 0.002324811881408095 0.003250095527619123 0.004308443982154131 0.00547802122309804 0.006747054867446423 0.008103910833597183 0.009550105780363083 0.0110885864123702 0.01271657645702362 0.01443340070545673 0.0162433460354805 0.01814433000981808 0.02012578025460243 0.02215166017413139 0.02420203387737274 0.02626953274011612 0.02836089581251144 0.03047610819339752 0.03260218724608421 0.0347370021045208 0.03687950968742371 0.0390290804207325 0.04118847846984863 0.04336128756403923 0.04553937166929245 0.04771985486149788 0.04989665374159813
 0 0 0 0 0 0 0 0 0 0 0 0 0 0 0 0 0 0 0 0 0 0 0 0 0 0 0 0 0 0 0 0 0 0 0 0 0 0 0 0 0 0 0 0 0 0 0 0 0 0 0 0 0 0 0 0 0 0 0 0 0 0 0 0 0 0 0 0 0 0 0 0 0 0 0 0 0 0 0 0 0 0 0 0 0 0 0 0 0 0 0 0 0 0 0 0 0 0 0 0 0 0 0 0 0 0 0 0 0 0 0 0 0 0 0 0 0 0 0 0 0 0 0 0 0 0 0 0 0 0 0 0 0 0 0 0 0 0 0 0 0 0 0 0 0 0 0 0 0 0 0 0 0 0 0 0 0 0 0 0 0 0 0 0 0 0 0 0 0 0 0 0 0 0 0 0 0 0 0 0 0 0 0 0 0 0 0 0 0 0 0 0 0 0 0 0 0 0 0 0 0 0 0 0 0 0 0 0 0 0 0 0 0 0 0 0 0 0 0 0 0 0 0 0 0 0 0 0 0 0 0 0 0 0 0 0 0 0 0 0 0 0 0 0 0 0 0 0 0 0 0 0 0 0 0 0 0 0 0 0 0 0 0 0 0 0 0 0 0 0 0 0 0 0 0 0 0 0 0 0 0 0 0 0 0 0 0 0 0 0 0 0 0 0 0 0 0 0 0 0 0 0 0 0 0 0 0 0 0 0 0 0 0 0 0 0 0 0 0 0 0 0 0 0 0 0 0 0 0 0 0 0 0 0 0 0 0 0 0 0 0 0 0 0 0 0 0 0 0 0 0 0 0 0 0 0 0 0 0 0 0 0 0 0 0 0 0 0 0 0 0 0 0 0 0 0 0 0 0 0 0 0 0 0 0 0 0 0 0 0 0 0 0 0 0 0 0 0 0 0 0 0 0 0 0 0 0 0 0 0 0 0 0 0 0 0 0 0 0 0 0 0 0 0 0 0 0 0 0 0 0 0 0 0 0 0 0 0 0 0 0 0 0 0 0 0 0 0 0 0 0 0 0 0 0 0 0 0 0 0 0 0 0 0 0 0 0 0 0 0 0 0 0 0 0 0 0 0 0 0 0 0 0 0 0 0 0 0 0 0 0 0 0 0 0 0 0 0 0 0 0 0 0 0 0 0 0 0 0 0 0 0 0 0 0 0 0 0 0 0 0 0 0 0 0 0 0 0 0 0 0 0 0 0 0 0 0 0 0 0 0 0 0 0 0 0 0 0 0 0 0 0 0 0 0 0 0 0 0 0 0 0 0 0 0 0 0 0 0 0 0 0 0 0 0 0 0 0 0 0 0 0 0 0 0 0 0 0 0 0 0 0 0 0 0 0 0 0 0 0
 0 0 0 0 0 0 0 0 0 0 0 0 0 0 0 0 0 0 0 0 0 0 0 0 0 0 0 0 0 0 0 0 0 0 0 0 0 0 0 0 0 0 0 0 0 0 0 0 0 0 0 0 0 0 0 0 0 0 0 0 0 0 0 0 0 0 0 0 0 0 0 0 0 0 0 0 0 0 0 0 0 0 0 0 0 0 0 0 0 0 0 0 0 0 0 0 0 0 0 0 0 0 0 0 0 0 0 0 0 0 0 0 0 0 0 0 0 0 0 0 0 0 0 0 0 0 0 0 0 0 0 0 0 0 0 0 0 0 0 0 0 0 0 0 0 0 0 0 0 0 0 0 0 0 0 0 0 0 0 0 0 0 0 0 0 0 0 0 0 0 0 0 0 0 0 0 0 0 0 0 0 0 0 0 0 0 0 0 0 0 0 0 0 0 0 0 0 0 0 0 0 0 0 0 0 0 0 0 0 0 0 0 0 0 0 0 0 0 0 0 0 0 0 0 0 0 0 0 0 0 0 0 0 0 0 0 0 0 0 0 0 0 0 0 0 0 0 0 0 0 0 0 0 0 0 0 0 0 0 0 0 0 0 0 0 0 0 0 0 0 0 0 0 0 0 0 0 0 0 0 0 0 0 0 0 0 0 0 0 0 0 0 0 0 0 0 0 0 0 0 0 0 0 0 0 0 0 0 0 0 0 0 0 0 0 0 0 0 0 0 0 0 0 0 0 0 0 0 0 0 0 0 0 0 0 0 0 0 0 0 0 0 0 0 0 0 0 0 0 0 0 0 0 0 0 0 0 0 0 0 0 0 0 0 0 0 0 0 0 0 0 0 0 0 0 0 0 0 0 0 0 0 0 0 0 0 0 0 0 0 0 0 0 0 0 0 0 0 0 0 0 0 0 0 0 0 0 0 0 0 0 0 0 0 0 0 0 0 0 0 0 0 0 0 0 0 0 0 0 0 0 0 0 0 0 0 0 0 0 0 0 0 0 0 0 0 0 0 0 0 0 0 0 0 0 0 0 0 0 0 0 0 0 0 0 0 0 0 0 0 0 0 0 0 0 0 0 0 0 0 0 0 0 0 0 0 0 0 0 0 0 0 0 0 0 0 0 0 0 0 0 0 0 0 0 0 0 0 0 0 0 0 0 0 0 0 0 0 0 0 0 0 0 0 0 0 0 0 0 0 0 0 0 0 0 0 0 0 0 0 0 0 0 0 0 0 0 0 0 0 0 0 0 0 0 0 0 0 0 0 0 0 0 0 0 0 0 0 0 0 0 0 0 0 0 0 0 0 0 0 0 0 0 0 0 0 0 0 0 0 0 0 0 0 0 0 0 0 0 0
 0 0 0 0 0 0 0 0 0 0 0 0 0 0 0 0 0 0 0 0 0 0 0 0 0 0 0 0 0 0 0 0 0 0 0 0 0 0 0 0 0 0 0 0 0 0 0 0 0 0 0 0 0 0 0 0 0 0 0 0 0 0 0 0 0 0 0 0 0 0 0 0 0 0 0 0 0 0 0 0 0 0 0 0 0 0 0 0 0 0 0 0 0 0 0 0 0 0 0 0 0 0 0 0 0 0 0 0 0 0 0 0 0 0 0 0 0 0 0 0 0 0 0 0 0 0 0 0 0 0 0 0 0 0 0 0 0 0 0 0 0 0 0 0 0 0 0 0 0 0 0 0 0 0 0 0 0 0 0 0 0 0 0 0 0 0 0 0 0 0 0 0 0 0 0 0 0 0 0 0 0 0 0 0 0 0 0 0 0 0 0 0 0 0 0 0 0 0 0 0 0 0 0 0 0 0 0 0 0 0 0 0 0 0 0 0 0 0 0 0 0 0 0 0 0 0 0 0 0 0 0 0 0 0 0 0 0 0 0 0 0 0 0 0 0 0 0 0 0 0 0 0 0 0 0 0 0 0 0 0 0 0 0 0 0 0 0 0 0 0 0 0 0 0 0 0 0 0 0 0 0 0 0 0 0 0 0 0 0 0 0 0 0 0 0 0 0 0 0 0 0 0 0 0 0 0 0 0 0 0 0 0 0 0 0 0 0 0 0 0 0 0 0 0 0 0 0 0 0 0 0 0 0 0 0 0 0 0 0 0 0 0 0 0 0 0 0 0 0 0 0 0 0 0 0 0 0 0 0 0 0 0 0 0 0 0 0 0 0 0 0 0 0 0 0 0 0 0 0 0 0 0 0 0 0 0 0 0 0 0 0 0 0 0 0 0 0 0 0 0 0 0 0 0 0 0 0 0 0 0 0 0 0 0 0 0 0 0 0 0 0 0 0 0 0 0 0 0 0 0 0 0 0 0 0 0 0 0 0 0 0 0 0 0 0 0 0 0 0 0 0 0 0 0 0 0 0 0 0 0 0 0 0 0 0 0 0 0 0 0 0 0 0 0 0 0 0 0 0 0 0 0 0 0 0 0 0 0 0 0 0 0 0 0 0 0 0 0 0 0 0 0 0 0 0 0 0 0 0 0 0 0 0 0 0 0 0 0 0 0 0 0 0 0 0 0 0 0 0 0 0 0 0 0 0 0 0 0 0 0 0 0 0 0 0 0 0 0 0 0 0 0 0 0 0 0 0 0 0 0 0 0 0 0 0 0 0 0 0 0 0 0 0 0 0 0 0 0 0 0 0 0 0 0 0 0 0 0 0 0 0 0 0 0 0 0 0 0 0 0
 0 0 0 0 0 0 0 0 0 0 0 0 0 0 0 0 0 0 0 0 0 0 0 0 0 0 0 0 0 0 0 0 0 0 0 0 0 0 0 0 0 0 0 0 0 0 0 0 0 0 0 0 0 0 0 0 0 0 0 0 0 0 0 0 0 0 0 0 0 0 0 0 0 0 0 0 0 0 0 0 0 0 0 0 0 0 0 0 0 0 0 0 0 0 0 0 0 0 0 0 0 0 0 0 0 0 0 0 0 0 0 0 0 0 0 0 0 0 0 0 0 0 0 0 0 0 0 0 0 0 0 0 0 0 0 0 0 0 0 0 0 0 0 0 0 0 0 0 0 0 0 0 0 0 0 0 0 0 0 0 0 0 0 0 0 0 0 0 0 0 0 0 0 0 0 0 0 0 0 0 0 0 0 0 0 0 0 0 0 0 0 0 0 0 0 0 0 0 0 0 0 0 0 0 0 0 0 0 0 0 0 0 0 0 0 0 0 0 0 0 0 0 0 0 0 0 0 0 0 0 0 0 0 0 0 0 0 0 0 0 0 0 0 0 0 0 0 0 0 0 0 0 0 0 0 0 0 0 0 0 0 0 0 0 0 0 0 0 0 0 0 0 0 0 0 0 0 0 0 0 0 0 0 0 0 0 0 0 0 0 0 0 0 0 0 0 0 0.0004712055379059166 0.001460906933061779 0.002979830140247941 0.005045409314334393 0.007649471051990986 0.01076569128781557 0.01434504706412554 0.01832092553377151 0.02264424972236156 0.02732972055673599 0.0323922261595726 0.03776641935110092 0.0434146411716938 0.04937095940113068 0.05564034730195999 0.06213749200105667 0.06886390596628189 0.07582041621208191 0.08297453075647354 0.09027168899774551 0.09769018739461899 0.1051535308361053 0.1126806885004044 0.1202873289585114 0.1279840767383575 0.1357866674661636 0.1437424123287201 0.1518458127975464 0.160074308514595 0.1683658063411713 0.1748088896274567 0.1781858503818512 0.1776522248983383 0.1727056503295898 0.1640703678131104 0.1558668464422226 0.1480735093355179 0.1406698375940323 0.1336363404989243 0.1269545257091522 0.1206068024039268 0.1145764589309692 0.1088476330041885 0.1034052520990372 0.09823498874902725 0.0933232381939888 0.08865707367658615 0.08422421663999557 0.08001300692558289 0.07601235806941986 0.07221174240112305 0.06860115379095078 0.06517109274864197 0.06191253662109375 0.05881690979003906 0.05587606504559517 0.05308226123452187 0.05042814835906029 0.04790674149990082 0.0455114059150219 0.04323583468794823 0.04107404127717018 0.03902034088969231 0.03706932440400124 0.03521585837006569 0.03345506638288498 0.03178231418132782 0.03019319847226143 0.02868353947997093 0.02724936231970787 0.0258868932723999 0.02459254860877991 0.02336292155086994 0.02219477482140064 0.02108503691852093 0.02003078535199165 0.01902924664318562 0.01807778514921665 0.01717389561235905 0.01631520129740238 0.01549944095313549 0.01472446881234646 0.01398824527859688 0.01328883320093155 0.01262439135462046 0.01199317164719105 0.01139351353049278 0.01082383748143911 0.01028264593333006 0.009768513962626457 0.009280088357627392 0.008816083893179893 0.008375279605388641 0.007956515997648239 0.007558690384030342 0.007180755957961082 0.006821718066930771 0.006480632349848747 0.006156600546091795 0.005848770495504141 0.005556331947445869 0.005278515163809061 0.00501458952203393 0.004763860255479813 0.004525667056441307 0.004299383610486984 0.004084414336830378 0.003880193689838052 0.00368618406355381 0.00350187486037612 0.003326781094074249 0.003160441992804408 0.003002419834956527 0.00285229878500104 0.002709683962166309 0.002574199810624123 0.002445489866659045 0.002323215361684561 0.00220705452375114 0.002096701879054308 0.001991866854950786 0.001892273547127843 0.001797659904696047 0.001707776915282011 0.001622388022951782 0.001541268662549555 0.001464205211959779 0.001390994992107153 0.001321445219218731 0.001255373004823923 0.001192604308016598 0.001132974051870406 0.001076325308531523 0.001022509066388011 0.0009713835897855461 0.0009228144190274179 0.0008766736718825996 0.0008328399853780866 0.0007911979919299483 0.0007516380865126848 0.0007140561938285828 0.0006783533608540893 0.0006444356986321509 0.0006122139166109264 0.0005816032062284648 0.0005525230662897229 0.0005248968955129385 0.0004986520507372916 0.0004737194394692779 0.0004500334616750479 0.0004275317769497633 0.0004061551881022751 0.0003858474374283105 0.0003665550611913204 0.0003482273023109883 0.0003308159357402474 0.0003142751520499587 0.0002985613828059286 0.0002836333005689085 0.0002694516442716122 0.0002559790736995637 0.0002431801258353516 0.0002310211129952222 0.0002194700646214187 0.0002084965672111139 0.0001980717352125794 0.000188168152817525 0.0001787597429938614 0.0001698217529337853 0.0001613306667422876 0.0001532641326775774 0.0001456009194953367 0.0001383208727929741 0.0001314048276981339 0.0001248345797648653 0.0001185928485938348 0.0001126632050727494 0.0001070300422725268 0.0001016785390675068 9.65946092037484e-05 9.176487947115675e-05 8.717663877177984e-05 8.281780901597813e-05 7.867691601859406e-05 7.474306767107919e-05 7.100591756170616e-05 6.745562131982297e-05 6.408283661585301e-05 6.08786940574646e-05 5.783476080978289e-05 5.494302240549587e-05 5.219587183091789e-05 4.958607678418048e-05 4.710677239927463e-05 4.475143214222044e-05 4.251386053510942e-05 4.038816769025289e-05 3.836875839624554e-05 3.645032120402902e-05 3.46278065990191e-05 3.28964160871692e-05 3.125159491901286e-05 2.968901571875904e-05 2.820456575136632e-05 2.679433782759588e-05 2.54546212090645e-05 2.418189069430809e-05 2.297279570484534e-05 2.182415664719883e-05 2.073294854199048e-05 1.969630102394149e-05 1.871148560894653e-05 1.777591205609497e-05 1.688711563474499e-05 1.604275894351304e-05 1.524062099633738e-05 1.447858994652051e-05 1.375466035824502e-05 1.306692774960538e-05 1.241358131665038e-05 1.179290211439366e-05 1.120325669035083e-05 1.064309344656067e-05 1.011093900160631e-05 9.605391824152321e-06 9.125122232944705e-06 8.668866030347999e-06 8.235422683355864e-06 7.823651685612276e-06 7.432468919432722e-06 7.060845291562146e-06 6.707803095196141e-06 6.372412826749496e-06 6.053792276361492e-06 5.751102435169742e-06 5.463547495310195e-06 5.190370302443625e-06 4.930851901008282e-06 4.684309260483133e-06 4.450093911145814e-06 4.227589215588523e-06 4.01620991397067e-06 3.815399395534769e-06 3.624629471232765e-06 3.443398099989281e-06 3.271228251833236e-06 3.107666771029471e-06 2.952283466584049e-06 2.804669293254847e-06 2.664435896804207e-06 2.53121402238321e-06 2.404653287157998e-06 2.284420588694047e-06 2.170199650208815e-06 2.06168965632969e-06 1.958605253093992e-06 1.860674956333241e-06 0.0002275827573612332 0.0007289441418834031 0.001502918777987361 0.002525148913264275 0.003759230487048626 0.00519004138186574 0.006790379993617535 0.00854974240064621 0.01046553067862988 0.01253800000995398 0.01475881785154343 0.01710595563054085 0.01956862956285477 0.02214498445391655 0.02483788691461086 0.02764037065207958 0.03051085211336613 0.03345279023051262 0.03646533563733101 0.03952840343117714 0.0426274761557579 0.04574566707015038 0.04887968301773071 0.05203846469521523 0.05522311106324196 0.058434147387743 0.0616559311747551 0.06488180905580521 0.06811231374740601 0.07134746760129929 0.07458338141441345 0.07782706618309021 0.08108079433441162 0.08434434235095978 0.0876196101307869 0.09091620147228241 0.0942392498254776 0.09755893051624298 0.09985063970088959 0.1003021970391273 0.09841758757829666 0.09389018267393112 0.08919567614793777 0.08473589271306992 0.08049909770488739 0.0764741450548172
 0 0 0 0 0 0 0 0 0 0 0 0 0 0 0 0 0 0 0 0 0 0 0 0 0 0 0 0 0 0 0 0 0 0 0 0 0 0 0 0 0 0 0 0 0 0 0 0 0 0 0 0 0 0 0 0 0 0 0 0 0 0 0 0 0 0 0 0 0 0 0 0 0 0 0 0 0 0 0 0 0 0 0 0 0 0 0 0 0 0 0 0 0 0 0 0 0 0 0 0 0 0 0 0 0 0 0 0 0 0 0 0 0 0 0 0 0 0 0 0 0 0 0 0 0 0 0 0 0 0 0 0 0 0 0 0 0 0 0 0 0 0 0 0 0 0 0 0 0 0 0 0 0 0 0 0 0 0 0 0 0 0 0 0 0 0 0 0 0 0 0 0 0 0 0 0 0 0 0 0 0 0 0 0 0 0 0 0 0 0 0 0 0 0 0 0 0 0 0 0 0 0 0 0 0 0 0 0 0 0 0 0 0 0 0 0 0 0 0 0 0 0 0 0 0 0 0 0 0 0 0 0 0 0 0 0 0 0 0 0 0 0 0 0 0 0 0 0 0 0 0 0 0 0 0 0 0 0 0 0 0 0 0 0 0 0 0 0 0 0 0 0 0 0 0 0 0 0 0 0 0 0 0 0 0 0 0 0 0 0 0 0 0 0 0 0 0 0 0 0 0 0 0 0 0 0 0 0 0 0 0 0 0 0 0 0 0 0 0 0 0 0 0 0 0 0 0 0 0 0 0 0 0 0 0 0 0 0 0 0 0 0 0 0 0 0 0 0 0 0 0 0 0 0 0 0 0 0 0 0 0 0 0 0 0 0 0 0 0 0 0 0 0 0 0 0 0 0 0 0 0 0 0 0 0 0 0 0 0 0 0 0 0 0 0 0 0 0 0 0 0 0 0 0 0 0 0 0 0 0 0 0 0 0 0 0 0 0 0 0 0 0 0 0 0 0 0 0 0 0 0 0 0 0 0 0 0 0 0 0 0 0 0 0 0 0 0 0 0 0 0 0 0 0 0 0 0 0 0 0 0 0 0 0 0 0 0 0 0 0 0 0 0 0 0 0 0 0 0 0 0 0 0 0 0 0 0 0 0 0 0 0 0 0 0 0 0 0 0 0 0 0 0 0 0 0 0 0 0 0 0 0 0 0 0 0 0 0 0 0 0 0 0 0 0 0 0 0 0 0 0 0 0 0 0 0 0 0 0 0 0 0 0 0 0 0 0 0 0 0 0 0 0 0 0 0 0 0 0 0 0 0 0 0 0 0 0 0 0 0 0 0 0 0 0 0 0 0 0 0 0 0 0 0 0 0 0 0 0 0 0 0 0 0 0 0 0 0 0 0
 0 0 0 0 0 0 0 0 0 0 0 0 0 0 0 0 0 0 0 0 0 0 0 0 0 0 0 0 0 0 0 0 0 0 0 0 0 0 0 0 0 0 0 0 0 0 0 0 0 0 0 0 0 0 0 0 0 0 0 0 0 0 0 0 0 0 0 0 0 0 0 0 0 0 0 0 0 0 0 0 0 0 0 0 0 0 0 0 0 0 0 0 0 0 0 0 0 0 0 0 0 0 0 0 0 0 0 0 0 0 0 0 0 0 0 0 0 0 0 0 0 0 0 0 0 0 0 0 0 0 0 0 0 0 0 0 0 0 0 0 0 0 0 0 0 0 0 0 0 0 0 0 0 0 0 0 0 0 0 0 0 0 0 0 0 0 0 0 0 0 0 0 0 0 0 0 0 0 0 0 0 0 0 0 0 0 0 0 0 0 0 0 0 0 0 0 0 0 0 0 0 0 0 0 0 0 0 0 0 0 0 0 0 0 0 0 0 0 0 0 0 0 0 0 0 0 0 0 0 0 0 0 0 0 0 0 0 0 0 0 0 0 0 0 0 0 0 0 0 0 0 0 0 0 0 0 0 0 0 0 0 0 0 0 0 0 0 0 0 0 0 0 0 0 0 0 0 0 0 0 0 0 0 0 0 0 0 0 0 0 0 0 0 0 0 0 0 0 0 0 0 0 0 0 0 0 0 0 0 0 0 0 0 0 0 0 0 0 0 0 0 0 0 0 0 0 0 0 0 0 0 0 0 0 0 0 0 0 0 0 0 0 0 0 0 0 0 0 0 0 0 0 0 0 0 0 0 0 0 0 0 0 0 0 0 0 0 0 0 0 0 0 0 0 0 0 0 0 0 0 0 0 0 0 0 0 0 0 0 0 0 0 0 0 0 0 0 0 0 0 0 0 0 0 0 0 0 0 0 0 0 0 0 0 0 0 0 0 0 0 0 0 0 0 0 0 0 0 0 0 0 0 0 0 0 0 0 0 0 0 0 0 0 0 0 0 0 0 0 0 0 0 0 0 0 0 0 0 0 0 0 0 0 0 0 0 0 0 0 0 0 0 0 0 0 0 0 0 0 0 0 0 0 0 0 0 0 0 0 0 0 0 0 0 0 0 0 0 0 0 0 0 0 0 0 0 0 0 0 0 0 0 0 0 0 0 0 0 0 0 0 0 0 0 0 0 0 0 0 0 0 0 0 0 0 0 0 0 0 0 0 0 0 0 0 0 0 0 0 0 0 0 0 0 0 0 0 0 0 0 0 0 0 0 0 0 0 0 0 0 0 0 0 0 0 0 0 0 0 0 0 0 0 0 0 0 0 0 0 0 0 0 0 0 0 0 0 0 0 0
 0 0 0 0 0 0 0 0 0 0 0 0 0 0 0 0 0 0 0 0 0 0 0 0 0 0 0 0 0 0 0 0 0 0 0 0 0 0 0 0 0 0 0 0 0 0 0 0 0 0 0 0 0 0 0 0 0 0 0 0 0 0 0 0 0 0 0 0 0 0 0 0 0 0 0 0 0 0 0 0 0 0 0 0 0 0 0 0 0 0 0 0 0 0 0 0 0 0 0 0 0 0 0 0 0 0 0 0 0 0 0 0 0 0 0 0 0 0 0 0 0 0 0 0 0 0 0 0 0 0 0 0 0 0 0 0 0 0 0 0 0 0 0 0 0 0 0 0 0 0 0 0 0 0 0 0 0 0 0 0 0 0 0 0 0 0 0 0 0 0 0 0 0 0 0 0 0 0 0 0 0 0 0 0 0 0 0 0 0 0 0 0 0 0 0 0 0 0 0 0 0 0 0 0 0 0 0 0 0 0 0 0 0 0 0 0 0 0 0 0 0 0 0 0 0 0 0 0 0 0 0 0 0 0 0 0 0 0 0 0 0 0 0 0 0 0 0 0 0 0 0 0 0 0 0 0 0 0 0 0 0 0 0 0 0 0 0 0 0 0 0 0 0 0 0 0 0 0 0 0 0 0 0 0 0 0 0 0 0 0 0 0 0 0 0 0 0 0 0 0 0 0 0 0 0 0 0 0 0 0 0 0 0 0 0 0 0 0 0 0 0 0 0 0 0 0 0 0 0 0 0 0 0 0 0 0 0 0 0 0 0 0 0 0 0 0 0 0 0 0 0 0 0 0 0 0 0 0 0 0 0 0 0 0 0 0 0 0 0 0 0 0 0 0 0 0 0 0 0 0 0 0 0 0 0 0 0 0 0 0 0 0 0 0 0 0 0 0 0 0 0 0 0 0 0 0 0 0 0 0 0 0 0 0 0 0 0 0 0 0 0 0 0 0 0 0 0 0 0 0 0 0 0 0 0 0 0 0 0 0 0 0 0 0 0 0 0 0 0 0 0 0 0 0 0 0 0 0 0 0 0 0 0 0 0 0 0 0 0 0 0 0 0 0 0 0 0 0 0 0 0 0 0 0 0 0 0 0 0 0 0 0 0 0 0 0 0 0 0 0 0 0 0 0 0 0 0 0 0 0 0 0 0 0 0 0 0 0 0 0 0 0 0 0 0 0 0 0 0 0 0 0 0 0 0 0 0 0 0 0 0 0 0 0 0 0 0 0 0 0 0 0 0 0 0 0 0 0 0 0 0 0 0 0 0 0 0 0 0 0 0 0 0 0 0 0 0 0 0 0 0 0 0 0 0 0 0 0 0 0 0 0 0 0 0 0 0 0 0 0
 0 0 0 0 0 0 0 0 0 0 0 0 0 0 0 0 0 0 0 0 0 0 0 0 0 0 0 0 0 0 0 0 0 0 0 0 0 0 0 0 0 0 0 0 0 0 0 0 0 0 0 0 0 0 0 0 0 0 0 0 0 0 0 0 0 0 0 0 0 0 0 0 0 0 0 0 0 0 0 0 0 0 0 0 0 0 0 0 0 0 0 0 0 0 0 0 0 0 0 0 0 0 0 0 0 0 0 0 0 0 0 0 0 0 0 0 0 0 0 0 0 0 0 0 0 0 0 0 0 0 0 0 0 0 0 0 0 0 0 0 0 0 0 0 0 0 0 0 0 0 0 0 0 0 0 0 0 0 0 0 0 0 0 0 0 0 0 0 0 0 0 0 0 0 0 0 0 0 0 0 0 0 0 0 0 0 0 0 0 0 0 0 0 0 0 0 0 0 0 0 0 0 0 0 0 0 0 0 0 0 0 0 0 0 0 0 0 0 0 0 0 0 0 0 0 0 0 0 0 0 0 0 0 0 0 0 0 0 0 0 0 0 0 0 0 0 0 0 0 0 0 0 0 0 0 0 0 0 0 0 0 0 0 0 0 0 0 0 0 0 0 0 0 0 0 0 0 0 0 0 0 0 0 0 0 0 0 0 0 0 0 0 0 0.0002893481869250536 0.001091363374143839 0.00242067314684391 0.00428750179708004 0.006713707931339741 0.009668572805821896 0.01309815235435963 0.01696175523102283 0.02125942893326283 0.02593382075428963 0.03099485859274864 0.03644052147865295 0.04219521582126617 0.04826389253139496 0.05463315546512604 0.06127126142382622 0.06816894561052322 0.07534061372280121 0.0826839879155159 0.09016934037208557 0.09775355458259583 0.1054524332284927 0.1132101863622665 0.1210670247673988 0.1290562599897385 0.1371861696243286 0.14543816447258 0.1538278162479401 0.1623587906360626 0.1710112392902374 0.1781055778264999 0.1822101622819901 0.1824505627155304 0.1782680153846741 0.1693546175956726 0.1608868837356567 0.1528425365686417 0.1452004164457321 0.1379403918981552 0.1310433745384216 0.1244912073016167 0.118266649544239 0.1123533174395561 0.1067356541752815 0.1013988703489304 0.09632892906665802 0.09151248633861542 0.08693686127662659 0.0825900211930275 0.07846052199602127 0.074537493288517 0.07081061601638794 0.06727008521556854 0.06390658020973206 0.06071124970912933 0.05767568573355675 0.0547919012606144 0.05205230787396431 0.04944969341158867 0.0469772070646286 0.04462834820151329 0.04239692911505699 0.04027708247303963 0.0382632277905941 0.036350067704916 0.0345325656235218 0.03280593827366829 0.03116564080119133 0.02960735931992531 0.02812699228525162 0.02672064304351807 0.02538461051881313 0.02411537989974022 0.02290961146354675 0.02176413126289845 0.02067592553794384 0.01964212954044342 0.01866002380847931 0.01772702299058437 0.01684067212045193 0.01599863916635513 0.01519870758056641 0.01443877257406712 0.01371683366596699 0.01303099188953638 0.01237944234162569 0.01176047045737505 0.01117244735360146 0.0106138251721859 0.01008313428610563 0.009578977711498737 0.009100029245018959 0.008645027875900269 0.008212776854634285 0.007802138105034828 0.007412031292915344 0.00704142963513732 0.006689358036965132 0.006354890298098326 0.006037145853042603 0.005735288374125957 0.005448523908853531 0.005176097620278597 0.004917292855679989 0.004671428352594376 0.004437856841832399 0.004215964116156101 0.00400516577064991 0.003804907435551286 0.003614661982282996 0.003433928824961185 0.003262232290580869 0.003099120687693357 0.002944164676591754 0.002796956337988377 0.002657108474522829 0.002524252980947495 0.002398040378466249 0.002278138417750597 0.002164231613278389 0.002056020079180598 0.001953219063580036 0.001855558133684099 0.001762780244462192 0.001674641272984445 0.001590909203514457 0.00151136377826333 0.0014357955660671 0.001364005729556084 0.001295805443078279 0.00123101519420743 0.001169464434497058 0.001110991230234504 0.001055441680364311 0.001002669567242265 0.0009525360655970871 0.000904909276869148 0.0008596638217568398 0.0008166806073859334 0.000775846594478935 0.0007370542734861374 0.0007002015481702983 0.000665191444568336 0.0006319318781606853 0.0006003353046253324 0.0005703185452148318 0.0005418026121333241 0.0005147124757058918 0.0004889768315479159 0.000464527984149754 0.0004413015849422663 0.0004192365158814937 0.0003982746857218444 0.0003783609427046031 0.0003594428999349475 0.0003414707607589662 0.000324397231452167 0.0003081773757003248 0.0002927684981841594 0.0002781300863716751 0.0002642235776875168 0.0002510123886168003 0.0002384617691859603 0.0002265386865474284 0.000215211752220057 0.0002044511638814583 0.0001942286035045981 0.0001845171791501343 0.0001752913231030107 0.0001665267627686262 0.0001582004188094288 0.000150290405144915 0.0001427758834324777 0.0001356370921712369 0.0001288552302867174 0.0001224124716827646 0.0001162918488262221 0.0001104772527469322 0.0001049533893819898 9.970572136808187e-05 9.472043893765658e-05 8.998441626317799e-05 8.548519690521061e-05 8.121093560475856e-05 7.715039100730792e-05 7.329287473112345e-05 6.962822953937575e-05 6.614681478822604e-05 6.283947732299566e-05 5.969750418444164e-05 5.671262988471426e-05 5.387700002756901e-05 5.118314948049374e-05 4.862399146077223e-05 4.619279206963256e-05 4.388315210235305e-05 4.168899613432586e-05 3.960454705520533e-05 3.762431879295036e-05 3.57431017619092e-05 3.39559483109042e-05 3.225815089535899e-05 3.064524207729846e-05 2.911297997343354e-05 2.765733006526716e-05 2.627446338010486e-05 2.496074012015015e-05 2.371270238654688e-05 2.252706690342166e-05 2.140071410394739e-05 2.033067903539632e-05 1.931414590217173e-05 1.834843897086103e-05 1.743101711326744e-05 1.655946653045248e-05 1.573149347677827e-05 1.494491880293936e-05 1.419767249899451e-05 1.348778914689319e-05 1.281339973502327e-05 1.217272983922157e-05 1.156409325631103e-05 1.09858883661218e-05 1.043659358401783e-05 9.914763722917996e-06 9.419025445822626e-06 8.948074537329376e-06 8.500670446665026e-06 8.075637197180185e-06 7.671855200896971e-06 7.288262622751063e-06 6.923849468876142e-06 6.57765713185654e-06 6.248774298001081e-06 5.936335583101027e-06 5.639518803945975e-06 5.357542704587104e-06 5.089665592095116e-06 4.835182153328788e-06 4.593423000187613e-06 4.363751941127703e-06 4.145564162172377e-06 3.938285772164818e-06 3.741371529031312e-06 3.554303020791849e-06 3.376587756065419e-06 3.20775825457531e-06 3.047370228159707e-06 2.895001671276987e-06 2.750251496763667e-06 2.612738853713381e-06 2.482101990608498e-06 2.357996891078074e-06 2.24009704652417e-06 2.128092091879807e-06 2.021687578235287e-06 1.920603153848788e-06 1.824573018893716e-06 1.733344333842979e-06 5.90321324125398e-05 0.0003927974030375481 0.001002974109724164 0.001872511114925146 0.002981192898005247 0.004300551954656839 0.005792467389255762 0.007454007398337126 0.009252471849322319 0.01118418201804161 0.01324072107672691 0.01540304906666279 0.01766539365053177 0.02002598159015179 0.02249318361282349 0.02506100386381149 0.02772361598908901 0.03048162907361984 0.03333108872175217 0.03624085336923599 0.03919998556375504 0.04220154136419296 0.04522660002112389 0.04826216772198677 0.05130831152200699 0.0543724000453949 0.05743998661637306 0.06050775572657585 0.06358183920383453 0.06666386872529984 0.069732666015625 0.07278584688901901 0.07582511752843857 0.07885591685771942 0.08187994360923767 0.08489982783794403 0.08792050182819366 0.09094756096601486 0.09398136287927628 0.09618623554706573 0.09673168510198593 0.09509949386119843 0.09097537398338318 0.08642660826444626 0.08210527896881104 0.0780000165104866 0.07410001754760742 0.07039501518011093
 0 0 0 0 0 0 0 0 0 0 0 0 0 0 0 0 0 0 0 0 0 0 0 0 0 0 0 0 0 0 0 0 0 0 0 0 0 0 0 0 0 0 0 0 0 0 0 0 0 0 0 0 0 0 0 0 0 0 0 0 0 0 0 0 0 0 0 0 0 0 0 0 0 0 0 0 0 0 0 0 0 0 0 0 0 0 0 0 0 0 0 0 0 0 0 0 0 0 0 0 0 0 0 0 0 0 0 0 0 0 0 0 0 0 0 0 0 0 0 0 0 0 0 0 0 0 0 0 0 0 0 0 0 0 0 0 0 0 0 0 0 0 0 0 0 0 0 0 0 0 0 0 0 0 0 0 0 0 0 0 0 0 0 0 0 0 0 0 0 0 0 0 0 0 0 0 0 0 0 0 0 0 0 0 0 0 0 0 0 0 0 0 0 0 0 0 0 0 0 0 0 0 0 0 0 0 0 0 0 0 0 0 0 0 0 0 0 0 0 0 0 0 0 0 0 0 0 0 0 0 0 0 0 0 0 0 0 0 0 0 0 0 0 0 0 0 0 0 0 0 0 0 0 0 0 0 0 0 0 0 0 0 0 0 0 0 0 0 0 0 0 0 0 0 0 0 0 0 0 0 0 0 0 0 0 0 0 0 0 0 0 0 0 0 0 0 0 0 0 0 0 0 0 0 0 0 0 0 0 0 0 0 0 0 0 0 0 0 0 0 0 0 0 0 0 0 0 0 0 0 0 0 0 0 0 0 0 0 0 0 0 0 0 0 0 0 0 0 0 0 0 0 0 0 0 0 0 0 0 0 0 0 0 0 0 0 0 0 0 0 0 0 0 0 0 0 0 0 0 0 0 0 0 0 0 0 0 0 0 0 0 0 0 0 0 0 0 0 0 0 0 0 0 0 0 0 0 0 0 0 0 0 0 0 0 0 0 0 0 0 0 0 0 0 0 0 0 0 0 0 0 0 0 0 0 0 0 0 0 0 0 0 0 0 0 0 0 0 0 0 0 0 0 0 0 0 0 0 0 0 0 0 0 0 0 0 0 0 0 0 0 0 0 0 0 0 0 0 0 0 0 0 0 0 0 0 0 0 0 0 0 0 0 0 0 0 0 0 0 0 0 0 0 0 0 0 0 0 0 0 0 0 0 0 0 0 0 0 0 0 0 0 0 0 0 0 0 0 0 0 0 0 0 0 0 0 0 0 0 0 0 0 0 0 0 0 0 0 0 0 0 0 0 0 0 0 0 0 0 0 0 0 0 0 0 0 0 0 0 0 0 0 0 0 0 0 0 0 0 0 0 0 0 0 0 0 0 0 0 0 0 0 0 0 0 0 0 0 0 0
 0 0 0 0 0 0 0 0 0 0 0 0 0 0 0 0 0 0 0 0 0 0 0 0 0 0 0 0 0 0 0 0 0 0 0 0 0 0 0 0 0 0 0 0 0 0 0 0 0 0 0 0 0 0 0 0 0 0 0 0 0 0 0 0 0 0 0 0 0 0 0 0 0 0 0 0 0 0 0 0 0 0 0 0 0 0 0 0 0 0 0 0 0 0 0 0 0 0 0 0 0 0 0 0 0 0 0 0 0 0 0 0 0 0 0 0 0 0 0 0 0 0 0 0 0 0 0 0 0 0 0 0 0 0 0 0 0 0 0 0 0 0 0 0 0 0 0 0 0 0 0 0 0 0 0 0 0 0 0 0 0 0 0 0 0 0 0 0 0 0 0 0 0 0 0 0 0 0 0 0 0 0 0 0 0 0 0 0 0 0 0 0 0 0 0 0 0 0 0 0 0 0 0 0 0 0 0 0 0 0 0 0 0 0 0 0 0 0 0 0 0 0 0 0 0 0 0 0 0 0 0 0 0 0 0 0 0 0 0 0 0 0 0 0 0 0 0 0 0 0 0 0 0 0 0 0 0 0 0 0 0 0 0 0 0 0 0 0 0 0 0 0 0 0 0 0 0 0 0 0 0 0 0 0 0 0 0 0 0 0 0 0 0 0 0 0 0 0 0 0 0 0 0 0 0 0 0 0 0 0 0 0 0 0 0 0 0 0 0 0 0 0 0 0 0 0 0 0 0 0 0 0 0 0 0 0 0 0 0 0 0 0 0 0 0 0 0 0 0 0 0 0 0 0 0 0 0 0 0 0 0 0 0 0 0 0 0 0 0 0 0 0 0 0 0 0 0 0 0 0 0 0 0 0 0 0 0 0 0 0 0 0 0 0 0 0 0 0 0 0 0 0 0 0 0 0 0 0 0 0 0 0 0 0 0 0 0 0 0 0 0 0 0 0 0 0 0 0 0 0 0 0 0 0 0 0 0 0 0 0 0 0 0 0 0 0 0 0 0 0 0 0 0 0 0 0 0 0 0 0 0 0 0 0 0 0 0 0 0 0 0 0 0 0 0 0 0 0 0 0 0 0 0 0 0 0 0 0 0 0 0 0 0 0 0 0 0 0 0 0 0 0 0 0 0 0 0 0 0 0 0 0 0 0 0 0 0 0 0 0 0 0 0 0 0 0 0 0 0 0 0 0 0 0 0 0 0 0 0 0 0 0 0 0 0 0 0 0 0 0 0 0 0 0 0 0 0 0 0 0 0 0 0 0 0 0 0 0 0 0 0 0 0 0 0 0 0 0 0 0 0 0 0 0 0 0 0 0 0 0 0 0 0 0 0 0 0 0 0 0
 0 0 0 0 0 0 0 0 0 0 0 0 0 0 0 0 0 0 0 0 0 0 0 0 0 0 0 0 0 0 0 0 0 0 0 0 0 0 0 0 0 0 0 0 0 0 0 0 0 0 0 0 0 0 0 0 0 0 0 0 0 0 0 0 0 0 0 0 0 0 0 0 0 0 0 0 0 0 0 0 0 0 0 0 0 0 0 0 0 0 0 0 0 0 0 0 0 0 0 0 0 0 0 0 0 0 0 0 0 0 0 0 0 0 0 0 0 0 0 0 0 0 0 0 0 0 0 0 0 0 0 0 0 0 0 0 0 0 0 0 0 0 0 0 0 0 0 0 0 0 0 0 0 0 0 0 0 0 0 0 0 0 0 0 0 0 0 0 0 0 0 0 0 0 0 0 0 0 0 0 0 0 0 0 0 0 0 0 0 0 0 0 0 0 0 0 0 0 0 0 0 0 0 0 0 0 0 0 0 0 0 0 0 0 0 0 0 0 0 0 0 0 0 0 0 0 0 0 0 0 0 0 0 0 0 0 0 0 0 0 0 0 0 0 0 0 0 0 0 0 0 0 0 0 0 0 0 0 0 0 0 0 0 0 0 0 0 0 0 0 0 0 0 0 0 0 0 0 0 0 0 0 0 0 0 0 0 0 0 0 0 0 0 0 0 0 0 0 0 0 0 0 0 0 0 0 0 0 0 0 0 0 0 0 0 0 0 0 0 0 0 0 0 0 0 0 0 0 0 0 0 0 0 0 0 0 0 0 0 0 0 0 0 0 0 0 0 0 0 0 0 0 0 0 0 0 0 0 0 0 0 0 0 0 0 0 0 0 0 0 0 0 0 0 0 0 0 0 0 0 0 0 0 0 0 0 0 0 0 0 0 0 0 0 0 0 0 0 0 0 0 0 0 0 0 0 0 0 0 0 0 0 0 0 0 0 0 0 0 0 0 0 0 0 0 0 0 0 0 0 0 0 0 0 0 0 0 0 0 0 0 0 0 0 0 0 0 0 0 0 0 0 0 0 0 0 0 0 0 0 0 0 0 0 0 0 0 0 0 0 0 0 0 0 0 0 0 0 0 0 0 0 0 0 0 0 0 0 0 0 0 0 0 0 0 0 0 0 0 0 0 0 0 0 0 0 0 0 0 0 0 0 0 0 0 0 0 0 0 0 0 0 0 0 0 0 0 0 0 0 0 0 0 0 0 0 0 0 0 0 0 0 0 0 0 0 0 0 0 0 0 0 0 0 0 0 0 0 0 0 0 0 0 0 0 0 0 0 0 0 0 0 0 0 0 0 0 0 0 0 0 0 0 0 0 0 0 0 0 0 0 0 0 0 0 0 0 0 0 0
 0 0 0 0 0 0 0 0 0 0 0 0 0 0 0 0 0 0 0 0 0 0 0 0 0 0 0 0 0 0 0 0 0 0 0 0 0 0 0 0 0 0 0 0 0 0 0 0 0 0 0 0 0 0 0 0 0 0 0 0 0 0 0 0 0 0 0 0 0 0 0 0 0 0 0 0 0 0 0 0 0 0 0 0 0 0 0 0 0 0 0 0 0 0 0 0 0 0 0 0 0 0 0 0 0 0 0 0 0 0 0 0 0 0 0 0 0 0 0 0 0 0 0 0 0 0 0 0 0 0 0 0 0 0 0 0 0 0 0 0 0 0 0 0 0 0 0 0 0 0 0 0 0 0 0 0 0 0 0 0 0 0 0 0 0 0 0 0 0 0 0 0 0 0 0 0 0 0 0 0 0 0 0 0 0 0 0 0 0 0 0 0 0 0 0 0 0 0 0 0 0 0 0 0 0 0 0 0 0 0 0 0 0 0 0 0 0 0 0 0 0 0 0 0 0 0 0 0 0 0 0 0 0 0 0 0 0 0 0 0 0 0 0 0 0 0 0 0 0 0 0 0 0 0 0 0 0 0 0 0 0 0 0 0 0 0 0 0 0 0 0 0 0 0 0 0 0 0 0 0 0 0 0 0 0 0 0 0 0 0 0 0 0 0 0.0002329388807993382 0.0009645528625696898 0.002223317977041006 0.004019592888653278 0.006365122273564339 0.009255053475499153 0.01259174011647701 0.01639761216938496 0.0206088200211525 0.02518494240939617 0.03013435378670692 0.03540364280343056 0.04098636656999588 0.04686670005321503 0.053061343729496 0.05951184406876564 0.06619306653738022 0.07309585809707642 0.08016281574964523 0.0874117985367775 0.09479139745235443 0.1022826731204987 0.1098422482609749 0.1174653992056847 0.1251674592494965 0.1329629421234131 0.1408882737159729 0.1489564478397369 0.1571370214223862 0.1654038727283478 0.1725226938724518 0.1769732385873795 0.1777821928262711 0.1743303537368774 0.1662544757127762 0.1579417586326599 0.1500446647405624 0.1425424367189407 0.1354153156280518 0.1286445558071136 0.122212328016758 0.1161017119884491 0.1102966293692589 0.104781799018383 0.09954270720481873 0.09456557035446167 0.08983729034662247 0.08534542471170425 0.08107815682888031 0.07702425122261047 0.07317303866147995 0.06951438635587692 0.06603866815567017 0.06273673474788666 0.05959989875555038 0.05661990493535995 0.05378890782594681 0.05109946429729462 0.04854449257254601 0.04611726850271225 0.04381140321493149 0.04162083193659782 0.03953979164361954 0.03756280243396759 0.03568466380238533 0.0339004322886467 0.03220541030168533 0.03059514053165913 0.02906538359820843 0.02761211432516575 0.02623150870203972 0.02491993270814419 0.02367393672466278 0.0224902406334877 0.02136572822928429 0.02029744163155556 0.01928257010877132 0.01831844076514244 0.0174025185406208 0.01653239317238331 0.0157057736068964 0.01492048520594835 0.01417446136474609 0.01346573792397976 0.01279245130717754 0.01215282827615738 0.01154518686234951 0.01096792705357075 0.01041953079402447 0.009898554533720016 0.009403626434504986 0.008933445438742638 0.008486772887408733 0.008062434382736683 0.007659312803298235 0.007276347372680902 0.006912529934197664 0.006566903553903103 0.006238558329641819 0.005926630459725857 0.005630298983305693 0.005348783917725086 0.005081344861537218 0.004827277734875679 0.004585913848131895 0.004356618039309978 0.004138787277042866 0.003931847866624594 0.0037352554500103 0.003548492677509785 0.003371068043634295 0.003202514722943306 0.003042388940230012 0.002890269504860044 0.002745755948126316 0.002608468057587743 0.002478044712916017 0.002354142488911748 0.002236435422673821 0.002124613616615534 0.00201838300563395 0.001917463843710721 0.001821590703912079 0.001730511197820306 0.001643985626287758 0.001561786397360265 0.00148369709495455 0.001409512246027589 0.001339036622084677 0.001272084773518145 0.001208480563946068 0.00114805658813566 0.001090653706341982 0.001036121044307947 0.0009843149455264211 0.0009350992040708661 0.0008883442496880889 0.0008439270313829184 0.0008017306681722403 0.0007616441580466926 0.0007235619705170393 0.0006873838719911873 0.0006530146929435432 0.0006203639786690474 0.0005893457564525306 0.0005598784773610532 0.0005318845505826175 0.000505290343426168 0.0004800258320756257 0.0004560245433822274 0.0004332233220338821 0.000411562155932188 0.0003909840597771108 0.00037143484223634 0.0003528631059452891 0.0003352199564687908 0.000318458944093436 0.0003025360056199133 0.0002874092024285346 0.0002730387495830655 0.0002593868121039122 0.0002464174758642912 0.0002340966020710766 0.0002223917690571398 0.0002112721849698573 0.0002007085713557899 0.0001906731486087665 0.0001811394904507324 0.0001720825093798339 0.0001634783839108422 0.000155304471263662 0.0001475392491556704 0.0001401622866978869 0.0001331541716353968 0.0001264964666916057 0.0001201716440846212 0.0001141630636993796 0.0001084549076040275 0.0001030321654980071 9.788055467652157e-05 9.298652730649337e-05 8.833719766698778e-05 8.392033487325534e-05 7.972431922098622e-05 7.573810580652207e-05 7.195120269898325e-05 6.835364183643833e-05 6.493595719803125e-05 6.168916297610849e-05 5.860470628249459e-05 5.567447078647092e-05 5.289074761094525e-05 5.024620986660011e-05 4.773389809997752e-05 4.5347202103585e-05 4.307984272600152e-05 4.092585004400462e-05 3.887955608661287e-05 3.693557664519176e-05 3.508879672153853e-05 3.33343559759669e-05 3.166763781337067e-05 3.00842566502979e-05 2.858004336303566e-05 2.715104164963122e-05 2.579348983999807e-05 2.450381543894764e-05 2.327862421225291e-05 2.211469291069079e-05 2.100895835610572e-05 1.995851016545203e-05 1.896058529382572e-05 1.801255530153867e-05 1.711192817310803e-05 1.625633194635157e-05 1.54435147123877e-05 1.467133915866725e-05 1.393777256453177e-05 1.324088407272939e-05 1.257884014194133e-05 1.1949898180319e-05 1.135240290750517e-05 1.078478271665517e-05 1.0245543307974e-05 9.733265869726893e-06 9.246602530765813e-06 8.784272722550668e-06 8.345059541170485e-06 7.927807018859312e-06 7.531416486017406e-06 7.154845661716536e-06 6.797103196731769e-06 6.45724821879412e-06 6.134385785117047e-06 5.827666427649092e-06 5.536282969842432e-06 5.259468707663473e-06 4.996495135856094e-06 4.746670583699597e-06 4.50933703177725e-06 4.283870111976285e-06 4.069676833751146e-06 3.866192855639383e-06 3.672883167382679e-06 3.489238906695391e-06 3.314776904517203e-06 3.149038093397394e-06 2.991586143252789e-06 2.842006779246731e-06 2.699906417547027e-06 2.564911028457573e-06 2.436665454297327e-06 2.31483227253193e-06 2.199090658905334e-06 2.089136160066118e-06 1.984679329325445e-06 1.88544538559654e-06 8.909624011721462e-05 0.0004559402586892247 0.00109404674731195 0.001979464199393988 0.003101136069744825 0.00442991591989994 0.005947073921561241 0.007619792595505714 0.009433270432054996 0.01137600094079971 0.01344047486782074 0.01560731418430805 0.01787199266254902 0.02023857086896896 0.02271347306668758 0.02529505826532841 0.02797671221196651 0.03074911423027515 0.0335812047123909 0.03647399693727493 0.03943070396780968 0.04242314025759697 0.04542434960603714 0.04843269288539886 0.05145576596260071 0.05450021848082542 0.05756533145904541 0.06065176427364349 0.06373567879199982 0.06680977344512939 0.06987597793340683 0.07293548434972763 0.07598447799682617 0.07902645319700241 0.0820625051856041 0.08509378135204315 0.0881248265504837 0.09115853160619736 0.09420017153024673 0.09631752967834473 0.09671718627214432 0.09489341825246811 0.09054353833198547 0.08601636439561844 0.08171554654836655 0.07762976735830307 0.07374827563762665 0.07006086409091949 0.06655782461166382
 0 0 0 0 0 0 0 0 0 0 0 0 0 0 0 0 0 0 0 0 0 0 0 0 0 0 0 0 0 0 0 0 0 0 0 0 0 0 0 0 0 0 0 0 0 0 0 0 0 0 0 0 0 0 0 0 0 0 0 0 0 0 0 0 0 0 0 0 0 0 0 0 0 0 0 0 0 0 0 0 0 0 0 0 0 0 0 0 0 0 0 0 0 0 0 0 0 0 0 0 0 0 0 0 0 0 0 0 0 0 0 0 0 0 0 0 0 0 0 0 0 0 0 0 0 0 0 0 0 0 0 0 0 0 0 0 0 0 0 0 0 0 0 0 0 0 0 0 0 0 0 0 0 0 0 0 0 0 0 0 0 0 0 0 0 0 0 0 0 0 0 0 0 0 0 0 0 0 0 0 0 0 0 0 0 0 0 0 0 0 0 0 0 0 0 0 0 0 0 0 0 0 0 0 0 0 0 0 0 0 0 0 0 0 0 0 0 0 0 0 0 0 0 0 0 0 0 0 0 0 0 0 0 0 0 0 0 0 0 0 0 0 0 0 0 0 0 0 0 0 0 0 0 0 0 0 0 0 0 0 0 0 0 0 0 0 0 0 0 0 0 0 0 0 0 0 0 0 0 0 0 0 0 0 0 0 0 0 0 0 0 0 0 0 0 0 0 0 0 0 0 0 0 0 0 0 0 0 0 0 0 0 0 0 0 0 0 0 0 0 0 0 0 0 0 0 0 0 0 0 0 0 0 0 0 0 0 0 0 0 0 0 0 0 0 0 0 0 0 0 0 0 0 0 0 0 0 0 0 0 0 0 0 0 0 0 0 0 0 0 0 0 0 0 0 0 0 0 0 0 0 0 0 0 0 0 0 0 0 0 0 0 0 0 0 0 0 0 0 0 0 0 0 0 0 0 0 0 0 0 0 0 0 0 0 0 0 0 0 0 0 0 0 0 0 0 0 0 0 0 0 0 0 0 0 0 0 0 0 0 0 0 0 0 0 0 0 0 0 0 0 0 0 0 0 0 0 0 0 0 0 0 0 0 0 0 0 0 0 0 0 0 0 0 0 0 0 0 0 0 0 0 0 0 0 0 0 0 0 0 0 0 0 0 0 0 0 0 0 0 0 0 0 0 0 0 0 0 0 0 0 0 0 0 0 0 0 0 0 0 0 0 0 0 0 0 0 0 0 0 0 0 0 0 0 0 0 0 0 0 0 0 0 0 0 0 0 0 0 0 0 0 0 0 0 0 0 0 0 0 0 0 0 0 0 0 0 0 0 0 0 0 0 0 0 0 0 0 0 0 0 0 0 0 0 0 0 0 0 0 0 0 0 0 0 0 0 0 0 0
 0 0 0 0 0 0 0 0 0 0 0 0 0 0 0 0 0 0 0 0 0 0 0 0 0 0 0 0 0 0 0 0 0 0 0 0 0 0 0 0 0 0 0 0 0 0 0 0 0 0 0 0 0 0 0 0 0 0 0 0 0 0 0 0 0 0 0 0 0 0 0 0 0 0 0 0 0 0 0 0 0 0 0 0 0 0 0 0 0 0 0 0 0 0 0 0 0 0 0 0 0 0 0 0 0 0 0 0 0 0 0 0 0 0 0 0 0 0 0 0 0 0 0 0 0 0 0 0 0 0 0 0 0 0 0 0 0 0 0 0 0 0 0 0 0 0 0 0 0 0 0 0 0 0 0 0 0 0 0 0 0 0 0 0 0 0 0 0 0 0 0 0 0 0 0 0 0 0 0 0 0 0 0 0 0 0 0 0 0 0 0 0 0 0 0 0 0 0 0 0 0 0 0 0 0 0 0 0 0 0 0 0 0 0 0 0 0 0 0 0 0 0 0 0 0 0 0 0 0 0 0 0 0 0 0 0 0 0 0 0 0 0 0 0 0 0 0 0 0 0 0 0 0 0 0 0 0 0 0 0 0 0 0 0 0 0 0 0 0 0 0 0 0 0 0 0 0 0 0 0 0 0 0 0 0 0 0 0 0 0 0 0 0 0 0 0 0 0 0 0 0 0 0 0 0 0 0 0 0 0 0 0 0 0 0 0 0 0 0 0 0 0 0 0 0 0 0 0 0 0 0 0 0 0 0 0 0 0 0 0 0 0 0 0 0 0 0 0 0 0 0 0 0 0 0 0 0 0 0 0 0 0 0 0 0 0 0 0 0 0 0 0 0 0 0 0 0 0 0 0 0 0 0 0 0 0 0 0 0 0 0 0 0 0 0 0 0 0 0 0 0 0 0 0 0 0 0 0 0 0 0 0 0 0 0 0 0 0 0 0 0 0 0 0 0 0 0 0 0 0 0 0 0 0 0 0 0 0 0 0 0 0 0 0 0 0 0 0 0 0 0 0 0 0 0 0 0 0 0 0 0 0 0 0 0 0 0 0 0 0 0 0 0 0 0 0 0 0 0 0 0 0 0 0 0 0 0 0 0 0 0 0 0 0 0 0 0 0 0 0 0 0 0 0 0 0 0 0 0 0 0 0 0 0 0 0 0 0 0 0 0 0 0 0 0 0 0 0 0 0 0 0 0 0 0 0 0 0 0 0 0 0 0 0 0 0 0 0 0 0 0 0 0 0 0 0 0 0 0 0 0 0 0 0 0 0 0 0 0 0 0 0 0 0 0 0 0 0 0 0 0 0 0 0 0 0 0 0 0 0 0 0 0 0 0 0 0 0 0 0
 0 0 0 0 0 0 0 0 0 0 0 0 0 0 0 0 0 0 0 0 0 0 0 0 0 0 0 0 0 0 0 0 0 0 0 0 0 0 0 0 0 0 0 0 0 0 0 0 0 0 0 0 0 0 0 0 0 0 0 0 0 0 0 0 0 0 0 0 0 0 0 0 0 0 0 0 0 0 0 0 0 0 0 0 0 0 0 0 0 0 0 0 0 0 0 0 0 0 0 0 0 0 0 0 0 0 0 0 0 0 0 0 0 0 0 0 0 0 0 0 0 0 0 0 0 0 0 0 0 0 0 0 0 0 0 0 0 0 0 0 0 0 0 0 0 0 0 0 0 0 0 0 0 0 0 0 0 0 0 0 0 0 0 0 0 0 0 0 0 0 0 0 0 0 0 0 0 0 0 0 0 0 0 0 0 0 0 0 0 0 0 0 0 0 0 0 0 0 0 0 0 0 0 0 0 0 0 0 0 0 0 0 0 0 0 0 0 0 0 0 0 0 0 0 0 0 0 0 0 0 0 0 0 0 0 0 0 0 0 0 0 0 0 0 0 0 0 0 0 0 0 0 0 0 0 0 0 0 0 0 0 0 0 0 0 0 0 0 0 0 0 0 0 0 0 0 0 0 0 0 0 0 0 0 0 0 0 0 0 0 0 0 0 0 0 0 0 0 0 0 0 0 0 0 0 0 0 0 0 0 0 0 0 0 0 0 0 0 0 0 0 0 0 0 0 0 0 0 0 0 0 0 0 0 0 0 0 0 0 0 0 0 0 0 0 0 0 0 0 0 0 0 0 0 0 0 0 0 0 0 0 0 0 0 0 0 0 0 0 0 0 0 0 0 0 0 0 0 0 0 0 0 0 0 0 0 0 0 0 0 0 0 0 0 0 0 0 0 0 0 0 0 0 0 0 0 0 0 0 0 0 0 0 0 0 0 0 0 0 0 0 0 0 0 0 0 0 0 0 0 0 0 0 0 0 0 0 0 0 0 0 0 0 0 0 0 0 0 0 0 0 0 0 0 0 0 0 0 0 0 0 0 0 0 0 0 0 0 0 0 0 0 0 0 0 0 0 0 0 0 0 0 0 0 0 0 0 0 0 0 0 0 0 0 0 0 0 0 0 0 0 0 0 0 0 0 0 0 0 0 0 0 0 0 0 0 0 0 0 0 0 0 0 0 0 0 0 0 0 0 0 0 0 0 0 0 0 0 0 0 0 0 0 0 0 0 0 0 0 0 0 0 0 0 0 0 0 0 0 0 0 0 0 0 0 0 0 0 0 0 0 0 0 0 0 0 0 0 0 0 0 0 0 0 0 0 0 0 0 0 0 0 0 0 0 0 0 0 0 0
 0 0 0 0 0 0 0 0 0 0 0 0 0 0 0 0 0 0 0 0 0 0 0 0 0 0 0 0 0 0 0 0 0 0 0 0 0 0 0 0 0 0 0 0 0 0 0 0 0 0 0 0 0 0 0 0 0 0 0 0 0 0 0 0 0 0 0 0 0 0 0 0 0 0 0 0 0 0 0 0 0 0 0 0 0 0 0 0 0 0 0 0 0 0 0 0 0 0 0 0 0 0 0 0 0 0 0 0 0 0 0 0 0 0 0 0 0 0 0 0 0 0 0 0 0 0 0 0 0 0 0 0 0 0 0 0 0 0 0 0 0 0 0 0 0 0 0 0 0 0 0 0 0 0 0 0 0 0 0 0 0 0 0 0 0 0 0 0 0 0 0 0 0 0 0 0 0 0 0 0 0 0 0 0 0 0 0 0 0 0 0 0 0 0 0 0 0 0 0 0 0 0 0 0 0 0 0 0 0 0 0 0 0 0 0 0 0 0 0 0 0 0 0 0 0 0 0 0 0 0 0 0 0 0 0 0 0 0 0 0 0 0 0 0 0 0 0 0 0 0 0 0 0 0 0 0 0 0 0 0 0 0 0 0 0 0 0 0 0 0 0 0 0 0 0 0 0 0 0 0 0 0 0 0 0 0 0 0 0 0 0 0 0 0 0 0 0.000387032370781526 0.001249336521141231 0.002611099975183606 0.004498605616390705 0.006938468664884567 0.009885717183351517 0.01333370432257652 0.0171698946505785 0.02137907966971397 0.02594446018338203 0.03088161163032055 0.03613783419132233 0.04167503863573074 0.04743846133351326 0.05345353856682777 0.05973072350025177 0.0663321316242218 0.07318262755870819 0.08024971187114716 0.08742006123065948 0.09466859698295593 0.102029450237751 0.1095123514533043 0.11712247133255 0.1248237267136574 0.132574126124382 0.140399158000946 0.1483259946107864 0.1563523262739182 0.1644623428583145 0.1712503433227539 0.1752966493368149 0.1756581664085388 0.1717451512813568 0.1632061451673508 0.1550458371639252 0.1472935378551483 0.139928862452507 0.1329324245452881 0.1262858062982559 0.1199715137481689 0.1139729395508766 0.1082742959260941 0.1028605848550797 0.09771755337715149 0.09283167868852615 0.08819009363651276 0.08378058671951294 0.07959155738353729 0.07561197876930237 0.07183138281106949 0.06823981553316116 0.0648278221487999 0.06158643215894699 0.05850711092352867 0.05558175593614578 0.0528026670217514 0.05016253516077995 0.0476544089615345 0.04527168720960617 0.04300810396671295 0.0408576987683773 0.03881481289863586 0.03687407076358795 0.03503036871552467 0.03327884897589684 0.03161490708589554 0.03003416210412979 0.02853245474398136 0.02710583247244358 0.0257505401968956 0.02446301281452179 0.0232398621737957 0.02207786962389946 0.02097397670149803 0.01992527768015862 0.0189290139824152 0.01798256300389767 0.0170834343880415 0.01622926257550716 0.01541779935359955 0.01464690919965506 0.01391456369310617 0.01321883592754602 0.01255789399147034 0.01192999910563231 0.01133349910378456 0.0107668237760663 0.01022848300635815 0.009717058390378952 0.009231205098330975 0.008769644424319267 0.008331161923706532 0.007914603687822819 0.007518873549997807 0.007142929825931787 0.00678578345105052 0.00644649425521493 0.006124169565737247 0.005817960947751999 0.005527062807232141 0.005250709597021341 0.004988173954188824 0.004738765303045511 0.0045018270611763 0.004276735708117485 0.004062898922711611 0.003859753953292966 0.003666766220703721 0.003483427921310067 0.003309256630018353 0.003143793903291225 0.002986604114994407 0.002837273990735412 0.002695410279557109 0.002560639753937721 0.002432607812806964 0.002310977317392826 0.002195428358390927 0.002085656858980656 0.00198137410916388 0.00188230536878109 0.001788190100342035 0.001698780572041869 0.001613841508515179 0.001533149392344058 0.001456491881981492 0.001383667346090078 0.001314483932219446 0.001248759683221579 0.001186321722343564 0.001127005671150982 0.001070655416697264 0.001017122645862401 0.0009662664961069822 0.0009179531480185688 0.0008720554760657251 0.0008284526993520558 0.0007870300905779004 0.0007476785685867071 0.0007102946401573718 0.0006747799343429506 0.0006410409114323556 0.0006089888629503548 0.0005785394459962845 0.0005496124504134059 0.0005221317987889051 0.0004960251972079277 0.0004712239315267652 0.0004476627218537033 0.000425279577029869 0.0004040155909024179 0.0003838147968053818 0.0003646240511443466 0.0003463928587734699 0.0003290732274763286 0.000312619551550597 0.0002969885827042162 0.0002821391681209207 0.0002680322213564068 0.0002546306059230119 0.0002418990770820528 0.0002298041217727587 0.000218313914956525 0.0002073982177535072 0.0001970283046830446 0.0001871768909040838 0.0001778180449036881 0.000168927144841291 0.0001604807912372053 0.000152456748764962 0.00014483391714748 0.0001375922147417441 0.0001307126076426357 0.0001241769787156954 0.0001179681275971234 0.0001120697197620757 0.0001064662355929613 0.0001011429267236963 9.608577965991572e-05 9.128149395110086e-05 8.671741670696065e-05 8.238154259743169e-05 7.826246292097494e-05 7.434933650074527e-05 7.06318678567186e-05 6.710027810186148e-05 6.374526128638536e-05 6.055799894966185e-05 5.7530098274583e-05 5.465359208756126e-05 5.19209133926779e-05 4.932486626785249e-05 4.68586222268641e-05 4.451569111552089e-05 4.228990655974485e-05 4.017541141365655e-05 3.816663956968114e-05 3.625830868259072e-05 3.444539470365271e-05 3.272312460467219e-05 3.108696910203435e-05 2.953262082883157e-05 2.805599069688469e-05 2.665319152583834e-05 2.532053258619271e-05 2.405450504738837e-05 2.285178015881684e-05 2.170919105992652e-05 2.062373096123338e-05 1.959254404937383e-05 1.861291639215779e-05 1.768227048160043e-05 1.679815613897517e-05 1.59582486958243e-05 1.516033626103308e-05 1.440231972082984e-05 1.368220364383887e-05 1.29980935525964e-05 1.234818864759291e-05 1.173077907878906e-05 1.114424048864748e-05 1.058702855516458e-05 1.005767717288109e-05 9.554792995913886e-06 9.077053618966602e-06 8.623201210866682e-06 8.192040695575997e-06 7.782438842696138e-06 7.393316991510801e-06 7.023651050985791e-06 6.672468316537561e-06 6.33884474154911e-06 6.021902663633227e-06 5.720807621401036e-06 5.434767444967292e-06 5.163029072718928e-06 4.904877641820349e-06 4.659633759729331e-06 4.426652139954967e-06 4.205319328320911e-06 3.995053248218028e-06 3.795300472120289e-06 3.605535539463744e-06 3.425258682909771e-06 3.253995828345069e-06 3.091296093771234e-06 2.936731334557408e-06 2.789894779198221e-06 2.650400119819096e-06 2.517880147934193e-06 2.391986072325381e-06 2.272386836921214e-06 2.158767529181205e-06 2.050829152722144e-06 1.948287717823405e-06 1.850873331932235e-06 0.0001910289865918458 0.0006551084807142615 0.001392558217048645 0.002378566190600395 0.003589250147342682 0.004987626802176237 0.006562832277268171 0.008289001882076263 0.01015974581241608 0.01216385513544083 0.01428886316716671 0.01652231253683567 0.01886271312832832 0.02130958251655102 0.02385310269892216 0.02648887038230896 0.02921617962419987 0.03201787918806076 0.03488507121801376 0.03780180960893631 0.04076110571622849 0.0437602661550045 0.0467795766890049 0.04980408772826195 0.05283631011843681 0.05588250979781151 0.05894283577799797 0.06201264262199402 0.06509479880332947 0.0681837722659111 0.07126984000205994 0.07433942705392838 0.07739383727312088 0.08044075965881348 0.08348226547241211 0.08652220666408539 0.08956310153007507 0.09260945022106171 0.09535025805234909 0.09674586355686188 0.09615813195705414 0.0932033509016037 0.08854318410158157 0.08411602675914764 0.07991022616624832 0.07591471821069717 0.07211898267269135
 0 0 0 0 0 0 0 0 0 0 0 0 0 0 0 0 0 0 0 0 0 0 0 0 0 0 0 0 0 0 0 0 0 0 0 0 0 0 0 0 0 0 0 0 0 0 0 0 0 0 0 0 0 0 0 0 0 0 0 0 0 0 0 0 0 0 0 0 0 0 0 0 0 0 0 0 0 0 0 0 0 0 0 0 0 0 0 0 0 0 0 0 0 0 0 0 0 0 0 0 0 0 0 0 0 0 0 0 0 0 0 0 0 0 0 0 0 0 0 0 0 0 0 0 0 0 0 0 0 0 0 0 0 0 0 0 0 0 0 0 0 0 0 0 0 0 0 0 0 0 0 0 0 0 0 0 0 0 0 0 0 0 0 0 0 0 0 0 0 0 0 0 0 0 0 0 0 0 0 0 0 0 0 0 0 0 0 0 0 0 0 0 0 0 0 0 0 0 0 0 0 0 0 0 0 0 0 0 0 0 0 0 0 0 0 0 0 0 0 0 0 0 0 0 0 0 0 0 0 0 0 0 0 0 0 0 0 0 0 0 0 0 0 0 0 0 0 0 0 0 0 0 0 0 0 0 0 0 0 0 0 0 0 0 0 0 0 0 0 0 0 0 0 0 0 0 0 0 0 0 0 0 0 0 0 0 0 0 0 0 0 0 0 0 0 0 0 0 0 0 0 0 0 0 0 0 0 0 0 0 0 0 0 0 0 0 0 0 0 0 0 0 0 0 0 0 0 0 0 0 0 0 0 0 0 0 0 0 0 0 0 0 0 0 0 0 0 0 0 0 0 0 0 0 0 0 0 0 0 0 0 0 0 0 0 0 0 0 0 0 0 0 0 0 0 0 0 0 0 0 0 0 0 0 0 0 0 0 0 0 0 0 0 0 0 0 0 0 0 0 0 0 0 0 0 0 0 0 0 0 0 0 0 0 0 0 0 0 0 0 0 0 0 0 0 0 0 0 0 0 0 0 0 0 0 0 0 0 0 0 0 0 0 0 0 0 0 0 0 0 0 0 0 0 0 0 0 0 0 0 0 0 0 0 0 0 0 0 0 0 0 0 0 0 0 0 0 0 0 0 0 0 0 0 0 0 0 0 0 0 0 0 0 0 0 0 0 0 0 0 0 0 0 0 0 0 0 0 0 0 0 0 0 0 0 0 0 0 0 0 0 0 0 0 0 0 0 0 0 0 0 0 0 0 0 0 0 0 0 0 0 0 0 0 0 0 0 0 0 0 0 0 0 0 0 0 0 0 0 0 0 0 0 0 0 0 0 0 0 0 0 0 0 0 0 0 0 0 0 0 0 0 0 0 0 0 0 0 0 0 0 0 0 0 0 0 0 0 0 0
 0 0 0 0 0 0 0 0 0 0 0 0 0 0 0 0 0 0 0 0 0 0 0 0 0 0 0 0 0 0 0 0 0 0 0 0 0 0 0 0 0 0 0 0 0 0 0 0 0 0 0 0 0 0 0 0 0 0 0 0 0 0 0 0 0 0 0 0 0 0 0 0 0 0 0 0 0 0 0 0 0 0 0 0 0 0 0 0 0 0 0 0 0 0 0 0 0 0 0 0 0 0 0 0 0 0 0 0 0 0 0 0 0 0 0 0 0 0 0 0 0 0 0 0 0 0 0 0 0 0 0 0 0 0 0 0 0 0 0 0 0 0 0 0 0 0 0 0 0 0 0 0 0 0 0 0 0 0 0 0 0 0 0 0 0 0 0 0 0 0 0 0 0 0 0 0 0 0 0 0 0 0 0 0 0 0 0 0 0 0 0 0 0 0 0 0 0 0 0 0 0 0 0 0 0 0 0 0 0 0 0 0 0 0 0 0 0 0 0 0 0 0 0 0 0 0 0 0 0 0 0 0 0 0 0 0 0 0 0 0 0 0 0 0 0 0 0 0 0 0 0 0 0 0 0 0 0 0 0 0 0 0 0 0 0 0 0 0 0 0 0 0 0 0 0 0 0 0 0 0 0 0 0 0 0 0 0 0 0 0 0 0 0 0 0 0 0 0 0 0 0 0 0 0 0 0 0 0 0 0 0 0 0 0 0 0 0 0 0 0 0 0 0 0 0 0 0 0 0 0 0 0 0 0 0 0 0 0 0 0 0 0 0 0 0 0 0 0 0 0 0 0 0 0 0 0 0 0 0 0 0 0 0 0 0 0 0 0 0 0 0 0 0 0 0 0 0 0 0 0 0 0 0 0 0 0 0 0 0 0 0 0 0 0 0 0 0 0 0 0 0 0 0 0 0 0 0 0 0 0 0 0 0 0 0 0 0 0 0 0 0 0 0 0 0 0 0 0 0 0 0 0 0 0 0 0 0 0 0 0 0 0 0 0 0 0 0 0 0 0 0 0 0 0 0 0 0 0 0 0 0 0 0 0 0 0 0 0 0 0 0 0 0 0 0 0 0 0 0 0 0 0 0 0 0 0 0 0 0 0 0 0 0 0 0 0 0 0 0 0 0 0 0 0 0 0 0 0 0 0 0 0 0 0 0 0 0 0 0 0 0 0 0 0 0 0 0 0 0 0 0 0 0 0 0 0 0 0 0 0 0 0 0 0 0 0 0 0 0 0 0 0 0 0 0 0 0 0 0 0 0 0 0 0 0 0 0 0 0 0 0 0 0 0 0 0 0 0 0 0 0 0 0 0 0 0 0 0 0 0 0 0 0 0 0 0 0 0 0 0
 0 0 0 0 0 0 0 0 0 0 0 0 0 0 0 0 0 0 0 0 0 0 0 0 0 0 0 0 0 0 0 0 0 0 0 0 0 0 0 0 0 0 0 0 0 0 0 0 0 0 0 0 0 0 0 0 0 0 0 0 0 0 0 0 0 0 0 0 0 0 0 0 0 0 0 0 0 0 0 0 0 0 0 0 0 0 0 0 0 0 0 0 0 0 0 0 0 0 0 0 0 0 0 0 0 0 0 0 0 0 0 0 0 0 0 0 0 0 0 0 0 0 0 0 0 0 0 0 0 0 0 0 0 0 0 0 0 0 0 0 0 0 0 0 0 0 0 0 0 0 0 0 0 0 0 0 0 0 0 0 0 0 0 0 0 0 0 0 0 0 0 0 0 0 0 0 0 0 0 0 0 0 0 0 0 0 0 0 0 0 0 0 0 0 0 0 0 0 0 0 0 0 0 0 0 0 0 0 0 0 0 0 0 0 0 0 0 0 0 0 0 0 0 0 0 0 0 0 0 0 0 0 0 0 0 0 0 0 0 0 0 0 0 0 0 0 0 0 0 0 0 0 0 0 0 0 0 0 0 0 0 0 0 0 0 0 0 0 0 0 0 0 0 0 0 0 0 0 0 0 0 0 0 0 0 0 0 0 0 0 0 0 0 0 0 0 0 0 0 0 0 0 0 0 0 0 0 0 0 0 0 0 0 0 0 0 0 0 0 0 0 0 0 0 0 0 0 0 0 0 0 0 0 0 0 0 0 0 0 0 0 0 0 0 0 0 0 0 0 0 0 0 0 0 0 0 0 0 0 0 0 0 0 0 0 0 0 0 0 0 0 0 0 0 0 0 0 0 0 0 0 0 0 0 0 0 0 0 0 0 0 0 0 0 0 0 0 0 0 0 0 0 0 0 0 0 0 0 0 0 0 0 0 0 0 0 0 0 0 0 0 0 0 0 0 0 0 0 0 0 0 0 0 0 0 0 0 0 0 0 0 0 0 0 0 0 0 0 0 0 0 0 0 0 0 0 0 0 0 0 0 0 0 0 0 0 0 0 0 0 0 0 0 0 0 0 0 0 0 0 0 0 0 0 0 0 0 0 0 0 0 0 0 0 0 0 0 0 0 0 0 0 0 0 0 0 0 0 0 0 0 0 0 0 0 0 0 0 0 0 0 0 0 0 0 0 0 0 0 0 0 0 0 0 0 0 0 0 0 0 0 0 0 0 0 0 0 0 0 0 0 0 0 0 0 0 0 0 0 0 0 0 0 0 0 0 0 0 0 0 0 0 0 0 0 0 0 0 0 0 0 0 0 0 0 0 0 0 0 0 0 0 0 0 0 0 0 0 0 0
 0 0 0 0 0 0 0 0 0 0 0 0 0 0 0 0 0 0 0 0 0 0 0 0 0 0 0 0 0 0 0 0 0 0 0 0 0 0 0 0 0 0 0 0 0 0 0 0 0 0 0 0 0 0 0 0 0 0 0 0 0 0 0 0 0 0 0 0 0 0 0 0 0 0 0 0 0 0 0 0 0 0 0 0 0 0 0 0 0 0 0 0 0 0 0 0 0 0 0 0 0 0 0 0 0 0 0 0 0 0 0 0 0 0 0 0 0 0 0 0 0 0 0 0 0 0 0 0 0 0 0 0 0 0 0 0 0 0 0 0 0 0 0 0 0 0 0 0 0 0 0 0 0 0 0 0 0 0 0 0 0 0 0 0 0 0 0 0 0 0 0 0 0 0 0 0 0 0 0 0 0 0 0 0 0 0 0 0 0 0 0 0 0 0 0 0 0 0 0 0 0 0 0 0 0 0 0 0 0 0 0 0 0 0 0 0 0 0 0 0 0 0 0 0 0 0 0 0 0 0 0 0 0 0 0 0 0 0 0 0 0 0 0 0 0 0 0 0 0 0 0 0 0 0 0 0 0 0 0 0 0 0 0 0 0 0 0 0 0 0 0 0 0 0 0 0 0 0 0 0 0 0 0 0 0 0 0 0 0 0 0 0 0 0 0 0 0.0002998061536345631 0.001118509913794696 0.002470756880939007 0.004360352177172899 0.006808714475482702 0.009795812889933586 0.01325090229511261 0.01718274876475334 0.0215511117130518 0.02628694847226143 0.03137721121311188 0.03677945584058762 0.0425017848610878 0.04854149743914604 0.05489175021648407 0.06147406250238419 0.0683080330491066 0.07539407908916473 0.08269822597503662 0.0901707261800766 0.09777127206325531 0.1054335087537766 0.1131562441587448 0.1209570989012718 0.1288556605577469 0.1368748396635056 0.1450142115354538 0.153242826461792 0.1615550518035889 0.1699772775173187 0.1768138408660889 0.1806637942790985 0.1806563436985016 0.1762475371360779 0.1674351543188095 0.1590633988380432 0.1511102318763733 0.1435547173023224 0.1363769769668579 0.1295581310987473 0.1230802237987518 0.1169262155890465 0.1110799014568329 0.105525903403759 0.1002496108412743 0.0952371284365654 0.09047526866197586 0.08595150709152222 0.08165393024682999 0.07757123559713364 0.07369267195463181 0.0700080394744873 0.06650763750076294 0.06318225711584091 0.06002314388751984 0.05702198669314384 0.0541708879172802 0.05146234482526779 0.04888922721147537 0.04644476622343063 0.04412252828478813 0.04191640019416809 0.03982058167457581 0.03782955184578896 0.0359380729496479 0.0341411679983139 0.03243410959839821 0.03081240504980087 0.02927178516983986 0.02780819684267044 0.02641778625547886 0.02509689703583717 0.02384205162525177 0.02264994941651821 0.02151745185256004 0.0204415787011385 0.01941950060427189 0.01844852603971958 0.01752609945833683 0.01664979383349419 0.0158173032104969 0.01502643804997206 0.01427511591464281 0.01356136053800583 0.01288329251110554 0.01223912835121155 0.01162717211991549 0.01104581356048584 0.01049352250993252 0.00996884610503912 0.009470404125750065 0.00899688433855772 0.008547039702534676 0.008119687438011169 0.007713702972978354 0.007328017614781857 0.006961616687476635 0.006613535806536674 0.006282859016209841 0.005968715995550156 0.005670280195772648 0.005386766046285629 0.005117427557706833 0.004861555993556976 0.004618478007614613 0.004387554246932268 0.004168176557868719 0.003959767520427704 0.003761779051274061 0.003573690075427294 0.003395005594938993 0.003225255291908979 0.003063992597162724 0.002910793060436845 0.002765253419056535 0.002626990666612983 0.002495641121640801 0.002370859030634165 0.002252316102385521 0.002139700343832374 0.002032715361565351 0.001931079546920955 0.00183452561032027 0.001742799300700426 0.001655659289099276 0.001572876353748143 0.001494232565164566 0.001419520936906338 0.001348544843494892 0.001281117554754019 0.001217061653733253 0.001156208571046591 0.001098398119211197 0.001043478259816766 0.0009913044050335884 0.000941739184781909 0.0008946522139012814 0.0008499196264892817 0.0008074236684478819 0.0007670524646528065 0.0007286998443305492 0.0006922648753970861 0.0006576516316272318 0.0006247690762393177 0.0005935305962339044 0.0005638540606014431 0.0005356613546609879 0.0005088782636448741 0.0004834343562833965 0.0004592626355588436 0.0004362995096016675 0.0004144845297560096 0.0003937603032682091 0.0003740722895599902 0.0003553686838131398 0.0003376002423465252 0.0003207202244084328 0.0003046842175535858 0.0002894499921239913 0.0002749775012489408 0.0002612286189105362 0.00024816719815135 0.0002357588382437825 0.0002239708992419764 0.0002127723564626649 0.0002021337422775105 0.0001920270588016137 0.0001824257051339373 0.0001733044191496447 0.0001646392047405243 0.0001564072445034981 0.0001485868851887062 0.0001411575358361006 0.0001340996532235295 0.0001273946691071615 0.0001210249320138246 0.0001149736854131334 0.0001092250022338703 0.0001037637557601556 9.85755686997436e-05 9.364679135615006e-05 8.896445069694892e-05 8.451622852589935e-05 8.029041782720014e-05 7.627589366165921e-05 7.246209861477837e-05 6.883899186505005e-05 6.539704190799966e-05 6.212719017639756e-05 5.902082921238616e-05 5.606978811556473e-05 5.326629980118014e-05 5.06029864482116e-05 4.807283767149784e-05 4.566919596982189e-05 4.338573489803821e-05 4.12164481531363e-05 3.915562410838902e-05 3.719784217537381e-05 3.533795097609982e-05 3.357105379109271e-05 3.189250128343701e-05 3.029787694686092e-05 2.878298255382106e-05 2.734383269853424e-05 2.59766402450623e-05 2.467780905135442e-05 2.344391941733193e-05 2.22717226279201e-05 2.115813731506933e-05 2.010023126786109e-05 1.909521961351857e-05 1.81404593604384e-05 1.723343666526489e-05 1.637176501390059e-05 1.555317612655926e-05 1.477551722928183e-05 1.403674104949459e-05 1.333490399701986e-05 1.266815888811834e-05 1.203475130751031e-05 1.143301415140741e-05 1.086136308003915e-05 1.031829469866352e-05 9.802380191104021e-06 9.312260772276204e-06 8.846647688187659e-06 8.404314939980395e-06 7.984099283930846e-06 7.584894319734303e-06 7.205649581010221e-06 6.845366897323402e-06 6.503098575194599e-06 6.177943760121707e-06 5.869046617590357e-06 5.575594514084514e-06 5.296814833855024e-06 5.031974069424905e-06 4.7803755478526e-06 4.541356702247867e-06 4.314289071771782e-06 4.098574663657928e-06 3.893645953212399e-06 3.698963610077044e-06 3.514015361361089e-06 3.338314627399086e-06 3.171398930135183e-06 3.012828983628424e-06 2.86218755718437e-06 2.719078111113049e-06 2.583124114607926e-06 2.45396790887753e-06 2.331269570277072e-06 2.214706000813749e-06 2.103970700773061e-06 1.998772177103092e-06 1.898833602353989e-06 1.803891905183264e-06 1.663566399656702e-05 0.0003140663611702621 0.0008859728695824742 0.001716739032417536 0.002789266174659133 0.004075009375810623 0.005554554983973503 0.00720712635666132 0.008995711803436279 0.0109080309048295 0.01293657068163157 0.01507205981761217 0.01730611547827721 0.01963745802640915 0.02206720225512981 0.02459095045924187 0.02721403539180756 0.02993419952690601 0.03274903073906898 0.03563914075493813 0.03859402239322662 0.04160444810986519 0.04463732242584229 0.04767465591430664 0.05072620511054993 0.05379294604063034 0.05687793344259262 0.0599699467420578 0.06306485086679459 0.06614899635314941 0.06922611594200134 0.07229640334844589 0.07535898685455322 0.07841359823942184 0.08145862817764282 0.08450048416852951 0.08754262328147888 0.09058632701635361 0.09363847225904465 0.0960991308093071 0.09704448282718658 0.09590256214141846 0.09231659024953842 0.08770076185464859 0.08331572264432907 0.07914993911981583
 0 0 0 0 0 0 0 0 0 0 0 0 0 0 0 0 0 0 0 0 0 0 0 0 0 0 0 0 0 0 0 0 0 0 0 0 0 0 0 0 0 0 0 0 0 0 0 0 0 0 0 0 0 0 0 0 0 0 0 0 0 0 0 0 0 0 0 0 0 0 0 0 0 0 0 0 0 0 0 0 0 0 0 0 0 0 0 0 0 0 0 0 0 0 0 0 0 0 0 0 0 0 0 0 0 0 0 0 0 0 0 0 0 0 0 0 0 0 0 0 0 0 0 0 0 0 0 0 0 0 0 0 0 0 0 0 0 0 0 0 0 0 0 0 0 0 0 0 0 0 0 0 0 0 0 0 0 0 0 0 0 0 0 0 0 0 0 0 0 0 0 0 0 0 0 0 0 0 0 0 0 0 0 0 0 0 0 0 0 0 0 0 0 0 0 0 0 0 0 0 0 0 0 0 0 0 0 0 0 0 0 0 0 0 0 0 0 0 0 0 0 0 0 0 0 0 0 0 0 0 0 0 0 0 0 0 0 0 0 0 0 0 0 0 0 0 0 0 0 0 0 0 0 0 0 0 0 0 0 0 0 0 0 0 0 0 0 0 0 0 0 0 0 0 0 0 0 0 0 0 0 0 0 0 0 0 0 0 0 0 0 0 0 0 0 0 0 0 0 0 0 0 0 0 0 0 0 0 0 0 0 0 0 0 0 0 0 0 0 0 0 0 0 0 0 0 0 0 0 0 0 0 0 0 0 0 0 0 0 0 0 0 0 0 0 0 0 0 0 0 0 0 0 0 0 0 0 0 0 0 0 0 0 0 0 0 0 0 0 0 0 0 0 0 0 0 0 0 0 0 0 0 0 0 0 0 0 0 0 0 0 0 0 0 0 0 0 0 0 0 0 0 0 0 0 0 0 0 0 0 0 0 0 0 0 0 0 0 0 0 0 0 0 0 0 0 0 0 0 0 0 0 0 0 0 0 0 0 0 0 0 0 0 0 0 0 0 0 0 0 0 0 0 0 0 0 0 0 0 0 0 0 0 0 0 0 0 0 0 0 0 0 0 0 0 0 0 0 0 0 0 0 0 0 0 0 0 0 0 0 0 0 0 0 0 0 0 0 0 0 0 0 0 0 0 0 0 0 0 0 0 0 0 0 0 0 0 0 0 0 0 0 0 0 0 0 0 0 0 0 0 0 0 0 0 0 0 0 0 0 0 0 0 0 0 0 0 0 0 0 0 0 0 0 0 0 0 0 0 0 0 0 0 0 0 0 0 0 0 0 0 0 0 0 0 0 0 0 0 0 0 0 0 0 0 0 0 0 0 0 0 0 0 0 0 0 0 0 0 0
 0 0 0 0 0 0 0 0 0 0 0 0 0 0 0 0 0 0 0 0 0 0 0 0 0 0 0 0 0 0 0 0 0 0 0 0 0 0 0 0 0 0 0 0 0 0 0 0 0 0 0 0 0 0 0 0 0 0 0 0 0 0 0 0 0 0 0 0 0 0 0 0 0 0 0 0 0 0 0 0 0 0 0 0 0 0 0 0 0 0 0 0 0 0 0 0 0 0 0 0 0 0 0 0 0 0 0 0 0 0 0 0 0 0 0 0 0 0 0 0 0 0 0 0 0 0 0 0 0 0 0 0 0 0 0 0 0 0 0 0 0 0 0 0 0 0 0 0 0 0 0 0 0 0 0 0 0 0 0 0 0 0 0 0 0 0 0 0 0 0 0 0 0 0 0 0 0 0 0 0 0 0 0 0 0 0 0 0 0 0 0 0 0 0 0 0 0 0 0 0 0 0 0 0 0 0 0 0 0 0 0 0 0 0 0 0 0 0 0 0 0 0 0 0 0 0 0 0 0 0 0 0 0 0 0 0 0 0 0 0 0 0 0 0 0 0 0 0 0 0 0 0 0 0 0 0 0 0 0 0 0 0 0 0 0 0 0 0 0 0 0 0 0 0 0 0 0 0 0 0 0 0 0 0 0 0 0 0 0 0 0 0 0 0 0 0 0 0 0 0 0 0 0 0 0 0 0 0 0 0 0 0 0 0 0 0 0 0 0 0 0 0 0 0 0 0 0 0 0 0 0 0 0 0 0 0 0 0 0 0 0 0 0 0 0 0 0 0 0 0 0 0 0 0 0 0 0 0 0 0 0 0 0 0 0 0 0 0 0 0 0 0 0 0 0 0 0 0 0 0 0 0 0 0 0 0 0 0 0 0 0 0 0 0 0 0 0 0 0 0 0 0 0 0 0 0 0 0 0 0 0 0 0 0 0 0 0 0 0 0 0 0 0 0 0 0 0 0 0 0 0 0 0 0 0 0 0 0 0 0 0 0 0 0 0 0 0 0 0 0 0 0 0 0 0 0 0 0 0 0 0 0 0 0 0 0 0 0 0 0 0 0 0 0 0 0 0 0 0 0 0 0 0 0 0 0 0 0 0 0 0 0 0 0 0 0 0 0 0 0 0 0 0 0 0 0 0 0 0 0 0 0 0 0 0 0 0 0 0 0 0 0 0 0 0 0 0 0 0 0 0 0 0 0 0 0 0 0 0 0 0 0 0 0 0 0 0 0 0 0 0 0 0 0 0 0 0 0 0 0 0 0 0 0 0 0 0 0 0 0 0 0 0 0 0 0 0 0 0 0 0 0 0 0 0 0 0 0 0 0 0 0 0 0 0 0 0 0 0 0


# name: r_0_m11_G0_L0p3_D0p7
# type: matrix
# rows: 1
# columns: 14
 0 -11 0.2 0 0.3 0 -4.99215 0 0 0.4444069147526847 0 128.8333333333333 2.401388487243717 0.7




