# Created by Octave 3.8.2, Mon Jun 19 12:03:15 2017 BST <co1ssj@node117>
# name: result
# type: scalar struct
# ndims: 2
 1 1
# length: 3
# name: params
# type: scalar struct
# ndims: 2
 1 1
# length: 18
# name: cleanup
# type: scalar
0


# name: num_runs
# type: scalar
6


# name: dopamine
# type: scalar
0.7


# name: targetCross
# type: scalar
1


# name: targetLuminance
# type: scalar
0.3


# name: targetWidthX
# type: scalar
6


# name: targetWidthY
# type: scalar
2


# name: fixCross
# type: scalar
1


# name: fixLuminance
# type: scalar
0.2


# name: fixWidthX
# type: scalar
6


# name: fixWidthY
# type: scalar
2


# name: fixOn
# type: scalar
0


# name: targetOff
# type: scalar
1


# name: targetOn
# type: scalar
0.2


# name: fixOff
# type: scalar
0.2


# name: targetThetaX
# type: scalar
0


# name: targetThetaY
# type: scalar
-15


# name: exptnum
# type: scalar
0




# name: r_0_m15_G0_L0p3_D0p7_llbn
# type: matrix
# rows: 24
# columns: 600
 0 0 0 0 0 0 0 0 0 0 0 0 0 0 0 0 0 0 0 0 0 0 0 0 0 0 0 0 0 0 0 0 0 0 0 0 0 0 0 0 0 0 0 0 0 0 0 0 0 0 0 0 0 0 0 0 0 0 0 0 0 0 0 0 0 0 0 0 0 0 0 0 0 0 0 0 0 0 0 0 0 0 0 0 0 0 0 0 0 0 0 0 0 0 0 0 0 0 0 0 0 0 0 0 0 0 0 0 0 0 0 0 0 0 0 0 0 0 0 0 0 0 0 0 0 0 0 0 0 0 0 0 0 0 0 0 0 0 0 0 0 0 0 0 0 0 0 0 0 0 0 0 0 0 0 0 0 0 0 0 0 0 0 0 0 0 0 0 0 0 0 0 0 0 0 0 0 0 0 0 0 0 0 0 0 0 0 0 0 0 0 0 0 0 0 0 0 0 0 0 0 0 0 0 0 0 0 0 0 0 0 0 0 0 0 0 0 0 0 0 0 0 0 0 0 0 0 0 0 0 0 0 0 0 0 0 0 0 0 0 0 0 0 0 0 0 0 0 0 0 0 0 0 0 0 0 0 0 0 0 0 0 0 0 0 0 0 0 0 0 0 0 0 0 0 0 0 0 0 0 0 0 0 0 0 0 0 0 0 0 0 0 0 0 0 0 0 0 0 0 0 0 0 0 0 0 0 0 0 0 0 0 0 0 0 0 0 0 0 0 0 0 0 0 0 0 0 0 0 0 0 0 0 0 0 0 0 0 0 0 0 0 0 0 0 0 0 0 0 0 0 0 0 0 0 0 0 0 0 0 0 0 0 0 0 0 0 0 0 0 0 0 0 0 0 0 0 0 0 0 0 0 0 0 0 0 0 0 0 0 0 0 0 0 0 0 0 0 0 0 0 0 0 0 0 0 0 0 0 0 0 0 0 0 0 0 0 0 0 0 0 0 0 0 0 0 0 0 0 0 0 0 0 0 0 0 0 0 0 0 0 0 0 0 0 0 0 0 0 0 0 0 0 0 0 0 0 0 0 0 0 0 0 0 0 0 0 0 0 0 0 0 0 0 0 0 0 0 0 0 0 0 0 0 0 0 0 0 0 0 0 0 0 0 0 0 0 0 0 0 0 0 0 0 0 0 0 0 0 0 0 0 0 0 0 0 0 0 0 0 0 0 0 0 0 0 0 0 0 0 0 0 0 0 0 0 0 0 0 0 0 0 0 0 0 0 0 0 0 0 0 0 0 0 0 0 0 0 0 0 0 0 0 0 0 0 0 0 0 0 0 0 0 0 0 0 0 0 0 0 0 0 0 0 0 0 0 0 0 0 0 0 0 0 0 0 0 0 0 0
 0 0 0 0 0 0 0 0 0 0 0 0 0 0 0 0 0 0 0 0 0 0 0 0 0 0 0 0 0 0 0 0 0 0 0 0 0 0 0 0 0 0 0 0 0 0 0 0 0 0 0 0 0 0 0 0 0 0 0 0 0 0 0 0 0 0 0 0 0 0 0 0 0 0 0 0 0 0 0 0 0 0 0 0 0 0 0 0 0 0 0 0 0 0 0 0 0 0 0 0 0 0 0 0 0 0 0 0 0 0 0 0 0 0 0 0 0 0 0 0 0 0 0 0 0 0 0 0 0 0 0 0 0 0 0 0 0 0 0 0 0 0 0 0 0 0 0 0 0 0 0 0 0 0 0 0 0 0 0 0 0 0 0 0 0 0 0 0 0 0 0 0 0 0 0 0 0 0 0 0 0 0 0 0 0 0 0 0 0 0 0 0 0 0 0 0 0 0 0 0 0 0 0 0 0 0 0 0 0 0 0 0 0 0 0 0 0 0 0 0 0 0 0 0 0 0 0 0 0 0 0 0 0 0 0 0 0 0 0 0 0 0 0 0 0 0 0 0 0 0 0 0 0 0 0 0 0 0 0 0 0 0 0 0 0 0 0 0 0 0 0 0 0 0 0 0 0 0 0 0 0 0 0 0 0 0 0 0 0 0 0 0 0 0 0 0 0 0 0 0 0 0 0 0 0 0 0 0 0 0 0 0 0 0.0004669180198106915 0.001522900885902345 0.00323233287781477 0.005630091764032841 0.008827606216073036 0.01283718831837177 0.0177241638302803 0.02354618720710278 0.03032971918582916 0.03815388306975365 0.04702696204185486 0.0566616877913475 0.06707316637039185 0.07825860381126404 0.09025643765926361 0.1030684038996696 0.1163707226514816 0.1300200819969177 0.1439766138792038 0.1583575308322906 0.1731790155172348 0.1884189695119858 0.2041224241256714 0.2201944440603256 0.2366586774587631 0.2535264194011688 0.2707341611385345 0.2856553494930267 0.296061635017395 0.3005804419517517 0.2982496023178101 0.2884075939655304 0.273987203836441 0.2602878510951996 0.2472734600305557 0.234909787774086 0.2231643050909042 0.2120060920715332 0.201405793428421 0.1913354992866516 0.1817687302827835 0.1726802885532379 0.1640462726354599 0.1558439582586288 0.1480517536401749 0.1406491696834564 0.133616715669632 0.1269358843564987 0.120589092373848 0.1145596355199814 0.1088316515088081 0.1033900678157806 0.09822056442499161 0.09330953657627106 0.08864405751228333 0.08421185612678528 0.08000126481056213 0.07600120455026627 0.07220114767551422 0.06859108805656433 0.06516153365373611 0.0619034580886364 0.05880828574299812 0.05586787313222885 0.05307447910308838 0.05042075365781784 0.04789971560239792 0.04550473019480705 0.04322949424386024 0.04106802120804787 0.03901461884379387 0.03706388920545578 0.03521069511771202 0.0334501601755619 0.03177765384316444 0.03018877096474171 0.02867933176457882 0.02724536508321762 0.02588309720158577 0.024588942527771 0.02335949614644051 0.02219152078032494 0.0210819449275732 0.02002784796059132 0.01902645640075207 0.01807513274252415 0.01717137545347214 0.01631280593574047 0.0154971657320857 0.01472230721265078 0.01398619171231985 0.01328688208013773 0.01262253802269697 0.01199141144752502 0.01139184087514877 0.01082224864512682 0.01028113625943661 0.009767079725861549 0.009278725832700729 0.008814789354801178 0.008374050259590149 0.007955348119139671 0.007557580713182688 0.007179701700806618 0.006820716429501772 0.00647968053817749 0.006155696697533131 0.005847911816090345 0.005555516108870506 0.005277740303426981 0.005013853311538696 0.004763160832226276 0.004525003023445606 0.00429875310510397 0.0040838154964149 0.003879624651744962 0.003685643430799246 0.003501361235976219 0.003326293081045151 0.003159978426992893 0.003001979552209377 0.002851880621165037 0.002709286520257592 0.002573822159320116 0.002445131074637175 0.002322874497622252 0.002206730656325817 0.002096394076943398 0.001991574419662356 0.001891995663754642 0.001797395874746144 0.001707526040263474 0.001622149720788002 0.001541042234748602 0.001463990076445043 0.001390790566802025 0.001321251038461924 0.001255188486538827 0.001192429102957249 0.001132807694375515 0.001076167332939804 0.001022359007038176 0.000971241039223969 0.0009226789698004723 0.0008765450329519808 0.0008327178074978292 0.0007910819258540869 0.0007515278412029147 0.0007139514200389385 0.0006782538257539272 0.0006443411111831665 0.000612124043982476 0.0005815178155899048 0.0005524419248104095 0.0005248198285698891 0.0004985788254998624 0.0004736498813144863 0.0004499673959799111 0.0004274690290912986 0.0004060955834574997 0.0003857908013742417 0.0003665012482088059 0.0003481761959847063 0.0003307673905510455 0.0003142290224786848 0.0002985175815410912 0.0002835917111951858 0.0002694121212698519 0.0002559415297582746 0.0002431444590911269 0.0002309872361365706 0.0002194378757849336 0.0002084659790853038 0.0001980426750378683 0.0001881405478343368 0.0001787335204426199 0.0001697968400549144 0.000161306990776211 0.0001532416354166344 0.0001455795572837815 0.0001383005728712305 0.0001313855464104563 0.0001248162734555081 0.0001185754590551369 0.0001126466886489652 0.0001070143553079106 0.0001016636379063129 9.658045746618882e-05 9.175143350148574e-05 8.716386219020933e-05 8.280566544272006e-05 7.866538362577558e-05 7.473211735486984e-05 7.099551294231787e-05 6.744574056938291e-05 6.407345063053071e-05 6.086977737140842e-05 5.782628795714118e-05 5.493497519637458e-05 5.218822479946539e-05 4.957881174050272e-05 4.709987115347758e-05 4.474487650441006e-05 4.250763231539167e-05 4.038225233671255e-05 3.836314135696739e-05 3.644498428911902e-05 3.462273525656201e-05 3.289159940322861e-05 3.124701834167354e-05 2.968466651509516e-05 2.820043300744146e-05 2.679041062947363e-05 2.545089046179783e-05 2.417834548396058e-05 2.296942875545938e-05 2.1820957044838e-05 2.072990901069716e-05 1.969341428775806e-05 1.870874439191539e-05 1.777330726326909e-05 1.688464180915616e-05 1.604040880920365e-05 1.523838818684453e-05 1.447646900487598e-05 1.375264582748059e-05 1.306501326325815e-05 1.241176232724683e-05 1.179117407446029e-05 1.120161505241413e-05 1.064153457264183e-05 1.010945743473712e-05 9.603984835848678e-06 9.123785275733098e-06 8.667596375744324e-06 8.234216693381313e-06 7.822505722288042e-06 7.4313802542747e-06 7.05981119608623e-06 6.706820840918226e-06 6.371479685185477e-06 6.052905519027263e-06 5.7502602430759e-06 5.462747139972635e-06 5.189609964872943e-06 4.930129307467723e-06 4.683623046730645e-06 4.449441803444643e-06 4.226969849696616e-06 4.015621470898623e-06 3.814840511040529e-06 3.624098553700605e-06 3.442893557803473e-06 3.270748948125402e-06 3.107211568931234e-06 2.951851001853356e-06 2.804258429023321e-06 2.664045496203471e-06 2.530843175918562e-06 2.404301085334737e-06 2.28408612201747e-06 2.169881781810545e-06 2.061387704088702e-06 1.958318307515583e-06 1.860402335296385e-06 1.767382173056831e-06 1.679013053035305e-06 1.595062371961831e-06 1.515309236310713e-06 1.43954378017952e-06 1.367566596854886e-06 1.299188284065167e-06 1.23422887554625e-06 1.172517386294203e-06 1.113891471504758e-06 1.058196858139127e-06 1.005287003863486e-06 9.550226423016284e-07 9.072714988178632e-07 8.619079494565085e-07 8.188125661945378e-07 7.778719464113237e-07 7.389783718281251e-07 7.020294674475736e-07 6.669279741799983e-07 6.335815783131693e-07 5.089885598863475e-05
 0 0 0 0 0 0 0 0 0 0 0 0 0 0 0 0 0 0 0 0 0 0 0 0 0 0 0 0 0 0 0 0 0 0 0 0 0 0 0 0 0 0 0 0 0 0 0 0 0 0 0 0 0 0 0 0 0 0 0 0 0 0 0 0 0 0 0 0 0 0 0 0 0 0 0 0 0 0 0 0 0 0 0 0 0 0 0 0 0 0 0 0 0 0 0 0 0 0 0 0 0 0 0 0 0 0 0 0 0 0 0 0 0 0 0 0 0 0 0 0 0 0 0 0 0 0 0 0 0 0 0 0 0 0 0 0 0 0 0 0 0 0 0 0 0 0 0 0 0 0 0 0 0 0 0 0 0 0 0 0 0 0 0 0 0 0 0 0 0 0 0 0 0 0 0 0 0 0 0 0 0 0 0 0 0 0 0 0 0 0 0 0 0 0 0 0 0 0 0 0 0 0 0 0 0 0 0 0 0 0 0 0 0 0 0 0 0 0 0 0 0 0 0 0 0 0 0 0 0 0 0 0 0 0 0 0 0 0 0 0 0 0 0 0 0 0 0 0 0 0 0 0 0 0 0 0 0 0 0 0 0 0 0 0 0 0 0 0 0 0 0 0 0 0 0 0 0 0 0 0 0 0 0 0 0 0 0 0 0 0 0 0 0 0 0 0 0 0 0 0 0 0 0 0 0 0 0 0 0 0 0 0 0 0 0 0 0 0 0 0 0 0 0 0 0 0 0 0 0 0 0 0 0 0 0 0 0 0 0 0 0 0 0 0 0 0 0 0 0 0 0 0 0 0 0 0 0 0 0 0 0 0 0 0 0 0 0 0 0 0 0 0 0 0 0 0 0 0 0 0 0 0 0 0 0 0 0 0 0 0 0 0 0 0 0 0 0 0 0 0 0 0 0 0 0 0 0 0 0 0 0 0 0 0 0 0 0 0 0 0 0 0 0 0 0 0 0 0 0 0 0 0 0 0 0 0 0 0 0 0 0 0 0 0 0 0 0 0 0 0 0 0 0 0 0 0 0 0 0 0 0 0 0 0 0 0 0 0 0 0 0 0 0 0 0 0 0 0 0 0 0 0 0 0 0 0 0 0 0 0 0 0 0 0 0 0 0 0 0 0 0 0 0 0 0 0 0 0 0 0 0 0 0 0 0 0 0 0 0 0 0 0 0 0 0 0 0 0 0 0 0 0 0 0 0 0 0 0 0 0 0 0 0 0 0 0 0 0 0 0 0 0 0 0 0 0 0 0 0 0 0 0 0 0 0 0 0 0 0 0 0 0 0 0 0 0 0 0 0 0 0 0 0 0 0 0 0 0 0 0 0 0 0 0 0 0 0 0 0 0
 0 0 0 0 0 0 0 0 0 0 0 0 0 0 0 0 0 0 0 0 0 0 0 0 0 0 0 0 0 0 0 0 0 0 0 0 0 0 0 0 0 0 0 0 0 0 0 0 0 0 0 0 0 0 0 0 0 0 0 0 0 0 0 0 0 0 0 0 0 0 0 0 0 0 0 0 0 0 0 0 0 0 0 0 0 0 0 0 0 0 0 0 0 0 0 0 0 0 0 0 0 0 0 0 0 0 0 0 0 0 0 0 0 0 0 0 0 0 0 0 0 0 0 0 0 0 0 0 0 0 0 0 0 0 0 0 0 0 0 0 0 0 0 0 0 0 0 0 0 0 0 0 0 0 0 0 0 0 0 0 0 0 0 0 0 0 0 0 0 0 0 0 0 0 0 0 0 0 0 0 0 0 0 0 0 0 0 0 0 0 0 0 0 0 0 0 0 0 0 0 0 0 0 0 0 0 0 0 0 0 0 0 0 0 0 0 0 0 0 0 0 0 0 0 0 0 0 0 0 0 0 0 0 0 0 0 0 0 0 0 0 0 0 0 0 0 0 0 0 0 0 0 0 0 0 0 0 0 0 0 0 0 0 0 0 0 0 0 0 0 0 0 0 0 0 0 0 0 0 0 0 0 0 0 0 0 0 0 0 0 0 0 0 0 0 0 0 0 0 0 0 0 0 0 0 0 0 0 0 0 0 0 0 0 0 0 0 0 0 0 0 0 0 0 0 0 0 0 0 0 0 0 0 0 0 0 0 0 0 0 0 0 0 0 0 0 0 0 0 0 0 0 0 0 0 0 0 0 0 0 0 0 0 0 0 0 0 0 0 0 0 0 0 0 0 0 0 0 0 0 0 0 0 0 0 0 0 0 0 0 0 0 0 0 0 0 0 0 0 0 0 0 0 0 0 0 0 0 0 0 0 0 0 0 0 0 0 0 0 0 0 0 0 0 0 0 0 0 0 0 0 0 0 0 0 0 0 0 0 0 0 0 0 0 0 0 0 0 0 0 0 0 0 0 0 0 0 0 0 0 0 0 0 0 0 0 0 0 0 0 0 0 0 0 0 0 0 0 0 0 0 0 0 0 0 0 0 0 0 0 0 0 0 0 0 0 0 0 0 0 0 0 0 0 0 0 0 0 0 0 0 0 0 0 0 0 0 0 0 0 0 0 0 0 0 0 0 0 0 0 0 0 0 0 0 0 0 0 0 0 0 0 0 0 0 0 0 0 0 0 0 0 0 0 0 0 0 0 0 0 0 0 0 0 0 0 0 0 0 0 0 0 0 0 0 0 0 0 0 0 0 0 0 0 0 0 0 0 0 0 0 0 0 0 0 0 0 0 0 0
 0 0 0 0 0 0 0 0 0 0 0 0 0 0 0 0 0 0 0 0 0 0 0 0 0 0 0 0 0 0 0 0 0 0 0 0 0 0 0 0 0 0 0 0 0 0 0 0 0 0 0 0 0 0 0 0 0 0 0 0 0 0 0 0 0 0 0 0 0 0 0 0 0 0 0 0 0 0 0 0 0 0 0 0 0 0 0 0 0 0 0 0 0 0 0 0 0 0 0 0 0 0 0 0 0 0 0 0 0 0 0 0 0 0 0 0 0 0 0 0 0 0 0 0 0 0 0 0 0 0 0 0 0 0 0 0 0 0 0 0 0 0 0 0 0 0 0 0 0 0 0 0 0 0 0 0 0 0 0 0 0 0 0 0 0 0 0 0 0 0 0 0 0 0 0 0 0 0 0 0 0 0 0 0 0 0 0 0 0 0 0 0 0 0 0 0 0 0 0 0 0 0 0 0 0 0 0 0 0 0 0 0 0 0 0 0 0 0 0 0 0 0 0 0 0 0 0 0 0 0 0 0 0 0 0 0 0 0 0 0 0 0 0 0 0 0 0 0 0 0 0 0 0 0 0 0 0 0 0 0 0 0 0 0 0 0 0 0 0 0 0 0 0 0 0 0 0 0 0 0 0 0 0 0 0 0 0 0 0 0 0 0 0 0 0 0 0 0 0 0 0 0 0 0 0 0 0 0 0 0 0 0 0 0 0 0 0 0 0 0 0 0 0 0 0 0 0 0 0 0 0 0 0 0 0 0 0 0 0 0 0 0 0 0 0 0 0 0 0 0 0 0 0 0 0 0 0 0 0 0 0 0 0 0 0 0 0 0 0 0 0 0 0 0 0 0 0 0 0 0 0 0 0 0 0 0 0 0 0 0 0 0 0 0 0 0 0 0 0 0 0 0 0 0 0 0 0 0 0 0 0 0 0 0 0 0 0 0 0 0 0 0 0 0 0 0 0 0 0 0 0 0 0 0 0 0 0 0 0 0 0 0 0 0 0 0 0 0 0 0 0 0 0 0 0 0 0 0 0 0 0 0 0 0 0 0 0 0 0 0 0 0 0 0 0 0 0 0 0 0 0 0 0 0 0 0 0 0 0 0 0 0 0 0 0 0 0 0 0 0 0 0 0 0 0 0 0 0 0 0 0 0 0 0 0 0 0 0 0 0 0 0 0 0 0 0 0 0 0 0 0 0 0 0 0 0 0 0 0 0 0 0 0 0 0 0 0 0 0 0 0 0 0 0 0 0 0 0 0 0 0 0 0 0 0 0 0 0 0 0 0 0 0 0 0 0 0 0 0 0 0 0 0 0 0 0 0 0 0 0 0 0 0 0 0 0 0 0 0 0
 0 0 0 0 0 0 0 0 0 0 0 0 0 0 0 0 0 0 0 0 0 0 0 0 0 0 0 0 0 0 0 0 0 0 0 0 0 0 0 0 0 0 0 0 0 0 0 0 0 0 0 0 0 0 0 0 0 0 0 0 0 0 0 0 0 0 0 0 0 0 0 0 0 0 0 0 0 0 0 0 0 0 0 0 0 0 0 0 0 0 0 0 0 0 0 0 0 0 0 0 0 0 0 0 0 0 0 0 0 0 0 0 0 0 0 0 0 0 0 0 0 0 0 0 0 0 0 0 0 0 0 0 0 0 0 0 0 0 0 0 0 0 0 0 0 0 0 0 0 0 0 0 0 0 0 0 0 0 0 0 0 0 0 0 0 0 0 0 0 0 0 0 0 0 0 0 0 0 0 0 0 0 0 0 0 0 0 0 0 0 0 0 0 0 0 0 0 0 0 0 0 0 0 0 0 0 0 0 0 0 0 0 0 0 0 0 0 0 0 0 0 0 0 0 0 0 0 0 0 0 0 0 0 0 0 0 0 0 0 0 0 0 0 0 0 0 0 0 0 0 0 0 0 0 0 0 0 0 0 0 0 0 0 0 0 0 0 0 0 0 0 0 0 0 0 0 0 0 0 0 0 0 0 0 0 0 0 0 0 0 0 0 0 0 0 0 0 0 0 0 0 0 0 0 0 0 0 0 0 0.0004884200170636177 0.001571603934280574 0.003263601567596197 0.005591787397861481 0.008659769780933857 0.01250109914690256 0.01720293238759041 0.02280931174755096 0.02933256141841412 0.03687263652682304 0.04543203860521317 0.05475026741623878 0.0648624449968338 0.07578251510858536 0.08751398324966431 0.1000614911317825 0.1131808906793594 0.1268000155687332 0.1407943814992905 0.1552014648914337 0.1700706332921982 0.1854200959205627 0.2010651677846909 0.2170089483261108 0.2333846688270569 0.2502374649047852 0.2675715088844299 0.2832668721675873 0.2949329912662506 0.300910621881485 0.3000858426094055 0.2917777895927429 0.2771888971328735 0.2633294463157654 0.2501629590988159 0.2376548051834106 0.2257720679044724 0.2144834697246552 0.2037592977285385 0.1935713291168213 0.1838927567005157 0.1746981143951416 0.16596320271492 0.1576650440692902 0.1497817933559418 0.142292708158493 0.1351780742406845 0.1284191757440567 0.1219982206821442 0.1158983111381531 0.1101033985614777 0.104598231613636 0.09936831891536713 0.09439989924430847 0.08967990428209305 0.08519590646028519 0.08093611150979996 0.07688930630683899 0.07304484397172928 0.06939259916543961 0.06592296808958054 0.06262681633234024 0.0594954751431942 0.05652070045471191 0.05369466543197632 0.05100993067026138 0.04845943301916122 0.04603645950555801 0.04373463615775108 0.04154790565371513 0.03947050869464874 0.03749698400497437 0.03562213480472565 0.03384102880954742 0.03214897587895393 0.03054152801632881 0.02901445142924786 0.02756372839212418 0.026185542345047 0.02487626485526562 0.02363245189189911 0.02245082892477512 0.0213282871991396 0.02026187255978584 0.01924877986311913 0.01828633993864059 0.01737202331423759 0.01650342158973217 0.01567825116217136 0.01489433832466602 0.01414962112903595 0.01344214007258415 0.01277003344148397 0.01213153172284365 0.01152495481073856 0.01094870734959841 0.01040127221494913 0.009881208650767803 0.009387148544192314 0.008917790837585926 0.008471901528537273 0.008048306219279766 0.007645891048014164 0.007263596635311842 0.006900416687130928 0.006555395666509867 0.006227625999599695 0.005916244816035032 0.005620432551950216 0.005339411087334156 0.00507244048640132 0.004818818531930447 0.004577877465635538 0.004348983522504568 0.00413153413683176 0.003924957476556301 0.003728709649294615 0.003542274236679077 0.003365160431712866 0.003196902340278029 0.003037057118490338 0.002885204274207354 0.002740944037213922 0.002603896893560886 0.002473701955750585 0.002350016962736845 0.002232516184449196 0.002120890421792865 0.002014845842495561 0.001914103515446186 0.001818398362956941 0.001727478462271392 0.001641104579903185 0.001559049356728792 0.001481096842326224 0.001407042029313743 0.00133668992202729 0.001269855420105159 0.001206362619996071 0.001146044465713203 0.001088742283172905 0.001034305198118091 0.0009825899032875896 0.0009334604255855083 0.0008867874275892973 0.0008424480329267681 0.000800325651653111 0.0007603093981742859 0.0007222939166240394 0.0006861792062409222 0.0006518702721223235 0.0006192767759785056 0.0005883129197172821 0.0005588972708210349 0.0005309524131007493 0.0005044047720730305 0.0004791845276486129 0.0004552252939902246 0.0004324640322010964 0.0004108408174943179 0.0003902987809851766 0.0003707838477566838 0.0003522446495480835 0.0003346324083395302 0.0003179007908329368 0.0003020057629328221 0.0002869054733309895 0.0002725601952988654 0.0002589321811683476 0.0002459855750203133 0.0002336862962692976 0.0002220019814558327 0.0002109018823830411 0.0002003567933570594 0.0001903389493236318 0.0001808219967642799 0.0001717808918328956 0.0001631918421480805 0.0001550322485854849 0.0001472806325182319 0.0001399166067130864 0.000132920773467049 0.0001262747391592711 0.0001199610051116906 0.0001139629530371167 0.0001082648086594418 0.0001028515689540654 9.770898759597912e-05 9.282353857997805e-05 8.818236528895795e-05 8.377324411412701e-05 7.958458445500582e-05 7.560535595985129e-05 7.182508852565661e-05 6.823383591836318e-05 6.482214666903019e-05 6.158104224596173e-05 5.850199158885516e-05 5.557689291890711e-05 5.279804827296175e-05 5.015814531361684e-05 4.765023913932964e-05 4.526772681856528e-05 4.300434011383913e-05 4.0854123653844e-05 3.881141674355604e-05 3.687084608827718e-05 3.502730396576226e-05 3.327593731228262e-05 3.161214044666849e-05 3.003153324243613e-05 2.852995748980902e-05 2.710345870582387e-05 2.574828613433056e-05 2.446087091811933e-05 2.323782791791018e-05 2.207593570346944e-05 2.097213837259915e-05 1.992353099922184e-05 1.892735417641234e-05 1.798098674044013e-05 1.708193667582236e-05 1.622783929633442e-05 1.541644815006293e-05 1.464562592445873e-05 1.391334444633685e-05 1.321767740591895e-05 1.255679308087565e-05 1.192895342683187e-05 1.133250589191448e-05 1.076588068826823e-05 1.02275862445822e-05 9.716206477605738e-06 9.230396244674921e-06 8.768876796239056e-06 8.330433047376573e-06 7.913911758805625e-06 7.518216079915874e-06 7.14230509402114e-06 6.785189725633245e-06 6.445930011977907e-06 6.123633284005336e-06 5.817451437906129e-06 5.526578661374515e-06 5.250249614618951e-06 4.987737156625371e-06 4.738350071420427e-06 4.501432613324141e-06 4.276360868971096e-06 4.062542757310439e-06 3.859415755869122e-06 3.666445081762504e-06 3.483122782199644e-06 3.308966597614926e-06 3.143518370052334e-06 2.986342451549717e-06 2.837025249391445e-06 2.695174089240027e-06 2.560415396146709e-06 2.432394694551476e-06 2.310775016667321e-06 2.19523622035922e-06 2.085474307023105e-06 1.981200512091164e-06 1.882140509223973e-06 1.7880335008158e-06 1.698631876934087e-06 1.61370030582475e-06 1.533015279164829e-06 1.456364543628297e-06 1.383546305078198e-06 1.314369001192972e-06 1.248650505658588e-06 1.18621801448171e-06 1.126907136494992e-06 1.070561779670243e-06 1.017033696371072e-06 9.661820286055445e-07 9.178729101222416e-07 8.71979239036591e-07 8.283802799269324e-07 7.869612659305858e-07 7.47613228213595e-07 7.102325412233768e-07 6.747209226887207e-07 6.409848651856009e-07 6.089356361371756e-07 4.007349707535468e-05 0.0003779857652261853 0.000998535193502903 0.001883843797259033
 0 0 0 0 0 0 0 0 0 0 0 0 0 0 0 0 0 0 0 0 0 0 0 0 0 0 0 0 0 0 0 0 0 0 0 0 0 0 0 0 0 0 0 0 0 0 0 0 0 0 0 0 0 0 0 0 0 0 0 0 0 0 0 0 0 0 0 0 0 0 0 0 0 0 0 0 0 0 0 0 0 0 0 0 0 0 0 0 0 0 0 0 0 0 0 0 0 0 0 0 0 0 0 0 0 0 0 0 0 0 0 0 0 0 0 0 0 0 0 0 0 0 0 0 0 0 0 0 0 0 0 0 0 0 0 0 0 0 0 0 0 0 0 0 0 0 0 0 0 0 0 0 0 0 0 0 0 0 0 0 0 0 0 0 0 0 0 0 0 0 0 0 0 0 0 0 0 0 0 0 0 0 0 0 0 0 0 0 0 0 0 0 0 0 0 0 0 0 0 0 0 0 0 0 0 0 0 0 0 0 0 0 0 0 0 0 0 0 0 0 0 0 0 0 0 0 0 0 0 0 0 0 0 0 0 0 0 0 0 0 0 0 0 0 0 0 0 0 0 0 0 0 0 0 0 0 0 0 0 0 0 0 0 0 0 0 0 0 0 0 0 0 0 0 0 0 0 0 0 0 0 0 0 0 0 0 0 0 0 0 0 0 0 0 0 0 0 0 0 0 0 0 0 0 0 0 0 0 0 0 0 0 0 0 0 0 0 0 0 0 0 0 0 0 0 0 0 0 0 0 0 0 0 0 0 0 0 0 0 0 0 0 0 0 0 0 0 0 0 0 0 0 0 0 0 0 0 0 0 0 0 0 0 0 0 0 0 0 0 0 0 0 0 0 0 0 0 0 0 0 0 0 0 0 0 0 0 0 0 0 0 0 0 0 0 0 0 0 0 0 0 0 0 0 0 0 0 0 0 0 0 0 0 0 0 0 0 0 0 0 0 0 0 0 0 0 0 0 0 0 0 0 0 0 0 0 0 0 0 0 0 0 0 0 0 0 0 0 0 0 0 0 0 0 0 0 0 0 0 0 0 0 0 0 0 0 0 0 0 0 0 0 0 0 0 0 0 0 0 0 0 0 0 0 0 0 0 0 0 0 0 0 0 0 0 0 0 0 0 0 0 0 0 0 0 0 0 0 0 0 0 0 0 0 0 0 0 0 0 0 0 0 0 0 0 0 0 0 0 0 0 0 0 0 0 0 0 0 0 0 0 0 0 0 0 0 0 0 0 0 0 0 0 0 0 0 0 0 0 0 0 0 0 0 0 0 0 0 0 0 0 0 0 0 0 0 0 0 0 0 0 0 0 0 0 0 0 0 0 0 0 0 0 0 0 0 0 0 0 0
 0 0 0 0 0 0 0 0 0 0 0 0 0 0 0 0 0 0 0 0 0 0 0 0 0 0 0 0 0 0 0 0 0 0 0 0 0 0 0 0 0 0 0 0 0 0 0 0 0 0 0 0 0 0 0 0 0 0 0 0 0 0 0 0 0 0 0 0 0 0 0 0 0 0 0 0 0 0 0 0 0 0 0 0 0 0 0 0 0 0 0 0 0 0 0 0 0 0 0 0 0 0 0 0 0 0 0 0 0 0 0 0 0 0 0 0 0 0 0 0 0 0 0 0 0 0 0 0 0 0 0 0 0 0 0 0 0 0 0 0 0 0 0 0 0 0 0 0 0 0 0 0 0 0 0 0 0 0 0 0 0 0 0 0 0 0 0 0 0 0 0 0 0 0 0 0 0 0 0 0 0 0 0 0 0 0 0 0 0 0 0 0 0 0 0 0 0 0 0 0 0 0 0 0 0 0 0 0 0 0 0 0 0 0 0 0 0 0 0 0 0 0 0 0 0 0 0 0 0 0 0 0 0 0 0 0 0 0 0 0 0 0 0 0 0 0 0 0 0 0 0 0 0 0 0 0 0 0 0 0 0 0 0 0 0 0 0 0 0 0 0 0 0 0 0 0 0 0 0 0 0 0 0 0 0 0 0 0 0 0 0 0 0 0 0 0 0 0 0 0 0 0 0 0 0 0 0 0 0 0 0 0 0 0 0 0 0 0 0 0 0 0 0 0 0 0 0 0 0 0 0 0 0 0 0 0 0 0 0 0 0 0 0 0 0 0 0 0 0 0 0 0 0 0 0 0 0 0 0 0 0 0 0 0 0 0 0 0 0 0 0 0 0 0 0 0 0 0 0 0 0 0 0 0 0 0 0 0 0 0 0 0 0 0 0 0 0 0 0 0 0 0 0 0 0 0 0 0 0 0 0 0 0 0 0 0 0 0 0 0 0 0 0 0 0 0 0 0 0 0 0 0 0 0 0 0 0 0 0 0 0 0 0 0 0 0 0 0 0 0 0 0 0 0 0 0 0 0 0 0 0 0 0 0 0 0 0 0 0 0 0 0 0 0 0 0 0 0 0 0 0 0 0 0 0 0 0 0 0 0 0 0 0 0 0 0 0 0 0 0 0 0 0 0 0 0 0 0 0 0 0 0 0 0 0 0 0 0 0 0 0 0 0 0 0 0 0 0 0 0 0 0 0 0 0 0 0 0 0 0 0 0 0 0 0 0 0 0 0 0 0 0 0 0 0 0 0 0 0 0 0 0 0 0 0 0 0 0 0 0 0 0 0 0 0 0 0 0 0 0 0 0 0 0 0 0 0 0 0 0 0 0 0 0 0 0 0 0 0 0
 0 0 0 0 0 0 0 0 0 0 0 0 0 0 0 0 0 0 0 0 0 0 0 0 0 0 0 0 0 0 0 0 0 0 0 0 0 0 0 0 0 0 0 0 0 0 0 0 0 0 0 0 0 0 0 0 0 0 0 0 0 0 0 0 0 0 0 0 0 0 0 0 0 0 0 0 0 0 0 0 0 0 0 0 0 0 0 0 0 0 0 0 0 0 0 0 0 0 0 0 0 0 0 0 0 0 0 0 0 0 0 0 0 0 0 0 0 0 0 0 0 0 0 0 0 0 0 0 0 0 0 0 0 0 0 0 0 0 0 0 0 0 0 0 0 0 0 0 0 0 0 0 0 0 0 0 0 0 0 0 0 0 0 0 0 0 0 0 0 0 0 0 0 0 0 0 0 0 0 0 0 0 0 0 0 0 0 0 0 0 0 0 0 0 0 0 0 0 0 0 0 0 0 0 0 0 0 0 0 0 0 0 0 0 0 0 0 0 0 0 0 0 0 0 0 0 0 0 0 0 0 0 0 0 0 0 0 0 0 0 0 0 0 0 0 0 0 0 0 0 0 0 0 0 0 0 0 0 0 0 0 0 0 0 0 0 0 0 0 0 0 0 0 0 0 0 0 0 0 0 0 0 0 0 0 0 0 0 0 0 0 0 0 0 0 0 0 0 0 0 0 0 0 0 0 0 0 0 0 0 0 0 0 0 0 0 0 0 0 0 0 0 0 0 0 0 0 0 0 0 0 0 0 0 0 0 0 0 0 0 0 0 0 0 0 0 0 0 0 0 0 0 0 0 0 0 0 0 0 0 0 0 0 0 0 0 0 0 0 0 0 0 0 0 0 0 0 0 0 0 0 0 0 0 0 0 0 0 0 0 0 0 0 0 0 0 0 0 0 0 0 0 0 0 0 0 0 0 0 0 0 0 0 0 0 0 0 0 0 0 0 0 0 0 0 0 0 0 0 0 0 0 0 0 0 0 0 0 0 0 0 0 0 0 0 0 0 0 0 0 0 0 0 0 0 0 0 0 0 0 0 0 0 0 0 0 0 0 0 0 0 0 0 0 0 0 0 0 0 0 0 0 0 0 0 0 0 0 0 0 0 0 0 0 0 0 0 0 0 0 0 0 0 0 0 0 0 0 0 0 0 0 0 0 0 0 0 0 0 0 0 0 0 0 0 0 0 0 0 0 0 0 0 0 0 0 0 0 0 0 0 0 0 0 0 0 0 0 0 0 0 0 0 0 0 0 0 0 0 0 0 0 0 0 0 0 0 0 0 0 0 0 0 0 0 0 0 0 0 0 0 0 0 0 0 0 0 0 0 0 0 0 0 0 0 0 0 0 0 0
 0 0 0 0 0 0 0 0 0 0 0 0 0 0 0 0 0 0 0 0 0 0 0 0 0 0 0 0 0 0 0 0 0 0 0 0 0 0 0 0 0 0 0 0 0 0 0 0 0 0 0 0 0 0 0 0 0 0 0 0 0 0 0 0 0 0 0 0 0 0 0 0 0 0 0 0 0 0 0 0 0 0 0 0 0 0 0 0 0 0 0 0 0 0 0 0 0 0 0 0 0 0 0 0 0 0 0 0 0 0 0 0 0 0 0 0 0 0 0 0 0 0 0 0 0 0 0 0 0 0 0 0 0 0 0 0 0 0 0 0 0 0 0 0 0 0 0 0 0 0 0 0 0 0 0 0 0 0 0 0 0 0 0 0 0 0 0 0 0 0 0 0 0 0 0 0 0 0 0 0 0 0 0 0 0 0 0 0 0 0 0 0 0 0 0 0 0 0 0 0 0 0 0 0 0 0 0 0 0 0 0 0 0 0 0 0 0 0 0 0 0 0 0 0 0 0 0 0 0 0 0 0 0 0 0 0 0 0 0 0 0 0 0 0 0 0 0 0 0 0 0 0 0 0 0 0 0 0 0 0 0 0 0 0 0 0 0 0 0 0 0 0 0 0 0 0 0 0 0 0 0 0 0 0 0 0 0 0 0 0 0 0 0 0 0 0 0 0 0 0 0 0 0 0 0 0 0 0 0 0.0002241395850433037 0.001026756479404867 0.00241943309083581 0.004435015376657248 0.007090134546160698 0.010457550175488 0.0145945381373167 0.01962343603372574 0.02557314932346344 0.03248782455921173 0.04037413373589516 0.04916099458932877 0.05862686783075333 0.06876413524150848 0.0796082466840744 0.09108856320381165 0.1030570566654205 0.1155707016587257 0.1286856830120087 0.1424320191144943 0.1567185521125793 0.1714846044778824 0.1866811811923981 0.2023104876279831 0.2183398008346558 0.2346969097852707 0.2514090538024902 0.2679218053817749 0.2815140187740326 0.2902972996234894 0.2930972576141357 0.2890759706497192 0.2774112820625305 0.2635407149791718 0.250363677740097 0.2378454953432083 0.225953221321106 0.2146555632352829 0.2039227783679962 0.1937266439199448 0.1840403079986572 0.1748382896184921 0.1660963743925095 0.1577915549278259 0.1499019712209702 0.1424068659543991 0.1352865248918533 0.128522202372551 0.1220960915088654 0.1159912869334221 0.1101917251944542 0.1046821400523186 0.09944803267717361 0.0944756343960762 0.08975185453891754 0.08526426553726196 0.08100105077028275 0.07695099711418152 0.07310345023870468 0.06944827735424042 0.0659758597612381 0.06267707049846649 0.05954321846365929 0.05656605586409569 0.05373775213956833 0.05105086416006088 0.04849832132458687 0.04607340693473816 0.04376973584294319 0.04158125072717667 0.03950218856334686 0.03752708062529564 0.03565072640776634 0.03386818990111351 0.03217478096485138 0.03056604228913784 0.02903774008154869 0.02758585289120674 0.02620656043291092 0.02489623241126537 0.02365142107009888 0.02246885001659393 0.02134540677070618 0.02027813717722893 0.019264230504632 0.01830101944506168 0.01738596893846989 0.01651667058467865 0.01569083705544472 0.01490629557520151 0.01416098047047853 0.01345293130725622 0.01278028450906277 0.0121412705630064 0.01153420656919479 0.01095749624073505 0.01040962152183056 0.009889140725135803 0.009394683875143528 0.008924949914216995 0.008478702045977116 0.008054766803979874 0.00765202846378088 0.007269427180290222 0.006905955728143454 0.006560658104717731 0.006232625339180231 0.005920994095504284 0.005624944344162941 0.005343697033822536 0.005076512228697538 0.004822686780244112 0.004581552464514971 0.004352475050836802 0.004134851507842541 0.0039281090721488 0.00373170361854136 0.003545118495821953 0.003367862664163113 0.003199469530954957 0.003039496019482613 0.002887521171942353 0.002743145218119025 0.002605987945571542 0.002475688466802239 0.00235190405510366 0.002234308747574687 0.002122593345120549 0.002016463782638311 0.001915640546940267 0.001819858560338616 0.001728865667246282 0.001642422401346266 0.001560301287099719 0.00148228625766933 0.001408171956427395 0.001337763387709856 0.001270875218324363 0.001207331428304315 0.001146964845247567 0.001089616562239826 0.001035135705024004 0.0009833789663389325 0.000934210023842752 0.0008874995401129127 0.0008431245805695653 0.0008009683806449175 0.0007609199383296072 0.0007228739559650421 0.00068673025816679 0.0006523937336169183 0.0006197740440256894 0.0005887853330932558 0.0005593460518866777 0.0005313787260092795 0.0005048097809776664 0.0004795692802872509 0.0004555908089969307 0.0004328112700022757 0.000411170709412545 0.0003906121710315347 0.0003710815508384258 0.0003525274805724621 0.0003349010949023068 0.0003181560314260423 0.0003022482269443572 0.0002871358301490545 0.0002727790270000696 0.0002591400698293 0.0002461830736137927 0.0002338739141123369 0.0002221802133135498 0.0002110712084686384 0.0002005176502279937 0.0001904917735373601 0.0001809671812225133 0.0001719188294373453 0.0001633228821447119 0.0001551567402202636 0.000147398910485208 0.0001400289620505646 0.0001330275117652491 0.0001263761369045824 0.0001200573315145448 0.0001140544627560303 0.000108351741801016 0.0001029341510729864 9.778744424693286e-05 9.289807348977774e-05 8.825316763250157e-05 8.384051034227014e-05 7.964848191477358e-05 7.566605927422643e-05 7.188275776570663e-05 6.828861660324037e-05 6.487418431788683e-05 6.163047510199249e-05 5.85489506192971e-05 5.562150181503966e-05 5.284042708808556e-05 5.019840682507493e-05 4.76884852105286e-05 4.53040593129117e-05 4.303885725676082e-05 4.088691275683232e-05 3.884256875608116e-05 3.690044104587287e-05 3.505541826598346e-05 3.330264735268429e-05 3.163751534884796e-05 3.005564030900132e-05 2.855285856639966e-05 2.712521563807968e-05 2.576895531092305e-05 2.44805069087306e-05 2.325648165424354e-05 2.209365811722819e-05 2.098897493851837e-05 1.993952537304722e-05 1.894254819490016e-05 1.799542042135727e-05 1.709565003693569e-05 1.624086689844262e-05 1.542882273497526e-05 1.465738205297384e-05 1.392451304127462e-05 1.322828757110983e-05 1.25668730106554e-05 1.193852949654683e-05 1.134160265792161e-05 1.077452270692447e-05 1.02357962532551e-05 9.724006304168142e-06 9.237805898010265e-06 8.775915375736076e-06 8.337119652424008e-06 7.920263669802807e-06 7.524250577262137e-06 7.148038093873765e-06 6.790636234654812e-06 6.451104582083644e-06 6.12854955761577e-06 5.822122147947084e-06 5.531016086024465e-06 5.254465122561669e-06 4.991741661797278e-06 4.742154487757944e-06 4.505046945268987e-06 4.27979466621764e-06 4.065805114805698e-06 3.862514859065413e-06 3.669389116112143e-06 3.485919705781271e-06 3.311623686386156e-06 3.146042445223429e-06 2.988740334330942e-06 2.839303306245711e-06 2.697338231882895e-06 2.562471308920067e-06 2.434347834423534e-06 2.312630385858938e-06 2.196998821091256e-06 2.087148914142745e-06 1.98279144569824e-06 1.883651862044644e-06 1.789469251889386e-06 1.699995777926233e-06 1.614995994714263e-06 1.534246166556841e-06 1.457533812754264e-06 1.384657139169576e-06 1.315424242420704e-06 1.249652996193618e-06 1.187170369121304e-06 1.127811856349581e-06 1.071421252163418e-06 1.017850195239589e-06 9.669577138993191e-07 9.186098282043531e-07 8.726793225832807e-07 8.290453479276039e-07 7.875930805312237e-07 0.0003747640002984554 0.001133735757321119 0.002280647866427898 0.003790044691413641 0.005613417364656925 0.007707410492002964 0.01005583442747593 0.01265327353030443 0.01549931801855564
 0 0 0 0 0 0 0 0 0 0 0 0 0 0 0 0 0 0 0 0 0 0 0 0 0 0 0 0 0 0 0 0 0 0 0 0 0 0 0 0 0 0 0 0 0 0 0 0 0 0 0 0 0 0 0 0 0 0 0 0 0 0 0 0 0 0 0 0 0 0 0 0 0 0 0 0 0 0 0 0 0 0 0 0 0 0 0 0 0 0 0 0 0 0 0 0 0 0 0 0 0 0 0 0 0 0 0 0 0 0 0 0 0 0 0 0 0 0 0 0 0 0 0 0 0 0 0 0 0 0 0 0 0 0 0 0 0 0 0 0 0 0 0 0 0 0 0 0 0 0 0 0 0 0 0 0 0 0 0 0 0 0 0 0 0 0 0 0 0 0 0 0 0 0 0 0 0 0 0 0 0 0 0 0 0 0 0 0 0 0 0 0 0 0 0 0 0 0 0 0 0 0 0 0 0 0 0 0 0 0 0 0 0 0 0 0 0 0 0 0 0 0 0 0 0 0 0 0 0 0 0 0 0 0 0 0 0 0 0 0 0 0 0 0 0 0 0 0 0 0 0 0 0 0 0 0 0 0 0 0 0 0 0 0 0 0 0 0 0 0 0 0 0 0 0 0 0 0 0 0 0 0 0 0 0 0 0 0 0 0 0 0 0 0 0 0 0 0 0 0 0 0 0 0 0 0 0 0 0 0 0 0 0 0 0 0 0 0 0 0 0 0 0 0 0 0 0 0 0 0 0 0 0 0 0 0 0 0 0 0 0 0 0 0 0 0 0 0 0 0 0 0 0 0 0 0 0 0 0 0 0 0 0 0 0 0 0 0 0 0 0 0 0 0 0 0 0 0 0 0 0 0 0 0 0 0 0 0 0 0 0 0 0 0 0 0 0 0 0 0 0 0 0 0 0 0 0 0 0 0 0 0 0 0 0 0 0 0 0 0 0 0 0 0 0 0 0 0 0 0 0 0 0 0 0 0 0 0 0 0 0 0 0 0 0 0 0 0 0 0 0 0 0 0 0 0 0 0 0 0 0 0 0 0 0 0 0 0 0 0 0 0 0 0 0 0 0 0 0 0 0 0 0 0 0 0 0 0 0 0 0 0 0 0 0 0 0 0 0 0 0 0 0 0 0 0 0 0 0 0 0 0 0 0 0 0 0 0 0 0 0 0 0 0 0 0 0 0 0 0 0 0 0 0 0 0 0 0 0 0 0 0 0 0 0 0 0 0 0 0 0 0 0 0 0 0 0 0 0 0 0 0 0 0 0 0 0 0 0 0 0 0 0 0 0 0 0 0 0 0 0 0 0 0 0 0 0 0 0 0 0 0 0 0 0 0 0 0 0 0
 0 0 0 0 0 0 0 0 0 0 0 0 0 0 0 0 0 0 0 0 0 0 0 0 0 0 0 0 0 0 0 0 0 0 0 0 0 0 0 0 0 0 0 0 0 0 0 0 0 0 0 0 0 0 0 0 0 0 0 0 0 0 0 0 0 0 0 0 0 0 0 0 0 0 0 0 0 0 0 0 0 0 0 0 0 0 0 0 0 0 0 0 0 0 0 0 0 0 0 0 0 0 0 0 0 0 0 0 0 0 0 0 0 0 0 0 0 0 0 0 0 0 0 0 0 0 0 0 0 0 0 0 0 0 0 0 0 0 0 0 0 0 0 0 0 0 0 0 0 0 0 0 0 0 0 0 0 0 0 0 0 0 0 0 0 0 0 0 0 0 0 0 0 0 0 0 0 0 0 0 0 0 0 0 0 0 0 0 0 0 0 0 0 0 0 0 0 0 0 0 0 0 0 0 0 0 0 0 0 0 0 0 0 0 0 0 0 0 0 0 0 0 0 0 0 0 0 0 0 0 0 0 0 0 0 0 0 0 0 0 0 0 0 0 0 0 0 0 0 0 0 0 0 0 0 0 0 0 0 0 0 0 0 0 0 0 0 0 0 0 0 0 0 0 0 0 0 0 0 0 0 0 0 0 0 0 0 0 0 0 0 0 0 0 0 0 0 0 0 0 0 0 0 0 0 0 0 0 0 0 0 0 0 0 0 0 0 0 0 0 0 0 0 0 0 0 0 0 0 0 0 0 0 0 0 0 0 0 0 0 0 0 0 0 0 0 0 0 0 0 0 0 0 0 0 0 0 0 0 0 0 0 0 0 0 0 0 0 0 0 0 0 0 0 0 0 0 0 0 0 0 0 0 0 0 0 0 0 0 0 0 0 0 0 0 0 0 0 0 0 0 0 0 0 0 0 0 0 0 0 0 0 0 0 0 0 0 0 0 0 0 0 0 0 0 0 0 0 0 0 0 0 0 0 0 0 0 0 0 0 0 0 0 0 0 0 0 0 0 0 0 0 0 0 0 0 0 0 0 0 0 0 0 0 0 0 0 0 0 0 0 0 0 0 0 0 0 0 0 0 0 0 0 0 0 0 0 0 0 0 0 0 0 0 0 0 0 0 0 0 0 0 0 0 0 0 0 0 0 0 0 0 0 0 0 0 0 0 0 0 0 0 0 0 0 0 0 0 0 0 0 0 0 0 0 0 0 0 0 0 0 0 0 0 0 0 0 0 0 0 0 0 0 0 0 0 0 0 0 0 0 0 0 0 0 0 0 0 0 0 0 0 0 0 0 0 0 0 0 0 0 0 0 0 0 0 0 0 0 0 0 0 0 0 0 0 0 0 0 0
 0 0 0 0 0 0 0 0 0 0 0 0 0 0 0 0 0 0 0 0 0 0 0 0 0 0 0 0 0 0 0 0 0 0 0 0 0 0 0 0 0 0 0 0 0 0 0 0 0 0 0 0 0 0 0 0 0 0 0 0 0 0 0 0 0 0 0 0 0 0 0 0 0 0 0 0 0 0 0 0 0 0 0 0 0 0 0 0 0 0 0 0 0 0 0 0 0 0 0 0 0 0 0 0 0 0 0 0 0 0 0 0 0 0 0 0 0 0 0 0 0 0 0 0 0 0 0 0 0 0 0 0 0 0 0 0 0 0 0 0 0 0 0 0 0 0 0 0 0 0 0 0 0 0 0 0 0 0 0 0 0 0 0 0 0 0 0 0 0 0 0 0 0 0 0 0 0 0 0 0 0 0 0 0 0 0 0 0 0 0 0 0 0 0 0 0 0 0 0 0 0 0 0 0 0 0 0 0 0 0 0 0 0 0 0 0 0 0 0 0 0 0 0 0 0 0 0 0 0 0 0 0 0 0 0 0 0 0 0 0 0 0 0 0 0 0 0 0 0 0 0 0 0 0 0 0 0 0 0 0 0 0 0 0 0 0 0 0 0 0 0 0 0 0 0 0 0 0 0 0 0 0 0 0 0 0 0 0 0 0 0 0 0 0 0 0 0 0 0 0 0 0 0 0 0 0 0 0 0 0 0 0 0 0 0 0 0 0 0 0 0 0 0 0 0 0 0 0 0 0 0 0 0 0 0 0 0 0 0 0 0 0 0 0 0 0 0 0 0 0 0 0 0 0 0 0 0 0 0 0 0 0 0 0 0 0 0 0 0 0 0 0 0 0 0 0 0 0 0 0 0 0 0 0 0 0 0 0 0 0 0 0 0 0 0 0 0 0 0 0 0 0 0 0 0 0 0 0 0 0 0 0 0 0 0 0 0 0 0 0 0 0 0 0 0 0 0 0 0 0 0 0 0 0 0 0 0 0 0 0 0 0 0 0 0 0 0 0 0 0 0 0 0 0 0 0 0 0 0 0 0 0 0 0 0 0 0 0 0 0 0 0 0 0 0 0 0 0 0 0 0 0 0 0 0 0 0 0 0 0 0 0 0 0 0 0 0 0 0 0 0 0 0 0 0 0 0 0 0 0 0 0 0 0 0 0 0 0 0 0 0 0 0 0 0 0 0 0 0 0 0 0 0 0 0 0 0 0 0 0 0 0 0 0 0 0 0 0 0 0 0 0 0 0 0 0 0 0 0 0 0 0 0 0 0 0 0 0 0 0 0 0 0 0 0 0 0 0 0 0 0 0 0 0 0 0 0 0 0 0 0 0 0 0 0 0 0 0 0 0
 0 0 0 0 0 0 0 0 0 0 0 0 0 0 0 0 0 0 0 0 0 0 0 0 0 0 0 0 0 0 0 0 0 0 0 0 0 0 0 0 0 0 0 0 0 0 0 0 0 0 0 0 0 0 0 0 0 0 0 0 0 0 0 0 0 0 0 0 0 0 0 0 0 0 0 0 0 0 0 0 0 0 0 0 0 0 0 0 0 0 0 0 0 0 0 0 0 0 0 0 0 0 0 0 0 0 0 0 0 0 0 0 0 0 0 0 0 0 0 0 0 0 0 0 0 0 0 0 0 0 0 0 0 0 0 0 0 0 0 0 0 0 0 0 0 0 0 0 0 0 0 0 0 0 0 0 0 0 0 0 0 0 0 0 0 0 0 0 0 0 0 0 0 0 0 0 0 0 0 0 0 0 0 0 0 0 0 0 0 0 0 0 0 0 0 0 0 0 0 0 0 0 0 0 0 0 0 0 0 0 0 0 0 0 0 0 0 0 0 0 0 0 0 0 0 0 0 0 0 0 0 0 0 0 0 0 0 0 0 0 0 0 0 0 0 0 0 0 0 0 0 0 0 0 0 0 0 0 0 0 0 0 0 0 0 0 0 0 0 0 0 0 0 0 0 0 0 0 0 0 0 0 0 0 0 0 0 0 0 0 0 0 0 0 0 0 0 0 0 0 0 0 0 0 0 0 0 0 0 0 0 0.0001005589219857939 0.0007829227834008634 0.002067714929580688 0.003991068806499243 0.006615106016397476 0.01002184394747019 0.01426906324923038 0.01937567256391048 0.02534535713493824 0.03226702287793159 0.04018473997712135 0.04913364350795746 0.0588097870349884 0.06920256465673447 0.08036457747220993 0.09226144850254059 0.1046876907348633 0.1176190227270126 0.1311776340007782 0.1451593041419983 0.159575030207634 0.1744504272937775 0.1896660774946213 0.205156221985817 0.2209971845149994 0.2372616678476334 0.2539920508861542 0.2705256342887878 0.2840716540813446 0.2927607297897339 0.2953791320323944 0.2909508943557739 0.2788761258125305 0.2649323344230652 0.2516857087612152 0.2391014248132706 0.2271463572978973 0.2157890349626541 0.2049995809793472 0.1947496086359024 0.1850121319293976 0.1757615208625793 0.1669734418392181 0.1586247682571411 0.1506935358047485 0.1431588530540466 0.1360009163618088 0.1292008757591248 0.1227408349514008 0.1166037917137146 0.1107736006379128 0.1052349209785461 0.0999731719493866 0.09497451037168503 0.09022578597068787 0.08571449667215347 0.08142877370119095 0.07735733687877655 0.0734894722700119 0.06981499493122101 0.06632424890995026 0.06300804018974304 0.05985763669013977 0.05686475336551666 0.05402151495218277 0.05132044106721878 0.04875442013144493 0.04631669819355011 0.04400086402893066 0.04180081933736801 0.03971077874302864 0.03772523999214172 0.03583897650241852 0.03404702618718147 0.03234467655420303 0.03072744235396385 0.02919106930494308 0.0277315154671669 0.02634494006633759 0.02502769231796265 0.02377630770206451 0.02258749306201935 0.02145811915397644 0.02038521319627762 0.0193659532815218 0.01839765533804893 0.01747777312994003 0.01660388521850109 0.01577369123697281 0.01498500630259514 0.01423575635999441 0.01352396886795759 0.01284777000546455 0.01220538187772036 0.0115951132029295 0.01101535744965076 0.01046459004282951 0.009941360913217068 0.009444292634725571 0.008972077630460262 0.008523473516106606 0.008097300305962563 0.007692435290664434 0.007307813502848148 0.006942423060536385 0.006595301907509565 0.00626553688198328 0.005952259991317987 0.005654647015035152 0.005371914710849524 0.005103318952023983 0.004848152864724398 0.004605745431035757 0.004375458229333162 0.004156685434281826 0.003948851022869349 0.003751408541575074 0.003563838079571724 0.003385646268725395 0.003216363955289125 0.003055545734241605 0.002902768552303314 0.00275763007812202 0.002619748469442129 0.00248876097612083 0.002364323008805513 0.00224610697478056 0.002133801579475403 0.00202711159363389 0.001925755990669131 0.001829468179494143 0.001737994723953307 0.001651094993576407 0.001568540232256055 0.00149011320900172 0.001415607519447803 0.001344827120192349 0.001277585746720433 0.001213706447742879 0.001153021119534969 0.001095370040275156 0.0010406015207991 0.0009885714389383793 0.0009391428902745247 0.0008921857224777341 0.0008475764188915491 0.0008051975746639073 0.0007649377221241593 0.0007266908651217818 0.0006903563044033945 0.0006558384629897773 0.0006230465369299054 0.0005918942042626441 0.0005622995086014271 0.0005341845098882914 0.0005074752843938768 0.0004821015172637999 0.000457996444310993 0.0004350966191850603 0.0004133417969569564 0.0003926747012883425 0.0003730409662239254 0.0003543889033608139 0.0003366694436408579 0.0003198359627276659 0.0003038441645912826 0.0002886519650928676 0.0002742193755693734 0.0002605084155220538 0.0002474829962011427 0.0002351088478462771 0.0002233534032711759 0.000212185739655979 0.0002015764475800097 0.0001914976310217753 0.0001819227472878993 0.0001728266070131212 0.0001641852722968906 0.0001559760130476207 0.000148177205119282 0.0001407683448633179 0.0001337299327133223 0.0001270434295292944 0.0001206912565976381 0.0001146566937677562 0.0001089238576241769 0.0001034776651067659 9.830378257902339e-05 9.338859672425315e-05 8.871916361385956e-05 8.428320870734751e-05 8.006904681678861e-05 7.606559665873647e-05 7.226231537060812e-05 6.864919851068407e-05 6.521673640236259e-05 6.195589958224446e-05 5.885810605832376e-05 5.591519948211499e-05 5.311943823471665e-05 5.046346632298082e-05 4.794029155164026e-05 4.554327824735083e-05 4.326611451688223e-05 4.110280860913917e-05 3.904766708728857e-05 3.709528391482309e-05 3.524051862768829e-05 3.347849269630387e-05 3.18045676976908e-05 3.021433985850308e-05 2.870362368412316e-05 2.726844286371488e-05 2.590502117527649e-05 2.460976975271478e-05 2.337928162887692e-05 2.22103171836352e-05 2.109980050590821e-05 2.004481029871386e-05 1.904256896523293e-05 1.80904407898197e-05 1.718591920507606e-05 1.632662315387279e-05 1.551029163238127e-05 1.473477732361061e-05 1.399803841195535e-05 1.329813676420599e-05 1.263322974409675e-05 1.200156839331612e-05 1.140149015554925e-05 1.083141523849918e-05 1.028984479489736e-05 9.775352737051435e-06 9.286584827350453e-06 8.822255949780811e-06 8.381142833968624e-06 7.962085874169134e-06 7.563981398561737e-06 7.185782123997342e-06 6.82649306327221e-06 6.485168341896497e-06 6.160909833852202e-06 5.852864433109062e-06 5.560221325140446e-06 5.282210167933954e-06 5.018099727749359e-06 4.767194695887156e-06 4.528834779193858e-06 4.302392881072592e-06 4.087273282493697e-06 3.882909823005321e-06 3.688764309117687e-06 3.504326059555751e-06 3.329109858896118e-06 3.162654365951312e-06 3.00452165902243e-06 2.854295644283411e-06 2.711580918912659e-06 2.576001861598343e-06 2.44720172304369e-06 2.324841716472292e-06 2.208599653386045e-06 2.098169716191478e-06 1.993261321331374e-06 1.893598209790071e-06 1.798918333406618e-06 1.708972376945894e-06 1.6235237580986e-06 1.542347604299721e-06 1.465230184294342e-06 1.391968680763966e-06 1.322370280831819e-06 1.256251721315493e-06 1.193439175040112e-06 1.13376722765679e-06 1.077078877642634e-06 1.023224967866554e-06 9.7206373084191e-07 9.234605613528402e-07 8.772875617069076e-07 8.334232006745879e-07 7.917520292721747e-07 0.0003307044389657676 0.001056227250955999 0.002169105224311352 0.003618955612182617 0.005376943852752447 0.0074089290574193 0.009692315012216568
 0 0 0 0 0 0 0 0 0 0 0 0 0 0 0 0 0 0 0 0 0 0 0 0 0 0 0 0 0 0 0 0 0 0 0 0 0 0 0 0 0 0 0 0 0 0 0 0 0 0 0 0 0 0 0 0 0 0 0 0 0 0 0 0 0 0 0 0 0 0 0 0 0 0 0 0 0 0 0 0 0 0 0 0 0 0 0 0 0 0 0 0 0 0 0 0 0 0 0 0 0 0 0 0 0 0 0 0 0 0 0 0 0 0 0 0 0 0 0 0 0 0 0 0 0 0 0 0 0 0 0 0 0 0 0 0 0 0 0 0 0 0 0 0 0 0 0 0 0 0 0 0 0 0 0 0 0 0 0 0 0 0 0 0 0 0 0 0 0 0 0 0 0 0 0 0 0 0 0 0 0 0 0 0 0 0 0 0 0 0 0 0 0 0 0 0 0 0 0 0 0 0 0 0 0 0 0 0 0 0 0 0 0 0 0 0 0 0 0 0 0 0 0 0 0 0 0 0 0 0 0 0 0 0 0 0 0 0 0 0 0 0 0 0 0 0 0 0 0 0 0 0 0 0 0 0 0 0 0 0 0 0 0 0 0 0 0 0 0 0 0 0 0 0 0 0 0 0 0 0 0 0 0 0 0 0 0 0 0 0 0 0 0 0 0 0 0 0 0 0 0 0 0 0 0 0 0 0 0 0 0 0 0 0 0 0 0 0 0 0 0 0 0 0 0 0 0 0 0 0 0 0 0 0 0 0 0 0 0 0 0 0 0 0 0 0 0 0 0 0 0 0 0 0 0 0 0 0 0 0 0 0 0 0 0 0 0 0 0 0 0 0 0 0 0 0 0 0 0 0 0 0 0 0 0 0 0 0 0 0 0 0 0 0 0 0 0 0 0 0 0 0 0 0 0 0 0 0 0 0 0 0 0 0 0 0 0 0 0 0 0 0 0 0 0 0 0 0 0 0 0 0 0 0 0 0 0 0 0 0 0 0 0 0 0 0 0 0 0 0 0 0 0 0 0 0 0 0 0 0 0 0 0 0 0 0 0 0 0 0 0 0 0 0 0 0 0 0 0 0 0 0 0 0 0 0 0 0 0 0 0 0 0 0 0 0 0 0 0 0 0 0 0 0 0 0 0 0 0 0 0 0 0 0 0 0 0 0 0 0 0 0 0 0 0 0 0 0 0 0 0 0 0 0 0 0 0 0 0 0 0 0 0 0 0 0 0 0 0 0 0 0 0 0 0 0 0 0 0 0 0 0 0 0 0 0 0 0 0 0 0 0 0 0 0 0 0 0 0 0 0 0 0 0 0 0 0 0 0 0 0 0 0 0 0 0 0 0 0 0
 0 0 0 0 0 0 0 0 0 0 0 0 0 0 0 0 0 0 0 0 0 0 0 0 0 0 0 0 0 0 0 0 0 0 0 0 0 0 0 0 0 0 0 0 0 0 0 0 0 0 0 0 0 0 0 0 0 0 0 0 0 0 0 0 0 0 0 0 0 0 0 0 0 0 0 0 0 0 0 0 0 0 0 0 0 0 0 0 0 0 0 0 0 0 0 0 0 0 0 0 0 0 0 0 0 0 0 0 0 0 0 0 0 0 0 0 0 0 0 0 0 0 0 0 0 0 0 0 0 0 0 0 0 0 0 0 0 0 0 0 0 0 0 0 0 0 0 0 0 0 0 0 0 0 0 0 0 0 0 0 0 0 0 0 0 0 0 0 0 0 0 0 0 0 0 0 0 0 0 0 0 0 0 0 0 0 0 0 0 0 0 0 0 0 0 0 0 0 0 0 0 0 0 0 0 0 0 0 0 0 0 0 0 0 0 0 0 0 0 0 0 0 0 0 0 0 0 0 0 0 0 0 0 0 0 0 0 0 0 0 0 0 0 0 0 0 0 0 0 0 0 0 0 0 0 0 0 0 0 0 0 0 0 0 0 0 0 0 0 0 0 0 0 0 0 0 0 0 0 0 0 0 0 0 0 0 0 0 0 0 0 0 0 0 0 0 0 0 0 0 0 0 0 0 0 0 0 0 0 0 0 0 0 0 0 0 0 0 0 0 0 0 0 0 0 0 0 0 0 0 0 0 0 0 0 0 0 0 0 0 0 0 0 0 0 0 0 0 0 0 0 0 0 0 0 0 0 0 0 0 0 0 0 0 0 0 0 0 0 0 0 0 0 0 0 0 0 0 0 0 0 0 0 0 0 0 0 0 0 0 0 0 0 0 0 0 0 0 0 0 0 0 0 0 0 0 0 0 0 0 0 0 0 0 0 0 0 0 0 0 0 0 0 0 0 0 0 0 0 0 0 0 0 0 0 0 0 0 0 0 0 0 0 0 0 0 0 0 0 0 0 0 0 0 0 0 0 0 0 0 0 0 0 0 0 0 0 0 0 0 0 0 0 0 0 0 0 0 0 0 0 0 0 0 0 0 0 0 0 0 0 0 0 0 0 0 0 0 0 0 0 0 0 0 0 0 0 0 0 0 0 0 0 0 0 0 0 0 0 0 0 0 0 0 0 0 0 0 0 0 0 0 0 0 0 0 0 0 0 0 0 0 0 0 0 0 0 0 0 0 0 0 0 0 0 0 0 0 0 0 0 0 0 0 0 0 0 0 0 0 0 0 0 0 0 0 0 0 0 0 0 0 0 0 0 0 0 0 0 0 0 0 0 0 0 0 0 0 0 0
 0 0 0 0 0 0 0 0 0 0 0 0 0 0 0 0 0 0 0 0 0 0 0 0 0 0 0 0 0 0 0 0 0 0 0 0 0 0 0 0 0 0 0 0 0 0 0 0 0 0 0 0 0 0 0 0 0 0 0 0 0 0 0 0 0 0 0 0 0 0 0 0 0 0 0 0 0 0 0 0 0 0 0 0 0 0 0 0 0 0 0 0 0 0 0 0 0 0 0 0 0 0 0 0 0 0 0 0 0 0 0 0 0 0 0 0 0 0 0 0 0 0 0 0 0 0 0 0 0 0 0 0 0 0 0 0 0 0 0 0 0 0 0 0 0 0 0 0 0 0 0 0 0 0 0 0 0 0 0 0 0 0 0 0 0 0 0 0 0 0 0 0 0 0 0 0 0 0 0 0 0 0 0 0 0 0 0 0 0 0 0 0 0 0 0 0 0 0 0 0 0 0 0 0 0 0 0 0 0 0 0 0 0 0 0 0 0 0 0 0 0 0 0 0 0 0 0 0 0 0 0 0 0 0 0 0 0 0 0 0 0 0 0 0 0 0 0 0 0 0 0 0 0 0 0 0 0 0 0 0 0 0 0 0 0 0 0 0 0 0 0 0 0 0 0 0 0 0 0 0 0 0 0 0 0 0 0 0 0 0 0 0 0 0 0 0 0 0 0 0 0 0 0 0 0 0 0 0 0 0 0 0 0 0 0 0 0 0 0 0 0 0 0 0 0 0 0 0 0 0 0 0 0 0 0 0 0 0 0 0 0 0 0 0 0 0 0 0 0 0 0 0 0 0 0 0 0 0 0 0 0 0 0 0 0 0 0 0 0 0 0 0 0 0 0 0 0 0 0 0 0 0 0 0 0 0 0 0 0 0 0 0 0 0 0 0 0 0 0 0 0 0 0 0 0 0 0 0 0 0 0 0 0 0 0 0 0 0 0 0 0 0 0 0 0 0 0 0 0 0 0 0 0 0 0 0 0 0 0 0 0 0 0 0 0 0 0 0 0 0 0 0 0 0 0 0 0 0 0 0 0 0 0 0 0 0 0 0 0 0 0 0 0 0 0 0 0 0 0 0 0 0 0 0 0 0 0 0 0 0 0 0 0 0 0 0 0 0 0 0 0 0 0 0 0 0 0 0 0 0 0 0 0 0 0 0 0 0 0 0 0 0 0 0 0 0 0 0 0 0 0 0 0 0 0 0 0 0 0 0 0 0 0 0 0 0 0 0 0 0 0 0 0 0 0 0 0 0 0 0 0 0 0 0 0 0 0 0 0 0 0 0 0 0 0 0 0 0 0 0 0 0 0 0 0 0 0 0 0 0 0 0 0 0 0 0 0 0 0 0
 0 0 0 0 0 0 0 0 0 0 0 0 0 0 0 0 0 0 0 0 0 0 0 0 0 0 0 0 0 0 0 0 0 0 0 0 0 0 0 0 0 0 0 0 0 0 0 0 0 0 0 0 0 0 0 0 0 0 0 0 0 0 0 0 0 0 0 0 0 0 0 0 0 0 0 0 0 0 0 0 0 0 0 0 0 0 0 0 0 0 0 0 0 0 0 0 0 0 0 0 0 0 0 0 0 0 0 0 0 0 0 0 0 0 0 0 0 0 0 0 0 0 0 0 0 0 0 0 0 0 0 0 0 0 0 0 0 0 0 0 0 0 0 0 0 0 0 0 0 0 0 0 0 0 0 0 0 0 0 0 0 0 0 0 0 0 0 0 0 0 0 0 0 0 0 0 0 0 0 0 0 0 0 0 0 0 0 0 0 0 0 0 0 0 0 0 0 0 0 0 0 0 0 0 0 0 0 0 0 0 0 0 0 0 0 0 0 0 0 0 0 0 0 0 0 0 0 0 0 0 0 0 0 0 0 0 0 0 0 0 0 0 0 0 0 0 0 0 0 0 0 0 0 0 0 0 0 0 0 0 0 0 0 0 0 0 0 0 0 0 0 0 0 0 0 0 0 0 0 0 0 0 0 0 0 0 0 0 0 0 0 0 0 0 0 0 0 0 0 0 0 0 0 0 0 0 0 0 9.368771861772984e-05 0.0007512756274081767 0.002057020552456379 0.004030894488096237 0.006727911066263914 0.01017145812511444 0.01447133719921112 0.01969712600111961 0.02589784376323223 0.0330931581556797 0.04127367958426476 0.05039938166737556 0.06028500199317932 0.07086793333292007 0.08216601610183716 0.09406469762325287 0.1065185964107513 0.1195384711027145 0.1331843137741089 0.1475102305412292 0.1623862981796265 0.1777769923210144 0.1936332881450653 0.2098976522684097 0.226465716958046 0.2433933317661285 0.2606507539749146 0.2773138582706451 0.2906478047370911 0.2988996505737305 0.3008675873279572 0.2957138121128082 0.282587468624115 0.2684580981731415 0.2550351917743683 0.242283433675766 0.230169266462326 0.2186608016490936 0.2077277600765228 0.1973413676023483 0.1874742954969406 0.1781005859375 0.1691955626010895 0.1607357859611511 0.1526989936828613 0.145064041018486 0.1378108412027359 0.1309203058481216 0.1243742927908897 0.1181555762887001 0.1122477948665619 0.1066354066133499 0.1013036370277405 0.09623845666646957 0.0914265364408493 0.0868552103638649 0.08251245319843292 0.0783868283033371 0.0744674876332283 0.0707441121339798 0.06720690429210663 0.06384655833244324 0.06065423041582108 0.05762152001261711 0.05474044382572174 0.05200342088937759 0.04940325021743774 0.04693308845162392 0.0445864349603653 0.04235711321234703 0.04023925587534904 0.03822729364037514 0.0363159291446209 0.0345001332461834 0.03277512639760971 0.03113636933267117 0.02957955002784729 0.02810057252645493 0.02669554390013218 0.02536076679825783 0.02409272827208042 0.02288809232413769 0.02174368686974049 0.02065650187432766 0.01962367631494999 0.01864249259233475 0.01771036721765995 0.01682484894990921 0.01598360575735569 0.01518442574888468 0.01442520413547754 0.01370394416153431 0.01301874686032534 0.01236780919134617 0.01174941845238209 0.01116194762289524 0.01060385070741177 0.01007365807890892 0.009569975547492504 0.009091476909816265 0.008636903017759323 0.008205058053135872 0.007794805336743593 0.00740506500005722 0.007034811656922102 0.00668307114392519 0.006348917726427317 0.006031471770256758 0.00572989834472537 0.005443403497338295 0.00517123332247138 0.004912671633064747 0.004667038097977638 0.004433686379343271 0.004212002269923687 0.004001402296125889 0.003801332088187337 0.003611265448853374 0.00343070225790143 0.003259167075157166 0.003096208674833179 0.002941398182883859 0.002794328378513455 0.002654612064361572 0.002521881368011236 0.00239578727632761 0.002275998005643487 0.002162198070436716 0.002054088283330202 0.001951383892446756 0.001853814697824419 0.00176112400367856 0.001673067803494632 0.001589414430782199 0.001509943744167686 0.001434446545317769 0.001362724229693413 0.001294587971642613 0.001229858607985079 0.001168365706689656 0.001109947450459003 0.001054450054652989 0.001001727534458041 0.0009516411810182035 0.0009040590957738459 0.0008588561322540045 0.0008159133139997721 0.0007751176599413157 0.0007363617769442499 0.0006995436851866543 0.000664566527120769 0.0006313382182270288 0.0005997713305987418 0.0005697827436961234 0.0005412935861386359 0.0005142288864590228 0.0004885174566879869 0.0004640915722120553 0.0004408870008774102 0.0004188426537439227 0.0003979005268774927 0.000378005497623235 0.0003591052372939885 0.0003411499783396721 0.0003240924852434546 0.0003078878507949412 0.0002924934669863433 0.0002778687921818346 0.0002639753511175513 0.0002507765893824399 0.0002382377570029348 0.0002263258647872135 0.000215009567909874 0.0002042590931523591 0.0001940461370395496 0.000184343836735934 0.0001751266390783712 0.0001663703005760908 0.0001580517855472863 0.0001501491933595389 0.0001426417293259874 0.0001355096464976668 0.0001287341583520174 0.0001222974533447996 0.0001161825784947723 0.0001103734466596507 0.0001048547710524872 9.961203613784164e-05 9.463143214816228e-05 8.989986235974357e-05 8.540487033315003e-05 8.1134625361301e-05 7.707789336564019e-05 7.322400051634759e-05 6.95627968525514e-05 6.608465628232807e-05 6.278042565099895e-05 5.964140291325748e-05 5.665933349519037e-05 5.382636663853191e-05 5.113504812470637e-05 4.857829480897635e-05 4.614938006852753e-05 4.384191197459586e-05 4.164981510257348e-05 3.956732325605117e-05 3.758895763894543e-05 3.570950866560452e-05 3.392403232282959e-05 3.222783197998069e-05 3.061644019908272e-05 2.90856187348254e-05 2.763133852567989e-05 2.624977241794113e-05 2.493728425179143e-05 2.369041976635344e-05 2.250589932373259e-05 2.138060517609119e-05 2.031157418969087e-05 1.929599602590315e-05 1.833119677030481e-05 1.741463711368851e-05 1.654390507610515e-05 1.571671054989565e-05 1.493087529524928e-05 1.41843311212142e-05 1.347511442872928e-05 1.28013589346665e-05 1.216129112435738e-05 1.155322661361424e-05 1.097556560125668e-05 1.042678741214331e-05 9.905447768687736e-06 9.410175152879674e-06 8.939666258811485e-06 8.492683264194056e-06 8.068049282883294e-06 7.664646545890719e-06 7.281414127646713e-06 6.917343398527009e-06 6.571476205863291e-06 6.242902600206435e-06 5.930757652095053e-06 5.634219633066095e-06 5.352508651412791e-06 5.084883014205843e-06 4.830638772546081e-06 4.58910699308035e-06 4.359651484264759e-06 4.141668796364684e-06 3.934585492970655e-06 3.73785633200896e-06 3.550963583620614e-06 3.373415438545635e-06 3.204744643880986e-06 3.044507366212201e-06 2.89228205474501e-06 2.747667849689606e-06 2.610284354886971e-06 2.479770046193153e-06 2.35578158935823e-06 2.237992475784267e-06 2.126092795151635e-06 2.019788098550634e-06 1.91879871636047e-06 1.822858735067712e-06 1.731715769892617e-06 1.645129941607593e-06 1.562873421789845e-06 1.484729750700353e-06 1.410493268849677e-06 1.339968548563775e-06 1.272970166610321e-06 1.209321681017173e-06 1.148855631072365e-06 1.091412855203089e-06 1.036842263602011e-06 9.850001561062527e-07 9.357501653539657e-07 8.889626315067289e-07 8.445144885627087e-07 8.022887527658895e-07 7.621742952323984e-07 7.24065557733411e-07 6.878622684780566e-07 6.534691578963248e-07 6.2079567442197e-07 5.897558708056749e-07 5.413667895481922e-05 0.0003912585962098092 0.001002761069685221 0.001877090195193887
 0 0 0 0 0 0 0 0 0 0 0 0 0 0 0 0 0 0 0 0 0 0 0 0 0 0 0 0 0 0 0 0 0 0 0 0 0 0 0 0 0 0 0 0 0 0 0 0 0 0 0 0 0 0 0 0 0 0 0 0 0 0 0 0 0 0 0 0 0 0 0 0 0 0 0 0 0 0 0 0 0 0 0 0 0 0 0 0 0 0 0 0 0 0 0 0 0 0 0 0 0 0 0 0 0 0 0 0 0 0 0 0 0 0 0 0 0 0 0 0 0 0 0 0 0 0 0 0 0 0 0 0 0 0 0 0 0 0 0 0 0 0 0 0 0 0 0 0 0 0 0 0 0 0 0 0 0 0 0 0 0 0 0 0 0 0 0 0 0 0 0 0 0 0 0 0 0 0 0 0 0 0 0 0 0 0 0 0 0 0 0 0 0 0 0 0 0 0 0 0 0 0 0 0 0 0 0 0 0 0 0 0 0 0 0 0 0 0 0 0 0 0 0 0 0 0 0 0 0 0 0 0 0 0 0 0 0 0 0 0 0 0 0 0 0 0 0 0 0 0 0 0 0 0 0 0 0 0 0 0 0 0 0 0 0 0 0 0 0 0 0 0 0 0 0 0 0 0 0 0 0 0 0 0 0 0 0 0 0 0 0 0 0 0 0 0 0 0 0 0 0 0 0 0 0 0 0 0 0 0 0 0 0 0 0 0 0 0 0 0 0 0 0 0 0 0 0 0 0 0 0 0 0 0 0 0 0 0 0 0 0 0 0 0 0 0 0 0 0 0 0 0 0 0 0 0 0 0 0 0 0 0 0 0 0 0 0 0 0 0 0 0 0 0 0 0 0 0 0 0 0 0 0 0 0 0 0 0 0 0 0 0 0 0 0 0 0 0 0 0 0 0 0 0 0 0 0 0 0 0 0 0 0 0 0 0 0 0 0 0 0 0 0 0 0 0 0 0 0 0 0 0 0 0 0 0 0 0 0 0 0 0 0 0 0 0 0 0 0 0 0 0 0 0 0 0 0 0 0 0 0 0 0 0 0 0 0 0 0 0 0 0 0 0 0 0 0 0 0 0 0 0 0 0 0 0 0 0 0 0 0 0 0 0 0 0 0 0 0 0 0 0 0 0 0 0 0 0 0 0 0 0 0 0 0 0 0 0 0 0 0 0 0 0 0 0 0 0 0 0 0 0 0 0 0 0 0 0 0 0 0 0 0 0 0 0 0 0 0 0 0 0 0 0 0 0 0 0 0 0 0 0 0 0 0 0 0 0 0 0 0 0 0 0 0 0 0 0 0 0 0 0 0 0 0 0 0 0 0 0 0 0 0 0 0 0 0 0 0 0
 0 0 0 0 0 0 0 0 0 0 0 0 0 0 0 0 0 0 0 0 0 0 0 0 0 0 0 0 0 0 0 0 0 0 0 0 0 0 0 0 0 0 0 0 0 0 0 0 0 0 0 0 0 0 0 0 0 0 0 0 0 0 0 0 0 0 0 0 0 0 0 0 0 0 0 0 0 0 0 0 0 0 0 0 0 0 0 0 0 0 0 0 0 0 0 0 0 0 0 0 0 0 0 0 0 0 0 0 0 0 0 0 0 0 0 0 0 0 0 0 0 0 0 0 0 0 0 0 0 0 0 0 0 0 0 0 0 0 0 0 0 0 0 0 0 0 0 0 0 0 0 0 0 0 0 0 0 0 0 0 0 0 0 0 0 0 0 0 0 0 0 0 0 0 0 0 0 0 0 0 0 0 0 0 0 0 0 0 0 0 0 0 0 0 0 0 0 0 0 0 0 0 0 0 0 0 0 0 0 0 0 0 0 0 0 0 0 0 0 0 0 0 0 0 0 0 0 0 0 0 0 0 0 0 0 0 0 0 0 0 0 0 0 0 0 0 0 0 0 0 0 0 0 0 0 0 0 0 0 0 0 0 0 0 0 0 0 0 0 0 0 0 0 0 0 0 0 0 0 0 0 0 0 0 0 0 0 0 0 0 0 0 0 0 0 0 0 0 0 0 0 0 0 0 0 0 0 0 0 0 0 0 0 0 0 0 0 0 0 0 0 0 0 0 0 0 0 0 0 0 0 0 0 0 0 0 0 0 0 0 0 0 0 0 0 0 0 0 0 0 0 0 0 0 0 0 0 0 0 0 0 0 0 0 0 0 0 0 0 0 0 0 0 0 0 0 0 0 0 0 0 0 0 0 0 0 0 0 0 0 0 0 0 0 0 0 0 0 0 0 0 0 0 0 0 0 0 0 0 0 0 0 0 0 0 0 0 0 0 0 0 0 0 0 0 0 0 0 0 0 0 0 0 0 0 0 0 0 0 0 0 0 0 0 0 0 0 0 0 0 0 0 0 0 0 0 0 0 0 0 0 0 0 0 0 0 0 0 0 0 0 0 0 0 0 0 0 0 0 0 0 0 0 0 0 0 0 0 0 0 0 0 0 0 0 0 0 0 0 0 0 0 0 0 0 0 0 0 0 0 0 0 0 0 0 0 0 0 0 0 0 0 0 0 0 0 0 0 0 0 0 0 0 0 0 0 0 0 0 0 0 0 0 0 0 0 0 0 0 0 0 0 0 0 0 0 0 0 0 0 0 0 0 0 0 0 0 0 0 0 0 0 0 0 0 0 0 0 0 0 0 0 0 0 0 0 0 0 0 0 0 0 0 0 0 0 0 0 0 0
 0 0 0 0 0 0 0 0 0 0 0 0 0 0 0 0 0 0 0 0 0 0 0 0 0 0 0 0 0 0 0 0 0 0 0 0 0 0 0 0 0 0 0 0 0 0 0 0 0 0 0 0 0 0 0 0 0 0 0 0 0 0 0 0 0 0 0 0 0 0 0 0 0 0 0 0 0 0 0 0 0 0 0 0 0 0 0 0 0 0 0 0 0 0 0 0 0 0 0 0 0 0 0 0 0 0 0 0 0 0 0 0 0 0 0 0 0 0 0 0 0 0 0 0 0 0 0 0 0 0 0 0 0 0 0 0 0 0 0 0 0 0 0 0 0 0 0 0 0 0 0 0 0 0 0 0 0 0 0 0 0 0 0 0 0 0 0 0 0 0 0 0 0 0 0 0 0 0 0 0 0 0 0 0 0 0 0 0 0 0 0 0 0 0 0 0 0 0 0 0 0 0 0 0 0 0 0 0 0 0 0 0 0 0 0 0 0 0 0 0 0 0 0 0 0 0 0 0 0 0 0 0 0 0 0 0 0 0 0 0 0 0 0 0 0 0 0 0 0 0 0 0 0 0 0 0 0 0 0 0 0 0 0 0 0 0 0 0 0 0 0 0 0 0 0 0 0 0 0 0 0 0 0 0 0 0 0 0 0 0 0 0 0 0 0 0 0 0 0 0 0 0 0 0 0 0 0 0 0 0 0 0 0 0 0 0 0 0 0 0 0 0 0 0 0 0 0 0 0 0 0 0 0 0 0 0 0 0 0 0 0 0 0 0 0 0 0 0 0 0 0 0 0 0 0 0 0 0 0 0 0 0 0 0 0 0 0 0 0 0 0 0 0 0 0 0 0 0 0 0 0 0 0 0 0 0 0 0 0 0 0 0 0 0 0 0 0 0 0 0 0 0 0 0 0 0 0 0 0 0 0 0 0 0 0 0 0 0 0 0 0 0 0 0 0 0 0 0 0 0 0 0 0 0 0 0 0 0 0 0 0 0 0 0 0 0 0 0 0 0 0 0 0 0 0 0 0 0 0 0 0 0 0 0 0 0 0 0 0 0 0 0 0 0 0 0 0 0 0 0 0 0 0 0 0 0 0 0 0 0 0 0 0 0 0 0 0 0 0 0 0 0 0 0 0 0 0 0 0 0 0 0 0 0 0 0 0 0 0 0 0 0 0 0 0 0 0 0 0 0 0 0 0 0 0 0 0 0 0 0 0 0 0 0 0 0 0 0 0 0 0 0 0 0 0 0 0 0 0 0 0 0 0 0 0 0 0 0 0 0 0 0 0 0 0 0 0 0 0 0 0 0 0 0 0 0 0 0 0 0 0 0 0 0 0 0 0 0 0 0
 0 0 0 0 0 0 0 0 0 0 0 0 0 0 0 0 0 0 0 0 0 0 0 0 0 0 0 0 0 0 0 0 0 0 0 0 0 0 0 0 0 0 0 0 0 0 0 0 0 0 0 0 0 0 0 0 0 0 0 0 0 0 0 0 0 0 0 0 0 0 0 0 0 0 0 0 0 0 0 0 0 0 0 0 0 0 0 0 0 0 0 0 0 0 0 0 0 0 0 0 0 0 0 0 0 0 0 0 0 0 0 0 0 0 0 0 0 0 0 0 0 0 0 0 0 0 0 0 0 0 0 0 0 0 0 0 0 0 0 0 0 0 0 0 0 0 0 0 0 0 0 0 0 0 0 0 0 0 0 0 0 0 0 0 0 0 0 0 0 0 0 0 0 0 0 0 0 0 0 0 0 0 0 0 0 0 0 0 0 0 0 0 0 0 0 0 0 0 0 0 0 0 0 0 0 0 0 0 0 0 0 0 0 0 0 0 0 0 0 0 0 0 0 0 0 0 0 0 0 0 0 0 0 0 0 0 0 0 0 0 0 0 0 0 0 0 0 0 0 0 0 0 0 0 0 0 0 0 0 0 0 0 0 0 0 0 0 0 0 0 0 0 0 0 0 0 0 0 0 0 0 0 0 0 0 0 0 0 0 0 0 0 0 0 0 0 0 0 0 0 0 0 0 0 0 0 0 0 0 0 0.0005332541768439114 0.001661057351157069 0.003387498669326305 0.005814247764647007 0.008986734785139561 0.01293590664863586 0.01772469468414783 0.02341020852327347 0.03006694093346596 0.03771595656871796 0.04634414613246918 0.05571919679641724 0.06580020487308502 0.07664386928081512 0.08826617151498795 0.1005372777581215 0.1132766529917717 0.1265107095241547 0.1403438150882721 0.1546087861061096 0.1693341434001923 0.1845255643129349 0.2001932114362717 0.2162260264158249 0.2327264547348022 0.2497448474168777 0.2672941982746124 0.2829745709896088 0.2944933176040649 0.3003556430339813 0.2994369268417358 0.2910048067569733 0.2764545679092407 0.2626318335533142 0.2495002448558807 0.2370252311229706 0.2251739650964737 0.2139152735471725 0.2032195031642914 0.1930585205554962 0.1834055930376053 0.1742353141307831 0.1655235439538956 0.1572473645210266 0.1493849903345108 0.1419157385826111 0.1348199546337128 0.1280789524316788 0.121675007045269 0.1155912578105927 0.1098116934299469 0.1043211072683334 0.09910505264997482 0.09414979815483093 0.08944230526685715 0.08497019112110138 0.08072168380022049 0.07668559998273849 0.07285132259130478 0.06920875608921051 0.06574831902980804 0.06246090307831764 0.05933785811066628 0.05637096613645554 0.05355241894721985 0.05087479948997498 0.04833105951547623 0.04591450840234756 0.04361878335475922 0.04143784567713737 0.03936595469713211 0.03739765658974648 0.03552777320146561 0.03375138342380524 0.03206381574273109 0.03046062588691711 0.02893759496510029 0.02749071456491947 0.02611617930233479 0.02481037005782127 0.02356985211372375 0.02239136025309563 0.02127179130911827 0.0202082023024559 0.01919779181480408 0.01823790185153484 0.01732600666582584 0.01645970717072487 0.01563672162592411 0.01485488563776016 0.01411214098334312 0.01340653374791145 0.01273620687425137 0.01209939643740654 0.01149442698806524 0.01091970596462488 0.01037372089922428 0.00985503476113081 0.009362283162772655 0.008894168771803379 0.008449460379779339 0.008026987314224243 0.007625638041645288 0.007244355976581573 0.006882138084620237 0.006538031157106161 0.006211129482835531 0.00590057298541069 0.005605544429272413 0.005325267091393471 0.005059003829956055 0.004806053824722767 0.004565751180052757 0.004337463527917862 0.004120590165257454 0.003914560656994581 0.00371883250772953 0.003532890928909183 0.003356246277689934 0.003188434056937695 0.00302901235409081 0.002877561841160059 0.002733683679252863 0.002596999518573284 0.002467149635776877 0.002343792235478759 0.002226602518931031 0.002115272451192141 0.002009508898481727 0.001909033395349979 0.001813581679016352 0.001722902641631663 0.001636757515370846 0.001554919639602304 0.001477173645980656 0.001403314992785454 0.001333149266429245 0.001266491832211614 0.001203167252242565 0.001143008936196566 0.001085858442820609 0.001031565479934216 0.0009799872059375048 0.0009309878223575652 0.0008844384574331343 0.0008402165258303285 0.0007982057286426425 0.0007582954131066799 0.0007203806308098137 0.0006843616138212383 0.0006501435418613255 0.0006176363676786423 0.0005867545260116458 0.0005574168171733618 0.0005295459995977581 0.0005030686734244227 0.0004779152513947338 0.0004540194931905717 0.0004313185054343194 0.0004097525670658797 0.000389264925615862 0.0003698016807902604 0.0003513116098474711 0.0003337460220791399 0.0003170587297063321 0.0003012057859450579 0.0002861454850062728 0.0002718382165767252 0.0002582463202998042 0.0002453339984640479 0.0002330673014512286 0.0002214139385614544 0.0002103432489093393 0.0001998260850086808 0.0001898347836686298 0.0001803430495783687 0.0001713258970994502 0.0001627596066100523 0.0001546216226415709 0.000146890539326705 0.0001395460130879655 0.0001325687189819291 0.0001259402779396623 0.0001196432640426792 0.0001136611026595347 0.0001079780486179516 0.0001025791425490752 9.745018905960023e-05 9.257767669623718e-05 8.794879249762744e-05 8.355134923476726e-05 7.93737854110077e-05 7.540509977843612e-05 7.163484406191856e-05 6.805310113122687e-05 6.465044862125069e-05 6.141792982816696e-05 5.834703188156709e-05 5.542967846849933e-05 5.265819345368072e-05 5.002528268960305e-05 4.75240194646176e-05 4.514781903708354e-05 4.289042772143148e-05 4.074590469826944e-05 3.870861110044643e-05 3.677318090922199e-05 3.493452095426619e-05 3.31877963617444e-05 3.152840508846566e-05 2.995198519784026e-05 2.845438575604931e-05 2.703166683204472e-05 2.56800831266446e-05 2.439607851556502e-05 2.317627513548359e-05 2.201746065111365e-05 2.091658825520426e-05 1.987075847864617e-05 1.887722100946121e-05 1.793336014088709e-05 1.703669295238797e-05 1.618485839571804e-05 1.537561547593214e-05 1.460683506593341e-05 1.387649354001042e-05 1.31826691358583e-05 1.252353558811592e-05 1.189735849038698e-05 1.130249074776657e-05 1.073736621037824e-05 1.020049785438459e-05 9.690473234513775e-06 9.205949936585966e-06 8.745652849029284e-06 8.308370524900965e-06 7.892951543908566e-06 7.498304057662608e-06 7.123388968466315e-06 6.767219474568265e-06 6.428858341678279e-06 6.107415629230672e-06 5.802045052405447e-06 5.511942617886234e-06 5.236345714365598e-06 4.974528565071523e-06 4.725802227767417e-06 4.489512321015354e-06 4.265036750439322e-06 4.051784799230518e-06 3.8491957639053e-06 3.656735998447402e-06 3.473899141681613e-06 3.30020429828437e-06 3.135193992420682e-06 2.978434395117802e-06 2.829512595781125e-06 2.688037056941539e-06 2.553635113144992e-06 2.425953425699845e-06 2.304655708940118e-06 2.189422957599163e-06 2.07995185519394e-06 1.975954319277662e-06 1.877156591945095e-06 1.783298785085208e-06 1.694133857199631e-06 1.609427158655308e-06 1.528955749563465e-06 1.452507945032266e-06 1.379882519358944e-06 1.310888364969287e-06 1.245343923983455e-06 1.183076733468624e-06 1.1239228570048e-06 1.067726770997979e-06 1.014340455185447e-06 9.636233926357818e-07 9.154422286883346e-07 8.696700888322084e-07 8.261865787062561e-07 7.848772725083109e-07 7.456334287780919e-07 7.083517630235292e-07 6.72934163503669e-07 6.392874638549984e-07 6.073231020309322e-07 0.000203308169147931 0.0006850580684840679 0.001435940153896809
 0 0 0 0 0 0 0 0 0 0 0 0 0 0 0 0 0 0 0 0 0 0 0 0 0 0 0 0 0 0 0 0 0 0 0 0 0 0 0 0 0 0 0 0 0 0 0 0 0 0 0 0 0 0 0 0 0 0 0 0 0 0 0 0 0 0 0 0 0 0 0 0 0 0 0 0 0 0 0 0 0 0 0 0 0 0 0 0 0 0 0 0 0 0 0 0 0 0 0 0 0 0 0 0 0 0 0 0 0 0 0 0 0 0 0 0 0 0 0 0 0 0 0 0 0 0 0 0 0 0 0 0 0 0 0 0 0 0 0 0 0 0 0 0 0 0 0 0 0 0 0 0 0 0 0 0 0 0 0 0 0 0 0 0 0 0 0 0 0 0 0 0 0 0 0 0 0 0 0 0 0 0 0 0 0 0 0 0 0 0 0 0 0 0 0 0 0 0 0 0 0 0 0 0 0 0 0 0 0 0 0 0 0 0 0 0 0 0 0 0 0 0 0 0 0 0 0 0 0 0 0 0 0 0 0 0 0 0 0 0 0 0 0 0 0 0 0 0 0 0 0 0 0 0 0 0 0 0 0 0 0 0 0 0 0 0 0 0 0 0 0 0 0 0 0 0 0 0 0 0 0 0 0 0 0 0 0 0 0 0 0 0 0 0 0 0 0 0 0 0 0 0 0 0 0 0 0 0 0 0 0 0 0 0 0 0 0 0 0 0 0 0 0 0 0 0 0 0 0 0 0 0 0 0 0 0 0 0 0 0 0 0 0 0 0 0 0 0 0 0 0 0 0 0 0 0 0 0 0 0 0 0 0 0 0 0 0 0 0 0 0 0 0 0 0 0 0 0 0 0 0 0 0 0 0 0 0 0 0 0 0 0 0 0 0 0 0 0 0 0 0 0 0 0 0 0 0 0 0 0 0 0 0 0 0 0 0 0 0 0 0 0 0 0 0 0 0 0 0 0 0 0 0 0 0 0 0 0 0 0 0 0 0 0 0 0 0 0 0 0 0 0 0 0 0 0 0 0 0 0 0 0 0 0 0 0 0 0 0 0 0 0 0 0 0 0 0 0 0 0 0 0 0 0 0 0 0 0 0 0 0 0 0 0 0 0 0 0 0 0 0 0 0 0 0 0 0 0 0 0 0 0 0 0 0 0 0 0 0 0 0 0 0 0 0 0 0 0 0 0 0 0 0 0 0 0 0 0 0 0 0 0 0 0 0 0 0 0 0 0 0 0 0 0 0 0 0 0 0 0 0 0 0 0 0 0 0 0 0 0 0 0 0 0 0 0 0 0 0 0 0 0 0 0 0 0 0 0 0 0 0 0 0 0 0 0 0 0 0 0
 0 0 0 0 0 0 0 0 0 0 0 0 0 0 0 0 0 0 0 0 0 0 0 0 0 0 0 0 0 0 0 0 0 0 0 0 0 0 0 0 0 0 0 0 0 0 0 0 0 0 0 0 0 0 0 0 0 0 0 0 0 0 0 0 0 0 0 0 0 0 0 0 0 0 0 0 0 0 0 0 0 0 0 0 0 0 0 0 0 0 0 0 0 0 0 0 0 0 0 0 0 0 0 0 0 0 0 0 0 0 0 0 0 0 0 0 0 0 0 0 0 0 0 0 0 0 0 0 0 0 0 0 0 0 0 0 0 0 0 0 0 0 0 0 0 0 0 0 0 0 0 0 0 0 0 0 0 0 0 0 0 0 0 0 0 0 0 0 0 0 0 0 0 0 0 0 0 0 0 0 0 0 0 0 0 0 0 0 0 0 0 0 0 0 0 0 0 0 0 0 0 0 0 0 0 0 0 0 0 0 0 0 0 0 0 0 0 0 0 0 0 0 0 0 0 0 0 0 0 0 0 0 0 0 0 0 0 0 0 0 0 0 0 0 0 0 0 0 0 0 0 0 0 0 0 0 0 0 0 0 0 0 0 0 0 0 0 0 0 0 0 0 0 0 0 0 0 0 0 0 0 0 0 0 0 0 0 0 0 0 0 0 0 0 0 0 0 0 0 0 0 0 0 0 0 0 0 0 0 0 0 0 0 0 0 0 0 0 0 0 0 0 0 0 0 0 0 0 0 0 0 0 0 0 0 0 0 0 0 0 0 0 0 0 0 0 0 0 0 0 0 0 0 0 0 0 0 0 0 0 0 0 0 0 0 0 0 0 0 0 0 0 0 0 0 0 0 0 0 0 0 0 0 0 0 0 0 0 0 0 0 0 0 0 0 0 0 0 0 0 0 0 0 0 0 0 0 0 0 0 0 0 0 0 0 0 0 0 0 0 0 0 0 0 0 0 0 0 0 0 0 0 0 0 0 0 0 0 0 0 0 0 0 0 0 0 0 0 0 0 0 0 0 0 0 0 0 0 0 0 0 0 0 0 0 0 0 0 0 0 0 0 0 0 0 0 0 0 0 0 0 0 0 0 0 0 0 0 0 0 0 0 0 0 0 0 0 0 0 0 0 0 0 0 0 0 0 0 0 0 0 0 0 0 0 0 0 0 0 0 0 0 0 0 0 0 0 0 0 0 0 0 0 0 0 0 0 0 0 0 0 0 0 0 0 0 0 0 0 0 0 0 0 0 0 0 0 0 0 0 0 0 0 0 0 0 0 0 0 0 0 0 0 0 0 0 0 0 0 0 0 0 0 0 0 0 0 0 0 0 0 0 0 0 0 0 0 0 0 0


# name: r_0_m15_G0_L0p3_D0p7
# type: matrix
# rows: 1
# columns: 14
 0 -15 0.2 0 0.3 0 -8.483065000000002 0 0 0.1053495034160105 0 140 1.788854381999832 0.7




