# Created by Octave 3.8.2, Mon Jun 19 12:02:37 2017 BST <co1ssj@node117>
# name: result
# type: scalar struct
# ndims: 2
 1 1
# length: 3
# name: params
# type: scalar struct
# ndims: 2
 1 1
# length: 18
# name: cleanup
# type: scalar
0


# name: num_runs
# type: scalar
6


# name: dopamine
# type: scalar
0.7


# name: targetCross
# type: scalar
1


# name: targetLuminance
# type: scalar
0.3


# name: targetWidthX
# type: scalar
6


# name: targetWidthY
# type: scalar
2


# name: fixCross
# type: scalar
1


# name: fixLuminance
# type: scalar
0.2


# name: fixWidthX
# type: scalar
6


# name: fixWidthY
# type: scalar
2


# name: fixOn
# type: scalar
0


# name: targetOff
# type: scalar
1


# name: targetOn
# type: scalar
0.2


# name: fixOff
# type: scalar
0.2


# name: targetThetaX
# type: scalar
0


# name: targetThetaY
# type: scalar
-14


# name: exptnum
# type: scalar
0




# name: r_0_m14_G0_L0p3_D0p7_llbn
# type: matrix
# rows: 24
# columns: 600
 0 0 0 0 0 0 0 0 0 0 0 0 0 0 0 0 0 0 0 0 0 0 0 0 0 0 0 0 0 0 0 0 0 0 0 0 0 0 0 0 0 0 0 0 0 0 0 0 0 0 0 0 0 0 0 0 0 0 0 0 0 0 0 0 0 0 0 0 0 0 0 0 0 0 0 0 0 0 0 0 0 0 0 0 0 0 0 0 0 0 0 0 0 0 0 0 0 0 0 0 0 0 0 0 0 0 0 0 0 0 0 0 0 0 0 0 0 0 0 0 0 0 0 0 0 0 0 0 0 0 0 0 0 0 0 0 0 0 0 0 0 0 0 0 0 0 0 0 0 0 0 0 0 0 0 0 0 0 0 0 0 0 0 0 0 0 0 0 0 0 0 0 0 0 0 0 0 0 0 0 0 0 0 0 0 0 0 0 0 0 0 0 0 0 0 0 0 0 0 0 0 0 0 0 0 0 0 0 0 0 0 0 0 0 0 0 0 0 0 0 0 0 0 0 0 0 0 0 0 0 0 0 0 0 0 0 0 0 0 0 0 0 0 0 0 0 0 0 0 0 0 0 0 0 0 0 0 0 0 0 0 0 0 0 0 0 0 0 0 0 0 0 0 0 0 0 0 0 0 0 0 0 0 0 0 0 0 0 0 0 0 0 0 0 0 0 0 0 0 0 0 0 0 0 0 0 0 0 0 0 0 0 0 0 0 0 0 0 0 0 0 0 0 0 0 0 0 0 0 0 0 0 0 0 0 0 0 0 0 0 0 0 0 0 0 0 0 0 0 0 0 0 0 0 0 0 0 0 0 0 0 0 0 0 0 0 0 0 0 0 0 0 0 0 0 0 0 0 0 0 0 0 0 0 0 0 0 0 0 0 0 0 0 0 0 0 0 0 0 0 0 0 0 0 0 0 0 0 0 0 0 0 0 0 0 0 0 0 0 0 0 0 0 0 0 0 0 0 0 0 0 0 0 0 0 0 0 0 0 0 0 0 0 0 0 0 0 0 0 0 0 0 0 0 0 0 0 0 0 0 0 0 0 0 0 0 0 0 0 0 0 0 0 0 0 0 0 0 0 0 0 0 0 0 0 0 0 0 0 0 0 0 0 0 0 0 0 0 0 0 0 0 0 0 0 0 0 0 0 0 0 0 0 0 0 0 0 0 0 0 0 0 0 0 0 0 0 0 0 0 0 0 0 0 0 0 0 0 0 0 0 0 0 0 0 0 0 0 0 0 0 0 0 0 0 0 0 0 0 0 0 0 0 0 0 0 0 0 0 0 0 0 0 0 0 0 0 0 0 0 0 0 0 0 0 0 0 0 0 0 0 0 0 0 0 0 0 0 0 0
 0 0 0 0 0 0 0 0 0 0 0 0 0 0 0 0 0 0 0 0 0 0 0 0 0 0 0 0 0 0 0 0 0 0 0 0 0 0 0 0 0 0 0 0 0 0 0 0 0 0 0 0 0 0 0 0 0 0 0 0 0 0 0 0 0 0 0 0 0 0 0 0 0 0 0 0 0 0 0 0 0 0 0 0 0 0 0 0 0 0 0 0 0 0 0 0 0 0 0 0 0 0 0 0 0 0 0 0 0 0 0 0 0 0 0 0 0 0 0 0 0 0 0 0 0 0 0 0 0 0 0 0 0 0 0 0 0 0 0 0 0 0 0 0 0 0 0 0 0 0 0 0 0 0 0 0 0 0 0 0 0 0 0 0 0 0 0 0 0 0 0 0 0 0 0 0 0 0 0 0 0 0 0 0 0 0 0 0 0 0 0 0 0 0 0 0 0 0 0 0 0 0 0 0 0 0 0 0 0 0 0 0 0 0 0 0 0 0 0 0 0 0 0 0 0 0 0 0 0 0 0 0 0 0 0 0 0 0 0 0 0 0 0 0 0 0 0 0 0 0 0 0 0 0 0 0 0 0 0 0 0 0 0 0 0 0 0 0 0 0 0 0 0 0 0 0 0 0 0 0 0 0 0 0 0 0 0 0 0 0 0 0 0 0 0 0 0 0 0 0 0 0 0 0 0 0 0 0 0 0 0 0 0.0002491066406946629 0.001011308515444398 0.002338563092052937 0.004285906441509724 0.006879894062876701 0.01017371192574501 0.01420643925666809 0.01901394315063953 0.02467964589595795 0.03112586587667465 0.03836657106876373 0.04637011513113976 0.05502493306994438 0.06429783999919891 0.07416429370641708 0.08452005684375763 0.09523540735244751 0.1062904745340347 0.1176786944270134 0.129333034157753 0.1412753015756607 0.1535402834415436 0.1661356538534164 0.1790324151515961 0.1922464966773987 0.20565365254879 0.2192398756742477 0.2330579310655594 0.2453354448080063 0.2541531026363373 0.258070170879364 0.2561942040920258 0.2478953301906586 0.2355005592107773 0.2237255275249481 0.2125392556190491 0.2019122987985611 0.1918166875839233 0.1822258532047272 0.1731145679950714 0.164458841085434 0.1562359035015106 0.1484241038560867 0.141002893447876 0.1339527517557144 0.1272551119327545 0.1208923533558846 0.1148477345705032 0.1091053485870361 0.1036500781774521 0.09846757352352142 0.09354419261217117 0.08886698633432388 0.08442363888025284 0.08020246028900146 0.07619233429431915 0.07238271832466125 0.06876358389854431 0.06532540172338486 0.06205913051962852 0.05895617231726646 0.05600836500525475 0.05320794507861137 0.05054754763841629 0.04802016913890839 0.04561915993690491 0.04333820194005966 0.04117128998041153 0.03911272436380386 0.0371570885181427 0.03529923409223557 0.03353427350521088 0.03185756132006645 0.03026468306779861 0.02875144965946674 0.02731387689709663 0.02594818361103535 0.02465077489614487 0.02341823652386665 0.0222473256289959 0.02113495953381062 0.02007821202278137 0.01907430216670036 0.01812058687210083 0.01721455715596676 0.01635382883250713 0.01553613692522049 0.01475933007895947 0.0140213631093502 0.01332029514014721 0.01265428029000759 0.01202156580984592 0.01142048742622137 0.01084946282207966 0.01030698977410793 0.009791640564799309 0.009302058257162571 0.008836955763399601 0.00839510839432478 0.007975352928042412 0.007576585281640291 0.007197755854576826 0.006837868131697178 0.006495974957942963 0.006171176210045815 0.005862617399543524 0.005569486413151026 0.005291012115776539 0.005026461556553841 0.004775138571858406 0.004536381457000971 0.004309562500566244 0.00409408425912261 0.003889380022883415 0.003694911021739244 0.003510165493935347 0.003334657289087772 0.003167924471199512 0.003009528154507279 0.002859051804989576 0.002716099144890904 0.002580294152721763 0.002451279433444142 0.002328715519979596 0.00221227970905602 0.002101665828377008 0.001996582606807351 0.001896753441542387 0.001801915816031396 0.00171182001940906 0.00162622903008014 0.001544917584396899 0.00146767171099782 0.001394288148730993 0.001324573764577508 0.001258345087990165 0.001195427845232189 0.001135656493715942 0.001078873639926314 0.001024929923005402 0.0009736834326758981 0.0009249992435798049 0.0008787492988631129 0.0008348118280991912 0.0007930712308734655 0.0007534176693297923 0.0007157467771321535 0.0006799594266340137 0.0006459614378400147 0.0006136633455753326 0.0005829801666550338 0.0005538311670534313 0.000526139629073441 0.0004998326767235994 0.0004748410428874195 0.0004510989820118994 0.000428544037276879 0.0004071168368682265 0.0003867610066663474 0.0003674229665193707 0.0003490518138278276 0.0003315992362331599 0.0003150192787870765 0.0002992683148477226 0.000284304900560528 0.0002700896584428847 0.0002565851900726557 0.0002437559305690229 0.0002315681340405717 0.0002199897280661389 0.0002089902409352362 0.0001985407288884744 0.0001886136888060719 0.0001791830000001937 0.0001702238514553756 0.0001617126545170322 0.0001536270283395424 0.0001459456834709272 0.000138648392749019 0.0001317159767495468 0.0001251301728188992 0.0001188736641779542 0.0001129299780586734 0.000107283478428144 0.0001019193077809177 9.682334348326549e-05 9.198217594530433e-05 8.738306496525183e-05 8.30139106255956e-05 7.886321691330522e-05 7.49200553400442e-05 7.117405039025471e-05 6.761535041732714e-05 6.423458398785442e-05 6.102285624365322e-05 5.797171252197586e-05 5.507312744157389e-05 5.231947216088884e-05 4.970349982613698e-05 4.721832374343649e-05 4.485740646487102e-05 4.261453432263806e-05 4.048380651511252e-05 3.845961691695265e-05 3.653663588920608e-05 3.470980300335214e-05 3.297431248938665e-05 3.132559504592791e-05 2.975931602122728e-05 2.82713499473175e-05 2.685778235900216e-05 2.551489342295099e-05 2.423914884275291e-05 2.302719076396897e-05 2.187583049817476e-05 2.078203942801338e-05 1.9742938093259e-05 1.87557907338487e-05 1.781800165190361e-05 1.692710065981373e-05 1.608074489922728e-05 1.527670792711433e-05 1.451287243980914e-05 1.378722845402081e-05 1.30978669403703e-05 1.244297345692758e-05 1.182082451123279e-05 1.122978301282274e-05 1.066829372575739e-05 1.013487872114638e-05 9.628134648664854e-06 9.146728189080022e-06 8.689391506777611e-06 8.254922249761876e-06 7.842176273697987e-06 7.450067641912028e-06 7.077564077917486e-06 6.723686055920552e-06 6.38750179859926e-06 6.068126822356135e-06 5.764720299339388e-06 5.476484147948213e-06 5.202659849601332e-06 4.942527084494941e-06 4.695400548371254e-06 4.460630407265853e-06 4.237598659528885e-06 4.025718681077706e-06 3.824432951660128e-06 3.633211235865019e-06 3.451550583122298e-06 3.278973053966183e-06 3.115024355793139e-06 2.95927316074085e-06 2.811309514072491e-06 2.670743924682029e-06 2.537206682973192e-06 2.410346269243746e-06 2.28982889893814e-06 2.17533738577913e-06 2.066570459646755e-06 1.963241857083631e-06 1.865079752860765e-06 1.771825736796018e-06 1.683234472693584e-06 1.599072788849298e-06 1.51911910961644e-06 1.443163114345225e-06 1.371004941574938e-06 1.302454734286584e-06 1.237331957781862e-06 1.175465399683162e-06 1.11669214675203e-06 1.060857584889163e-06 1.007814717013389e-06 0.0002550412900745869 0.0008966761524789035 0.001914214110001922 0.003306243102997541 0.005039429292082787 0.007028516381978989 0.009276560507714748 0.01177295856177807 0.01452130079269409 0.01751710660755634 0.02073241397738457 0.02415771223604679 0.02778112143278122
 0 0 0 0 0 0 0 0 0 0 0 0 0 0 0 0 0 0 0 0 0 0 0 0 0 0 0 0 0 0 0 0 0 0 0 0 0 0 0 0 0 0 0 0 0 0 0 0 0 0 0 0 0 0 0 0 0 0 0 0 0 0 0 0 0 0 0 0 0 0 0 0 0 0 0 0 0 0 0 0 0 0 0 0 0 0 0 0 0 0 0 0 0 0 0 0 0 0 0 0 0 0 0 0 0 0 0 0 0 0 0 0 0 0 0 0 0 0 0 0 0 0 0 0 0 0 0 0 0 0 0 0 0 0 0 0 0 0 0 0 0 0 0 0 0 0 0 0 0 0 0 0 0 0 0 0 0 0 0 0 0 0 0 0 0 0 0 0 0 0 0 0 0 0 0 0 0 0 0 0 0 0 0 0 0 0 0 0 0 0 0 0 0 0 0 0 0 0 0 0 0 0 0 0 0 0 0 0 0 0 0 0 0 0 0 0 0 0 0 0 0 0 0 0 0 0 0 0 0 0 0 0 0 0 0 0 0 0 0 0 0 0 0 0 0 0 0 0 0 0 0 0 0 0 0 0 0 0 0 0 0 0 0 0 0 0 0 0 0 0 0 0 0 0 0 0 0 0 0 0 0 0 0 0 0 0 0 0 0 0 0 0 0 0 0 0 0 0 0 0 0 0 0 0 0 0 0 0 0 0 0 0 0 0 0 0 0 0 0 0 0 0 0 0 0 0 0 0 0 0 0 0 0 0 0 0 0 0 0 0 0 0 0 0 0 0 0 0 0 0 0 0 0 0 0 0 0 0 0 0 0 0 0 0 0 0 0 0 0 0 0 0 0 0 0 0 0 0 0 0 0 0 0 0 0 0 0 0 0 0 0 0 0 0 0 0 0 0 0 0 0 0 0 0 0 0 0 0 0 0 0 0 0 0 0 0 0 0 0 0 0 0 0 0 0 0 0 0 0 0 0 0 0 0 0 0 0 0 0 0 0 0 0 0 0 0 0 0 0 0 0 0 0 0 0 0 0 0 0 0 0 0 0 0 0 0 0 0 0 0 0 0 0 0 0 0 0 0 0 0 0 0 0 0 0 0 0 0 0 0 0 0 0 0 0 0 0 0 0 0 0 0 0 0 0 0 0 0 0 0 0 0 0 0 0 0 0 0 0 0 0 0 0 0 0 0 0 0 0 0 0 0 0 0 0 0 0 0 0 0 0 0 0 0 0 0 0 0 0 0 0 0 0 0 0 0 0 0 0 0 0 0 0 0 0 0 0 0 0 0 0 0 0 0 0 0 0 0 0 0 0 0 0 0 0 0 0 0 0 0 0 0 0 0 0 0 0 0 0 0
 0 0 0 0 0 0 0 0 0 0 0 0 0 0 0 0 0 0 0 0 0 0 0 0 0 0 0 0 0 0 0 0 0 0 0 0 0 0 0 0 0 0 0 0 0 0 0 0 0 0 0 0 0 0 0 0 0 0 0 0 0 0 0 0 0 0 0 0 0 0 0 0 0 0 0 0 0 0 0 0 0 0 0 0 0 0 0 0 0 0 0 0 0 0 0 0 0 0 0 0 0 0 0 0 0 0 0 0 0 0 0 0 0 0 0 0 0 0 0 0 0 0 0 0 0 0 0 0 0 0 0 0 0 0 0 0 0 0 0 0 0 0 0 0 0 0 0 0 0 0 0 0 0 0 0 0 0 0 0 0 0 0 0 0 0 0 0 0 0 0 0 0 0 0 0 0 0 0 0 0 0 0 0 0 0 0 0 0 0 0 0 0 0 0 0 0 0 0 0 0 0 0 0 0 0 0 0 0 0 0 0 0 0 0 0 0 0 0 0 0 0 0 0 0 0 0 0 0 0 0 0 0 0 0 0 0 0 0 0 0 0 0 0 0 0 0 0 0 0 0 0 0 0 0 0 0 0 0 0 0 0 0 0 0 0 0 0 0 0 0 0 0 0 0 0 0 0 0 0 0 0 0 0 0 0 0 0 0 0 0 0 0 0 0 0 0 0 0 0 0 0 0 0 0 0 0 0 0 0 0 0 0 0 0 0 0 0 0 0 0 0 0 0 0 0 0 0 0 0 0 0 0 0 0 0 0 0 0 0 0 0 0 0 0 0 0 0 0 0 0 0 0 0 0 0 0 0 0 0 0 0 0 0 0 0 0 0 0 0 0 0 0 0 0 0 0 0 0 0 0 0 0 0 0 0 0 0 0 0 0 0 0 0 0 0 0 0 0 0 0 0 0 0 0 0 0 0 0 0 0 0 0 0 0 0 0 0 0 0 0 0 0 0 0 0 0 0 0 0 0 0 0 0 0 0 0 0 0 0 0 0 0 0 0 0 0 0 0 0 0 0 0 0 0 0 0 0 0 0 0 0 0 0 0 0 0 0 0 0 0 0 0 0 0 0 0 0 0 0 0 0 0 0 0 0 0 0 0 0 0 0 0 0 0 0 0 0 0 0 0 0 0 0 0 0 0 0 0 0 0 0 0 0 0 0 0 0 0 0 0 0 0 0 0 0 0 0 0 0 0 0 0 0 0 0 0 0 0 0 0 0 0 0 0 0 0 0 0 0 0 0 0 0 0 0 0 0 0 0 0 0 0 0 0 0 0 0 0 0 0 0 0 0 0 0 0 0 0 0 0 0 0 0 0 0 0 0 0 0 0 0 0 0 0 0 0 0 0 0 0
 0 0 0 0 0 0 0 0 0 0 0 0 0 0 0 0 0 0 0 0 0 0 0 0 0 0 0 0 0 0 0 0 0 0 0 0 0 0 0 0 0 0 0 0 0 0 0 0 0 0 0 0 0 0 0 0 0 0 0 0 0 0 0 0 0 0 0 0 0 0 0 0 0 0 0 0 0 0 0 0 0 0 0 0 0 0 0 0 0 0 0 0 0 0 0 0 0 0 0 0 0 0 0 0 0 0 0 0 0 0 0 0 0 0 0 0 0 0 0 0 0 0 0 0 0 0 0 0 0 0 0 0 0 0 0 0 0 0 0 0 0 0 0 0 0 0 0 0 0 0 0 0 0 0 0 0 0 0 0 0 0 0 0 0 0 0 0 0 0 0 0 0 0 0 0 0 0 0 0 0 0 0 0 0 0 0 0 0 0 0 0 0 0 0 0 0 0 0 0 0 0 0 0 0 0 0 0 0 0 0 0 0 0 0 0 0 0 0 0 0 0 0 0 0 0 0 0 0 0 0 0 0 0 0 0 0 0 0 0 0 0 0 0 0 0 0 0 0 0 0 0 0 0 0 0 0 0 0 0 0 0 0 0 0 0 0 0 0 0 0 0 0 0 0 0 0 0 0 0 0 0 0 0 0 0 0 0 0 0 0 0 0 0 0 0 0 0 0 0 0 0 0 0 0 0 0 0 0 0 0 0 0 0 0 0 0 0 0 0 0 0 0 0 0 0 0 0 0 0 0 0 0 0 0 0 0 0 0 0 0 0 0 0 0 0 0 0 0 0 0 0 0 0 0 0 0 0 0 0 0 0 0 0 0 0 0 0 0 0 0 0 0 0 0 0 0 0 0 0 0 0 0 0 0 0 0 0 0 0 0 0 0 0 0 0 0 0 0 0 0 0 0 0 0 0 0 0 0 0 0 0 0 0 0 0 0 0 0 0 0 0 0 0 0 0 0 0 0 0 0 0 0 0 0 0 0 0 0 0 0 0 0 0 0 0 0 0 0 0 0 0 0 0 0 0 0 0 0 0 0 0 0 0 0 0 0 0 0 0 0 0 0 0 0 0 0 0 0 0 0 0 0 0 0 0 0 0 0 0 0 0 0 0 0 0 0 0 0 0 0 0 0 0 0 0 0 0 0 0 0 0 0 0 0 0 0 0 0 0 0 0 0 0 0 0 0 0 0 0 0 0 0 0 0 0 0 0 0 0 0 0 0 0 0 0 0 0 0 0 0 0 0 0 0 0 0 0 0 0 0 0 0 0 0 0 0 0 0 0 0 0 0 0 0 0 0 0 0 0 0 0 0 0 0 0 0 0 0 0 0 0 0 0 0 0 0 0 0 0 0
 0 0 0 0 0 0 0 0 0 0 0 0 0 0 0 0 0 0 0 0 0 0 0 0 0 0 0 0 0 0 0 0 0 0 0 0 0 0 0 0 0 0 0 0 0 0 0 0 0 0 0 0 0 0 0 0 0 0 0 0 0 0 0 0 0 0 0 0 0 0 0 0 0 0 0 0 0 0 0 0 0 0 0 0 0 0 0 0 0 0 0 0 0 0 0 0 0 0 0 0 0 0 0 0 0 0 0 0 0 0 0 0 0 0 0 0 0 0 0 0 0 0 0 0 0 0 0 0 0 0 0 0 0 0 0 0 0 0 0 0 0 0 0 0 0 0 0 0 0 0 0 0 0 0 0 0 0 0 0 0 0 0 0 0 0 0 0 0 0 0 0 0 0 0 0 0 0 0 0 0 0 0 0 0 0 0 0 0 0 0 0 0 0 0 0 0 0 0 0 0 0 0 0 0 0 0 0 0 0 0 0 0 0 0 0 0 0 0 0 0 0 0 0 0 0 0 0 0 0 0 0 0 0 0 0 0 0 0 0 0 0 0 0 0 0 0 0 0 0 0 0 0 0 0 0 0 0 0 0 0 0 0 0 0 0 0 0 0 0 0 0 0 0 0 0 0 0 0 0 0 0 0 0 0 0 0 0 0 0 0 0 0 0 0 0 0 0 0 0 0 0 0 0 0 0 0 0 0 0 0.0004863333306275308 0.001531754620373249 0.003152496181428432 0.005364782642573118 0.008195557631552219 0.01171554252505302 0.01595092564821243 0.02098004706203938 0.0268055759370327 0.03332539647817612 0.04053712263703346 0.04838080704212189 0.05683767050504684 0.06590904295444489 0.07559525966644287 0.0858541801571846 0.09659347683191299 0.1077363267540932 0.1192042231559753 0.1309056580066681 0.1429092735052109 0.1552251428365707 0.1678246706724167 0.1807189583778381 0.1937804818153381 0.20705546438694 0.2205163389444351 0.2341699749231339 0.2455385029315948 0.2529033720493317 0.2550522983074188 0.2511458694934845 0.2407313585281372 0.2286947965621948 0.2172600626945496 0.2063970565795898 0.1960771977901459 0.1862733364105225 0.1769596636295319 0.1681116819381714 0.1597061008214951 0.15172079205513 0.1441347599029541 0.1369280219078064 0.1300816237926483 0.1235775426030159 0.117398664355278 0.1115287318825722 0.1059522926807404 0.1006546765565872 0.09562194347381592 0.09084084630012512 0.08629880100488663 0.08198386430740356 0.07788467407226562 0.07399044185876846 0.07029092311859131 0.06677637994289398 0.0634375587105751 0.0602656826376915 0.05725239962339401 0.05438977852463722 0.05167029052972794 0.04908677563071251 0.04663243517279625 0.04430081322789192 0.04208577424287796 0.03998148441314697 0.03798241168260574 0.03608329221606255 0.03427912667393684 0.0325651690363884 0.03093690983951092 0.02939006499946117 0.0279205609112978 0.02652453258633614 0.0251983068883419 0.02393839135766029 0.02274147234857082 0.021604398265481 0.02052417770028114 0.01949796825647354 0.0185230690985918 0.01759691536426544 0.01671706885099411 0.01588121615350246 0.01508715562522411 0.01433279737830162 0.01361615769565105 0.01293534971773624 0.0122885825112462 0.01167415361851454 0.01109044626355171 0.01053592376410961 0.01000912766903639 0.00950867123901844 0.009033237583935261 0.008581575937569141 0.008152497000992298 0.007744872011244297 0.007357628550380468 0.006989747285842896 0.006640260107815266 0.006308247335255146 0.00599283492192626 0.005693193059414625 0.00540853338316083 0.005138106644153595 0.004881201311945915 0.004637141246348619 0.00440528430044651 0.004185019992291927 0.00397576903924346 0.003776980563998222 0.003588131628930569 0.003408725140616298 0.003238288918510079 0.003076374530792236 0.002922555897384882 0.002776428125798702 0.002637606812641025 0.002505726413801312 0.002380440011620522 0.002261417917907238 0.002148346975445747 0.00204092962667346 0.001938883098773658 0.001841938938014209 0.001749841962009668 0.001662349910475314 0.00157923239748925 0.001500270795077085 0.00142525730188936 0.001353994477540255 0.001286294776946306 0.00122198008466512 0.001160881132818758 0.001102837035432458 0.001047695172019303 0.0009953103726729751 0.0009455448598600924 0.0008982676081359386 0.0008533542277291417 0.0008106864988803864 0.0007701521972194314 0.0007316445698961616 0.0006950623355805874 0.000660309218801558 0.0006272937753237784 0.0005959291011095047 0.0005661326576955616 0.0005378260393626988 0.0005109347403049469 0.0004853880091104656 0.0004611186159309 0.0004380626778583974 0.000416159542510286 0.000395351555198431 0.0003755839716177434 0.0003568047832231969 0.0003389645426068455 0.0003220163052901626 0.0003059154842048883 0.0002906197041738778 0.0002760887145996094 0.0002622842730488628 0.0002491700579412282 0.0002367115521337837 0.0002248759701615199 0.0002136321709258482 0.0002029505558311939 0.0001928030251292512 0.0001831628760555759 0.0001740047300700098 0.0001653044892009348 0.0001570392632856965 0.0001491872972110286 0.0001417279272573069 0.0001346415374428034 0.0001279094576602802 0.0001215139855048619 0.0001154382844106294 0.0001096663690987043 0.0001041830473695882 9.897389827528968e-05 9.402520663570613e-05 8.93239484867081e-05 8.485774742439389e-05 8.06148600531742e-05 7.658411777811125e-05 7.275491225300357e-05 6.911716627655551e-05 6.566130468854681e-05 6.237823981791735e-05 5.925932782702148e-05 5.629636143567041e-05 5.348154445528053e-05 5.08074663230218e-05 4.826709482586011e-05 4.585373972076923e-05 4.356105273473077e-05 4.138299846090376e-05 3.931384708266705e-05 3.734815618372522e-05 3.548074892023578e-05 3.370671038283035e-05 3.202137304469943e-05 3.042030402866658e-05 2.889928873628378e-05 2.745432357187383e-05 2.608160684758332e-05 2.47775260504568e-05 2.353865056647919e-05 2.236171712866053e-05 2.124363163602538e-05 2.018145096371882e-05 1.917237750603817e-05 1.821375917643309e-05 1.730307121761143e-05 1.643791802052874e-05 1.561602221045177e-05 1.483522100897972e-05 1.409345986758126e-05 1.33887870106264e-05 1.271934797841823e-05 1.20833801702247e-05 1.147921102528926e-05 1.090525074687321e-05 1.03599886642769e-05 9.841989594860934e-06 9.349890206067357e-06 8.882395377440844e-06 8.438275472144596e-06 8.016361789486837e-06 7.6155438364367e-06 7.23476659914013e-06 6.873028269183123e-06 6.529377060360275e-06 6.202908025443321e-06 5.892762601433787e-06 5.598124516836833e-06 5.318218427419197e-06 5.052307642472442e-06 4.799692305823555e-06 4.55970757684554e-06 4.331722266215365e-06 4.115136107429862e-06 3.909379302058369e-06 3.71391024600598e-06 3.528214620018844e-06 3.351803798068431e-06 3.184213710483164e-06 3.025003024959005e-06 2.87375291918579e-06 2.730065261857817e-06 2.593561930552823e-06 2.463883902237285e-06 2.340689661650686e-06 2.223655201305519e-06 2.112472429871559e-06 2.006848717428511e-06 1.906506327031821e-06 1.811181050470623e-06 1.720621980894066e-06 1.634590830690286e-06 1.552861249365378e-06 1.475218141422374e-06 1.401457211613888e-06 1.331384396507929e-06 1.264815182366874e-06 1.201574377773795e-06 1.141495658885106e-06 1.084420887309534e-06 3.412216756260023e-05 0.0004651233612094074 0.001273780944757164 0.002449922729283571 0.003952819388359785 0.005758382380008698 0.007824327796697617 0.01012530270963907 0.01266412995755672 0.01543478667736053 0.01844222843647003 0.02168507687747478 0.02512638084590435 0.02870914340019226 0.03242761641740799 0.03626707568764687 0.04020357504487038 0.04421151429414749
 0 0 0 0 0 0 0 0 0 0 0 0 0 0 0 0 0 0 0 0 0 0 0 0 0 0 0 0 0 0 0 0 0 0 0 0 0 0 0 0 0 0 0 0 0 0 0 0 0 0 0 0 0 0 0 0 0 0 0 0 0 0 0 0 0 0 0 0 0 0 0 0 0 0 0 0 0 0 0 0 0 0 0 0 0 0 0 0 0 0 0 0 0 0 0 0 0 0 0 0 0 0 0 0 0 0 0 0 0 0 0 0 0 0 0 0 0 0 0 0 0 0 0 0 0 0 0 0 0 0 0 0 0 0 0 0 0 0 0 0 0 0 0 0 0 0 0 0 0 0 0 0 0 0 0 0 0 0 0 0 0 0 0 0 0 0 0 0 0 0 0 0 0 0 0 0 0 0 0 0 0 0 0 0 0 0 0 0 0 0 0 0 0 0 0 0 0 0 0 0 0 0 0 0 0 0 0 0 0 0 0 0 0 0 0 0 0 0 0 0 0 0 0 0 0 0 0 0 0 0 0 0 0 0 0 0 0 0 0 0 0 0 0 0 0 0 0 0 0 0 0 0 0 0 0 0 0 0 0 0 0 0 0 0 0 0 0 0 0 0 0 0 0 0 0 0 0 0 0 0 0 0 0 0 0 0 0 0 0 0 0 0 0 0 0 0 0 0 0 0 0 0 0 0 0 0 0 0 0 0 0 0 0 0 0 0 0 0 0 0 0 0 0 0 0 0 0 0 0 0 0 0 0 0 0 0 0 0 0 0 0 0 0 0 0 0 0 0 0 0 0 0 0 0 0 0 0 0 0 0 0 0 0 0 0 0 0 0 0 0 0 0 0 0 0 0 0 0 0 0 0 0 0 0 0 0 0 0 0 0 0 0 0 0 0 0 0 0 0 0 0 0 0 0 0 0 0 0 0 0 0 0 0 0 0 0 0 0 0 0 0 0 0 0 0 0 0 0 0 0 0 0 0 0 0 0 0 0 0 0 0 0 0 0 0 0 0 0 0 0 0 0 0 0 0 0 0 0 0 0 0 0 0 0 0 0 0 0 0 0 0 0 0 0 0 0 0 0 0 0 0 0 0 0 0 0 0 0 0 0 0 0 0 0 0 0 0 0 0 0 0 0 0 0 0 0 0 0 0 0 0 0 0 0 0 0 0 0 0 0 0 0 0 0 0 0 0 0 0 0 0 0 0 0 0 0 0 0 0 0 0 0 0 0 0 0 0 0 0 0 0 0 0 0 0 0 0 0 0 0 0 0 0 0 0 0 0 0 0 0 0 0 0 0 0 0 0 0 0 0 0 0 0 0 0 0 0 0 0 0 0 0 0 0 0 0 0 0 0 0
 0 0 0 0 0 0 0 0 0 0 0 0 0 0 0 0 0 0 0 0 0 0 0 0 0 0 0 0 0 0 0 0 0 0 0 0 0 0 0 0 0 0 0 0 0 0 0 0 0 0 0 0 0 0 0 0 0 0 0 0 0 0 0 0 0 0 0 0 0 0 0 0 0 0 0 0 0 0 0 0 0 0 0 0 0 0 0 0 0 0 0 0 0 0 0 0 0 0 0 0 0 0 0 0 0 0 0 0 0 0 0 0 0 0 0 0 0 0 0 0 0 0 0 0 0 0 0 0 0 0 0 0 0 0 0 0 0 0 0 0 0 0 0 0 0 0 0 0 0 0 0 0 0 0 0 0 0 0 0 0 0 0 0 0 0 0 0 0 0 0 0 0 0 0 0 0 0 0 0 0 0 0 0 0 0 0 0 0 0 0 0 0 0 0 0 0 0 0 0 0 0 0 0 0 0 0 0 0 0 0 0 0 0 0 0 0 0 0 0 0 0 0 0 0 0 0 0 0 0 0 0 0 0 0 0 0 0 0 0 0 0 0 0 0 0 0 0 0 0 0 0 0 0 0 0 0 0 0 0 0 0 0 0 0 0 0 0 0 0 0 0 0 0 0 0 0 0 0 0 0 0 0 0 0 0 0 0 0 0 0 0 0 0 0 0 0 0 0 0 0 0 0 0 0 0 0 0 0 0 0 0 0 0 0 0 0 0 0 0 0 0 0 0 0 0 0 0 0 0 0 0 0 0 0 0 0 0 0 0 0 0 0 0 0 0 0 0 0 0 0 0 0 0 0 0 0 0 0 0 0 0 0 0 0 0 0 0 0 0 0 0 0 0 0 0 0 0 0 0 0 0 0 0 0 0 0 0 0 0 0 0 0 0 0 0 0 0 0 0 0 0 0 0 0 0 0 0 0 0 0 0 0 0 0 0 0 0 0 0 0 0 0 0 0 0 0 0 0 0 0 0 0 0 0 0 0 0 0 0 0 0 0 0 0 0 0 0 0 0 0 0 0 0 0 0 0 0 0 0 0 0 0 0 0 0 0 0 0 0 0 0 0 0 0 0 0 0 0 0 0 0 0 0 0 0 0 0 0 0 0 0 0 0 0 0 0 0 0 0 0 0 0 0 0 0 0 0 0 0 0 0 0 0 0 0 0 0 0 0 0 0 0 0 0 0 0 0 0 0 0 0 0 0 0 0 0 0 0 0 0 0 0 0 0 0 0 0 0 0 0 0 0 0 0 0 0 0 0 0 0 0 0 0 0 0 0 0 0 0 0 0 0 0 0 0 0 0 0 0 0 0 0 0 0 0 0 0 0 0 0 0 0 0 0 0 0 0 0 0 0
 0 0 0 0 0 0 0 0 0 0 0 0 0 0 0 0 0 0 0 0 0 0 0 0 0 0 0 0 0 0 0 0 0 0 0 0 0 0 0 0 0 0 0 0 0 0 0 0 0 0 0 0 0 0 0 0 0 0 0 0 0 0 0 0 0 0 0 0 0 0 0 0 0 0 0 0 0 0 0 0 0 0 0 0 0 0 0 0 0 0 0 0 0 0 0 0 0 0 0 0 0 0 0 0 0 0 0 0 0 0 0 0 0 0 0 0 0 0 0 0 0 0 0 0 0 0 0 0 0 0 0 0 0 0 0 0 0 0 0 0 0 0 0 0 0 0 0 0 0 0 0 0 0 0 0 0 0 0 0 0 0 0 0 0 0 0 0 0 0 0 0 0 0 0 0 0 0 0 0 0 0 0 0 0 0 0 0 0 0 0 0 0 0 0 0 0 0 0 0 0 0 0 0 0 0 0 0 0 0 0 0 0 0 0 0 0 0 0 0 0 0 0 0 0 0 0 0 0 0 0 0 0 0 0 0 0 0 0 0 0 0 0 0 0 0 0 0 0 0 0 0 0 0 0 0 0 0 0 0 0 0 0 0 0 0 0 0 0 0 0 0 0 0 0 0 0 0 0 0 0 0 0 0 0 0 0 0 0 0 0 0 0 0 0 0 0 0 0 0 0 0 0 0 0 0 0 0 0 0 0 0 0 0 0 0 0 0 0 0 0 0 0 0 0 0 0 0 0 0 0 0 0 0 0 0 0 0 0 0 0 0 0 0 0 0 0 0 0 0 0 0 0 0 0 0 0 0 0 0 0 0 0 0 0 0 0 0 0 0 0 0 0 0 0 0 0 0 0 0 0 0 0 0 0 0 0 0 0 0 0 0 0 0 0 0 0 0 0 0 0 0 0 0 0 0 0 0 0 0 0 0 0 0 0 0 0 0 0 0 0 0 0 0 0 0 0 0 0 0 0 0 0 0 0 0 0 0 0 0 0 0 0 0 0 0 0 0 0 0 0 0 0 0 0 0 0 0 0 0 0 0 0 0 0 0 0 0 0 0 0 0 0 0 0 0 0 0 0 0 0 0 0 0 0 0 0 0 0 0 0 0 0 0 0 0 0 0 0 0 0 0 0 0 0 0 0 0 0 0 0 0 0 0 0 0 0 0 0 0 0 0 0 0 0 0 0 0 0 0 0 0 0 0 0 0 0 0 0 0 0 0 0 0 0 0 0 0 0 0 0 0 0 0 0 0 0 0 0 0 0 0 0 0 0 0 0 0 0 0 0 0 0 0 0 0 0 0 0 0 0 0 0 0 0 0 0 0 0 0 0 0 0 0 0 0 0 0 0 0 0
 0 0 0 0 0 0 0 0 0 0 0 0 0 0 0 0 0 0 0 0 0 0 0 0 0 0 0 0 0 0 0 0 0 0 0 0 0 0 0 0 0 0 0 0 0 0 0 0 0 0 0 0 0 0 0 0 0 0 0 0 0 0 0 0 0 0 0 0 0 0 0 0 0 0 0 0 0 0 0 0 0 0 0 0 0 0 0 0 0 0 0 0 0 0 0 0 0 0 0 0 0 0 0 0 0 0 0 0 0 0 0 0 0 0 0 0 0 0 0 0 0 0 0 0 0 0 0 0 0 0 0 0 0 0 0 0 0 0 0 0 0 0 0 0 0 0 0 0 0 0 0 0 0 0 0 0 0 0 0 0 0 0 0 0 0 0 0 0 0 0 0 0 0 0 0 0 0 0 0 0 0 0 0 0 0 0 0 0 0 0 0 0 0 0 0 0 0 0 0 0 0 0 0 0 0 0 0 0 0 0 0 0 0 0 0 0 0 0 0 0 0 0 0 0 0 0 0 0 0 0 0 0 0 0 0 0 0 0 0 0 0 0 0 0 0 0 0 0 0 0 0 0 0 0 0 0 0 0 0 0 0 0 0 0 0 0 0 0 0 0 0 0 0 0 0 0 0 0 0 0 0 0 0 0 0 0 0 0 0 0 0 0 0 0 0 0 0 0 0 0 0 0 0 0 0 0 0 0 0 0 4.695676398114301e-05 0.000612925854511559 0.001774547155946493 0.003545260988175869 0.005938553251326084 0.008982951752841473 0.01273851282894611 0.01729078218340874 0.02267469093203545 0.02888808026909828 0.03591246530413628 0.04377355426549911 0.05236003175377846 0.06168754398822784 0.07170242071151733 0.08234503120183945 0.09354496747255325 0.1051022782921791 0.1169553697109222 0.1290657371282578 0.1414925754070282 0.1542115658521652 0.1672384291887283 0.1805962026119232 0.1941123008728027 0.2077851444482803 0.2216650694608688 0.2358136177062988 0.2491916567087173 0.2595162391662598 0.265250563621521 0.2652046978473663 0.2585738003253937 0.2456451058387756 0.2333628535270691 0.2216947078704834 0.2106099724769592 0.200079470872879 0.1900755017995834 0.1805717200040817 0.1715431362390518 0.1629659831523895 0.1548176854848862 0.1470768004655838 0.1397229582071304 0.1327368170022964 0.1260999739170074 0.1197949722409248 0.1138052269816399 0.1081149652600288 0.1027092188596725 0.09757375717163086 0.09269507229328156 0.08806031942367554 0.08365730196237564 0.07947443425655365 0.07550071179866791 0.07172567397356033 0.06813938915729523 0.06473241746425629 0.06149579584598541 0.05842100456357002 0.05549995601177216 0.05272495746612549 0.05008871108293533 0.04758427664637566 0.04520506411790848 0.04294481128454208 0.04079756885766983 0.03875768929719925 0.03681980445981026 0.03497881442308426 0.03322987258434296 0.03156837821006775 0.02998995967209339 0.02849046140909195 0.02706593833863735 0.0257126409560442 0.0244270097464323 0.02320565842092037 0.02204537577927113 0.02094310708343983 0.01989595219492912 0.01890115439891815 0.01795609667897224 0.01705829240381718 0.01620537787675858 0.01539510861039162 0.01462535280734301 0.01389408484101295 0.01319938059896231 0.01253941189497709 0.01191244088113308 0.0113168191164732 0.0107509782537818 0.01021342910826206 0.009702757932245731 0.009217619895935059 0.008756739087402821 0.008318901993334293 0.007902956567704678 0.0075078085064888 0.007132417988032103 0.006775796879082918 0.006437006872147322 0.006115156691521406 0.005809398833662271 0.005518929101526737 0.005242982879281044 0.004980833735316992 0.004731792025268078 0.00449520256370306 0.004270442295819521 0.004056920297443867 0.003854074282571673 0.003661370603367686 0.003478302154690027 0.003304386977106333 0.003139167558401823 0.002982209203764796 0.002833098638802767 0.002691443776711822 0.002556871622800827 0.002429028041660786 0.002307576593011618 0.00219219783321023 0.002082587918266654 0.001978458603844047 0.001879535615444183 0.001785558881238103 0.001696280902251601 0.001611466868780553 0.001530893496237695 0.00145434879232198 0.001381631358526647 0.001312549808062613 0.001246922300197184 0.001184576191008091 0.001125347334891558 0.00106907996814698 0.001015626010484993 0.0009648447157815099 0.0009166024974547327 0.0008707723463885486 0.000827233714517206 0.000785872049164027 0.0007465784437954426 0.0007092495216056705 0.0006737870280630887 0.0006400976562872529 0.000608092756010592 0.0005776881007477641 0.0005488037131726742 0.0005213635158725083 0.0004952953313477337 0.000470530561869964 0.0004470040439628065 0.0004246538446750492 0.0004034211451653391 0.0003832500951830298 0.0003640875802375376 0.0003458831924945116 0.0003285890270490199 0.0003121595655102283 0.0002965515886899084 0.0002817240019794554 0.0002676378062460572 0.0002542559232097119 0.0002415431226836517 0.0002294659643666819 0.0002179926668759435 0.0002070930349873379 0.0001967383868759498 0.0001869014668045565 0.0001775563869159669 0.00016867856902536 0.0001602446427568793 0.0001522324164398015 0.0001446207897970453 0.0001373897539451718 0.0001305202604271472 0.0001239942503161728 0.0001177945378003642 0.0001119048101827502 0.0001063095696736127 0.0001009940897347406 9.594438597559929e-05 9.11471652216278e-05 8.658980368636549e-05 8.226031059166417e-05 7.814729178790003e-05 7.423992792610079e-05 7.052793080219999e-05 6.700153608107939e-05 6.36514596408233e-05 6.046888665878214e-05 5.744544250774197e-05 5.45731709280517e-05 5.184451219975017e-05 4.92522849526722e-05 4.678967161453329e-05 4.445018930709921e-05 4.222767893224955e-05 4.011629425804131e-05 3.811048009083606e-05 3.620495772338472e-05 3.439471038291231e-05 3.267497595516033e-05 3.104122879449278e-05 2.948916699097026e-05 2.801470873237122e-05 2.661397411429789e-05 2.528327604522929e-05 2.401911297056358e-05 2.28181579586817e-05 2.167724960600026e-05 2.059338658000343e-05 1.956371670530643e-05 1.85855315066874e-05 1.765625529515091e-05 1.67734433489386e-05 1.593477099959273e-05 1.51380327224615e-05 1.438113122276263e-05 1.366207470709924e-05 1.297897142649163e-05 1.23300233099144e-05 1.171352232631762e-05 1.112784593715332e-05 1.057145345839672e-05 1.004288060357794e-05 9.540736755297985e-06 9.06369950826047e-06 8.610514669271652e-06 8.179988981282804e-06 7.770989213895518e-06 7.382439889624948e-06 7.013317826931598e-06 6.662652140221326e-06 6.329519692371832e-06 6.013043730490608e-06 5.71239161217818e-06 5.426772077044006e-06 5.155433427717071e-06 4.897661710856482e-06 4.652778443414718e-06 4.420139703142922e-06 4.199132490612101e-06 3.98917563870782e-06 3.789716856772429e-06 3.600230911615654e-06 3.420219400140923e-06 3.249208475608611e-06 3.086748165515019e-06 2.932410779976635e-06 2.78579022960912e-06 2.646500661285245e-06 2.514175548640196e-06 2.38846678257687e-06 2.269043534397497e-06 2.155591346308938e-06 2.047811676675337e-06 1.945420990523417e-06 1.848149963734613e-06 1.755742459863541e-06 1.667955302764312e-06 1.584557594469516e-06 1.505329692008672e-06 1.430063207408239e-06 1.358560098196904e-06 1.2906320989714e-06 1.22610049402283e-06 1.164795435215638e-06 1.106555714613933e-06 1.051227968673629e-06 9.986665645556059e-07 9.487332590651931e-07 9.012965733745659e-07 8.562317361793248e-07 0.000140325297252275 0.0006347178132273257 0.0014463453553617 0.002546588191762567 0.00390638317912817 0.005507400259375572 0.007334467023611069 0.009393095970153809 0.01166238728910685 0.01411531958729029 0.01670263335108757
 0 0 0 0 0 0 0 0 0 0 0 0 0 0 0 0 0 0 0 0 0 0 0 0 0 0 0 0 0 0 0 0 0 0 0 0 0 0 0 0 0 0 0 0 0 0 0 0 0 0 0 0 0 0 0 0 0 0 0 0 0 0 0 0 0 0 0 0 0 0 0 0 0 0 0 0 0 0 0 0 0 0 0 0 0 0 0 0 0 0 0 0 0 0 0 0 0 0 0 0 0 0 0 0 0 0 0 0 0 0 0 0 0 0 0 0 0 0 0 0 0 0 0 0 0 0 0 0 0 0 0 0 0 0 0 0 0 0 0 0 0 0 0 0 0 0 0 0 0 0 0 0 0 0 0 0 0 0 0 0 0 0 0 0 0 0 0 0 0 0 0 0 0 0 0 0 0 0 0 0 0 0 0 0 0 0 0 0 0 0 0 0 0 0 0 0 0 0 0 0 0 0 0 0 0 0 0 0 0 0 0 0 0 0 0 0 0 0 0 0 0 0 0 0 0 0 0 0 0 0 0 0 0 0 0 0 0 0 0 0 0 0 0 0 0 0 0 0 0 0 0 0 0 0 0 0 0 0 0 0 0 0 0 0 0 0 0 0 0 0 0 0 0 0 0 0 0 0 0 0 0 0 0 0 0 0 0 0 0 0 0 0 0 0 0 0 0 0 0 0 0 0 0 0 0 0 0 0 0 0 0 0 0 0 0 0 0 0 0 0 0 0 0 0 0 0 0 0 0 0 0 0 0 0 0 0 0 0 0 0 0 0 0 0 0 0 0 0 0 0 0 0 0 0 0 0 0 0 0 0 0 0 0 0 0 0 0 0 0 0 0 0 0 0 0 0 0 0 0 0 0 0 0 0 0 0 0 0 0 0 0 0 0 0 0 0 0 0 0 0 0 0 0 0 0 0 0 0 0 0 0 0 0 0 0 0 0 0 0 0 0 0 0 0 0 0 0 0 0 0 0 0 0 0 0 0 0 0 0 0 0 0 0 0 0 0 0 0 0 0 0 0 0 0 0 0 0 0 0 0 0 0 0 0 0 0 0 0 0 0 0 0 0 0 0 0 0 0 0 0 0 0 0 0 0 0 0 0 0 0 0 0 0 0 0 0 0 0 0 0 0 0 0 0 0 0 0 0 0 0 0 0 0 0 0 0 0 0 0 0 0 0 0 0 0 0 0 0 0 0 0 0 0 0 0 0 0 0 0 0 0 0 0 0 0 0 0 0 0 0 0 0 0 0 0 0 0 0 0 0 0 0 0 0 0 0 0 0 0 0 0 0 0 0 0 0 0 0 0 0 0 0 0 0 0 0 0 0 0 0 0 0 0 0 0 0 0 0 0 0
 0 0 0 0 0 0 0 0 0 0 0 0 0 0 0 0 0 0 0 0 0 0 0 0 0 0 0 0 0 0 0 0 0 0 0 0 0 0 0 0 0 0 0 0 0 0 0 0 0 0 0 0 0 0 0 0 0 0 0 0 0 0 0 0 0 0 0 0 0 0 0 0 0 0 0 0 0 0 0 0 0 0 0 0 0 0 0 0 0 0 0 0 0 0 0 0 0 0 0 0 0 0 0 0 0 0 0 0 0 0 0 0 0 0 0 0 0 0 0 0 0 0 0 0 0 0 0 0 0 0 0 0 0 0 0 0 0 0 0 0 0 0 0 0 0 0 0 0 0 0 0 0 0 0 0 0 0 0 0 0 0 0 0 0 0 0 0 0 0 0 0 0 0 0 0 0 0 0 0 0 0 0 0 0 0 0 0 0 0 0 0 0 0 0 0 0 0 0 0 0 0 0 0 0 0 0 0 0 0 0 0 0 0 0 0 0 0 0 0 0 0 0 0 0 0 0 0 0 0 0 0 0 0 0 0 0 0 0 0 0 0 0 0 0 0 0 0 0 0 0 0 0 0 0 0 0 0 0 0 0 0 0 0 0 0 0 0 0 0 0 0 0 0 0 0 0 0 0 0 0 0 0 0 0 0 0 0 0 0 0 0 0 0 0 0 0 0 0 0 0 0 0 0 0 0 0 0 0 0 0 0 0 0 0 0 0 0 0 0 0 0 0 0 0 0 0 0 0 0 0 0 0 0 0 0 0 0 0 0 0 0 0 0 0 0 0 0 0 0 0 0 0 0 0 0 0 0 0 0 0 0 0 0 0 0 0 0 0 0 0 0 0 0 0 0 0 0 0 0 0 0 0 0 0 0 0 0 0 0 0 0 0 0 0 0 0 0 0 0 0 0 0 0 0 0 0 0 0 0 0 0 0 0 0 0 0 0 0 0 0 0 0 0 0 0 0 0 0 0 0 0 0 0 0 0 0 0 0 0 0 0 0 0 0 0 0 0 0 0 0 0 0 0 0 0 0 0 0 0 0 0 0 0 0 0 0 0 0 0 0 0 0 0 0 0 0 0 0 0 0 0 0 0 0 0 0 0 0 0 0 0 0 0 0 0 0 0 0 0 0 0 0 0 0 0 0 0 0 0 0 0 0 0 0 0 0 0 0 0 0 0 0 0 0 0 0 0 0 0 0 0 0 0 0 0 0 0 0 0 0 0 0 0 0 0 0 0 0 0 0 0 0 0 0 0 0 0 0 0 0 0 0 0 0 0 0 0 0 0 0 0 0 0 0 0 0 0 0 0 0 0 0 0 0 0 0 0 0 0 0 0 0 0 0 0 0 0 0 0 0
 0 0 0 0 0 0 0 0 0 0 0 0 0 0 0 0 0 0 0 0 0 0 0 0 0 0 0 0 0 0 0 0 0 0 0 0 0 0 0 0 0 0 0 0 0 0 0 0 0 0 0 0 0 0 0 0 0 0 0 0 0 0 0 0 0 0 0 0 0 0 0 0 0 0 0 0 0 0 0 0 0 0 0 0 0 0 0 0 0 0 0 0 0 0 0 0 0 0 0 0 0 0 0 0 0 0 0 0 0 0 0 0 0 0 0 0 0 0 0 0 0 0 0 0 0 0 0 0 0 0 0 0 0 0 0 0 0 0 0 0 0 0 0 0 0 0 0 0 0 0 0 0 0 0 0 0 0 0 0 0 0 0 0 0 0 0 0 0 0 0 0 0 0 0 0 0 0 0 0 0 0 0 0 0 0 0 0 0 0 0 0 0 0 0 0 0 0 0 0 0 0 0 0 0 0 0 0 0 0 0 0 0 0 0 0 0 0 0 0 0 0 0 0 0 0 0 0 0 0 0 0 0 0 0 0 0 0 0 0 0 0 0 0 0 0 0 0 0 0 0 0 0 0 0 0 0 0 0 0 0 0 0 0 0 0 0 0 0 0 0 0 0 0 0 0 0 0 0 0 0 0 0 0 0 0 0 0 0 0 0 0 0 0 0 0 0 0 0 0 0 0 0 0 0 0 0 0 0 0 0 0 0 0 0 0 0 0 0 0 0 0 0 0 0 0 0 0 0 0 0 0 0 0 0 0 0 0 0 0 0 0 0 0 0 0 0 0 0 0 0 0 0 0 0 0 0 0 0 0 0 0 0 0 0 0 0 0 0 0 0 0 0 0 0 0 0 0 0 0 0 0 0 0 0 0 0 0 0 0 0 0 0 0 0 0 0 0 0 0 0 0 0 0 0 0 0 0 0 0 0 0 0 0 0 0 0 0 0 0 0 0 0 0 0 0 0 0 0 0 0 0 0 0 0 0 0 0 0 0 0 0 0 0 0 0 0 0 0 0 0 0 0 0 0 0 0 0 0 0 0 0 0 0 0 0 0 0 0 0 0 0 0 0 0 0 0 0 0 0 0 0 0 0 0 0 0 0 0 0 0 0 0 0 0 0 0 0 0 0 0 0 0 0 0 0 0 0 0 0 0 0 0 0 0 0 0 0 0 0 0 0 0 0 0 0 0 0 0 0 0 0 0 0 0 0 0 0 0 0 0 0 0 0 0 0 0 0 0 0 0 0 0 0 0 0 0 0 0 0 0 0 0 0 0 0 0 0 0 0 0 0 0 0 0 0 0 0 0 0 0 0 0 0 0 0 0 0 0 0 0 0 0 0 0 0 0 0 0 0 0
 0 0 0 0 0 0 0 0 0 0 0 0 0 0 0 0 0 0 0 0 0 0 0 0 0 0 0 0 0 0 0 0 0 0 0 0 0 0 0 0 0 0 0 0 0 0 0 0 0 0 0 0 0 0 0 0 0 0 0 0 0 0 0 0 0 0 0 0 0 0 0 0 0 0 0 0 0 0 0 0 0 0 0 0 0 0 0 0 0 0 0 0 0 0 0 0 0 0 0 0 0 0 0 0 0 0 0 0 0 0 0 0 0 0 0 0 0 0 0 0 0 0 0 0 0 0 0 0 0 0 0 0 0 0 0 0 0 0 0 0 0 0 0 0 0 0 0 0 0 0 0 0 0 0 0 0 0 0 0 0 0 0 0 0 0 0 0 0 0 0 0 0 0 0 0 0 0 0 0 0 0 0 0 0 0 0 0 0 0 0 0 0 0 0 0 0 0 0 0 0 0 0 0 0 0 0 0 0 0 0 0 0 0 0 0 0 0 0 0 0 0 0 0 0 0 0 0 0 0 0 0 0 0 0 0 0 0 0 0 0 0 0 0 0 0 0 0 0 0 0 0 0 0 0 0 0 0 0 0 0 0 0 0 0 0 0 0 0 0 0 0 0 0 0 0 0 0 0 0 0 0 0 0 0 0 0 0 0 0 0 0 0 0 0 0 0 0 0 0 0 0 0 0 0 0 0 0 0 0.00044419796904549 0.001442981883883476 0.00300828879699111 0.005174736492335796 0.008023717440664768 0.01161248795688152 0.01593960449099541 0.02101759240031242 0.02692807838320732 0.03368730470538139 0.04117382690310478 0.04927964881062508 0.05804883316159248 0.06750417500734329 0.07757938653230667 0.08810228109359741 0.09905000030994415 0.110366627573967 0.1220566928386688 0.1340942680835724 0.1464979201555252 0.1592900305986404 0.1723600775003433 0.1856918036937714 0.1993566900491714 0.2133797407150269 0.2277191132307053 0.2420846968889236 0.2538177967071533 0.261201947927475 0.2630763351917267 0.2587112188339233 0.2475922256708145 0.2352126091718674 0.2234519720077515 0.2122793793678284 0.2016654163599014 0.1915821433067322 0.1820030361413956 0.1729028820991516 0.1642577350139618 0.1560448408126831 0.1482425928115845 0.1408304572105408 0.1337889283895493 0.127099484205246 0.1207445114850998 0.1147072836756706 0.1089719161391258 0.1035233214497566 0.09834715723991394 0.093429796397686 0.08875830471515656 0.08432038873434067 0.08010436594486237 0.07609914988279343 0.07229419052600861 0.06867948174476624 0.06524550914764404 0.06198323518037796 0.05888407304883003 0.05593986809253693 0.05314287543296814 0.05048573017120361 0.04796144366264343 0.04556336998939514 0.04328520223498344 0.04112094268202782 0.03906489536166191 0.03711165115237236 0.03525606915354729 0.03349326550960541 0.03181860223412514 0.0302276723086834 0.02871628850698471 0.02728047408163548 0.0259164497256279 0.02462062798440456 0.02338959649205208 0.02222011610865593 0.02110910974442959 0.02005365490913391 0.01905097253620625 0.01809842325747013 0.01719350181519985 0.01633382588624954 0.01551713421940804 0.01474127732217312 0.01400421373546124 0.01330400258302689 0.01263880264014006 0.0120068620890379 0.01140651851892471 0.01083619240671396 0.01029438246041536 0.009779663756489754 0.009290680289268494 0.008826145902276039 0.008384838700294495 0.00796559639275074 0.007567316759377718 0.007188951130956411 0.006829503457993269 0.006488028448075056 0.006163626909255981 0.005855445750057697 0.005562673322856426 0.005284539423882961 0.005020312499254942 0.00476929685100913 0.004530832171440125 0.004304290749132633 0.004089076071977615 0.003884622361510992 0.003690391313284636 0.003505871631205082 0.003330578096210957 0.003164049237966537 0.003005846869200468 0.002855554455891252 0.002712776651605964 0.002577137900516391 0.002448281040415168 0.002325867069885135 0.002209573751315475 0.002099095145240426 0.001994140446186066 0.001894433400593698 0.001799711724743247 0.001709726173430681 0.001624239841476083 0.001543027814477682 0.001465876470319927 0.001392582664266229 0.001322953496128321 0.001256805844604969 0.001193965552374721 0.001134267309680581 0.001077553955838084 0.001023676246404648 0.0009724924457259476 0.0009238678030669689 0.0008776744361966848 0.0008337906911037862 0.0007921011419966817 0.0007524960674345493 0.000714871275704354 0.0006791276973672211 0.0006451713270507753 0.0006129127577878535 0.0005822671228088439 0.0005531537462957203 0.0005254960851743817 0.0004992212634533644 0.000474260188639164 0.0004505471733864397 0.0004280198190826923 0.0004066188412252814 0.0003862878947984427 0.0003669734869617969 0.0003486248024273664 0.0003311935579404235 0.0003146338858641684 0.0002989021886605769 0.0002839570806827396 0.0002697592135518789 0.0002562712470535189 0.0002434576890664175 0.0002312848082510754 0.0002197205612901598 0.0002087345346808434 0.0001982978137675673 0.0001883829245343804 0.0001789637753972784 0.0001700155844446272 0.0001615148066775873 0.0001534390612505376 0.0001457671023672447 0.0001384787465212867 0.0001315548142883927 0.0001249770721187815 0.0001187282177852467 0.0001127918076235801 0.0001071522201527841 0.0001017946124193259 9.670488361734897e-05 9.186963870888576e-05 8.727615932002664e-05 8.291235280921683e-05 7.876673771534115e-05 7.482840010197833e-05 7.108697900548577e-05 6.753263005521148e-05 6.415599636966363e-05 6.094819764257409e-05 5.79007864871528e-05 5.500574843608774e-05 5.225546192377806e-05 4.964268737239763e-05 4.716055263997987e-05 4.480252391658723e-05 4.256239844835363e-05 4.043427907163277e-05 3.841256693704054e-05 3.649193968158215e-05 3.466734415269457e-05 3.293397821835242e-05 3.128727985313162e-05 2.972291622427292e-05 2.82367709587561e-05 2.682493322936352e-05 2.548368684074376e-05 2.420950295345392e-05 2.299902735103387e-05 2.184907680202741e-05 2.075662268907763e-05 1.971879100892693e-05 1.873285145848058e-05 1.779620833985973e-05 1.690639874141198e-05 1.606107798579615e-05 1.525802417745581e-05 1.449512274120934e-05 1.377036642224994e-05 1.308184801018797e-05 1.242775579157751e-05 1.180636809294811e-05 1.121604964282596e-05 1.065524702426046e-05 1.012248503684532e-05 9.616360330255702e-06 9.135542313742917e-06 8.678764970682096e-06 8.244826858572196e-06 7.832585652067792e-06 7.440956323989667e-06 7.068908416840713e-06 6.715462859574473e-06 6.379689693858381e-06 6.060705345589668e-06 5.757669896411244e-06 5.469786628964357e-06 5.19629747941508e-06 4.936482582706958e-06 4.68965845357161e-06 4.45517571279197e-06 4.232416813465534e-06 4.02079604100436e-06 3.819756329903612e-06 3.628768581620534e-06 3.447330072958721e-06 3.274963546573417e-06 3.111215391982114e-06 2.955654508696171e-06 2.807871851473465e-06 2.667478156581637e-06 2.534104169171769e-06 2.407399051662651e-06 2.287029019498732e-06 2.172677568523795e-06 2.064043655991554e-06 1.960841473191977e-06 1.862799422269745e-06 1.769659434103232e-06 1.681176513557148e-06 1.597117716301e-06 1.517261807748582e-06 1.441398694623786e-06 1.369328742839571e-06 1.300862322750618e-06 1.235819240719138e-06 1.174028284367523e-06 1.115326881517831e-06 1.059560531757597e-06 1.006582465379324e-06 0.0002192445972468704 0.00080730183981359 0.001761113060638309 0.003064451506361365 0.004665818065404892 0.006528085097670555 0.008629152551293373 0.01097006909549236 0.01355177722871304 0.01636073365807533 0.01939373649656773 0.02263755165040493 0.02605901099741459 0.0296405665576458 0.03332890942692757 0.03710407018661499 0.04096899554133415
 0 0 0 0 0 0 0 0 0 0 0 0 0 0 0 0 0 0 0 0 0 0 0 0 0 0 0 0 0 0 0 0 0 0 0 0 0 0 0 0 0 0 0 0 0 0 0 0 0 0 0 0 0 0 0 0 0 0 0 0 0 0 0 0 0 0 0 0 0 0 0 0 0 0 0 0 0 0 0 0 0 0 0 0 0 0 0 0 0 0 0 0 0 0 0 0 0 0 0 0 0 0 0 0 0 0 0 0 0 0 0 0 0 0 0 0 0 0 0 0 0 0 0 0 0 0 0 0 0 0 0 0 0 0 0 0 0 0 0 0 0 0 0 0 0 0 0 0 0 0 0 0 0 0 0 0 0 0 0 0 0 0 0 0 0 0 0 0 0 0 0 0 0 0 0 0 0 0 0 0 0 0 0 0 0 0 0 0 0 0 0 0 0 0 0 0 0 0 0 0 0 0 0 0 0 0 0 0 0 0 0 0 0 0 0 0 0 0 0 0 0 0 0 0 0 0 0 0 0 0 0 0 0 0 0 0 0 0 0 0 0 0 0 0 0 0 0 0 0 0 0 0 0 0 0 0 0 0 0 0 0 0 0 0 0 0 0 0 0 0 0 0 0 0 0 0 0 0 0 0 0 0 0 0 0 0 0 0 0 0 0 0 0 0 0 0 0 0 0 0 0 0 0 0 0 0 0 0 0 0 0 0 0 0 0 0 0 0 0 0 0 0 0 0 0 0 0 0 0 0 0 0 0 0 0 0 0 0 0 0 0 0 0 0 0 0 0 0 0 0 0 0 0 0 0 0 0 0 0 0 0 0 0 0 0 0 0 0 0 0 0 0 0 0 0 0 0 0 0 0 0 0 0 0 0 0 0 0 0 0 0 0 0 0 0 0 0 0 0 0 0 0 0 0 0 0 0 0 0 0 0 0 0 0 0 0 0 0 0 0 0 0 0 0 0 0 0 0 0 0 0 0 0 0 0 0 0 0 0 0 0 0 0 0 0 0 0 0 0 0 0 0 0 0 0 0 0 0 0 0 0 0 0 0 0 0 0 0 0 0 0 0 0 0 0 0 0 0 0 0 0 0 0 0 0 0 0 0 0 0 0 0 0 0 0 0 0 0 0 0 0 0 0 0 0 0 0 0 0 0 0 0 0 0 0 0 0 0 0 0 0 0 0 0 0 0 0 0 0 0 0 0 0 0 0 0 0 0 0 0 0 0 0 0 0 0 0 0 0 0 0 0 0 0 0 0 0 0 0 0 0 0 0 0 0 0 0 0 0 0 0 0 0 0 0 0 0 0 0 0 0 0 0 0 0 0 0 0 0 0 0 0 0 0 0 0 0 0 0 0
 0 0 0 0 0 0 0 0 0 0 0 0 0 0 0 0 0 0 0 0 0 0 0 0 0 0 0 0 0 0 0 0 0 0 0 0 0 0 0 0 0 0 0 0 0 0 0 0 0 0 0 0 0 0 0 0 0 0 0 0 0 0 0 0 0 0 0 0 0 0 0 0 0 0 0 0 0 0 0 0 0 0 0 0 0 0 0 0 0 0 0 0 0 0 0 0 0 0 0 0 0 0 0 0 0 0 0 0 0 0 0 0 0 0 0 0 0 0 0 0 0 0 0 0 0 0 0 0 0 0 0 0 0 0 0 0 0 0 0 0 0 0 0 0 0 0 0 0 0 0 0 0 0 0 0 0 0 0 0 0 0 0 0 0 0 0 0 0 0 0 0 0 0 0 0 0 0 0 0 0 0 0 0 0 0 0 0 0 0 0 0 0 0 0 0 0 0 0 0 0 0 0 0 0 0 0 0 0 0 0 0 0 0 0 0 0 0 0 0 0 0 0 0 0 0 0 0 0 0 0 0 0 0 0 0 0 0 0 0 0 0 0 0 0 0 0 0 0 0 0 0 0 0 0 0 0 0 0 0 0 0 0 0 0 0 0 0 0 0 0 0 0 0 0 0 0 0 0 0 0 0 0 0 0 0 0 0 0 0 0 0 0 0 0 0 0 0 0 0 0 0 0 0 0 0 0 0 0 0 0 0 0 0 0 0 0 0 0 0 0 0 0 0 0 0 0 0 0 0 0 0 0 0 0 0 0 0 0 0 0 0 0 0 0 0 0 0 0 0 0 0 0 0 0 0 0 0 0 0 0 0 0 0 0 0 0 0 0 0 0 0 0 0 0 0 0 0 0 0 0 0 0 0 0 0 0 0 0 0 0 0 0 0 0 0 0 0 0 0 0 0 0 0 0 0 0 0 0 0 0 0 0 0 0 0 0 0 0 0 0 0 0 0 0 0 0 0 0 0 0 0 0 0 0 0 0 0 0 0 0 0 0 0 0 0 0 0 0 0 0 0 0 0 0 0 0 0 0 0 0 0 0 0 0 0 0 0 0 0 0 0 0 0 0 0 0 0 0 0 0 0 0 0 0 0 0 0 0 0 0 0 0 0 0 0 0 0 0 0 0 0 0 0 0 0 0 0 0 0 0 0 0 0 0 0 0 0 0 0 0 0 0 0 0 0 0 0 0 0 0 0 0 0 0 0 0 0 0 0 0 0 0 0 0 0 0 0 0 0 0 0 0 0 0 0 0 0 0 0 0 0 0 0 0 0 0 0 0 0 0 0 0 0 0 0 0 0 0 0 0 0 0 0 0 0 0 0 0 0 0 0 0 0 0 0 0 0 0 0 0
 0 0 0 0 0 0 0 0 0 0 0 0 0 0 0 0 0 0 0 0 0 0 0 0 0 0 0 0 0 0 0 0 0 0 0 0 0 0 0 0 0 0 0 0 0 0 0 0 0 0 0 0 0 0 0 0 0 0 0 0 0 0 0 0 0 0 0 0 0 0 0 0 0 0 0 0 0 0 0 0 0 0 0 0 0 0 0 0 0 0 0 0 0 0 0 0 0 0 0 0 0 0 0 0 0 0 0 0 0 0 0 0 0 0 0 0 0 0 0 0 0 0 0 0 0 0 0 0 0 0 0 0 0 0 0 0 0 0 0 0 0 0 0 0 0 0 0 0 0 0 0 0 0 0 0 0 0 0 0 0 0 0 0 0 0 0 0 0 0 0 0 0 0 0 0 0 0 0 0 0 0 0 0 0 0 0 0 0 0 0 0 0 0 0 0 0 0 0 0 0 0 0 0 0 0 0 0 0 0 0 0 0 0 0 0 0 0 0 0 0 0 0 0 0 0 0 0 0 0 0 0 0 0 0 0 0 0 0 0 0 0 0 0 0 0 0 0 0 0 0 0 0 0 0 0 0 0 0 0 0 0 0 0 0 0 0 0 0 0 0 0 0 0 0 0 0 0 0 0 0 0 0 0 0 0 0 0 0 0 0 0 0 0 0 0 0 0 0 0 0 0 0 0 0 0 0 0 0 0 0 0 0 0 0 0 0 0 0 0 0 0 0 0 0 0 0 0 0 0 0 0 0 0 0 0 0 0 0 0 0 0 0 0 0 0 0 0 0 0 0 0 0 0 0 0 0 0 0 0 0 0 0 0 0 0 0 0 0 0 0 0 0 0 0 0 0 0 0 0 0 0 0 0 0 0 0 0 0 0 0 0 0 0 0 0 0 0 0 0 0 0 0 0 0 0 0 0 0 0 0 0 0 0 0 0 0 0 0 0 0 0 0 0 0 0 0 0 0 0 0 0 0 0 0 0 0 0 0 0 0 0 0 0 0 0 0 0 0 0 0 0 0 0 0 0 0 0 0 0 0 0 0 0 0 0 0 0 0 0 0 0 0 0 0 0 0 0 0 0 0 0 0 0 0 0 0 0 0 0 0 0 0 0 0 0 0 0 0 0 0 0 0 0 0 0 0 0 0 0 0 0 0 0 0 0 0 0 0 0 0 0 0 0 0 0 0 0 0 0 0 0 0 0 0 0 0 0 0 0 0 0 0 0 0 0 0 0 0 0 0 0 0 0 0 0 0 0 0 0 0 0 0 0 0 0 0 0 0 0 0 0 0 0 0 0 0 0 0 0 0 0 0 0 0 0 0 0 0 0 0 0 0 0 0 0 0 0 0 0 0
 0 0 0 0 0 0 0 0 0 0 0 0 0 0 0 0 0 0 0 0 0 0 0 0 0 0 0 0 0 0 0 0 0 0 0 0 0 0 0 0 0 0 0 0 0 0 0 0 0 0 0 0 0 0 0 0 0 0 0 0 0 0 0 0 0 0 0 0 0 0 0 0 0 0 0 0 0 0 0 0 0 0 0 0 0 0 0 0 0 0 0 0 0 0 0 0 0 0 0 0 0 0 0 0 0 0 0 0 0 0 0 0 0 0 0 0 0 0 0 0 0 0 0 0 0 0 0 0 0 0 0 0 0 0 0 0 0 0 0 0 0 0 0 0 0 0 0 0 0 0 0 0 0 0 0 0 0 0 0 0 0 0 0 0 0 0 0 0 0 0 0 0 0 0 0 0 0 0 0 0 0 0 0 0 0 0 0 0 0 0 0 0 0 0 0 0 0 0 0 0 0 0 0 0 0 0 0 0 0 0 0 0 0 0 0 0 0 0 0 0 0 0 0 0 0 0 0 0 0 0 0 0 0 0 0 0 0 0 0 0 0 0 0 0 0 0 0 0 0 0 0 0 0 0 0 0 0 0 0 0 0 0 0 0 0 0 0 0 0 0 0 0 0 0 0 0 0 0 0 0 0 0 0 0 0 0 0 0 0 0 0 0 0 0 0 0 0 0 0 0 0 0 0 0 0 0 0 0 6.410313744709129e-06 0.0005542252911254764 0.001664379495196044 0.003371194005012512 0.005680041387677193 0.008610346354544163 0.01224426086992025 0.01662025600671768 0.02182410284876823 0.02785846963524818 0.03461945801973343 0.04206429049372673 0.05016085505485535 0.0589105635881424 0.06826777756214142 0.0782393142580986 0.08877821266651154 0.09972721338272095 0.1110445484519005 0.1225833147764206 0.1343947947025299 0.1465303748846054 0.1590197682380676 0.1718324422836304 0.1849754899740219 0.1983009874820709 0.2118058949708939 0.2255425602197647 0.2390661388635635 0.2499217838048935 0.2563866674900055 0.2573932111263275 0.2521831095218658 0.2402898520231247 0.2282753586769104 0.2168615907430649 0.2060185074806213 0.1957175880670547 0.1859317123889923 0.1766351312398911 0.1678033769130707 0.1594132035970688 0.1514425426721573 0.1438704133033752 0.1366768926382065 0.1298430413007736 0.1233508884906769 0.1171833425760269 0.1113241761922836 0.1057579666376114 0.1004700660705566 0.09544656425714493 0.09067423641681671 0.08614052832126617 0.08183350414037704 0.0777418315410614 0.07385473698377609 0.07016199827194214 0.06665389984846115 0.06332120299339294 0.06015514209866524 0.05714738368988037 0.05429001525044441 0.05157551541924477 0.04899673908948898 0.04654690250754356 0.04421955719590187 0.04200857877731323 0.03990814834833145 0.03791274130344391 0.03601710498332977 0.0342162512242794 0.03250543773174286 0.03088016621768475 0.02933615818619728 0.02786935120820999 0.02647588402032852 0.02515208907425404 0.02389448508620262 0.02269976027309895 0.02156477235257626 0.02048653364181519 0.01946220733225346 0.01848909631371498 0.01756464131176472 0.01668640971183777 0.01585208997130394 0.01505948510020971 0.0143065107986331 0.01359118521213531 0.01291162613779306 0.01226604450494051 0.01165274251252413 0.01107010524719954 0.01051659975200891 0.009990769438445568 0.009491231292486191 0.009016669355332851 0.008565835654735565 0.008137543685734272 0.007730666548013687 0.007344133220613003 0.006976926699280739 0.006628080271184444 0.006296676117926836 0.005981842521578074 0.005682750605046749 0.005398612935096025 0.005128682125359774 0.004872248042374849 0.004628635477274656 0.004397203680127859 0.004177343565970659 0.003968476317822933 0.003770052455365658 0.003581549739465117 0.003402472240850329 0.003232348710298538 0.003070731181651354 0.002917194738984108 0.002771334955468774 0.00263276812620461 0.002501129638403654 0.00237607304006815 0.002257269341498613 0.002144405851140618 0.002037185477092862 0.00193532626144588 0.001838559983298182 0.001746631925925612 0.001659300294704735 0.001576335285790265 0.001497518504038453 0.001422642613761127 0.001351510523818433 0.001283935038372874 0.001219738274812698 0.001158751314505935 0.001100813737139106 0.001045773038640618 0.0009934843983501196 0.0009438101551495492 0.0008966196328401566 0.0008517886744812131 0.0008091992349363863 0.0007687392644584179 0.000730302301235497 0.0006937871803529561 0.0006590978009626269 0.0006261428934521973 0.0005948357284069061 0.0005650939419865608 0.0005368392448872328 0.0005099973059259355 0.0004844974318984896 0.0004602725675795227 0.0004372589464765042 0.0004153960035182536 0.0003946262004319578 0.0003748948802240193 0.0003561501507647336 0.000338342651957646 0.0003214255266357213 0.0003053542459383607 0.0002900865219999105 0.0002755821915343404 0.0002618030703160912 0.0002487129240762442 0.0002362772793276235 0.0002244634088128805 0.0002132402441930026 0.0002025782305281609 0.0001924493117257953 0.0001828268432291225 0.0001736855047056451 0.0001650012272875756 0.0001567511644680053 0.0001489136047894135 0.0001414679281879216 0.0001343945332337171 0.0001276748080272228 0.0001212910647154786 0.000115226510388311 0.0001094651815947145 0.0001039919225149788 9.879232675302774e-05 9.385270823258907e-05 8.916007209336385e-05 8.470207103528082e-05 8.046696893870831e-05 7.644361903658137e-05 7.262143481057137e-05 6.899036088725552e-05 6.554084393428639e-05 6.226380355656147e-05 5.915061410632916e-05 5.619308285531588e-05 5.338342816685326e-05 5.07142576680053e-05 4.81785464216955e-05 4.576961873681284e-05 4.348113725427538e-05 4.130708111915737e-05 3.924172779079527e-05 3.727964212885126e-05 3.54156582034193e-05 3.364487565704621e-05 3.196263060090132e-05 3.036449925275519e-05 2.884627429011744e-05 2.740396121225785e-05 2.603376378829125e-05 2.47320749622304e-05 2.349547139601782e-05 2.232069709862117e-05 2.120466160704382e-05 2.014442907238845e-05 1.913720734592061e-05 1.818034616007935e-05 1.727132803353015e-05 1.640776099520735e-05 1.558737312734593e-05 1.480800438002916e-05 1.406760384270456e-05 1.336422337772092e-05 1.269601216336014e-05 1.206121123686898e-05 1.145815076597501e-05 1.088524368242361e-05 1.034098113450455e-05 9.823932487051934e-06 9.332736226497218e-06 8.866099051374476e-06 8.422794053331017e-06 8.001654350664467e-06 7.601571724080713e-06 7.221492978715105e-06 6.860418125143042e-06 6.517397196148522e-06 6.191527518240036e-06 5.881950983166462e-06 5.587853593169712e-06 5.308460913511226e-06 5.043038072471973e-06 4.790886123373639e-06 4.551341589831281e-06 4.323774646763923e-06 4.107585937163094e-06 3.902206572092837e-06 3.707096311700298e-06 3.52174151885265e-06 3.345654477016069e-06 3.178371798640001e-06 3.019453288288787e-06 2.868480578399613e-06 2.725056447161478e-06 2.588803681646823e-06 2.459363486195798e-06 2.336395255042589e-06 2.219575435447041e-06 2.108596618199954e-06 2.003166855502059e-06 1.90300852409564e-06 1.807858097890858e-06 1.71746523847105e-06 1.631591999284865e-06 1.550012370898912e-06 1.472511712563573e-06 1.398886070091976e-06 1.328941721112642e-06 1.2624946066353e-06 1.199369876303535e-06 1.139401433647436e-06 1.082431367649406e-06 0.0001046217512339354 0.0005893157795071602 0.001451856223866343 0.002684883773326874 0.00425700843334198 0.006112079136073589 0.008209268562495708 0.01055101398378611 0.0131419375538826 0.01597598008811474 0.01904120482504368 0.02232149057090282 0.02580828219652176 0.02945762127637863 0.03322469443082809 0.03708508238196373 0.04102201387286186 0.04503534734249115
 0 0 0 0 0 0 0 0 0 0 0 0 0 0 0 0 0 0 0 0 0 0 0 0 0 0 0 0 0 0 0 0 0 0 0 0 0 0 0 0 0 0 0 0 0 0 0 0 0 0 0 0 0 0 0 0 0 0 0 0 0 0 0 0 0 0 0 0 0 0 0 0 0 0 0 0 0 0 0 0 0 0 0 0 0 0 0 0 0 0 0 0 0 0 0 0 0 0 0 0 0 0 0 0 0 0 0 0 0 0 0 0 0 0 0 0 0 0 0 0 0 0 0 0 0 0 0 0 0 0 0 0 0 0 0 0 0 0 0 0 0 0 0 0 0 0 0 0 0 0 0 0 0 0 0 0 0 0 0 0 0 0 0 0 0 0 0 0 0 0 0 0 0 0 0 0 0 0 0 0 0 0 0 0 0 0 0 0 0 0 0 0 0 0 0 0 0 0 0 0 0 0 0 0 0 0 0 0 0 0 0 0 0 0 0 0 0 0 0 0 0 0 0 0 0 0 0 0 0 0 0 0 0 0 0 0 0 0 0 0 0 0 0 0 0 0 0 0 0 0 0 0 0 0 0 0 0 0 0 0 0 0 0 0 0 0 0 0 0 0 0 0 0 0 0 0 0 0 0 0 0 0 0 0 0 0 0 0 0 0 0 0 0 0 0 0 0 0 0 0 0 0 0 0 0 0 0 0 0 0 0 0 0 0 0 0 0 0 0 0 0 0 0 0 0 0 0 0 0 0 0 0 0 0 0 0 0 0 0 0 0 0 0 0 0 0 0 0 0 0 0 0 0 0 0 0 0 0 0 0 0 0 0 0 0 0 0 0 0 0 0 0 0 0 0 0 0 0 0 0 0 0 0 0 0 0 0 0 0 0 0 0 0 0 0 0 0 0 0 0 0 0 0 0 0 0 0 0 0 0 0 0 0 0 0 0 0 0 0 0 0 0 0 0 0 0 0 0 0 0 0 0 0 0 0 0 0 0 0 0 0 0 0 0 0 0 0 0 0 0 0 0 0 0 0 0 0 0 0 0 0 0 0 0 0 0 0 0 0 0 0 0 0 0 0 0 0 0 0 0 0 0 0 0 0 0 0 0 0 0 0 0 0 0 0 0 0 0 0 0 0 0 0 0 0 0 0 0 0 0 0 0 0 0 0 0 0 0 0 0 0 0 0 0 0 0 0 0 0 0 0 0 0 0 0 0 0 0 0 0 0 0 0 0 0 0 0 0 0 0 0 0 0 0 0 0 0 0 0 0 0 0 0 0 0 0 0 0 0 0 0 0 0 0 0 0 0 0 0 0 0 0 0 0 0 0 0 0 0 0 0 0 0 0 0 0 0 0 0 0
 0 0 0 0 0 0 0 0 0 0 0 0 0 0 0 0 0 0 0 0 0 0 0 0 0 0 0 0 0 0 0 0 0 0 0 0 0 0 0 0 0 0 0 0 0 0 0 0 0 0 0 0 0 0 0 0 0 0 0 0 0 0 0 0 0 0 0 0 0 0 0 0 0 0 0 0 0 0 0 0 0 0 0 0 0 0 0 0 0 0 0 0 0 0 0 0 0 0 0 0 0 0 0 0 0 0 0 0 0 0 0 0 0 0 0 0 0 0 0 0 0 0 0 0 0 0 0 0 0 0 0 0 0 0 0 0 0 0 0 0 0 0 0 0 0 0 0 0 0 0 0 0 0 0 0 0 0 0 0 0 0 0 0 0 0 0 0 0 0 0 0 0 0 0 0 0 0 0 0 0 0 0 0 0 0 0 0 0 0 0 0 0 0 0 0 0 0 0 0 0 0 0 0 0 0 0 0 0 0 0 0 0 0 0 0 0 0 0 0 0 0 0 0 0 0 0 0 0 0 0 0 0 0 0 0 0 0 0 0 0 0 0 0 0 0 0 0 0 0 0 0 0 0 0 0 0 0 0 0 0 0 0 0 0 0 0 0 0 0 0 0 0 0 0 0 0 0 0 0 0 0 0 0 0 0 0 0 0 0 0 0 0 0 0 0 0 0 0 0 0 0 0 0 0 0 0 0 0 0 0 0 0 0 0 0 0 0 0 0 0 0 0 0 0 0 0 0 0 0 0 0 0 0 0 0 0 0 0 0 0 0 0 0 0 0 0 0 0 0 0 0 0 0 0 0 0 0 0 0 0 0 0 0 0 0 0 0 0 0 0 0 0 0 0 0 0 0 0 0 0 0 0 0 0 0 0 0 0 0 0 0 0 0 0 0 0 0 0 0 0 0 0 0 0 0 0 0 0 0 0 0 0 0 0 0 0 0 0 0 0 0 0 0 0 0 0 0 0 0 0 0 0 0 0 0 0 0 0 0 0 0 0 0 0 0 0 0 0 0 0 0 0 0 0 0 0 0 0 0 0 0 0 0 0 0 0 0 0 0 0 0 0 0 0 0 0 0 0 0 0 0 0 0 0 0 0 0 0 0 0 0 0 0 0 0 0 0 0 0 0 0 0 0 0 0 0 0 0 0 0 0 0 0 0 0 0 0 0 0 0 0 0 0 0 0 0 0 0 0 0 0 0 0 0 0 0 0 0 0 0 0 0 0 0 0 0 0 0 0 0 0 0 0 0 0 0 0 0 0 0 0 0 0 0 0 0 0 0 0 0 0 0 0 0 0 0 0 0 0 0 0 0 0 0 0 0 0 0 0 0 0 0 0 0 0 0 0 0 0 0
 0 0 0 0 0 0 0 0 0 0 0 0 0 0 0 0 0 0 0 0 0 0 0 0 0 0 0 0 0 0 0 0 0 0 0 0 0 0 0 0 0 0 0 0 0 0 0 0 0 0 0 0 0 0 0 0 0 0 0 0 0 0 0 0 0 0 0 0 0 0 0 0 0 0 0 0 0 0 0 0 0 0 0 0 0 0 0 0 0 0 0 0 0 0 0 0 0 0 0 0 0 0 0 0 0 0 0 0 0 0 0 0 0 0 0 0 0 0 0 0 0 0 0 0 0 0 0 0 0 0 0 0 0 0 0 0 0 0 0 0 0 0 0 0 0 0 0 0 0 0 0 0 0 0 0 0 0 0 0 0 0 0 0 0 0 0 0 0 0 0 0 0 0 0 0 0 0 0 0 0 0 0 0 0 0 0 0 0 0 0 0 0 0 0 0 0 0 0 0 0 0 0 0 0 0 0 0 0 0 0 0 0 0 0 0 0 0 0 0 0 0 0 0 0 0 0 0 0 0 0 0 0 0 0 0 0 0 0 0 0 0 0 0 0 0 0 0 0 0 0 0 0 0 0 0 0 0 0 0 0 0 0 0 0 0 0 0 0 0 0 0 0 0 0 0 0 0 0 0 0 0 0 0 0 0 0 0 0 0 0 0 0 0 0 0 0 0 0 0 0 0 0 0 0 0 0 0 0 0 0 0 0 0 0 0 0 0 0 0 0 0 0 0 0 0 0 0 0 0 0 0 0 0 0 0 0 0 0 0 0 0 0 0 0 0 0 0 0 0 0 0 0 0 0 0 0 0 0 0 0 0 0 0 0 0 0 0 0 0 0 0 0 0 0 0 0 0 0 0 0 0 0 0 0 0 0 0 0 0 0 0 0 0 0 0 0 0 0 0 0 0 0 0 0 0 0 0 0 0 0 0 0 0 0 0 0 0 0 0 0 0 0 0 0 0 0 0 0 0 0 0 0 0 0 0 0 0 0 0 0 0 0 0 0 0 0 0 0 0 0 0 0 0 0 0 0 0 0 0 0 0 0 0 0 0 0 0 0 0 0 0 0 0 0 0 0 0 0 0 0 0 0 0 0 0 0 0 0 0 0 0 0 0 0 0 0 0 0 0 0 0 0 0 0 0 0 0 0 0 0 0 0 0 0 0 0 0 0 0 0 0 0 0 0 0 0 0 0 0 0 0 0 0 0 0 0 0 0 0 0 0 0 0 0 0 0 0 0 0 0 0 0 0 0 0 0 0 0 0 0 0 0 0 0 0 0 0 0 0 0 0 0 0 0 0 0 0 0 0 0 0 0 0 0 0 0 0 0 0 0 0 0 0 0 0 0 0 0 0 0
 0 0 0 0 0 0 0 0 0 0 0 0 0 0 0 0 0 0 0 0 0 0 0 0 0 0 0 0 0 0 0 0 0 0 0 0 0 0 0 0 0 0 0 0 0 0 0 0 0 0 0 0 0 0 0 0 0 0 0 0 0 0 0 0 0 0 0 0 0 0 0 0 0 0 0 0 0 0 0 0 0 0 0 0 0 0 0 0 0 0 0 0 0 0 0 0 0 0 0 0 0 0 0 0 0 0 0 0 0 0 0 0 0 0 0 0 0 0 0 0 0 0 0 0 0 0 0 0 0 0 0 0 0 0 0 0 0 0 0 0 0 0 0 0 0 0 0 0 0 0 0 0 0 0 0 0 0 0 0 0 0 0 0 0 0 0 0 0 0 0 0 0 0 0 0 0 0 0 0 0 0 0 0 0 0 0 0 0 0 0 0 0 0 0 0 0 0 0 0 0 0 0 0 0 0 0 0 0 0 0 0 0 0 0 0 0 0 0 0 0 0 0 0 0 0 0 0 0 0 0 0 0 0 0 0 0 0 0 0 0 0 0 0 0 0 0 0 0 0 0 0 0 0 0 0 0 0 0 0 0 0 0 0 0 0 0 0 0 0 0 0 0 0 0 0 0 0 0 0 0 0 0 0 0 0 0 0 0 0 0 0 0 0 0 0 0 0 0 0 0 0 0 0 0 0 0 0 0 0 0.0002381406666245311 0.001034282497130334 0.002405470237135887 0.004370681941509247 0.006986229680478573 0.01032986026257277 0.0144509207457304 0.01942251995205879 0.02528191544115543 0.0320039801299572 0.03947879374027252 0.04762546345591545 0.05648642405867577 0.06596679985523224 0.07609155774116516 0.08671774715185165 0.09785687923431396 0.1094619482755661 0.1214574947953224 0.1337668150663376 0.1464671194553375 0.1595607995986938 0.1730169504880905 0.1867000460624695 0.2006765007972717 0.2149763554334641 0.2296370416879654 0.2446551918983459 0.257381796836853 0.265909343957901 0.2690592706203461 0.2659129798412323 0.2558203637599945 0.2430293411016464 0.2308778762817383 0.2193339765071869 0.2083672732114792 0.1979489028453827 0.1880514621734619 0.1786488890647888 0.1697164475917816 0.1612306237220764 0.1531690955162048 0.1455106437206268 0.1382351070642471 0.1313233524560928 0.1247571855783463 0.1185193285346031 0.1125933602452278 0.1069636940956116 0.1016155108809471 0.09653473645448685 0.0917079970240593 0.0871225968003273 0.08276646584272385 0.07862814515829086 0.07469673454761505 0.07096190005540848 0.0674138069152832 0.06404311954975128 0.06084096431732178 0.05779891461133957 0.05490896850824356 0.05216351896524429 0.04955534264445305 0.04707757383584976 0.04472369700670242 0.04248751327395439 0.0403631366789341 0.03834497928619385 0.03642772883176804 0.03460634127259254 0.03287602588534355 0.03123222477734089 0.02967061288654804 0.02818708308041096 0.0267777293920517 0.02543884329497814 0.02416690066456795 0.02295855619013309 0.0218106284737587 0.0207200963050127 0.0196840912103653 0.018699886277318 0.01776489242911339 0.01687664724886417 0.01603281497955322 0.01523117441684008 0.01446961611509323 0.01374613493680954 0.01305882818996906 0.0124058872461319 0.0117855928838253 0.01119631342589855 0.01063649728894234 0.01010467205196619 0.009599438868463039 0.009119466878473759 0.00866349320858717 0.008230318315327168 0.007818802259862423 0.007427861914038658 0.00705646863207221 0.006703644990921021 0.006368462927639484 0.006050040014088154 0.005747538059949875 0.005460161250084639 0.005187153350561857 0.004927795846015215 0.004681406076997519 0.004447335842996836 0.004224969074130058 0.00401372043415904 0.003813034389168024 0.003622382646426558 0.00344126345589757 0.003269200213253498 0.003105740295723081 0.002950453199446201 0.002802930539473891 0.002662783954292536 0.002529644872993231 0.002403162652626634 0.002283004578202963 0.002168854232877493 0.002060411497950554 0.001957390923053026 0.001859521376900375 0.001766545348800719 0.001678218133747578 0.001594307250343263 0.00151459185872227 0.001438862294889987 0.001366919139400125 0.001298573217354715 0.001233644550666213 0.001171962358057499 0.001113364240154624 0.001057696063071489 0.001004811259917915 0.0009545707143843174 0.0009068421786651015 0.000861500040628016 0.0008184250327758491 0.0007775037665851414 0.000738628557883203 0.000701697135809809 0.0006666122935712337 0.0006332816556096077 0.0006016175611875951 0.000571536656934768 0.0005429598386399448 0.0005158118437975645 0.0004900212516076863 0.000465520191937685 0.0004422441706992686 0.000420131953433156 0.0003991253615822643 0.0003791690978687257 0.0003602106298785657 0.000342200102750212 0.0003250901063438505 0.0003088355879299343 0.0002933937939815223 0.0002787240955512971 0.0002647879009600729 0.0002515485102776438 0.0002389710862189531 0.0002270225377287716 0.0002156714035663754 0.0002048878377536312 0.0001946434495039284 0.000184911274118349 0.0001756657147780061 0.0001668824261287227 0.0001585382997291163 0.0001506113912910223 0.0001430808188160881 0.000135926777147688 0.0001291304361075163 0.0001226739113917574 0.0001165402136393823 0.0001107132047764026 0.0001051775470841676 9.991866681957617e-05 9.492273238720372e-05 9.017659613164142e-05 8.56677652336657e-05 8.138437988236547e-05 7.731516234343871e-05 7.344940240727738e-05 6.977693556109443e-05 6.628809205722064e-05 6.297368963714689e-05 5.982500442769378e-05 5.683375275111757e-05 5.399206565925851e-05 5.129246346768923e-05 4.872784120379947e-05 4.629145041690208e-05 4.397687735036016e-05 4.177803202765062e-05 3.968913006247021e-05 3.77046744688414e-05 3.581944110919721e-05 3.402846778044477e-05 3.232704330002889e-05 3.071068931603804e-05 2.917515485023614e-05 2.77163962891791e-05 2.633057738421485e-05 2.501404924259987e-05 2.37633466895204e-05 2.257517917314544e-05 2.144641985069029e-05 2.037409831245895e-05 1.935539330588654e-05 1.838762364059221e-05 1.746824273141101e-05 1.659483132243622e-05 1.576509021106176e-05 1.497683570050867e-05 1.422799414285691e-05 1.351659466308774e-05 1.284076461161021e-05 1.219872683577705e-05 1.158879058493767e-05 1.100935151043814e-05 1.045888348016888e-05 9.935939488059375e-06 9.439142559131142e-06 8.96718574949773e-06 8.518826689396519e-06 8.092885764199309e-06 7.688241566938814e-06 7.303829534066608e-06 6.93863785272697e-06 6.591706096514827e-06 6.262120678002248e-06 5.949014848738443e-06 5.651564151776256e-06 5.368985966924811e-06 5.100536782265408e-06 4.84550992041477e-06 4.603234629030339e-06 4.373072897578822e-06 4.154419457336189e-06 3.946698598156217e-06 3.749363713723142e-06 3.56189548256225e-06 3.383800731171505e-06 3.214610615032143e-06 3.053880163861322e-06 2.901186235249043e-06 2.75612683253712e-06 2.618320422698162e-06 2.487404344719835e-06 2.363034127483843e-06 2.244882352897548e-06 2.132638201146619e-06 2.026006313826656e-06 1.924705884448485e-06 1.828470544751326e-06 1.737047000460734e-06 1.650194690228091e-06 1.567684989822737e-06 1.489300757384626e-06 1.41483576499013e-06 1.344094016531017e-06 1.276889292967098e-06 1.213044811265718e-06 1.152392542280722e-06 1.094772869691951e-06 1.040034248944721e-06 9.880325251288014e-07 9.386308761349937e-07 8.916993579077825e-07 8.471143928545644e-07 8.047586561588105e-07 7.645207347195537e-07 7.262946724040376e-07 0.0001730406365823001 0.0006304727285169065 0.001367364078760147 0.002355623990297318 0.003559689968824387 0.004968062043190002 0.006558958906680346 0.008319507353007793 0.01024198159575462
 0 0 0 0 0 0 0 0 0 0 0 0 0 0 0 0 0 0 0 0 0 0 0 0 0 0 0 0 0 0 0 0 0 0 0 0 0 0 0 0 0 0 0 0 0 0 0 0 0 0 0 0 0 0 0 0 0 0 0 0 0 0 0 0 0 0 0 0 0 0 0 0 0 0 0 0 0 0 0 0 0 0 0 0 0 0 0 0 0 0 0 0 0 0 0 0 0 0 0 0 0 0 0 0 0 0 0 0 0 0 0 0 0 0 0 0 0 0 0 0 0 0 0 0 0 0 0 0 0 0 0 0 0 0 0 0 0 0 0 0 0 0 0 0 0 0 0 0 0 0 0 0 0 0 0 0 0 0 0 0 0 0 0 0 0 0 0 0 0 0 0 0 0 0 0 0 0 0 0 0 0 0 0 0 0 0 0 0 0 0 0 0 0 0 0 0 0 0 0 0 0 0 0 0 0 0 0 0 0 0 0 0 0 0 0 0 0 0 0 0 0 0 0 0 0 0 0 0 0 0 0 0 0 0 0 0 0 0 0 0 0 0 0 0 0 0 0 0 0 0 0 0 0 0 0 0 0 0 0 0 0 0 0 0 0 0 0 0 0 0 0 0 0 0 0 0 0 0 0 0 0 0 0 0 0 0 0 0 0 0 0 0 0 0 0 0 0 0 0 0 0 0 0 0 0 0 0 0 0 0 0 0 0 0 0 0 0 0 0 0 0 0 0 0 0 0 0 0 0 0 0 0 0 0 0 0 0 0 0 0 0 0 0 0 0 0 0 0 0 0 0 0 0 0 0 0 0 0 0 0 0 0 0 0 0 0 0 0 0 0 0 0 0 0 0 0 0 0 0 0 0 0 0 0 0 0 0 0 0 0 0 0 0 0 0 0 0 0 0 0 0 0 0 0 0 0 0 0 0 0 0 0 0 0 0 0 0 0 0 0 0 0 0 0 0 0 0 0 0 0 0 0 0 0 0 0 0 0 0 0 0 0 0 0 0 0 0 0 0 0 0 0 0 0 0 0 0 0 0 0 0 0 0 0 0 0 0 0 0 0 0 0 0 0 0 0 0 0 0 0 0 0 0 0 0 0 0 0 0 0 0 0 0 0 0 0 0 0 0 0 0 0 0 0 0 0 0 0 0 0 0 0 0 0 0 0 0 0 0 0 0 0 0 0 0 0 0 0 0 0 0 0 0 0 0 0 0 0 0 0 0 0 0 0 0 0 0 0 0 0 0 0 0 0 0 0 0 0 0 0 0 0 0 0 0 0 0 0 0 0 0 0 0 0 0 0 0 0 0 0 0 0 0 0 0 0 0 0 0 0 0 0 0 0 0 0 0 0 0 0
 0 0 0 0 0 0 0 0 0 0 0 0 0 0 0 0 0 0 0 0 0 0 0 0 0 0 0 0 0 0 0 0 0 0 0 0 0 0 0 0 0 0 0 0 0 0 0 0 0 0 0 0 0 0 0 0 0 0 0 0 0 0 0 0 0 0 0 0 0 0 0 0 0 0 0 0 0 0 0 0 0 0 0 0 0 0 0 0 0 0 0 0 0 0 0 0 0 0 0 0 0 0 0 0 0 0 0 0 0 0 0 0 0 0 0 0 0 0 0 0 0 0 0 0 0 0 0 0 0 0 0 0 0 0 0 0 0 0 0 0 0 0 0 0 0 0 0 0 0 0 0 0 0 0 0 0 0 0 0 0 0 0 0 0 0 0 0 0 0 0 0 0 0 0 0 0 0 0 0 0 0 0 0 0 0 0 0 0 0 0 0 0 0 0 0 0 0 0 0 0 0 0 0 0 0 0 0 0 0 0 0 0 0 0 0 0 0 0 0 0 0 0 0 0 0 0 0 0 0 0 0 0 0 0 0 0 0 0 0 0 0 0 0 0 0 0 0 0 0 0 0 0 0 0 0 0 0 0 0 0 0 0 0 0 0 0 0 0 0 0 0 0 0 0 0 0 0 0 0 0 0 0 0 0 0 0 0 0 0 0 0 0 0 0 0 0 0 0 0 0 0 0 0 0 0 0 0 0 0 0 0 0 0 0 0 0 0 0 0 0 0 0 0 0 0 0 0 0 0 0 0 0 0 0 0 0 0 0 0 0 0 0 0 0 0 0 0 0 0 0 0 0 0 0 0 0 0 0 0 0 0 0 0 0 0 0 0 0 0 0 0 0 0 0 0 0 0 0 0 0 0 0 0 0 0 0 0 0 0 0 0 0 0 0 0 0 0 0 0 0 0 0 0 0 0 0 0 0 0 0 0 0 0 0 0 0 0 0 0 0 0 0 0 0 0 0 0 0 0 0 0 0 0 0 0 0 0 0 0 0 0 0 0 0 0 0 0 0 0 0 0 0 0 0 0 0 0 0 0 0 0 0 0 0 0 0 0 0 0 0 0 0 0 0 0 0 0 0 0 0 0 0 0 0 0 0 0 0 0 0 0 0 0 0 0 0 0 0 0 0 0 0 0 0 0 0 0 0 0 0 0 0 0 0 0 0 0 0 0 0 0 0 0 0 0 0 0 0 0 0 0 0 0 0 0 0 0 0 0 0 0 0 0 0 0 0 0 0 0 0 0 0 0 0 0 0 0 0 0 0 0 0 0 0 0 0 0 0 0 0 0 0 0 0 0 0 0 0 0 0 0 0 0 0 0 0 0 0 0 0 0 0 0 0 0 0 0 0 0 0


# name: r_0_m14_G0_L0p3_D0p7
# type: matrix
# rows: 1
# columns: 14
 0 -14 0.2 0 0.3 0 -7.377265 0 0 0.1647576327518699 0 140 1.788854381999832 0.7




