# Created by Octave 3.8.2, Mon Jun 19 12:45:18 2017 BST <co1ssj@node117>
# name: result
# type: scalar struct
# ndims: 2
 1 1
# length: 3
# name: params
# type: scalar struct
# ndims: 2
 1 1
# length: 18
# name: cleanup
# type: scalar
0


# name: num_runs
# type: scalar
6


# name: dopamine
# type: scalar
0.7


# name: targetCross
# type: scalar
1


# name: targetLuminance
# type: scalar
0.3


# name: targetWidthX
# type: scalar
6


# name: targetWidthY
# type: scalar
2


# name: fixCross
# type: scalar
1


# name: fixLuminance
# type: scalar
0.2


# name: fixWidthX
# type: scalar
6


# name: fixWidthY
# type: scalar
2


# name: fixOn
# type: scalar
0


# name: targetOff
# type: scalar
1


# name: targetOn
# type: scalar
0.2


# name: fixOff
# type: scalar
0.2


# name: targetThetaX
# type: scalar
0


# name: targetThetaY
# type: scalar
-16


# name: exptnum
# type: scalar
0




# name: r_0_m16_G0_L0p3_D0p7_llbn
# type: matrix
# rows: 24
# columns: 600
 0 0 0 0 0 0 0 0 0 0 0 0 0 0 0 0 0 0 0 0 0 0 0 0 0 0 0 0 0 0 0 0 0 0 0 0 0 0 0 0 0 0 0 0 0 0 0 0 0 0 0 0 0 0 0 0 0 0 0 0 0 0 0 0 0 0 0 0 0 0 0 0 0 0 0 0 0 0 0 0 0 0 0 0 0 0 0 0 0 0 0 0 0 0 0 0 0 0 0 0 0 0 0 0 0 0 0 0 0 0 0 0 0 0 0 0 0 0 0 0 0 0 0 0 0 0 0 0 0 0 0 0 0 0 0 0 0 0 0 0 0 0 0 0 0 0 0 0 0 0 0 0 0 0 0 0 0 0 0 0 0 0 0 0 0 0 0 0 0 0 0 0 0 0 0 0 0 0 0 0 0 0 0 0 0 0 0 0 0 0 0 0 0 0 0 0 0 0 0 0 0 0 0 0 0 0 0 0 0 0 0 0 0 0 0 0 0 0 0 0 0 0 0 0 0 0 0 0 0 0 0 0 0 0 0 0 0 0 0 0 0 0 0 0 0 0 0 0 0 0 0 0 0 0 0 0 0 0 0 0 0 0 0 0 0 0 0 0 0 0 0 0 0 0 0 0 0 0 0 0 0 0 0 0 0 0 0 0 0 0 0 0 0 0 0 0 0 0 0 0 0 0 0 0 0 0 0 0 0 0 0 0 0 0 0 0 0 0 0 0 0 0 0 0 0 0 0 0 0 0 0 0 0 0 0 0 0 0 0 0 0 0 0 0 0 0 0 0 0 0 0 0 0 0 0 0 0 0 0 0 0 0 0 0 0 0 0 0 0 0 0 0 0 0 0 0 0 0 0 0 0 0 0 0 0 0 0 0 0 0 0 0 0 0 0 0 0 0 0 0 0 0 0 0 0 0 0 0 0 0 0 0 0 0 0 0 0 0 0 0 0 0 0 0 0 0 0 0 0 0 0 0 0 0 0 0 0 0 0 0 0 0 0 0 0 0 0 0 0 0 0 0 0 0 0 0 0 0 0 0 0 0 0 0 0 0 0 0 0 0 0 0 0 0 0 0 0 0 0 0 0 0 0 0 0 0 0 0 0 0 0 0 0 0 0 0 0 0 0 0 0 0 0 0 0 0 0 0 0 0 0 0 0 0 0 0 0 0 0 0 0 0 0 0 0 0 0 0 0 0 0 0 0 0 0 0 0 0 0 0 0 0 0 0 0 0 0 0 0 0 0 0 0 0 0 0 0 0 0 0 0 0 0 0 0 0 0 0 0 0 0 0 0 0 0 0 0 0 0 0 0 0 0 0 0 0 0 0 0 0 0 0 0 0 0 0 0 0 0 0
 0 0 0 0 0 0 0 0 0 0 0 0 0 0 0 0 0 0 0 0 0 0 0 0 0 0 0 0 0 0 0 0 0 0 0 0 0 0 0 0 0 0 0 0 0 0 0 0 0 0 0 0 0 0 0 0 0 0 0 0 0 0 0 0 0 0 0 0 0 0 0 0 0 0 0 0 0 0 0 0 0 0 0 0 0 0 0 0 0 0 0 0 0 0 0 0 0 0 0 0 0 0 0 0 0 0 0 0 0 0 0 0 0 0 0 0 0 0 0 0 0 0 0 0 0 0 0 0 0 0 0 0 0 0 0 0 0 0 0 0 0 0 0 0 0 0 0 0 0 0 0 0 0 0 0 0 0 0 0 0 0 0 0 0 0 0 0 0 0 0 0 0 0 0 0 0 0 0 0 0 0 0 0 0 0 0 0 0 0 0 0 0 0 0 0 0 0 0 0 0 0 0 0 0 0 0 0 0 0 0 0 0 0 0 0 0 0 0 0 0 0 0 0 0 0 0 0 0 0 0 0 0 0 0 0 0 0 0 0 0 0 0 0 0 0 0 0 0 0 0 0 0 0 0 0 0 0 0 0 0 0 0 0 0 0 0 0 0 0 0 0 0 0 0 0 0 0 0 0 0 0 0 0 0 0 0.0003704635892063379 0.001200138940475881 0.002495810156688094 0.004284972324967384 0.00663401372730732 0.009589492343366146 0.01315140631049871 0.0173497200012207 0.02227014862000942 0.02791661769151688 0.03434911370277405 0.04157144576311111 0.04963348060846329 0.05854063481092453 0.06830092519521713 0.07887185364961624 0.08995231986045837 0.1015699654817581 0.1137458309531212 0.126258909702301 0.1389903426170349 0.1519666463136673 0.1653039455413818 0.1790071427822113 0.1931452304124832 0.2077009081840515 0.2226617932319641 0.2379867881536484 0.25290447473526 0.2649706304073334 0.2724457383155823 0.2741899192333221 0.2693820595741272 0.2575314939022064 0.2446549236774445 0.2324221730232239 0.2208010703325272 0.2097610235214233 0.1992729753255844 0.1893093287944794 0.179843857884407 0.1708516627550125 0.1623090803623199 0.1541936248540878 0.1464839428663254 0.1391597390174866 0.1322017461061478 0.1255916655063629 0.119312085211277 0.1133464798331261 0.107679158449173 0.1022951975464821 0.09718044102191925 0.09232141822576523 0.0877053439617157 0.08332007378339767 0.07915406674146652 0.07519636303186417 0.07143654674291611 0.06786471605300903 0.06447148323059082 0.06124790757894516 0.05818551033735275 0.05527623370289803 0.05251242220401764 0.0498868003487587 0.04739246144890785 0.04502283781766891 0.04277169704437256 0.04063311219215393 0.03860145807266235 0.03667138516902924 0.03483781591057777 0.03309592604637146 0.03144112974405289 0.0298690740019083 0.02837562002241611 0.0269568394869566 0.02560899779200554 0.02432854846119881 0.02311212196946144 0.02195651642978191 0.02085869014263153 0.01981575600802898 0.01882496848702431 0.01788371987640858 0.01698953472077847 0.01614005863666534 0.01533305551856756 0.01456640288233757 0.01383808255195618 0.0131461787968874 0.01248886995017529 0.01186442654579878 0.01127120479941368 0.01070764474570751 0.01017226278781891 0.009663649834692478 0.009180467575788498 0.008721443824470043 0.008285371586680412 0.007871102541685104 0.007477547507733107 0.007103669922798872 0.006748486310243607 0.006411062087863684 0.00609050877392292 0.005785983521491289 0.005496684461832047 0.005221850238740444 0.004960757680237293 0.004712719935923815 0.004477084148675203 0.004253230057656765 0.004040568601340055 0.003838540054857731 0.003646613098680973 0.003464282490313053 0.0032910683657974 0.003126514842733741 0.002970189088955522 0.002821679692715406 0.0026805957313627 0.002546565840020776 0.00241923751309514 0.002298275707289577 0.002183361910283566 0.002074193907901645 0.001970484154298902 0.001871960004791617 0.00177836196962744 0.001689443830400705 0.001604971592314541 0.00152472301851958 0.001448486815206707 0.001376062515191734 0.00130725943017751 0.001241896417923272 0.001179801649414003 0.001120811561122537 0.001064770971424878 0.001011532382108271 0.0009609557455405593 0.0009129079408012331 0.0008672625408507884 0.0008238994050770998 0.000782704446464777 0.0007435692241415381 0.0007063907687552273 0.000671071233227849 0.0006375176599249244 0.0006056417478248477 0.0005753596778959036 0.0005465917056426406 0.0005192621028982103 0.0004932989832013845 0.0004686340398620814 0.0004452023422345519 0.0004229422193020582 0.0004017951141577214 0.0003817053511738777 0.0003626200777944177 0.0003444890608079731 0.0003272645990364254 0.0003109013778157532 0.0002953563234768808 0.0002805885160341859 0.0002665591018740088 0.0002532311482354999 0.0002405695850029588 0.0002285411028424278 0.0002171140513382852 0.000206258351681754 0.0001959454384632409 0.0001861481723608449 0.0001768407673807815 0.0001679987326497212 0.000159598799655214 0.0001516188640380278 0.0001440379273844883 0.000136836024466902 0.0001299942232435569 0.0001234945084434003 0.0001173197815660387 0.0001114537953981198 0.0001058811030816287 0.0001005870508379303 9.55576979322359e-05 9.077980939764529e-05 8.624081965535879e-05 8.19287815829739e-05 7.783234468661249e-05 7.394072599709034e-05 7.02436882420443e-05 6.67315034661442e-05 6.339493120322004e-05 6.022518573445268e-05 5.721392517443746e-05 5.435322964331135e-05 5.163556852494366e-05 4.905378955299966e-05 4.66011006210465e-05 4.427104431670159e-05 4.205749064567499e-05 3.995461520389654e-05 3.795688462560065e-05 3.605904203141108e-05 3.425608883844689e-05 3.254328476032242e-05 3.09161187033169e-05 2.937031240435317e-05 2.790179678413551e-05 2.650670649018139e-05 2.518137080187444e-05 2.392230271652807e-05 2.272618803544901e-05 2.158987808797974e-05 2.051038427453022e-05 1.948486533365212e-05 1.851062188507058e-05 1.758509097271599e-05 1.670583696977701e-05 1.587054430274293e-05 1.507701745140366e-05 1.432316639693454e-05 1.360700844088569e-05 1.292665820074035e-05 1.228032488143072e-05 1.166630863735918e-05 1.108299329644069e-05 1.052884363161866e-05 1.000240172288613e-05 9.502281500317622e-06 9.027167834574357e-06 8.575809260946698e-06 8.147018888848834e-06 7.739668035355862e-06 7.352684406214394e-06 6.985050276853144e-06 6.635797944909427e-06 6.304007911239751e-06 5.988807515677763e-06 5.689367299055448e-06 5.404898729466368e-06 5.134653747518314e-06 4.877921128354501e-06 4.634025117411511e-06 4.402324066177243e-06 4.182207703706808e-06 3.973097136622528e-06 3.774442348003504e-06 3.585720151022542e-06 3.40643418894615e-06 3.236112434024108e-06 3.074306732742116e-06 2.920591441579745e-06 2.774561835394707e-06 2.635833652675501e-06 2.504041958673042e-06 2.378839781158604e-06 2.259897883050144e-06 2.146902943422901e-06 2.039557784883073e-06 1.937579781952081e-06 1.840700747379742e-06 1.748665681589046e-06 1.661232431615645e-06 1.578170781613153e-06 1.49926222547947e-06 1.424299171048915e-06 1.353084257971204e-06 1.285430016650935e-06 1.221158527187072e-06 1.160100623565086e-06 1.102095552596438e-06 1.046990746544907e-06 9.946412546923966e-07 9.449091749047511e-07 8.976637104751717e-07 8.527805448466097e-07 8.101415005512536e-07 7.696344255236909e-07 7.311526815101388e-07 6.945950303816062e-07 6.598652930733806e-07 6.26872008524515e-07 5.955284336778277e-07 5.657520318891329e-07 5.374644160838216e-07 5.105911782266048e-07 4.850616051044199e-07 4.608085362178826e-07 4.37768107985903e-07 4.15879696902266e-07 3.950857205836655e-07 3.753314388177387e-07 3.565648682979372e-07 3.387366120932711e-07 3.217997743831802e-07 3.057097899272776e-07 2.90424310378512e-07 2.7590309059633e-07 2.621079318032571e-07 2.490025394763506e-07 2.365524096603622e-07 2.247247863351731e-07 2.134885477289572e-07 2.028141210530521e-07 1.926734114476858e-07 1.830397451385579e-07 1.738877557500018e-07 1.651933700941299e-07 1.569337086948508e-07 1.490870289444501e-07 1.416326824710268e-07
 0 0 0 0 0 0 0 0 0 0 0 0 0 0 0 0 0 0 0 0 0 0 0 0 0 0 0 0 0 0 0 0 0 0 0 0 0 0 0 0 0 0 0 0 0 0 0 0 0 0 0 0 0 0 0 0 0 0 0 0 0 0 0 0 0 0 0 0 0 0 0 0 0 0 0 0 0 0 0 0 0 0 0 0 0 0 0 0 0 0 0 0 0 0 0 0 0 0 0 0 0 0 0 0 0 0 0 0 0 0 0 0 0 0 0 0 0 0 0 0 0 0 0 0 0 0 0 0 0 0 0 0 0 0 0 0 0 0 0 0 0 0 0 0 0 0 0 0 0 0 0 0 0 0 0 0 0 0 0 0 0 0 0 0 0 0 0 0 0 0 0 0 0 0 0 0 0 0 0 0 0 0 0 0 0 0 0 0 0 0 0 0 0 0 0 0 0 0 0 0 0 0 0 0 0 0 0 0 0 0 0 0 0 0 0 0 0 0 0 0 0 0 0 0 0 0 0 0 0 0 0 0 0 0 0 0 0 0 0 0 0 0 0 0 0 0 0 0 0 0 0 0 0 0 0 0 0 0 0 0 0 0 0 0 0 0 0 0 0 0 0 0 0 0 0 0 0 0 0 0 0 0 0 0 0 0 0 0 0 0 0 0 0 0 0 0 0 0 0 0 0 0 0 0 0 0 0 0 0 0 0 0 0 0 0 0 0 0 0 0 0 0 0 0 0 0 0 0 0 0 0 0 0 0 0 0 0 0 0 0 0 0 0 0 0 0 0 0 0 0 0 0 0 0 0 0 0 0 0 0 0 0 0 0 0 0 0 0 0 0 0 0 0 0 0 0 0 0 0 0 0 0 0 0 0 0 0 0 0 0 0 0 0 0 0 0 0 0 0 0 0 0 0 0 0 0 0 0 0 0 0 0 0 0 0 0 0 0 0 0 0 0 0 0 0 0 0 0 0 0 0 0 0 0 0 0 0 0 0 0 0 0 0 0 0 0 0 0 0 0 0 0 0 0 0 0 0 0 0 0 0 0 0 0 0 0 0 0 0 0 0 0 0 0 0 0 0 0 0 0 0 0 0 0 0 0 0 0 0 0 0 0 0 0 0 0 0 0 0 0 0 0 0 0 0 0 0 0 0 0 0 0 0 0 0 0 0 0 0 0 0 0 0 0 0 0 0 0 0 0 0 0 0 0 0 0 0 0 0 0 0 0 0 0 0 0 0 0 0 0 0 0 0 0 0 0 0 0 0 0 0 0 0 0 0 0 0 0 0 0 0 0 0 0 0 0 0 0 0 0 0 0 0 0 0 0 0 0 0 0 0 0 0 0 0 0 0 0 0 0
 0 0 0 0 0 0 0 0 0 0 0 0 0 0 0 0 0 0 0 0 0 0 0 0 0 0 0 0 0 0 0 0 0 0 0 0 0 0 0 0 0 0 0 0 0 0 0 0 0 0 0 0 0 0 0 0 0 0 0 0 0 0 0 0 0 0 0 0 0 0 0 0 0 0 0 0 0 0 0 0 0 0 0 0 0 0 0 0 0 0 0 0 0 0 0 0 0 0 0 0 0 0 0 0 0 0 0 0 0 0 0 0 0 0 0 0 0 0 0 0 0 0 0 0 0 0 0 0 0 0 0 0 0 0 0 0 0 0 0 0 0 0 0 0 0 0 0 0 0 0 0 0 0 0 0 0 0 0 0 0 0 0 0 0 0 0 0 0 0 0 0 0 0 0 0 0 0 0 0 0 0 0 0 0 0 0 0 0 0 0 0 0 0 0 0 0 0 0 0 0 0 0 0 0 0 0 0 0 0 0 0 0 0 0 0 0 0 0 0 0 0 0 0 0 0 0 0 0 0 0 0 0 0 0 0 0 0 0 0 0 0 0 0 0 0 0 0 0 0 0 0 0 0 0 0 0 0 0 0 0 0 0 0 0 0 0 0 0 0 0 0 0 0 0 0 0 0 0 0 0 0 0 0 0 0 0 0 0 0 0 0 0 0 0 0 0 0 0 0 0 0 0 0 0 0 0 0 0 0 0 0 0 0 0 0 0 0 0 0 0 0 0 0 0 0 0 0 0 0 0 0 0 0 0 0 0 0 0 0 0 0 0 0 0 0 0 0 0 0 0 0 0 0 0 0 0 0 0 0 0 0 0 0 0 0 0 0 0 0 0 0 0 0 0 0 0 0 0 0 0 0 0 0 0 0 0 0 0 0 0 0 0 0 0 0 0 0 0 0 0 0 0 0 0 0 0 0 0 0 0 0 0 0 0 0 0 0 0 0 0 0 0 0 0 0 0 0 0 0 0 0 0 0 0 0 0 0 0 0 0 0 0 0 0 0 0 0 0 0 0 0 0 0 0 0 0 0 0 0 0 0 0 0 0 0 0 0 0 0 0 0 0 0 0 0 0 0 0 0 0 0 0 0 0 0 0 0 0 0 0 0 0 0 0 0 0 0 0 0 0 0 0 0 0 0 0 0 0 0 0 0 0 0 0 0 0 0 0 0 0 0 0 0 0 0 0 0 0 0 0 0 0 0 0 0 0 0 0 0 0 0 0 0 0 0 0 0 0 0 0 0 0 0 0 0 0 0 0 0 0 0 0 0 0 0 0 0 0 0 0 0 0 0 0 0 0 0 0 0 0 0 0 0 0 0 0 0 0 0 0 0 0 0 0 0 0 0 0 0 0
 0 0 0 0 0 0 0 0 0 0 0 0 0 0 0 0 0 0 0 0 0 0 0 0 0 0 0 0 0 0 0 0 0 0 0 0 0 0 0 0 0 0 0 0 0 0 0 0 0 0 0 0 0 0 0 0 0 0 0 0 0 0 0 0 0 0 0 0 0 0 0 0 0 0 0 0 0 0 0 0 0 0 0 0 0 0 0 0 0 0 0 0 0 0 0 0 0 0 0 0 0 0 0 0 0 0 0 0 0 0 0 0 0 0 0 0 0 0 0 0 0 0 0 0 0 0 0 0 0 0 0 0 0 0 0 0 0 0 0 0 0 0 0 0 0 0 0 0 0 0 0 0 0 0 0 0 0 0 0 0 0 0 0 0 0 0 0 0 0 0 0 0 0 0 0 0 0 0 0 0 0 0 0 0 0 0 0 0 0 0 0 0 0 0 0 0 0 0 0 0 0 0 0 0 0 0 0 0 0 0 0 0 0 0 0 0 0 0 0 0 0 0 0 0 0 0 0 0 0 0 0 0 0 0 0 0 0 0 0 0 0 0 0 0 0 0 0 0 0 0 0 0 0 0 0 0 0 0 0 0 0 0 0 0 0 0 0 0 0 0 0 0 0 0 0 0 0 0 0 0 0 0 0 0 0 0 0 0 0 0 0 0 0 0 0 0 0 0 0 0 0 0 0 0 0 0 0 0 0 0 0 0 0 0 0 0 0 0 0 0 0 0 0 0 0 0 0 0 0 0 0 0 0 0 0 0 0 0 0 0 0 0 0 0 0 0 0 0 0 0 0 0 0 0 0 0 0 0 0 0 0 0 0 0 0 0 0 0 0 0 0 0 0 0 0 0 0 0 0 0 0 0 0 0 0 0 0 0 0 0 0 0 0 0 0 0 0 0 0 0 0 0 0 0 0 0 0 0 0 0 0 0 0 0 0 0 0 0 0 0 0 0 0 0 0 0 0 0 0 0 0 0 0 0 0 0 0 0 0 0 0 0 0 0 0 0 0 0 0 0 0 0 0 0 0 0 0 0 0 0 0 0 0 0 0 0 0 0 0 0 0 0 0 0 0 0 0 0 0 0 0 0 0 0 0 0 0 0 0 0 0 0 0 0 0 0 0 0 0 0 0 0 0 0 0 0 0 0 0 0 0 0 0 0 0 0 0 0 0 0 0 0 0 0 0 0 0 0 0 0 0 0 0 0 0 0 0 0 0 0 0 0 0 0 0 0 0 0 0 0 0 0 0 0 0 0 0 0 0 0 0 0 0 0 0 0 0 0 0 0 0 0 0 0 0 0 0 0 0 0 0 0 0 0 0 0 0 0 0 0 0 0 0 0 0 0 0 0 0 0
 0 0 0 0 0 0 0 0 0 0 0 0 0 0 0 0 0 0 0 0 0 0 0 0 0 0 0 0 0 0 0 0 0 0 0 0 0 0 0 0 0 0 0 0 0 0 0 0 0 0 0 0 0 0 0 0 0 0 0 0 0 0 0 0 0 0 0 0 0 0 0 0 0 0 0 0 0 0 0 0 0 0 0 0 0 0 0 0 0 0 0 0 0 0 0 0 0 0 0 0 0 0 0 0 0 0 0 0 0 0 0 0 0 0 0 0 0 0 0 0 0 0 0 0 0 0 0 0 0 0 0 0 0 0 0 0 0 0 0 0 0 0 0 0 0 0 0 0 0 0 0 0 0 0 0 0 0 0 0 0 0 0 0 0 0 0 0 0 0 0 0 0 0 0 0 0 0 0 0 0 0 0 0 0 0 0 0 0 0 0 0 0 0 0 0 0 0 0 0 0 0 0 0 0 0 0 0 0 0 0 0 0 0 0 0 0 0 0 0 0 0 0 0 0 0 0 0 0 0 0 0 0 0 0 0 0 0 0 0 0 0 0 0 0 0 0 0 0 0 0 0 0 0 0 0 0 0 0 0 0 0 0 0 0 0 0 0 0 0 0 0 0 0 0 0 0 0 0 0 0 0 0 0 0 0 0 0.0003634827153291553 0.001170741976238787 0.002471570391207933 0.004256930202245712 0.006572808604687452 0.009447985328733921 0.01289707701653242 0.01697131618857384 0.0217006728053093 0.02710747718811035 0.03320968151092529 0.04006162285804749 0.04771584644913673 0.05616234987974167 0.06542328745126724 0.07535489648580551 0.08583672344684601 0.09686104953289032 0.1084223687648773 0.1205238029360771 0.1331753432750702 0.1461776196956635 0.1594766527414322 0.173068955540657 0.1870151460170746 0.2012077867984772 0.2155707180500031 0.2301610559225082 0.2448082119226456 0.2569569647312164 0.2648207545280457 0.2671416401863098 0.263144314289093 0.2522955536842346 0.2396807819604874 0.2276967465877533 0.216311901807785 0.2054963111877441 0.1952214986085892 0.1854604184627533 0.1761873960494995 0.1673780232667923 0.1590091288089752 0.1510586738586426 0.1435057371854782 0.1363304555416107 0.1295139342546463 0.1230382397770882 0.1168863251805305 0.1110420078039169 0.1054899096488953 0.1002154126763344 0.09520464390516281 0.0904444083571434 0.08592218905687332 0.08162607997655869 0.07754477858543396 0.07366754114627838 0.06998416781425476 0.0664849579334259 0.06316071003675461 0.06000267341732979 0.05700254067778587 0.05415241420269012 0.05144479498267174 0.04887255653738976 0.04642893001437187 0.04410748183727264 0.04190210625529289 0.03980699926614761 0.03781665116548538 0.03592582046985626 0.03412953019142151 0.03242305293679237 0.03080189973115921 0.02926180511713028 0.02779871411621571 0.02640877850353718 0.02508834004402161 0.02383392304182053 0.0226422268897295 0.02151011489331722 0.02043460868299007 0.01941287890076637 0.01844223588705063 0.0175201240926981 0.01664411835372448 0.01581191271543503 0.01502131670713425 0.01427025068551302 0.01355673838406801 0.01287890132516623 0.01223495602607727 0.01162320841103792 0.01104204822331667 0.01048994623124599 0.009965448640286922 0.009467176161706448 0.008993817493319511 0.008544126525521278 0.008116920478641987 0.007711074315011501 0.007325520738959312 0.006959244608879089 0.006611282471567392 0.006280718371272087 0.005966682452708483 0.005668348167091608 0.005384930875152349 0.005115684121847153 0.00485990010201931 0.004616905003786087 0.004386059939861298 0.004166756756603718 0.003958418965339661 0.003760498017072678 0.003572473069652915 0.003393849357962608 0.00322415679693222 0.003062949050217867 0.002909801667556167 0.002764311619102955 0.002626096131280065 0.002494791289791465 0.002370051806792617 0.002251549158245325 0.002138971816748381 0.002032023156061769 0.001930422033183277 0.001833900925703347 0.001742205931805074 0.00165509560611099 0.001572340843267739 0.001493723830208182 0.001419037580490112 0.001348085701465607 0.001280681462958455 0.001216647448018193 0.001155815087258816 0.001098024309612811 0.001043123076669872 0.0009909669170156121 0.0009414185769855976 0.0008943476714193821 0.0008496302762068808 0.0008071487536653876 0.0007667912868782878 0.0007284517050720751 0.0006920291343703866 0.0006574277067556977 0.0006245563272386789 0.0005933284992352128 0.0005636620917357504 0.000535478990059346 0.0005087050376459956 0.0004832697741221637 0.00045910628978163 0.0004361509636510164 0.0004143434052821249 0.0003936262219212949 0.000373944902094081 0.0003552476700861007 0.0003374852822162211 0.0003206110268365592 0.0003045804623980075 0.0002893514465540648 0.0002748838742263615 0.0002611396776046604 0.0002480826806277037 0.0002356785407755524 0.0002238946181023493 0.0002126998879248276 0.0002020648971665651 0.0001919616479426622 0.0001823635684559122 0.0001732453965814784 0.0001645831216592342 0.000156353969941847 0.000148536273627542 0.0001411094563081861 0.0001340539893135428 0.0001273512898478657 0.0001209837282658555 0.000114934540761169 0.0001091878148145042 0.0001037284237099811 9.854200470726937e-05 9.361490083392709e-05 8.893415360944346e-05 8.448744483757764e-05 8.026307477848604e-05 7.624991849297658e-05 7.243742584250867e-05 6.881555600557476e-05 6.537477747770026e-05 6.210603896761313e-05 5.900073665543459e-05 5.605069964076392e-05 5.324816447682679e-05 5.058575698058121e-05 4.805647040484473e-05 4.565364724840038e-05 4.337096470408142e-05 4.120241646887735e-05 3.914229455403984e-05 3.718517837114632e-05 3.532592018018477e-05 3.355962326168083e-05 3.188164191669784e-05 3.028755963896401e-05 2.877318183891475e-05 2.73345231107669e-05 2.596779631858226e-05 2.466940713929944e-05 2.343593587283976e-05 2.226413926109672e-05 2.115093229804188e-05 2.009338641073555e-05 1.908871672640089e-05 1.813428025343455e-05 1.722756678645965e-05 1.636618799238931e-05 1.554787922941614e-05 1.477048499509692e-05 1.403196074534208e-05 1.333036288997391e-05 1.266384515474783e-05 1.203065312438412e-05 1.142912060458912e-05 1.085766416508704e-05 1.031478132063057e-05 9.799042345548514e-06 9.309090273745824e-06 8.843635441735387e-06 8.401453669648618e-06 7.981380804267246e-06 7.582311809528619e-06 7.203196219052188e-06 6.843036317150109e-06 6.500884410343133e-06 6.175840098876506e-06 5.867048002983211e-06 5.573695489147212e-06 5.295010851114057e-06 5.030260126659414e-06 4.778747097589076e-06 4.539809651760152e-06 4.312819328333717e-06 4.097178134543356e-06 3.892319000442512e-06 3.697703050420387e-06 3.51281778421253e-06 3.337176849527168e-06 3.170317995682126e-06 3.011802164110122e-06 2.861212124116719e-06 2.718151563385618e-06 2.582243951110286e-06 2.453131855872925e-06 2.330475354028749e-06 2.213951574958628e-06 2.103254018948064e-06 1.998091420318815e-06 1.89818683793419e-06 1.803277541512216e-06 1.71311364738358e-06 1.627458004804794e-06 1.546085059089819e-06 1.468780851610063e-06 1.395341769239167e-06 1.325574658039841e-06 1.259295913769165e-06 1.196331140818074e-06 1.136514583777171e-06 1.079688900063047e-06 1.025704477797262e-06 9.744192084326642e-07 9.256982593797147e-07 8.794133350420452e-07 8.354426768164558e-07 7.936705515021458e-07 7.539870239270385e-07 7.162876727306866e-07 6.804733061471779e-07 6.464496209446224e-07 6.141271455817332e-07 5.834207854604756e-07 5.542497660826484e-07 5.265372919893707e-07 5.002104330742441e-07 4.751998972096771e-07 4.51439916560048e-07 4.288679065211909e-07 4.074245225638151e-07 3.870532907512825e-07 3.677006361613167e-07 3.493155986689089e-07 3.318498329463182e-07 3.152573526676861e-07 2.99494473665618e-07 2.845197570877644e-07 2.702937820231455e-07 2.567790886587318e-07 2.439401214360259e-07 2.317431153642246e-07 2.201559539116715e-07 2.091481547950025e-07 1.986907420814532e-07 1.887562035562951e-07 1.793183912468521e-07 1.703524787899369e-07 1.618348619558674e-07 1.537431160159031e-07 1.460559531096806e-07
 0 0 0 0 0 0 0 0 0 0 0 0 0 0 0 0 0 0 0 0 0 0 0 0 0 0 0 0 0 0 0 0 0 0 0 0 0 0 0 0 0 0 0 0 0 0 0 0 0 0 0 0 0 0 0 0 0 0 0 0 0 0 0 0 0 0 0 0 0 0 0 0 0 0 0 0 0 0 0 0 0 0 0 0 0 0 0 0 0 0 0 0 0 0 0 0 0 0 0 0 0 0 0 0 0 0 0 0 0 0 0 0 0 0 0 0 0 0 0 0 0 0 0 0 0 0 0 0 0 0 0 0 0 0 0 0 0 0 0 0 0 0 0 0 0 0 0 0 0 0 0 0 0 0 0 0 0 0 0 0 0 0 0 0 0 0 0 0 0 0 0 0 0 0 0 0 0 0 0 0 0 0 0 0 0 0 0 0 0 0 0 0 0 0 0 0 0 0 0 0 0 0 0 0 0 0 0 0 0 0 0 0 0 0 0 0 0 0 0 0 0 0 0 0 0 0 0 0 0 0 0 0 0 0 0 0 0 0 0 0 0 0 0 0 0 0 0 0 0 0 0 0 0 0 0 0 0 0 0 0 0 0 0 0 0 0 0 0 0 0 0 0 0 0 0 0 0 0 0 0 0 0 0 0 0 0 0 0 0 0 0 0 0 0 0 0 0 0 0 0 0 0 0 0 0 0 0 0 0 0 0 0 0 0 0 0 0 0 0 0 0 0 0 0 0 0 0 0 0 0 0 0 0 0 0 0 0 0 0 0 0 0 0 0 0 0 0 0 0 0 0 0 0 0 0 0 0 0 0 0 0 0 0 0 0 0 0 0 0 0 0 0 0 0 0 0 0 0 0 0 0 0 0 0 0 0 0 0 0 0 0 0 0 0 0 0 0 0 0 0 0 0 0 0 0 0 0 0 0 0 0 0 0 0 0 0 0 0 0 0 0 0 0 0 0 0 0 0 0 0 0 0 0 0 0 0 0 0 0 0 0 0 0 0 0 0 0 0 0 0 0 0 0 0 0 0 0 0 0 0 0 0 0 0 0 0 0 0 0 0 0 0 0 0 0 0 0 0 0 0 0 0 0 0 0 0 0 0 0 0 0 0 0 0 0 0 0 0 0 0 0 0 0 0 0 0 0 0 0 0 0 0 0 0 0 0 0 0 0 0 0 0 0 0 0 0 0 0 0 0 0 0 0 0 0 0 0 0 0 0 0 0 0 0 0 0 0 0 0 0 0 0 0 0 0 0 0 0 0 0 0 0 0 0 0 0 0 0 0 0 0 0 0 0 0 0 0 0 0 0 0 0 0 0 0 0 0 0 0 0 0 0 0 0 0 0 0 0 0 0
 0 0 0 0 0 0 0 0 0 0 0 0 0 0 0 0 0 0 0 0 0 0 0 0 0 0 0 0 0 0 0 0 0 0 0 0 0 0 0 0 0 0 0 0 0 0 0 0 0 0 0 0 0 0 0 0 0 0 0 0 0 0 0 0 0 0 0 0 0 0 0 0 0 0 0 0 0 0 0 0 0 0 0 0 0 0 0 0 0 0 0 0 0 0 0 0 0 0 0 0 0 0 0 0 0 0 0 0 0 0 0 0 0 0 0 0 0 0 0 0 0 0 0 0 0 0 0 0 0 0 0 0 0 0 0 0 0 0 0 0 0 0 0 0 0 0 0 0 0 0 0 0 0 0 0 0 0 0 0 0 0 0 0 0 0 0 0 0 0 0 0 0 0 0 0 0 0 0 0 0 0 0 0 0 0 0 0 0 0 0 0 0 0 0 0 0 0 0 0 0 0 0 0 0 0 0 0 0 0 0 0 0 0 0 0 0 0 0 0 0 0 0 0 0 0 0 0 0 0 0 0 0 0 0 0 0 0 0 0 0 0 0 0 0 0 0 0 0 0 0 0 0 0 0 0 0 0 0 0 0 0 0 0 0 0 0 0 0 0 0 0 0 0 0 0 0 0 0 0 0 0 0 0 0 0 0 0 0 0 0 0 0 0 0 0 0 0 0 0 0 0 0 0 0 0 0 0 0 0 0 0 0 0 0 0 0 0 0 0 0 0 0 0 0 0 0 0 0 0 0 0 0 0 0 0 0 0 0 0 0 0 0 0 0 0 0 0 0 0 0 0 0 0 0 0 0 0 0 0 0 0 0 0 0 0 0 0 0 0 0 0 0 0 0 0 0 0 0 0 0 0 0 0 0 0 0 0 0 0 0 0 0 0 0 0 0 0 0 0 0 0 0 0 0 0 0 0 0 0 0 0 0 0 0 0 0 0 0 0 0 0 0 0 0 0 0 0 0 0 0 0 0 0 0 0 0 0 0 0 0 0 0 0 0 0 0 0 0 0 0 0 0 0 0 0 0 0 0 0 0 0 0 0 0 0 0 0 0 0 0 0 0 0 0 0 0 0 0 0 0 0 0 0 0 0 0 0 0 0 0 0 0 0 0 0 0 0 0 0 0 0 0 0 0 0 0 0 0 0 0 0 0 0 0 0 0 0 0 0 0 0 0 0 0 0 0 0 0 0 0 0 0 0 0 0 0 0 0 0 0 0 0 0 0 0 0 0 0 0 0 0 0 0 0 0 0 0 0 0 0 0 0 0 0 0 0 0 0 0 0 0 0 0 0 0 0 0 0 0 0 0 0 0 0 0 0 0 0 0 0 0 0 0 0 0 0 0 0 0 0
 0 0 0 0 0 0 0 0 0 0 0 0 0 0 0 0 0 0 0 0 0 0 0 0 0 0 0 0 0 0 0 0 0 0 0 0 0 0 0 0 0 0 0 0 0 0 0 0 0 0 0 0 0 0 0 0 0 0 0 0 0 0 0 0 0 0 0 0 0 0 0 0 0 0 0 0 0 0 0 0 0 0 0 0 0 0 0 0 0 0 0 0 0 0 0 0 0 0 0 0 0 0 0 0 0 0 0 0 0 0 0 0 0 0 0 0 0 0 0 0 0 0 0 0 0 0 0 0 0 0 0 0 0 0 0 0 0 0 0 0 0 0 0 0 0 0 0 0 0 0 0 0 0 0 0 0 0 0 0 0 0 0 0 0 0 0 0 0 0 0 0 0 0 0 0 0 0 0 0 0 0 0 0 0 0 0 0 0 0 0 0 0 0 0 0 0 0 0 0 0 0 0 0 0 0 0 0 0 0 0 0 0 0 0 0 0 0 0 0 0 0 0 0 0 0 0 0 0 0 0 0 0 0 0 0 0 0 0 0 0 0 0 0 0 0 0 0 0 0 0 0 0 0 0 0 0 0 0 0 0 0 0 0 0 0 0 0 0 0 0 0 0 0 0 0 0 0 0 0 0 0 0 0 0 0 0 0 0 0 0 0 0 0 0 0 0 0 0 0 0 0 0 0 0 0 0 0 0 0 0 0 0 0 0 0 0 0 0 0 0 0 0 0 0 0 0 0 0 0 0 0 0 0 0 0 0 0 0 0 0 0 0 0 0 0 0 0 0 0 0 0 0 0 0 0 0 0 0 0 0 0 0 0 0 0 0 0 0 0 0 0 0 0 0 0 0 0 0 0 0 0 0 0 0 0 0 0 0 0 0 0 0 0 0 0 0 0 0 0 0 0 0 0 0 0 0 0 0 0 0 0 0 0 0 0 0 0 0 0 0 0 0 0 0 0 0 0 0 0 0 0 0 0 0 0 0 0 0 0 0 0 0 0 0 0 0 0 0 0 0 0 0 0 0 0 0 0 0 0 0 0 0 0 0 0 0 0 0 0 0 0 0 0 0 0 0 0 0 0 0 0 0 0 0 0 0 0 0 0 0 0 0 0 0 0 0 0 0 0 0 0 0 0 0 0 0 0 0 0 0 0 0 0 0 0 0 0 0 0 0 0 0 0 0 0 0 0 0 0 0 0 0 0 0 0 0 0 0 0 0 0 0 0 0 0 0 0 0 0 0 0 0 0 0 0 0 0 0 0 0 0 0 0 0 0 0 0 0 0 0 0 0 0 0 0 0 0 0 0 0 0 0 0 0 0 0 0 0 0 0 0 0 0 0 0 0 0 0 0 0
 0 0 0 0 0 0 0 0 0 0 0 0 0 0 0 0 0 0 0 0 0 0 0 0 0 0 0 0 0 0 0 0 0 0 0 0 0 0 0 0 0 0 0 0 0 0 0 0 0 0 0 0 0 0 0 0 0 0 0 0 0 0 0 0 0 0 0 0 0 0 0 0 0 0 0 0 0 0 0 0 0 0 0 0 0 0 0 0 0 0 0 0 0 0 0 0 0 0 0 0 0 0 0 0 0 0 0 0 0 0 0 0 0 0 0 0 0 0 0 0 0 0 0 0 0 0 0 0 0 0 0 0 0 0 0 0 0 0 0 0 0 0 0 0 0 0 0 0 0 0 0 0 0 0 0 0 0 0 0 0 0 0 0 0 0 0 0 0 0 0 0 0 0 0 0 0 0 0 0 0 0 0 0 0 0 0 0 0 0 0 0 0 0 0 0 0 0 0 0 0 0 0 0 0 0 0 0 0 0 0 0 0 0 0 0 0 0 0 0 0 0 0 0 0 0 0 0 0 0 0 0 0 0 0 0 0 0 0 0 0 0 0 0 0 0 0 0 0 0 0 0 0 0 0 0 0 0 0 0 0 0 0 0 0 0 0 0 0 0 0 0 0 0 0 0 0 0 0 0 0 0 0 0 0 0 0 0 0 0 0 0 0 0 0 0 0 0 0 0 0 0 0 0 0 0 0 0 0 0 0.000319094251608476 0.001196344965137541 0.002757872454822063 0.005025007762014866 0.008089998736977577 0.01201874017715454 0.0168403647840023 0.02262204885482788 0.02945136092603207 0.0373808741569519 0.04647336155176163 0.05674628913402557 0.06804801523685455 0.08010991662740707 0.09295932948589325 0.1066132634878159 0.1208187192678452 0.135602593421936 0.1510742604732513 0.1672077625989914 0.1839967519044876 0.2014152556657791 0.2192856967449188 0.2377140074968338 0.2565636336803436 0.2756634652614594 0.2950615286827087 0.3120467960834503 0.3242899775505066 0.3300901055335999 0.3283683359622955 0.318401038646698 0.3024809956550598 0.2873569428920746 0.2729890942573547 0.2593396306037903 0.2463726550340652 0.2340540289878845 0.2223513275384903 0.2112337648868561 0.2006720751523972 0.190638467669487 0.1811065375804901 0.1720512062311172 0.1634486466646194 0.1552762091159821 0.1475124061107635 0.1401367783546448 0.1331299394369125 0.1264734417200089 0.1201497688889503 0.1141422837972641 0.1084351688623428 0.1030134111642838 0.09786274284124374 0.09296960383653641 0.08832112699747086 0.08390507102012634 0.07970982044935226 0.07572432607412338 0.07193811237812042 0.0683412104845047 0.06492415070533752 0.06167794391512871 0.05859404802322388 0.05566434562206268 0.05288112908601761 0.05023707449436188 0.04772521927952766 0.0453389585018158 0.04307201132178307 0.04091840982437134 0.03887248784303665 0.03692886233329773 0.03508241847157478 0.03332829847931862 0.03166188299655914 0.03007878921926022 0.02857485041022301 0.0271461084485054 0.0257888026535511 0.02449936233460903 0.02327439375221729 0.02211067453026772 0.02100514061748981 0.01995488442480564 0.01895713992416859 0.01800928264856339 0.01710881851613522 0.01625337824225426 0.01544070895761251 0.01466867327690125 0.01393523998558521 0.01323847845196724 0.01257655490189791 0.01194772683084011 0.01135034020990133 0.01078282296657562 0.01024368219077587 0.00973149761557579 0.009244922548532486 0.008782676421105862 0.00834354292601347 0.007926365360617638 0.007530047092586756 0.007153544574975967 0.006795867346227169 0.006456073839217424 0.006133269984275103 0.005826606415212154 0.005535276141017675 0.00525851221755147 0.004995586816221476 0.004745807498693466 0.00450851721689105 0.004283091519027948 0.00406893715262413 0.003865490201860666 0.00367221562191844 0.003488604910671711 0.003314174711704254 0.003148465882986784 0.00299104256555438 0.00284149032086134 0.00269941589795053 0.0025644451379776 0.002436222974210978 0.002314411802217364 0.002198691247031093 0.002088756766170263 0.001984318951144814 0.001885103061795235 0.001790847862139344 0.001701305503956974 0.001616240246221423 0.00153542822226882 0.001458656857721508 0.001385724055580795 0.001316437846980989 0.001250615925528109 0.001188085181638598 0.001128680887632072 0.001072246814146638 0.001018634531646967 0.000967702828347683 0.0009193177102133632 0.0008733518188819289 0.000829684198834002 0.0007882000063546002 0.0007487899856641889 0.0007113504689186811 0.0006757829687558115 0.00064199382904917 0.000609894166700542 0.000579399464186281 0.0005504295113496482 0.0005229080561548471 0.0004967626300640404 0.0004719244898296893 0.0004483282682485878 0.0004259118577465415 0.0004046162648592144 0.0003843854647129774 0.0003651661972980946 0.0003469078801572323 0.0003295624919701368 0.0003130843688268214 0.0002974301460199058 0.0002825586416292936 0.0002684307110030204 0.0002550091885495931 0.0002422587276669219 0.0002301457861904055 0.0002186384954256937 0.0002077065728371963 0.0001973212492885068 0.0001874551817309111 0.0001780824240995571 0.0001691782963462174 0.0001607193844392896 0.000152683409396559 0.0001450492418371141 0.0001377967855660245 0.0001309069484705105 0.0001243615988641977 0.0001181435218313709 0.0001122363464673981 0.0001066245313268155 0.0001012933062156662 9.622864308767021e-05 9.141721238847822e-05 8.684635395184159e-05 8.250403334386647e-05 7.837883458705619e-05 7.445989467669278e-05 7.073690358083695e-05 6.720006058458239e-05 6.384005973814055e-05 6.064805711503141e-05 5.761565262218937e-05 5.47348681720905e-05 5.199812585487962e-05 4.939821883453988e-05 4.692830771091394e-05 4.458189141587354e-05 4.235279629938304e-05 4.023515793960541e-05 3.822339931502938e-05 3.631223080446944e-05 3.449661744525656e-05 3.277178620919585e-05 3.113319689873606e-05 2.957653669000138e-05 2.809770921885502e-05 2.669282366696279e-05 2.53581820288673e-05 2.40902736550197e-05 2.288576069986448e-05 2.174147266487125e-05 2.065439912257716e-05 1.962167880265042e-05 1.864059413492214e-05 1.770856397342868e-05 1.682313632045407e-05 1.598197923158295e-05 1.518287990620593e-05 1.442373559257248e-05 1.370254904031754e-05 1.301742122450378e-05 1.2366550436127e-05 1.174822318716906e-05 1.116081239160849e-05 1.060277190845227e-05 1.007263290375704e-05 9.569001122144982e-06 9.090551429835614e-06 8.636024176666979e-06 8.204223377106246e-06 7.794012162776198e-06 7.404311418213183e-06 7.034095688140951e-06 6.682390903733904e-06 6.348271199385636e-06 6.030857548466884e-06 5.729314580094069e-06 5.442848760139896e-06 5.170706117496593e-06 4.912170879833866e-06 4.666562290367438e-06 4.433234153111698e-06 4.211572559142951e-06 4.000994067610009e-06 3.800944341492141e-06 3.610897238104371e-06 3.43035230798705e-06 3.258834794905852e-06 3.095893134741345e-06 2.941098500741646e-06 2.794043666654034e-06 2.654341415109229e-06 2.521624310247716e-06 2.395543106104014e-06 2.275765837111976e-06 2.161977590731112e-06 2.053878688457189e-06 1.951184685822227e-06 1.853625462899799e-06 1.760944201123493e-06 1.672897042226396e-06 1.589252178746392e-06 1.509789626652491e-06 1.434300202163286e-06 1.362585180686438e-06 1.294455955758167e-06 1.229733129548549e-06 1.168246512861515e-06 1.109834215640149e-06 1.054342533279851e-06 1.001625378194149e-06 9.515441092844412e-07 9.039669066623901e-07 8.587685442762449e-07 8.158301056937489e-07 7.750385861982068e-07 7.362866654148092e-07 6.994723094067012e-07 6.644987138315628e-07 6.312737923508394e-07 5.99710119786323e-07 0.0002103516162605956 0.000791577622294426
 0 0 0 0 0 0 0 0 0 0 0 0 0 0 0 0 0 0 0 0 0 0 0 0 0 0 0 0 0 0 0 0 0 0 0 0 0 0 0 0 0 0 0 0 0 0 0 0 0 0 0 0 0 0 0 0 0 0 0 0 0 0 0 0 0 0 0 0 0 0 0 0 0 0 0 0 0 0 0 0 0 0 0 0 0 0 0 0 0 0 0 0 0 0 0 0 0 0 0 0 0 0 0 0 0 0 0 0 0 0 0 0 0 0 0 0 0 0 0 0 0 0 0 0 0 0 0 0 0 0 0 0 0 0 0 0 0 0 0 0 0 0 0 0 0 0 0 0 0 0 0 0 0 0 0 0 0 0 0 0 0 0 0 0 0 0 0 0 0 0 0 0 0 0 0 0 0 0 0 0 0 0 0 0 0 0 0 0 0 0 0 0 0 0 0 0 0 0 0 0 0 0 0 0 0 0 0 0 0 0 0 0 0 0 0 0 0 0 0 0 0 0 0 0 0 0 0 0 0 0 0 0 0 0 0 0 0 0 0 0 0 0 0 0 0 0 0 0 0 0 0 0 0 0 0 0 0 0 0 0 0 0 0 0 0 0 0 0 0 0 0 0 0 0 0 0 0 0 0 0 0 0 0 0 0 0 0 0 0 0 0 0 0 0 0 0 0 0 0 0 0 0 0 0 0 0 0 0 0 0 0 0 0 0 0 0 0 0 0 0 0 0 0 0 0 0 0 0 0 0 0 0 0 0 0 0 0 0 0 0 0 0 0 0 0 0 0 0 0 0 0 0 0 0 0 0 0 0 0 0 0 0 0 0 0 0 0 0 0 0 0 0 0 0 0 0 0 0 0 0 0 0 0 0 0 0 0 0 0 0 0 0 0 0 0 0 0 0 0 0 0 0 0 0 0 0 0 0 0 0 0 0 0 0 0 0 0 0 0 0 0 0 0 0 0 0 0 0 0 0 0 0 0 0 0 0 0 0 0 0 0 0 0 0 0 0 0 0 0 0 0 0 0 0 0 0 0 0 0 0 0 0 0 0 0 0 0 0 0 0 0 0 0 0 0 0 0 0 0 0 0 0 0 0 0 0 0 0 0 0 0 0 0 0 0 0 0 0 0 0 0 0 0 0 0 0 0 0 0 0 0 0 0 0 0 0 0 0 0 0 0 0 0 0 0 0 0 0 0 0 0 0 0 0 0 0 0 0 0 0 0 0 0 0 0 0 0 0 0 0 0 0 0 0 0 0 0 0 0 0 0 0 0 0 0 0 0 0 0 0 0 0 0 0 0 0 0 0 0 0 0 0 0 0 0 0 0 0 0 0 0 0 0 0 0 0 0 0 0 0
 0 0 0 0 0 0 0 0 0 0 0 0 0 0 0 0 0 0 0 0 0 0 0 0 0 0 0 0 0 0 0 0 0 0 0 0 0 0 0 0 0 0 0 0 0 0 0 0 0 0 0 0 0 0 0 0 0 0 0 0 0 0 0 0 0 0 0 0 0 0 0 0 0 0 0 0 0 0 0 0 0 0 0 0 0 0 0 0 0 0 0 0 0 0 0 0 0 0 0 0 0 0 0 0 0 0 0 0 0 0 0 0 0 0 0 0 0 0 0 0 0 0 0 0 0 0 0 0 0 0 0 0 0 0 0 0 0 0 0 0 0 0 0 0 0 0 0 0 0 0 0 0 0 0 0 0 0 0 0 0 0 0 0 0 0 0 0 0 0 0 0 0 0 0 0 0 0 0 0 0 0 0 0 0 0 0 0 0 0 0 0 0 0 0 0 0 0 0 0 0 0 0 0 0 0 0 0 0 0 0 0 0 0 0 0 0 0 0 0 0 0 0 0 0 0 0 0 0 0 0 0 0 0 0 0 0 0 0 0 0 0 0 0 0 0 0 0 0 0 0 0 0 0 0 0 0 0 0 0 0 0 0 0 0 0 0 0 0 0 0 0 0 0 0 0 0 0 0 0 0 0 0 0 0 0 0 0 0 0 0 0 0 0 0 0 0 0 0 0 0 0 0 0 0 0 0 0 0 0 0 0 0 0 0 0 0 0 0 0 0 0 0 0 0 0 0 0 0 0 0 0 0 0 0 0 0 0 0 0 0 0 0 0 0 0 0 0 0 0 0 0 0 0 0 0 0 0 0 0 0 0 0 0 0 0 0 0 0 0 0 0 0 0 0 0 0 0 0 0 0 0 0 0 0 0 0 0 0 0 0 0 0 0 0 0 0 0 0 0 0 0 0 0 0 0 0 0 0 0 0 0 0 0 0 0 0 0 0 0 0 0 0 0 0 0 0 0 0 0 0 0 0 0 0 0 0 0 0 0 0 0 0 0 0 0 0 0 0 0 0 0 0 0 0 0 0 0 0 0 0 0 0 0 0 0 0 0 0 0 0 0 0 0 0 0 0 0 0 0 0 0 0 0 0 0 0 0 0 0 0 0 0 0 0 0 0 0 0 0 0 0 0 0 0 0 0 0 0 0 0 0 0 0 0 0 0 0 0 0 0 0 0 0 0 0 0 0 0 0 0 0 0 0 0 0 0 0 0 0 0 0 0 0 0 0 0 0 0 0 0 0 0 0 0 0 0 0 0 0 0 0 0 0 0 0 0 0 0 0 0 0 0 0 0 0 0 0 0 0 0 0 0 0 0 0 0 0 0 0 0 0 0 0 0 0 0 0 0 0 0
 0 0 0 0 0 0 0 0 0 0 0 0 0 0 0 0 0 0 0 0 0 0 0 0 0 0 0 0 0 0 0 0 0 0 0 0 0 0 0 0 0 0 0 0 0 0 0 0 0 0 0 0 0 0 0 0 0 0 0 0 0 0 0 0 0 0 0 0 0 0 0 0 0 0 0 0 0 0 0 0 0 0 0 0 0 0 0 0 0 0 0 0 0 0 0 0 0 0 0 0 0 0 0 0 0 0 0 0 0 0 0 0 0 0 0 0 0 0 0 0 0 0 0 0 0 0 0 0 0 0 0 0 0 0 0 0 0 0 0 0 0 0 0 0 0 0 0 0 0 0 0 0 0 0 0 0 0 0 0 0 0 0 0 0 0 0 0 0 0 0 0 0 0 0 0 0 0 0 0 0 0 0 0 0 0 0 0 0 0 0 0 0 0 0 0 0 0 0 0 0 0 0 0 0 0 0 0 0 0 0 0 0 0 0 0 0 0 0 0 0 0 0 0 0 0 0 0 0 0 0 0 0 0 0 0 0 0 0 0 0 0 0 0 0 0 0 0 0 0 0 0 0 0 0 0 0 0 0 0 0 0 0 0 0 0 0 0 0 0 0 0 0 0 0 0 0 0 0 0 0 0 0 0 0 0 0 0 0 0 0 0 0 0 0 0 0 0 0 0 0 0 0 0 0 0 0 0 0 0 0 0 0 0 0 0 0 0 0 0 0 0 0 0 0 0 0 0 0 0 0 0 0 0 0 0 0 0 0 0 0 0 0 0 0 0 0 0 0 0 0 0 0 0 0 0 0 0 0 0 0 0 0 0 0 0 0 0 0 0 0 0 0 0 0 0 0 0 0 0 0 0 0 0 0 0 0 0 0 0 0 0 0 0 0 0 0 0 0 0 0 0 0 0 0 0 0 0 0 0 0 0 0 0 0 0 0 0 0 0 0 0 0 0 0 0 0 0 0 0 0 0 0 0 0 0 0 0 0 0 0 0 0 0 0 0 0 0 0 0 0 0 0 0 0 0 0 0 0 0 0 0 0 0 0 0 0 0 0 0 0 0 0 0 0 0 0 0 0 0 0 0 0 0 0 0 0 0 0 0 0 0 0 0 0 0 0 0 0 0 0 0 0 0 0 0 0 0 0 0 0 0 0 0 0 0 0 0 0 0 0 0 0 0 0 0 0 0 0 0 0 0 0 0 0 0 0 0 0 0 0 0 0 0 0 0 0 0 0 0 0 0 0 0 0 0 0 0 0 0 0 0 0 0 0 0 0 0 0 0 0 0 0 0 0 0 0 0 0 0 0 0 0 0 0 0 0 0 0 0 0 0 0 0 0 0 0 0 0 0 0
 0 0 0 0 0 0 0 0 0 0 0 0 0 0 0 0 0 0 0 0 0 0 0 0 0 0 0 0 0 0 0 0 0 0 0 0 0 0 0 0 0 0 0 0 0 0 0 0 0 0 0 0 0 0 0 0 0 0 0 0 0 0 0 0 0 0 0 0 0 0 0 0 0 0 0 0 0 0 0 0 0 0 0 0 0 0 0 0 0 0 0 0 0 0 0 0 0 0 0 0 0 0 0 0 0 0 0 0 0 0 0 0 0 0 0 0 0 0 0 0 0 0 0 0 0 0 0 0 0 0 0 0 0 0 0 0 0 0 0 0 0 0 0 0 0 0 0 0 0 0 0 0 0 0 0 0 0 0 0 0 0 0 0 0 0 0 0 0 0 0 0 0 0 0 0 0 0 0 0 0 0 0 0 0 0 0 0 0 0 0 0 0 0 0 0 0 0 0 0 0 0 0 0 0 0 0 0 0 0 0 0 0 0 0 0 0 0 0 0 0 0 0 0 0 0 0 0 0 0 0 0 0 0 0 0 0 0 0 0 0 0 0 0 0 0 0 0 0 0 0 0 0 0 0 0 0 0 0 0 0 0 0 0 0 0 0 0 0 0 0 0 0 0 0 0 0 0 0 0 0 0 0 0 0 0 0 0.0003049794177059084 0.001049848389811814 0.002279200591146946 0.003967237658798695 0.006119790952652693 0.008832830004394054 0.01212562434375286 0.01607067137956619 0.02070184797048569 0.02605768851935863 0.03219500556588173 0.03914730250835419 0.04692022874951363 0.05554837733507156 0.06502405554056168 0.07533574104309082 0.08621112257242203 0.09762173891067505 0.1095505282282829 0.1220117136836052 0.1346802562475204 0.147623136639595 0.1608886271715164 0.1745238155126572 0.1885767430067062 0.2030518054962158 0.2178864628076553 0.2329513281583786 0.2482496351003647 0.2612988650798798 0.2702901363372803 0.2739367485046387 0.2712185978889465 0.2614997923374176 0.2484247982501984 0.2360035628080368 0.2242033779621124 0.2129932045936584 0.202343538403511 0.1922263652086258 0.1826150417327881 0.1734842956066132 0.1648100763559341 0.1565695703029633 0.1487410962581635 0.1413040459156036 0.1342388391494751 0.1275268942117691 0.1211505532264709 0.1150930225849152 0.1093383729457855 0.1038714572787285 0.09867788106203079 0.09374398738145828 0.08905678987503052 0.08460395038127899 0.08037374913692474 0.07635506242513657 0.07253731042146683 0.06891044229269028 0.06546492129564285 0.0621916763484478 0.05908209085464478 0.05612798780202866 0.05332158878445625 0.05065551027655602 0.04812273383140564 0.04571659862995148 0.04343076795339584 0.04125922918319702 0.03919626772403717 0.03723645582795143 0.03537463396787643 0.0336059033870697 0.03192560747265816 0.03032932803034782 0.02881286107003689 0.02737221866846085 0.02600360848009586 0.02470342814922333 0.0234682559967041 0.02229484356939793 0.02118010073900223 0.02012109570205212 0.01911504007875919 0.01815928891301155 0.01725132390856743 0.01638875715434551 0.01556931901723146 0.01479085348546505 0.01405131071805954 0.01334874518215656 0.01268130820244551 0.01204724237322807 0.0114448806270957 0.01087263692170382 0.01032900530844927 0.009812555275857449 0.009321927092969418 0.008855830878019333 0.008413039147853851 0.007992386817932129 0.007592767477035522 0.007213129196316004 0.006852472666651011 0.006509848870337009 0.006184356287121773 0.005875138565897942 0.005581381730735302 0.005302312783896923 0.005037196911871433 0.004785337019711733 0.004546070005744696 0.004318766295909882 0.004102827981114388 0.003897686488926411 0.003702802117913961 0.00351766194216907 0.003341778879985213 0.003174689831212163 0.003015955444425344 0.002865157555788755 0.002721899654716253 0.002585804555565119 0.002456514397636056 0.002333688782528043 0.002217004308477044 0.002106154104694724 0.002000846434384584 0.001900804112665355 0.001805763924494386 0.00171547569334507 0.001629701931960881 0.001548216794617474 0.001470805960707366 0.001397265703417361 0.001327402424067259 0.001261032302863896 0.001197980716824532 0.001138081657700241 0.001081177615560591 0.001027118763886392 0.0009757628431543708 0.0009269746951758862 0.000880625972058624 0.0008365946705453098 0.0007947649573907256 0.0007550267037004232 0.0007172753685154021 0.0006814115913584828 0.0006473410176113248 0.0006149739492684603 0.0005842252285219729 0.0005550139467231929 0.0005272632697597146 0.0005009000888094306 0.000475855078548193 0.0004520623188000172 0.0004294592072255909 0.0004079862555954605 0.000387586944270879 0.0003682076057884842 0.0003497972211334854 0.0003323073615320027 0.0003156919847242534 0.0002999073767568916 0.0002849120064638555 0.0002706664090510458 0.0002571330987848341 0.0002442764525767416 0.0002320626226719469 0.0002204594929935411 0.0002094365190714598 0.0001989646989386529 0.0001890164567157626 0.0001795656280592084 0.0001705873437458649 0.0001620579714654014 0.0001539550721645355 0.0001462573127355427 0.0001389444514643401 0.0001319972216151655 0.0001253973605344072 0.0001191274932352826 0.0001131711178459227 0.0001075125619536266 0.000102136931673158 9.70300825429149e-05 9.217857586918399e-05 8.756964962230995e-05 8.319116750499234e-05 7.903161167632788e-05 7.508003182010725e-05 7.132603059289977e-05 6.775972724426538e-05 6.437174306483939e-05 6.115315773058683e-05 5.809549838886596e-05 5.519072510651313e-05 5.243118721409701e-05 4.980962694389746e-05 4.731914668809623e-05 4.495319080888294e-05 4.270553108653985e-05 4.057025580550544e-05 3.854174428852275e-05 3.661465598270297e-05 3.478392318356782e-05 3.304472556919791e-05 3.139249020023271e-05 2.982286605401896e-05 2.833172220562119e-05 2.691513691388536e-05 2.55693794315448e-05 2.429091000522021e-05 2.307636532350443e-05 2.192254760302603e-05 2.082642095047049e-05 1.978510044864379e-05 1.879584488051478e-05 1.785605309123639e-05 1.69632512552198e-05 1.611508923815563e-05 1.530933514004573e-05 1.454386801924556e-05 1.381667425448541e-05 1.312584026891273e-05 1.246954798261868e-05 1.18460702651646e-05 1.125376638810849e-05 1.069107838702621e-05 1.015652469504857e-05 9.64869832387194e-06 9.166263225779403e-06 8.707949746167287e-06 8.272551895061042e-06 7.858924618631136e-06 7.465978342224844e-06 7.092679425113602e-06 6.738045613019494e-06 6.401143309631152e-06 6.081086212361697e-06 5.777032129117288e-06 5.488180704560364e-06 5.213771601120243e-06 4.953083134751068e-06 4.705429091700353e-06 4.470157819014275e-06 4.246649950800929e-06 4.034317498735618e-06 3.832601578324102e-06 3.640971499407897e-06 3.458922947174869e-06 3.285976845290861e-06 3.121677991657634e-06 2.965594148918171e-06 2.817314452840947e-06 2.676448730198899e-06 2.542626361901057e-06 2.415495146124158e-06 2.29472038881795e-06 2.179984448957839e-06 2.070985146929161e-06 1.967435991900857e-06 1.869064135462395e-06 1.775610940057959e-06 1.686830387370719e-06 1.602488850949157e-06 1.522364414086042e-06 1.446246187697398e-06 1.37393385557516e-06 1.305237219639821e-06 1.239975404132565e-06 1.177976628241595e-06 1.11907775135478e-06 1.063123818312306e-06 1.009967604659323e-06 9.594692755854339e-07 9.114958174905041e-07 8.659210379846627e-07 8.226249974541133e-07 7.814937248440401e-07 7.424190471283509e-07 7.052980777189077e-07 6.700331596221076e-07 6.365315243783698e-07 6.047049510016222e-07 5.74469709135883e-07 5.45746217994747e-07 5.184589326745481e-07 4.925360030938464e-07 4.679092171500088e-07 4.445137449238246e-07 4.222880534143769e-07 4.011736507436581e-07 3.811149724697316e-07 3.620592110564758e-07 3.439562590301648e-07 3.267584531840839e-07 3.104205177351105e-07 2.948994790585857e-07 2.801544951580581e-07 2.661467704001552e-07 2.528394418277458e-07 2.401974654731021e-07 2.281875879361905e-07 2.167782042761246e-07 2.059393011677457e-07 1.956423432147858e-07 1.858602303173029e-07 1.765672124065532e-07 1.677388468124263e-07 1.593518987874631e-07 1.513842988742908e-07
 0 0 0 0 0 0 0 0 0 0 0 0 0 0 0 0 0 0 0 0 0 0 0 0 0 0 0 0 0 0 0 0 0 0 0 0 0 0 0 0 0 0 0 0 0 0 0 0 0 0 0 0 0 0 0 0 0 0 0 0 0 0 0 0 0 0 0 0 0 0 0 0 0 0 0 0 0 0 0 0 0 0 0 0 0 0 0 0 0 0 0 0 0 0 0 0 0 0 0 0 0 0 0 0 0 0 0 0 0 0 0 0 0 0 0 0 0 0 0 0 0 0 0 0 0 0 0 0 0 0 0 0 0 0 0 0 0 0 0 0 0 0 0 0 0 0 0 0 0 0 0 0 0 0 0 0 0 0 0 0 0 0 0 0 0 0 0 0 0 0 0 0 0 0 0 0 0 0 0 0 0 0 0 0 0 0 0 0 0 0 0 0 0 0 0 0 0 0 0 0 0 0 0 0 0 0 0 0 0 0 0 0 0 0 0 0 0 0 0 0 0 0 0 0 0 0 0 0 0 0 0 0 0 0 0 0 0 0 0 0 0 0 0 0 0 0 0 0 0 0 0 0 0 0 0 0 0 0 0 0 0 0 0 0 0 0 0 0 0 0 0 0 0 0 0 0 0 0 0 0 0 0 0 0 0 0 0 0 0 0 0 0 0 0 0 0 0 0 0 0 0 0 0 0 0 0 0 0 0 0 0 0 0 0 0 0 0 0 0 0 0 0 0 0 0 0 0 0 0 0 0 0 0 0 0 0 0 0 0 0 0 0 0 0 0 0 0 0 0 0 0 0 0 0 0 0 0 0 0 0 0 0 0 0 0 0 0 0 0 0 0 0 0 0 0 0 0 0 0 0 0 0 0 0 0 0 0 0 0 0 0 0 0 0 0 0 0 0 0 0 0 0 0 0 0 0 0 0 0 0 0 0 0 0 0 0 0 0 0 0 0 0 0 0 0 0 0 0 0 0 0 0 0 0 0 0 0 0 0 0 0 0 0 0 0 0 0 0 0 0 0 0 0 0 0 0 0 0 0 0 0 0 0 0 0 0 0 0 0 0 0 0 0 0 0 0 0 0 0 0 0 0 0 0 0 0 0 0 0 0 0 0 0 0 0 0 0 0 0 0 0 0 0 0 0 0 0 0 0 0 0 0 0 0 0 0 0 0 0 0 0 0 0 0 0 0 0 0 0 0 0 0 0 0 0 0 0 0 0 0 0 0 0 0 0 0 0 0 0 0 0 0 0 0 0 0 0 0 0 0 0 0 0 0 0 0 0 0 0 0 0 0 0 0 0 0 0 0 0 0 0 0 0 0 0 0 0 0 0 0 0 0 0 0 0 0 0 0 0 0
 0 0 0 0 0 0 0 0 0 0 0 0 0 0 0 0 0 0 0 0 0 0 0 0 0 0 0 0 0 0 0 0 0 0 0 0 0 0 0 0 0 0 0 0 0 0 0 0 0 0 0 0 0 0 0 0 0 0 0 0 0 0 0 0 0 0 0 0 0 0 0 0 0 0 0 0 0 0 0 0 0 0 0 0 0 0 0 0 0 0 0 0 0 0 0 0 0 0 0 0 0 0 0 0 0 0 0 0 0 0 0 0 0 0 0 0 0 0 0 0 0 0 0 0 0 0 0 0 0 0 0 0 0 0 0 0 0 0 0 0 0 0 0 0 0 0 0 0 0 0 0 0 0 0 0 0 0 0 0 0 0 0 0 0 0 0 0 0 0 0 0 0 0 0 0 0 0 0 0 0 0 0 0 0 0 0 0 0 0 0 0 0 0 0 0 0 0 0 0 0 0 0 0 0 0 0 0 0 0 0 0 0 0 0 0 0 0 0 0 0 0 0 0 0 0 0 0 0 0 0 0 0 0 0 0 0 0 0 0 0 0 0 0 0 0 0 0 0 0 0 0 0 0 0 0 0 0 0 0 0 0 0 0 0 0 0 0 0 0 0 0 0 0 0 0 0 0 0 0 0 0 0 0 0 0 0 0 0 0 0 0 0 0 0 0 0 0 0 0 0 0 0 0 0 0 0 0 0 0 0 0 0 0 0 0 0 0 0 0 0 0 0 0 0 0 0 0 0 0 0 0 0 0 0 0 0 0 0 0 0 0 0 0 0 0 0 0 0 0 0 0 0 0 0 0 0 0 0 0 0 0 0 0 0 0 0 0 0 0 0 0 0 0 0 0 0 0 0 0 0 0 0 0 0 0 0 0 0 0 0 0 0 0 0 0 0 0 0 0 0 0 0 0 0 0 0 0 0 0 0 0 0 0 0 0 0 0 0 0 0 0 0 0 0 0 0 0 0 0 0 0 0 0 0 0 0 0 0 0 0 0 0 0 0 0 0 0 0 0 0 0 0 0 0 0 0 0 0 0 0 0 0 0 0 0 0 0 0 0 0 0 0 0 0 0 0 0 0 0 0 0 0 0 0 0 0 0 0 0 0 0 0 0 0 0 0 0 0 0 0 0 0 0 0 0 0 0 0 0 0 0 0 0 0 0 0 0 0 0 0 0 0 0 0 0 0 0 0 0 0 0 0 0 0 0 0 0 0 0 0 0 0 0 0 0 0 0 0 0 0 0 0 0 0 0 0 0 0 0 0 0 0 0 0 0 0 0 0 0 0 0 0 0 0 0 0 0 0 0 0 0 0 0 0 0 0 0 0 0 0 0 0 0 0 0 0 0 0 0 0
 0 0 0 0 0 0 0 0 0 0 0 0 0 0 0 0 0 0 0 0 0 0 0 0 0 0 0 0 0 0 0 0 0 0 0 0 0 0 0 0 0 0 0 0 0 0 0 0 0 0 0 0 0 0 0 0 0 0 0 0 0 0 0 0 0 0 0 0 0 0 0 0 0 0 0 0 0 0 0 0 0 0 0 0 0 0 0 0 0 0 0 0 0 0 0 0 0 0 0 0 0 0 0 0 0 0 0 0 0 0 0 0 0 0 0 0 0 0 0 0 0 0 0 0 0 0 0 0 0 0 0 0 0 0 0 0 0 0 0 0 0 0 0 0 0 0 0 0 0 0 0 0 0 0 0 0 0 0 0 0 0 0 0 0 0 0 0 0 0 0 0 0 0 0 0 0 0 0 0 0 0 0 0 0 0 0 0 0 0 0 0 0 0 0 0 0 0 0 0 0 0 0 0 0 0 0 0 0 0 0 0 0 0 0 0 0 0 0 0 0 0 0 0 0 0 0 0 0 0 0 0 0 0 0 0 0 0 0 0 0 0 0 0 0 0 0 0 0 0 0 0 0 0 0 0 0 0 0 0 0 0 0 0 0 0 0 0 0 0 0 0 0 0 0 0 0 0 0 0 0 0 0 0 0 0 0 0 0 0 0 0 0 0 0 0 0 0 0 0 0 0 0 0 0 0 0 0 0 0 0 0 0 0 0 0 0 0 0 0 0 0 0 0 0 0 0 0 0 0 0 0 0 0 0 0 0 0 0 0 0 0 0 0 0 0 0 0 0 0 0 0 0 0 0 0 0 0 0 0 0 0 0 0 0 0 0 0 0 0 0 0 0 0 0 0 0 0 0 0 0 0 0 0 0 0 0 0 0 0 0 0 0 0 0 0 0 0 0 0 0 0 0 0 0 0 0 0 0 0 0 0 0 0 0 0 0 0 0 0 0 0 0 0 0 0 0 0 0 0 0 0 0 0 0 0 0 0 0 0 0 0 0 0 0 0 0 0 0 0 0 0 0 0 0 0 0 0 0 0 0 0 0 0 0 0 0 0 0 0 0 0 0 0 0 0 0 0 0 0 0 0 0 0 0 0 0 0 0 0 0 0 0 0 0 0 0 0 0 0 0 0 0 0 0 0 0 0 0 0 0 0 0 0 0 0 0 0 0 0 0 0 0 0 0 0 0 0 0 0 0 0 0 0 0 0 0 0 0 0 0 0 0 0 0 0 0 0 0 0 0 0 0 0 0 0 0 0 0 0 0 0 0 0 0 0 0 0 0 0 0 0 0 0 0 0 0 0 0 0 0 0 0 0 0 0 0 0 0 0 0 0 0 0 0 0 0 0 0 0 0
 0 0 0 0 0 0 0 0 0 0 0 0 0 0 0 0 0 0 0 0 0 0 0 0 0 0 0 0 0 0 0 0 0 0 0 0 0 0 0 0 0 0 0 0 0 0 0 0 0 0 0 0 0 0 0 0 0 0 0 0 0 0 0 0 0 0 0 0 0 0 0 0 0 0 0 0 0 0 0 0 0 0 0 0 0 0 0 0 0 0 0 0 0 0 0 0 0 0 0 0 0 0 0 0 0 0 0 0 0 0 0 0 0 0 0 0 0 0 0 0 0 0 0 0 0 0 0 0 0 0 0 0 0 0 0 0 0 0 0 0 0 0 0 0 0 0 0 0 0 0 0 0 0 0 0 0 0 0 0 0 0 0 0 0 0 0 0 0 0 0 0 0 0 0 0 0 0 0 0 0 0 0 0 0 0 0 0 0 0 0 0 0 0 0 0 0 0 0 0 0 0 0 0 0 0 0 0 0 0 0 0 0 0 0 0 0 0 0 0 0 0 0 0 0 0 0 0 0 0 0 0 0 0 0 0 0 0 0 0 0 0 0 0 0 0 0 0 0 0 0 0 0 0 0 0 0 0 0 0 0 0 0 0 0 0 0 0 0 0 0 0 0 0 0 0 0 0 0 0 0 0 0 0 0 0 0 0.000119563308544457 0.0006417111144401133 0.001634762389585376 0.003104820381850004 0.005044274032115936 0.007471232209354639 0.01046910881996155 0.01404860615730286 0.01824096590280533 0.02307265065610409 0.02860540524125099 0.03490216657519341 0.04198795184493065 0.04990381747484207 0.05863946676254272 0.06819338351488113 0.07840853184461594 0.08914481103420258 0.1003999710083008 0.1121760532259941 0.1244879737496376 0.1372058540582657 0.1501983106136322 0.1634814590215683 0.1770970076322556 0.1910690665245056 0.2054039835929871 0.2199027687311172 0.2345927655696869 0.2487430423498154 0.2600049376487732 0.2668028473854065 0.2679106295108795 0.2624928951263428 0.2500763833522797 0.2375725656747818 0.225693941116333 0.2144092470407486 0.2036887854337692 0.1935043483972549 0.183829128742218 0.1746376752853394 0.1659057885408401 0.1576105058193207 0.1497299820184708 0.1422434896230698 0.1351313143968582 0.1283747553825378 0.1219560205936432 0.115858219563961 0.1100653111934662 0.1045620441436768 0.09933394193649292 0.09436724334955215 0.08964888006448746 0.08516643941402435 0.08090811967849731 0.07686271518468857 0.07301957905292511 0.06936860084533691 0.06590016931295395 0.06260515749454498 0.05947490036487579 0.05650115385651588 0.05367609485983849 0.05099229142069817 0.04844267666339874 0.04602054134011269 0.04371951520442963 0.04153354093432426 0.03945686295628548 0.03748401999473572 0.03560981899499893 0.03382932767271996 0.03213785961270332 0.03053096681833267 0.0290044192224741 0.02755419909954071 0.02617648988962173 0.02486766502261162 0.02362428233027458 0.02244306728243828 0.02132091298699379 0.02025486715137959 0.01924212463200092 0.0182800181210041 0.01736601814627647 0.01649771630764008 0.0156728308647871 0.01488918904215097 0.01414472982287407 0.0134374937042594 0.0127656189724803 0.01212733797729015 0.01152097061276436 0.01094492245465517 0.01039767637848854 0.009877792559564114 0.009383902885019779 0.008914708159863949 0.008468972519040108 0.00804552435874939 0.007643247954547405 0.007261085323989391 0.00689803110435605 0.006553129758685827 0.006225473247468472 0.005914199631661177 0.005618489813059568 0.005337565205991268 0.005070686805993319 0.00481715239584446 0.004576294682919979 0.004347479902207851 0.004130105953663588 0.003923600539565086 0.003727420466020703 0.003541049547493458 0.003363996976986527 0.003195797093212605 0.003036007285118103 0.00288420682772994 0.00273999641649425 0.002602996537461877 0.002472846768796444 0.002349204383790493 0.00223174411803484 0.002120157005265355 0.002014149213209748 0.001913441810756922 0.001817769720219076 0.00172688125167042 0.001640537171624601 0.001558510353788733 0.001480584847740829 0.00140655564609915 0.001336227869614959 0.00126941641792655 0.001205945620313287 0.001145648304373026 0.001088365912437439 0.001033947570249438 0.0009822502033784986 0.0009331377223134041 0.0008864808478392661 0.000842156819999218 0.0008000489906407893 0.0007600465323776007 0.0007220442057587206 0.0006859420100226998 0.0006516448920592666 0.000619062629994005 0.0005881094839423895 0.0005587040213868022 0.0005307688261382282 0.0005042303819209337 0.0004790188686456531 0.000455067929578945 0.0004323145258240402 0.000410698790801689 0.0003901638556271791 0.0003706556744873524 0.0003521228791214526 0.0003345167497172952 0.0003177909238729626 0.0003019013674929738 0.0002868062874767929 0.000272465986199677 0.0002588426868896931 0.0002459005627315491 0.0002336055331397802 0.0002219252637587488 0.0002108290063915774 0.0002002875553444028 0.0001902731746667996 0.0001807595108402893 0.0001717215345706791 0.0001631354534765705 0.0001549786829855293 0.0001472297444706783 0.0001398682506987825 0.000132874833070673 0.0001262310979655012 0.0001199195394292474 0.0001139235610025935 0.0001082273811334744 0.0001028160113492049 9.767521260073408e-05 9.27914516068995e-05 8.815187902655452e-05 8.374428580282256e-05 7.95570740592666e-05 7.557922072010115e-05 7.180026295827702e-05 6.8210247263778e-05 6.47997367195785e-05 6.155975279398263e-05 5.848176442668773e-05 5.555767711484805e-05 5.277979289530776e-05 5.014080306864344e-05 4.763376273331232e-05 4.525207623373717e-05 4.298947169445455e-05 4.083999738213606e-05 3.879799623973668e-05 3.685809497255832e-05 3.501518949633464e-05 3.326443038531579e-05 3.160120832035318e-05 3.002114863193128e-05 2.852009129128419e-05 2.70940872724168e-05 2.57393821812002e-05 2.445241261739284e-05 2.322979162272532e-05 2.206830140494276e-05 2.096488606184721e-05 1.991664248635061e-05 1.892081127152778e-05 1.797477125364821e-05 1.707603223621845e-05 1.622223135200329e-05 1.541112033009995e-05 1.464056458644336e-05 1.390853594784858e-05 1.321310901403194e-05 1.255245388165349e-05 1.192483159684343e-05 1.132858960772865e-05 1.076215994544327e-05 1.022405194817111e-05 9.712849532661494e-06 9.227206646755803e-06 8.765846359892748e-06 8.32755358715076e-06 7.911175998742692e-06 7.515617198805558e-06 7.139836270653177e-06 6.782844593544723e-06 6.443702204705914e-06 6.121516889834311e-06 5.81544099986786e-06 5.524669177248143e-06 5.248435627436265e-06 4.986013664165512e-06 4.736712980957236e-06 4.499877377384109e-06 4.274883394828066e-06 4.061139406985603e-06 3.858082436636323e-06 3.66517838301661e-06 3.481919520709198e-06 3.307823590148473e-06 3.142432433378417e-06 2.985310857184231e-06 2.836045268850285e-06 2.694242994039087e-06 2.559530912549235e-06 2.431554321447038e-06 2.30997670769284e-06 2.194477929151617e-06 2.084753987219301e-06 1.980516344701755e-06 1.881490561572718e-06 1.787416067600134e-06 1.698045252851443e-06 1.613143012946239e-06 1.532485839561559e-06 1.455861593058216e-06 1.383068479299254e-06 1.31391504964995e-06 1.24821929148311e-06 1.185808287118562e-06 1.126517872762633e-06 1.070191956387134e-06 1.016682404042513e-06 9.658482440499938e-07 9.17555837531836e-07 8.716780257600476e-07 8.280941301563871e-07 7.866894407015934e-07 7.473549885617103e-07 7.099872618709924e-07 6.744879215148103e-07 6.40763516912557e-07 6.087253154873906e-07 5.782890752925596e-07 5.493746471074701e-07 5.219059175942675e-07 4.958106387675798e-07 4.710201153557136e-07 4.474691195355263e-07 4.250956635587499e-07 4.038408860651543e-07 3.836488531305804e-07 3.644664161583933e-07 3.462430981926445e-07 3.289309518095251e-07 3.124844170088181e-07 2.96860207527061e-07 2.820171971507079e-07 2.679163344510016e-07 2.545205290971353e-07 2.417945097477059e-07 2.297047814181497e-07 2.18219540215614e-07 2.073085596521196e-07 1.969431338011418e-07 1.870959778216275e-07 1.777411853254307e-07 1.688541289013301e-07 1.604114174824645e-07 1.523908395029139e-07
 0 0 0 0 0 0 0 0 0 0 0 0 0 0 0 0 0 0 0 0 0 0 0 0 0 0 0 0 0 0 0 0 0 0 0 0 0 0 0 0 0 0 0 0 0 0 0 0 0 0 0 0 0 0 0 0 0 0 0 0 0 0 0 0 0 0 0 0 0 0 0 0 0 0 0 0 0 0 0 0 0 0 0 0 0 0 0 0 0 0 0 0 0 0 0 0 0 0 0 0 0 0 0 0 0 0 0 0 0 0 0 0 0 0 0 0 0 0 0 0 0 0 0 0 0 0 0 0 0 0 0 0 0 0 0 0 0 0 0 0 0 0 0 0 0 0 0 0 0 0 0 0 0 0 0 0 0 0 0 0 0 0 0 0 0 0 0 0 0 0 0 0 0 0 0 0 0 0 0 0 0 0 0 0 0 0 0 0 0 0 0 0 0 0 0 0 0 0 0 0 0 0 0 0 0 0 0 0 0 0 0 0 0 0 0 0 0 0 0 0 0 0 0 0 0 0 0 0 0 0 0 0 0 0 0 0 0 0 0 0 0 0 0 0 0 0 0 0 0 0 0 0 0 0 0 0 0 0 0 0 0 0 0 0 0 0 0 0 0 0 0 0 0 0 0 0 0 0 0 0 0 0 0 0 0 0 0 0 0 0 0 0 0 0 0 0 0 0 0 0 0 0 0 0 0 0 0 0 0 0 0 0 0 0 0 0 0 0 0 0 0 0 0 0 0 0 0 0 0 0 0 0 0 0 0 0 0 0 0 0 0 0 0 0 0 0 0 0 0 0 0 0 0 0 0 0 0 0 0 0 0 0 0 0 0 0 0 0 0 0 0 0 0 0 0 0 0 0 0 0 0 0 0 0 0 0 0 0 0 0 0 0 0 0 0 0 0 0 0 0 0 0 0 0 0 0 0 0 0 0 0 0 0 0 0 0 0 0 0 0 0 0 0 0 0 0 0 0 0 0 0 0 0 0 0 0 0 0 0 0 0 0 0 0 0 0 0 0 0 0 0 0 0 0 0 0 0 0 0 0 0 0 0 0 0 0 0 0 0 0 0 0 0 0 0 0 0 0 0 0 0 0 0 0 0 0 0 0 0 0 0 0 0 0 0 0 0 0 0 0 0 0 0 0 0 0 0 0 0 0 0 0 0 0 0 0 0 0 0 0 0 0 0 0 0 0 0 0 0 0 0 0 0 0 0 0 0 0 0 0 0 0 0 0 0 0 0 0 0 0 0 0 0 0 0 0 0 0 0 0 0 0 0 0 0 0 0 0 0 0 0 0 0 0 0 0 0 0 0 0 0 0 0 0 0 0 0 0 0 0 0 0 0 0 0 0 0 0 0 0
 0 0 0 0 0 0 0 0 0 0 0 0 0 0 0 0 0 0 0 0 0 0 0 0 0 0 0 0 0 0 0 0 0 0 0 0 0 0 0 0 0 0 0 0 0 0 0 0 0 0 0 0 0 0 0 0 0 0 0 0 0 0 0 0 0 0 0 0 0 0 0 0 0 0 0 0 0 0 0 0 0 0 0 0 0 0 0 0 0 0 0 0 0 0 0 0 0 0 0 0 0 0 0 0 0 0 0 0 0 0 0 0 0 0 0 0 0 0 0 0 0 0 0 0 0 0 0 0 0 0 0 0 0 0 0 0 0 0 0 0 0 0 0 0 0 0 0 0 0 0 0 0 0 0 0 0 0 0 0 0 0 0 0 0 0 0 0 0 0 0 0 0 0 0 0 0 0 0 0 0 0 0 0 0 0 0 0 0 0 0 0 0 0 0 0 0 0 0 0 0 0 0 0 0 0 0 0 0 0 0 0 0 0 0 0 0 0 0 0 0 0 0 0 0 0 0 0 0 0 0 0 0 0 0 0 0 0 0 0 0 0 0 0 0 0 0 0 0 0 0 0 0 0 0 0 0 0 0 0 0 0 0 0 0 0 0 0 0 0 0 0 0 0 0 0 0 0 0 0 0 0 0 0 0 0 0 0 0 0 0 0 0 0 0 0 0 0 0 0 0 0 0 0 0 0 0 0 0 0 0 0 0 0 0 0 0 0 0 0 0 0 0 0 0 0 0 0 0 0 0 0 0 0 0 0 0 0 0 0 0 0 0 0 0 0 0 0 0 0 0 0 0 0 0 0 0 0 0 0 0 0 0 0 0 0 0 0 0 0 0 0 0 0 0 0 0 0 0 0 0 0 0 0 0 0 0 0 0 0 0 0 0 0 0 0 0 0 0 0 0 0 0 0 0 0 0 0 0 0 0 0 0 0 0 0 0 0 0 0 0 0 0 0 0 0 0 0 0 0 0 0 0 0 0 0 0 0 0 0 0 0 0 0 0 0 0 0 0 0 0 0 0 0 0 0 0 0 0 0 0 0 0 0 0 0 0 0 0 0 0 0 0 0 0 0 0 0 0 0 0 0 0 0 0 0 0 0 0 0 0 0 0 0 0 0 0 0 0 0 0 0 0 0 0 0 0 0 0 0 0 0 0 0 0 0 0 0 0 0 0 0 0 0 0 0 0 0 0 0 0 0 0 0 0 0 0 0 0 0 0 0 0 0 0 0 0 0 0 0 0 0 0 0 0 0 0 0 0 0 0 0 0 0 0 0 0 0 0 0 0 0 0 0 0 0 0 0 0 0 0 0 0 0 0 0 0 0 0 0 0 0 0 0 0 0 0 0 0 0 0
 0 0 0 0 0 0 0 0 0 0 0 0 0 0 0 0 0 0 0 0 0 0 0 0 0 0 0 0 0 0 0 0 0 0 0 0 0 0 0 0 0 0 0 0 0 0 0 0 0 0 0 0 0 0 0 0 0 0 0 0 0 0 0 0 0 0 0 0 0 0 0 0 0 0 0 0 0 0 0 0 0 0 0 0 0 0 0 0 0 0 0 0 0 0 0 0 0 0 0 0 0 0 0 0 0 0 0 0 0 0 0 0 0 0 0 0 0 0 0 0 0 0 0 0 0 0 0 0 0 0 0 0 0 0 0 0 0 0 0 0 0 0 0 0 0 0 0 0 0 0 0 0 0 0 0 0 0 0 0 0 0 0 0 0 0 0 0 0 0 0 0 0 0 0 0 0 0 0 0 0 0 0 0 0 0 0 0 0 0 0 0 0 0 0 0 0 0 0 0 0 0 0 0 0 0 0 0 0 0 0 0 0 0 0 0 0 0 0 0 0 0 0 0 0 0 0 0 0 0 0 0 0 0 0 0 0 0 0 0 0 0 0 0 0 0 0 0 0 0 0 0 0 0 0 0 0 0 0 0 0 0 0 0 0 0 0 0 0 0 0 0 0 0 0 0 0 0 0 0 0 0 0 0 0 0 0 0 0 0 0 0 0 0 0 0 0 0 0 0 0 0 0 0 0 0 0 0 0 0 0 0 0 0 0 0 0 0 0 0 0 0 0 0 0 0 0 0 0 0 0 0 0 0 0 0 0 0 0 0 0 0 0 0 0 0 0 0 0 0 0 0 0 0 0 0 0 0 0 0 0 0 0 0 0 0 0 0 0 0 0 0 0 0 0 0 0 0 0 0 0 0 0 0 0 0 0 0 0 0 0 0 0 0 0 0 0 0 0 0 0 0 0 0 0 0 0 0 0 0 0 0 0 0 0 0 0 0 0 0 0 0 0 0 0 0 0 0 0 0 0 0 0 0 0 0 0 0 0 0 0 0 0 0 0 0 0 0 0 0 0 0 0 0 0 0 0 0 0 0 0 0 0 0 0 0 0 0 0 0 0 0 0 0 0 0 0 0 0 0 0 0 0 0 0 0 0 0 0 0 0 0 0 0 0 0 0 0 0 0 0 0 0 0 0 0 0 0 0 0 0 0 0 0 0 0 0 0 0 0 0 0 0 0 0 0 0 0 0 0 0 0 0 0 0 0 0 0 0 0 0 0 0 0 0 0 0 0 0 0 0 0 0 0 0 0 0 0 0 0 0 0 0 0 0 0 0 0 0 0 0 0 0 0 0 0 0 0 0 0 0 0 0 0 0 0 0 0 0 0 0 0 0 0 0 0 0 0 0 0 0
 0 0 0 0 0 0 0 0 0 0 0 0 0 0 0 0 0 0 0 0 0 0 0 0 0 0 0 0 0 0 0 0 0 0 0 0 0 0 0 0 0 0 0 0 0 0 0 0 0 0 0 0 0 0 0 0 0 0 0 0 0 0 0 0 0 0 0 0 0 0 0 0 0 0 0 0 0 0 0 0 0 0 0 0 0 0 0 0 0 0 0 0 0 0 0 0 0 0 0 0 0 0 0 0 0 0 0 0 0 0 0 0 0 0 0 0 0 0 0 0 0 0 0 0 0 0 0 0 0 0 0 0 0 0 0 0 0 0 0 0 0 0 0 0 0 0 0 0 0 0 0 0 0 0 0 0 0 0 0 0 0 0 0 0 0 0 0 0 0 0 0 0 0 0 0 0 0 0 0 0 0 0 0 0 0 0 0 0 0 0 0 0 0 0 0 0 0 0 0 0 0 0 0 0 0 0 0 0 0 0 0 0 0 0 0 0 0 0 0 0 0 0 0 0 0 0 0 0 0 0 0 0 0 0 0 0 0 0 0 0 0 0 0 0 0 0 0 0 0 0 0 0 0 0 0 0 0 0 0 0 0 0 0 0 0 0 0 0 0 0 0 0 0 0 0 0 0 0 0 0 0 0 0 0 0 0 0.0001241954596480355 0.0006901154411025345 0.001704164780676365 0.003173957113176584 0.005162614397704601 0.007706781849265099 0.01082294620573521 0.0145125538110733 0.01883378252387047 0.02382370457053185 0.02956023812294006 0.03605489432811737 0.04335161298513412 0.05145181342959404 0.06038222461938858 0.07015616446733475 0.08066274970769882 0.09168733656406403 0.1032373458147049 0.1153211444616318 0.1278960704803467 0.1407169252634048 0.1538296192884445 0.1672841310501099 0.1810859143733978 0.195255920290947 0.209837481379509 0.2246485650539398 0.2397039830684662 0.2538158297538757 0.2646956443786621 0.2707496583461761 0.270807147026062 0.2641541361808777 0.250946432352066 0.2383991181850433 0.2264791578054428 0.2151551991701126 0.204397439956665 0.1941775679588318 0.184468686580658 0.1752452552318573 0.1664829850196838 0.1581588387489319 0.1502508968114853 0.1427383571863174 0.1356014460325241 0.1288213729858398 0.1223803013563156 0.116261288523674 0.1104482263326645 0.104925811290741 0.09967952221632004 0.09469554573297501 0.08996076881885529 0.08546273410320282 0.0811895951628685 0.07713011652231216 0.07327361404895782 0.06960993260145187 0.06612943857908249 0.06282296776771545 0.05968181788921356 0.05669772624969482 0.05386283993721008 0.05116969719529152 0.04861121252179146 0.04618065059185028 0.04387161880731583 0.04167803749442101 0.0395941361784935 0.03761442750692368 0.03573370724916458 0.03394702076911926 0.03224967047572136 0.03063718602061272 0.02910532616078854 0.02765006013214588 0.02626755647361279 0.02495417930185795 0.02370646968483925 0.02252114564180374 0.02139508910477161 0.02032533474266529 0.01930906809866428 0.0183436144143343 0.01742643304169178 0.01655511185526848 0.01572735607624054 0.01494098827242851 0.0141939390450716 0.01348424237221479 0.01281003002077341 0.01216952875256538 0.01156105194240808 0.01098299957811832 0.01043384987860918 0.00991215743124485 0.00941654946655035 0.008945722132921219 0.008498435840010643 0.008073514327406883 0.007669838611036539 0.007286346517503262 0.006922028958797455 0.00657592760398984 0.006247131153941154 0.005934774409979582 0.005638035479933023 0.005356133915483952 0.005088327452540398 0.004833911079913378 0.004592215642333031 0.004362605046480894 0.004144474864006042 0.003937250934541225 0.003740388434380293 0.003553369082510471 0.003375700674951077 0.003206915687769651 0.003046569880098104 0.002894241362810135 0.002749529201537371 0.002612052718177438 0.002481450093910098 0.002357377670705318 0.002239508787170053 0.002127533312886953 0.002021156717091799 0.001920098904520273 0.001824093982577324 0.001732889330014586 0.001646244898438454 0.001563932630233467 0.001485735992901027 0.001411449164152145 0.001340876682661474 0.001273832865990698 0.00121014122851193 0.001149634132161736 0.001092152437195182 0.001037544803693891 0.0009856675751507282 0.0009363841963931918 0.0008895649807527661 0.0008450867608189583 0.0008028324227780104 0.0007626907899975777 0.0007245562737807631 0.0006883284659124911 0.0006539120222441852 0.0006212164298631251 0.0005901555996388197 0.0005606478080153465 0.000532615405973047 0.0005059846444055438 0.0004806854121852666 0.0004566511488519609 0.0004338185826782137 0.0004121276433579624 0.0003915212582796812 0.0003719452070072293 0.0003533479466568679 0.000335680553689599 0.000318896520184353 0.0003029516956303269 0.000287804112304002 0.0002734138979576528 0.0002597431885078549 0.0002467560407239944 0.0002344182430533692 0.000222697330173105 0.0002115624665748328 0.0002009843447012827 0.0001909351267386228 0.0001813883718568832 0.0001723189488984644 0.0001637030072743073 0.0001555178605485708 0.0001477419718867168 0.0001403548667440191 0.0001333371183136478 0.0001266702602151781 0.0001203367501148023 0.0001143199115176685 0.000108603919215966 0.0001031737265293486 9.801504347706214e-05 9.311429312219843e-05 8.845857519190758e-05 8.403564424952492e-05 7.983385876286775e-05 7.584216655232012e-05 7.205006113508716e-05 6.844755989732221e-05 6.502518226625398e-05 6.177392060635611e-05 5.868522566743195e-05 5.575096292886883e-05 5.296341623761691e-05 5.031524415244348e-05 4.779948358191177e-05 4.540950976661406e-05 4.31390326411929e-05 4.098208228242584e-05 3.893297980539501e-05 3.69863300875295e-05 3.513701449264772e-05 3.33801654051058e-05 3.171115531586111e-05 3.012559682247229e-05 2.861931716324762e-05 2.718835094128735e-05 2.582893284852616e-05 2.453748675179668e-05 2.331061295990366e-05 2.214508276665583e-05 2.10378293559188e-05 1.998593870666809e-05 1.898664231703151e-05 1.803730992833152e-05 1.713544406811707e-05 1.627867095521651e-05 1.546473686175887e-05 1.469149992772145e-05 1.39569247039617e-05 1.325907851423835e-05 1.259612417925382e-05 1.19663181976648e-05 1.136800256062998e-05 1.079960202332586e-05 1.025962228595745e-05 9.746640898811165e-06 9.259309081244282e-06 8.796343536232598e-06 8.356526450370438e-06 7.938700036902446e-06 7.541765171481529e-06 7.16467684469535e-06 6.806442797824275e-06 6.466120794357266e-06 6.142814527265728e-06 5.835673619003501e-06 5.543889983528061e-06 5.26669555256376e-06 5.003360911359778e-06 4.753193024953362e-06 4.515533419180429e-06 4.28975681643351e-06 4.075268861924997e-06 3.871505214192439e-06 3.677929953482817e-06 3.494033535389462e-06 3.319331881357357e-06 3.153365241814754e-06 2.995697059304803e-06 2.845912149496144e-06 2.703616473809234e-06 2.568435547800618e-06 2.440013759041904e-06 2.318013002877706e-06 2.202112455051974e-06 2.092006752718589e-06 1.987406449188711e-06 1.88803608125454e-06 1.793634282876155e-06 1.703952534626296e-06 1.618754936316691e-06 1.537817183816514e-06 1.460926341678714e-06 1.387880047332146e-06 1.318486056334223e-06 1.252561787623563e-06 1.189933755085804e-06 1.130437112806248e-06 1.073915200322517e-06 1.020219428937708e-06 9.692084859125316e-07 9.207480502482213e-07 8.747106221562717e-07 8.309750683110906e-07 7.894263376329036e-07 7.499550065404037e-07 7.124572789507511e-07 6.768344178453845e-07 6.429926884266024e-07 6.108430739004689e-07 5.803009344163002e-07 5.51285893379827e-07 5.237216100795195e-07 4.97535552312911e-07 4.726587690129236e-07 4.490258334044483e-07 4.265745303655422e-07 4.052457995840086e-07 3.849835081837227e-07 3.65734337037793e-07 3.474476102383051e-07 3.300752382529026e-07 3.135714905511122e-07 2.978929103392147e-07 2.829982577168266e-07 2.688483391466434e-07 2.554059221893112e-07 2.426356218165893e-07 2.305038435679307e-07 2.189786556527906e-07 2.080297178963519e-07 1.97628224896107e-07 1.87746820756729e-07 1.783594854032344e-07 1.694415061592736e-07 1.609694351145663e-07 1.529209612272098e-07
 0 0 0 0 0 0 0 0 0 0 0 0 0 0 0 0 0 0 0 0 0 0 0 0 0 0 0 0 0 0 0 0 0 0 0 0 0 0 0 0 0 0 0 0 0 0 0 0 0 0 0 0 0 0 0 0 0 0 0 0 0 0 0 0 0 0 0 0 0 0 0 0 0 0 0 0 0 0 0 0 0 0 0 0 0 0 0 0 0 0 0 0 0 0 0 0 0 0 0 0 0 0 0 0 0 0 0 0 0 0 0 0 0 0 0 0 0 0 0 0 0 0 0 0 0 0 0 0 0 0 0 0 0 0 0 0 0 0 0 0 0 0 0 0 0 0 0 0 0 0 0 0 0 0 0 0 0 0 0 0 0 0 0 0 0 0 0 0 0 0 0 0 0 0 0 0 0 0 0 0 0 0 0 0 0 0 0 0 0 0 0 0 0 0 0 0 0 0 0 0 0 0 0 0 0 0 0 0 0 0 0 0 0 0 0 0 0 0 0 0 0 0 0 0 0 0 0 0 0 0 0 0 0 0 0 0 0 0 0 0 0 0 0 0 0 0 0 0 0 0 0 0 0 0 0 0 0 0 0 0 0 0 0 0 0 0 0 0 0 0 0 0 0 0 0 0 0 0 0 0 0 0 0 0 0 0 0 0 0 0 0 0 0 0 0 0 0 0 0 0 0 0 0 0 0 0 0 0 0 0 0 0 0 0 0 0 0 0 0 0 0 0 0 0 0 0 0 0 0 0 0 0 0 0 0 0 0 0 0 0 0 0 0 0 0 0 0 0 0 0 0 0 0 0 0 0 0 0 0 0 0 0 0 0 0 0 0 0 0 0 0 0 0 0 0 0 0 0 0 0 0 0 0 0 0 0 0 0 0 0 0 0 0 0 0 0 0 0 0 0 0 0 0 0 0 0 0 0 0 0 0 0 0 0 0 0 0 0 0 0 0 0 0 0 0 0 0 0 0 0 0 0 0 0 0 0 0 0 0 0 0 0 0 0 0 0 0 0 0 0 0 0 0 0 0 0 0 0 0 0 0 0 0 0 0 0 0 0 0 0 0 0 0 0 0 0 0 0 0 0 0 0 0 0 0 0 0 0 0 0 0 0 0 0 0 0 0 0 0 0 0 0 0 0 0 0 0 0 0 0 0 0 0 0 0 0 0 0 0 0 0 0 0 0 0 0 0 0 0 0 0 0 0 0 0 0 0 0 0 0 0 0 0 0 0 0 0 0 0 0 0 0 0 0 0 0 0 0 0 0 0 0 0 0 0 0 0 0 0 0 0 0 0 0 0 0 0 0 0 0 0 0 0 0 0 0 0 0 0 0 0 0 0 0 0 0 0 0 0 0
 0 0 0 0 0 0 0 0 0 0 0 0 0 0 0 0 0 0 0 0 0 0 0 0 0 0 0 0 0 0 0 0 0 0 0 0 0 0 0 0 0 0 0 0 0 0 0 0 0 0 0 0 0 0 0 0 0 0 0 0 0 0 0 0 0 0 0 0 0 0 0 0 0 0 0 0 0 0 0 0 0 0 0 0 0 0 0 0 0 0 0 0 0 0 0 0 0 0 0 0 0 0 0 0 0 0 0 0 0 0 0 0 0 0 0 0 0 0 0 0 0 0 0 0 0 0 0 0 0 0 0 0 0 0 0 0 0 0 0 0 0 0 0 0 0 0 0 0 0 0 0 0 0 0 0 0 0 0 0 0 0 0 0 0 0 0 0 0 0 0 0 0 0 0 0 0 0 0 0 0 0 0 0 0 0 0 0 0 0 0 0 0 0 0 0 0 0 0 0 0 0 0 0 0 0 0 0 0 0 0 0 0 0 0 0 0 0 0 0 0 0 0 0 0 0 0 0 0 0 0 0 0 0 0 0 0 0 0 0 0 0 0 0 0 0 0 0 0 0 0 0 0 0 0 0 0 0 0 0 0 0 0 0 0 0 0 0 0 0 0 0 0 0 0 0 0 0 0 0 0 0 0 0 0 0 0 0 0 0 0 0 0 0 0 0 0 0 0 0 0 0 0 0 0 0 0 0 0 0 0 0 0 0 0 0 0 0 0 0 0 0 0 0 0 0 0 0 0 0 0 0 0 0 0 0 0 0 0 0 0 0 0 0 0 0 0 0 0 0 0 0 0 0 0 0 0 0 0 0 0 0 0 0 0 0 0 0 0 0 0 0 0 0 0 0 0 0 0 0 0 0 0 0 0 0 0 0 0 0 0 0 0 0 0 0 0 0 0 0 0 0 0 0 0 0 0 0 0 0 0 0 0 0 0 0 0 0 0 0 0 0 0 0 0 0 0 0 0 0 0 0 0 0 0 0 0 0 0 0 0 0 0 0 0 0 0 0 0 0 0 0 0 0 0 0 0 0 0 0 0 0 0 0 0 0 0 0 0 0 0 0 0 0 0 0 0 0 0 0 0 0 0 0 0 0 0 0 0 0 0 0 0 0 0 0 0 0 0 0 0 0 0 0 0 0 0 0 0 0 0 0 0 0 0 0 0 0 0 0 0 0 0 0 0 0 0 0 0 0 0 0 0 0 0 0 0 0 0 0 0 0 0 0 0 0 0 0 0 0 0 0 0 0 0 0 0 0 0 0 0 0 0 0 0 0 0 0 0 0 0 0 0 0 0 0 0 0 0 0 0 0 0 0 0 0 0 0 0 0 0 0 0 0 0 0 0 0 0 0 0


# name: r_0_m16_G0_L0p3_D0p7
# type: matrix
# rows: 1
# columns: 14
 0 -16 0.2 0 0.3 0 -7.945106666666667 0 0 0.7204637434782316 0 121 8.854377448471462 0.7




