# Created by Octave 3.8.2, Sat Jun 17 19:48:54 2017 BST <co1ssj@node117>
# name: result
# type: scalar struct
# ndims: 2
 1 1
# length: 3
# name: params
# type: scalar struct
# ndims: 2
 1 1
# length: 18
# name: cleanup
# type: scalar
0


# name: num_runs
# type: scalar
6


# name: dopamine
# type: scalar
0.7


# name: targetCross
# type: scalar
1


# name: targetLuminance
# type: scalar
0.3


# name: targetWidthX
# type: scalar
6


# name: targetWidthY
# type: scalar
2


# name: fixCross
# type: scalar
1


# name: fixLuminance
# type: scalar
0.2


# name: fixWidthX
# type: scalar
6


# name: fixWidthY
# type: scalar
2


# name: fixOn
# type: scalar
0


# name: targetOff
# type: scalar
1


# name: targetOn
# type: scalar
0.2


# name: fixOff
# type: scalar
0.2


# name: targetThetaX
# type: scalar
0


# name: targetThetaY
# type: scalar
-9


# name: exptnum
# type: scalar
0




# name: r_0_m9_G0_L0p3_D0p7_llbn
# type: matrix
# rows: 24
# columns: 600
 0 0 0 0 0 0 0 0 0 0 0 0 0 0 0 0 0 0 0 0 0 0 0 0 0 0 0 0 0 0 0 0 0 0 0 0 0 0 0 0 0 0 0 0 0 0 0 0 0 0 0 0 0 0 0 0 0 0 0 0 0 0 0 0 0 0 0 0 0 0 0 0 0 0 0 0 0 0 0 0 0 0 0 0 0 0 0 0 0 0 0 0 0 0 0 0 0 0 0 0 0 0 0 0 0 0 0 0 0 0 0 0 0 0 0 0 0 0 0 0 0 0 0 0 0 0 0 0 0 0 0 0 0 0 0 0 0 0 0 0 0 0 0 0 0 0 0 0 0 0 0 0 0 0 0 0 0 0 0 0 0 0 0 0 0 0 0 0 0 0 0 0 0 0 0 0 0 0 0 0 0 0 0 0 0 0 0 0 0 0 0 0 0 0 0 0 0 0 0 0 0 0 0 0 0 0 0 0 0 0 0 0 0 0 0 0 0 0 0 0 0 0 0 0 0 0 0 0 0 0 0 0 0 0 0 0 0 0 0 0 0 0 0 0 0 0 0 0 0 0 0 0 0 0 0 0 0 0 0 0 0 0 0 0 0 0 0 0 0 0 0 0 0 0 0 0 0 0 0 0 0 0 0 0 0 0 0 0 0 0 0 0 0 0 0 0 0 0 0 0 0 0 0 0 0 0 0 0 0 0 0 0 0 0 0 0 0 0 0 0 0 0 0 0 0 0 0 0 0 0 0 0 0 0 0 0 0 0 0 0 0 0 0 0 0 0 0 0 0 0 0 0 0 0 0 0 0 0 0 0 0 0 0 0 0 0 0 0 0 0 0 0 0 0 0 0 0 0 0 0 0 0 0 0 0 0 0 0 0 0 0 0 0 0 0 0 0 0 0 0 0 0 0 0 0 0 0 0 0 0 0 0 0 0 0 0 0 0 0 0 0 0 0 0 0 0 0 0 0 0 0 0 0 0 0 0 0 0 0 0 0 0 0 0 0 0 0 0 0 0 0 0 0 0 0 0 0 0 0 0 0 0 0 0 0 0 0 0 0 0 0 0 0 0 0 0 0 0 0 0 0 0 0 0 0 0 0 0 0 0 0 0 0 0 0 0 0 0 0 0 0 0 0 0 0 0 0 0 0 0 0 0 0 0 0 0 0 0 0 0 0 0 0 0 0 0 0 0 0 0 0 0 0 0 0 0 0 0 0 0 0 0 0 0 0 0 0 0 0 0 0 0 0 0 0 0 0 0 0 0 0 0 0 0 0 0 0 0 0 0 0 0 0 0 0 0 0 0 0 0 0 0 0 0 0 0 0 0 0 0 0 0 0 0 0 0 0 0 0 0
 0 0 0 0 0 0 0 0 0 0 0 0 0 0 0 0 0 0 0 0 0 0 0 0 0 0 0 0 0 0 0 0 0 0 0 0 0 0 0 0 0 0 0 0 0 0 0 0 0 0 0 0 0 0 0 0 0 0 0 0 0 0 0 0 0 0 0 0 0 0 0 0 0 0 0 0 0 0 0 0 0 0 0 0 0 0 0 0 0 0 0 0 0 0 0 0 0 0 0 0 0 0 0 0 0 0 0 0 0 0 0 0 0 0 0 0 0 0 0 0 0 0 0 0 0 0 0 0 0 0 0 0 0 0 0 0 0 0 0 0 0 0 0 0 0 0 0 0 0 0 0 0 0 0 0 0 0 0 0 0 0 0 0 0 0 0 0 0 0 0 0 0 0 0 0 0 0 0 0 0 0 0 0 0 0 0 0 0 0 0 0 0 0 0 0 0 0 0 0 0 0 0 0 0 0 0 0 0 0 0 0 0 0 0 0 0 0 0 0 0 0 0 0 0 0 0 0 0 0 0 0 0 0 0 0 0 0 0 0 0 0 0 0 0 0 0 0 0 0 0 0 0 0 0 0 0 0 0 0 0 0 0 0 0 0 0 0 0 0 0 0 0 0 0 0 0 0 0 0 0 0 0 0 0 0 0 0 0 0 0 0 0 0 0 0 0 0 0 0 0 0 0 0 0 0 0 0 0 0.0002346609398955479 0.001166335889138281 0.002870573196560144 0.005333013832569122 0.008499833755195141 0.01228202320635319 0.01668260619044304 0.02167440205812454 0.02719779312610626 0.03317698091268539 0.03961329534649849 0.04652110859751701 0.05395858734846115 0.06185316666960716 0.07011546194553375 0.07869470119476318 0.08755509555339813 0.09678968042135239 0.1063948944211006 0.1163364201784134 0.12657131254673 0.1371109932661057 0.1479071527719498 0.1590181291103363 0.1703965067863464 0.1819617748260498 0.1937000602483749 0.2056520283222198 0.2161388248205185 0.2233805805444717 0.2261743545532227 0.2237558811903 0.2155767381191254 0.2047978937625885 0.1945579946041107 0.1848300993442535 0.1755885928869247 0.166809156537056 0.1584686934947968 0.1505452543497086 0.1430179923772812 0.1358670890331268 0.1290737390518188 0.122620053589344 0.116489052772522 0.1106645986437798 0.1051313653588295 0.09987479448318481 0.09488105773925781 0.09013700485229492 0.0856301560997963 0.08134865015745163 0.07728121429681778 0.07341715693473816 0.06974630057811737 0.0662589818239212 0.06294603645801544 0.05979873612523079 0.05680879950523376 0.05396835878491402 0.05126994103193283 0.04870644211769104 0.04627111926674843 0.04395756497979164 0.04175968840718269 0.03967170417308807 0.03768811747431755 0.03580371290445328 0.0340135283768177 0.03231285139918327 0.03069720789790154 0.02916234731674194 0.02770422957837582 0.02631901763379574 0.02500306628644466 0.02375291287899017 0.02256526798009872 0.02143700420856476 0.02036515437066555 0.01934689655900002 0.01837955228984356 0.01746057532727718 0.01658754609525204 0.01575816795229912 0.01497025974094868 0.01422174647450447 0.01351065933704376 0.01283512637019157 0.01219336967915297 0.01158370077610016 0.01100451592355967 0.01045429054647684 0.009931576438248158 0.009434998035430908 0.008963247761130333 0.008515085093677044 0.008089330978691578 0.007684864569455385 0.00730062136426568 0.006935590412467718 0.006588811054825783 0.006259370595216751 0.005946401972323656 0.005649081896990538 0.005366627592593431 0.005098296329379082 0.004843381699174643 0.004601212684065104 0.004371152259409428 0.004152594599872828 0.003944965079426765 0.003747716778889298 0.003560330951586366 0.003382314462214708 0.003213198855519295 0.003052538959309459 0.002899911953136325 0.002754916436970234 0.002617170568555593 0.002486312063410878 0.002361996565014124 0.002243896713480353 0.002131701912730932 0.002025116700679064 0.001923860865645111 0.001827667816542089 0.001736284466460347 0.001649470301344991 0.001566996797919273 0.00148864695802331 0.001414214610122144 0.001343503827229142 0.001276328694075346 0.001212512259371579 0.001151886652223766 0.001094292267225683 0.001039577648043633 0.0009875987889245152 0.0009382188436575234 0.0008913078927434981 0.0008467424777336419 0.000804405368398875 0.0007641850970685482 0.0007259758422151208 0.0006896770792081952 0.0006551932310685515 0.0006224335520528257 0.0005913118948228657 0.0005617463029921055 0.0005336590111255646 0.000506976037286222 0.000481627241242677 0.0004575458879116923 0.0004346685891505331 0.0004129351582378149 0.0003922884061466902 0.0003726739960256964 0.0003540402976796031 0.0003363382711540908 0.0003195213503204286 0.000303545268252492 0.0002883679990191013 0.0002739496121648699 0.0002602521271910518 0.0002472395135555416 0.0002348775451537222 0.0002231336693512276 0.0002119769924320281 0.0002013781486311927 0.0001913092419272289 0.0001817437732825056 0.000172656582435593 0.0001640237460378557 0.0001558225631015375 0.0001480314385844395 0.0001406298688380048 0.0001335983688477427 0.0001269184576813132 0.0001205725347972475 0.0001145439091487788 0.0001088167118723504 0.0001033758744597435 9.820707782637328e-05 9.329672320745885e-05 8.863188850227743e-05 8.420029189437628e-05 7.999027729965746e-05 7.599076343467459e-05 7.219122198875993e-05 6.858166307210922e-05 6.515257700812072e-05 6.189494888531044e-05 5.880020034965128e-05 5.586018960457295e-05 5.306717866915278e-05 5.041381882620044e-05 4.789312879438512e-05 4.549847290036269e-05 4.322355016483925e-05 4.106237247469835e-05 3.900925366906449e-05 3.705879134940915e-05 3.520585232763551e-05 3.344555807416327e-05 3.177328107994981e-05 3.018461757164914e-05 2.867538751161192e-05 2.724161822698079e-05 2.587953713373281e-05 2.458556082274299e-05 2.335628232685849e-05 2.21884674829198e-05 2.107904401782434e-05 2.002509245357942e-05 1.902383701235522e-05 1.807264561648481e-05 1.716901351755951e-05 1.631056329642888e-05 1.549503576825373e-05 1.472028361604316e-05 1.398426957166521e-05 1.328505641140509e-05 1.262080331798643e-05 1.198976315208711e-05 1.139027517638169e-05 1.082076141756261e-05 1.027972302836133e-05 9.76573664956959e-06 9.277449862565845e-06 8.813577551336493e-06 8.372898264497053e-06 7.954253305797465e-06 7.556540822406532e-06 7.178713985922514e-06 6.81977826388902e-06 6.478789146058261e-06 6.154849870654289e-06 5.847107331646839e-06 5.554752078751335e-06 5.277014679450076e-06 5.013163900002837e-06 4.762505795952165e-06 4.524380528891925e-06 4.298161456972593e-06 4.083253315911861e-06 3.879090854752576e-06 3.685136334752315e-06 3.500879529383383e-06 3.32583545059606e-06 3.159543666697573e-06 3.001566483362694e-06 2.851488261512714e-06 2.70891382569971e-06 2.573468236732879e-06 2.444794745315448e-06 2.32255501941836e-06 2.206427325290861e-06 2.096106072713155e-06 1.991300678128027e-06 1.891735678327677e-06 1.797148911464319e-06 1.70729151705018e-06 1.621926912775962e-06 1.540830567137164e-06 1.463789089939382e-06 1.390599663864123e-06 1.321069703408284e-06 1.255016172763135e-06 1.192265358440636e-06 1.132652073465579e-06 1.076019430001907e-06 1.022218498292204e-06 9.711076245366712e-07 9.225522603628633e-07 8.764246217651817e-07 8.326034048877773e-07 7.909732175903628e-07 7.514245794482122e-07 7.138533533179725e-07 6.781606884942448e-07 6.442526796490711e-07 6.120400257714209e-07 5.814380301671918e-07 5.523661457118578e-07 5.247478611636325e-07 4.985104737897927e-07 4.735849472581322e-07 4.499057126849948e-07 4.274104412615998e-07 4.060399305672036e-07 3.857379340388434e-07 3.664510472844995e-07
 0 0 0 0 0 0 0 0 0 0 0 0 0 0 0 0 0 0 0 0 0 0 0 0 0 0 0 0 0 0 0 0 0 0 0 0 0 0 0 0 0 0 0 0 0 0 0 0 0 0 0 0 0 0 0 0 0 0 0 0 0 0 0 0 0 0 0 0 0 0 0 0 0 0 0 0 0 0 0 0 0 0 0 0 0 0 0 0 0 0 0 0 0 0 0 0 0 0 0 0 0 0 0 0 0 0 0 0 0 0 0 0 0 0 0 0 0 0 0 0 0 0 0 0 0 0 0 0 0 0 0 0 0 0 0 0 0 0 0 0 0 0 0 0 0 0 0 0 0 0 0 0 0 0 0 0 0 0 0 0 0 0 0 0 0 0 0 0 0 0 0 0 0 0 0 0 0 0 0 0 0 0 0 0 0 0 0 0 0 0 0 0 0 0 0 0 0 0 0 0 0 0 0 0 0 0 0 0 0 0 0 0 0 0 0 0 0 0 0 0 0 0 0 0 0 0 0 0 0 0 0 0 0 0 0 0 0 0 0 0 0 0 0 0 0 0 0 0 0 0 0 0 0 0 0 0 0 0 0 0 0 0 0 0 0 0 0 0 0 0 0 0 0 0 0 0 0 0 0 0 0 0 0 0 0 0 0 0 0 0 0 0 0 0 0 0 0 0 0 0 0 0 0 0 0 0 0 0 0 0 0 0 0 0 0 0 0 0 0 0 0 0 0 0 0 0 0 0 0 0 0 0 0 0 0 0 0 0 0 0 0 0 0 0 0 0 0 0 0 0 0 0 0 0 0 0 0 0 0 0 0 0 0 0 0 0 0 0 0 0 0 0 0 0 0 0 0 0 0 0 0 0 0 0 0 0 0 0 0 0 0 0 0 0 0 0 0 0 0 0 0 0 0 0 0 0 0 0 0 0 0 0 0 0 0 0 0 0 0 0 0 0 0 0 0 0 0 0 0 0 0 0 0 0 0 0 0 0 0 0 0 0 0 0 0 0 0 0 0 0 0 0 0 0 0 0 0 0 0 0 0 0 0 0 0 0 0 0 0 0 0 0 0 0 0 0 0 0 0 0 0 0 0 0 0 0 0 0 0 0 0 0 0 0 0 0 0 0 0 0 0 0 0 0 0 0 0 0 0 0 0 0 0 0 0 0 0 0 0 0 0 0 0 0 0 0 0 0 0 0 0 0 0 0 0 0 0 0 0 0 0 0 0 0 0 0 0 0 0 0 0 0 0 0 0 0 0 0 0 0 0 0 0 0 0 0 0 0 0 0 0 0 0 0 0 0 0 0 0 0 0 0 0 0 0 0 0 0 0 0 0 0 0 0 0 0 0 0 0 0
 0 0 0 0 0 0 0 0 0 0 0 0 0 0 0 0 0 0 0 0 0 0 0 0 0 0 0 0 0 0 0 0 0 0 0 0 0 0 0 0 0 0 0 0 0 0 0 0 0 0 0 0 0 0 0 0 0 0 0 0 0 0 0 0 0 0 0 0 0 0 0 0 0 0 0 0 0 0 0 0 0 0 0 0 0 0 0 0 0 0 0 0 0 0 0 0 0 0 0 0 0 0 0 0 0 0 0 0 0 0 0 0 0 0 0 0 0 0 0 0 0 0 0 0 0 0 0 0 0 0 0 0 0 0 0 0 0 0 0 0 0 0 0 0 0 0 0 0 0 0 0 0 0 0 0 0 0 0 0 0 0 0 0 0 0 0 0 0 0 0 0 0 0 0 0 0 0 0 0 0 0 0 0 0 0 0 0 0 0 0 0 0 0 0 0 0 0 0 0 0 0 0 0 0 0 0 0 0 0 0 0 0 0 0 0 0 0 0 0 0 0 0 0 0 0 0 0 0 0 0 0 0 0 0 0 0 0 0 0 0 0 0 0 0 0 0 0 0 0 0 0 0 0 0 0 0 0 0 0 0 0 0 0 0 0 0 0 0 0 0 0 0 0 0 0 0 0 0 0 0 0 0 0 0 0 0 0 0 0 0 0 0 0 0 0 0 0 0 0 0 0 0 0 0 0 0 0 0 0 0 0 0 0 0 0 0 0 0 0 0 0 0 0 0 0 0 0 0 0 0 0 0 0 0 0 0 0 0 0 0 0 0 0 0 0 0 0 0 0 0 0 0 0 0 0 0 0 0 0 0 0 0 0 0 0 0 0 0 0 0 0 0 0 0 0 0 0 0 0 0 0 0 0 0 0 0 0 0 0 0 0 0 0 0 0 0 0 0 0 0 0 0 0 0 0 0 0 0 0 0 0 0 0 0 0 0 0 0 0 0 0 0 0 0 0 0 0 0 0 0 0 0 0 0 0 0 0 0 0 0 0 0 0 0 0 0 0 0 0 0 0 0 0 0 0 0 0 0 0 0 0 0 0 0 0 0 0 0 0 0 0 0 0 0 0 0 0 0 0 0 0 0 0 0 0 0 0 0 0 0 0 0 0 0 0 0 0 0 0 0 0 0 0 0 0 0 0 0 0 0 0 0 0 0 0 0 0 0 0 0 0 0 0 0 0 0 0 0 0 0 0 0 0 0 0 0 0 0 0 0 0 0 0 0 0 0 0 0 0 0 0 0 0 0 0 0 0 0 0 0 0 0 0 0 0 0 0 0 0 0 0 0 0 0 0 0 0 0 0 0 0 0 0 0 0 0 0 0 0 0 0 0 0 0 0 0 0 0 0 0
 0 0 0 0 0 0 0 0 0 0 0 0 0 0 0 0 0 0 0 0 0 0 0 0 0 0 0 0 0 0 0 0 0 0 0 0 0 0 0 0 0 0 0 0 0 0 0 0 0 0 0 0 0 0 0 0 0 0 0 0 0 0 0 0 0 0 0 0 0 0 0 0 0 0 0 0 0 0 0 0 0 0 0 0 0 0 0 0 0 0 0 0 0 0 0 0 0 0 0 0 0 0 0 0 0 0 0 0 0 0 0 0 0 0 0 0 0 0 0 0 0 0 0 0 0 0 0 0 0 0 0 0 0 0 0 0 0 0 0 0 0 0 0 0 0 0 0 0 0 0 0 0 0 0 0 0 0 0 0 0 0 0 0 0 0 0 0 0 0 0 0 0 0 0 0 0 0 0 0 0 0 0 0 0 0 0 0 0 0 0 0 0 0 0 0 0 0 0 0 0 0 0 0 0 0 0 0 0 0 0 0 0 0 0 0 0 0 0 0 0 0 0 0 0 0 0 0 0 0 0 0 0 0 0 0 0 0 0 0 0 0 0 0 0 0 0 0 0 0 0 0 0 0 0 0 0 0 0 0 0 0 0 0 0 0 0 0 0 0 0 0 0 0 0 0 0 0 0 0 0 0 0 0 0 0 0 0 0 0 0 0 0 0 0 0 0 0 0 0 0 0 0 0 0 0 0 0 0 0 0 0 0 0 0 0 0 0 0 0 0 0 0 0 0 0 0 0 0 0 0 0 0 0 0 0 0 0 0 0 0 0 0 0 0 0 0 0 0 0 0 0 0 0 0 0 0 0 0 0 0 0 0 0 0 0 0 0 0 0 0 0 0 0 0 0 0 0 0 0 0 0 0 0 0 0 0 0 0 0 0 0 0 0 0 0 0 0 0 0 0 0 0 0 0 0 0 0 0 0 0 0 0 0 0 0 0 0 0 0 0 0 0 0 0 0 0 0 0 0 0 0 0 0 0 0 0 0 0 0 0 0 0 0 0 0 0 0 0 0 0 0 0 0 0 0 0 0 0 0 0 0 0 0 0 0 0 0 0 0 0 0 0 0 0 0 0 0 0 0 0 0 0 0 0 0 0 0 0 0 0 0 0 0 0 0 0 0 0 0 0 0 0 0 0 0 0 0 0 0 0 0 0 0 0 0 0 0 0 0 0 0 0 0 0 0 0 0 0 0 0 0 0 0 0 0 0 0 0 0 0 0 0 0 0 0 0 0 0 0 0 0 0 0 0 0 0 0 0 0 0 0 0 0 0 0 0 0 0 0 0 0 0 0 0 0 0 0 0 0 0 0 0 0 0 0 0 0 0 0 0 0 0 0 0 0 0 0 0 0 0
 0 0 0 0 0 0 0 0 0 0 0 0 0 0 0 0 0 0 0 0 0 0 0 0 0 0 0 0 0 0 0 0 0 0 0 0 0 0 0 0 0 0 0 0 0 0 0 0 0 0 0 0 0 0 0 0 0 0 0 0 0 0 0 0 0 0 0 0 0 0 0 0 0 0 0 0 0 0 0 0 0 0 0 0 0 0 0 0 0 0 0 0 0 0 0 0 0 0 0 0 0 0 0 0 0 0 0 0 0 0 0 0 0 0 0 0 0 0 0 0 0 0 0 0 0 0 0 0 0 0 0 0 0 0 0 0 0 0 0 0 0 0 0 0 0 0 0 0 0 0 0 0 0 0 0 0 0 0 0 0 0 0 0 0 0 0 0 0 0 0 0 0 0 0 0 0 0 0 0 0 0 0 0 0 0 0 0 0 0 0 0 0 0 0 0 0 0 0 0 0 0 0 0 0 0 0 0 0 0 0 0 0 0 0 0 0 0 0 0 0 0 0 0 0 0 0 0 0 0 0 0 0 0 0 0 0 0 0 0 0 0 0 0 0 0 0 0 0 0 0 0 0 0 0 0 0 0 0 0 0 0 0 0 0 0 0 0 0 0 0 0 0 0 0 0 0 0 0 0 0 0 0 0 0 0 0 0 0 0 0 0 0 0 0 0 0 0 0 0 0 0 0 0 0 0.0002433309709886089 0.001217360957525671 0.00296324398368597 0.005499979481101036 0.008739909157156944 0.01258146576583385 0.01697837933897972 0.02189653739333153 0.02730812132358551 0.03319649025797844 0.03956260532140732 0.04644880816340446 0.05389304459095001 0.06174585968255997 0.06993693858385086 0.07832039892673492 0.08697198331356049 0.09596298635005951 0.1053445562720299 0.1151343435049057 0.1252626031637192 0.1356362700462341 0.1462823897600174 0.1571846157312393 0.168308287858963 0.1795377731323242 0.1908718347549438 0.2023519277572632 0.2124572098255157 0.2194491028785706 0.2221686840057373 0.2196889817714691 0.2115220576524734 0.2009459584951401 0.1908986568450928 0.1813537180423737 0.1722860336303711 0.1636717319488525 0.1554881483316422 0.1477137356996536 0.140328049659729 0.1333116441965103 0.1266460567712784 0.1203137561678886 0.1142980679869652 0.1085831671953201 0.1031540110707283 0.0979963093996048 0.09309649467468262 0.08844166994094849 0.08401958644390106 0.07981860637664795 0.07582767307758331 0.07203628867864609 0.06843447685241699 0.06501275300979614 0.06176211684942245 0.05867401137948036 0.05574031174182892 0.05295329540967941 0.05030563101172447 0.04779034852981567 0.04540083184838295 0.0431307889521122 0.04097424820065498 0.03892553597688675 0.03697925806045532 0.03513029590249062 0.03337378054857254 0.031705092638731 0.03011983819305897 0.02861384674906731 0.02718315459787846 0.02582399733364582 0.02453279681503773 0.02330615743994713 0.02214084938168526 0.02103380672633648 0.0199821162968874 0.01898301020264626 0.01803386025130749 0.01713216677308083 0.0162755586206913 0.01546178106218576 0.0146886920556426 0.01395425759255886 0.01325654424726963 0.01259371731430292 0.0119640314951539 0.01136582996696234 0.01079753879457712 0.01025766227394342 0.009744779206812382 0.009257540106773376 0.008794663473963737 0.008354930207133293 0.007937183603644371 0.007540324237197638 0.007163308095186949 0.006805142853409052 0.006464885547757149 0.006141641177237034 0.005834558978676796 0.005542831029742956 0.005265689454972744 0.005002405028790236 0.004752284847199917 0.004514670465141535 0.004288936965167522 0.004074490163475275 0.003870765678584576 0.003677227301523089 0.003493365831673145 0.003318697446957231 0.003152762539684772 0.002995124319568276 0.002845368115231395 0.002703099744394422 0.002567944815382361 0.002439547562971711 0.002317570149898529 0.00220169173553586 0.002091607078909874 0.001987026771530509 0.001887675374746323 0.001793291652575135 0.001703627058304846 0.001618445734493434 0.001537523465231061 0.001460647326894104 0.00138761498965323 0.0013182342518121 0.001252322574146092 0.001189706497825682 0.001130221178755164 0.001073710154742002 0.001020024647004902 0.0009690234437584877 0.0009205722599290311 0.0008745436207391322 0.0008308164542540908 0.0007892756257206202 0.0007498118211515248 0.000712321256287396 0.0006767052109353244 0.0006428699707612395 0.0006107264780439436 0.0005801901570521295 0.0005511806230060756 0.0005236215656623244 0.0004974404582753778 0.000472568441182375 0.0004489400307647884 0.000426493032136932 0.0004051683936268091 0.0003849099739454687 0.0003656644839793444 0.0003473812539596111 0.0003300122043583542 0.0003135115839540958 0.000297835998935625 0.0002829442091751844 0.0002687970118131489 0.0002553571539465338 0.0002425893035251647 0.0002304598456248641 0.0002189368533436209 0.0002079900150420144 0.0001975905179278925 0.0001877109898487106 0.0001783254410838708 0.0001694091624813154 0.0001609387109056115 0.000152891778270714 0.0001452471915399656 0.0001379848254146054 0.000131085587781854 0.0001245313032995909 0.0001183047352242284 0.0001123894980992191 0.0001067700213752687 0.0001014315203065053 9.635994501877576e-05 9.154195140581578e-05 8.696485019754618e-05 8.261660696007311e-05 7.848577661206946e-05 7.456148887285963e-05 7.083341188263148e-05 6.72917376505211e-05 6.392715295078233e-05 6.073079566704109e-05 5.76942547922954e-05 5.480954132508487e-05 5.20690628036391e-05 4.946560875396244e-05 4.699232886196114e-05 4.46427111455705e-05 4.241057467879727e-05 4.029004776384681e-05 3.827554610325024e-05 3.63617691618856e-05 3.454368197708391e-05 3.281649696873501e-05 3.117567393928766e-05 2.961689096991904e-05 2.813604623952415e-05 2.672924347280059e-05 2.539278102631215e-05 2.412314279354177e-05 2.291698547196575e-05 2.177113674406428e-05 2.06825807254063e-05 1.964845250768121e-05 1.866602906375192e-05 1.773272742866538e-05 1.684609014773741e-05 1.600378527655266e-05 1.520359637652291e-05 1.444341614842415e-05 1.372124552290188e-05 1.30351836560294e-05 1.238342429132899e-05 1.176425303128781e-05 1.117604006140027e-05 1.061723833117867e-05 1.008637627819553e-05 9.582057828083634e-06 9.102955118578393e-06 8.647807590023149e-06 8.215417437895667e-06 7.804646884324029e-06 7.414414540107828e-06 7.043693585728761e-06 6.691509042866528e-06 6.356933681672672e-06 6.039087111275876e-06 5.737132596550509e-06 5.450276148621924e-06 5.177762432140298e-06 4.918874310533283e-06 4.672930572269252e-06 4.439284111867892e-06 4.217320110910805e-06 4.006454219052102e-06 3.806131417150027e-06 3.615824880398577e-06 3.435033704590751e-06 3.263281996623846e-06 3.100117965004756e-06 2.94511210086057e-06 2.797856495817541e-06 2.657963705132715e-06 2.52506561082555e-06 2.398812284809537e-06 2.278871761518531e-06 2.164928218917339e-06 2.056681751128053e-06 1.953847686309018e-06 1.856155336099619e-06 1.763347540872928e-06 1.675180214988359e-06 1.591421209923283e-06 1.511850200586196e-06 1.436257662135176e-06 1.36444475629105e-06 1.296222535529523e-06 1.231411374646996e-06 1.169840857073723e-06 1.111348865379114e-06 1.055781467584893e-06 1.002992348730913e-06 9.528427540317352e-07 9.052006362253451e-07 8.599405987297359e-07 8.169435545823944e-07 7.760963853797875e-07 7.372915433734306e-07 7.004269946264685e-07 6.65405650579487e-07 6.321353680505126e-07 6.005286081744998e-07 5.705021521862363e-07 5.419770445769245e-07 5.148781951902492e-07 4.891342655355402e-07 4.646775551009341e-07 4.414436887145712e-07 4.193715028577572e-07 3.984029319781257e-07 3.78482781115963e-07 3.595586406390794e-07 3.415807157125528e-07 3.245016841901815e-07 3.082766113493562e-07 2.92862779360803e-07
 0 0 0 0 0 0 0 0 0 0 0 0 0 0 0 0 0 0 0 0 0 0 0 0 0 0 0 0 0 0 0 0 0 0 0 0 0 0 0 0 0 0 0 0 0 0 0 0 0 0 0 0 0 0 0 0 0 0 0 0 0 0 0 0 0 0 0 0 0 0 0 0 0 0 0 0 0 0 0 0 0 0 0 0 0 0 0 0 0 0 0 0 0 0 0 0 0 0 0 0 0 0 0 0 0 0 0 0 0 0 0 0 0 0 0 0 0 0 0 0 0 0 0 0 0 0 0 0 0 0 0 0 0 0 0 0 0 0 0 0 0 0 0 0 0 0 0 0 0 0 0 0 0 0 0 0 0 0 0 0 0 0 0 0 0 0 0 0 0 0 0 0 0 0 0 0 0 0 0 0 0 0 0 0 0 0 0 0 0 0 0 0 0 0 0 0 0 0 0 0 0 0 0 0 0 0 0 0 0 0 0 0 0 0 0 0 0 0 0 0 0 0 0 0 0 0 0 0 0 0 0 0 0 0 0 0 0 0 0 0 0 0 0 0 0 0 0 0 0 0 0 0 0 0 0 0 0 0 0 0 0 0 0 0 0 0 0 0 0 0 0 0 0 0 0 0 0 0 0 0 0 0 0 0 0 0 0 0 0 0 0 0 0 0 0 0 0 0 0 0 0 0 0 0 0 0 0 0 0 0 0 0 0 0 0 0 0 0 0 0 0 0 0 0 0 0 0 0 0 0 0 0 0 0 0 0 0 0 0 0 0 0 0 0 0 0 0 0 0 0 0 0 0 0 0 0 0 0 0 0 0 0 0 0 0 0 0 0 0 0 0 0 0 0 0 0 0 0 0 0 0 0 0 0 0 0 0 0 0 0 0 0 0 0 0 0 0 0 0 0 0 0 0 0 0 0 0 0 0 0 0 0 0 0 0 0 0 0 0 0 0 0 0 0 0 0 0 0 0 0 0 0 0 0 0 0 0 0 0 0 0 0 0 0 0 0 0 0 0 0 0 0 0 0 0 0 0 0 0 0 0 0 0 0 0 0 0 0 0 0 0 0 0 0 0 0 0 0 0 0 0 0 0 0 0 0 0 0 0 0 0 0 0 0 0 0 0 0 0 0 0 0 0 0 0 0 0 0 0 0 0 0 0 0 0 0 0 0 0 0 0 0 0 0 0 0 0 0 0 0 0 0 0 0 0 0 0 0 0 0 0 0 0 0 0 0 0 0 0 0 0 0 0 0 0 0 0 0 0 0 0 0 0 0 0 0 0 0 0 0 0 0 0 0 0 0 0 0 0 0 0 0 0 0 0 0 0 0 0 0 0 0 0 0 0 0 0 0 0 0
 0 0 0 0 0 0 0 0 0 0 0 0 0 0 0 0 0 0 0 0 0 0 0 0 0 0 0 0 0 0 0 0 0 0 0 0 0 0 0 0 0 0 0 0 0 0 0 0 0 0 0 0 0 0 0 0 0 0 0 0 0 0 0 0 0 0 0 0 0 0 0 0 0 0 0 0 0 0 0 0 0 0 0 0 0 0 0 0 0 0 0 0 0 0 0 0 0 0 0 0 0 0 0 0 0 0 0 0 0 0 0 0 0 0 0 0 0 0 0 0 0 0 0 0 0 0 0 0 0 0 0 0 0 0 0 0 0 0 0 0 0 0 0 0 0 0 0 0 0 0 0 0 0 0 0 0 0 0 0 0 0 0 0 0 0 0 0 0 0 0 0 0 0 0 0 0 0 0 0 0 0 0 0 0 0 0 0 0 0 0 0 0 0 0 0 0 0 0 0 0 0 0 0 0 0 0 0 0 0 0 0 0 0 0 0 0 0 0 0 0 0 0 0 0 0 0 0 0 0 0 0 0 0 0 0 0 0 0 0 0 0 0 0 0 0 0 0 0 0 0 0 0 0 0 0 0 0 0 0 0 0 0 0 0 0 0 0 0 0 0 0 0 0 0 0 0 0 0 0 0 0 0 0 0 0 0 0 0 0 0 0 0 0 0 0 0 0 0 0 0 0 0 0 0 0 0 0 0 0 0 0 0 0 0 0 0 0 0 0 0 0 0 0 0 0 0 0 0 0 0 0 0 0 0 0 0 0 0 0 0 0 0 0 0 0 0 0 0 0 0 0 0 0 0 0 0 0 0 0 0 0 0 0 0 0 0 0 0 0 0 0 0 0 0 0 0 0 0 0 0 0 0 0 0 0 0 0 0 0 0 0 0 0 0 0 0 0 0 0 0 0 0 0 0 0 0 0 0 0 0 0 0 0 0 0 0 0 0 0 0 0 0 0 0 0 0 0 0 0 0 0 0 0 0 0 0 0 0 0 0 0 0 0 0 0 0 0 0 0 0 0 0 0 0 0 0 0 0 0 0 0 0 0 0 0 0 0 0 0 0 0 0 0 0 0 0 0 0 0 0 0 0 0 0 0 0 0 0 0 0 0 0 0 0 0 0 0 0 0 0 0 0 0 0 0 0 0 0 0 0 0 0 0 0 0 0 0 0 0 0 0 0 0 0 0 0 0 0 0 0 0 0 0 0 0 0 0 0 0 0 0 0 0 0 0 0 0 0 0 0 0 0 0 0 0 0 0 0 0 0 0 0 0 0 0 0 0 0 0 0 0 0 0 0 0 0 0 0 0 0 0 0 0 0 0 0 0 0 0 0 0 0 0 0 0 0 0 0 0 0
 0 0 0 0 0 0 0 0 0 0 0 0 0 0 0 0 0 0 0 0 0 0 0 0 0 0 0 0 0 0 0 0 0 0 0 0 0 0 0 0 0 0 0 0 0 0 0 0 0 0 0 0 0 0 0 0 0 0 0 0 0 0 0 0 0 0 0 0 0 0 0 0 0 0 0 0 0 0 0 0 0 0 0 0 0 0 0 0 0 0 0 0 0 0 0 0 0 0 0 0 0 0 0 0 0 0 0 0 0 0 0 0 0 0 0 0 0 0 0 0 0 0 0 0 0 0 0 0 0 0 0 0 0 0 0 0 0 0 0 0 0 0 0 0 0 0 0 0 0 0 0 0 0 0 0 0 0 0 0 0 0 0 0 0 0 0 0 0 0 0 0 0 0 0 0 0 0 0 0 0 0 0 0 0 0 0 0 0 0 0 0 0 0 0 0 0 0 0 0 0 0 0 0 0 0 0 0 0 0 0 0 0 0 0 0 0 0 0 0 0 0 0 0 0 0 0 0 0 0 0 0 0 0 0 0 0 0 0 0 0 0 0 0 0 0 0 0 0 0 0 0 0 0 0 0 0 0 0 0 0 0 0 0 0 0 0 0 0 0 0 0 0 0 0 0 0 0 0 0 0 0 0 0 0 0 0 0 0 0 0 0 0 0 0 0 0 0 0 0 0 0 0 0 0 0 0 0 0 0 0 0 0 0 0 0 0 0 0 0 0 0 0 0 0 0 0 0 0 0 0 0 0 0 0 0 0 0 0 0 0 0 0 0 0 0 0 0 0 0 0 0 0 0 0 0 0 0 0 0 0 0 0 0 0 0 0 0 0 0 0 0 0 0 0 0 0 0 0 0 0 0 0 0 0 0 0 0 0 0 0 0 0 0 0 0 0 0 0 0 0 0 0 0 0 0 0 0 0 0 0 0 0 0 0 0 0 0 0 0 0 0 0 0 0 0 0 0 0 0 0 0 0 0 0 0 0 0 0 0 0 0 0 0 0 0 0 0 0 0 0 0 0 0 0 0 0 0 0 0 0 0 0 0 0 0 0 0 0 0 0 0 0 0 0 0 0 0 0 0 0 0 0 0 0 0 0 0 0 0 0 0 0 0 0 0 0 0 0 0 0 0 0 0 0 0 0 0 0 0 0 0 0 0 0 0 0 0 0 0 0 0 0 0 0 0 0 0 0 0 0 0 0 0 0 0 0 0 0 0 0 0 0 0 0 0 0 0 0 0 0 0 0 0 0 0 0 0 0 0 0 0 0 0 0 0 0 0 0 0 0 0 0 0 0 0 0 0 0 0 0 0 0 0 0 0 0 0 0 0 0 0 0 0 0 0 0 0 0 0 0
 0 0 0 0 0 0 0 0 0 0 0 0 0 0 0 0 0 0 0 0 0 0 0 0 0 0 0 0 0 0 0 0 0 0 0 0 0 0 0 0 0 0 0 0 0 0 0 0 0 0 0 0 0 0 0 0 0 0 0 0 0 0 0 0 0 0 0 0 0 0 0 0 0 0 0 0 0 0 0 0 0 0 0 0 0 0 0 0 0 0 0 0 0 0 0 0 0 0 0 0 0 0 0 0 0 0 0 0 0 0 0 0 0 0 0 0 0 0 0 0 0 0 0 0 0 0 0 0 0 0 0 0 0 0 0 0 0 0 0 0 0 0 0 0 0 0 0 0 0 0 0 0 0 0 0 0 0 0 0 0 0 0 0 0 0 0 0 0 0 0 0 0 0 0 0 0 0 0 0 0 0 0 0 0 0 0 0 0 0 0 0 0 0 0 0 0 0 0 0 0 0 0 0 0 0 0 0 0 0 0 0 0 0 0 0 0 0 0 0 0 0 0 0 0 0 0 0 0 0 0 0 0 0 0 0 0 0 0 0 0 0 0 0 0 0 0 0 0 0 0 0 0 0 0 0 0 0 0 0 0 0 0 0 0 0 0 0 0 0 0 0 0 0 0 0 0 0 0 0 0 0 0 0 0 0 0 0 0 0 0 0 0 0 0 0 0 0 0 0 0 0 0 0 0 0 0 0 6.884335743961856e-05 0.0008367966511286795 0.002386739710345864 0.004681614227592945 0.007721396163105965 0.01137213781476021 0.01558575313538313 0.02036895416676998 0.02566541917622089 0.03145004063844681 0.03769933059811592 0.04441789910197258 0.05168264359235764 0.0594559907913208 0.067584328353405 0.07600568234920502 0.0846695750951767 0.09366176277399063 0.1030413284897804 0.1127947270870209 0.1228748932480812 0.1331989914178848 0.1437733918428421 0.1545874178409576 0.1655903905630112 0.1767991334199905 0.1881218552589417 0.1995992958545685 0.2104567885398865 0.2186719328165054 0.2229113727807999 0.2222437113523483 0.2159906774759293 0.2051911503076553 0.1949315965175629 0.1851850152015686 0.1759257614612579 0.1671294718980789 0.1587730050086975 0.1508343517780304 0.143292635679245 0.1361280083656311 0.1293216049671173 0.1228555217385292 0.116712749004364 0.1108771115541458 0.1053332537412643 0.1000665873289108 0.09506325423717499 0.09031008929014206 0.08579458296298981 0.08150485157966614 0.07742960751056671 0.07355812937021255 0.06988022476434708 0.06638621538877487 0.06306690722703934 0.05991356074810028 0.05691788345575333 0.05407198891043663 0.05136838927865028 0.04879996925592422 0.04635997116565704 0.04404197260737419 0.04183987528085709 0.03974788263440132 0.03776048868894577 0.03587246313691139 0.03407884016633034 0.03237489983439445 0.03075615502893925 0.02921834774315357 0.02775743044912815 0.02636955864727497 0.02505108155310154 0.02379852719604969 0.02260860055685043 0.02147817052900791 0.0204042624682188 0.01938404887914658 0.01841484569013119 0.01749410293996334 0.01661939732730389 0.01578842662274837 0.01499900501221418 0.01424905471503735 0.01353660225868225 0.01285977195948362 0.0122167831286788 0.0116059435531497 0.01102564670145512 0.0104743642732501 0.009950646199285984 0.009453114122152328 0.008980458602309227 0.008531435392796993 0.008104863576591015 0.007699620444327593 0.007314639631658792 0.006948907859623432 0.006601462606340647 0.006271389313042164 0.005957819987088442 0.005659929011017084 0.005376932676881552 0.005108085926622152 0.004852681420743465 0.004610047210007906 0.004379544872790575 0.004160567652434111 0.003952539060264826 0.003754912177100778 0.0035671666264534 0.003388808341696858 0.003219367936253548 0.00305839953944087 0.00290547963231802 0.002760205650702119 0.002622195286676288 0.00249108555726707 0.002366531174629927 0.002248204546049237 0.002135794376954436 0.00202900473959744 0.001927554490976036 0.001831176807172596 0.001739618019200861 0.001652637147344649 0.001570005319081247 0.001491505070589483 0.001416929764673114 0.001346083241514862 0.001278779120184481 0.001214840216562152 0.001154098194092512 0.001096393330954015 0.001041573705151677 0.0009894950781017542 0.0009400203125551343 0.0008930193143896759 0.0008483683341182768 0.0008059499086812139 0.0007656523957848549 0.0007273697992786765 0.0006910013034939766 0.0006564512150362134 0.000623628671746701 0.0005924472352489829 0.000562824890948832 0.0005346836405806243 0.0005079494439996779 0.0004825519863516092 0.0004584243870340288 0.0004355031705927104 0.0004137280047871172 0.0003930416132789105 0.0003733895428013057 0.000354720075847581 0.0003369840851519257 0.000320134888170287 0.000304128130665049 0.0002889217284973711 0.0002744756347965449 0.000260751839959994 0.0002477142552379519 0.0002353285381104797 0.0002235621068393812 0.0002123839949490502 0.0002017647930188105 0.0001916765468195081 0.0001820927136577666 0.0001729880750644952 0.0001643386785872281 0.0001561217504786327 0.0001483156665926799 0.0001408998796250671 0.0001338548900093883 0.0001271621440537274 0.000120804033940658 0.0001147638322436251 0.0001090256409952417 0.0001035743625834584 9.839564154390246e-05 9.347585728392005e-05 8.880206587491557e-05 8.436196367256343e-05 8.014386548893526e-05 7.613667548866943e-05 7.232984353322536e-05 6.871335062896833e-05 6.527767982333899e-05 6.201379437698051e-05 5.891310502192937e-05 5.596744813374244e-05 5.316907481756061e-05 5.051062180427834e-05 4.798508962267078e-05 4.558583532343619e-05 4.330654337536544e-05 4.114121475140564e-05 3.90841523767449e-05 3.712994657689705e-05 3.527344961185008e-05 3.350977567606606e-05 3.183428634656593e-05 3.024257239303552e-05 2.873044286388904e-05 2.729392144829035e-05 2.592922464828007e-05 2.463276359776501e-05 2.340112587262411e-05 2.223107003374025e-05 2.111951653205324e-05 2.006354043260217e-05 1.906036413856782e-05 1.810734647733625e-05 1.720197906251997e-05 1.634188083698973e-05 1.552478715893812e-05 1.474854798289016e-05 1.401112058374565e-05 1.331056409981102e-05 1.264503589482047e-05 1.201278428197838e-05 1.141214488598052e-05 1.084153791452991e-05 1.029946088237921e-05 9.784487701836042e-06 9.29526322579477e-06 8.830500519252382e-06 8.388975402340293e-06 7.969526450324338e-06 7.571049991383916e-06 7.192497378127882e-06 6.832872713857796e-06 6.491229214589112e-06 6.166667844809126e-06 5.858334588992875e-06 5.565417723119026e-06 5.287146905175177e-06 5.022789537179051e-06 4.771649855683791e-06 4.533067567535909e-06 4.306414211896481e-06 4.091093614988495e-06 3.886539161612745e-06 3.692212203532108e-06 3.507601604724186e-06 3.332221467644558e-06 3.165610451105749e-06 3.007329951287829e-06 2.856963419617387e-06 2.71411522589915e-06 2.578409521447611e-06 2.449489102218649e-06 2.327014726688503e-06 2.210663978985394e-06 2.100130814142176e-06 1.995124193854281e-06 1.895367972792883e-06 1.800599534362846e-06 1.710569563329045e-06 1.62504113632167e-06 1.543789039715193e-06 1.466599542254698e-06 1.393269599248015e-06 1.323606170444691e-06 1.257425878975482e-06 1.194554556604999e-06 1.134826788984356e-06 1.078085460903822e-06 1.02418118785863e-06 9.729720886753057e-07 9.243235012945661e-07 8.781073006502993e-07 8.342019555129809e-07 7.924918463686481e-07 7.528672654188995e-07 7.152239049901254e-07 6.794626870032516e-07 6.454895356000634e-07 6.132150360826927e-07 5.825542643833614e-07 5.534265596907062e-07 5.257552402326837e-07 4.994674895897333e-07 4.744941293211014e-07 4.507694200128753e-07 4.282309475911461e-07 4.068193959483324e-07 3.864784332563431e-07 3.671545130146114e-07 3.487967887849663e-07
 0 0 0 0 0 0 0 0 0 0 0 0 0 0 0 0 0 0 0 0 0 0 0 0 0 0 0 0 0 0 0 0 0 0 0 0 0 0 0 0 0 0 0 0 0 0 0 0 0 0 0 0 0 0 0 0 0 0 0 0 0 0 0 0 0 0 0 0 0 0 0 0 0 0 0 0 0 0 0 0 0 0 0 0 0 0 0 0 0 0 0 0 0 0 0 0 0 0 0 0 0 0 0 0 0 0 0 0 0 0 0 0 0 0 0 0 0 0 0 0 0 0 0 0 0 0 0 0 0 0 0 0 0 0 0 0 0 0 0 0 0 0 0 0 0 0 0 0 0 0 0 0 0 0 0 0 0 0 0 0 0 0 0 0 0 0 0 0 0 0 0 0 0 0 0 0 0 0 0 0 0 0 0 0 0 0 0 0 0 0 0 0 0 0 0 0 0 0 0 0 0 0 0 0 0 0 0 0 0 0 0 0 0 0 0 0 0 0 0 0 0 0 0 0 0 0 0 0 0 0 0 0 0 0 0 0 0 0 0 0 0 0 0 0 0 0 0 0 0 0 0 0 0 0 0 0 0 0 0 0 0 0 0 0 0 0 0 0 0 0 0 0 0 0 0 0 0 0 0 0 0 0 0 0 0 0 0 0 0 0 0 0 0 0 0 0 0 0 0 0 0 0 0 0 0 0 0 0 0 0 0 0 0 0 0 0 0 0 0 0 0 0 0 0 0 0 0 0 0 0 0 0 0 0 0 0 0 0 0 0 0 0 0 0 0 0 0 0 0 0 0 0 0 0 0 0 0 0 0 0 0 0 0 0 0 0 0 0 0 0 0 0 0 0 0 0 0 0 0 0 0 0 0 0 0 0 0 0 0 0 0 0 0 0 0 0 0 0 0 0 0 0 0 0 0 0 0 0 0 0 0 0 0 0 0 0 0 0 0 0 0 0 0 0 0 0 0 0 0 0 0 0 0 0 0 0 0 0 0 0 0 0 0 0 0 0 0 0 0 0 0 0 0 0 0 0 0 0 0 0 0 0 0 0 0 0 0 0 0 0 0 0 0 0 0 0 0 0 0 0 0 0 0 0 0 0 0 0 0 0 0 0 0 0 0 0 0 0 0 0 0 0 0 0 0 0 0 0 0 0 0 0 0 0 0 0 0 0 0 0 0 0 0 0 0 0 0 0 0 0 0 0 0 0 0 0 0 0 0 0 0 0 0 0 0 0 0 0 0 0 0 0 0 0 0 0 0 0 0 0 0 0 0 0 0 0 0 0 0 0 0 0 0 0 0 0 0 0 0 0 0 0 0 0 0 0 0 0 0 0 0 0 0 0 0 0 0 0 0 0
 0 0 0 0 0 0 0 0 0 0 0 0 0 0 0 0 0 0 0 0 0 0 0 0 0 0 0 0 0 0 0 0 0 0 0 0 0 0 0 0 0 0 0 0 0 0 0 0 0 0 0 0 0 0 0 0 0 0 0 0 0 0 0 0 0 0 0 0 0 0 0 0 0 0 0 0 0 0 0 0 0 0 0 0 0 0 0 0 0 0 0 0 0 0 0 0 0 0 0 0 0 0 0 0 0 0 0 0 0 0 0 0 0 0 0 0 0 0 0 0 0 0 0 0 0 0 0 0 0 0 0 0 0 0 0 0 0 0 0 0 0 0 0 0 0 0 0 0 0 0 0 0 0 0 0 0 0 0 0 0 0 0 0 0 0 0 0 0 0 0 0 0 0 0 0 0 0 0 0 0 0 0 0 0 0 0 0 0 0 0 0 0 0 0 0 0 0 0 0 0 0 0 0 0 0 0 0 0 0 0 0 0 0 0 0 0 0 0 0 0 0 0 0 0 0 0 0 0 0 0 0 0 0 0 0 0 0 0 0 0 0 0 0 0 0 0 0 0 0 0 0 0 0 0 0 0 0 0 0 0 0 0 0 0 0 0 0 0 0 0 0 0 0 0 0 0 0 0 0 0 0 0 0 0 0 0 0 0 0 0 0 0 0 0 0 0 0 0 0 0 0 0 0 0 0 0 0 0 0 0 0 0 0 0 0 0 0 0 0 0 0 0 0 0 0 0 0 0 0 0 0 0 0 0 0 0 0 0 0 0 0 0 0 0 0 0 0 0 0 0 0 0 0 0 0 0 0 0 0 0 0 0 0 0 0 0 0 0 0 0 0 0 0 0 0 0 0 0 0 0 0 0 0 0 0 0 0 0 0 0 0 0 0 0 0 0 0 0 0 0 0 0 0 0 0 0 0 0 0 0 0 0 0 0 0 0 0 0 0 0 0 0 0 0 0 0 0 0 0 0 0 0 0 0 0 0 0 0 0 0 0 0 0 0 0 0 0 0 0 0 0 0 0 0 0 0 0 0 0 0 0 0 0 0 0 0 0 0 0 0 0 0 0 0 0 0 0 0 0 0 0 0 0 0 0 0 0 0 0 0 0 0 0 0 0 0 0 0 0 0 0 0 0 0 0 0 0 0 0 0 0 0 0 0 0 0 0 0 0 0 0 0 0 0 0 0 0 0 0 0 0 0 0 0 0 0 0 0 0 0 0 0 0 0 0 0 0 0 0 0 0 0 0 0 0 0 0 0 0 0 0 0 0 0 0 0 0 0 0 0 0 0 0 0 0 0 0 0 0 0 0 0 0 0 0 0 0 0 0 0 0 0 0 0 0 0 0 0 0 0
 0 0 0 0 0 0 0 0 0 0 0 0 0 0 0 0 0 0 0 0 0 0 0 0 0 0 0 0 0 0 0 0 0 0 0 0 0 0 0 0 0 0 0 0 0 0 0 0 0 0 0 0 0 0 0 0 0 0 0 0 0 0 0 0 0 0 0 0 0 0 0 0 0 0 0 0 0 0 0 0 0 0 0 0 0 0 0 0 0 0 0 0 0 0 0 0 0 0 0 0 0 0 0 0 0 0 0 0 0 0 0 0 0 0 0 0 0 0 0 0 0 0 0 0 0 0 0 0 0 0 0 0 0 0 0 0 0 0 0 0 0 0 0 0 0 0 0 0 0 0 0 0 0 0 0 0 0 0 0 0 0 0 0 0 0 0 0 0 0 0 0 0 0 0 0 0 0 0 0 0 0 0 0 0 0 0 0 0 0 0 0 0 0 0 0 0 0 0 0 0 0 0 0 0 0 0 0 0 0 0 0 0 0 0 0 0 0 0 0 0 0 0 0 0 0 0 0 0 0 0 0 0 0 0 0 0 0 0 0 0 0 0 0 0 0 0 0 0 0 0 0 0 0 0 0 0 0 0 0 0 0 0 0 0 0 0 0 0 0 0 0 0 0 0 0 0 0 0 0 0 0 0 0 0 0 0 0 0 0 0 0 0 0 0 0 0 0 0 0 0 0 0 0 0 0 0 0 0 0 0 0 0 0 0 0 0 0 0 0 0 0 0 0 0 0 0 0 0 0 0 0 0 0 0 0 0 0 0 0 0 0 0 0 0 0 0 0 0 0 0 0 0 0 0 0 0 0 0 0 0 0 0 0 0 0 0 0 0 0 0 0 0 0 0 0 0 0 0 0 0 0 0 0 0 0 0 0 0 0 0 0 0 0 0 0 0 0 0 0 0 0 0 0 0 0 0 0 0 0 0 0 0 0 0 0 0 0 0 0 0 0 0 0 0 0 0 0 0 0 0 0 0 0 0 0 0 0 0 0 0 0 0 0 0 0 0 0 0 0 0 0 0 0 0 0 0 0 0 0 0 0 0 0 0 0 0 0 0 0 0 0 0 0 0 0 0 0 0 0 0 0 0 0 0 0 0 0 0 0 0 0 0 0 0 0 0 0 0 0 0 0 0 0 0 0 0 0 0 0 0 0 0 0 0 0 0 0 0 0 0 0 0 0 0 0 0 0 0 0 0 0 0 0 0 0 0 0 0 0 0 0 0 0 0 0 0 0 0 0 0 0 0 0 0 0 0 0 0 0 0 0 0 0 0 0 0 0 0 0 0 0 0 0 0 0 0 0 0 0 0 0 0 0 0 0 0 0 0 0 0 0 0 0 0 0 0 0 0 0 0
 0 0 0 0 0 0 0 0 0 0 0 0 0 0 0 0 0 0 0 0 0 0 0 0 0 0 0 0 0 0 0 0 0 0 0 0 0 0 0 0 0 0 0 0 0 0 0 0 0 0 0 0 0 0 0 0 0 0 0 0 0 0 0 0 0 0 0 0 0 0 0 0 0 0 0 0 0 0 0 0 0 0 0 0 0 0 0 0 0 0 0 0 0 0 0 0 0 0 0 0 0 0 0 0 0 0 0 0 0 0 0 0 0 0 0 0 0 0 0 0 0 0 0 0 0 0 0 0 0 0 0 0 0 0 0 0 0 0 0 0 0 0 0 0 0 0 0 0 0 0 0 0 0 0 0 0 0 0 0 0 0 0 0 0 0 0 0 0 0 0 0 0 0 0 0 0 0 0 0 0 0 0 0 0 0 0 0 0 0 0 0 0 0 0 0 0 0 0 0 0 0 0 0 0 0 0 0 0 0 0 0 0 0 0 0 0 0 0 0 0 0 0 0 0 0 0 0 0 0 0 0 0 0 0 0 0 0 0 0 0 0 0 0 0 0 0 0 0 0 0 0 0 0 0 0 0 0 0 0 0 0 0 0 0 0 0 0 0 0 0 0 0 0 0 0 0 0 0 0 0 0 0 0 0 0 0 0 0 0 0 0 0 0 0 0 0 0 0 0 0 0 0 0 0 0 0.0002212566032540053 0.00115301797632128 0.002818079199641943 0.005251547321677208 0.008411245420575142 0.0121837742626667 0.0165253896266222 0.02141239494085312 0.02680532447993755 0.03266588598489761 0.03902949392795563 0.0458892323076725 0.0532618835568428 0.0611131377518177 0.06932898610830307 0.07782750576734543 0.08658141642808914 0.09566880762577057 0.1051464676856995 0.1149766892194748 0.1251397430896759 0.1355599611997604 0.14619480073452 0.1571240872144699 0.1682273745536804 0.1794639676809311 0.1908716559410095 0.2023953795433044 0.2126783281564713 0.2198882400989532 0.2228398621082306 0.2206904143095016 0.2128808349370956 0.2022367864847183 0.1921249479055405 0.1825187057256699 0.1733927726745605 0.164723128080368 0.1564869731664658 0.1486626267433167 0.1412294954061508 0.1341680139303207 0.1274596154689789 0.1210866346955299 0.1150323003530502 0.1092806831002235 0.1038166508078575 0.09862581640481949 0.09369452297687531 0.08900979906320572 0.08455930650234222 0.08033134043216705 0.076314777135849 0.07249903678894043 0.06887408345937729 0.06543038040399551 0.06215886026620865 0.05905091762542725 0.05609837174415588 0.05329345166683197 0.05062877759337425 0.04809733852744102 0.04569246992468834 0.04340784624218941 0.04123745486140251 0.03917558118700981 0.03721680119633675 0.03535596281290054 0.03358816355466843 0.03190875425934792 0.03031331673264503 0.02879765070974827 0.02735776826739311 0.02598987892270088 0.02469038590788841 0.02345586568117142 0.02228307165205479 0.02116891741752625 0.0201104711741209 0.01910494826734066 0.01814970001578331 0.01724221557378769 0.01638010516762733 0.01556110009551048 0.01478304527699947 0.01404389273375273 0.01334169786423445 0.0126746129244566 0.01204088237136602 0.01143883820623159 0.01086689624935389 0.01032355148345232 0.009807374328374863 0.009317005984485149 0.008851155638694763 0.00840859767049551 0.007988167926669121 0.007588759530335665 0.007209321483969688 0.006848855409771204 0.006506412755697966 0.006181092001497746 0.005872037261724472 0.005578435491770506 0.005299513693898916 0.005034537985920906 0.004782811272889376 0.004543670918792486 0.004316487349569798 0.004100663121789694 0.003895629895851016 0.003700848435983062 0.003515806049108505 0.003340015653520823 0.003173014847561717 0.00301436404697597 0.002863645786419511 0.002720463555306196 0.002584440400823951 0.002455218462273479 0.002332457574084401 0.002215834800153971 0.002105043036863208 0.001999790780246258 0.001899801194667816 0.001804811181500554 0.001714570680633187 0.001628842204809189 0.001547400141134858 0.001470030169002712 0.001396528678014874 0.001326702302321792 0.001260367222130299 0.001197348814457655 0.001137481420300901 0.001080607296898961 0.00102657696697861 0.000975248112808913 0.0009264856926165521 0.0008801614167168736 0.0008361533400602639 0.0007943456876091659 0.0007546283886767924 0.0007168969605118036 0.0006810521008446813 0.0006469995132647455 0.0006146495579741895 0.000583917077165097 0.0005547212203964591 0.0005269851535558701 0.0005006358842365444 0.0004756040871143341 0.0004518238711170852 0.0004292326630093157 0.000407771032769233 0.0003873824898619205 0.000368013366824016 0.0003496127028483897 0.0003321320691611618 0.00031552545260638 0.0002997491683345288 0.0002847617142833769 0.000270523625658825 0.0002569974458310753 0.0002441475808154792 0.0002319401974091306 0.000220343194087036 0.000209326040931046 0.0001988597359741107 0.0001889167469926178 0.000179470909642987 0.0001704973692540079 0.0001619725080672652 0.0001538738870294765 0.0001461801875848323 0.0001388711825711653 0.0001319276198046282 0.0001253312366316095 0.0001190646726172417 0.0001131114404415712 0.0001074558676918969 0.0001020830750348978 9.697891800897196e-05 9.212997247232124e-05 8.752347639529034e-05 8.314730075653642e-05 7.898993499111384e-05 7.504043605877087e-05 7.128841389203444e-05 6.772399501642212e-05 6.433779344661161e-05 6.112090341048315e-05 5.806485933135264e-05 5.516161763807759e-05 5.24035349371843e-05 4.978335709893145e-05 4.729419015347958e-05 4.492948210099712e-05 4.268300835974514e-05 4.054885721416213e-05 3.852141526294872e-05 3.659534559119493e-05 3.476557685644366e-05 3.302729965071194e-05 3.137593375868164e-05 2.98071372526465e-05 2.831678102666046e-05 2.690094152058009e-05 2.555589526309632e-05 2.427810068184044e-05 2.306419628439471e-05 2.191098610637709e-05 2.081543607346248e-05 1.977466490643565e-05 1.878593138826545e-05 1.784663436410483e-05 1.695430182735436e-05 1.610658728168346e-05 1.530125882709399e-05 1.453619552194141e-05 1.38093855639454e-05 1.311891628574813e-05 1.246297051693546e-05 1.183982203656342e-05 1.124783102568472e-05 1.068543951987522e-05 1.015116777125513e-05 9.643609701015521e-06 9.16142926143948e-06 8.703357707418036e-06 8.268189958471339e-06 7.854780051275156e-06 7.462041139660869e-06 7.08893912815256e-06 6.734492217219668e-06 6.397767720045522e-06 6.077879334043246e-06 5.773985321866348e-06 5.485286237671971e-06 5.211021743889432e-06 4.950470611220226e-06 4.702947080659214e-06 4.467799953999929e-06 4.244409865350462e-06 4.032189281133469e-06 3.830579771602061e-06 3.639050873971428e-06 3.457098273429438e-06 3.284243348389282e-06 3.120031124126399e-06 2.964029590657447e-06 2.815828111124574e-06 2.675036739674397e-06 2.541284857215942e-06 2.414220716673299e-06 2.293509623996215e-06 2.178834165533772e-06 2.069892389044981e-06 1.966397803698783e-06 1.86807790214516e-06 1.774674046828295e-06 1.685940333118197e-06 1.601643361937022e-06 1.521561216577538e-06 1.44548312164261e-06 1.373208988297847e-06 1.304548504776903e-06 1.239321136381477e-06 1.177355102299771e-06 1.118487375606492e-06 1.062563001141825e-06 1.00943486813776e-06 9.589631417838973e-07 9.110149790103605e-07 8.654642442706972e-07 8.221910547945299e-07 7.810814963704615e-07 7.420273959724e-07 7.049260375424637e-07 6.696797072436311e-07 6.36195750303159e-07 6.043859457349754e-07 5.741666200265172e-07 5.45458306078217e-07 5.181854021429899e-07 4.922761149828148e-07 4.676623177601869e-07 4.442792089776049e-07 4.22065255634152e-07 4.009619942735299e-07 3.809138888755115e-07 3.61868188747394e-07 3.437747864154517e-07 3.265860470946791e-07 3.102567518453725e-07
 0 0 0 0 0 0 0 0 0 0 0 0 0 0 0 0 0 0 0 0 0 0 0 0 0 0 0 0 0 0 0 0 0 0 0 0 0 0 0 0 0 0 0 0 0 0 0 0 0 0 0 0 0 0 0 0 0 0 0 0 0 0 0 0 0 0 0 0 0 0 0 0 0 0 0 0 0 0 0 0 0 0 0 0 0 0 0 0 0 0 0 0 0 0 0 0 0 0 0 0 0 0 0 0 0 0 0 0 0 0 0 0 0 0 0 0 0 0 0 0 0 0 0 0 0 0 0 0 0 0 0 0 0 0 0 0 0 0 0 0 0 0 0 0 0 0 0 0 0 0 0 0 0 0 0 0 0 0 0 0 0 0 0 0 0 0 0 0 0 0 0 0 0 0 0 0 0 0 0 0 0 0 0 0 0 0 0 0 0 0 0 0 0 0 0 0 0 0 0 0 0 0 0 0 0 0 0 0 0 0 0 0 0 0 0 0 0 0 0 0 0 0 0 0 0 0 0 0 0 0 0 0 0 0 0 0 0 0 0 0 0 0 0 0 0 0 0 0 0 0 0 0 0 0 0 0 0 0 0 0 0 0 0 0 0 0 0 0 0 0 0 0 0 0 0 0 0 0 0 0 0 0 0 0 0 0 0 0 0 0 0 0 0 0 0 0 0 0 0 0 0 0 0 0 0 0 0 0 0 0 0 0 0 0 0 0 0 0 0 0 0 0 0 0 0 0 0 0 0 0 0 0 0 0 0 0 0 0 0 0 0 0 0 0 0 0 0 0 0 0 0 0 0 0 0 0 0 0 0 0 0 0 0 0 0 0 0 0 0 0 0 0 0 0 0 0 0 0 0 0 0 0 0 0 0 0 0 0 0 0 0 0 0 0 0 0 0 0 0 0 0 0 0 0 0 0 0 0 0 0 0 0 0 0 0 0 0 0 0 0 0 0 0 0 0 0 0 0 0 0 0 0 0 0 0 0 0 0 0 0 0 0 0 0 0 0 0 0 0 0 0 0 0 0 0 0 0 0 0 0 0 0 0 0 0 0 0 0 0 0 0 0 0 0 0 0 0 0 0 0 0 0 0 0 0 0 0 0 0 0 0 0 0 0 0 0 0 0 0 0 0 0 0 0 0 0 0 0 0 0 0 0 0 0 0 0 0 0 0 0 0 0 0 0 0 0 0 0 0 0 0 0 0 0 0 0 0 0 0 0 0 0 0 0 0 0 0 0 0 0 0 0 0 0 0 0 0 0 0 0 0 0 0 0 0 0 0 0 0 0 0 0 0 0 0 0 0 0 0 0 0 0 0 0 0 0 0 0 0 0 0 0 0 0 0 0 0 0 0 0
 0 0 0 0 0 0 0 0 0 0 0 0 0 0 0 0 0 0 0 0 0 0 0 0 0 0 0 0 0 0 0 0 0 0 0 0 0 0 0 0 0 0 0 0 0 0 0 0 0 0 0 0 0 0 0 0 0 0 0 0 0 0 0 0 0 0 0 0 0 0 0 0 0 0 0 0 0 0 0 0 0 0 0 0 0 0 0 0 0 0 0 0 0 0 0 0 0 0 0 0 0 0 0 0 0 0 0 0 0 0 0 0 0 0 0 0 0 0 0 0 0 0 0 0 0 0 0 0 0 0 0 0 0 0 0 0 0 0 0 0 0 0 0 0 0 0 0 0 0 0 0 0 0 0 0 0 0 0 0 0 0 0 0 0 0 0 0 0 0 0 0 0 0 0 0 0 0 0 0 0 0 0 0 0 0 0 0 0 0 0 0 0 0 0 0 0 0 0 0 0 0 0 0 0 0 0 0 0 0 0 0 0 0 0 0 0 0 0 0 0 0 0 0 0 0 0 0 0 0 0 0 0 0 0 0 0 0 0 0 0 0 0 0 0 0 0 0 0 0 0 0 0 0 0 0 0 0 0 0 0 0 0 0 0 0 0 0 0 0 0 0 0 0 0 0 0 0 0 0 0 0 0 0 0 0 0 0 0 0 0 0 0 0 0 0 0 0 0 0 0 0 0 0 0 0 0 0 0 0 0 0 0 0 0 0 0 0 0 0 0 0 0 0 0 0 0 0 0 0 0 0 0 0 0 0 0 0 0 0 0 0 0 0 0 0 0 0 0 0 0 0 0 0 0 0 0 0 0 0 0 0 0 0 0 0 0 0 0 0 0 0 0 0 0 0 0 0 0 0 0 0 0 0 0 0 0 0 0 0 0 0 0 0 0 0 0 0 0 0 0 0 0 0 0 0 0 0 0 0 0 0 0 0 0 0 0 0 0 0 0 0 0 0 0 0 0 0 0 0 0 0 0 0 0 0 0 0 0 0 0 0 0 0 0 0 0 0 0 0 0 0 0 0 0 0 0 0 0 0 0 0 0 0 0 0 0 0 0 0 0 0 0 0 0 0 0 0 0 0 0 0 0 0 0 0 0 0 0 0 0 0 0 0 0 0 0 0 0 0 0 0 0 0 0 0 0 0 0 0 0 0 0 0 0 0 0 0 0 0 0 0 0 0 0 0 0 0 0 0 0 0 0 0 0 0 0 0 0 0 0 0 0 0 0 0 0 0 0 0 0 0 0 0 0 0 0 0 0 0 0 0 0 0 0 0 0 0 0 0 0 0 0 0 0 0 0 0 0 0 0 0 0 0 0 0 0 0 0 0 0 0 0 0 0 0 0 0 0 0 0
 0 0 0 0 0 0 0 0 0 0 0 0 0 0 0 0 0 0 0 0 0 0 0 0 0 0 0 0 0 0 0 0 0 0 0 0 0 0 0 0 0 0 0 0 0 0 0 0 0 0 0 0 0 0 0 0 0 0 0 0 0 0 0 0 0 0 0 0 0 0 0 0 0 0 0 0 0 0 0 0 0 0 0 0 0 0 0 0 0 0 0 0 0 0 0 0 0 0 0 0 0 0 0 0 0 0 0 0 0 0 0 0 0 0 0 0 0 0 0 0 0 0 0 0 0 0 0 0 0 0 0 0 0 0 0 0 0 0 0 0 0 0 0 0 0 0 0 0 0 0 0 0 0 0 0 0 0 0 0 0 0 0 0 0 0 0 0 0 0 0 0 0 0 0 0 0 0 0 0 0 0 0 0 0 0 0 0 0 0 0 0 0 0 0 0 0 0 0 0 0 0 0 0 0 0 0 0 0 0 0 0 0 0 0 0 0 0 0 0 0 0 0 0 0 0 0 0 0 0 0 0 0 0 0 0 0 0 0 0 0 0 0 0 0 0 0 0 0 0 0 0 0 0 0 0 0 0 0 0 0 0 0 0 0 0 0 0 0 0 0 0 0 0 0 0 0 0 0 0 0 0 0 0 0 0 0 0 0 0 0 0 0 0 0 0 0 0 0 0 0 0 0 0 0 0 0 0 0 0 0 0 0 0 0 0 0 0 0 0 0 0 0 0 0 0 0 0 0 0 0 0 0 0 0 0 0 0 0 0 0 0 0 0 0 0 0 0 0 0 0 0 0 0 0 0 0 0 0 0 0 0 0 0 0 0 0 0 0 0 0 0 0 0 0 0 0 0 0 0 0 0 0 0 0 0 0 0 0 0 0 0 0 0 0 0 0 0 0 0 0 0 0 0 0 0 0 0 0 0 0 0 0 0 0 0 0 0 0 0 0 0 0 0 0 0 0 0 0 0 0 0 0 0 0 0 0 0 0 0 0 0 0 0 0 0 0 0 0 0 0 0 0 0 0 0 0 0 0 0 0 0 0 0 0 0 0 0 0 0 0 0 0 0 0 0 0 0 0 0 0 0 0 0 0 0 0 0 0 0 0 0 0 0 0 0 0 0 0 0 0 0 0 0 0 0 0 0 0 0 0 0 0 0 0 0 0 0 0 0 0 0 0 0 0 0 0 0 0 0 0 0 0 0 0 0 0 0 0 0 0 0 0 0 0 0 0 0 0 0 0 0 0 0 0 0 0 0 0 0 0 0 0 0 0 0 0 0 0 0 0 0 0 0 0 0 0 0 0 0 0 0 0 0 0 0 0 0 0 0 0 0 0 0 0 0 0 0 0 0 0
 0 0 0 0 0 0 0 0 0 0 0 0 0 0 0 0 0 0 0 0 0 0 0 0 0 0 0 0 0 0 0 0 0 0 0 0 0 0 0 0 0 0 0 0 0 0 0 0 0 0 0 0 0 0 0 0 0 0 0 0 0 0 0 0 0 0 0 0 0 0 0 0 0 0 0 0 0 0 0 0 0 0 0 0 0 0 0 0 0 0 0 0 0 0 0 0 0 0 0 0 0 0 0 0 0 0 0 0 0 0 0 0 0 0 0 0 0 0 0 0 0 0 0 0 0 0 0 0 0 0 0 0 0 0 0 0 0 0 0 0 0 0 0 0 0 0 0 0 0 0 0 0 0 0 0 0 0 0 0 0 0 0 0 0 0 0 0 0 0 0 0 0 0 0 0 0 0 0 0 0 0 0 0 0 0 0 0 0 0 0 0 0 0 0 0 0 0 0 0 0 0 0 0 0 0 0 0 0 0 0 0 0 0 0 0 0 0 0 0 0 0 0 0 0 0 0 0 0 0 0 0 0 0 0 0 0 0 0 0 0 0 0 0 0 0 0 0 0 0 0 0 0 0 0 0 0 0 0 0 0 0 0 0 0 0 0 0 0 0 0 0 0 0 0 0 0 0 0 0 0 0 0 0 0 0 0 0 0 0 0 0 0 0 0 0 0 0 0 0 0 0 0 0 0 0 0 0.0004226632008794695 0.001575996982865036 0.003452629549428821 0.006051244214177132 0.00930478423833847 0.01317627541720867 0.0176439993083477 0.02266637422144413 0.02819656021893024 0.03416679427027702 0.04060108587145805 0.04750208556652069 0.054883673787117 0.06274082511663437 0.07095403224229813 0.0794796347618103 0.08826228231191635 0.09735888242721558 0.1067624688148499 0.1164828166365623 0.1265422105789185 0.1368644088506699 0.1473729908466339 0.1580692231655121 0.1689657270908356 0.1801060438156128 0.1913929283618927 0.2027734667062759 0.2123551666736603 0.2185862362384796 0.2203952819108963 0.2170286178588867 0.2079661935567856 0.197567880153656 0.187689483165741 0.1783050149679184 0.1693897694349289 0.1609202772378922 0.1528742611408234 0.1452305465936661 0.1379690170288086 0.1310705691576004 0.1245170384645462 0.1182911843061447 0.1123766228556633 0.106757789850235 0.1014199033379555 0.09634891152381897 0.09153146296739578 0.08695489168167114 0.08260715007781982 0.07847679406404495 0.07455295324325562 0.07082530856132507 0.06728404015302658 0.06391983479261398 0.06072384119033813 0.05768764764070511 0.054803267121315 0.05206310376524925 0.04945994913578033 0.04698695242404938 0.04463760554790497 0.04240572452545166 0.04028543829917908 0.03827116638422012 0.03635760769248009 0.03453972563147545 0.03281274065375328 0.03117210417985916 0.02961349859833717 0.02813282422721386 0.02672618255019188 0.02538987249135971 0.02412037923932076 0.02291436120867729 0.02176864258944988 0.02068020962178707 0.01964619942009449 0.01866388879716396 0.01773069426417351 0.01684415899217129 0.01600195094943047 0.01520185358822346 0.01444176118820906 0.01371967326849699 0.01303368993103504 0.01238200534135103 0.01176290493458509 0.01117475982755423 0.01061602216213942 0.01008522137999535 0.009580960497260094 0.009101912379264832 0.008646816946566105 0.008214476518332958 0.007803752552717924 0.007413564715534449 0.007042886689305305 0.006690742447972298 0.006356205325573683 0.006038395222276449 0.005736475344747305 0.00544965174049139 0.005177169106900692 0.004918310791254044 0.004672395065426826 0.00443877512589097 0.004216836299747229 0.004005994647741318 0.003805694868788123 0.003615410067141056 0.003434639656916261 0.003262907732278109 0.003099762368947268 0.00294477422721684 0.002797535620629787 0.002657658886164427 0.002524775918573141 0.002398537006229162 0.00227861013263464 0.002164679579436779 0.002056445693597198 0.001953623490408063 0.001855942304246128 0.001763145206496119 0.001674987957812846 0.001591238542459905 0.001511676586233079 0.001436092774383724 0.001364288153126836 0.001296073780395091 0.001231270143762231 0.00116970669478178 0.001111221383325756 0.001055660308338702 0.001002877252176404 0.0009527333895675838 0.0009050967055372894 0.000859841878991574 0.0008168497588485479 0.0007760072476230562 0.0007372068939730525 0.0007003465434536338 0.0006653292221017182 0.0006320627871900797 0.0006004596361890435 0.0005704366485588253 0.0005419148365035653 0.0005148191121406853 0.0004890781710855663 0.0004646242596209049 0.0004413930582813919 0.000419323390815407 0.0003983572241850197 0.000378439377527684 0.0003595174057409167 0.000341541541274637 0.0003244644613005221 0.0003082412295043468 0.0002928291796706617 0.0002781877119559795 0.0002642783219926059 0.0002510643971618265 0.0002385111729381606 0.0002265856164740399 0.0002152563392883167 0.0002044935245066881 0.0001942688541021198 0.0001845554070314392 0.0001753276301315054 0.0001665612508077174 0.0001582331897225231 0.0001503215316915885 0.0001428054529242218 0.0001356651773676276 0.0001288819184992462 0.0001224378211190924 0.0001163159322459251 0.0001105001356336288 0.000104975129943341 9.972637053579092e-05 9.474005491938442e-05 9.000304999062791e-05 8.550289931008592e-05 8.122775761876255e-05 7.716636901022866e-05 7.330805237870663e-05 6.964265048736706e-05 6.616051541641355e-05 6.285248673520982e-05 5.970986239844933e-05 5.672436964232475e-05 5.388815043261275e-05 5.119374327477999e-05 4.863405774813145e-05 4.62023563159164e-05 4.389223977341317e-05 4.169762905803509e-05 3.961274705943651e-05 3.763211134355515e-05 3.575050504878163e-05 3.396298052393831e-05 3.226483022444881e-05 3.065159035031684e-05 2.91190117422957e-05 2.766306170087773e-05 2.627990943437908e-05 2.496591332601383e-05 2.371761729591526e-05 2.253173624922056e-05 2.140514880011324e-05 2.033489181485493e-05 1.931814767885953e-05 1.835224065871444e-05 1.743462780723348e-05 1.656289714446757e-05 1.573475310578942e-05 1.494801563239889e-05 1.420061471435474e-05 1.349058402411174e-05 1.281605455005774e-05 1.217525186802959e-05 1.15664888653555e-05 1.098816483136034e-05 1.043875636241864e-05 9.916818271449301e-06 9.420977221452631e-06 8.949928087531589e-06 8.502431228407659e-06 8.077309757936746e-06 7.673444088140968e-06 7.289771929208655e-06 6.925283287273487e-06 6.579019100172445e-06 6.250068054214353e-06 5.937564765190473e-06 5.640686595143052e-06 5.358652288123267e-06 5.090719696454471e-06 4.83618350699544e-06 4.594374331645668e-06 4.364655524113914e-06 4.146422725170851e-06 3.939101588912308e-06 3.742146418517223e-06 3.555039029379259e-06 3.377287157491082e-06 3.208422867828631e-06 3.048001644856413e-06 2.895601483032806e-06 2.750821295194328e-06 2.613280230434611e-06 2.482616309862351e-06 2.358485517106601e-06 2.240561343569425e-06 2.128533196810167e-06 2.022106627919129e-06 1.921001285154489e-06 1.824951255002816e-06 1.733703697937017e-06 1.647018507355824e-06 1.564667627462768e-06 1.486434257458313e-06 1.412112510479346e-06 1.341506845164986e-06 1.274431497222395e-06 1.210709910992591e-06 1.150174398389936e-06 1.092665684154781e-06 1.038032451106119e-06 9.861307717073942e-07 9.368242217533407e-07 8.899830277186993e-07 8.454838962279609e-07 8.032096729948535e-07 7.630491722920851e-07 7.248967222039937e-07 6.886518804094521e-07 6.54219263651612e-07 6.21508320364228e-07 5.90432932767726e-07 5.609113031823654e-07 5.328657266545633e-07 5.062224204266386e-07 4.809112965631357e-07 4.568657345771499e-07 4.340224393217795e-07 4.123213273032889e-07 3.917052708857227e-07 3.721200130257785e-07 3.535140251642588e-07 3.358383366958151e-07 3.190464212821098e-07
 0 0 0 0 0 0 0 0 0 0 0 0 0 0 0 0 0 0 0 0 0 0 0 0 0 0 0 0 0 0 0 0 0 0 0 0 0 0 0 0 0 0 0 0 0 0 0 0 0 0 0 0 0 0 0 0 0 0 0 0 0 0 0 0 0 0 0 0 0 0 0 0 0 0 0 0 0 0 0 0 0 0 0 0 0 0 0 0 0 0 0 0 0 0 0 0 0 0 0 0 0 0 0 0 0 0 0 0 0 0 0 0 0 0 0 0 0 0 0 0 0 0 0 0 0 0 0 0 0 0 0 0 0 0 0 0 0 0 0 0 0 0 0 0 0 0 0 0 0 0 0 0 0 0 0 0 0 0 0 0 0 0 0 0 0 0 0 0 0 0 0 0 0 0 0 0 0 0 0 0 0 0 0 0 0 0 0 0 0 0 0 0 0 0 0 0 0 0 0 0 0 0 0 0 0 0 0 0 0 0 0 0 0 0 0 0 0 0 0 0 0 0 0 0 0 0 0 0 0 0 0 0 0 0 0 0 0 0 0 0 0 0 0 0 0 0 0 0 0 0 0 0 0 0 0 0 0 0 0 0 0 0 0 0 0 0 0 0 0 0 0 0 0 0 0 0 0 0 0 0 0 0 0 0 0 0 0 0 0 0 0 0 0 0 0 0 0 0 0 0 0 0 0 0 0 0 0 0 0 0 0 0 0 0 0 0 0 0 0 0 0 0 0 0 0 0 0 0 0 0 0 0 0 0 0 0 0 0 0 0 0 0 0 0 0 0 0 0 0 0 0 0 0 0 0 0 0 0 0 0 0 0 0 0 0 0 0 0 0 0 0 0 0 0 0 0 0 0 0 0 0 0 0 0 0 0 0 0 0 0 0 0 0 0 0 0 0 0 0 0 0 0 0 0 0 0 0 0 0 0 0 0 0 0 0 0 0 0 0 0 0 0 0 0 0 0 0 0 0 0 0 0 0 0 0 0 0 0 0 0 0 0 0 0 0 0 0 0 0 0 0 0 0 0 0 0 0 0 0 0 0 0 0 0 0 0 0 0 0 0 0 0 0 0 0 0 0 0 0 0 0 0 0 0 0 0 0 0 0 0 0 0 0 0 0 0 0 0 0 0 0 0 0 0 0 0 0 0 0 0 0 0 0 0 0 0 0 0 0 0 0 0 0 0 0 0 0 0 0 0 0 0 0 0 0 0 0 0 0 0 0 0 0 0 0 0 0 0 0 0 0 0 0 0 0 0 0 0 0 0 0 0 0 0 0 0 0 0 0 0 0 0 0 0 0 0 0 0 0 0 0 0 0 0 0 0 0 0 0 0 0 0 0 0 0 0 0 0 0 0
 0 0 0 0 0 0 0 0 0 0 0 0 0 0 0 0 0 0 0 0 0 0 0 0 0 0 0 0 0 0 0 0 0 0 0 0 0 0 0 0 0 0 0 0 0 0 0 0 0 0 0 0 0 0 0 0 0 0 0 0 0 0 0 0 0 0 0 0 0 0 0 0 0 0 0 0 0 0 0 0 0 0 0 0 0 0 0 0 0 0 0 0 0 0 0 0 0 0 0 0 0 0 0 0 0 0 0 0 0 0 0 0 0 0 0 0 0 0 0 0 0 0 0 0 0 0 0 0 0 0 0 0 0 0 0 0 0 0 0 0 0 0 0 0 0 0 0 0 0 0 0 0 0 0 0 0 0 0 0 0 0 0 0 0 0 0 0 0 0 0 0 0 0 0 0 0 0 0 0 0 0 0 0 0 0 0 0 0 0 0 0 0 0 0 0 0 0 0 0 0 0 0 0 0 0 0 0 0 0 0 0 0 0 0 0 0 0 0 0 0 0 0 0 0 0 0 0 0 0 0 0 0 0 0 0 0 0 0 0 0 0 0 0 0 0 0 0 0 0 0 0 0 0 0 0 0 0 0 0 0 0 0 0 0 0 0 0 0 0 0 0 0 0 0 0 0 0 0 0 0 0 0 0 0 0 0 0 0 0 0 0 0 0 0 0 0 0 0 0 0 0 0 0 0 0 0 0 0 0 0 0 0 0 0 0 0 0 0 0 0 0 0 0 0 0 0 0 0 0 0 0 0 0 0 0 0 0 0 0 0 0 0 0 0 0 0 0 0 0 0 0 0 0 0 0 0 0 0 0 0 0 0 0 0 0 0 0 0 0 0 0 0 0 0 0 0 0 0 0 0 0 0 0 0 0 0 0 0 0 0 0 0 0 0 0 0 0 0 0 0 0 0 0 0 0 0 0 0 0 0 0 0 0 0 0 0 0 0 0 0 0 0 0 0 0 0 0 0 0 0 0 0 0 0 0 0 0 0 0 0 0 0 0 0 0 0 0 0 0 0 0 0 0 0 0 0 0 0 0 0 0 0 0 0 0 0 0 0 0 0 0 0 0 0 0 0 0 0 0 0 0 0 0 0 0 0 0 0 0 0 0 0 0 0 0 0 0 0 0 0 0 0 0 0 0 0 0 0 0 0 0 0 0 0 0 0 0 0 0 0 0 0 0 0 0 0 0 0 0 0 0 0 0 0 0 0 0 0 0 0 0 0 0 0 0 0 0 0 0 0 0 0 0 0 0 0 0 0 0 0 0 0 0 0 0 0 0 0 0 0 0 0 0 0 0 0 0 0 0 0 0 0 0 0 0 0 0 0 0 0 0 0 0 0 0 0 0 0 0 0
 0 0 0 0 0 0 0 0 0 0 0 0 0 0 0 0 0 0 0 0 0 0 0 0 0 0 0 0 0 0 0 0 0 0 0 0 0 0 0 0 0 0 0 0 0 0 0 0 0 0 0 0 0 0 0 0 0 0 0 0 0 0 0 0 0 0 0 0 0 0 0 0 0 0 0 0 0 0 0 0 0 0 0 0 0 0 0 0 0 0 0 0 0 0 0 0 0 0 0 0 0 0 0 0 0 0 0 0 0 0 0 0 0 0 0 0 0 0 0 0 0 0 0 0 0 0 0 0 0 0 0 0 0 0 0 0 0 0 0 0 0 0 0 0 0 0 0 0 0 0 0 0 0 0 0 0 0 0 0 0 0 0 0 0 0 0 0 0 0 0 0 0 0 0 0 0 0 0 0 0 0 0 0 0 0 0 0 0 0 0 0 0 0 0 0 0 0 0 0 0 0 0 0 0 0 0 0 0 0 0 0 0 0 0 0 0 0 0 0 0 0 0 0 0 0 0 0 0 0 0 0 0 0 0 0 0 0 0 0 0 0 0 0 0 0 0 0 0 0 0 0 0 0 0 0 0 0 0 0 0 0 0 0 0 0 0 0 0 0 0 0 0 0 0 0 0 0 0 0 0 0 0 0 0 0 0 0 0 0 0 0 0 0 0 0 0 0 0 0 0 0 0 0 0 0 0 0 0 0 0 0 0 0 0 0 0 0 0 0 0 0 0 0 0 0 0 0 0 0 0 0 0 0 0 0 0 0 0 0 0 0 0 0 0 0 0 0 0 0 0 0 0 0 0 0 0 0 0 0 0 0 0 0 0 0 0 0 0 0 0 0 0 0 0 0 0 0 0 0 0 0 0 0 0 0 0 0 0 0 0 0 0 0 0 0 0 0 0 0 0 0 0 0 0 0 0 0 0 0 0 0 0 0 0 0 0 0 0 0 0 0 0 0 0 0 0 0 0 0 0 0 0 0 0 0 0 0 0 0 0 0 0 0 0 0 0 0 0 0 0 0 0 0 0 0 0 0 0 0 0 0 0 0 0 0 0 0 0 0 0 0 0 0 0 0 0 0 0 0 0 0 0 0 0 0 0 0 0 0 0 0 0 0 0 0 0 0 0 0 0 0 0 0 0 0 0 0 0 0 0 0 0 0 0 0 0 0 0 0 0 0 0 0 0 0 0 0 0 0 0 0 0 0 0 0 0 0 0 0 0 0 0 0 0 0 0 0 0 0 0 0 0 0 0 0 0 0 0 0 0 0 0 0 0 0 0 0 0 0 0 0 0 0 0 0 0 0 0 0 0 0 0 0 0 0 0 0 0 0 0 0 0 0 0 0 0 0 0 0 0
 0 0 0 0 0 0 0 0 0 0 0 0 0 0 0 0 0 0 0 0 0 0 0 0 0 0 0 0 0 0 0 0 0 0 0 0 0 0 0 0 0 0 0 0 0 0 0 0 0 0 0 0 0 0 0 0 0 0 0 0 0 0 0 0 0 0 0 0 0 0 0 0 0 0 0 0 0 0 0 0 0 0 0 0 0 0 0 0 0 0 0 0 0 0 0 0 0 0 0 0 0 0 0 0 0 0 0 0 0 0 0 0 0 0 0 0 0 0 0 0 0 0 0 0 0 0 0 0 0 0 0 0 0 0 0 0 0 0 0 0 0 0 0 0 0 0 0 0 0 0 0 0 0 0 0 0 0 0 0 0 0 0 0 0 0 0 0 0 0 0 0 0 0 0 0 0 0 0 0 0 0 0 0 0 0 0 0 0 0 0 0 0 0 0 0 0 0 0 0 0 0 0 0 0 0 0 0 0 0 0 0 0 0 0 0 0 0 0 0 0 0 0 0 0 0 0 0 0 0 0 0 0 0 0 0 0 0 0 0 0 0 0 0 0 0 0 0 0 0 0 0 0 0 0 0 0 0 0 0 0 0 0 0 0 0 0 0 0 0 0 0 0 0 0 0 0 0 0 0 0 0 0 0 0 0 0 0 0 0 0 0 0 0 0 0 0 0 0 0 0 0 0 0 0 0 0 0 0 0.0001244124287040904 0.0009683688986115158 0.002617809223011136 0.005042127333581448 0.008191058412194252 0.01196529716253281 0.01638945192098618 0.02138316817581654 0.02696735970675945 0.0330648198723793 0.03964380919933319 0.04668909683823586 0.05418005958199501 0.0621640533208847 0.07048865407705307 0.07915776968002319 0.08809877187013626 0.09738686680793762 0.1069912016391754 0.1169403418898582 0.1272158473730087 0.1376867145299911 0.1483116000890732 0.1590913683176041 0.1700232923030853 0.1811842918395996 0.1925833225250244 0.2040943801403046 0.2140242755413055 0.2207078486680984 0.2230161875486374 0.2201138883829117 0.211454913020134 0.2008821666240692 0.1908380538225174 0.1812961548566818 0.1722313463687897 0.1636197865009308 0.1554387956857681 0.1476668566465378 0.1402835100889206 0.133269339799881 0.1266058683395386 0.1202755719423294 0.1142617911100388 0.1085487008094788 0.1031212657690048 0.09796520322561264 0.09306694567203522 0.08841359615325928 0.08399291336536407 0.07979326695203781 0.07580360025167465 0.07201342284679413 0.06841275095939636 0.06499211490154266 0.06174251064658165 0.05865538492798805 0.05572261661291122 0.05293648689985275 0.05028966069221497 0.04777517914772034 0.0453864187002182 0.04311709851026535 0.04096124321222305 0.03891318291425705 0.03696752339601517 0.03511914610862732 0.03336318954825401 0.03169503062963486 0.03011027909815311 0.02860476449131966 0.02717452682554722 0.02581579983234406 0.02452500909566879 0.02329875901341438 0.02213382162153721 0.02102713100612164 0.01997577399015427 0.01897698454558849 0.01802813448011875 0.01712672784924507 0.01627039164304733 0.01545687206089497 0.01468402892351151 0.01394982729107141 0.01325233560055494 0.0125897191464901 0.01196023356169462 0.01136222202330828 0.01079411059617996 0.01025440543889999 0.009741685353219509 0.00925460085272789 0.008791870437562466 0.008352276869118214 0.007934663444757462 0.007537930272519588 0.007161033805459738 0.006802982185035944 0.006462832912802696 0.006139691453427076 0.005832707043737173 0.005541071761399508 0.005264018196612597 0.005000817123800516 0.00475077610462904 0.004513237159699202 0.004287575371563435 0.004073196556419134 0.003869536798447371 0.003676059888675809 0.003492256859317422 0.00331764412112534 0.003151761833578348 0.002994173672050238 0.002844464965164661 0.002702241763472557 0.002567129675298929 0.002438773168250918 0.002316834405064583 0.002200992777943611 0.002090943045914173 0.001986395800486207 0.001887076068669558 0.00179272226523608 0.001703086192719638 0.00161793187726289 0.001537035335786641 0.001460183528251946 0.001387174357660115 0.001317815622314811 0.001251924782991409 0.00118932849727571 0.001129862037487328 0.001073368941433728 0.001019700546748936 0.0009687155252322555 0.000920279766432941 0.0008742657955735922 0.0008305524825118482 0.0007890248671174049 0.0007495736354030669 0.0007120949449017644 0.0006764901918359101 0.0006426656618714333 0.0006105323554947972 0.0005800057551823556 0.000551005476154387 0.0005234552081674337 0.0004972824244759977 0.0004724182945210487 0.0004487973928917199 0.0004263575247023255 0.0004050396382808685 0.000384787650546059 0.0003655482723843306 0.0003472708631306887 0.0003299073141533881 0.0003134119615424424 0.0002977413532789797 0.0002828542783390731 0.0002687115629669279 0.00025527598336339 0.0002425121783744544 0.000230386562179774 0.0002188672369811684 0.0002079238765873015 0.0001975276827579364 0.0001876512978924438 0.0001782687322702259 0.00016935529129114 0.0001608875318197533 0.000152843160321936 0.0001452010037610307 0.0001379409513901919 0.0001310438965447247 0.0001244917075382546 0.0001182671257993206 0.0001123537658713758 0.0001067360790329985 0.0001013992732623592 9.632931323722005e-05 9.151284757535905e-05 8.693720155861229e-05 8.259034075308591e-05 7.846082735341042e-05 7.453778380295262e-05 7.081089279381558e-05 6.72703463351354e-05 6.390683120116591e-05 6.071148891351186e-05 5.767591574112885e-05 5.47921190445777e-05 5.205251363804564e-05 4.9449889047537e-05 4.697739495895803e-05 4.462852666620165e-05 4.239709960529581e-05 4.027724571642466e-05 3.826338434009813e-05 3.635021494119428e-05 3.45327025570441e-05 3.280606688349508e-05 3.116576408501714e-05 2.960747588076629e-05 2.812710226862691e-05 2.672074697329663e-05 2.538471017032862e-05 2.411547393421642e-05 2.290970041940454e-05 2.176421548938379e-05 2.067600507871248e-05 1.964220427908003e-05 1.866009370132815e-05 1.772708856151439e-05 1.684073504293337e-05 1.599869756319094e-05 1.519876241218299e-05 1.44388241096749e-05 1.371688267681748e-05 1.303103817917872e-05 1.237948617927032e-05 1.176051227957942e-05 1.117248666560045e-05 1.061386228684569e-05 1.008316939987708e-05 9.579011020832695e-06 9.10006019694265e-06 8.645057278044987e-06 8.212804459617473e-06 7.802163963788189e-06 7.41205576559878e-06 7.041453045530943e-06 6.689380370517028e-06 6.35491142020328e-06 6.037165803718381e-06 5.735307695431402e-06 5.448542196972994e-06 5.176114882488037e-06 4.917309070151532e-06 4.671443548431853e-06 4.437871211848687e-06 4.215977696730988e-06 4.005178652732866e-06 3.80491974283359e-06 3.614673687479808e-06 3.433940037211869e-06 3.262243126300746e-06 3.099130935879657e-06 2.944174411823042e-06 2.796965645757155e-06 2.657117420312716e-06 2.524261617509183e-06 2.398048536633723e-06 2.278146212120191e-06 2.164238821933395e-06 2.056026914942777e-06 1.953225591933005e-06 1.855564278230304e-06 1.762786041581421e-06 1.674646682658931e-06 1.59091439400072e-06 1.511368623141607e-06 1.435800186300185e-06 1.36401013151044e-06 1.295809624934918e-06 1.231019155056856e-06 1.169468191619671e-06 1.110994730879611e-06 1.055444954545237e-06 1.00267266134324e-06 9.525390396447619e-07 9.049120990312076e-07 8.596664997639891e-07 8.166831548805931e-07 7.758490028209053e-07 7.3705655267986e-07 7.002037136771833e-07 6.651935109402984e-07 6.319338581306511e-07 6.003371595397766e-07 5.703203100893006e-07 5.418042974270065e-07 5.147140882399981e-07 4.889784008810238e-07 4.645294779948017e-07 4.413030012528907e-07 4.192378639800154e-07 3.982759722021001e-07 3.783621878028498e-07 3.594440727283654e-07
 0 0 0 0 0 0 0 0 0 0 0 0 0 0 0 0 0 0 0 0 0 0 0 0 0 0 0 0 0 0 0 0 0 0 0 0 0 0 0 0 0 0 0 0 0 0 0 0 0 0 0 0 0 0 0 0 0 0 0 0 0 0 0 0 0 0 0 0 0 0 0 0 0 0 0 0 0 0 0 0 0 0 0 0 0 0 0 0 0 0 0 0 0 0 0 0 0 0 0 0 0 0 0 0 0 0 0 0 0 0 0 0 0 0 0 0 0 0 0 0 0 0 0 0 0 0 0 0 0 0 0 0 0 0 0 0 0 0 0 0 0 0 0 0 0 0 0 0 0 0 0 0 0 0 0 0 0 0 0 0 0 0 0 0 0 0 0 0 0 0 0 0 0 0 0 0 0 0 0 0 0 0 0 0 0 0 0 0 0 0 0 0 0 0 0 0 0 0 0 0 0 0 0 0 0 0 0 0 0 0 0 0 0 0 0 0 0 0 0 0 0 0 0 0 0 0 0 0 0 0 0 0 0 0 0 0 0 0 0 0 0 0 0 0 0 0 0 0 0 0 0 0 0 0 0 0 0 0 0 0 0 0 0 0 0 0 0 0 0 0 0 0 0 0 0 0 0 0 0 0 0 0 0 0 0 0 0 0 0 0 0 0 0 0 0 0 0 0 0 0 0 0 0 0 0 0 0 0 0 0 0 0 0 0 0 0 0 0 0 0 0 0 0 0 0 0 0 0 0 0 0 0 0 0 0 0 0 0 0 0 0 0 0 0 0 0 0 0 0 0 0 0 0 0 0 0 0 0 0 0 0 0 0 0 0 0 0 0 0 0 0 0 0 0 0 0 0 0 0 0 0 0 0 0 0 0 0 0 0 0 0 0 0 0 0 0 0 0 0 0 0 0 0 0 0 0 0 0 0 0 0 0 0 0 0 0 0 0 0 0 0 0 0 0 0 0 0 0 0 0 0 0 0 0 0 0 0 0 0 0 0 0 0 0 0 0 0 0 0 0 0 0 0 0 0 0 0 0 0 0 0 0 0 0 0 0 0 0 0 0 0 0 0 0 0 0 0 0 0 0 0 0 0 0 0 0 0 0 0 0 0 0 0 0 0 0 0 0 0 0 0 0 0 0 0 0 0 0 0 0 0 0 0 0 0 0 0 0 0 0 0 0 0 0 0 0 0 0 0 0 0 0 0 0 0 0 0 0 0 0 0 0 0 0 0 0 0 0 0 0 0 0 0 0 0 0 0 0 0 0 0 0 0 0 0 0 0 0 0 0 0 0 0 0 0 0 0 0 0 0 0 0 0 0 0 0 0 0 0 0 0 0 0 0 0 0 0 0 0 0
 0 0 0 0 0 0 0 0 0 0 0 0 0 0 0 0 0 0 0 0 0 0 0 0 0 0 0 0 0 0 0 0 0 0 0 0 0 0 0 0 0 0 0 0 0 0 0 0 0 0 0 0 0 0 0 0 0 0 0 0 0 0 0 0 0 0 0 0 0 0 0 0 0 0 0 0 0 0 0 0 0 0 0 0 0 0 0 0 0 0 0 0 0 0 0 0 0 0 0 0 0 0 0 0 0 0 0 0 0 0 0 0 0 0 0 0 0 0 0 0 0 0 0 0 0 0 0 0 0 0 0 0 0 0 0 0 0 0 0 0 0 0 0 0 0 0 0 0 0 0 0 0 0 0 0 0 0 0 0 0 0 0 0 0 0 0 0 0 0 0 0 0 0 0 0 0 0 0 0 0 0 0 0 0 0 0 0 0 0 0 0 0 0 0 0 0 0 0 0 0 0 0 0 0 0 0 0 0 0 0 0 0 0 0 0 0 0 0 0 0 0 0 0 0 0 0 0 0 0 0 0 0 0 0 0 0 0 0 0 0 0 0 0 0 0 0 0 0 0 0 0 0 0 0 0 0 0 0 0 0 0 0 0 0 0 0 0 0 0 0 0 0 0 0 0 0 0 0 0 0 0 0 0 0 0 0 0 0 0 0 0 0 0 0 0 0 0 0 0 0 0 0 0 0 0 0 0 0 0 0 0 0 0 0 0 0 0 0 0 0 0 0 0 0 0 0 0 0 0 0 0 0 0 0 0 0 0 0 0 0 0 0 0 0 0 0 0 0 0 0 0 0 0 0 0 0 0 0 0 0 0 0 0 0 0 0 0 0 0 0 0 0 0 0 0 0 0 0 0 0 0 0 0 0 0 0 0 0 0 0 0 0 0 0 0 0 0 0 0 0 0 0 0 0 0 0 0 0 0 0 0 0 0 0 0 0 0 0 0 0 0 0 0 0 0 0 0 0 0 0 0 0 0 0 0 0 0 0 0 0 0 0 0 0 0 0 0 0 0 0 0 0 0 0 0 0 0 0 0 0 0 0 0 0 0 0 0 0 0 0 0 0 0 0 0 0 0 0 0 0 0 0 0 0 0 0 0 0 0 0 0 0 0 0 0 0 0 0 0 0 0 0 0 0 0 0 0 0 0 0 0 0 0 0 0 0 0 0 0 0 0 0 0 0 0 0 0 0 0 0 0 0 0 0 0 0 0 0 0 0 0 0 0 0 0 0 0 0 0 0 0 0 0 0 0 0 0 0 0 0 0 0 0 0 0 0 0 0 0 0 0 0 0 0 0 0 0 0 0 0 0 0 0 0 0 0 0 0 0 0 0 0 0 0 0 0 0 0 0 0


# name: r_0_m9_G0_L0p3_D0p7
# type: matrix
# rows: 1
# columns: 14
 0 -9 0.2 0 0.3 0 -6.205005 0 0 0.0512137703161953 0 137.3333333333333 1.632993161855452 0.7




