# Created by Octave 3.8.2, Sat Jun 17 19:48:54 2017 BST <co1ssj@node117>
# name: result
# type: scalar struct
# ndims: 2
 1 1
# length: 3
# name: params
# type: scalar struct
# ndims: 2
 1 1
# length: 18
# name: cleanup
# type: scalar
0


# name: num_runs
# type: scalar
6


# name: dopamine
# type: scalar
0.7


# name: targetCross
# type: scalar
1


# name: targetLuminance
# type: scalar
0.3


# name: targetWidthX
# type: scalar
6


# name: targetWidthY
# type: scalar
2


# name: fixCross
# type: scalar
1


# name: fixLuminance
# type: scalar
0.2


# name: fixWidthX
# type: scalar
6


# name: fixWidthY
# type: scalar
2


# name: fixOn
# type: scalar
0


# name: targetOff
# type: scalar
1


# name: targetOn
# type: scalar
0.2


# name: fixOff
# type: scalar
0.2


# name: targetThetaX
# type: scalar
0


# name: targetThetaY
# type: scalar
-7


# name: exptnum
# type: scalar
0




# name: r_0_m7_G0_L0p3_D0p7_llbn
# type: matrix
# rows: 24
# columns: 600
 0 0 0 0 0 0 0 0 0 0 0 0 0 0 0 0 0 0 0 0 0 0 0 0 0 0 0 0 0 0 0 0 0 0 0 0 0 0 0 0 0 0 0 0 0 0 0 0 0 0 0 0 0 0 0 0 0 0 0 0 0 0 0 0 0 0 0 0 0 0 0 0 0 0 0 0 0 0 0 0 0 0 0 0 0 0 0 0 0 0 0 0 0 0 0 0 0 0 0 0 0 0 0 0 0 0 0 0 0 0 0 0 0 0 0 0 0 0 0 0 0 0 0 0 0 0 0 0 0 0 0 0 0 0 0 0 0 0 0 0 0 0 0 0 0 0 0 0 0 0 0 0 0 0 0 0 0 0 0 0 0 0 0 0 0 0 0 0 0 0 0 0 0 0 0 0 0 0 0 0 0 0 0 0 0 0 0 0 0 0 0 0 0 0 0 0 0 0 0 0 0 0 0 0 0 0 0 0 0 0 0 0 0 0 0 0 0 0 0 0 0 0 0 0 0 0 0 0 0 0 0 0 0 0 0 0 0 0 0 0 0 0 0 0 0 0 0 0 0 0 0 0 0 0 0 0 0 0 0 0 0 0 0 0 0 0 0 0 0 0 0 0 0 0 0 0 0 0 0 0 0 0 0 0 0 0 0 0 0 0 0 0 0 0 0 0 0 0 0 0 0 0 0 0 0 0 0 0 0 0 0 0 0 0 0 0 0 0 0 0 0 0 0 0 0 0 0 0 0 0 0 0 0 0 0 0 0 0 0 0 0 0 0 0 0 0 0 0 0 0 0 0 0 0 0 0 0 0 0 0 0 0 0 0 0 0 0 0 0 0 0 0 0 0 0 0 0 0 0 0 0 0 0 0 0 0 0 0 0 0 0 0 0 0 0 0 0 0 0 0 0 0 0 0 0 0 0 0 0 0 0 0 0 0 0 0 0 0 0 0 0 0 0 0 0 0 0 0 0 0 0 0 0 0 0 0 0 0 0 0 0 0 0 0 0 0 0 0 0 0 0 0 0 0 0 0 0 0 0 0 0 0 0 0 0 0 0 0 0 0 0 0 0 0 0 0 0 0 0 0 0 0 0 0 0 0 0 0 0 0 0 0 0 0 0 0 0 0 0 0 0 0 0 0 0 0 0 0 0 0 0 0 0 0 0 0 0 0 0 0 0 0 0 0 0 0 0 0 0 0 0 0 0 0 0 0 0 0 0 0 0 0 0 0 0 0 0 0 0 0 0 0 0 0 0 0 0 0 0 0 0 0 0 0 0 0 0 0 0 0 0 0 0 0 0 0 0 0 0 0 0 0 0 0 0 0 0 0 0 0 0 0 0 0 0 0 0 0 0 0
 0 0 0 0 0 0 0 0 0 0 0 0 0 0 0 0 0 0 0 0 0 0 0 0 0 0 0 0 0 0 0 0 0 0 0 0 0 0 0 0 0 0 0 0 0 0 0 0 0 0 0 0 0 0 0 0 0 0 0 0 0 0 0 0 0 0 0 0 0 0 0 0 0 0 0 0 0 0 0 0 0 0 0 0 0 0 0 0 0 0 0 0 0 0 0 0 0 0 0 0 0 0 0 0 0 0 0 0 0 0 0 0 0 0 0 0 0 0 0 0 0 0 0 0 0 0 0 0 0 0 0 0 0 0 0 0 0 0 0 0 0 0 0 0 0 0 0 0 0 0 0 0 0 0 0 0 0 0 0 0 0 0 0 0 0 0 0 0 0 0 0 0 0 0 0 0 0 0 0 0 0 0 0 0 0 0 0 0 0 0 0 0 0 0 0 0 0 0 0 0 0 0 0 0 0 0 0 0 0 0 0 0 0 0 0 0 0 0 0 0 0 0 0 0 0 0 0 0 0 0 0 0 0 0 0 0 0 0 0 0 0 0 0 0 0 0 0 0 0 0 0 0 0 0 0 0 0 0 0 0 0 0 0 0 0 0 0 0 0 0 0 0 0 0 0 0 0 0 0 0 0 0 0 0 0 0 0 0 0 0 0 0 0 0 0 0 0 0 0 0 0 0 0 0 0 0 0 2.394136572547723e-05 0.0004901984939351678 0.001365953357890248 0.002608828712254763 0.004256159998476505 0.006308395881205797 0.008725867606699467 0.011426055803895 0.01434436161071062 0.0174917820841074 0.02088455483317375 0.0245390497148037 0.02841863594949245 0.03252989798784256 0.03686826676130295 0.04137177392840385 0.04601214081048965 0.05076661705970764 0.05564215034246445 0.06066968664526939 0.06582317501306534 0.07108607888221741 0.07641603797674179 0.08181779831647873 0.08730571717023849 0.09288249164819717 0.09858132898807526 0.1043877080082893 0.1102643609046936 0.1161749809980392 0.1221080645918846 0.1280688643455505 0.134063184261322 0.1392146348953247 0.1422364860773087 0.1422767341136932 0.1388285905122757 0.1318871676921844 0.1252928078174591 0.11902816593647 0.1130767613649368 0.1074229255318642 0.1020517796278 0.09694918990135193 0.09210173040628433 0.08749664574861526 0.08312181383371353 0.07896572351455688 0.07501743733882904 0.07126656174659729 0.06770323216915131 0.06431806832551956 0.06110216677188873 0.05804705992341042 0.05514470860362053 0.05238747224211693 0.04976809769868851 0.04727969318628311 0.04491570964455605 0.04266992583870888 0.04053642973303795 0.03850960731506348 0.03658412769436836 0.0347549207508564 0.03301717340946198 0.03136631473898888 0.02979799918830395 0.02830809913575649 0.02689269371330738 0.0255480594933033 0.02427065744996071 0.02305712550878525 0.02190426923334599 0.02080905623733997 0.0197686031460762 0.01878017373383045 0.01784116588532925 0.01694910787045956 0.01610165275633335 0.01529657002538443 0.01453174185007811 0.01380515471100807 0.01311489660292864 0.01245915144681931 0.01183619350194931 0.01124438364058733 0.01068216469138861 0.01014805678278208 0.009640653617680073 0.009158620610833168 0.008700689300894737 0.008265654556453228 0.007852371782064438 0.007459753192961216 0.007086765486747026 0.006732427049428225 0.00639580562710762 0.006076015532016754 0.005772214848548174 0.005483604036271572 0.00520942360162735 0.004948952235281467 0.004701504483819008 0.004466429352760315 0.004243107978254557 0.004030952695757151 0.003829405177384615 0.003637935034930706 0.003456038190051913 0.003283236175775528 0.003119074273854494 0.002963120583444834 0.002814964624121785 0.002674216404557228 0.002540505491197109 0.002413480309769511 0.002292806282639503 0.002178166061639786 0.002069257665425539 0.001965794712305069 0.001867505023255944 0.001774129807017744 0.00168542331084609 0.001601152122020721 0.001521094469353557 0.001445039757527411 0.001372787752188742 0.001304148347117007 0.001238940982148051 0.001176993944682181 0.001118144253268838 0.001062237075529993 0.001009125262498856 0.0009586689993739128 0.0009107355726882815 0.0008651987882331014 0.0008219388546422124 0.0007808419177308679 0.0007417998276650906 0.0007047098479233682 0.0006694743642583489 0.0006360006518661976 0.0006042006425559521 0.0005739906337112188 0.0005452911136671901 0.0005180265288800001 0.0004921252257190645 0.0004675189557019621 0.0004441430210135877 0.0004219358670525253 0.0004008390824310482 0.0003807971370406449 0.0003617572947405279 0.0003436694387346506 0.0003264859551563859 0.0003101616457570344 0.000294653553282842 0.0002799208741635084 0.0002659248420968652 0.0002526286116335541 0.000239997185417451 0.0002279973268741742 0.0002165974583476782 0.0002057675883406773 0.0001954792096512392 0.0001857052557170391 0.0001764199987519532 0.0001675990060903132 0.0001592190528754145 0.0001512581075076014 0.0001436952006770298 0.0001365104399155825 0.000129684922285378 0.0001232006761711091 0.0001170406394521706 0.0001111886085709557 0.0001056291803251952 0.000100347722764127 9.533033880870789e-05 9.056382259586826e-05 8.60356303746812e-05 8.173385140253231e-05 7.764715701341629e-05 7.3764800617937e-05 7.007655949564651e-05 6.657273479504511e-05 6.324410060187802e-05 6.008189666317776e-05 5.707780292141251e-05 5.422391404863447e-05 5.151271761860698e-05 4.893708319286816e-05 4.649022957892157e-05 4.416571755427867e-05 4.195743167656474e-05 3.985955845564604e-05 3.786657907767221e-05 3.597325121518224e-05 3.417458719923161e-05 3.246585765737109e-05 3.084256604779512e-05 2.930043774540536e-05 2.783541640383191e-05 2.644364576553926e-05 2.512146420485806e-05 2.386539017606992e-05 2.267212039441802e-05 2.153851528419182e-05 2.046158988378011e-05 1.943851020769216e-05 1.846658415161073e-05 1.754325421643443e-05 1.666609205130953e-05 1.583278753969353e-05 1.504114788986044e-05 1.428909035894321e-05 1.357463588647079e-05 1.28959036373999e-05 1.225110827363096e-05 1.163855267805047e-05 1.105662522604689e-05 1.050379432854243e-05 9.978604794014245e-06 9.479674190515652e-06 9.005690117191989e-06 8.555405656807125e-06 8.127635737764649e-06 7.721253496129066e-06 7.335190730373142e-06 6.968431080167647e-06 6.620009571634e-06 6.289008979365462e-06 5.974558462185087e-06 5.67583037991426e-06 5.392038929130649e-06 5.122436959936749e-06 4.866315066465177e-06 4.622999313141918e-06 4.391849415696925e-06 4.172256922174711e-06 3.963644303439651e-06 3.765461997318198e-06 3.577188863346237e-06 3.398329454284976e-06 3.228412879252573e-06 3.066992121603107e-06 2.913642447310849e-06 2.767960268101888e-06 2.629562231959426e-06 2.498084086255403e-06 2.373179995629471e-06 2.254520950373262e-06 2.141794993804069e-06 2.034705175901763e-06 1.932970008056145e-06 1.836321530390705e-06 1.744505425449461e-06 1.657280108702253e-06 1.574416046423721e-06 1.495695187259116e-06 1.420910393790109e-06 1.349864874100604e-06 1.282371613342548e-06 1.21825303267542e-06 1.157340420832043e-06 1.099473365684389e-06 1.044499640556751e-06 9.922746357915457e-07 9.426609040019684e-07 8.955278758548957e-07 8.507514621669543e-07 8.082138833742647e-07 7.678032147850899e-07 7.294130455193226e-07 6.929424216650659e-07 6.582952778444451e-07 6.253804940570262e-07 5.941114977758843e-07 5.644059228870901e-07 5.3618560968971e-07 5.093763206787116e-07 4.839075131712889e-07 4.597121403548954e-07 4.36726537600407e-07 4.148902235101559e-07 3.941457009659644e-07 3.744384287074354e-07 3.557165086931491e-07 3.379306861006626e-07 3.21034150374544e-07 3.049824499612441e-07 2.8973332177884e-07 2.752466627953254e-07
 0 0 0 0 0 0 0 0 0 0 0 0 0 0 0 0 0 0 0 0 0 0 0 0 0 0 0 0 0 0 0 0 0 0 0 0 0 0 0 0 0 0 0 0 0 0 0 0 0 0 0 0 0 0 0 0 0 0 0 0 0 0 0 0 0 0 0 0 0 0 0 0 0 0 0 0 0 0 0 0 0 0 0 0 0 0 0 0 0 0 0 0 0 0 0 0 0 0 0 0 0 0 0 0 0 0 0 0 0 0 0 0 0 0 0 0 0 0 0 0 0 0 0 0 0 0 0 0 0 0 0 0 0 0 0 0 0 0 0 0 0 0 0 0 0 0 0 0 0 0 0 0 0 0 0 0 0 0 0 0 0 0 0 0 0 0 0 0 0 0 0 0 0 0 0 0 0 0 0 0 0 0 0 0 0 0 0 0 0 0 0 0 0 0 0 0 0 0 0 0 0 0 0 0 0 0 0 0 0 0 0 0 0 0 0 0 0 0 0 0 0 0 0 0 0 0 0 0 0 0 0 0 0 0 0 0 0 0 0 0 0 0 0 0 0 0 0 0 0 0 0 0 0 0 0 0 0 0 0 0 0 0 0 0 0 0 0 0 0 0 0 0 0 0 0 0 0 0 0 0 0 0 0 0 0 0 0 0 0 0 0 0 0 0 0 0 0 0 0 0 0 0 0 0 0 0 0 0 0 0 0 0 0 0 0 0 0 0 0 0 0 0 0 0 0 0 0 0 0 0 0 0 0 0 0 0 0 0 0 0 0 0 0 0 0 0 0 0 0 0 0 0 0 0 0 0 0 0 0 0 0 0 0 0 0 0 0 0 0 0 0 0 0 0 0 0 0 0 0 0 0 0 0 0 0 0 0 0 0 0 0 0 0 0 0 0 0 0 0 0 0 0 0 0 0 0 0 0 0 0 0 0 0 0 0 0 0 0 0 0 0 0 0 0 0 0 0 0 0 0 0 0 0 0 0 0 0 0 0 0 0 0 0 0 0 0 0 0 0 0 0 0 0 0 0 0 0 0 0 0 0 0 0 0 0 0 0 0 0 0 0 0 0 0 0 0 0 0 0 0 0 0 0 0 0 0 0 0 0 0 0 0 0 0 0 0 0 0 0 0 0 0 0 0 0 0 0 0 0 0 0 0 0 0 0 0 0 0 0 0 0 0 0 0 0 0 0 0 0 0 0 0 0 0 0 0 0 0 0 0 0 0 0 0 0 0 0 0 0 0 0 0 0 0 0 0 0 0 0 0 0 0 0 0 0 0 0 0 0 0 0 0 0 0 0 0 0 0 0 0 0 0 0 0 0 0 0 0 0 0 0 0 0 0 0 0 0 0 0 0
 0 0 0 0 0 0 0 0 0 0 0 0 0 0 0 0 0 0 0 0 0 0 0 0 0 0 0 0 0 0 0 0 0 0 0 0 0 0 0 0 0 0 0 0 0 0 0 0 0 0 0 0 0 0 0 0 0 0 0 0 0 0 0 0 0 0 0 0 0 0 0 0 0 0 0 0 0 0 0 0 0 0 0 0 0 0 0 0 0 0 0 0 0 0 0 0 0 0 0 0 0 0 0 0 0 0 0 0 0 0 0 0 0 0 0 0 0 0 0 0 0 0 0 0 0 0 0 0 0 0 0 0 0 0 0 0 0 0 0 0 0 0 0 0 0 0 0 0 0 0 0 0 0 0 0 0 0 0 0 0 0 0 0 0 0 0 0 0 0 0 0 0 0 0 0 0 0 0 0 0 0 0 0 0 0 0 0 0 0 0 0 0 0 0 0 0 0 0 0 0 0 0 0 0 0 0 0 0 0 0 0 0 0 0 0 0 0 0 0 0 0 0 0 0 0 0 0 0 0 0 0 0 0 0 0 0 0 0 0 0 0 0 0 0 0 0 0 0 0 0 0 0 0 0 0 0 0 0 0 0 0 0 0 0 0 0 0 0 0 0 0 0 0 0 0 0 0 0 0 0 0 0 0 0 0 0 0 0 0 0 0 0 0 0 0 0 0 0 0 0 0 0 0 0 0 0 0 0 0 0 0 0 0 0 0 0 0 0 0 0 0 0 0 0 0 0 0 0 0 0 0 0 0 0 0 0 0 0 0 0 0 0 0 0 0 0 0 0 0 0 0 0 0 0 0 0 0 0 0 0 0 0 0 0 0 0 0 0 0 0 0 0 0 0 0 0 0 0 0 0 0 0 0 0 0 0 0 0 0 0 0 0 0 0 0 0 0 0 0 0 0 0 0 0 0 0 0 0 0 0 0 0 0 0 0 0 0 0 0 0 0 0 0 0 0 0 0 0 0 0 0 0 0 0 0 0 0 0 0 0 0 0 0 0 0 0 0 0 0 0 0 0 0 0 0 0 0 0 0 0 0 0 0 0 0 0 0 0 0 0 0 0 0 0 0 0 0 0 0 0 0 0 0 0 0 0 0 0 0 0 0 0 0 0 0 0 0 0 0 0 0 0 0 0 0 0 0 0 0 0 0 0 0 0 0 0 0 0 0 0 0 0 0 0 0 0 0 0 0 0 0 0 0 0 0 0 0 0 0 0 0 0 0 0 0 0 0 0 0 0 0 0 0 0 0 0 0 0 0 0 0 0 0 0 0 0 0 0 0 0 0 0 0 0 0 0 0 0 0 0 0 0 0 0 0 0 0 0 0 0 0 0 0 0 0 0 0 0 0 0
 0 0 0 0 0 0 0 0 0 0 0 0 0 0 0 0 0 0 0 0 0 0 0 0 0 0 0 0 0 0 0 0 0 0 0 0 0 0 0 0 0 0 0 0 0 0 0 0 0 0 0 0 0 0 0 0 0 0 0 0 0 0 0 0 0 0 0 0 0 0 0 0 0 0 0 0 0 0 0 0 0 0 0 0 0 0 0 0 0 0 0 0 0 0 0 0 0 0 0 0 0 0 0 0 0 0 0 0 0 0 0 0 0 0 0 0 0 0 0 0 0 0 0 0 0 0 0 0 0 0 0 0 0 0 0 0 0 0 0 0 0 0 0 0 0 0 0 0 0 0 0 0 0 0 0 0 0 0 0 0 0 0 0 0 0 0 0 0 0 0 0 0 0 0 0 0 0 0 0 0 0 0 0 0 0 0 0 0 0 0 0 0 0 0 0 0 0 0 0 0 0 0 0 0 0 0 0 0 0 0 0 0 0 0 0 0 0 0 0 0 0 0 0 0 0 0 0 0 0 0 0 0 0 0 0 0 0 0 0 0 0 0 0 0 0 0 0 0 0 0 0 0 0 0 0 0 0 0 0 0 0 0 0 0 0 0 0 0 0 0 0 0 0 0 0 0 0 0 0 0 0 0 0 0 0 0 0 0 0 0 0 0 0 0 0 0 0 0 0 0 0 0 0 0 0 0 0 0 0 0 0 0 0 0 0 0 0 0 0 0 0 0 0 0 0 0 0 0 0 0 0 0 0 0 0 0 0 0 0 0 0 0 0 0 0 0 0 0 0 0 0 0 0 0 0 0 0 0 0 0 0 0 0 0 0 0 0 0 0 0 0 0 0 0 0 0 0 0 0 0 0 0 0 0 0 0 0 0 0 0 0 0 0 0 0 0 0 0 0 0 0 0 0 0 0 0 0 0 0 0 0 0 0 0 0 0 0 0 0 0 0 0 0 0 0 0 0 0 0 0 0 0 0 0 0 0 0 0 0 0 0 0 0 0 0 0 0 0 0 0 0 0 0 0 0 0 0 0 0 0 0 0 0 0 0 0 0 0 0 0 0 0 0 0 0 0 0 0 0 0 0 0 0 0 0 0 0 0 0 0 0 0 0 0 0 0 0 0 0 0 0 0 0 0 0 0 0 0 0 0 0 0 0 0 0 0 0 0 0 0 0 0 0 0 0 0 0 0 0 0 0 0 0 0 0 0 0 0 0 0 0 0 0 0 0 0 0 0 0 0 0 0 0 0 0 0 0 0 0 0 0 0 0 0 0 0 0 0 0 0 0 0 0 0 0 0 0 0 0 0 0 0 0 0 0 0 0 0 0 0 0 0 0 0 0 0 0 0 0 0
 0 0 0 0 0 0 0 0 0 0 0 0 0 0 0 0 0 0 0 0 0 0 0 0 0 0 0 0 0 0 0 0 0 0 0 0 0 0 0 0 0 0 0 0 0 0 0 0 0 0 0 0 0 0 0 0 0 0 0 0 0 0 0 0 0 0 0 0 0 0 0 0 0 0 0 0 0 0 0 0 0 0 0 0 0 0 0 0 0 0 0 0 0 0 0 0 0 0 0 0 0 0 0 0 0 0 0 0 0 0 0 0 0 0 0 0 0 0 0 0 0 0 0 0 0 0 0 0 0 0 0 0 0 0 0 0 0 0 0 0 0 0 0 0 0 0 0 0 0 0 0 0 0 0 0 0 0 0 0 0 0 0 0 0 0 0 0 0 0 0 0 0 0 0 0 0 0 0 0 0 0 0 0 0 0 0 0 0 0 0 0 0 0 0 0 0 0 0 0 0 0 0 0 0 0 0 0 0 0 0 0 0 0 0 0 0 0 0 0 0 0 0 0 0 0 0 0 0 0 0 0 0 0 0 0 0 0 0 0 0 0 0 0 0 0 0 0 0 0 0 0 0 0 0 0 0 0 0 0 0 0 0 0 0 0 0 0 0 0 0 0 0 0 0 0 0 0 0 0 0 0 0 0 0 0 0 0 0 0 0 0 0 0 0 0 0 0 0 0 0 0 0 0 0 0 0 0 0.0002758302434813231 0.000954632880166173 0.002035860903561115 0.003522687125951052 0.00545005826279521 0.007786300033330917 0.01046404801309109 0.01338922418653965 0.01655999198555946 0.01999174989759922 0.02368460595607758 0.02766605466604233 0.0319313108921051 0.03642822429537773 0.04111305996775627 0.04593858122825623 0.05091365054249763 0.05605979263782501 0.06135186925530434 0.06679348647594452 0.07233397662639618 0.07797661423683167 0.08372537791728973 0.08964235335588455 0.09568591415882111 0.1018308401107788 0.1080505698919296 0.1143215373158455 0.1206167563796043 0.1269324272871017 0.1332928687334061 0.139687180519104 0.1451947391033173 0.1484992504119873 0.1487604379653931 0.1454374939203262 0.138192281126976 0.1312826722860336 0.12471853941679 0.1184826120734215 0.1125584840774536 0.1069305613636971 0.1015840321779251 0.09650482982397079 0.09167958796024323 0.08709561079740524 0.08274082839488983 0.07860378921031952 0.0746736004948616 0.07093992084264755 0.06739292293787003 0.06402327865362167 0.06082211434841156 0.05778100714087486 0.05489195510745049 0.05214735865592957 0.04953999072313309 0.04706299304962158 0.04470984265208244 0.04247435182332993 0.04035063460469246 0.03833310306072235 0.03641644865274429 0.03459562733769417 0.03286584466695786 0.03122255206108093 0.02966142445802689 0.02817835286259651 0.02676943503320217 0.02543096244335175 0.02415941469371319 0.02295144461095333 0.02180387265980244 0.0207136794924736 0.01967799477279186 0.01869409531354904 0.01775939017534256 0.01687142066657543 0.01602784916758537 0.01522645633667707 0.01446513365954161 0.0137418769299984 0.01305478345602751 0.01240204460918903 0.01178194209933281 0.01119284518063068 0.01063320320099592 0.01010154280811548 0.009596466086804867 0.009116643108427525 0.008660810999572277 0.00822777021676302 0.007816381752490997 0.007425562478601933 0.00705428421497345 0.006701570004224777 0.006366491317749023 0.006048166658729315 0.005745758302509785 0.005458470433950424 0.005185546819120646 0.00492626940831542 0.004679956007748842 0.004445958416908979 0.004223660565912724 0.004012477584183216 0.003811853704974055 0.003621261101216078 0.00344019802287221 0.003268188098445535 0.00310477870516479 0.002949539804831147 0.002802062779664993 0.002661959733814001 0.002528861630707979 0.002402418525889516 0.00228229770436883 0.002168182749301195 0.002059773541986942 0.001956784864887595 0.001858945586718619 0.001765998313203454 0.001677698455750942 0.001593813532963395 0.001514122821390629 0.001438416657038033 0.001366495853289962 0.001298171002417803 0.001233262475579977 0.001171599375084043 0.001113019417971373 0.001057368470355868 0.001004500081762671 0.0009542750776745379 0.000906561326701194 0.0008612332749180496 0.0008181715966202319 0.0007772630196996033 0.000738399859983474 0.000701479846611619 0.0006664058309979737 0.0006330855539999902 0.000601431296672672 0.000571359705645591 0.0005427917349152267 0.000515652121976018 0.0004898695042356849 0.0004653760406654328 0.0004421072371769696 0.0004200018884148449 0.000399001786718145 0.0003790516930166632 0.0003600991040002555 0.000342094135703519 0.0003249894361943007 0.0003087399527430534 0.0002933029609266669 0.0002786378026939929 0.0002647059154696763 0.0002514706284273416 0.0002388971042819321 0.0002269522519782186 0.0002156046393793076 0.0002048244059551507 0.0001945831900229678 0.0001848540268838406 0.0001756113197188824 0.0001668307522777468 0.000158489216119051 0.0001505647524027154 0.0001430365082342178 0.0001358846784569323 0.0001290904474444687 0.0001226359308930114 0.0001165041321655735 0.0001106789277400821 0.0001051449798978865 9.988772944780067e-05 9.489334479440004e-05 9.01486782822758e-05 8.564124436816201e-05 8.135918324114755e-05 7.729122444288805e-05 7.342666503973305e-05 6.975533324293792e-05 6.626756658079103e-05 6.295419007074088e-05 5.980647983960807e-05 5.681615584762767e-05 5.397534914663993e-05 5.127658005221747e-05 4.871275086770765e-05 4.627711314242333e-05 4.39632567577064e-05 4.176509537501261e-05 3.967684097005986e-05 3.769300019484945e-05 3.580834891181439e-05 3.401793219381943e-05 3.231703522033058e-05 3.070118327741511e-05 2.916612356784754e-05 2.770781793515198e-05 2.632242649269756e-05 2.500630580470897e-05 2.375599069637246e-05 2.256819061585702e-05 2.143978053936735e-05 2.036779187619686e-05 1.934940155479126e-05 1.838193202274852e-05 1.746283487591427e-05 1.65896926773712e-05 1.576020804350264e-05 1.497219727752963e-05 1.422358764102682e-05 1.351240825897548e-05 1.283678830077406e-05 1.219494879478589e-05 1.158520171884447e-05 1.100594181480119e-05 1.045564476953587e-05 9.932862667483278e-06 9.436219443159644e-06 8.964408152678516e-06 8.516187335771974e-06 8.090378287306521e-06 7.68585960031487e-06 7.301566711248597e-06 6.93648826199933e-06 6.589663826161996e-06 6.260180725803366e-06 5.9471717577253e-06 5.649813374475343e-06 5.367322501115268e-06 5.098956535221078e-06 4.844008799409494e-06 4.601808541337959e-06 4.371718205220532e-06 4.15313206758583e-06 3.945475327782333e-06 3.748201606867951e-06 3.560791583367973e-06 3.38275208378036e-06 3.213614490960026e-06 3.052933834624127e-06 2.90028719973634e-06 2.755272817012155e-06 2.61750915342418e-06 2.486633775333758e-06 2.362301984248916e-06 2.244186816824367e-06 2.131977453245781e-06 2.025378535108757e-06 1.924109710671473e-06 1.827904270612635e-06 1.736509034344635e-06 1.649683554205694e-06 1.567199433338828e-06 1.488839416197152e-06 1.414397502230713e-06 1.343677581644442e-06 1.276493662771827e-06 1.21266896258021e-06 1.152035565610277e-06 1.094433741855028e-06 1.039712060446618e-06 9.877264801616548e-07 9.383401788909396e-07 8.914231557355379e-07 8.468520036331029e-07 8.045093977671058e-07 7.642839250365796e-07 7.260697429956053e-07 6.897662387927994e-07 6.552779154844757e-07 6.225139941307134e-07 5.913883001085196e-07 5.61818865207897e-07 5.337279276318441e-07 5.070415340924228e-07 4.816894829673402e-07 4.576050116611441e-07 4.347247681835142e-07 4.129885269321676e-07 3.923391034277302e-07 3.72722155361771e-07 3.540860404882551e-07 3.36381731358415e-07 3.195626447904942e-07 3.035844997612003e-07 2.884052605622855e-07 2.739849946920003e-07
 0 0 0 0 0 0 0 0 0 0 0 0 0 0 0 0 0 0 0 0 0 0 0 0 0 0 0 0 0 0 0 0 0 0 0 0 0 0 0 0 0 0 0 0 0 0 0 0 0 0 0 0 0 0 0 0 0 0 0 0 0 0 0 0 0 0 0 0 0 0 0 0 0 0 0 0 0 0 0 0 0 0 0 0 0 0 0 0 0 0 0 0 0 0 0 0 0 0 0 0 0 0 0 0 0 0 0 0 0 0 0 0 0 0 0 0 0 0 0 0 0 0 0 0 0 0 0 0 0 0 0 0 0 0 0 0 0 0 0 0 0 0 0 0 0 0 0 0 0 0 0 0 0 0 0 0 0 0 0 0 0 0 0 0 0 0 0 0 0 0 0 0 0 0 0 0 0 0 0 0 0 0 0 0 0 0 0 0 0 0 0 0 0 0 0 0 0 0 0 0 0 0 0 0 0 0 0 0 0 0 0 0 0 0 0 0 0 0 0 0 0 0 0 0 0 0 0 0 0 0 0 0 0 0 0 0 0 0 0 0 0 0 0 0 0 0 0 0 0 0 0 0 0 0 0 0 0 0 0 0 0 0 0 0 0 0 0 0 0 0 0 0 0 0 0 0 0 0 0 0 0 0 0 0 0 0 0 0 0 0 0 0 0 0 0 0 0 0 0 0 0 0 0 0 0 0 0 0 0 0 0 0 0 0 0 0 0 0 0 0 0 0 0 0 0 0 0 0 0 0 0 0 0 0 0 0 0 0 0 0 0 0 0 0 0 0 0 0 0 0 0 0 0 0 0 0 0 0 0 0 0 0 0 0 0 0 0 0 0 0 0 0 0 0 0 0 0 0 0 0 0 0 0 0 0 0 0 0 0 0 0 0 0 0 0 0 0 0 0 0 0 0 0 0 0 0 0 0 0 0 0 0 0 0 0 0 0 0 0 0 0 0 0 0 0 0 0 0 0 0 0 0 0 0 0 0 0 0 0 0 0 0 0 0 0 0 0 0 0 0 0 0 0 0 0 0 0 0 0 0 0 0 0 0 0 0 0 0 0 0 0 0 0 0 0 0 0 0 0 0 0 0 0 0 0 0 0 0 0 0 0 0 0 0 0 0 0 0 0 0 0 0 0 0 0 0 0 0 0 0 0 0 0 0 0 0 0 0 0 0 0 0 0 0 0 0 0 0 0 0 0 0 0 0 0 0 0 0 0 0 0 0 0 0 0 0 0 0 0 0 0 0 0 0 0 0 0 0 0 0 0 0 0 0 0 0 0 0 0 0 0 0 0 0 0 0 0 0 0 0 0 0 0 0 0 0 0 0 0 0 0 0 0 0 0 0 0 0 0 0
 0 0 0 0 0 0 0 0 0 0 0 0 0 0 0 0 0 0 0 0 0 0 0 0 0 0 0 0 0 0 0 0 0 0 0 0 0 0 0 0 0 0 0 0 0 0 0 0 0 0 0 0 0 0 0 0 0 0 0 0 0 0 0 0 0 0 0 0 0 0 0 0 0 0 0 0 0 0 0 0 0 0 0 0 0 0 0 0 0 0 0 0 0 0 0 0 0 0 0 0 0 0 0 0 0 0 0 0 0 0 0 0 0 0 0 0 0 0 0 0 0 0 0 0 0 0 0 0 0 0 0 0 0 0 0 0 0 0 0 0 0 0 0 0 0 0 0 0 0 0 0 0 0 0 0 0 0 0 0 0 0 0 0 0 0 0 0 0 0 0 0 0 0 0 0 0 0 0 0 0 0 0 0 0 0 0 0 0 0 0 0 0 0 0 0 0 0 0 0 0 0 0 0 0 0 0 0 0 0 0 0 0 0 0 0 0 0 0 0 0 0 0 0 0 0 0 0 0 0 0 0 0 0 0 0 0 0 0 0 0 0 0 0 0 0 0 0 0 0 0 0 0 0 0 0 0 0 0 0 0 0 0 0 0 0 0 0 0 0 0 0 0 0 0 0 0 0 0 0 0 0 0 0 0 0 0 0 0 0 0 0 0 0 0 0 0 0 0 0 0 0 0 0 0 0 0 0 0 0 0 0 0 0 0 0 0 0 0 0 0 0 0 0 0 0 0 0 0 0 0 0 0 0 0 0 0 0 0 0 0 0 0 0 0 0 0 0 0 0 0 0 0 0 0 0 0 0 0 0 0 0 0 0 0 0 0 0 0 0 0 0 0 0 0 0 0 0 0 0 0 0 0 0 0 0 0 0 0 0 0 0 0 0 0 0 0 0 0 0 0 0 0 0 0 0 0 0 0 0 0 0 0 0 0 0 0 0 0 0 0 0 0 0 0 0 0 0 0 0 0 0 0 0 0 0 0 0 0 0 0 0 0 0 0 0 0 0 0 0 0 0 0 0 0 0 0 0 0 0 0 0 0 0 0 0 0 0 0 0 0 0 0 0 0 0 0 0 0 0 0 0 0 0 0 0 0 0 0 0 0 0 0 0 0 0 0 0 0 0 0 0 0 0 0 0 0 0 0 0 0 0 0 0 0 0 0 0 0 0 0 0 0 0 0 0 0 0 0 0 0 0 0 0 0 0 0 0 0 0 0 0 0 0 0 0 0 0 0 0 0 0 0 0 0 0 0 0 0 0 0 0 0 0 0 0 0 0 0 0 0 0 0 0 0 0 0 0 0 0 0 0 0 0 0 0 0 0 0 0 0 0 0 0 0 0 0 0 0 0 0
 0 0 0 0 0 0 0 0 0 0 0 0 0 0 0 0 0 0 0 0 0 0 0 0 0 0 0 0 0 0 0 0 0 0 0 0 0 0 0 0 0 0 0 0 0 0 0 0 0 0 0 0 0 0 0 0 0 0 0 0 0 0 0 0 0 0 0 0 0 0 0 0 0 0 0 0 0 0 0 0 0 0 0 0 0 0 0 0 0 0 0 0 0 0 0 0 0 0 0 0 0 0 0 0 0 0 0 0 0 0 0 0 0 0 0 0 0 0 0 0 0 0 0 0 0 0 0 0 0 0 0 0 0 0 0 0 0 0 0 0 0 0 0 0 0 0 0 0 0 0 0 0 0 0 0 0 0 0 0 0 0 0 0 0 0 0 0 0 0 0 0 0 0 0 0 0 0 0 0 0 0 0 0 0 0 0 0 0 0 0 0 0 0 0 0 0 0 0 0 0 0 0 0 0 0 0 0 0 0 0 0 0 0 0 0 0 0 0 0 0 0 0 0 0 0 0 0 0 0 0 0 0 0 0 0 0 0 0 0 0 0 0 0 0 0 0 0 0 0 0 0 0 0 0 0 0 0 0 0 0 0 0 0 0 0 0 0 0 0 0 0 0 0 0 0 0 0 0 0 0 0 0 0 0 0 0 0 0 0 0 0 0 0 0 0 0 0 0 0 0 0 0 0 0 0 0 0 0 0 0 0 0 0 0 0 0 0 0 0 0 0 0 0 0 0 0 0 0 0 0 0 0 0 0 0 0 0 0 0 0 0 0 0 0 0 0 0 0 0 0 0 0 0 0 0 0 0 0 0 0 0 0 0 0 0 0 0 0 0 0 0 0 0 0 0 0 0 0 0 0 0 0 0 0 0 0 0 0 0 0 0 0 0 0 0 0 0 0 0 0 0 0 0 0 0 0 0 0 0 0 0 0 0 0 0 0 0 0 0 0 0 0 0 0 0 0 0 0 0 0 0 0 0 0 0 0 0 0 0 0 0 0 0 0 0 0 0 0 0 0 0 0 0 0 0 0 0 0 0 0 0 0 0 0 0 0 0 0 0 0 0 0 0 0 0 0 0 0 0 0 0 0 0 0 0 0 0 0 0 0 0 0 0 0 0 0 0 0 0 0 0 0 0 0 0 0 0 0 0 0 0 0 0 0 0 0 0 0 0 0 0 0 0 0 0 0 0 0 0 0 0 0 0 0 0 0 0 0 0 0 0 0 0 0 0 0 0 0 0 0 0 0 0 0 0 0 0 0 0 0 0 0 0 0 0 0 0 0 0 0 0 0 0 0 0 0 0 0 0 0 0 0 0 0 0 0 0 0 0 0 0 0 0 0 0 0 0 0 0 0
 0 0 0 0 0 0 0 0 0 0 0 0 0 0 0 0 0 0 0 0 0 0 0 0 0 0 0 0 0 0 0 0 0 0 0 0 0 0 0 0 0 0 0 0 0 0 0 0 0 0 0 0 0 0 0 0 0 0 0 0 0 0 0 0 0 0 0 0 0 0 0 0 0 0 0 0 0 0 0 0 0 0 0 0 0 0 0 0 0 0 0 0 0 0 0 0 0 0 0 0 0 0 0 0 0 0 0 0 0 0 0 0 0 0 0 0 0 0 0 0 0 0 0 0 0 0 0 0 0 0 0 0 0 0 0 0 0 0 0 0 0 0 0 0 0 0 0 0 0 0 0 0 0 0 0 0 0 0 0 0 0 0 0 0 0 0 0 0 0 0 0 0 0 0 0 0 0 0 0 0 0 0 0 0 0 0 0 0 0 0 0 0 0 0 0 0 0 0 0 0 0 0 0 0 0 0 0 0 0 0 0 0 0 0 0 0 0 0 0 0 0 0 0 0 0 0 0 0 0 0 0 0 0 0 0 0 0 0 0 0 0 0 0 0 0 0 0 0 0 0 0 0 0 0 0 0 0 0 0 0 0 0 0 0 0 0 0 0 0 0 0 0 0 0 0 0 0 0 0 0 0 0 0 0 0 0 0 0 0 0 0 0 0 0 0 0 0 0 0 0 0 0 0 0 0 0 0.0004078978963661939 0.001241746707819402 0.002479270566254854 0.004125225823372602 0.006187055259943008 0.008609986864030361 0.01135033927857876 0.01433113589882851 0.01754671335220337 0.02100763842463493 0.02470936998724937 0.02869679406285286 0.03295366838574409 0.03742120414972305 0.04205954447388649 0.04682133346796036 0.05172967165708542 0.05680413916707039 0.06201688200235367 0.06735580414533615 0.07277549803256989 0.07827439159154892 0.08386681973934174 0.08959176391363144 0.0954703688621521 0.1014691591262817 0.1075368300080299 0.1136365160346031 0.1197778061032295 0.1259767711162567 0.1322130262851715 0.1384547650814056 0.143562525510788 0.1463273167610168 0.1459760963916779 0.1420310139656067 0.1349294632673264 0.1281829923391342 0.1217738389968872 0.1156851500272751 0.1099008917808533 0.1044058501720428 0.09918555617332458 0.09422627836465836 0.08951496332883835 0.08503921329975128 0.08078725636005402 0.07674789428710938 0.07291050255298615 0.0692649781703949 0.06580173224210739 0.06251164525747299 0.05938606336712837 0.05641676113009453 0.05359592288732529 0.05091612786054611 0.04837032034993172 0.04595180600881577 0.04365421459078789 0.04147150367498398 0.03939792886376381 0.03742803260684013 0.03555662930011749 0.03377879783511162 0.03208985924720764 0.0304853655397892 0.02896109782159328 0.0275130420923233 0.02613738924264908 0.02483052015304565 0.0235889945179224 0.02240954525768757 0.02128906734287739 0.02022461406886578 0.01921338401734829 0.01825271546840668 0.01734007894992828 0.0164730753749609 0.01564942114055157 0.01486694999039173 0.01412360277026892 0.01341742277145386 0.01274655200541019 0.01210922468453646 0.01150376349687576 0.01092857494950294 0.01038214657455683 0.00986303947865963 0.009369887411594391 0.008901393041014671 0.00845632329583168 0.008033507503569126 0.007631832268089056 0.007250240538269281 0.006887728348374367 0.006543342024087906 0.006216174922883511 0.005905366037040949 0.005610097665339708 0.005329592619091272 0.005063112825155258 0.00480995699763298 0.004569459240883589 0.004340986255556345 0.004123936872929335 0.003917740192264318 0.003721853252500296 0.003535760566592216 0.003358972491696477 0.003191023832187057 0.0030314726755023 0.002879898995161057 0.002735903952270746 0.002599108731374145 0.002469153376296163 0.002345695625990629 0.002228410914540291 0.002116990275681019 0.002011140808463097 0.001910583814606071 0.001815054565668106 0.001724301837384701 0.001638086745515466 0.00155618239659816 0.001478373305872083 0.001404454698786139 0.001334231928922236 0.001267520361579955 0.001204144326038659 0.001143937115557492 0.001086740288883448 0.001032403321005404 0.0009807831374928355 0.000931743998080492 0.0008851567981764674 0.000840898952446878 0.0007988539873622358 0.0007589113083668053 0.0007209657342173159 0.000684917438775301 0.0006506715435534716 0.0006181379430927336 0.0005872310721315444 0.0005578694981522858 0.0005299760377965868 0.0005034772329963744 0.0004783033800777048 0.000454388209618628 0.0004316687991376966 0.0004100853693671525 0.000389581109629944 0.0003701020614244044 0.0003515969729050994 0.0003340171242598444 0.0003173162695020437 0.0003014504618477076 0.0002863779373001307 0.0002720590273384005 0.0002584560716059059 0.0002455332723911852 0.0002332566073164344 0.0002215937711298466 0.0002105140883941203 0.0001999883825192228 0.0001899889612104744 0.0001804895146051422 0.0001714650425128639 0.0001628917962079868 0.0001547472056699917 0.0001470098504796624 0.0001396593579556793 0.0001326763886027038 0.0001260425633518025 0.0001197404344566166 0.0001137534127337858 0.0001080657384591177 0.0001026624522637576 9.752932965056971e-05 9.265286644222215e-05 8.802022057352588e-05 8.361921209143475e-05 7.943825039546937e-05 7.546633423771709e-05 7.169301534304395e-05 6.810836202930659e-05 6.470294465543702e-05 6.146779924165457e-05 5.839440927957185e-05 5.547468754230067e-05 5.270095425657928e-05 5.006590799894184e-05 4.756261114380322e-05 4.51844789495226e-05 4.292525409255177e-05 4.077899211551994e-05 3.874004323733971e-05 3.68030414392706e-05 3.496288991300389e-05 3.321474650874734e-05 3.155400918330997e-05 2.997630872414447e-05 2.847749419743195e-05 2.705362021515612e-05 2.570093965914566e-05 2.441589276713785e-05 2.319509803783149e-05 2.203534313593991e-05 2.093357579724398e-05 1.988689655263443e-05 1.889255145215429e-05 1.794792478904128e-05 1.705052818579134e-05 1.619800241314806e-05 1.538810283818748e-05 1.461869760532863e-05 1.388776308886008e-05 1.319337479799287e-05 1.253370646736585e-05 1.190702096209861e-05 1.131167027779156e-05 1.074608644557884e-05 1.020878244162304e-05 9.698343092168216e-06 9.21342598303454e-06 8.752755093155429e-06 8.315117156598717e-06 7.899361662566662e-06 7.504393579438329e-06 7.129173809516942e-06 6.772715096303727e-06 6.434079296013806e-06 6.112375558586791e-06 5.806756689707981e-06 5.51641869606101e-06 5.240597602096386e-06 4.978567631042097e-06 4.729639385914197e-06 4.49315757578006e-06 4.268499651516322e-06 4.055074896314181e-06 3.852321242447942e-06 3.659705271275016e-06 3.476719939499162e-06 3.302883897049469e-06 3.137739668090944e-06 2.980852741529816e-06 2.831810206771479e-06 2.690219616852119e-06 2.555708533691359e-06 2.42792316385021e-06 2.306526994289015e-06 2.191200564993778e-06 2.081640559481457e-06 1.977558440557914e-06 1.878680564004753e-06 1.784746586963593e-06 1.695509240562387e-06 1.610733761481242e-06 1.530197096144548e-06 1.453687218599953e-06 1.38100290314469e-06 1.311952701144037e-06 1.246355054718151e-06 1.184037273560534e-06 1.124835421251191e-06 1.068593633135606e-06 1.015164002637903e-06 9.644057854529819e-07 9.161855132333585e-07 8.703762546247162e-07 8.268574447356514e-07 7.855145440771594e-07 7.462388111889595e-07 7.08926847892144e-07 6.734804856023402e-07 6.398064442691975e-07 6.07816105002712e-07 5.774252826995507e-07 5.485539986693766e-07 5.211263101045915e-07 4.950699690198235e-07 4.703164790953451e-07 4.468006409297232e-07 4.24460608883237e-07 4.032375784390752e-07 3.830757009382069e-07 3.639219130491256e-07 3.457258230810112e-07 3.284395404534735e-07 3.120175620097143e-07 2.964166867513995e-07 2.815958453084022e-07 2.675160430953838e-07 2.541402466249565e-07
 0 0 0 0 0 0 0 0 0 0 0 0 0 0 0 0 0 0 0 0 0 0 0 0 0 0 0 0 0 0 0 0 0 0 0 0 0 0 0 0 0 0 0 0 0 0 0 0 0 0 0 0 0 0 0 0 0 0 0 0 0 0 0 0 0 0 0 0 0 0 0 0 0 0 0 0 0 0 0 0 0 0 0 0 0 0 0 0 0 0 0 0 0 0 0 0 0 0 0 0 0 0 0 0 0 0 0 0 0 0 0 0 0 0 0 0 0 0 0 0 0 0 0 0 0 0 0 0 0 0 0 0 0 0 0 0 0 0 0 0 0 0 0 0 0 0 0 0 0 0 0 0 0 0 0 0 0 0 0 0 0 0 0 0 0 0 0 0 0 0 0 0 0 0 0 0 0 0 0 0 0 0 0 0 0 0 0 0 0 0 0 0 0 0 0 0 0 0 0 0 0 0 0 0 0 0 0 0 0 0 0 0 0 0 0 0 0 0 0 0 0 0 0 0 0 0 0 0 0 0 0 0 0 0 0 0 0 0 0 0 0 0 0 0 0 0 0 0 0 0 0 0 0 0 0 0 0 0 0 0 0 0 0 0 0 0 0 0 0 0 0 0 0 0 0 0 0 0 0 0 0 0 0 0 0 0 0 0 0 0 0 0 0 0 0 0 0 0 0 0 0 0 0 0 0 0 0 0 0 0 0 0 0 0 0 0 0 0 0 0 0 0 0 0 0 0 0 0 0 0 0 0 0 0 0 0 0 0 0 0 0 0 0 0 0 0 0 0 0 0 0 0 0 0 0 0 0 0 0 0 0 0 0 0 0 0 0 0 0 0 0 0 0 0 0 0 0 0 0 0 0 0 0 0 0 0 0 0 0 0 0 0 0 0 0 0 0 0 0 0 0 0 0 0 0 0 0 0 0 0 0 0 0 0 0 0 0 0 0 0 0 0 0 0 0 0 0 0 0 0 0 0 0 0 0 0 0 0 0 0 0 0 0 0 0 0 0 0 0 0 0 0 0 0 0 0 0 0 0 0 0 0 0 0 0 0 0 0 0 0 0 0 0 0 0 0 0 0 0 0 0 0 0 0 0 0 0 0 0 0 0 0 0 0 0 0 0 0 0 0 0 0 0 0 0 0 0 0 0 0 0 0 0 0 0 0 0 0 0 0 0 0 0 0 0 0 0 0 0 0 0 0 0 0 0 0 0 0 0 0 0 0 0 0 0 0 0 0 0 0 0 0 0 0 0 0 0 0 0 0 0 0 0 0 0 0 0 0 0 0 0 0 0 0 0 0 0 0 0 0 0 0 0 0 0 0 0 0 0 0 0 0 0 0 0 0 0 0 0 0
 0 0 0 0 0 0 0 0 0 0 0 0 0 0 0 0 0 0 0 0 0 0 0 0 0 0 0 0 0 0 0 0 0 0 0 0 0 0 0 0 0 0 0 0 0 0 0 0 0 0 0 0 0 0 0 0 0 0 0 0 0 0 0 0 0 0 0 0 0 0 0 0 0 0 0 0 0 0 0 0 0 0 0 0 0 0 0 0 0 0 0 0 0 0 0 0 0 0 0 0 0 0 0 0 0 0 0 0 0 0 0 0 0 0 0 0 0 0 0 0 0 0 0 0 0 0 0 0 0 0 0 0 0 0 0 0 0 0 0 0 0 0 0 0 0 0 0 0 0 0 0 0 0 0 0 0 0 0 0 0 0 0 0 0 0 0 0 0 0 0 0 0 0 0 0 0 0 0 0 0 0 0 0 0 0 0 0 0 0 0 0 0 0 0 0 0 0 0 0 0 0 0 0 0 0 0 0 0 0 0 0 0 0 0 0 0 0 0 0 0 0 0 0 0 0 0 0 0 0 0 0 0 0 0 0 0 0 0 0 0 0 0 0 0 0 0 0 0 0 0 0 0 0 0 0 0 0 0 0 0 0 0 0 0 0 0 0 0 0 0 0 0 0 0 0 0 0 0 0 0 0 0 0 0 0 0 0 0 0 0 0 0 0 0 0 0 0 0 0 0 0 0 0 0 0 0 0 0 0 0 0 0 0 0 0 0 0 0 0 0 0 0 0 0 0 0 0 0 0 0 0 0 0 0 0 0 0 0 0 0 0 0 0 0 0 0 0 0 0 0 0 0 0 0 0 0 0 0 0 0 0 0 0 0 0 0 0 0 0 0 0 0 0 0 0 0 0 0 0 0 0 0 0 0 0 0 0 0 0 0 0 0 0 0 0 0 0 0 0 0 0 0 0 0 0 0 0 0 0 0 0 0 0 0 0 0 0 0 0 0 0 0 0 0 0 0 0 0 0 0 0 0 0 0 0 0 0 0 0 0 0 0 0 0 0 0 0 0 0 0 0 0 0 0 0 0 0 0 0 0 0 0 0 0 0 0 0 0 0 0 0 0 0 0 0 0 0 0 0 0 0 0 0 0 0 0 0 0 0 0 0 0 0 0 0 0 0 0 0 0 0 0 0 0 0 0 0 0 0 0 0 0 0 0 0 0 0 0 0 0 0 0 0 0 0 0 0 0 0 0 0 0 0 0 0 0 0 0 0 0 0 0 0 0 0 0 0 0 0 0 0 0 0 0 0 0 0 0 0 0 0 0 0 0 0 0 0 0 0 0 0 0 0 0 0 0 0 0 0 0 0 0 0 0 0 0 0 0 0 0 0 0 0 0 0 0 0 0 0 0
 0 0 0 0 0 0 0 0 0 0 0 0 0 0 0 0 0 0 0 0 0 0 0 0 0 0 0 0 0 0 0 0 0 0 0 0 0 0 0 0 0 0 0 0 0 0 0 0 0 0 0 0 0 0 0 0 0 0 0 0 0 0 0 0 0 0 0 0 0 0 0 0 0 0 0 0 0 0 0 0 0 0 0 0 0 0 0 0 0 0 0 0 0 0 0 0 0 0 0 0 0 0 0 0 0 0 0 0 0 0 0 0 0 0 0 0 0 0 0 0 0 0 0 0 0 0 0 0 0 0 0 0 0 0 0 0 0 0 0 0 0 0 0 0 0 0 0 0 0 0 0 0 0 0 0 0 0 0 0 0 0 0 0 0 0 0 0 0 0 0 0 0 0 0 0 0 0 0 0 0 0 0 0 0 0 0 0 0 0 0 0 0 0 0 0 0 0 0 0 0 0 0 0 0 0 0 0 0 0 0 0 0 0 0 0 0 0 0 0 0 0 0 0 0 0 0 0 0 0 0 0 0 0 0 0 0 0 0 0 0 0 0 0 0 0 0 0 0 0 0 0 0 0 0 0 0 0 0 0 0 0 0 0 0 0 0 0 0 0 0 0 0 0 0 0 0 0 0 0 0 0 0 0 0 0 0 0 0 0 0 0 0 0 0 0 0 0 0 0 0 0 0 0 0 0 0 0 0 0 0 0 0 0 0 0 0 0 0 0 0 0 0 0 0 0 0 0 0 0 0 0 0 0 0 0 0 0 0 0 0 0 0 0 0 0 0 0 0 0 0 0 0 0 0 0 0 0 0 0 0 0 0 0 0 0 0 0 0 0 0 0 0 0 0 0 0 0 0 0 0 0 0 0 0 0 0 0 0 0 0 0 0 0 0 0 0 0 0 0 0 0 0 0 0 0 0 0 0 0 0 0 0 0 0 0 0 0 0 0 0 0 0 0 0 0 0 0 0 0 0 0 0 0 0 0 0 0 0 0 0 0 0 0 0 0 0 0 0 0 0 0 0 0 0 0 0 0 0 0 0 0 0 0 0 0 0 0 0 0 0 0 0 0 0 0 0 0 0 0 0 0 0 0 0 0 0 0 0 0 0 0 0 0 0 0 0 0 0 0 0 0 0 0 0 0 0 0 0 0 0 0 0 0 0 0 0 0 0 0 0 0 0 0 0 0 0 0 0 0 0 0 0 0 0 0 0 0 0 0 0 0 0 0 0 0 0 0 0 0 0 0 0 0 0 0 0 0 0 0 0 0 0 0 0 0 0 0 0 0 0 0 0 0 0 0 0 0 0 0 0 0 0 0 0 0 0 0 0 0 0 0 0 0 0 0 0 0 0 0 0
 0 0 0 0 0 0 0 0 0 0 0 0 0 0 0 0 0 0 0 0 0 0 0 0 0 0 0 0 0 0 0 0 0 0 0 0 0 0 0 0 0 0 0 0 0 0 0 0 0 0 0 0 0 0 0 0 0 0 0 0 0 0 0 0 0 0 0 0 0 0 0 0 0 0 0 0 0 0 0 0 0 0 0 0 0 0 0 0 0 0 0 0 0 0 0 0 0 0 0 0 0 0 0 0 0 0 0 0 0 0 0 0 0 0 0 0 0 0 0 0 0 0 0 0 0 0 0 0 0 0 0 0 0 0 0 0 0 0 0 0 0 0 0 0 0 0 0 0 0 0 0 0 0 0 0 0 0 0 0 0 0 0 0 0 0 0 0 0 0 0 0 0 0 0 0 0 0 0 0 0 0 0 0 0 0 0 0 0 0 0 0 0 0 0 0 0 0 0 0 0 0 0 0 0 0 0 0 0 0 0 0 0 0 0 0 0 0 0 0 0 0 0 0 0 0 0 0 0 0 0 0 0 0 0 0 0 0 0 0 0 0 0 0 0 0 0 0 0 0 0 0 0 0 0 0 0 0 0 0 0 0 0 0 0 0 0 0 0 0 0 0 0 0 0 0 0 0 0 0 0 0 0 0 0 0 0 0 0 0 0 0 0 0 0 0 0 0 0 0 0 0 0 0 0 0 0 0.0002570945071056485 0.0009471478406339884 0.002030628034844995 0.003513482632115483 0.005426021758466959 0.00775493960827589 0.01041570492088795 0.01334702875465155 0.01652519963681698 0.01996288821101189 0.02367914281785488 0.02765948325395584 0.03186680004000664 0.03632017597556114 0.04097883775830269 0.04576447606086731 0.05069436877965927 0.05579513683915138 0.06106129288673401 0.06645845621824265 0.0719391256570816 0.07749205827713013 0.08314209431409836 0.08888643234968185 0.09479844570159912 0.1008442044258118 0.1069737002253532 0.1131539866328239 0.1193631216883659 0.1255908459424973 0.1318290382623672 0.1380965560674667 0.1435451656579971 0.1468138247728348 0.147056519985199 0.1437405347824097 0.1365535110235214 0.1297258287668228 0.1232395395636559 0.1170775592327118 0.1112236827611923 0.1056624948978424 0.1003793701529503 0.0953603982925415 0.09059237688779831 0.08606275916099548 0.08175962418317795 0.07767163962125778 0.07378805428743362 0.07009865343570709 0.0665937215089798 0.06326403468847275 0.06010083109140396 0.05709578841924667 0.05424099788069725 0.05152894929051399 0.04895250126719475 0.04650487750768661 0.04417963325977325 0.04197065159678459 0.03987211734056473 0.03787851333618164 0.0359845869243145 0.03418535739183426 0.03247608989477158 0.03085228614509106 0.02930967137217522 0.02784418687224388 0.02645197696983814 0.02512937784194946 0.02387290820479393 0.02267926186323166 0.02154529839754105 0.02046803385019302 0.01944463141262531 0.01847239956259727 0.01754877902567387 0.01667134091258049 0.01583777368068695 0.0150458849966526 0.01429359056055546 0.01357891131192446 0.01289996597915888 0.01225496735423803 0.01164221856743097 0.01106010749936104 0.01050710212439299 0.009981746785342693 0.00948265939950943 0.009008526802062988 0.008558100089430809 0.008130194619297981 0.007723684888333082 0.007337500806897879 0.006970625836402178 0.006622094660997391 0.006290989927947521 0.005976440384984016 0.005677618551999331 0.005393737461417913 0.005124050658196211 0.004867848008871078 0.004624455701559782 0.004393232986330986 0.004173571243882179 0.003964892588555813 0.003766648005694151 0.003578315488994122 0.003399399807676673 0.00322942971251905 0.003067958168685436 0.002914560260251164 0.002768832258880138 0.00263039069250226 0.002498871181160212 0.002373927738517523 0.002255231374874711 0.002142469864338636 0.00203534634783864 0.001933578983880579 0.001836900017224252 0.001745054963976145 0.001657802262343466 0.00157491210848093 0.001496166456490755 0.001421358087100089 0.001350290141999722 0.0012827756581828 0.001218636869452894 0.001157704973593354 0.001099819783121347 0.00104482879396528 0.0009925873018801212 0.0009429579367861152 0.0008958100224845111 0.0008510195184499025 0.0008084685541689396 0.0007680451381020248 0.0007296428666450083 0.0006931607495062053 0.0006585026858374476 0.0006255775224417448 0.0005942986463196576 0.0005645836936309934 0.0005363544914871454 0.0005095367669127882 0.0004840599140152335 0.0004598569066729397 0.0004368640657048672 0.0004150208551436663 0.0003942698240280151 0.0003745563444681466 0.0003558285243343562 0.0003380370908416808 0.0003211352450307459 0.0003050784871447831 0.0002898245584219694 0.0002753333246801049 0.0002615666599012911 0.0002484883298166096 0.0002360639191465452 0.0002242607297375798 0.0002130476932507008 0.0002023953129537404 0.0001922755473060533 0.0001826617663027719 0.000173528678715229 0.0001648522447794676 0.0001566096325404942 0.0001487791450927034 0.000141340191476047 0.0001342731848126277 0.0001275595277547836 0.0001211815542774275 0.0001151224787463434 0.0001093663522624411 0.0001038980335579254 9.870313078863546e-05 9.376797243021429e-05 8.907957089832053e-05 8.462559344479814e-05 8.039431122597307e-05 7.637459202669561e-05 7.255586388055235e-05 6.89280714141205e-05 6.548166857101023e-05 6.220758223207667e-05 5.909720493946224e-05 5.614234396489337e-05 5.333522858563811e-05 5.066846642876044e-05 4.81350434711203e-05 4.572829129756428e-05 4.344187618698925e-05 4.126978092244826e-05 3.920629023923539e-05 3.724597627297044e-05 3.538367673172615e-05 3.361449125804938e-05 3.193376687704585e-05 3.033707798749674e-05 2.882022454286925e-05 2.737921386142261e-05 2.601025335025042e-05 2.470974141033366e-05 2.347425470361486e-05 2.230054269602988e-05 2.118551492458209e-05 2.012623917835299e-05 1.911992694658693e-05 1.816392978071235e-05 1.725573383737355e-05 1.639294714550488e-05 1.557329960633069e-05 1.47946348079131e-05 1.40549027491943e-05 1.33521580210072e-05 1.268454980163369e-05 1.205032276629936e-05 1.144780617323704e-05 1.087541568267625e-05 1.033164517139085e-05 9.815063094720244e-06 9.324309758085292e-06 8.858094588504173e-06 8.415189768129494e-06 7.994430234248284e-06 7.594708677061135e-06 7.214973265945446e-06 6.854224466223968e-06 6.511513220175402e-06 6.18593776380294e-06 5.876640898350161e-06 5.582808626058977e-06 5.303668331180234e-06 5.038485141994897e-06 4.786561021319358e-06 4.547232947516022e-06 4.319871095503913e-06 4.103877472516615e-06 3.898683644365519e-06 3.703749371197773e-06 3.518561925375252e-06 3.342633817737806e-06 3.175502115482232e-06 3.016727077920223e-06 2.865890792236314e-06 2.722596263993182e-06 2.586466507636942e-06 2.457143182255095e-06 2.334285909455502e-06 2.21757159124536e-06 2.106693045789143e-06 2.001358325287583e-06 1.901290374917153e-06 1.806225895961688e-06 1.715914550004527e-06 1.630118845241668e-06 1.548612885926559e-06 1.471182258683257e-06 1.397623123011726e-06 1.327741983914166e-06 1.261354896087141e-06 1.198287122861075e-06 1.13837279513973e-06 1.081454115592351e-06 1.027381358653656e-06 9.760123020896572e-07 9.272116585634649e-07 8.808510756352916e-07 8.368085104848433e-07 7.949680593810626e-07 7.552196734650352e-07 7.174587040026381e-07 6.815857886977028e-07 6.475065106315014e-07 6.151311708890717e-07 5.8437461802896e-07 5.551559070227086e-07 5.273981287245988e-07 5.010282393413945e-07 4.759768330586667e-07 4.521779999322462e-07 4.295690985145484e-07 4.080906421677355e-07 3.876861001117504e-07 3.683017837374791e-07 3.498867044982035e-07 3.323923749576352e-07 3.15772751946497e-07 2.99984122875685e-07 2.849849067843024e-07 2.7073565433966e-07 2.571988773070188e-07
 0 0 0 0 0 0 0 0 0 0 0 0 0 0 0 0 0 0 0 0 0 0 0 0 0 0 0 0 0 0 0 0 0 0 0 0 0 0 0 0 0 0 0 0 0 0 0 0 0 0 0 0 0 0 0 0 0 0 0 0 0 0 0 0 0 0 0 0 0 0 0 0 0 0 0 0 0 0 0 0 0 0 0 0 0 0 0 0 0 0 0 0 0 0 0 0 0 0 0 0 0 0 0 0 0 0 0 0 0 0 0 0 0 0 0 0 0 0 0 0 0 0 0 0 0 0 0 0 0 0 0 0 0 0 0 0 0 0 0 0 0 0 0 0 0 0 0 0 0 0 0 0 0 0 0 0 0 0 0 0 0 0 0 0 0 0 0 0 0 0 0 0 0 0 0 0 0 0 0 0 0 0 0 0 0 0 0 0 0 0 0 0 0 0 0 0 0 0 0 0 0 0 0 0 0 0 0 0 0 0 0 0 0 0 0 0 0 0 0 0 0 0 0 0 0 0 0 0 0 0 0 0 0 0 0 0 0 0 0 0 0 0 0 0 0 0 0 0 0 0 0 0 0 0 0 0 0 0 0 0 0 0 0 0 0 0 0 0 0 0 0 0 0 0 0 0 0 0 0 0 0 0 0 0 0 0 0 0 0 0 0 0 0 0 0 0 0 0 0 0 0 0 0 0 0 0 0 0 0 0 0 0 0 0 0 0 0 0 0 0 0 0 0 0 0 0 0 0 0 0 0 0 0 0 0 0 0 0 0 0 0 0 0 0 0 0 0 0 0 0 0 0 0 0 0 0 0 0 0 0 0 0 0 0 0 0 0 0 0 0 0 0 0 0 0 0 0 0 0 0 0 0 0 0 0 0 0 0 0 0 0 0 0 0 0 0 0 0 0 0 0 0 0 0 0 0 0 0 0 0 0 0 0 0 0 0 0 0 0 0 0 0 0 0 0 0 0 0 0 0 0 0 0 0 0 0 0 0 0 0 0 0 0 0 0 0 0 0 0 0 0 0 0 0 0 0 0 0 0 0 0 0 0 0 0 0 0 0 0 0 0 0 0 0 0 0 0 0 0 0 0 0 0 0 0 0 0 0 0 0 0 0 0 0 0 0 0 0 0 0 0 0 0 0 0 0 0 0 0 0 0 0 0 0 0 0 0 0 0 0 0 0 0 0 0 0 0 0 0 0 0 0 0 0 0 0 0 0 0 0 0 0 0 0 0 0 0 0 0 0 0 0 0 0 0 0 0 0 0 0 0 0 0 0 0 0 0 0 0 0 0 0 0 0 0 0 0 0 0 0 0 0 0 0 0 0 0 0 0 0 0 0 0 0 0 0 0 0 0 0
 0 0 0 0 0 0 0 0 0 0 0 0 0 0 0 0 0 0 0 0 0 0 0 0 0 0 0 0 0 0 0 0 0 0 0 0 0 0 0 0 0 0 0 0 0 0 0 0 0 0 0 0 0 0 0 0 0 0 0 0 0 0 0 0 0 0 0 0 0 0 0 0 0 0 0 0 0 0 0 0 0 0 0 0 0 0 0 0 0 0 0 0 0 0 0 0 0 0 0 0 0 0 0 0 0 0 0 0 0 0 0 0 0 0 0 0 0 0 0 0 0 0 0 0 0 0 0 0 0 0 0 0 0 0 0 0 0 0 0 0 0 0 0 0 0 0 0 0 0 0 0 0 0 0 0 0 0 0 0 0 0 0 0 0 0 0 0 0 0 0 0 0 0 0 0 0 0 0 0 0 0 0 0 0 0 0 0 0 0 0 0 0 0 0 0 0 0 0 0 0 0 0 0 0 0 0 0 0 0 0 0 0 0 0 0 0 0 0 0 0 0 0 0 0 0 0 0 0 0 0 0 0 0 0 0 0 0 0 0 0 0 0 0 0 0 0 0 0 0 0 0 0 0 0 0 0 0 0 0 0 0 0 0 0 0 0 0 0 0 0 0 0 0 0 0 0 0 0 0 0 0 0 0 0 0 0 0 0 0 0 0 0 0 0 0 0 0 0 0 0 0 0 0 0 0 0 0 0 0 0 0 0 0 0 0 0 0 0 0 0 0 0 0 0 0 0 0 0 0 0 0 0 0 0 0 0 0 0 0 0 0 0 0 0 0 0 0 0 0 0 0 0 0 0 0 0 0 0 0 0 0 0 0 0 0 0 0 0 0 0 0 0 0 0 0 0 0 0 0 0 0 0 0 0 0 0 0 0 0 0 0 0 0 0 0 0 0 0 0 0 0 0 0 0 0 0 0 0 0 0 0 0 0 0 0 0 0 0 0 0 0 0 0 0 0 0 0 0 0 0 0 0 0 0 0 0 0 0 0 0 0 0 0 0 0 0 0 0 0 0 0 0 0 0 0 0 0 0 0 0 0 0 0 0 0 0 0 0 0 0 0 0 0 0 0 0 0 0 0 0 0 0 0 0 0 0 0 0 0 0 0 0 0 0 0 0 0 0 0 0 0 0 0 0 0 0 0 0 0 0 0 0 0 0 0 0 0 0 0 0 0 0 0 0 0 0 0 0 0 0 0 0 0 0 0 0 0 0 0 0 0 0 0 0 0 0 0 0 0 0 0 0 0 0 0 0 0 0 0 0 0 0 0 0 0 0 0 0 0 0 0 0 0 0 0 0 0 0 0 0 0 0 0 0 0 0 0 0 0 0 0 0 0 0 0 0 0 0 0 0
 0 0 0 0 0 0 0 0 0 0 0 0 0 0 0 0 0 0 0 0 0 0 0 0 0 0 0 0 0 0 0 0 0 0 0 0 0 0 0 0 0 0 0 0 0 0 0 0 0 0 0 0 0 0 0 0 0 0 0 0 0 0 0 0 0 0 0 0 0 0 0 0 0 0 0 0 0 0 0 0 0 0 0 0 0 0 0 0 0 0 0 0 0 0 0 0 0 0 0 0 0 0 0 0 0 0 0 0 0 0 0 0 0 0 0 0 0 0 0 0 0 0 0 0 0 0 0 0 0 0 0 0 0 0 0 0 0 0 0 0 0 0 0 0 0 0 0 0 0 0 0 0 0 0 0 0 0 0 0 0 0 0 0 0 0 0 0 0 0 0 0 0 0 0 0 0 0 0 0 0 0 0 0 0 0 0 0 0 0 0 0 0 0 0 0 0 0 0 0 0 0 0 0 0 0 0 0 0 0 0 0 0 0 0 0 0 0 0 0 0 0 0 0 0 0 0 0 0 0 0 0 0 0 0 0 0 0 0 0 0 0 0 0 0 0 0 0 0 0 0 0 0 0 0 0 0 0 0 0 0 0 0 0 0 0 0 0 0 0 0 0 0 0 0 0 0 0 0 0 0 0 0 0 0 0 0 0 0 0 0 0 0 0 0 0 0 0 0 0 0 0 0 0 0 0 0 0 0 0 0 0 0 0 0 0 0 0 0 0 0 0 0 0 0 0 0 0 0 0 0 0 0 0 0 0 0 0 0 0 0 0 0 0 0 0 0 0 0 0 0 0 0 0 0 0 0 0 0 0 0 0 0 0 0 0 0 0 0 0 0 0 0 0 0 0 0 0 0 0 0 0 0 0 0 0 0 0 0 0 0 0 0 0 0 0 0 0 0 0 0 0 0 0 0 0 0 0 0 0 0 0 0 0 0 0 0 0 0 0 0 0 0 0 0 0 0 0 0 0 0 0 0 0 0 0 0 0 0 0 0 0 0 0 0 0 0 0 0 0 0 0 0 0 0 0 0 0 0 0 0 0 0 0 0 0 0 0 0 0 0 0 0 0 0 0 0 0 0 0 0 0 0 0 0 0 0 0 0 0 0 0 0 0 0 0 0 0 0 0 0 0 0 0 0 0 0 0 0 0 0 0 0 0 0 0 0 0 0 0 0 0 0 0 0 0 0 0 0 0 0 0 0 0 0 0 0 0 0 0 0 0 0 0 0 0 0 0 0 0 0 0 0 0 0 0 0 0 0 0 0 0 0 0 0 0 0 0 0 0 0 0 0 0 0 0 0 0 0 0 0 0 0 0 0 0 0 0 0 0 0 0 0 0 0 0 0 0 0 0 0
 0 0 0 0 0 0 0 0 0 0 0 0 0 0 0 0 0 0 0 0 0 0 0 0 0 0 0 0 0 0 0 0 0 0 0 0 0 0 0 0 0 0 0 0 0 0 0 0 0 0 0 0 0 0 0 0 0 0 0 0 0 0 0 0 0 0 0 0 0 0 0 0 0 0 0 0 0 0 0 0 0 0 0 0 0 0 0 0 0 0 0 0 0 0 0 0 0 0 0 0 0 0 0 0 0 0 0 0 0 0 0 0 0 0 0 0 0 0 0 0 0 0 0 0 0 0 0 0 0 0 0 0 0 0 0 0 0 0 0 0 0 0 0 0 0 0 0 0 0 0 0 0 0 0 0 0 0 0 0 0 0 0 0 0 0 0 0 0 0 0 0 0 0 0 0 0 0 0 0 0 0 0 0 0 0 0 0 0 0 0 0 0 0 0 0 0 0 0 0 0 0 0 0 0 0 0 0 0 0 0 0 0 0 0 0 0 0 0 0 0 0 0 0 0 0 0 0 0 0 0 0 0 0 0 0 0 0 0 0 0 0 0 0 0 0 0 0 0 0 0 0 0 0 0 0 0 0 0 0 0 0 0 0 0 0 0 0 0 0 0 0 0 0 0 0 0 0 0 0 0 0 0 0 0 0 0 0 0 0 0 0 0 0 0 0 0 0 0 0 0 0 0 0 0 0 0 0 0.0003165802918374538 0.001042965217493474 0.002144168131053448 0.003635275876149535 0.005540511105209589 0.007860647514462471 0.01048972085118294 0.01337349228560925 0.01647485792636871 0.0198175422847271 0.02339830808341503 0.02722685597836971 0.03132950514554977 0.03565285727381706 0.04016682133078575 0.04484681040048599 0.04965363070368767 0.05459370464086533 0.05964233726263046 0.0648285448551178 0.070144422352314 0.0755457803606987 0.08103203773498535 0.08660334348678589 0.09228602796792984 0.09808924794197083 0.103947825729847 0.1098903864622116 0.1158828884363174 0.1219174414873123 0.1279584020376205 0.1340185254812241 0.1395948827266693 0.1432596296072006 0.1440751403570175 0.141479954123497 0.1351353377103806 0.1283785700798035 0.1219596415758133 0.1158616617321968 0.1100685819983482 0.1045651510357857 0.0993368923664093 0.0943700447678566 0.08965153992176056 0.08516896516084671 0.08091051876544952 0.07686499506235123 0.07302174717187881 0.06937065720558167 0.06590212136507034 0.06260701268911362 0.05947666242718697 0.05650283023715019 0.05367768928408623 0.05099380388855934 0.04844411462545395 0.04602190852165222 0.04372081160545349 0.04153477028012276 0.03945803269743919 0.03748513013124466 0.0356108732521534 0.03383032977581024 0.03213881328701973 0.0305318720638752 0.02900527790188789 0.02755501493811607 0.02617726475000381 0.02486840076744556 0.02362498082220554 0.02244373224675655 0.02132154628634453 0.02025546878576279 0.01924269460141659 0.01828056015074253 0.01736653223633766 0.01649820618331432 0.01567329652607441 0.01488963142037392 0.01414514984935522 0.01343789231032133 0.01276599802076817 0.01212769839912653 0.01152131333947182 0.01094524748623371 0.01039798557758331 0.009878085926175117 0.009384181350469589 0.00891497265547514 0.008469223976135254 0.008045762777328491 0.007643474731594324 0.007261300925165415 0.006898235995322466 0.006553324405103922 0.006225658114999533 0.005914375185966492 0.005618656519800425 0.005337723530828953 0.005070837214589119 0.004817295353859663 0.004576430656015873 0.004347609356045723 0.004130228888243437 0.003923717420548201 0.003727531526237726 0.003541155019775033 0.003364097326993942 0.003195892553776503 0.003036097856238484 0.002884292975068092 0.002740078372880816 0.002603074535727501 0.002472920808941126 0.002349274698644876 0.002231810940429568 0.002120220335200429 0.002014209283515811 0.001913498854264617 0.001817823853343725 0.001726932707242668 0.001640586066059768 0.001558556803502142 0.001480628969147801 0.001406597555615008 0.001336267683655024 0.001269454252906144 0.001205981592647731 0.001145682530477643 0.001088398392312229 0.001033978420309722 0.0009822795400395989 0.0009331655455753207 0.0008865072741173208 0.0008421819075010717 0.0008000727975741029 0.000760069175157696 0.0007220657425932586 0.0006859624409116805 0.0006516643334180117 0.0006190811400301754 0.0005881270626559854 0.0005587207269854844 0.0005307847168296576 0.0005042454577051103 0.0004790331877302378 0.0004550815210677683 0.000432327447924763 0.0004107110726181418 0.0003901755262631923 0.0003706667630467564 0.0003521334147080779 0.0003345267323311418 0.000317800382617861 0.0003019103605765849 0.0002868148440029472 0.0002724741061683744 0.0002588503994047642 0.0002459078677929938 0.0002336124744033441 0.0002219318557763472 0.0002108352637151256 0.0002002935070777312 0.0001902788353618234 0.0001807648950489238 0.0001717266568448395 0.000163140328368172 0.0001549833104945719 0.0001472341391490772 0.000139872427098453 0.0001328788057435304 0.0001262348669115454 0.0001199231264763512 0.0001139269734267145 0.0001082306262105703 0.0001028190963552333 9.76781448116526e-05 9.279423829866573e-05 8.815452747512609e-05 8.374680328415707e-05 7.955946057336405e-05 7.558149081887677e-05 7.180241664173082e-05 6.82122990838252e-05 6.480168667621911e-05 6.156160088721663e-05 5.848352157045156e-05 5.55593469471205e-05 5.278137905406766e-05 5.014230919186957e-05 4.763519245898351e-05 4.525343319983222e-05 4.299076317693107e-05 4.084122338099405e-05 3.879916039295495e-05 3.685920091811568e-05 3.501624087220989e-05 3.326542719150893e-05 3.160215419484302e-05 3.002204721269663e-05 2.852094439731445e-05 2.709489672270138e-05 2.57401516137179e-05 2.445314385113306e-05 2.323048647667747e-05 2.206896169809625e-05 2.096551361319143e-05 1.991723729588557e-05 1.892137515824288e-05 1.797530603653286e-05 1.707654155325145e-05 1.622271520318463e-05 1.541157871542964e-05 1.464100023440551e-05 1.390894976793788e-05 1.321350191574311e-05 1.255282677448122e-05 1.192518539028242e-05 1.13289261207683e-05 1.07624800875783e-05 1.02243557194015e-05 9.713137842481956e-06 9.227481314155739e-06 8.766107384872157e-06 8.327801879204344e-06 7.911411557870451e-06 7.515840934502194e-06 7.140049092413392e-06 6.783046501368517e-06 6.443894108087989e-06 6.121699243522016e-06 5.815614258608548e-06 5.524833341041813e-06 5.248591605777619e-06 4.986161911801901e-06 4.736853952636011e-06 4.50001107310527e-06 4.275010724086314e-06 4.061260369780939e-06 3.858197487716097e-06 3.665287522380822e-06 3.4820232031052e-06 3.30792204294994e-06 3.142525883959024e-06 2.985399532917654e-06 2.836129624483874e-06 2.694323029572843e-06 2.559606855356833e-06 2.431626398902154e-06 2.310045147169149e-06 2.194542958022794e-06 2.084815832859022e-06 1.980575007110019e-06 1.881546268123202e-06 1.787468931979674e-06 1.698095502433716e-06 1.613190761418082e-06 1.53253120060981e-06 1.455904680369713e-06 1.383109406560834e-06 1.31395393054845e-06 1.24825623970537e-06 1.185843416351418e-06 1.126551296692924e-06 1.070223788701696e-06 1.016712644741347e-06 9.658770068199374e-07 9.175831792163081e-07 8.71704003202467e-07 8.281188002001727e-07 7.867128601901641e-07 7.473772143384849e-07 7.100083507793897e-07 6.745079303982493e-07 6.407825594578753e-07 6.087434485380072e-07 5.783062988484744e-07 5.493909611686831e-07 5.219214358476165e-07 4.958253612130648e-07 4.710340988367534e-07 4.474823924738303e-07 4.25108282797737e-07 4.03852880026534e-07 3.836602218143526e-07 3.644772164079768e-07 3.462533584297489e-07 3.289407004558598e-07 3.12493654064383e-07 2.968689614135656e-07 2.820255247115711e-07 2.679242356862233e-07
 0 0 0 0 0 0 0 0 0 0 0 0 0 0 0 0 0 0 0 0 0 0 0 0 0 0 0 0 0 0 0 0 0 0 0 0 0 0 0 0 0 0 0 0 0 0 0 0 0 0 0 0 0 0 0 0 0 0 0 0 0 0 0 0 0 0 0 0 0 0 0 0 0 0 0 0 0 0 0 0 0 0 0 0 0 0 0 0 0 0 0 0 0 0 0 0 0 0 0 0 0 0 0 0 0 0 0 0 0 0 0 0 0 0 0 0 0 0 0 0 0 0 0 0 0 0 0 0 0 0 0 0 0 0 0 0 0 0 0 0 0 0 0 0 0 0 0 0 0 0 0 0 0 0 0 0 0 0 0 0 0 0 0 0 0 0 0 0 0 0 0 0 0 0 0 0 0 0 0 0 0 0 0 0 0 0 0 0 0 0 0 0 0 0 0 0 0 0 0 0 0 0 0 0 0 0 0 0 0 0 0 0 0 0 0 0 0 0 0 0 0 0 0 0 0 0 0 0 0 0 0 0 0 0 0 0 0 0 0 0 0 0 0 0 0 0 0 0 0 0 0 0 0 0 0 0 0 0 0 0 0 0 0 0 0 0 0 0 0 0 0 0 0 0 0 0 0 0 0 0 0 0 0 0 0 0 0 0 0 0 0 0 0 0 0 0 0 0 0 0 0 0 0 0 0 0 0 0 0 0 0 0 0 0 0 0 0 0 0 0 0 0 0 0 0 0 0 0 0 0 0 0 0 0 0 0 0 0 0 0 0 0 0 0 0 0 0 0 0 0 0 0 0 0 0 0 0 0 0 0 0 0 0 0 0 0 0 0 0 0 0 0 0 0 0 0 0 0 0 0 0 0 0 0 0 0 0 0 0 0 0 0 0 0 0 0 0 0 0 0 0 0 0 0 0 0 0 0 0 0 0 0 0 0 0 0 0 0 0 0 0 0 0 0 0 0 0 0 0 0 0 0 0 0 0 0 0 0 0 0 0 0 0 0 0 0 0 0 0 0 0 0 0 0 0 0 0 0 0 0 0 0 0 0 0 0 0 0 0 0 0 0 0 0 0 0 0 0 0 0 0 0 0 0 0 0 0 0 0 0 0 0 0 0 0 0 0 0 0 0 0 0 0 0 0 0 0 0 0 0 0 0 0 0 0 0 0 0 0 0 0 0 0 0 0 0 0 0 0 0 0 0 0 0 0 0 0 0 0 0 0 0 0 0 0 0 0 0 0 0 0 0 0 0 0 0 0 0 0 0 0 0 0 0 0 0 0 0 0 0 0 0 0 0 0 0 0 0 0 0 0 0 0 0 0 0 0 0 0 0 0 0 0 0 0 0 0 0 0 0
 0 0 0 0 0 0 0 0 0 0 0 0 0 0 0 0 0 0 0 0 0 0 0 0 0 0 0 0 0 0 0 0 0 0 0 0 0 0 0 0 0 0 0 0 0 0 0 0 0 0 0 0 0 0 0 0 0 0 0 0 0 0 0 0 0 0 0 0 0 0 0 0 0 0 0 0 0 0 0 0 0 0 0 0 0 0 0 0 0 0 0 0 0 0 0 0 0 0 0 0 0 0 0 0 0 0 0 0 0 0 0 0 0 0 0 0 0 0 0 0 0 0 0 0 0 0 0 0 0 0 0 0 0 0 0 0 0 0 0 0 0 0 0 0 0 0 0 0 0 0 0 0 0 0 0 0 0 0 0 0 0 0 0 0 0 0 0 0 0 0 0 0 0 0 0 0 0 0 0 0 0 0 0 0 0 0 0 0 0 0 0 0 0 0 0 0 0 0 0 0 0 0 0 0 0 0 0 0 0 0 0 0 0 0 0 0 0 0 0 0 0 0 0 0 0 0 0 0 0 0 0 0 0 0 0 0 0 0 0 0 0 0 0 0 0 0 0 0 0 0 0 0 0 0 0 0 0 0 0 0 0 0 0 0 0 0 0 0 0 0 0 0 0 0 0 0 0 0 0 0 0 0 0 0 0 0 0 0 0 0 0 0 0 0 0 0 0 0 0 0 0 0 0 0 0 0 0 0 0 0 0 0 0 0 0 0 0 0 0 0 0 0 0 0 0 0 0 0 0 0 0 0 0 0 0 0 0 0 0 0 0 0 0 0 0 0 0 0 0 0 0 0 0 0 0 0 0 0 0 0 0 0 0 0 0 0 0 0 0 0 0 0 0 0 0 0 0 0 0 0 0 0 0 0 0 0 0 0 0 0 0 0 0 0 0 0 0 0 0 0 0 0 0 0 0 0 0 0 0 0 0 0 0 0 0 0 0 0 0 0 0 0 0 0 0 0 0 0 0 0 0 0 0 0 0 0 0 0 0 0 0 0 0 0 0 0 0 0 0 0 0 0 0 0 0 0 0 0 0 0 0 0 0 0 0 0 0 0 0 0 0 0 0 0 0 0 0 0 0 0 0 0 0 0 0 0 0 0 0 0 0 0 0 0 0 0 0 0 0 0 0 0 0 0 0 0 0 0 0 0 0 0 0 0 0 0 0 0 0 0 0 0 0 0 0 0 0 0 0 0 0 0 0 0 0 0 0 0 0 0 0 0 0 0 0 0 0 0 0 0 0 0 0 0 0 0 0 0 0 0 0 0 0 0 0 0 0 0 0 0 0 0 0 0 0 0 0 0 0 0 0 0 0 0 0 0 0 0 0 0 0 0 0 0 0 0 0 0 0 0
 0 0 0 0 0 0 0 0 0 0 0 0 0 0 0 0 0 0 0 0 0 0 0 0 0 0 0 0 0 0 0 0 0 0 0 0 0 0 0 0 0 0 0 0 0 0 0 0 0 0 0 0 0 0 0 0 0 0 0 0 0 0 0 0 0 0 0 0 0 0 0 0 0 0 0 0 0 0 0 0 0 0 0 0 0 0 0 0 0 0 0 0 0 0 0 0 0 0 0 0 0 0 0 0 0 0 0 0 0 0 0 0 0 0 0 0 0 0 0 0 0 0 0 0 0 0 0 0 0 0 0 0 0 0 0 0 0 0 0 0 0 0 0 0 0 0 0 0 0 0 0 0 0 0 0 0 0 0 0 0 0 0 0 0 0 0 0 0 0 0 0 0 0 0 0 0 0 0 0 0 0 0 0 0 0 0 0 0 0 0 0 0 0 0 0 0 0 0 0 0 0 0 0 0 0 0 0 0 0 0 0 0 0 0 0 0 0 0 0 0 0 0 0 0 0 0 0 0 0 0 0 0 0 0 0 0 0 0 0 0 0 0 0 0 0 0 0 0 0 0 0 0 0 0 0 0 0 0 0 0 0 0 0 0 0 0 0 0 0 0 0 0 0 0 0 0 0 0 0 0 0 0 0 0 0 0 0 0 0 0 0 0 0 0 0 0 0 0 0 0 0 0 0 0 0 0 0 0 0 0 0 0 0 0 0 0 0 0 0 0 0 0 0 0 0 0 0 0 0 0 0 0 0 0 0 0 0 0 0 0 0 0 0 0 0 0 0 0 0 0 0 0 0 0 0 0 0 0 0 0 0 0 0 0 0 0 0 0 0 0 0 0 0 0 0 0 0 0 0 0 0 0 0 0 0 0 0 0 0 0 0 0 0 0 0 0 0 0 0 0 0 0 0 0 0 0 0 0 0 0 0 0 0 0 0 0 0 0 0 0 0 0 0 0 0 0 0 0 0 0 0 0 0 0 0 0 0 0 0 0 0 0 0 0 0 0 0 0 0 0 0 0 0 0 0 0 0 0 0 0 0 0 0 0 0 0 0 0 0 0 0 0 0 0 0 0 0 0 0 0 0 0 0 0 0 0 0 0 0 0 0 0 0 0 0 0 0 0 0 0 0 0 0 0 0 0 0 0 0 0 0 0 0 0 0 0 0 0 0 0 0 0 0 0 0 0 0 0 0 0 0 0 0 0 0 0 0 0 0 0 0 0 0 0 0 0 0 0 0 0 0 0 0 0 0 0 0 0 0 0 0 0 0 0 0 0 0 0 0 0 0 0 0 0 0 0 0 0 0 0 0 0 0 0 0 0 0 0 0 0 0 0 0 0 0 0 0 0 0 0
 0 0 0 0 0 0 0 0 0 0 0 0 0 0 0 0 0 0 0 0 0 0 0 0 0 0 0 0 0 0 0 0 0 0 0 0 0 0 0 0 0 0 0 0 0 0 0 0 0 0 0 0 0 0 0 0 0 0 0 0 0 0 0 0 0 0 0 0 0 0 0 0 0 0 0 0 0 0 0 0 0 0 0 0 0 0 0 0 0 0 0 0 0 0 0 0 0 0 0 0 0 0 0 0 0 0 0 0 0 0 0 0 0 0 0 0 0 0 0 0 0 0 0 0 0 0 0 0 0 0 0 0 0 0 0 0 0 0 0 0 0 0 0 0 0 0 0 0 0 0 0 0 0 0 0 0 0 0 0 0 0 0 0 0 0 0 0 0 0 0 0 0 0 0 0 0 0 0 0 0 0 0 0 0 0 0 0 0 0 0 0 0 0 0 0 0 0 0 0 0 0 0 0 0 0 0 0 0 0 0 0 0 0 0 0 0 0 0 0 0 0 0 0 0 0 0 0 0 0 0 0 0 0 0 0 0 0 0 0 0 0 0 0 0 0 0 0 0 0 0 0 0 0 0 0 0 0 0 0 0 0 0 0 0 0 0 0 0 0 0 0 0 0 0 0 0 0 0 0 0 0 0 0 0 0 0 0 0 0 0 0 0 0 0 0 0 0 0 0 0 0 0 0 0 0 0 0 0.0001674318773439154 0.0007737543783150613 0.001758029218763113 0.00314853573217988 0.004939875565469265 0.007156396750360727 0.009706569835543633 0.01254415698349476 0.01563846692442894 0.01894982159137726 0.02251714095473289 0.02634702809154987 0.03044869750738144 0.03484734892845154 0.03943554684519768 0.04421738535165787 0.04916517436504364 0.05421711504459381 0.05939283594489098 0.06473719328641891 0.07024560123682022 0.07591415196657181 0.0816648080945015 0.08750912547111511 0.09344539046287537 0.09943905472755432 0.105522058904171 0.1116771176457405 0.1178681403398514 0.124105378985405 0.1303736418485641 0.1366941630840302 0.1428177654743195 0.1471745818853378 0.1487248539924622 0.1468345373868942 0.141126960515976 0.1340706050395966 0.1273670792579651 0.1209987252950668 0.1149487867951393 0.1092013493180275 0.103741280734539 0.09855421632528305 0.09362650662660599 0.0889451801776886 0.08449792116880417 0.08027302473783493 0.07625937461853027 0.07244640588760376 0.06882408261299133 0.06538287550210953 0.06211373209953308 0.05900804698467255 0.0560576431453228 0.05325476080179214 0.05059202387928963 0.04806242138147354 0.04565929993987083 0.04337633401155472 0.04120751842856407 0.03914714232087135 0.0371897853910923 0.03533029556274414 0.03356378152966499 0.03188559412956238 0.03029131516814232 0.02877674996852875 0.02733791247010231 0.02597101777791977 0.02467246726155281 0.02343884482979774 0.02226690202951431 0.02115355618298054 0.02009587921202183 0.01909108459949493 0.01813653111457825 0.0172297041863203 0.01636821962893009 0.01554980874061584 0.01477231830358505 0.01403370220214128 0.01333201676607132 0.01266541611403227 0.01203214563429356 0.01143053825944662 0.01085901167243719 0.01031606085598469 0.009800258092582226 0.009310245513916016 0.008844733238220215 0.008402496576309204 0.007982371374964714 0.007583252619951963 0.007204089779406786 0.006843885406851768 0.006501690950244665 0.00617660628631711 0.005867775995284319 0.005574387032538652 0.005295667797327042 0.00503088440746069 0.004779340233653784 0.004540373105555773 0.004313354380428791 0.004097686614841223 0.00389280216768384 0.003698162036016583 0.003513253992423415 0.003337591188028455 0.003170711686834693 0.003012176137417555 0.002861567307263613 0.002718488918617368 0.002582564484328032 0.002453436143696308 0.00233076442964375 0.002214226173236966 0.002103514969348907 0.00199833931401372 0.001898422371596098 0.001803501276299357 0.001713326200842857 0.001627659890800714 0.00154627684969455 0.001468962989747524 0.001395514816977084 0.001325739081948996 0.001259452081285417 0.001196479424834251 0.001136655453592539 0.001079822657629848 0.001025831559672952 0.0009745399584062397 0.0009258129866793752 0.0008795223548077047 0.0008355462341569364 0.0007937689078971744 0.0007540804799646139 0.0007163764676079154 0.0006805576267652214 0.0006465297192335129 0.0006142032216303051 0.0005834930343553424 0.000554318365175277 0.000526602438185364 0.0005002723191864789 0.000475258711958304 0.0004514957836363465 0.0004289209900889546 0.0004074749303981662 0.0003871011722367257 0.0003677461063489318 0.0003493588010314852 0.0003318908566143364 0.0003152963181491941 0.0002995315007865429 0.0002845549315679818 0.0002703271748032421 0.0002568108029663563 0.0002439702657284215 0.0002317717589903623 0.0002201831666752696 0.00020917400252074 0.0001987153082154691 0.0001887795369839296 0.0001793405535863712 0.0001703735324554145 0.0001618548558326438 0.0001537621137686074 0.0001460740022594109 0.0001387703086948022 0.0001318317954428494 0.0001252401998499408 0.0001189781905850396 0.0001130292803281918 0.0001073778184945695 0.0001020089257508516 9.690847946330905e-05 9.20630554901436e-05 8.745990635361522e-05 8.30869103083387e-05 7.893256406532601e-05 7.498593913624063e-05 7.123664545360953e-05 6.767481681890786e-05 6.429107452277094e-05 6.107652006903663e-05 5.802269515697844e-05 5.51215598534327e-05 5.236548167886212e-05 4.974720650352538e-05 4.725984763354063e-05 4.489685670705512e-05 4.265201278030872e-05 4.051941141369753e-05 3.849343920592219e-05 3.656876651803032e-05 3.474032928352244e-05 3.300331445643678e-05 3.135314909741282e-05 2.97854912787443e-05 2.829621735145338e-05 2.688140739337541e-05 2.553733793320134e-05 2.426047103654128e-05 2.304744702996686e-05 2.189507540606428e-05 2.080032209050842e-05 1.976030580408406e-05 1.877229078672826e-05 1.783367588359397e-05 1.694199272606056e-05 1.609489299880806e-05 1.529014843981713e-05 1.452564083592733e-05 1.379935838485835e-05 1.310939023824176e-05 1.245392104465282e-05 1.183122458314756e-05 1.12396637632628e-05 1.067768062057439e-05 1.014379631669726e-05 9.636606591811869e-06 9.154776307696011e-06 8.697037628735416e-06 8.262185474450234e-06 7.849076610000338e-06 7.456622824975057e-06 7.083791842887877e-06 6.729602318955585e-06 6.393122021108866e-06 6.073466011002893e-06 5.769792551291175e-06 5.481303105625557e-06 5.207237791182706e-06 4.946875833411468e-06 4.699531928054057e-06 4.464555331651354e-06 4.241327587806154e-06 4.029261162941111e-06 3.827798082056688e-06 3.636408109741751e-06 3.454587613305193e-06 3.281858198533882e-06 3.117765345450607e-06 2.961877044072025e-06 2.813783112287638e-06 2.67309405899141e-06 2.539439265092369e-06 2.412467210888281e-06 2.291843884449918e-06 2.177251644752687e-06 2.06838899430295e-06 1.964969442269648e-06 1.866720936050115e-06 1.773384838088532e-06 1.684715584815422e-06 1.600479777152941e-06 1.520455839454371e-06 1.444432996322575e-06 1.37221138629684e-06 1.303600811297656e-06 1.238420736626722e-06 1.176499722532753e-06 1.117674742090458e-06 1.061790953826858e-06 1.00870136066078e-06 9.582662414686638e-07 9.103529237108887e-07 8.648352718410024e-07 8.215935167754651e-07 7.805138579897175e-07 7.414881793010863e-07 7.044137646516901e-07 6.691930707347638e-07 6.357334427775641e-07 6.039467734808568e-07 5.737494461754977e-07 5.450619937619194e-07 5.178088713364559e-07 4.919183993479237e-07 4.673224793805275e-07 4.439563667801849e-07 4.217585569676885e-07 4.006706149084494e-07 3.806370898473688e-07 3.616052310917439e-07 3.435249595895584e-07 3.263486973992258e-07 3.100312540027517e-07 2.945296841971867e-07 2.798032028294983e-07
 0 0 0 0 0 0 0 0 0 0 0 0 0 0 0 0 0 0 0 0 0 0 0 0 0 0 0 0 0 0 0 0 0 0 0 0 0 0 0 0 0 0 0 0 0 0 0 0 0 0 0 0 0 0 0 0 0 0 0 0 0 0 0 0 0 0 0 0 0 0 0 0 0 0 0 0 0 0 0 0 0 0 0 0 0 0 0 0 0 0 0 0 0 0 0 0 0 0 0 0 0 0 0 0 0 0 0 0 0 0 0 0 0 0 0 0 0 0 0 0 0 0 0 0 0 0 0 0 0 0 0 0 0 0 0 0 0 0 0 0 0 0 0 0 0 0 0 0 0 0 0 0 0 0 0 0 0 0 0 0 0 0 0 0 0 0 0 0 0 0 0 0 0 0 0 0 0 0 0 0 0 0 0 0 0 0 0 0 0 0 0 0 0 0 0 0 0 0 0 0 0 0 0 0 0 0 0 0 0 0 0 0 0 0 0 0 0 0 0 0 0 0 0 0 0 0 0 0 0 0 0 0 0 0 0 0 0 0 0 0 0 0 0 0 0 0 0 0 0 0 0 0 0 0 0 0 0 0 0 0 0 0 0 0 0 0 0 0 0 0 0 0 0 0 0 0 0 0 0 0 0 0 0 0 0 0 0 0 0 0 0 0 0 0 0 0 0 0 0 0 0 0 0 0 0 0 0 0 0 0 0 0 0 0 0 0 0 0 0 0 0 0 0 0 0 0 0 0 0 0 0 0 0 0 0 0 0 0 0 0 0 0 0 0 0 0 0 0 0 0 0 0 0 0 0 0 0 0 0 0 0 0 0 0 0 0 0 0 0 0 0 0 0 0 0 0 0 0 0 0 0 0 0 0 0 0 0 0 0 0 0 0 0 0 0 0 0 0 0 0 0 0 0 0 0 0 0 0 0 0 0 0 0 0 0 0 0 0 0 0 0 0 0 0 0 0 0 0 0 0 0 0 0 0 0 0 0 0 0 0 0 0 0 0 0 0 0 0 0 0 0 0 0 0 0 0 0 0 0 0 0 0 0 0 0 0 0 0 0 0 0 0 0 0 0 0 0 0 0 0 0 0 0 0 0 0 0 0 0 0 0 0 0 0 0 0 0 0 0 0 0 0 0 0 0 0 0 0 0 0 0 0 0 0 0 0 0 0 0 0 0 0 0 0 0 0 0 0 0 0 0 0 0 0 0 0 0 0 0 0 0 0 0 0 0 0 0 0 0 0 0 0 0 0 0 0 0 0 0 0 0 0 0 0 0 0 0 0 0 0 0 0 0 0 0 0 0 0 0 0 0 0 0 0 0 0 0 0 0 0 0 0 0 0 0 0 0 0 0 0
 0 0 0 0 0 0 0 0 0 0 0 0 0 0 0 0 0 0 0 0 0 0 0 0 0 0 0 0 0 0 0 0 0 0 0 0 0 0 0 0 0 0 0 0 0 0 0 0 0 0 0 0 0 0 0 0 0 0 0 0 0 0 0 0 0 0 0 0 0 0 0 0 0 0 0 0 0 0 0 0 0 0 0 0 0 0 0 0 0 0 0 0 0 0 0 0 0 0 0 0 0 0 0 0 0 0 0 0 0 0 0 0 0 0 0 0 0 0 0 0 0 0 0 0 0 0 0 0 0 0 0 0 0 0 0 0 0 0 0 0 0 0 0 0 0 0 0 0 0 0 0 0 0 0 0 0 0 0 0 0 0 0 0 0 0 0 0 0 0 0 0 0 0 0 0 0 0 0 0 0 0 0 0 0 0 0 0 0 0 0 0 0 0 0 0 0 0 0 0 0 0 0 0 0 0 0 0 0 0 0 0 0 0 0 0 0 0 0 0 0 0 0 0 0 0 0 0 0 0 0 0 0 0 0 0 0 0 0 0 0 0 0 0 0 0 0 0 0 0 0 0 0 0 0 0 0 0 0 0 0 0 0 0 0 0 0 0 0 0 0 0 0 0 0 0 0 0 0 0 0 0 0 0 0 0 0 0 0 0 0 0 0 0 0 0 0 0 0 0 0 0 0 0 0 0 0 0 0 0 0 0 0 0 0 0 0 0 0 0 0 0 0 0 0 0 0 0 0 0 0 0 0 0 0 0 0 0 0 0 0 0 0 0 0 0 0 0 0 0 0 0 0 0 0 0 0 0 0 0 0 0 0 0 0 0 0 0 0 0 0 0 0 0 0 0 0 0 0 0 0 0 0 0 0 0 0 0 0 0 0 0 0 0 0 0 0 0 0 0 0 0 0 0 0 0 0 0 0 0 0 0 0 0 0 0 0 0 0 0 0 0 0 0 0 0 0 0 0 0 0 0 0 0 0 0 0 0 0 0 0 0 0 0 0 0 0 0 0 0 0 0 0 0 0 0 0 0 0 0 0 0 0 0 0 0 0 0 0 0 0 0 0 0 0 0 0 0 0 0 0 0 0 0 0 0 0 0 0 0 0 0 0 0 0 0 0 0 0 0 0 0 0 0 0 0 0 0 0 0 0 0 0 0 0 0 0 0 0 0 0 0 0 0 0 0 0 0 0 0 0 0 0 0 0 0 0 0 0 0 0 0 0 0 0 0 0 0 0 0 0 0 0 0 0 0 0 0 0 0 0 0 0 0 0 0 0 0 0 0 0 0 0 0 0 0 0 0 0 0 0 0 0 0 0 0 0 0 0 0 0 0 0 0 0 0 0 0 0 0 0


# name: r_0_m7_G0_L0p3_D0p7
# type: matrix
# rows: 1
# columns: 14
 0 -7 0.2 0 0.3 0 -3.766781666666666 0 0 0.081615126151141 0 141.8333333333333 0.752772652709081 0.7




