# Created by Octave 3.8.2, Sat Jun 17 19:48:46 2017 BST <co1ssj@node117>
# name: result
# type: scalar struct
# ndims: 2
 1 1
# length: 3
# name: params
# type: scalar struct
# ndims: 2
 1 1
# length: 18
# name: cleanup
# type: scalar
0


# name: num_runs
# type: scalar
6


# name: dopamine
# type: scalar
0.7


# name: targetCross
# type: scalar
1


# name: targetLuminance
# type: scalar
0.3


# name: targetWidthX
# type: scalar
6


# name: targetWidthY
# type: scalar
2


# name: fixCross
# type: scalar
1


# name: fixLuminance
# type: scalar
0.2


# name: fixWidthX
# type: scalar
6


# name: fixWidthY
# type: scalar
2


# name: fixOn
# type: scalar
0


# name: targetOff
# type: scalar
1


# name: targetOn
# type: scalar
0.2


# name: fixOff
# type: scalar
0.2


# name: targetThetaX
# type: scalar
0


# name: targetThetaY
# type: scalar
-11


# name: exptnum
# type: scalar
0




# name: r_0_m11_G0_L0p3_D0p7_llbn
# type: matrix
# rows: 24
# columns: 600
 0 0 0 0 0 0 0 0 0 0 0 0 0 0 0 0 0 0 0 0 0 0 0 0 0 0 0 0 0 0 0 0 0 0 0 0 0 0 0 0 0 0 0 0 0 0 0 0 0 0 0 0 0 0 0 0 0 0 0 0 0 0 0 0 0 0 0 0 0 0 0 0 0 0 0 0 0 0 0 0 0 0 0 0 0 0 0 0 0 0 0 0 0 0 0 0 0 0 0 0 0 0 0 0 0 0 0 0 0 0 0 0 0 0 0 0 0 0 0 0 0 0 0 0 0 0 0 0 0 0 0 0 0 0 0 0 0 0 0 0 0 0 0 0 0 0 0 0 0 0 0 0 0 0 0 0 0 0 0 0 0 0 0 0 0 0 0 0 0 0 0 0 0 0 0 0 0 0 0 0 0 0 0 0 0 0 0 0 0 0 0 0 0 0 0 0 0 0 0 0 0 0 0 0 0 0 0 0 0 0 0 0 0 0 0 0 0 0 0 0 0 0 0 0 0 0 0 0 0 0 0 0 0 0 0 0 0 0 0 0 0 0 0 0 0 0 0 0 0 0 0 0 0 0 0 0 0 0 0 0 0 0 0 0 0 0 0 0 0 0 0 0 0 0 0 0 0 0 0 0 0 0 0 0 0 0 0 0 0 0 0 0 0 0 0 0 0 0 0 0 0 0 0 0 0 0 0 0 0 0 0 0 0 0 0 0 0 0 0 0 0 0 0 0 0 0 0 0 0 0 0 0 0 0 0 0 0 0 0 0 0 0 0 0 0 0 0 0 0 0 0 0 0 0 0 0 0 0 0 0 0 0 0 0 0 0 0 0 0 0 0 0 0 0 0 0 0 0 0 0 0 0 0 0 0 0 0 0 0 0 0 0 0 0 0 0 0 0 0 0 0 0 0 0 0 0 0 0 0 0 0 0 0 0 0 0 0 0 0 0 0 0 0 0 0 0 0 0 0 0 0 0 0 0 0 0 0 0 0 0 0 0 0 0 0 0 0 0 0 0 0 0 0 0 0 0 0 0 0 0 0 0 0 0 0 0 0 0 0 0 0 0 0 0 0 0 0 0 0 0 0 0 0 0 0 0 0 0 0 0 0 0 0 0 0 0 0 0 0 0 0 0 0 0 0 0 0 0 0 0 0 0 0 0 0 0 0 0 0 0 0 0 0 0 0 0 0 0 0 0 0 0 0 0 0 0 0 0 0 0 0 0 0 0 0 0 0 0 0 0 0 0 0 0 0 0 0 0 0 0 0 0 0 0 0 0 0 0 0 0 0 0 0 0 0 0 0 0 0 0 0 0 0 0 0 0 0 0 0 0 0 0 0 0 0 0 0 0 0 0
 0 0 0 0 0 0 0 0 0 0 0 0 0 0 0 0 0 0 0 0 0 0 0 0 0 0 0 0 0 0 0 0 0 0 0 0 0 0 0 0 0 0 0 0 0 0 0 0 0 0 0 0 0 0 0 0 0 0 0 0 0 0 0 0 0 0 0 0 0 0 0 0 0 0 0 0 0 0 0 0 0 0 0 0 0 0 0 0 0 0 0 0 0 0 0 0 0 0 0 0 0 0 0 0 0 0 0 0 0 0 0 0 0 0 0 0 0 0 0 0 0 0 0 0 0 0 0 0 0 0 0 0 0 0 0 0 0 0 0 0 0 0 0 0 0 0 0 0 0 0 0 0 0 0 0 0 0 0 0 0 0 0 0 0 0 0 0 0 0 0 0 0 0 0 0 0 0 0 0 0 0 0 0 0 0 0 0 0 0 0 0 0 0 0 0 0 0 0 0 0 0 0 0 0 0 0 0 0 0 0 0 0 0 0 0 0 0 0 0 0 0 0 0 0 0 0 0 0 0 0 0 0 0 0 0 0 0 0 0 0 0 0 0 0 0 0 0 0 0 0 0 0 0 0 0 0 0 0 0 0 0 0 0 0 0 0 0 0 0 0 0 0 0 0 0 0 0 0 0 0 0 0 0 0 0 0 0 0 0 0 0 0 0 0 0 0 0 0 0 0 0 0 0 0 0 0 5.980872811051086e-05 0.0009601206984370947 0.002735005225986242 0.005496419966220856 0.009379725903272629 0.01431850530207157 0.02038978412747383 0.02751156874001026 0.03558605164289474 0.04448677226901054 0.05425972864031792 0.06478119641542435 0.07596665620803833 0.08782250434160233 0.1004267483949661 0.1138814762234688 0.1281018555164337 0.1428867280483246 0.1582621335983276 0.1741151213645935 0.1903569102287292 0.2070780992507935 0.2243468910455704 0.2420680522918701 0.2602768838405609 0.2789158821105957 0.2961019277572632 0.3093052804470062 0.3168799877166748 0.3176807761192322 0.310798704624176 0.2956140637397766 0.28083336353302 0.2667917013168335 0.2534521222114563 0.2407795190811157 0.2287405431270599 0.2173035144805908 0.2064383327960968 0.1961164176464081 0.1863105893135071 0.1769950538873672 0.1681452989578247 0.1597380340099335 0.1517511308193207 0.144163578748703 0.1369553953409195 0.1301076263189316 0.1236022412776947 0.1174221262335777 0.1115510165691376 0.1059734672307968 0.1006747931241989 0.09564105421304703 0.09085900336503983 0.0863160565495491 0.0820002555847168 0.0779002457857132 0.07400523126125336 0.07030496746301651 0.06678971648216248 0.06345023214817047 0.06027771905064583 0.05726383253931999 0.05440064147114754 0.05168060958385468 0.04909658059477806 0.0466417521238327 0.04430966451764107 0.04209418222308159 0.03998947143554688 0.03798999637365341 0.03609049692749977 0.03428597375750542 0.03257167339324951 0.03094309009611607 0.02939593605697155 0.02792613953351974 0.0265298318117857 0.02520333975553513 0.02394317276775837 0.02274601347744465 0.02160871215164661 0.0205282773822546 0.01950186304748058 0.01852677017450333 0.01760043203830719 0.01672041043639183 0.01588439010083675 0.01509017031639814 0.01433566212654114 0.01361887902021408 0.01293793506920338 0.01229103840887547 0.01167648658156395 0.01109266187995672 0.01053802855312824 0.01001112721860409 0.009510571137070656 0.009035042487084866 0.008583290502429008 0.008154125884175301 0.007746419403702021 0.007359098643064499 0.006991143804043531 0.006641586776822805 0.006309507414698601 0.005994032137095928 0.005694330669939518 0.005409614183008671 0.005139133427292109 0.004882176872342825 0.004638067912310362 0.004406164400279522 0.004185856319963932 0.003976563457399607 0.003777735400944948 0.003588848747313023 0.003409406403079629 0.003238936187699437 0.003076989436522126 0.00292314006946981 0.002776982961222529 0.002638133708387613 0.002506226999685168 0.002380915684625506 0.00226186984218657 0.002148776315152645 0.002041337545961142 0.00193927064538002 0.001842307159677148 0.001750191790051758 0.001662682159803808 0.001579547999426723 0.00150057056453079 0.001425542053766549 0.001354264910332859 0.001286551705561578 0.001222224091179669 0.001161112915724516 0.001103057293221354 0.001047904370352626 0.0009955090936273336 0.0009457336273044348 0.000898446945939213 0.0008535246015526354 0.0008108483743853867 0.0007703059818595648 0.0007317906711250544 0.000695201160851866 0.0006604411173611879 0.0006274190382100642 0.0005960480775684118 0.0005662456969730556 0.0005379334324970841 0.0005110367783345282 0.000485484953969717 0.0004612107004504651 0.0004381501639727503 0.0004162426630500704 0.0003954305429942906 0.0003756590303964913 0.0003568760876078159 0.0003390322963241488 0.0003220806829631329 0.0003059766604565084 0.0002906778245232999 0.0002761439245659858 0.0002623367181513458 0.0002492198836989701 0.0002367588895140216 0.0002249209501314908 0.0002136749099008739 0.0002029911702265963 0.0001928416168084368 0.0001831995323300362 0.0001740395528031513 0.0001653375802561641 0.0001570706954225898 0.0001492171577410772 0.0001417563034920022 0.0001346684875898063 0.0001279350690310821 0.0001215383163071238 0.0001154614001279697 0.0001096883279387839 0.0001042039148160256 9.899371798383072e-05 9.404402953805402e-05 8.934182551456615e-05 8.487473678542301e-05 8.063099812716246e-05 7.659944822080433e-05 7.276947872014716e-05 6.913100514793769e-05 6.567445234395564e-05 6.23907326371409e-05 5.927119491389021e-05 5.630763553199358e-05 5.349225466488861e-05 5.081764174974523e-05 4.827676093555056e-05 4.586292197927833e-05 4.356977660791017e-05 4.139128941460513e-05 3.932172330678441e-05 3.73556358681526e-05 3.548785389284603e-05 3.371346247149631e-05 3.202779043931514e-05 3.042640128114726e-05 2.890508039854467e-05 2.745982601481955e-05 2.608683462312911e-05 2.478249371051788e-05 2.354336902499199e-05 2.236620093754027e-05 2.124789170920849e-05 2.01854963961523e-05 1.917622103064787e-05 1.8217409888166e-05 1.730654003040399e-05 1.644121221033856e-05 1.561915087222587e-05 1.483819323766511e-05 1.409628384863026e-05 1.339147001999663e-05 1.27218963825726e-05 1.208580124512082e-05 1.148151113739004e-05 1.090743535314687e-05 1.036206322169164e-05 9.843960469879676e-06 9.351762855658308e-06 8.884174349077512e-06 8.43996531330049e-06 8.017967047635466e-06 7.617068604304222e-06 7.236214969452703e-06 6.874404334666906e-06 6.530684004246723e-06 6.204149940458592e-06 5.893942216061987e-06 5.599245014309417e-06 5.319282536220271e-06 5.053318545833463e-06 4.800652732228627e-06 4.560620254778769e-06 4.332589014666155e-06 4.115959654882317e-06 3.910161467501894e-06 3.714653303177329e-06 3.528920615281095e-06 3.352474550410989e-06 3.184850811521756e-06 3.025608293683035e-06 2.874327947210986e-06 2.730611640799907e-06 2.59408102465386e-06 2.464377075739321e-06 2.341158278795774e-06 2.224100398962037e-06 2.112895344907884e-06 2.007250486713019e-06 1.906887973746052e-06 1.811543597796117e-06 1.720966452012362e-06 1.634918135096086e-06 1.553172182866547e-06 1.475513613513613e-06 1.401737904416223e-06 1.331650992142386e-06 1.265068476641318e-06 1.201815052809252e-06 1.141724283115764e-06 1.084638029169582e-06 1.030406110658078e-06 9.788858505999087e-07 9.299415637542552e-07 8.834444997773971e-07 8.392722747885273e-07 7.973086439960753e-07 7.574432174806134e-07 7.195710622909246e-07 6.835925319137459e-07 6.494129252132552e-07 6.169422590573959e-07 5.860951546310389e-07 5.567903826886322e-07 5.289508635542006e-07 5.025033260608325e-07 4.773781370204233e-07 4.535092443802569e-07 4.308337793190731e-07
 0 0 0 0 0 0 0 0 0 0 0 0 0 0 0 0 0 0 0 0 0 0 0 0 0 0 0 0 0 0 0 0 0 0 0 0 0 0 0 0 0 0 0 0 0 0 0 0 0 0 0 0 0 0 0 0 0 0 0 0 0 0 0 0 0 0 0 0 0 0 0 0 0 0 0 0 0 0 0 0 0 0 0 0 0 0 0 0 0 0 0 0 0 0 0 0 0 0 0 0 0 0 0 0 0 0 0 0 0 0 0 0 0 0 0 0 0 0 0 0 0 0 0 0 0 0 0 0 0 0 0 0 0 0 0 0 0 0 0 0 0 0 0 0 0 0 0 0 0 0 0 0 0 0 0 0 0 0 0 0 0 0 0 0 0 0 0 0 0 0 0 0 0 0 0 0 0 0 0 0 0 0 0 0 0 0 0 0 0 0 0 0 0 0 0 0 0 0 0 0 0 0 0 0 0 0 0 0 0 0 0 0 0 0 0 0 0 0 0 0 0 0 0 0 0 0 0 0 0 0 0 0 0 0 0 0 0 0 0 0 0 0 0 0 0 0 0 0 0 0 0 0 0 0 0 0 0 0 0 0 0 0 0 0 0 0 0 0 0 0 0 0 0 0 0 0 0 0 0 0 0 0 0 0 0 0 0 0 0 0 0 0 0 0 0 0 0 0 0 0 0 0 0 0 0 0 0 0 0 0 0 0 0 0 0 0 0 0 0 0 0 0 0 0 0 0 0 0 0 0 0 0 0 0 0 0 0 0 0 0 0 0 0 0 0 0 0 0 0 0 0 0 0 0 0 0 0 0 0 0 0 0 0 0 0 0 0 0 0 0 0 0 0 0 0 0 0 0 0 0 0 0 0 0 0 0 0 0 0 0 0 0 0 0 0 0 0 0 0 0 0 0 0 0 0 0 0 0 0 0 0 0 0 0 0 0 0 0 0 0 0 0 0 0 0 0 0 0 0 0 0 0 0 0 0 0 0 0 0 0 0 0 0 0 0 0 0 0 0 0 0 0 0 0 0 0 0 0 0 0 0 0 0 0 0 0 0 0 0 0 0 0 0 0 0 0 0 0 0 0 0 0 0 0 0 0 0 0 0 0 0 0 0 0 0 0 0 0 0 0 0 0 0 0 0 0 0 0 0 0 0 0 0 0 0 0 0 0 0 0 0 0 0 0 0 0 0 0 0 0 0 0 0 0 0 0 0 0 0 0 0 0 0 0 0 0 0 0 0 0 0 0 0 0 0 0 0 0 0 0 0 0 0 0 0 0 0 0 0 0 0 0 0 0 0 0 0 0 0 0 0 0 0 0 0 0 0 0 0 0 0 0 0 0 0 0 0 0 0 0
 0 0 0 0 0 0 0 0 0 0 0 0 0 0 0 0 0 0 0 0 0 0 0 0 0 0 0 0 0 0 0 0 0 0 0 0 0 0 0 0 0 0 0 0 0 0 0 0 0 0 0 0 0 0 0 0 0 0 0 0 0 0 0 0 0 0 0 0 0 0 0 0 0 0 0 0 0 0 0 0 0 0 0 0 0 0 0 0 0 0 0 0 0 0 0 0 0 0 0 0 0 0 0 0 0 0 0 0 0 0 0 0 0 0 0 0 0 0 0 0 0 0 0 0 0 0 0 0 0 0 0 0 0 0 0 0 0 0 0 0 0 0 0 0 0 0 0 0 0 0 0 0 0 0 0 0 0 0 0 0 0 0 0 0 0 0 0 0 0 0 0 0 0 0 0 0 0 0 0 0 0 0 0 0 0 0 0 0 0 0 0 0 0 0 0 0 0 0 0 0 0 0 0 0 0 0 0 0 0 0 0 0 0 0 0 0 0 0 0 0 0 0 0 0 0 0 0 0 0 0 0 0 0 0 0 0 0 0 0 0 0 0 0 0 0 0 0 0 0 0 0 0 0 0 0 0 0 0 0 0 0 0 0 0 0 0 0 0 0 0 0 0 0 0 0 0 0 0 0 0 0 0 0 0 0 0 0 0 0 0 0 0 0 0 0 0 0 0 0 0 0 0 0 0 0 0 0 0 0 0 0 0 0 0 0 0 0 0 0 0 0 0 0 0 0 0 0 0 0 0 0 0 0 0 0 0 0 0 0 0 0 0 0 0 0 0 0 0 0 0 0 0 0 0 0 0 0 0 0 0 0 0 0 0 0 0 0 0 0 0 0 0 0 0 0 0 0 0 0 0 0 0 0 0 0 0 0 0 0 0 0 0 0 0 0 0 0 0 0 0 0 0 0 0 0 0 0 0 0 0 0 0 0 0 0 0 0 0 0 0 0 0 0 0 0 0 0 0 0 0 0 0 0 0 0 0 0 0 0 0 0 0 0 0 0 0 0 0 0 0 0 0 0 0 0 0 0 0 0 0 0 0 0 0 0 0 0 0 0 0 0 0 0 0 0 0 0 0 0 0 0 0 0 0 0 0 0 0 0 0 0 0 0 0 0 0 0 0 0 0 0 0 0 0 0 0 0 0 0 0 0 0 0 0 0 0 0 0 0 0 0 0 0 0 0 0 0 0 0 0 0 0 0 0 0 0 0 0 0 0 0 0 0 0 0 0 0 0 0 0 0 0 0 0 0 0 0 0 0 0 0 0 0 0 0 0 0 0 0 0 0 0 0 0 0 0 0 0 0 0 0 0 0 0 0 0 0 0 0 0 0 0 0 0 0 0 0 0 0 0
 0 0 0 0 0 0 0 0 0 0 0 0 0 0 0 0 0 0 0 0 0 0 0 0 0 0 0 0 0 0 0 0 0 0 0 0 0 0 0 0 0 0 0 0 0 0 0 0 0 0 0 0 0 0 0 0 0 0 0 0 0 0 0 0 0 0 0 0 0 0 0 0 0 0 0 0 0 0 0 0 0 0 0 0 0 0 0 0 0 0 0 0 0 0 0 0 0 0 0 0 0 0 0 0 0 0 0 0 0 0 0 0 0 0 0 0 0 0 0 0 0 0 0 0 0 0 0 0 0 0 0 0 0 0 0 0 0 0 0 0 0 0 0 0 0 0 0 0 0 0 0 0 0 0 0 0 0 0 0 0 0 0 0 0 0 0 0 0 0 0 0 0 0 0 0 0 0 0 0 0 0 0 0 0 0 0 0 0 0 0 0 0 0 0 0 0 0 0 0 0 0 0 0 0 0 0 0 0 0 0 0 0 0 0 0 0 0 0 0 0 0 0 0 0 0 0 0 0 0 0 0 0 0 0 0 0 0 0 0 0 0 0 0 0 0 0 0 0 0 0 0 0 0 0 0 0 0 0 0 0 0 0 0 0 0 0 0 0 0 0 0 0 0 0 0 0 0 0 0 0 0 0 0 0 0 0 0 0 0 0 0 0 0 0 0 0 0 0 0 0 0 0 0 0 0 0 0 0 0 0 0 0 0 0 0 0 0 0 0 0 0 0 0 0 0 0 0 0 0 0 0 0 0 0 0 0 0 0 0 0 0 0 0 0 0 0 0 0 0 0 0 0 0 0 0 0 0 0 0 0 0 0 0 0 0 0 0 0 0 0 0 0 0 0 0 0 0 0 0 0 0 0 0 0 0 0 0 0 0 0 0 0 0 0 0 0 0 0 0 0 0 0 0 0 0 0 0 0 0 0 0 0 0 0 0 0 0 0 0 0 0 0 0 0 0 0 0 0 0 0 0 0 0 0 0 0 0 0 0 0 0 0 0 0 0 0 0 0 0 0 0 0 0 0 0 0 0 0 0 0 0 0 0 0 0 0 0 0 0 0 0 0 0 0 0 0 0 0 0 0 0 0 0 0 0 0 0 0 0 0 0 0 0 0 0 0 0 0 0 0 0 0 0 0 0 0 0 0 0 0 0 0 0 0 0 0 0 0 0 0 0 0 0 0 0 0 0 0 0 0 0 0 0 0 0 0 0 0 0 0 0 0 0 0 0 0 0 0 0 0 0 0 0 0 0 0 0 0 0 0 0 0 0 0 0 0 0 0 0 0 0 0 0 0 0 0 0 0 0 0 0 0 0 0 0 0 0 0 0 0 0 0 0 0 0 0 0 0 0 0
 0 0 0 0 0 0 0 0 0 0 0 0 0 0 0 0 0 0 0 0 0 0 0 0 0 0 0 0 0 0 0 0 0 0 0 0 0 0 0 0 0 0 0 0 0 0 0 0 0 0 0 0 0 0 0 0 0 0 0 0 0 0 0 0 0 0 0 0 0 0 0 0 0 0 0 0 0 0 0 0 0 0 0 0 0 0 0 0 0 0 0 0 0 0 0 0 0 0 0 0 0 0 0 0 0 0 0 0 0 0 0 0 0 0 0 0 0 0 0 0 0 0 0 0 0 0 0 0 0 0 0 0 0 0 0 0 0 0 0 0 0 0 0 0 0 0 0 0 0 0 0 0 0 0 0 0 0 0 0 0 0 0 0 0 0 0 0 0 0 0 0 0 0 0 0 0 0 0 0 0 0 0 0 0 0 0 0 0 0 0 0 0 0 0 0 0 0 0 0 0 0 0 0 0 0 0 0 0 0 0 0 0 0 0 0 0 0 0 0 0 0 0 0 0 0 0 0 0 0 0 0 0 0 0 0 0 0 0 0 0 0 0 0 0 0 0 0 0 0 0 0 0 0 0 0 0 0 0 0 0 0 0 0 0 0 0 0 0 0 0 0 0 0 0 0 0 0 0 0 0 0 0 0 0 0 0 0 0 0 0 0 0 0 0 0 0 0 0 0 0 0 0 0 0 0 0 0 0 0 0 0.0003813233925029635 0.001639958587475121 0.003858712036162615 0.007204598747193813 0.01177331432700157 0.01755238883197308 0.02451333589851856 0.03251351788640022 0.04143072292208672 0.05122673511505127 0.06185281649231911 0.07334521412849426 0.08558740466833115 0.09869545698165894 0.1127346307039261 0.1275759339332581 0.1430729925632477 0.159138411283493 0.1756330579519272 0.1926112323999405 0.2101923227310181 0.2284435033798218 0.2473670095205307 0.266920268535614 0.2871304154396057 0.3065108060836792 0.3221697509288788 0.3322094082832336 0.3352266848087311 0.3304310739040375 0.3171731233596802 0.3013144731521606 0.2862487435340881 0.271936297416687 0.2583394944667816 0.2454225122928619 0.2331513911485672 0.2214938253164291 0.2104191333055496 0.1998981833457947 0.1899032741785049 0.1804081052541733 0.1713877022266388 0.1628183126449585 0.1546773910522461 0.146943524479866 0.1395963430404663 0.1326165199279785 0.1259856969118118 0.1196864098310471 0.1137020885944366 0.1080169826745987 0.1026161313056946 0.09748532623052597 0.09261105954647064 0.08798050880432129 0.08358148485422134 0.07940240949392319 0.07543228566646576 0.07166066765785217 0.06807763129472733 0.06467375159263611 0.06144006550312042 0.05836806073784828 0.05544965714216232 0.05267717316746712 0.05004331469535828 0.04754114896059036 0.04516409337520599 0.04290588945150375 0.0407605953514576 0.03872256726026535 0.03678643703460693 0.03494711592793465 0.03319976106286049 0.03153977170586586 0.02996278367936611 0.02846464514732361 0.02704141288995743 0.02568934299051762 0.02440487593412399 0.02318463288247585 0.02202540077269077 0.02092413045465946 0.01987792365252972 0.01888402737677097 0.01793982647359371 0.01704283431172371 0.01619069278240204 0.01538115832954645 0.01461210008710623 0.0138814952224493 0.0131874205544591 0.01252804975956678 0.01190164685249329 0.01130656432360411 0.01074123568832874 0.01020417362451553 0.009693965315818787 0.009209266863763332 0.008748803287744522 0.008311362937092781 0.007895794697105885 0.007501005195081234 0.007125955075025558 0.006769657135009766 0.006431174464523792 0.006109615787863731 0.005804134998470545 0.005513928364962339 0.005238231737166643 0.004976320080459118 0.004727504216134548 0.004491128958761692 0.004266572650521994 0.004053243901580572 0.003850581590086222 0.003658052533864975 0.003475149860605597 0.003301392309367657 0.003136322600767016 0.002979506505653262 0.002830531215295196 0.002689004642888904 0.002554554492235184 0.002426826860755682 0.002305485541000962 0.002190211322158575 0.002080700825899839 0.001976665807887912 0.001877832459285855 0.00178394082468003 0.001694743754342198 0.001610006554983556 0.001529506174847484 0.001453030854463577 0.001380379311740398 0.001311360392719507 0.001245792373083532 0.001183502725325525 0.001124327536672354 0.001068111159838736 0.00101470563095063 0.0009639703202992678 0.0009157718159258366 0.0008699832251295447 0.0008264840580523014 0.0007851598784327507 0.0007459018961526453 0.0007086067926138639 0.0006731764297001064 0.0006395176169462502 0.0006075417622923851 0.0005771646974608302 0.0005483064451254904 0.0005208911024965346 0.0004948465502820909 0.0004701042198576033 0.0004465990059543401 0.0004242690629325807 0.0004030556010548025 0.00038290282827802 0.0003637576883193105 0.0003455698024481535 0.000328291323967278 0.0003118767635896802 0.0002962829312309623 0.0002814687904901803 0.0002673953422345221 0.0002540255663916469 0.0002413242909824476 0.0002292580757057294 0.0002177951682824641 0.0002069054171442986 0.0001965601404663175 0.000186732126167044 0.0001773955154931173 0.0001685257448116317 0.0001600994582986459 0.0001520944788353518 0.0001444897498004138 0.0001372652623103932 0.0001304019970120862 0.0001238818949786946 0.0001176877995021641 0.000111803412437439 0.0001062132432707585 0.000100902580015827 9.585745283402503e-05 9.106458310270682e-05 8.651135431136936e-05 8.218578295782208e-05 7.807649672031403e-05 7.417266897391528e-05 7.046403334243223e-05 6.694083276670426e-05 6.359379040077329e-05 6.041410233592615e-05 5.739339758292772e-05 5.452372715808451e-05 5.179754225537181e-05 4.920766514260322e-05 4.674728188547306e-05 4.44099168817047e-05 4.218942194711417e-05 4.007995084975846e-05 3.807595203397796e-05 3.617215406848118e-05 3.436354745645076e-05 3.264537008362822e-05 3.101309994235635e-05 2.946244421764277e-05 2.798932109726593e-05 2.658985431480687e-05 2.526036223571282e-05 2.399734330538195e-05 2.279747604916338e-05 2.165760270145256e-05 2.057472192973364e-05 1.954598519660067e-05 1.856868584582116e-05 1.764025182637852e-05 1.675823841651436e-05 1.592032640473917e-05 1.512431026640115e-05 1.436809452570742e-05 1.364969011774519e-05 1.296720529353479e-05 1.23188447105349e-05 1.170290215668501e-05 1.111775691242656e-05 1.056186920322943e-05 1.003377565211849e-05 9.532086551189423e-06 9.055482223629951e-06 8.602708476246335e-06 8.172572961484548e-06 7.763944267935585e-06 7.375746918114601e-06 7.006959549471503e-06 6.656611731159501e-06 6.323781235550996e-06 6.007592219248181e-06 5.707212494598934e-06 5.421851710707415e-06 5.150759079697309e-06 4.893221102975076e-06 4.648560206987895e-06 4.41613201473956e-06 4.195325345790479e-06 3.98555903302622e-06 3.786281013162807e-06 3.596966962504666e-06 3.417118705328903e-06 3.246262849643244e-06 3.083949650317663e-06 2.929752099589678e-06 2.783264562822296e-06 2.644101414261968e-06 2.511896354917553e-06 2.386301503065624e-06 2.266986484755762e-06 2.153637069568504e-06 2.045955170615343e-06 1.943657480296679e-06 1.84647456080711e-06 1.754150844135438e-06 1.666443267822615e-06 1.583121047588065e-06 1.503964995208662e-06 1.428766722710861e-06 1.357328414997028e-06 1.28946203403757e-06 1.224988977810426e-06 1.163739511866879e-06 1.105552541957877e-06 1.050274931913009e-06 9.977611625799909e-07 9.478731044509914e-07 9.004794492284418e-07 8.554554824513616e-07 8.12682685591426e-07 7.720485655227094e-07 7.334461429309158e-07 6.96773838626541e-07 6.619351324843592e-07 6.288383929131669e-07 5.973964789518504e-07 5.675266265825485e-07 5.391502782003954e-07
 0 0 0 0 0 0 0 0 0 0 0 0 0 0 0 0 0 0 0 0 0 0 0 0 0 0 0 0 0 0 0 0 0 0 0 0 0 0 0 0 0 0 0 0 0 0 0 0 0 0 0 0 0 0 0 0 0 0 0 0 0 0 0 0 0 0 0 0 0 0 0 0 0 0 0 0 0 0 0 0 0 0 0 0 0 0 0 0 0 0 0 0 0 0 0 0 0 0 0 0 0 0 0 0 0 0 0 0 0 0 0 0 0 0 0 0 0 0 0 0 0 0 0 0 0 0 0 0 0 0 0 0 0 0 0 0 0 0 0 0 0 0 0 0 0 0 0 0 0 0 0 0 0 0 0 0 0 0 0 0 0 0 0 0 0 0 0 0 0 0 0 0 0 0 0 0 0 0 0 0 0 0 0 0 0 0 0 0 0 0 0 0 0 0 0 0 0 0 0 0 0 0 0 0 0 0 0 0 0 0 0 0 0 0 0 0 0 0 0 0 0 0 0 0 0 0 0 0 0 0 0 0 0 0 0 0 0 0 0 0 0 0 0 0 0 0 0 0 0 0 0 0 0 0 0 0 0 0 0 0 0 0 0 0 0 0 0 0 0 0 0 0 0 0 0 0 0 0 0 0 0 0 0 0 0 0 0 0 0 0 0 0 0 0 0 0 0 0 0 0 0 0 0 0 0 0 0 0 0 0 0 0 0 0 0 0 0 0 0 0 0 0 0 0 0 0 0 0 0 0 0 0 0 0 0 0 0 0 0 0 0 0 0 0 0 0 0 0 0 0 0 0 0 0 0 0 0 0 0 0 0 0 0 0 0 0 0 0 0 0 0 0 0 0 0 0 0 0 0 0 0 0 0 0 0 0 0 0 0 0 0 0 0 0 0 0 0 0 0 0 0 0 0 0 0 0 0 0 0 0 0 0 0 0 0 0 0 0 0 0 0 0 0 0 0 0 0 0 0 0 0 0 0 0 0 0 0 0 0 0 0 0 0 0 0 0 0 0 0 0 0 0 0 0 0 0 0 0 0 0 0 0 0 0 0 0 0 0 0 0 0 0 0 0 0 0 0 0 0 0 0 0 0 0 0 0 0 0 0 0 0 0 0 0 0 0 0 0 0 0 0 0 0 0 0 0 0 0 0 0 0 0 0 0 0 0 0 0 0 0 0 0 0 0 0 0 0 0 0 0 0 0 0 0 0 0 0 0 0 0 0 0 0 0 0 0 0 0 0 0 0 0 0 0 0 0 0 0 0 0 0 0 0 0 0 0 0 0 0 0 0 0 0 0 0 0 0 0 0 0 0 0 0 0 0 0 0 0 0 0 0 0 0 0 0 0 0 0 0 0
 0 0 0 0 0 0 0 0 0 0 0 0 0 0 0 0 0 0 0 0 0 0 0 0 0 0 0 0 0 0 0 0 0 0 0 0 0 0 0 0 0 0 0 0 0 0 0 0 0 0 0 0 0 0 0 0 0 0 0 0 0 0 0 0 0 0 0 0 0 0 0 0 0 0 0 0 0 0 0 0 0 0 0 0 0 0 0 0 0 0 0 0 0 0 0 0 0 0 0 0 0 0 0 0 0 0 0 0 0 0 0 0 0 0 0 0 0 0 0 0 0 0 0 0 0 0 0 0 0 0 0 0 0 0 0 0 0 0 0 0 0 0 0 0 0 0 0 0 0 0 0 0 0 0 0 0 0 0 0 0 0 0 0 0 0 0 0 0 0 0 0 0 0 0 0 0 0 0 0 0 0 0 0 0 0 0 0 0 0 0 0 0 0 0 0 0 0 0 0 0 0 0 0 0 0 0 0 0 0 0 0 0 0 0 0 0 0 0 0 0 0 0 0 0 0 0 0 0 0 0 0 0 0 0 0 0 0 0 0 0 0 0 0 0 0 0 0 0 0 0 0 0 0 0 0 0 0 0 0 0 0 0 0 0 0 0 0 0 0 0 0 0 0 0 0 0 0 0 0 0 0 0 0 0 0 0 0 0 0 0 0 0 0 0 0 0 0 0 0 0 0 0 0 0 0 0 0 0 0 0 0 0 0 0 0 0 0 0 0 0 0 0 0 0 0 0 0 0 0 0 0 0 0 0 0 0 0 0 0 0 0 0 0 0 0 0 0 0 0 0 0 0 0 0 0 0 0 0 0 0 0 0 0 0 0 0 0 0 0 0 0 0 0 0 0 0 0 0 0 0 0 0 0 0 0 0 0 0 0 0 0 0 0 0 0 0 0 0 0 0 0 0 0 0 0 0 0 0 0 0 0 0 0 0 0 0 0 0 0 0 0 0 0 0 0 0 0 0 0 0 0 0 0 0 0 0 0 0 0 0 0 0 0 0 0 0 0 0 0 0 0 0 0 0 0 0 0 0 0 0 0 0 0 0 0 0 0 0 0 0 0 0 0 0 0 0 0 0 0 0 0 0 0 0 0 0 0 0 0 0 0 0 0 0 0 0 0 0 0 0 0 0 0 0 0 0 0 0 0 0 0 0 0 0 0 0 0 0 0 0 0 0 0 0 0 0 0 0 0 0 0 0 0 0 0 0 0 0 0 0 0 0 0 0 0 0 0 0 0 0 0 0 0 0 0 0 0 0 0 0 0 0 0 0 0 0 0 0 0 0 0 0 0 0 0 0 0 0 0 0 0 0 0 0 0 0 0 0 0 0 0 0 0 0 0 0 0 0 0 0
 0 0 0 0 0 0 0 0 0 0 0 0 0 0 0 0 0 0 0 0 0 0 0 0 0 0 0 0 0 0 0 0 0 0 0 0 0 0 0 0 0 0 0 0 0 0 0 0 0 0 0 0 0 0 0 0 0 0 0 0 0 0 0 0 0 0 0 0 0 0 0 0 0 0 0 0 0 0 0 0 0 0 0 0 0 0 0 0 0 0 0 0 0 0 0 0 0 0 0 0 0 0 0 0 0 0 0 0 0 0 0 0 0 0 0 0 0 0 0 0 0 0 0 0 0 0 0 0 0 0 0 0 0 0 0 0 0 0 0 0 0 0 0 0 0 0 0 0 0 0 0 0 0 0 0 0 0 0 0 0 0 0 0 0 0 0 0 0 0 0 0 0 0 0 0 0 0 0 0 0 0 0 0 0 0 0 0 0 0 0 0 0 0 0 0 0 0 0 0 0 0 0 0 0 0 0 0 0 0 0 0 0 0 0 0 0 0 0 0 0 0 0 0 0 0 0 0 0 0 0 0 0 0 0 0 0 0 0 0 0 0 0 0 0 0 0 0 0 0 0 0 0 0 0 0 0 0 0 0 0 0 0 0 0 0 0 0 0 0 0 0 0 0 0 0 0 0 0 0 0 0 0 0 0 0 0 0 0 0 0 0 0 0 0 0 0 0 0 0 0 0 0 0 0 0 0 0 0 0 0 0 0 0 0 0 0 0 0 0 0 0 0 0 0 0 0 0 0 0 0 0 0 0 0 0 0 0 0 0 0 0 0 0 0 0 0 0 0 0 0 0 0 0 0 0 0 0 0 0 0 0 0 0 0 0 0 0 0 0 0 0 0 0 0 0 0 0 0 0 0 0 0 0 0 0 0 0 0 0 0 0 0 0 0 0 0 0 0 0 0 0 0 0 0 0 0 0 0 0 0 0 0 0 0 0 0 0 0 0 0 0 0 0 0 0 0 0 0 0 0 0 0 0 0 0 0 0 0 0 0 0 0 0 0 0 0 0 0 0 0 0 0 0 0 0 0 0 0 0 0 0 0 0 0 0 0 0 0 0 0 0 0 0 0 0 0 0 0 0 0 0 0 0 0 0 0 0 0 0 0 0 0 0 0 0 0 0 0 0 0 0 0 0 0 0 0 0 0 0 0 0 0 0 0 0 0 0 0 0 0 0 0 0 0 0 0 0 0 0 0 0 0 0 0 0 0 0 0 0 0 0 0 0 0 0 0 0 0 0 0 0 0 0 0 0 0 0 0 0 0 0 0 0 0 0 0 0 0 0 0 0 0 0 0 0 0 0 0 0 0 0 0 0 0 0 0 0 0 0 0 0 0 0 0 0 0 0 0 0 0
 0 0 0 0 0 0 0 0 0 0 0 0 0 0 0 0 0 0 0 0 0 0 0 0 0 0 0 0 0 0 0 0 0 0 0 0 0 0 0 0 0 0 0 0 0 0 0 0 0 0 0 0 0 0 0 0 0 0 0 0 0 0 0 0 0 0 0 0 0 0 0 0 0 0 0 0 0 0 0 0 0 0 0 0 0 0 0 0 0 0 0 0 0 0 0 0 0 0 0 0 0 0 0 0 0 0 0 0 0 0 0 0 0 0 0 0 0 0 0 0 0 0 0 0 0 0 0 0 0 0 0 0 0 0 0 0 0 0 0 0 0 0 0 0 0 0 0 0 0 0 0 0 0 0 0 0 0 0 0 0 0 0 0 0 0 0 0 0 0 0 0 0 0 0 0 0 0 0 0 0 0 0 0 0 0 0 0 0 0 0 0 0 0 0 0 0 0 0 0 0 0 0 0 0 0 0 0 0 0 0 0 0 0 0 0 0 0 0 0 0 0 0 0 0 0 0 0 0 0 0 0 0 0 0 0 0 0 0 0 0 0 0 0 0 0 0 0 0 0 0 0 0 0 0 0 0 0 0 0 0 0 0 0 0 0 0 0 0 0 0 0 0 0 0 0 0 0 0 0 0 0 0 0 0 0 0 0 0 0 0 0 0 0 0 0 0 0 0 0 0 0 0 0 0 0 0 0 0 0 0 0.0008476073271594942 0.002605704823508859 0.00537807634100318 0.009326724335551262 0.01446468010544777 0.02062349393963814 0.02784758433699608 0.0362321250140667 0.04561454057693481 0.05580784007906914 0.06677328050136566 0.07839762419462204 0.09062448889017105 0.1036956459283829 0.1176011934876442 0.1323271542787552 0.1476594656705856 0.16356360912323 0.1800971031188965 0.1971721947193146 0.2145890593528748 0.2323909550905228 0.2505451440811157 0.269038051366806 0.2878828048706055 0.3048288524150848 0.3176021873950958 0.3245494365692139 0.3243307173252106 0.3161892294883728 0.300379753112793 0.2853607535362244 0.2710927128791809 0.2575380802154541 0.2446611821651459 0.2324281185865402 0.2208067178726196 0.2097663879394531 0.1992780715227127 0.1893141716718674 0.1798484623432159 0.1708560436964035 0.162313237786293 0.1541975736618042 0.1464876979589462 0.1391633152961731 0.1322051435709 0.1255948841571808 0.1193151399493217 0.1133493855595589 0.1076819151639938 0.1022978201508522 0.09718292951583862 0.09232378005981445 0.08770759403705597 0.08332221210002899 0.07915610074996948 0.07519829273223877 0.07143837958574295 0.06786645948886871 0.06447313725948334 0.06124947965145111 0.05818700417876244 0.05527765303850174 0.05251377075910568 0.04988808184862137 0.04739367961883545 0.04502399638295174 0.0427727960050106 0.0406341552734375 0.03860244899988174 0.03667232766747475 0.0348387099802494 0.03309677541255951 0.03144193813204765 0.02986984141170979 0.02837635017931461 0.02695753239095211 0.02560965530574322 0.0243291724473238 0.0231127142906189 0.02195707894861698 0.02085922472178936 0.01981626264750957 0.01882544904947281 0.01788417622447014 0.01698996685445309 0.01614046841859818 0.01533344481140375 0.01456677261739969 0.01383843366056681 0.01314651221036911 0.01248918659985065 0.01186472736299038 0.01127149071544409 0.01070791576057673 0.0101725198328495 0.009663893841207027 0.009180699475109577 0.008721664547920227 0.008285581134259701 0.007871301844716072 0.007477736566215754 0.007103849668055773 0.006748657207936049 0.006411224137991667 0.006090662907809019 0.005786129739135504 0.005496823228895664 0.005221982020884752 0.004960882943123579 0.004712838679552078 0.004477196838706732 0.004253337159752846 0.004040670115500689 0.003838636679574847 0.003646704833954573 0.00346436956897378 0.003291151020675898 0.003126593539491296 0.002970263827592134 0.002821750706061721 0.00268066325224936 0.002546630101278424 0.002419298514723778 0.002298333682119846 0.002183417091146111 0.002074246294796467 0.001970533980056643 0.001872007269412279 0.001778406905941665 0.001689486554823816 0.001605012221261859 0.001524761551991105 0.001448523486033082 0.00137609732337296 0.001307292492128909 0.001241927850060165 0.001179831451736391 0.001120839850045741 0.00106479786336422 0.001011557993479073 0.0009609800763428211 0.0009129310492426157 0.0008672844851389527 0.0008239202434197068 0.0007827242370694876 0.0007435880252160132 0.0007064086385071278 0.0006710882298648357 0.0006375338416546583 0.0006056571728549898 0.0005753742880187929 0.000546605559065938 0.0005192752578295767 0.0004933114978484809 0.0004686459142249078 0.0004452136054169387 0.0004229529295116663 0.0004018052713945508 0.0003817150136455894 0.0003626292746048421 0.0003444978210609406 0.000327272922731936 0.000310909264953807 0.0002953638031613082 0.0002805956173688173 0.0002665658248588443 0.0002532375219743699 0.0002405756385996938 0.000228546850848943 0.0002171195083064958 0.0002062635321635753 0.000195950357010588 0.0001861528435256332 0.0001768452057149261 0.0001680029381532222 0.0001596027868799865 0.0001516226475359872 0.0001440415217075497 0.0001368394441669807 0.0001299974683206528 0.0001234975934494287 0.0001173227137769572 0.0001114565748139285 0.0001058837442542426 0.0001005895537673496 9.556007717037573e-05 9.078207222046331e-05 8.624296606285498e-05 8.193081885110587e-05 7.783428009133786e-05 7.394256681436673e-05 7.024544174782932e-05 6.673316966043785e-05 6.339651008602232e-05 6.02266845817212e-05 5.721535126212984e-05 5.435458297142759e-05 5.163685273146257e-05 4.905500827590004e-05 4.660225749830715e-05 4.427214298630133e-05 4.205853474559262e-05 3.995560837211087e-05 3.795782686211169e-05 3.605993697419763e-05 3.425694012548774e-05 3.25440923916176e-05 3.091688631684519e-05 2.937104181910399e-05 2.790248981909826e-05 2.650736496434547e-05 2.518199653422926e-05 2.392289752606302e-05 2.272675192216411e-05 2.159041468985379e-05 2.051089359156322e-05 1.948534918483347e-05 1.851108208938967e-05 1.758552753017284e-05 1.670625169936102e-05 1.58709390234435e-05 1.507739216322079e-05 1.432352291885763e-05 1.360734677291475e-05 1.292697925237007e-05 1.228063047165051e-05 1.166659876616905e-05 1.108326887333533e-05 1.052910556609277e-05 1.000265001493972e-05 9.502517059445381e-06 9.027391570270993e-06 8.576022082706913e-06 8.147220796672627e-06 7.739859938737936e-06 7.352866759902099e-06 6.985223535593832e-06 6.635962563450448e-06 6.304164344328456e-06 5.988956218061503e-06 5.689508270734223e-06 5.405032879934879e-06 5.134781076776562e-06 4.878042091149837e-06 4.634140168491285e-06 4.402433205541456e-06 4.182311386102811e-06 3.97319581679767e-06 3.774536025957786e-06 3.585809281503316e-06 3.406518771953415e-06 3.236192924305215e-06 3.07438335767074e-06 2.920664201155887e-06 2.774630956992041e-06 2.635899363667704e-06 2.504104486433789e-06 2.37889935306157e-06 2.259954271721654e-06 2.146956603610306e-06 2.039608716586372e-06 1.937628212544951e-06 1.840746790549019e-06 1.748709451021568e-06 1.661273927311413e-06 1.578210230945842e-06 1.499299742135918e-06 1.424334755029122e-06 1.353118022962008e-06 1.285462076339172e-06 1.221188995259581e-06 1.160129500021867e-06 1.102123064811167e-06 1.047016894517583e-06 9.946660384230199e-07 9.449327080801595e-07 8.97686049938784e-07 8.528017474418448e-07 8.101616799649491e-07 7.69653581755847e-07 7.311709282475931e-07 6.946123676243587e-07 6.598817208214314e-07 6.268876404647017e-07 5.955432698101504e-07 5.657661290570104e-07 5.374778311306727e-07 5.106039679958485e-07
 0 0 0 0 0 0 0 0 0 0 0 0 0 0 0 0 0 0 0 0 0 0 0 0 0 0 0 0 0 0 0 0 0 0 0 0 0 0 0 0 0 0 0 0 0 0 0 0 0 0 0 0 0 0 0 0 0 0 0 0 0 0 0 0 0 0 0 0 0 0 0 0 0 0 0 0 0 0 0 0 0 0 0 0 0 0 0 0 0 0 0 0 0 0 0 0 0 0 0 0 0 0 0 0 0 0 0 0 0 0 0 0 0 0 0 0 0 0 0 0 0 0 0 0 0 0 0 0 0 0 0 0 0 0 0 0 0 0 0 0 0 0 0 0 0 0 0 0 0 0 0 0 0 0 0 0 0 0 0 0 0 0 0 0 0 0 0 0 0 0 0 0 0 0 0 0 0 0 0 0 0 0 0 0 0 0 0 0 0 0 0 0 0 0 0 0 0 0 0 0 0 0 0 0 0 0 0 0 0 0 0 0 0 0 0 0 0 0 0 0 0 0 0 0 0 0 0 0 0 0 0 0 0 0 0 0 0 0 0 0 0 0 0 0 0 0 0 0 0 0 0 0 0 0 0 0 0 0 0 0 0 0 0 0 0 0 0 0 0 0 0 0 0 0 0 0 0 0 0 0 0 0 0 0 0 0 0 0 0 0 0 0 0 0 0 0 0 0 0 0 0 0 0 0 0 0 0 0 0 0 0 0 0 0 0 0 0 0 0 0 0 0 0 0 0 0 0 0 0 0 0 0 0 0 0 0 0 0 0 0 0 0 0 0 0 0 0 0 0 0 0 0 0 0 0 0 0 0 0 0 0 0 0 0 0 0 0 0 0 0 0 0 0 0 0 0 0 0 0 0 0 0 0 0 0 0 0 0 0 0 0 0 0 0 0 0 0 0 0 0 0 0 0 0 0 0 0 0 0 0 0 0 0 0 0 0 0 0 0 0 0 0 0 0 0 0 0 0 0 0 0 0 0 0 0 0 0 0 0 0 0 0 0 0 0 0 0 0 0 0 0 0 0 0 0 0 0 0 0 0 0 0 0 0 0 0 0 0 0 0 0 0 0 0 0 0 0 0 0 0 0 0 0 0 0 0 0 0 0 0 0 0 0 0 0 0 0 0 0 0 0 0 0 0 0 0 0 0 0 0 0 0 0 0 0 0 0 0 0 0 0 0 0 0 0 0 0 0 0 0 0 0 0 0 0 0 0 0 0 0 0 0 0 0 0 0 0 0 0 0 0 0 0 0 0 0 0 0 0 0 0 0 0 0 0 0 0 0 0 0 0 0 0 0 0 0 0 0 0 0 0 0 0 0 0 0 0 0 0 0 0 0 0 0 0 0 0 0 0 0
 0 0 0 0 0 0 0 0 0 0 0 0 0 0 0 0 0 0 0 0 0 0 0 0 0 0 0 0 0 0 0 0 0 0 0 0 0 0 0 0 0 0 0 0 0 0 0 0 0 0 0 0 0 0 0 0 0 0 0 0 0 0 0 0 0 0 0 0 0 0 0 0 0 0 0 0 0 0 0 0 0 0 0 0 0 0 0 0 0 0 0 0 0 0 0 0 0 0 0 0 0 0 0 0 0 0 0 0 0 0 0 0 0 0 0 0 0 0 0 0 0 0 0 0 0 0 0 0 0 0 0 0 0 0 0 0 0 0 0 0 0 0 0 0 0 0 0 0 0 0 0 0 0 0 0 0 0 0 0 0 0 0 0 0 0 0 0 0 0 0 0 0 0 0 0 0 0 0 0 0 0 0 0 0 0 0 0 0 0 0 0 0 0 0 0 0 0 0 0 0 0 0 0 0 0 0 0 0 0 0 0 0 0 0 0 0 0 0 0 0 0 0 0 0 0 0 0 0 0 0 0 0 0 0 0 0 0 0 0 0 0 0 0 0 0 0 0 0 0 0 0 0 0 0 0 0 0 0 0 0 0 0 0 0 0 0 0 0 0 0 0 0 0 0 0 0 0 0 0 0 0 0 0 0 0 0 0 0 0 0 0 0 0 0 0 0 0 0 0 0 0 0 0 0 0 0 0 0 0 0 0 0 0 0 0 0 0 0 0 0 0 0 0 0 0 0 0 0 0 0 0 0 0 0 0 0 0 0 0 0 0 0 0 0 0 0 0 0 0 0 0 0 0 0 0 0 0 0 0 0 0 0 0 0 0 0 0 0 0 0 0 0 0 0 0 0 0 0 0 0 0 0 0 0 0 0 0 0 0 0 0 0 0 0 0 0 0 0 0 0 0 0 0 0 0 0 0 0 0 0 0 0 0 0 0 0 0 0 0 0 0 0 0 0 0 0 0 0 0 0 0 0 0 0 0 0 0 0 0 0 0 0 0 0 0 0 0 0 0 0 0 0 0 0 0 0 0 0 0 0 0 0 0 0 0 0 0 0 0 0 0 0 0 0 0 0 0 0 0 0 0 0 0 0 0 0 0 0 0 0 0 0 0 0 0 0 0 0 0 0 0 0 0 0 0 0 0 0 0 0 0 0 0 0 0 0 0 0 0 0 0 0 0 0 0 0 0 0 0 0 0 0 0 0 0 0 0 0 0 0 0 0 0 0 0 0 0 0 0 0 0 0 0 0 0 0 0 0 0 0 0 0 0 0 0 0 0 0 0 0 0 0 0 0 0 0 0 0 0 0 0 0 0 0 0 0 0 0 0 0 0 0 0 0 0 0 0 0 0 0
 0 0 0 0 0 0 0 0 0 0 0 0 0 0 0 0 0 0 0 0 0 0 0 0 0 0 0 0 0 0 0 0 0 0 0 0 0 0 0 0 0 0 0 0 0 0 0 0 0 0 0 0 0 0 0 0 0 0 0 0 0 0 0 0 0 0 0 0 0 0 0 0 0 0 0 0 0 0 0 0 0 0 0 0 0 0 0 0 0 0 0 0 0 0 0 0 0 0 0 0 0 0 0 0 0 0 0 0 0 0 0 0 0 0 0 0 0 0 0 0 0 0 0 0 0 0 0 0 0 0 0 0 0 0 0 0 0 0 0 0 0 0 0 0 0 0 0 0 0 0 0 0 0 0 0 0 0 0 0 0 0 0 0 0 0 0 0 0 0 0 0 0 0 0 0 0 0 0 0 0 0 0 0 0 0 0 0 0 0 0 0 0 0 0 0 0 0 0 0 0 0 0 0 0 0 0 0 0 0 0 0 0 0 0 0 0 0 0 0 0 0 0 0 0 0 0 0 0 0 0 0 0 0 0 0 0 0 0 0 0 0 0 0 0 0 0 0 0 0 0 0 0 0 0 0 0 0 0 0 0 0 0 0 0 0 0 0 0 0 0 0 0 0 0 0 0 0 0 0 0 0 0 0 0 0 0 0 0 0 0 0 0 0 0 0 0 0 0 0 0 0 0 0 0 0 0 0 0 0 0 0 0 0 0 0 0 0 0 0 0 0 0 0 0 0 0 0 0 0 0 0 0 0 0 0 0 0 0 0 0 0 0 0 0 0 0 0 0 0 0 0 0 0 0 0 0 0 0 0 0 0 0 0 0 0 0 0 0 0 0 0 0 0 0 0 0 0 0 0 0 0 0 0 0 0 0 0 0 0 0 0 0 0 0 0 0 0 0 0 0 0 0 0 0 0 0 0 0 0 0 0 0 0 0 0 0 0 0 0 0 0 0 0 0 0 0 0 0 0 0 0 0 0 0 0 0 0 0 0 0 0 0 0 0 0 0 0 0 0 0 0 0 0 0 0 0 0 0 0 0 0 0 0 0 0 0 0 0 0 0 0 0 0 0 0 0 0 0 0 0 0 0 0 0 0 0 0 0 0 0 0 0 0 0 0 0 0 0 0 0 0 0 0 0 0 0 0 0 0 0 0 0 0 0 0 0 0 0 0 0 0 0 0 0 0 0 0 0 0 0 0 0 0 0 0 0 0 0 0 0 0 0 0 0 0 0 0 0 0 0 0 0 0 0 0 0 0 0 0 0 0 0 0 0 0 0 0 0 0 0 0 0 0 0 0 0 0 0 0 0 0 0 0 0 0 0 0 0 0 0 0 0 0 0 0 0 0 0 0 0
 0 0 0 0 0 0 0 0 0 0 0 0 0 0 0 0 0 0 0 0 0 0 0 0 0 0 0 0 0 0 0 0 0 0 0 0 0 0 0 0 0 0 0 0 0 0 0 0 0 0 0 0 0 0 0 0 0 0 0 0 0 0 0 0 0 0 0 0 0 0 0 0 0 0 0 0 0 0 0 0 0 0 0 0 0 0 0 0 0 0 0 0 0 0 0 0 0 0 0 0 0 0 0 0 0 0 0 0 0 0 0 0 0 0 0 0 0 0 0 0 0 0 0 0 0 0 0 0 0 0 0 0 0 0 0 0 0 0 0 0 0 0 0 0 0 0 0 0 0 0 0 0 0 0 0 0 0 0 0 0 0 0 0 0 0 0 0 0 0 0 0 0 0 0 0 0 0 0 0 0 0 0 0 0 0 0 0 0 0 0 0 0 0 0 0 0 0 0 0 0 0 0 0 0 0 0 0 0 0 0 0 0 0 0 0 0 0 0 0 0 0 0 0 0 0 0 0 0 0 0 0 0 0 0 0 0 0 0 0 0 0 0 0 0 0 0 0 0 0 0 0 0 0 0 0 0 0 0 0 0 0 0 0 0 0 0 0 0 0 0 0 0 0 0 0 0 0 0 0 0 0 0 0 0 0 0 0 0 0 0 0 0 0 0 0 0 0 0 0 0 0 0 0 0 0 0 0 0 0.0004529936413746327 0.001771100214682519 0.004053486045449972 0.007439872249960899 0.01207111030817032 0.01781898364424706 0.02457451447844505 0.03248897939920425 0.04145374521613121 0.05127304419875145 0.06186721846461296 0.07318475097417831 0.08522219955921173 0.0980871319770813 0.111906960606575 0.1264878362417221 0.1416933238506317 0.1574425101280212 0.173777237534523 0.1906283646821976 0.2079967707395554 0.2258271872997284 0.2441450953483582 0.2629425227642059 0.2822759747505188 0.3008581101894379 0.3158714175224304 0.3254230618476868 0.3280869722366333 0.3230342268943787 0.309648871421814 0.2941664159297943 0.2794581055641174 0.2654851973056793 0.252210944890976 0.2396003901958466 0.2276203632354736 0.2162393480539322 0.2054273784160614 0.1951560080051422 0.185398206114769 0.1761282980442047 0.1673218905925751 0.1589557975530624 0.1510080099105835 0.1434576064348221 0.1362847238779068 0.129470482468605 0.1229969561100006 0.1168471053242683 0.1110047474503517 0.1054545119404793 0.1001817882061005 0.0951726958155632 0.09041406214237213 0.08589336276054382 0.08159869164228439 0.07751875370740891 0.07364281266927719 0.06996066868305206 0.06646263599395752 0.06313950568437576 0.059982530772686 0.05698340386152267 0.05413423478603363 0.05142752453684807 0.04885614663362503 0.04641333967447281 0.04409267380833626 0.0418880395591259 0.03979363664984703 0.03780395537614822 0.03591375797986984 0.03411807119846344 0.03241216763854027 0.03079155832529068 0.02925197966396809 0.02778938040137291 0.02639991044998169 0.02507991530001163 0.02382591925561428 0.02263462357223034 0.0215028915554285 0.02042774669826031 0.01940635964274406 0.01843604072928429 0.01751423813402653 0.01663852669298649 0.01580660045146942 0.01501627080142498 0.01426545716822147 0.01355218421667814 0.01287457533180714 0.01223084703087807 0.01161930430680513 0.01103833876550198 0.01048642210662365 0.00996210053563118 0.009463995695114136 0.008990796282887459 0.008541256189346313 0.008114193566143513 0.007708483841270208 0.007323059719055891 0.006956906523555517 0.006609061267226934 0.006278607994318008 0.005964677780866623 0.005666444078087807 0.005383121781051159 0.005113965831696987 0.004858267493546009 0.004615354351699352 0.004384586587548256 0.004165357444435358 0.003957089502364397 0.003759235143661499 0.003571273293346167 0.003392709651961923 0.00322307413443923 0.003061920404434204 0.002908824477344751 0.002763383323326707 0.002625214168801904 0.002493953565135598 0.002369255991652608 0.002250793157145381 0.002138253534212708 0.002031340962275863 0.001929773949086666 0.001833285205066204 0.001741620944812894 0.00165453995577991 0.001571812899783254 0.001493222313001752 0.001418561208993196 0.001347633195109665 0.001280251541174948 0.001216238946653903 0.001155426958575845 0.001097655622288585 0.001042772782966495 0.0009906340856105089 0.0009411023929715157 0.0008940472616814077 0.0008493448840454221 0.0008068776223808527 0.0007665337179787457 0.0007282070582732558 0.0006917967111803591 0.000657206866890192 0.0006243465468287468 0.0005931291962042451 0.0005634727422147989 0.0005352991283871233 0.0005085341981612146 0.0004831074911635369 0.0004589521267917007 0.0004360045131761581 0.0004142042889725417 0.0003934940614271909 0.0003738193481694907 0.0003551283734850585 0.0003373719519004226 0.0003205033426638693 0.0003044781624339521 0.0002892542397603393 0.0002747915277723223 0.0002610519586596638 0.000247999356361106 0.0002355993929086253 0.0002238194283563644 0.0002126284525729716 0.00020199702703394 0.0001918971829582006 0.000182302319444716 0.0001731872034724802 0.0001645278389332816 0.0001563014520797879 0.0001484863751102239 0.0001410620607202873 0.000134008951135911 0.0001273085072170943 0.0001209430847666226 0.0001148959272541106 0.0001091511294362135 0.0001036935718730092 9.850889182416722e-05 9.358344686916098e-05 8.8904271251522e-05 8.44590540509671e-05 8.023610280361027e-05 7.622429984621704e-05 7.241308776428923e-05 6.879243301227689e-05 6.535281136166304e-05 6.208517152117565e-05 5.898091330891475e-05 5.603186582447961e-05 5.323027289705351e-05 5.056876034359448e-05 4.804032141692005e-05 4.563830589177087e-05 4.335639096098021e-05 4.118857032153755e-05 3.91291432606522e-05 3.717268555192277e-05 3.531404945533723e-05 3.354834552737884e-05 3.187092806911096e-05 3.027738239325117e-05 2.876351391023491e-05 2.732533903326839e-05 2.595907244540285e-05 2.466111800458748e-05 2.342806146771181e-05 2.225665775767993e-05 2.114382550644223e-05 2.008663432206959e-05 1.908230296976399e-05 1.812818845792208e-05 1.722177876217756e-05 1.636068918742239e-05 1.554265509184916e-05 1.476552279200405e-05 1.402724683430279e-05 1.332588453806238e-05 1.265959053853294e-05 1.202661132992944e-05 1.142528071795823e-05 1.085401709133293e-05 1.031131614581682e-05 9.795749974728096e-06 9.305962521466427e-06 8.840664122544695e-06 8.398630598094314e-06 7.978698704391718e-06 7.579763860121602e-06 7.200775598903419e-06 6.840736659796676e-06 6.498699804069474e-06 6.17376463196706e-06 5.865076218469767e-06 5.571822384808911e-06 5.293231424730038e-06 5.028569830756169e-06 4.777141384693095e-06 4.538284429145278e-06 4.311370048526442e-06 4.095801614312222e-06 3.891011601808714e-06 3.696461135405116e-06 3.51163816958433e-06 3.336056352054584e-06 3.169253432133701e-06 3.010790806001751e-06 2.860251242964296e-06 2.717238658078713e-06 2.581376747912145e-06 2.452307853673119e-06 2.329692506464198e-06 2.213207835666253e-06 2.102547341564787e-06 1.997419985855231e-06 1.897548941087734e-06 1.802671476980322e-06 1.712537937237357e-06 1.626911057428515e-06 1.545565510241431e-06 1.468287223360676e-06 1.394872811033565e-06 1.32512911932281e-06 1.258872657672327e-06 1.195929030473053e-06 1.136132596002426e-06 1.07932601167704e-06 1.025359665618453e-06 9.740916766531882e-07 9.253870985048707e-07 8.79117749263969e-07 8.351618703272834e-07 7.934037853374321e-07 7.537336159657571e-07 7.160469408518111e-07 6.80244568229682e-07 6.462323653977364e-07 6.139207471278496e-07 5.832247325088247e-07 5.540634901990416e-07 5.26360338426457e-07 5.000423470846727e-07 4.750402240460971e-07
 0 0 0 0 0 0 0 0 0 0 0 0 0 0 0 0 0 0 0 0 0 0 0 0 0 0 0 0 0 0 0 0 0 0 0 0 0 0 0 0 0 0 0 0 0 0 0 0 0 0 0 0 0 0 0 0 0 0 0 0 0 0 0 0 0 0 0 0 0 0 0 0 0 0 0 0 0 0 0 0 0 0 0 0 0 0 0 0 0 0 0 0 0 0 0 0 0 0 0 0 0 0 0 0 0 0 0 0 0 0 0 0 0 0 0 0 0 0 0 0 0 0 0 0 0 0 0 0 0 0 0 0 0 0 0 0 0 0 0 0 0 0 0 0 0 0 0 0 0 0 0 0 0 0 0 0 0 0 0 0 0 0 0 0 0 0 0 0 0 0 0 0 0 0 0 0 0 0 0 0 0 0 0 0 0 0 0 0 0 0 0 0 0 0 0 0 0 0 0 0 0 0 0 0 0 0 0 0 0 0 0 0 0 0 0 0 0 0 0 0 0 0 0 0 0 0 0 0 0 0 0 0 0 0 0 0 0 0 0 0 0 0 0 0 0 0 0 0 0 0 0 0 0 0 0 0 0 0 0 0 0 0 0 0 0 0 0 0 0 0 0 0 0 0 0 0 0 0 0 0 0 0 0 0 0 0 0 0 0 0 0 0 0 0 0 0 0 0 0 0 0 0 0 0 0 0 0 0 0 0 0 0 0 0 0 0 0 0 0 0 0 0 0 0 0 0 0 0 0 0 0 0 0 0 0 0 0 0 0 0 0 0 0 0 0 0 0 0 0 0 0 0 0 0 0 0 0 0 0 0 0 0 0 0 0 0 0 0 0 0 0 0 0 0 0 0 0 0 0 0 0 0 0 0 0 0 0 0 0 0 0 0 0 0 0 0 0 0 0 0 0 0 0 0 0 0 0 0 0 0 0 0 0 0 0 0 0 0 0 0 0 0 0 0 0 0 0 0 0 0 0 0 0 0 0 0 0 0 0 0 0 0 0 0 0 0 0 0 0 0 0 0 0 0 0 0 0 0 0 0 0 0 0 0 0 0 0 0 0 0 0 0 0 0 0 0 0 0 0 0 0 0 0 0 0 0 0 0 0 0 0 0 0 0 0 0 0 0 0 0 0 0 0 0 0 0 0 0 0 0 0 0 0 0 0 0 0 0 0 0 0 0 0 0 0 0 0 0 0 0 0 0 0 0 0 0 0 0 0 0 0 0 0 0 0 0 0 0 0 0 0 0 0 0 0 0 0 0 0 0 0 0 0 0 0 0 0 0 0 0 0 0 0 0 0 0 0 0 0 0 0 0 0 0 0 0 0 0 0 0 0 0 0 0 0 0 0 0 0 0
 0 0 0 0 0 0 0 0 0 0 0 0 0 0 0 0 0 0 0 0 0 0 0 0 0 0 0 0 0 0 0 0 0 0 0 0 0 0 0 0 0 0 0 0 0 0 0 0 0 0 0 0 0 0 0 0 0 0 0 0 0 0 0 0 0 0 0 0 0 0 0 0 0 0 0 0 0 0 0 0 0 0 0 0 0 0 0 0 0 0 0 0 0 0 0 0 0 0 0 0 0 0 0 0 0 0 0 0 0 0 0 0 0 0 0 0 0 0 0 0 0 0 0 0 0 0 0 0 0 0 0 0 0 0 0 0 0 0 0 0 0 0 0 0 0 0 0 0 0 0 0 0 0 0 0 0 0 0 0 0 0 0 0 0 0 0 0 0 0 0 0 0 0 0 0 0 0 0 0 0 0 0 0 0 0 0 0 0 0 0 0 0 0 0 0 0 0 0 0 0 0 0 0 0 0 0 0 0 0 0 0 0 0 0 0 0 0 0 0 0 0 0 0 0 0 0 0 0 0 0 0 0 0 0 0 0 0 0 0 0 0 0 0 0 0 0 0 0 0 0 0 0 0 0 0 0 0 0 0 0 0 0 0 0 0 0 0 0 0 0 0 0 0 0 0 0 0 0 0 0 0 0 0 0 0 0 0 0 0 0 0 0 0 0 0 0 0 0 0 0 0 0 0 0 0 0 0 0 0 0 0 0 0 0 0 0 0 0 0 0 0 0 0 0 0 0 0 0 0 0 0 0 0 0 0 0 0 0 0 0 0 0 0 0 0 0 0 0 0 0 0 0 0 0 0 0 0 0 0 0 0 0 0 0 0 0 0 0 0 0 0 0 0 0 0 0 0 0 0 0 0 0 0 0 0 0 0 0 0 0 0 0 0 0 0 0 0 0 0 0 0 0 0 0 0 0 0 0 0 0 0 0 0 0 0 0 0 0 0 0 0 0 0 0 0 0 0 0 0 0 0 0 0 0 0 0 0 0 0 0 0 0 0 0 0 0 0 0 0 0 0 0 0 0 0 0 0 0 0 0 0 0 0 0 0 0 0 0 0 0 0 0 0 0 0 0 0 0 0 0 0 0 0 0 0 0 0 0 0 0 0 0 0 0 0 0 0 0 0 0 0 0 0 0 0 0 0 0 0 0 0 0 0 0 0 0 0 0 0 0 0 0 0 0 0 0 0 0 0 0 0 0 0 0 0 0 0 0 0 0 0 0 0 0 0 0 0 0 0 0 0 0 0 0 0 0 0 0 0 0 0 0 0 0 0 0 0 0 0 0 0 0 0 0 0 0 0 0 0 0 0 0 0 0 0 0 0 0 0 0 0 0 0 0 0 0 0 0 0 0
 0 0 0 0 0 0 0 0 0 0 0 0 0 0 0 0 0 0 0 0 0 0 0 0 0 0 0 0 0 0 0 0 0 0 0 0 0 0 0 0 0 0 0 0 0 0 0 0 0 0 0 0 0 0 0 0 0 0 0 0 0 0 0 0 0 0 0 0 0 0 0 0 0 0 0 0 0 0 0 0 0 0 0 0 0 0 0 0 0 0 0 0 0 0 0 0 0 0 0 0 0 0 0 0 0 0 0 0 0 0 0 0 0 0 0 0 0 0 0 0 0 0 0 0 0 0 0 0 0 0 0 0 0 0 0 0 0 0 0 0 0 0 0 0 0 0 0 0 0 0 0 0 0 0 0 0 0 0 0 0 0 0 0 0 0 0 0 0 0 0 0 0 0 0 0 0 0 0 0 0 0 0 0 0 0 0 0 0 0 0 0 0 0 0 0 0 0 0 0 0 0 0 0 0 0 0 0 0 0 0 0 0 0 0 0 0 0 0 0 0 0 0 0 0 0 0 0 0 0 0 0 0 0 0 0 0 0 0 0 0 0 0 0 0 0 0 0 0 0 0 0 0 0 0 0 0 0 0 0 0 0 0 0 0 0 0 0 0 0 0 0 0 0 0 0 0 0 0 0 0 0 0 0 0 0 0 0 0 0 0 0 0 0 0 0 0 0 0 0 0 0 0 0 0 0 0 0 0 0 0 0 0 0 0 0 0 0 0 0 0 0 0 0 0 0 0 0 0 0 0 0 0 0 0 0 0 0 0 0 0 0 0 0 0 0 0 0 0 0 0 0 0 0 0 0 0 0 0 0 0 0 0 0 0 0 0 0 0 0 0 0 0 0 0 0 0 0 0 0 0 0 0 0 0 0 0 0 0 0 0 0 0 0 0 0 0 0 0 0 0 0 0 0 0 0 0 0 0 0 0 0 0 0 0 0 0 0 0 0 0 0 0 0 0 0 0 0 0 0 0 0 0 0 0 0 0 0 0 0 0 0 0 0 0 0 0 0 0 0 0 0 0 0 0 0 0 0 0 0 0 0 0 0 0 0 0 0 0 0 0 0 0 0 0 0 0 0 0 0 0 0 0 0 0 0 0 0 0 0 0 0 0 0 0 0 0 0 0 0 0 0 0 0 0 0 0 0 0 0 0 0 0 0 0 0 0 0 0 0 0 0 0 0 0 0 0 0 0 0 0 0 0 0 0 0 0 0 0 0 0 0 0 0 0 0 0 0 0 0 0 0 0 0 0 0 0 0 0 0 0 0 0 0 0 0 0 0 0 0 0 0 0 0 0 0 0 0 0 0 0 0 0 0 0 0 0 0 0 0 0 0 0 0 0 0 0 0 0 0 0
 0 0 0 0 0 0 0 0 0 0 0 0 0 0 0 0 0 0 0 0 0 0 0 0 0 0 0 0 0 0 0 0 0 0 0 0 0 0 0 0 0 0 0 0 0 0 0 0 0 0 0 0 0 0 0 0 0 0 0 0 0 0 0 0 0 0 0 0 0 0 0 0 0 0 0 0 0 0 0 0 0 0 0 0 0 0 0 0 0 0 0 0 0 0 0 0 0 0 0 0 0 0 0 0 0 0 0 0 0 0 0 0 0 0 0 0 0 0 0 0 0 0 0 0 0 0 0 0 0 0 0 0 0 0 0 0 0 0 0 0 0 0 0 0 0 0 0 0 0 0 0 0 0 0 0 0 0 0 0 0 0 0 0 0 0 0 0 0 0 0 0 0 0 0 0 0 0 0 0 0 0 0 0 0 0 0 0 0 0 0 0 0 0 0 0 0 0 0 0 0 0 0 0 0 0 0 0 0 0 0 0 0 0 0 0 0 0 0 0 0 0 0 0 0 0 0 0 0 0 0 0 0 0 0 0 0 0 0 0 0 0 0 0 0 0 0 0 0 0 0 0 0 0 0 0 0 0 0 0 0 0 0 0 0 0 0 0 0 0 0 0 0 0 0 0 0 0 0 0 0 0 0 0 0 0 0 0 0 0 0 0 0 0 0 0 0 0 0 0 0 0 0 0 0 0 0 0 0 0 0.0005655493005178869 0.002028668764978647 0.004486470483243465 0.0080976951867342 0.01295156218111515 0.01891521364450455 0.02594770304858685 0.03417475521564484 0.04341456294059753 0.05349496752023697 0.06439223885536194 0.07596775889396667 0.08823620527982712 0.101374626159668 0.1154011860489845 0.1300873756408691 0.1454420983791351 0.1613632440567017 0.1778730303049088 0.1949236243963242 0.2124148607254028 0.2303720563650131 0.2487969845533371 0.2676296830177307 0.2868376970291138 0.3046848475933075 0.3187273144721985 0.3270209133625031 0.3283054232597351 0.3218436241149902 0.3070319592952728 0.2916803658008575 0.2770963609218597 0.2632415294647217 0.2500794529914856 0.2375754863023758 0.2256967127323151 0.2144118845462799 0.2036912888288498 0.1935067176818848 0.1838313788175583 0.1746398061513901 0.1659078150987625 0.1576124280691147 0.1497317999601364 0.1422452032566071 0.1351329386234283 0.1283762902021408 0.1219574734568596 0.1158595979213715 0.1100666150450706 0.1045632809400558 0.09933511912822723 0.09436836093664169 0.08964994549751282 0.08516744524240494 0.08090907335281372 0.0768636167049408 0.07302043586969376 0.06936941295862198 0.06590094417333603 0.06260589510202408 0.0594756007194519 0.05650182068347931 0.05367672815918922 0.05099289119243622 0.04844324663281441 0.04602108523249626 0.04372002929449081 0.04153402894735336 0.03945732861757278 0.03748446330428123 0.03561023995280266 0.03382972627878189 0.03213823959231377 0.03053132817149162 0.02900476194918156 0.02755452319979668 0.02617679722607136 0.02486795745790005 0.02362455986440182 0.02244333177804947 0.02132116444408894 0.02025510556995869 0.01924235001206398 0.01828023232519627 0.01736622117459774 0.0164979100227356 0.01567301526665688 0.014889364130795 0.01414489559829235 0.01343765109777451 0.01276576891541481 0.01212748046964407 0.01152110658586025 0.01094505097717047 0.01039779838174582 0.009877908043563366 0.009384012781083584 0.008914812467992306 0.008469072170555592 0.008045618422329426 0.007643337361514568 0.007261170540004969 0.006898112129420042 0.006553206592798233 0.006225546356290579 0.005914269015192986 0.005618555471301079 0.005337627604603767 0.005070746410638094 0.004817209206521511 0.004576348699629307 0.004347531124949455 0.004130154382437468 0.00392364664003253 0.00372746423818171 0.003541090991348028 0.003364036325365305 0.003195834578946233 0.003036042908206582 0.002884240821003914 0.002740028779953718 0.002603027271106839 0.002472875872626901 0.002349232090637088 0.002231770427897573 0.002120181918144226 0.002014172729104757 0.001913464046083391 0.001817790791392326 0.001726901275105774 0.001640556263737381 0.001558528398163617 0.001480601960793138 0.001406571827828884 0.00133624323643744 0.0012694310862571 0.001205959590151906 0.001145661575719714 0.001088378485292196 0.001033959561027586 0.0009822616120800376 0.000933148548938334 0.0008864911505952477 0.0008421665988862514 0.0008000582456588745 0.0007600553217343986 0.0007220525294542313 0.0006859499262645841 0.0006516524590551853 0.0006190698477439582 0.0005881163524463773 0.0005587105406448245 0.000530774996150285 0.000504236260894686 0.0004790244565811008 0.0004550732264760882 0.0004323195607867092 0.0004107035929337144 0.0003901684249285609 0.0003706600109580904 0.0003521270118653774 0.0003345206496305764 0.0003177946200594306 0.0003019048890564591 0.0002868096344172955 0.0002724691585171968 0.0002588457136880606 0.0002459034149069339 0.0002336082397960126 0.000221927824895829 0.0002108314365614206 0.0002002898690989241 0.0001902753720059991 0.0001807616063160822 0.0001717235281830654 0.0001631373452255502 0.0001549804728711024 0.00014723144704476 0.0001398698805132881 0.0001328763901256025 0.0001262325677089393 0.0001199209364131093 0.0001139248925028369 0.0001082286471500993 0.0001028172118822113 9.767635492607951e-05 9.279253572458401e-05 8.815291221253574e-05 8.374526805710047e-05 7.955800538184121e-05 7.558010838693008e-05 7.180109969340265e-05 6.821104761911556e-05 6.480049341917038e-05 6.156046583782881e-05 5.848244109074585e-05 5.55583173991181e-05 5.278040043776855e-05 5.014138150727376e-05 4.763431206811219e-05 4.525259646470658e-05 4.298996645957232e-05 4.084046668140218e-05 3.879844371112995e-05 3.685852061607875e-05 3.501559331198223e-05 3.326481237309054e-05 3.160157211823389e-05 3.002149423991796e-05 2.852041870937683e-05 2.709439831960481e-05 2.573967867647298e-05 2.445269456075039e-05 2.323005901416764e-05 2.206855606345925e-05 2.096512798743788e-05 1.991687167901546e-05 1.89210277312668e-05 1.797497679945081e-05 1.707622868707404e-05 1.622241688892245e-05 1.541129677207209e-05 1.464073193346849e-05 1.390869510942139e-05 1.321325999015244e-05 1.255259667232167e-05 1.1924967111554e-05 1.13287187559763e-05 1.076228272722801e-05 1.022416836349294e-05 9.712959581520408e-06 9.227311238646507e-06 8.765945494815242e-06 8.327648174599744e-06 7.911266038718168e-06 7.515702691307524e-06 7.139917670428986e-06 6.782921900594374e-06 6.443775873776758e-06 6.121586920926347e-06 5.81550739298109e-06 5.524731932382565e-06 5.248495199339231e-06 4.986070507584373e-06 4.736767095891992e-06 4.49992876383476e-06 4.274932507541962e-06 4.061185791215394e-06 3.858126547129359e-06 3.665220219772891e-06 3.481959311102401e-06 3.307861334178597e-06 3.142468358419137e-06 2.985344963235548e-06 2.836077783285873e-06 2.694273916858947e-06 2.559560243753367e-06 2.431582288409118e-06 2.310003083039192e-06 2.194502940255916e-06 2.084777861455223e-06 1.980538854695624e-06 1.88151193469821e-06 1.787436303857248e-06 1.698064465927018e-06 1.613161202840274e-06 1.532503119960893e-06 1.455877963962848e-06 1.383084054396022e-06 1.313929828938853e-06 1.248233388650988e-06 1.185821702165413e-06 1.126530605688458e-06 1.07020412087877e-06 1.016693886413123e-06 9.658591579864151e-07 9.175661830340687e-07 8.716878596715105e-07 8.281034524770803e-07 7.866982514315168e-07 7.473633445442829e-07 7.09995163106214e-07 6.744954248460999e-07 6.407706791833334e-07 6.087321366976539e-07 5.782955554423097e-07 5.49380786196707e-07 5.219117724664102e-07 4.958162094226282e-07
 0 0 0 0 0 0 0 0 0 0 0 0 0 0 0 0 0 0 0 0 0 0 0 0 0 0 0 0 0 0 0 0 0 0 0 0 0 0 0 0 0 0 0 0 0 0 0 0 0 0 0 0 0 0 0 0 0 0 0 0 0 0 0 0 0 0 0 0 0 0 0 0 0 0 0 0 0 0 0 0 0 0 0 0 0 0 0 0 0 0 0 0 0 0 0 0 0 0 0 0 0 0 0 0 0 0 0 0 0 0 0 0 0 0 0 0 0 0 0 0 0 0 0 0 0 0 0 0 0 0 0 0 0 0 0 0 0 0 0 0 0 0 0 0 0 0 0 0 0 0 0 0 0 0 0 0 0 0 0 0 0 0 0 0 0 0 0 0 0 0 0 0 0 0 0 0 0 0 0 0 0 0 0 0 0 0 0 0 0 0 0 0 0 0 0 0 0 0 0 0 0 0 0 0 0 0 0 0 0 0 0 0 0 0 0 0 0 0 0 0 0 0 0 0 0 0 0 0 0 0 0 0 0 0 0 0 0 0 0 0 0 0 0 0 0 0 0 0 0 0 0 0 0 0 0 0 0 0 0 0 0 0 0 0 0 0 0 0 0 0 0 0 0 0 0 0 0 0 0 0 0 0 0 0 0 0 0 0 0 0 0 0 0 0 0 0 0 0 0 0 0 0 0 0 0 0 0 0 0 0 0 0 0 0 0 0 0 0 0 0 0 0 0 0 0 0 0 0 0 0 0 0 0 0 0 0 0 0 0 0 0 0 0 0 0 0 0 0 0 0 0 0 0 0 0 0 0 0 0 0 0 0 0 0 0 0 0 0 0 0 0 0 0 0 0 0 0 0 0 0 0 0 0 0 0 0 0 0 0 0 0 0 0 0 0 0 0 0 0 0 0 0 0 0 0 0 0 0 0 0 0 0 0 0 0 0 0 0 0 0 0 0 0 0 0 0 0 0 0 0 0 0 0 0 0 0 0 0 0 0 0 0 0 0 0 0 0 0 0 0 0 0 0 0 0 0 0 0 0 0 0 0 0 0 0 0 0 0 0 0 0 0 0 0 0 0 0 0 0 0 0 0 0 0 0 0 0 0 0 0 0 0 0 0 0 0 0 0 0 0 0 0 0 0 0 0 0 0 0 0 0 0 0 0 0 0 0 0 0 0 0 0 0 0 0 0 0 0 0 0 0 0 0 0 0 0 0 0 0 0 0 0 0 0 0 0 0 0 0 0 0 0 0 0 0 0 0 0 0 0 0 0 0 0 0 0 0 0 0 0 0 0 0 0 0 0 0 0 0 0 0 0 0 0 0 0 0 0 0 0 0 0 0 0 0 0 0 0 0 0
 0 0 0 0 0 0 0 0 0 0 0 0 0 0 0 0 0 0 0 0 0 0 0 0 0 0 0 0 0 0 0 0 0 0 0 0 0 0 0 0 0 0 0 0 0 0 0 0 0 0 0 0 0 0 0 0 0 0 0 0 0 0 0 0 0 0 0 0 0 0 0 0 0 0 0 0 0 0 0 0 0 0 0 0 0 0 0 0 0 0 0 0 0 0 0 0 0 0 0 0 0 0 0 0 0 0 0 0 0 0 0 0 0 0 0 0 0 0 0 0 0 0 0 0 0 0 0 0 0 0 0 0 0 0 0 0 0 0 0 0 0 0 0 0 0 0 0 0 0 0 0 0 0 0 0 0 0 0 0 0 0 0 0 0 0 0 0 0 0 0 0 0 0 0 0 0 0 0 0 0 0 0 0 0 0 0 0 0 0 0 0 0 0 0 0 0 0 0 0 0 0 0 0 0 0 0 0 0 0 0 0 0 0 0 0 0 0 0 0 0 0 0 0 0 0 0 0 0 0 0 0 0 0 0 0 0 0 0 0 0 0 0 0 0 0 0 0 0 0 0 0 0 0 0 0 0 0 0 0 0 0 0 0 0 0 0 0 0 0 0 0 0 0 0 0 0 0 0 0 0 0 0 0 0 0 0 0 0 0 0 0 0 0 0 0 0 0 0 0 0 0 0 0 0 0 0 0 0 0 0 0 0 0 0 0 0 0 0 0 0 0 0 0 0 0 0 0 0 0 0 0 0 0 0 0 0 0 0 0 0 0 0 0 0 0 0 0 0 0 0 0 0 0 0 0 0 0 0 0 0 0 0 0 0 0 0 0 0 0 0 0 0 0 0 0 0 0 0 0 0 0 0 0 0 0 0 0 0 0 0 0 0 0 0 0 0 0 0 0 0 0 0 0 0 0 0 0 0 0 0 0 0 0 0 0 0 0 0 0 0 0 0 0 0 0 0 0 0 0 0 0 0 0 0 0 0 0 0 0 0 0 0 0 0 0 0 0 0 0 0 0 0 0 0 0 0 0 0 0 0 0 0 0 0 0 0 0 0 0 0 0 0 0 0 0 0 0 0 0 0 0 0 0 0 0 0 0 0 0 0 0 0 0 0 0 0 0 0 0 0 0 0 0 0 0 0 0 0 0 0 0 0 0 0 0 0 0 0 0 0 0 0 0 0 0 0 0 0 0 0 0 0 0 0 0 0 0 0 0 0 0 0 0 0 0 0 0 0 0 0 0 0 0 0 0 0 0 0 0 0 0 0 0 0 0 0 0 0 0 0 0 0 0 0 0 0 0 0 0 0 0 0 0 0 0 0 0 0 0 0 0 0 0 0 0 0 0 0 0 0
 0 0 0 0 0 0 0 0 0 0 0 0 0 0 0 0 0 0 0 0 0 0 0 0 0 0 0 0 0 0 0 0 0 0 0 0 0 0 0 0 0 0 0 0 0 0 0 0 0 0 0 0 0 0 0 0 0 0 0 0 0 0 0 0 0 0 0 0 0 0 0 0 0 0 0 0 0 0 0 0 0 0 0 0 0 0 0 0 0 0 0 0 0 0 0 0 0 0 0 0 0 0 0 0 0 0 0 0 0 0 0 0 0 0 0 0 0 0 0 0 0 0 0 0 0 0 0 0 0 0 0 0 0 0 0 0 0 0 0 0 0 0 0 0 0 0 0 0 0 0 0 0 0 0 0 0 0 0 0 0 0 0 0 0 0 0 0 0 0 0 0 0 0 0 0 0 0 0 0 0 0 0 0 0 0 0 0 0 0 0 0 0 0 0 0 0 0 0 0 0 0 0 0 0 0 0 0 0 0 0 0 0 0 0 0 0 0 0 0 0 0 0 0 0 0 0 0 0 0 0 0 0 0 0 0 0 0 0 0 0 0 0 0 0 0 0 0 0 0 0 0 0 0 0 0 0 0 0 0 0 0 0 0 0 0 0 0 0 0 0 0 0 0 0 0 0 0 0 0 0 0 0 0 0 0 0 0 0 0 0 0 0 0 0 0 0 0 0 0 0 0 0 0 0 0 0 0 0 0 0 0 0 0 0 0 0 0 0 0 0 0 0 0 0 0 0 0 0 0 0 0 0 0 0 0 0 0 0 0 0 0 0 0 0 0 0 0 0 0 0 0 0 0 0 0 0 0 0 0 0 0 0 0 0 0 0 0 0 0 0 0 0 0 0 0 0 0 0 0 0 0 0 0 0 0 0 0 0 0 0 0 0 0 0 0 0 0 0 0 0 0 0 0 0 0 0 0 0 0 0 0 0 0 0 0 0 0 0 0 0 0 0 0 0 0 0 0 0 0 0 0 0 0 0 0 0 0 0 0 0 0 0 0 0 0 0 0 0 0 0 0 0 0 0 0 0 0 0 0 0 0 0 0 0 0 0 0 0 0 0 0 0 0 0 0 0 0 0 0 0 0 0 0 0 0 0 0 0 0 0 0 0 0 0 0 0 0 0 0 0 0 0 0 0 0 0 0 0 0 0 0 0 0 0 0 0 0 0 0 0 0 0 0 0 0 0 0 0 0 0 0 0 0 0 0 0 0 0 0 0 0 0 0 0 0 0 0 0 0 0 0 0 0 0 0 0 0 0 0 0 0 0 0 0 0 0 0 0 0 0 0 0 0 0 0 0 0 0 0 0 0 0 0 0 0 0 0 0 0 0 0 0 0 0 0 0 0 0 0 0
 0 0 0 0 0 0 0 0 0 0 0 0 0 0 0 0 0 0 0 0 0 0 0 0 0 0 0 0 0 0 0 0 0 0 0 0 0 0 0 0 0 0 0 0 0 0 0 0 0 0 0 0 0 0 0 0 0 0 0 0 0 0 0 0 0 0 0 0 0 0 0 0 0 0 0 0 0 0 0 0 0 0 0 0 0 0 0 0 0 0 0 0 0 0 0 0 0 0 0 0 0 0 0 0 0 0 0 0 0 0 0 0 0 0 0 0 0 0 0 0 0 0 0 0 0 0 0 0 0 0 0 0 0 0 0 0 0 0 0 0 0 0 0 0 0 0 0 0 0 0 0 0 0 0 0 0 0 0 0 0 0 0 0 0 0 0 0 0 0 0 0 0 0 0 0 0 0 0 0 0 0 0 0 0 0 0 0 0 0 0 0 0 0 0 0 0 0 0 0 0 0 0 0 0 0 0 0 0 0 0 0 0 0 0 0 0 0 0 0 0 0 0 0 0 0 0 0 0 0 0 0 0 0 0 0 0 0 0 0 0 0 0 0 0 0 0 0 0 0 0 0 0 0 0 0 0 0 0 0 0 0 0 0 0 0 0 0 0 0 0 0 0 0 0 0 0 0 0 0 0 0 0 0 0 0 0 0 0 0 0 0 0 0 0 0 0 0 0 0 0 0 0 0 0 0 0 0 0 0 0.0002710838161874563 0.001401696936227381 0.003460263833403587 0.006571358535438776 0.01081924326717854 0.01615637540817261 0.02246927656233311 0.02985803782939911 0.0383295826613903 0.04766132682561874 0.05780012160539627 0.06856957823038101 0.0799480602145195 0.09194696694612503 0.1046335697174072 0.1180294826626778 0.1320318579673767 0.1466823816299438 0.1619873940944672 0.1778310388326645 0.194148376584053 0.2107908874750137 0.2277777940034866 0.2452278435230255 0.2631179392337799 0.2813625633716583 0.2972125709056854 0.3084677457809448 0.3135938048362732 0.3117384016513824 0.3022074699401855 0.2870970964431763 0.2727422416210175 0.2591051161289215 0.246149867773056 0.2338423728942871 0.2221502512693405 0.211042732000351 0.2004905939102173 0.1904660612344742 0.1809427589178085 0.1718956232070923 0.1633008420467377 0.1551357954740524 0.1473790109157562 0.1400100588798523 0.1330095529556274 0.1263590753078461 0.120041124522686 0.1140390709042549 0.1083371192216873 0.102920264005661 0.09777425229549408 0.09288553893566132 0.08824126422405243 0.08382920175790787 0.07963774353265762 0.07565585523843765 0.07187306135892868 0.06827940791845322 0.06486544013023376 0.06162216886878014 0.05854105949401855 0.05561400577425957 0.05283330380916595 0.05019163712859154 0.04768205434083939 0.04529795050621033 0.04303305223584175 0.04088139906525612 0.03883732855319977 0.03689546138048172 0.03505069017410278 0.03329815715551376 0.03163325041532516 0.03005158714950085 0.02854900807142258 0.02712155692279339 0.02576547861099243 0.02447720430791378 0.02325334399938583 0.02209067717194557 0.02098614349961281 0.01993683725595474 0.01893999613821507 0.01799299567937851 0.01709334552288055 0.01623867824673653 0.01542674470692873 0.01465540751814842 0.01392263732850552 0.01322650536894798 0.01256517972797155 0.01193692069500685 0.01134007424116135 0.01077307015657425 0.01023441646248102 0.0097226956859231 0.009236561134457588 0.008774733170866966 0.00833599641919136 0.007919196970760822 0.007523237261921167 0.007147075608372688 0.006789722014218569 0.006450235843658447 0.006127723958343267 0.005821337923407555 0.005530271213501692 0.005253757815808058 0.004991069901734591 0.004741516429930925 0.004504440817981958 0.00427921861410141 0.004065257497131824 0.003861994715407491 0.003668894991278648 0.003485450288280845 0.003311177715659142 0.003145618829876184 0.002988338004797697 0.002838921034708619 0.002696974901482463 0.002562126144766808 0.002434019930660725 0.00231231888756156 0.002196702873334289 0.002086867811158299 0.001982524525374174 0.001883398275822401 0.00178922840859741 0.001699766959063709 0.001614778651855886 0.00153403973672539 0.001457337755709887 0.001384470844641328 0.001315247267484665 0.00124948495067656 0.001187010668218136 0.001127660158090293 0.001071277190931141 0.00101771333720535 0.000966827676165849 0.0009184862719848752 0.0008725619409233332 0.0008289338438771665 0.000787487137131393 0.0007481127977371216 0.0007107071578502655 0.00067517178831622 0.0006414132076315582 0.000609342532698065 0.000578875420615077 0.0005499316612258554 0.0005224350607022643 0.0004963133251294494 0.0004714976530522108 0.0004479227645788342 0.0004255266394466162 0.0004042503132950515 0.0003840377903543413 0.0003648358979262412 0.0003465941117610782 0.0003292644105385989 0.0003128011885564774 0.0002971611393149942 0.000282303080894053 0.0002681879268493503 0.0002547785406932235 0.0002420396194793284 0.0002299376355949789 0.0002184407494496554 0.0002075187076115981 0.0001971427700482309 0.0001872856373665854 0.0001779213489498943 0.0001690252829575911 0.0001605740253580734 0.000152545326272957 0.0001449180563213304 0.0001376721484120935 0.0001307885395362973 0.0001242491125594825 0.0001180366598418914 0.0001121348250308074 0.0001065280812326819 0.0001012016800814308 9.614159353077412e-05 9.133451385423541e-05 8.676778816152364e-05 8.242939657066017e-05 7.830793038010597e-05 7.439253386110067e-05 7.067290425766259e-05 6.713926268275827e-05 6.378229591064155e-05 6.059318184270523e-05 5.756352402386256e-05 5.468534800456837e-05 5.195107951294631e-05 4.935352626489475e-05 4.688584886025637e-05 4.454155714483932e-05 4.231448110658675e-05 4.019875632366166e-05 3.818881668848917e-05 3.627937621786259e-05 3.446540722507052e-05 3.274213668191805e-05 3.110503166681156e-05 2.954977935587522e-05 2.807229066092987e-05 2.666867658263072e-05 2.533524275349919e-05 2.406848034297582e-05 2.286505696247332e-05 2.172180393245071e-05 2.063571446342394e-05 1.960392910405062e-05 1.862373210315127e-05 1.769254595274106e-05 1.6807918655104e-05 1.596752190380357e-05 1.516914562671445e-05 1.441068798158085e-05 1.369015353702707e-05 1.300564599659992e-05 1.235536365129519e-05 1.173759574157884e-05 1.115071609092411e-05 1.059318037732737e-05 1.006352158583468e-05 9.560345461068209e-06 9.082327778742183e-06 8.628211617178749e-06 8.196800990845077e-06 7.786960850353353e-06 7.397612989734625e-06 7.027732408459997e-06 6.67634594719857e-06 6.342528649838641e-06 6.02540239924565e-06 5.724132279283367e-06 5.437925665319199e-06 5.166029495740077e-06 4.907727998215705e-06 4.66234178020386e-06 4.429224645718932e-06 4.207763595331926e-06 3.997375642939005e-06 3.79750690626679e-06 3.60763147000398e-06 3.427249794185627e-06 3.255887349951081e-06 3.093093027928262e-06 2.938438456112635e-06 2.791516635625158e-06 2.6519408038439e-06 2.519343752283021e-06 2.393376462350716e-06 2.273707650601864e-06 2.1600221771223e-06 2.052021045528818e-06 1.949420038727112e-06 1.851949036790757e-06 1.759351562213851e-06 1.671383984103159e-06 1.587814836057078e-06 1.508424134044617e-06 1.433002921658044e-06 1.361352815365535e-06 1.29328520870331e-06 1.228620931215119e-06 1.16718990739173e-06 1.108830360863067e-06 1.053388814398204e-06 1.000719407784345e-06 9.506834430794697e-07 9.031492709254962e-07 8.579918358009309e-07 8.150922212735168e-07 7.743375931568153e-07 7.35620687919436e-07 6.988396421547804e-07 6.638976515205286e-07 6.307027433649637e-07 5.991676061967155e-07 5.692092486242473e-07 5.407487719821802e-07 5.137113134878746e-07 4.880257620243356e-07
 0 0 0 0 0 0 0 0 0 0 0 0 0 0 0 0 0 0 0 0 0 0 0 0 0 0 0 0 0 0 0 0 0 0 0 0 0 0 0 0 0 0 0 0 0 0 0 0 0 0 0 0 0 0 0 0 0 0 0 0 0 0 0 0 0 0 0 0 0 0 0 0 0 0 0 0 0 0 0 0 0 0 0 0 0 0 0 0 0 0 0 0 0 0 0 0 0 0 0 0 0 0 0 0 0 0 0 0 0 0 0 0 0 0 0 0 0 0 0 0 0 0 0 0 0 0 0 0 0 0 0 0 0 0 0 0 0 0 0 0 0 0 0 0 0 0 0 0 0 0 0 0 0 0 0 0 0 0 0 0 0 0 0 0 0 0 0 0 0 0 0 0 0 0 0 0 0 0 0 0 0 0 0 0 0 0 0 0 0 0 0 0 0 0 0 0 0 0 0 0 0 0 0 0 0 0 0 0 0 0 0 0 0 0 0 0 0 0 0 0 0 0 0 0 0 0 0 0 0 0 0 0 0 0 0 0 0 0 0 0 0 0 0 0 0 0 0 0 0 0 0 0 0 0 0 0 0 0 0 0 0 0 0 0 0 0 0 0 0 0 0 0 0 0 0 0 0 0 0 0 0 0 0 0 0 0 0 0 0 0 0 0 0 0 0 0 0 0 0 0 0 0 0 0 0 0 0 0 0 0 0 0 0 0 0 0 0 0 0 0 0 0 0 0 0 0 0 0 0 0 0 0 0 0 0 0 0 0 0 0 0 0 0 0 0 0 0 0 0 0 0 0 0 0 0 0 0 0 0 0 0 0 0 0 0 0 0 0 0 0 0 0 0 0 0 0 0 0 0 0 0 0 0 0 0 0 0 0 0 0 0 0 0 0 0 0 0 0 0 0 0 0 0 0 0 0 0 0 0 0 0 0 0 0 0 0 0 0 0 0 0 0 0 0 0 0 0 0 0 0 0 0 0 0 0 0 0 0 0 0 0 0 0 0 0 0 0 0 0 0 0 0 0 0 0 0 0 0 0 0 0 0 0 0 0 0 0 0 0 0 0 0 0 0 0 0 0 0 0 0 0 0 0 0 0 0 0 0 0 0 0 0 0 0 0 0 0 0 0 0 0 0 0 0 0 0 0 0 0 0 0 0 0 0 0 0 0 0 0 0 0 0 0 0 0 0 0 0 0 0 0 0 0 0 0 0 0 0 0 0 0 0 0 0 0 0 0 0 0 0 0 0 0 0 0 0 0 0 0 0 0 0 0 0 0 0 0 0 0 0 0 0 0 0 0 0 0 0 0 0 0 0 0 0 0 0 0 0 0 0 0 0 0 0 0 0 0 0 0 0
 0 0 0 0 0 0 0 0 0 0 0 0 0 0 0 0 0 0 0 0 0 0 0 0 0 0 0 0 0 0 0 0 0 0 0 0 0 0 0 0 0 0 0 0 0 0 0 0 0 0 0 0 0 0 0 0 0 0 0 0 0 0 0 0 0 0 0 0 0 0 0 0 0 0 0 0 0 0 0 0 0 0 0 0 0 0 0 0 0 0 0 0 0 0 0 0 0 0 0 0 0 0 0 0 0 0 0 0 0 0 0 0 0 0 0 0 0 0 0 0 0 0 0 0 0 0 0 0 0 0 0 0 0 0 0 0 0 0 0 0 0 0 0 0 0 0 0 0 0 0 0 0 0 0 0 0 0 0 0 0 0 0 0 0 0 0 0 0 0 0 0 0 0 0 0 0 0 0 0 0 0 0 0 0 0 0 0 0 0 0 0 0 0 0 0 0 0 0 0 0 0 0 0 0 0 0 0 0 0 0 0 0 0 0 0 0 0 0 0 0 0 0 0 0 0 0 0 0 0 0 0 0 0 0 0 0 0 0 0 0 0 0 0 0 0 0 0 0 0 0 0 0 0 0 0 0 0 0 0 0 0 0 0 0 0 0 0 0 0 0 0 0 0 0 0 0 0 0 0 0 0 0 0 0 0 0 0 0 0 0 0 0 0 0 0 0 0 0 0 0 0 0 0 0 0 0 0 0 0 0 0 0 0 0 0 0 0 0 0 0 0 0 0 0 0 0 0 0 0 0 0 0 0 0 0 0 0 0 0 0 0 0 0 0 0 0 0 0 0 0 0 0 0 0 0 0 0 0 0 0 0 0 0 0 0 0 0 0 0 0 0 0 0 0 0 0 0 0 0 0 0 0 0 0 0 0 0 0 0 0 0 0 0 0 0 0 0 0 0 0 0 0 0 0 0 0 0 0 0 0 0 0 0 0 0 0 0 0 0 0 0 0 0 0 0 0 0 0 0 0 0 0 0 0 0 0 0 0 0 0 0 0 0 0 0 0 0 0 0 0 0 0 0 0 0 0 0 0 0 0 0 0 0 0 0 0 0 0 0 0 0 0 0 0 0 0 0 0 0 0 0 0 0 0 0 0 0 0 0 0 0 0 0 0 0 0 0 0 0 0 0 0 0 0 0 0 0 0 0 0 0 0 0 0 0 0 0 0 0 0 0 0 0 0 0 0 0 0 0 0 0 0 0 0 0 0 0 0 0 0 0 0 0 0 0 0 0 0 0 0 0 0 0 0 0 0 0 0 0 0 0 0 0 0 0 0 0 0 0 0 0 0 0 0 0 0 0 0 0 0 0 0 0 0 0 0 0 0 0 0 0 0 0 0 0 0 0 0 0 0


# name: r_0_m11_G0_L0p3_D0p7
# type: matrix
# rows: 1
# columns: 14
 0 -11 0.2 0 0.3 0 -9.272961666666665 0 0 0.227728260996888 0 137 1.264911064067352 0.7




