# Created by Octave 3.8.2, Sat Jun 17 19:49:08 2017 BST <co1ssj@node117>
# name: result
# type: scalar struct
# ndims: 2
 1 1
# length: 3
# name: params
# type: scalar struct
# ndims: 2
 1 1
# length: 18
# name: cleanup
# type: scalar
0


# name: num_runs
# type: scalar
6


# name: dopamine
# type: scalar
0.7


# name: targetCross
# type: scalar
1


# name: targetLuminance
# type: scalar
0.3


# name: targetWidthX
# type: scalar
6


# name: targetWidthY
# type: scalar
2


# name: fixCross
# type: scalar
1


# name: fixLuminance
# type: scalar
0.2


# name: fixWidthX
# type: scalar
6


# name: fixWidthY
# type: scalar
2


# name: fixOn
# type: scalar
0


# name: targetOff
# type: scalar
1


# name: targetOn
# type: scalar
0.2


# name: fixOff
# type: scalar
0.2


# name: targetThetaX
# type: scalar
0


# name: targetThetaY
# type: scalar
-10


# name: exptnum
# type: scalar
0




# name: r_0_m10_G0_L0p3_D0p7_llbn
# type: matrix
# rows: 24
# columns: 600
 0 0 0 0 0 0 0 0 0 0 0 0 0 0 0 0 0 0 0 0 0 0 0 0 0 0 0 0 0 0 0 0 0 0 0 0 0 0 0 0 0 0 0 0 0 0 0 0 0 0 0 0 0 0 0 0 0 0 0 0 0 0 0 0 0 0 0 0 0 0 0 0 0 0 0 0 0 0 0 0 0 0 0 0 0 0 0 0 0 0 0 0 0 0 0 0 0 0 0 0 0 0 0 0 0 0 0 0 0 0 0 0 0 0 0 0 0 0 0 0 0 0 0 0 0 0 0 0 0 0 0 0 0 0 0 0 0 0 0 0 0 0 0 0 0 0 0 0 0 0 0 0 0 0 0 0 0 0 0 0 0 0 0 0 0 0 0 0 0 0 0 0 0 0 0 0 0 0 0 0 0 0 0 0 0 0 0 0 0 0 0 0 0 0 0 0 0 0 0 0 0 0 0 0 0 0 0 0 0 0 0 0 0 0 0 0 0 0 0 0 0 0 0 0 0 0 0 0 0 0 0 0 0 0 0 0 0 0 0 0 0 0 0 0 0 0 0 0 0 0 0 0 0 0 0 0 0 0 0 0 0 0 0 0 0 0 0 0 0 0 0 0 0 0 0 0 0 0 0 0 0 0 0 0 0 0 0 0 0 0 0 0 0 0 0 0 0 0 0 0 0 0 0 0 0 0 0 0 0 0 0 0 0 0 0 0 0 0 0 0 0 0 0 0 0 0 0 0 0 0 0 0 0 0 0 0 0 0 0 0 0 0 0 0 0 0 0 0 0 0 0 0 0 0 0 0 0 0 0 0 0 0 0 0 0 0 0 0 0 0 0 0 0 0 0 0 0 0 0 0 0 0 0 0 0 0 0 0 0 0 0 0 0 0 0 0 0 0 0 0 0 0 0 0 0 0 0 0 0 0 0 0 0 0 0 0 0 0 0 0 0 0 0 0 0 0 0 0 0 0 0 0 0 0 0 0 0 0 0 0 0 0 0 0 0 0 0 0 0 0 0 0 0 0 0 0 0 0 0 0 0 0 0 0 0 0 0 0 0 0 0 0 0 0 0 0 0 0 0 0 0 0 0 0 0 0 0 0 0 0 0 0 0 0 0 0 0 0 0 0 0 0 0 0 0 0 0 0 0 0 0 0 0 0 0 0 0 0 0 0 0 0 0 0 0 0 0 0 0 0 0 0 0 0 0 0 0 0 0 0 0 0 0 0 0 0 0 0 0 0 0 0 0 0 0 0 0 0 0 0 0 0 0 0 0 0 0 0 0 0 0 0 0 0 0 0 0 0 0 0 0 0 0 0 0 0 0 0 0 0 0 0 0 0 0 0 0 0 0 0
 0 0 0 0 0 0 0 0 0 0 0 0 0 0 0 0 0 0 0 0 0 0 0 0 0 0 0 0 0 0 0 0 0 0 0 0 0 0 0 0 0 0 0 0 0 0 0 0 0 0 0 0 0 0 0 0 0 0 0 0 0 0 0 0 0 0 0 0 0 0 0 0 0 0 0 0 0 0 0 0 0 0 0 0 0 0 0 0 0 0 0 0 0 0 0 0 0 0 0 0 0 0 0 0 0 0 0 0 0 0 0 0 0 0 0 0 0 0 0 0 0 0 0 0 0 0 0 0 0 0 0 0 0 0 0 0 0 0 0 0 0 0 0 0 0 0 0 0 0 0 0 0 0 0 0 0 0 0 0 0 0 0 0 0 0 0 0 0 0 0 0 0 0 0 0 0 0 0 0 0 0 0 0 0 0 0 0 0 0 0 0 0 0 0 0 0 0 0 0 0 0 0 0 0 0 0 0 0 0 0 0 0 0 0 0 0 0 0 0 0 0 0 0 0 0 0 0 0 0 0 0 0 0 0 0 0 0 0 0 0 0 0 0 0 0 0 0 0 0 0 0 0 0 0 0 0 0 0 0 0 0 0 0 0 0 0 0 0 0 0 0 0 0 0 0 0 0 0 0 0 0 0 0 0 0 0 0 0 0 0 0 0 0 0 0 0 0 0 0 0 0 0 0 0 0 0 0.0003846451872959733 0.00166186923161149 0.003878457238897681 0.007026326842606068 0.01104992069303989 0.01586378365755081 0.02138399332761765 0.02756052277982235 0.03443616628646851 0.0421154722571373 0.05052971094846725 0.05961231887340546 0.06914926320314407 0.07909563183784485 0.08942694962024689 0.1001720130443573 0.1113713979721069 0.1230678409337997 0.1352642476558685 0.1480171084403992 0.1611777544021606 0.1747196763753891 0.1884515583515167 0.202377587556839 0.2165974229574203 0.2311378866434097 0.2454746961593628 0.2570090889930725 0.2640549540519714 0.2654895484447479 0.260558158159256 0.248843252658844 0.2364010959863663 0.2245810478925705 0.2133519947528839 0.2026844024658203 0.1925501823425293 0.1829226762056351 0.1737765371799469 0.1650877147912979 0.1568333357572556 0.1489916741847992 0.1415420919656754 0.1344649940729141 0.127741739153862 0.1213546544313431 0.1152869239449501 0.1095225811004639 0.1040464490652084 0.09884412586688995 0.09390191733837128 0.08920682221651077 0.08474647998809814 0.08050915598869324 0.07648369669914246 0.07265951484441757 0.06902653723955154 0.06557521224021912 0.06229645013809204 0.05918162688612938 0.05622254684567451 0.05341142043471336 0.05074084922671318 0.04820380732417107 0.04579361528158188 0.04350393265485764 0.04132873564958572 0.03926229849457741 0.03729918226599693 0.03543422371149063 0.03366251289844513 0.03197938576340675 0.03038041666150093 0.0288613960146904 0.02741832658648491 0.02604741044342518 0.02474503964185715 0.02350778691470623 0.02233239822089672 0.0212157778441906 0.02015498839318752 0.01914723962545395 0.01818987727165222 0.01728038303554058 0.01641636341810226 0.01559554506093264 0.01481576822698116 0.01407497934997082 0.0133712301030755 0.01270266901701689 0.01206753589212894 0.01146415900439024 0.01089095138013363 0.01034640334546566 0.009829083457589149 0.009337629191577435 0.008870747871696949 0.0084272101521492 0.00800585001707077 0.007605557329952717 0.007225279696285725 0.006864015944302082 0.006520815193653107 0.006194774527102709 0.00588503573089838 0.005590783897787333 0.005311244633048773 0.005045682191848755 0.004793398082256317 0.004553728271275759 0.004326041787862778 0.004109739791601896 0.003904252778738737 0.003709040116518736 0.003523588180541992 0.003347408724948764 0.003180038183927536 0.003021036274731159 0.002869984367862344 0.002726485254243016 0.002590161049738526 0.002460652962327003 0.002337620360776782 0.002220739377662539 0.002109702443704009 0.002004217356443405 0.001904006465338171 0.001808806089684367 0.001718365820124745 0.001632447587326169 0.001550825196318328 0.001473283977247775 0.001399619737640023 0.001329638762399554 0.001263156766071916 0.001199998892843723 0.001139998901635408 0.001082998933270574 0.001028849044814706 0.0009774066274985671 0.0009285362903028727 0.0008821094525046647 0.0008380039944313467 0.0007961037917993963 0.0007562985992990434 0.0007184836431406438 0.0006825594464316964 0.0006484314799308777 0.0006160099292173982 0.0005852094618603587 0.0005559489945881069 0.0005281515186652541 0.0005017439252696931 0.0004766567144542933 0.0004528238787315786 0.0004301826702430844 0.0004086735425516963 0.0003882398596033454 0.0003688278666231781 0.0003503864863887429 0.000332867173710838 0.0003162238281220198 0.000300412648357451 0.0002853920159395784 0.0002711224078666419 0.0002575662801973522 0.0002446879516355693 0.000232453559874557 0.0002208308869739994 0.0002097893448080868 0.0001992998732021078 0.0001893348817247897 0.0001798681332729757 0.0001708747295197099 0.000162330994498916 0.0001542144455015659 0.0001465037203161046 0.0001391785335727036 0.0001322196039836854 0.0001256086252396926 0.0001193281932501122 0.0001133617843152024 0.0001076936969184317 0.000102309015346691 9.719356603454798e-05 9.233388846041635e-05 8.771719149081036e-05 8.333133155247197e-05 7.916476170066744e-05 7.520652434322983e-05 7.144620030885562e-05 6.787388701923192e-05 6.44801912130788e-05 6.125618529040366e-05 5.819337457069196e-05 5.528370456886478e-05 5.2519520977512e-05 4.989354420104064e-05 4.739886571769603e-05 4.502892261371017e-05 4.27774757554289e-05 4.063860251335427e-05 3.860667129629292e-05 3.667633791337721e-05 3.484252010821365e-05 3.310039392090403e-05 3.144537549815141e-05 2.98731065413449e-05 2.837945066858083e-05 2.696047886274755e-05 2.561245491961017e-05 2.433183180983178e-05 2.311524076503702e-05 2.195947854488622e-05 2.086150379909668e-05 1.981842797249556e-05 1.88275062100729e-05 1.788613008102402e-05 1.69918239407707e-05 1.614223219803534e-05 1.53351211338304e-05 1.456836525903782e-05 1.383994731440907e-05 1.314795008511283e-05 1.249055276275612e-05 1.18660254884162e-05 1.127272389567224e-05 1.070908729161602e-05 1.017363319988362e-05 9.664951903687324e-06 9.181704626826104e-06 8.722618986212183e-06 8.286488082376309e-06 7.872164133004844e-06 7.478555744455662e-06 7.104627911758143e-06 6.749396561644971e-06 6.411926733562723e-06 6.091330305935116e-06 5.786763722426258e-06 5.497425718203885e-06 5.222554591455264e-06 4.961426839145133e-06 4.713355338026304e-06 4.477687525650254e-06 4.253803126630373e-06 4.041112788399914e-06 3.839057171717286e-06 3.647104222181952e-06 3.464748942860751e-06 3.2915115752985e-06 3.126936007902259e-06 2.970589321193984e-06 2.822059741447447e-06 2.680956640688237e-06 2.546908717704355e-06 2.419563315925188e-06 2.298585059179459e-06 2.183655851695221e-06 2.07447305911046e-06 1.970749508473091e-06 1.872212010312069e-06 1.778601358637388e-06 1.689671307758545e-06 1.605187776476669e-06 1.524928393337177e-06 1.448681928195583e-06 1.376247837470146e-06 1.307435468334006e-06 1.242063717654673e-06 1.179960577246675e-06 1.120962565437367e-06 1.064914386006421e-06 1.011668700812152e-06 9.61085220296809e-07 9.130309308602591e-07 8.673794127389556e-07 8.240104421020078e-07 7.828099342077621e-07 7.436694318130321e-07 7.06485934642842e-07 6.711616151733324e-07 6.376035344146658e-07 6.057233576939325e-07 5.75437184124894e-07 5.466653192343074e-07 5.193320475882501e-07 4.933654622618633e-07 4.686971806222573e-07 4.452623159068025e-07 4.229991930060351e-07 4.018492347768188e-07 3.817567630903795e-07 3.626689135671768e-07
 0 0 0 0 0 0 0 0 0 0 0 0 0 0 0 0 0 0 0 0 0 0 0 0 0 0 0 0 0 0 0 0 0 0 0 0 0 0 0 0 0 0 0 0 0 0 0 0 0 0 0 0 0 0 0 0 0 0 0 0 0 0 0 0 0 0 0 0 0 0 0 0 0 0 0 0 0 0 0 0 0 0 0 0 0 0 0 0 0 0 0 0 0 0 0 0 0 0 0 0 0 0 0 0 0 0 0 0 0 0 0 0 0 0 0 0 0 0 0 0 0 0 0 0 0 0 0 0 0 0 0 0 0 0 0 0 0 0 0 0 0 0 0 0 0 0 0 0 0 0 0 0 0 0 0 0 0 0 0 0 0 0 0 0 0 0 0 0 0 0 0 0 0 0 0 0 0 0 0 0 0 0 0 0 0 0 0 0 0 0 0 0 0 0 0 0 0 0 0 0 0 0 0 0 0 0 0 0 0 0 0 0 0 0 0 0 0 0 0 0 0 0 0 0 0 0 0 0 0 0 0 0 0 0 0 0 0 0 0 0 0 0 0 0 0 0 0 0 0 0 0 0 0 0 0 0 0 0 0 0 0 0 0 0 0 0 0 0 0 0 0 0 0 0 0 0 0 0 0 0 0 0 0 0 0 0 0 0 0 0 0 0 0 0 0 0 0 0 0 0 0 0 0 0 0 0 0 0 0 0 0 0 0 0 0 0 0 0 0 0 0 0 0 0 0 0 0 0 0 0 0 0 0 0 0 0 0 0 0 0 0 0 0 0 0 0 0 0 0 0 0 0 0 0 0 0 0 0 0 0 0 0 0 0 0 0 0 0 0 0 0 0 0 0 0 0 0 0 0 0 0 0 0 0 0 0 0 0 0 0 0 0 0 0 0 0 0 0 0 0 0 0 0 0 0 0 0 0 0 0 0 0 0 0 0 0 0 0 0 0 0 0 0 0 0 0 0 0 0 0 0 0 0 0 0 0 0 0 0 0 0 0 0 0 0 0 0 0 0 0 0 0 0 0 0 0 0 0 0 0 0 0 0 0 0 0 0 0 0 0 0 0 0 0 0 0 0 0 0 0 0 0 0 0 0 0 0 0 0 0 0 0 0 0 0 0 0 0 0 0 0 0 0 0 0 0 0 0 0 0 0 0 0 0 0 0 0 0 0 0 0 0 0 0 0 0 0 0 0 0 0 0 0 0 0 0 0 0 0 0 0 0 0 0 0 0 0 0 0 0 0 0 0 0 0 0 0 0 0 0 0 0 0 0 0 0 0 0 0 0 0 0 0 0 0 0 0 0 0 0 0 0 0 0 0 0 0 0 0 0 0 0 0 0 0 0 0 0 0 0
 0 0 0 0 0 0 0 0 0 0 0 0 0 0 0 0 0 0 0 0 0 0 0 0 0 0 0 0 0 0 0 0 0 0 0 0 0 0 0 0 0 0 0 0 0 0 0 0 0 0 0 0 0 0 0 0 0 0 0 0 0 0 0 0 0 0 0 0 0 0 0 0 0 0 0 0 0 0 0 0 0 0 0 0 0 0 0 0 0 0 0 0 0 0 0 0 0 0 0 0 0 0 0 0 0 0 0 0 0 0 0 0 0 0 0 0 0 0 0 0 0 0 0 0 0 0 0 0 0 0 0 0 0 0 0 0 0 0 0 0 0 0 0 0 0 0 0 0 0 0 0 0 0 0 0 0 0 0 0 0 0 0 0 0 0 0 0 0 0 0 0 0 0 0 0 0 0 0 0 0 0 0 0 0 0 0 0 0 0 0 0 0 0 0 0 0 0 0 0 0 0 0 0 0 0 0 0 0 0 0 0 0 0 0 0 0 0 0 0 0 0 0 0 0 0 0 0 0 0 0 0 0 0 0 0 0 0 0 0 0 0 0 0 0 0 0 0 0 0 0 0 0 0 0 0 0 0 0 0 0 0 0 0 0 0 0 0 0 0 0 0 0 0 0 0 0 0 0 0 0 0 0 0 0 0 0 0 0 0 0 0 0 0 0 0 0 0 0 0 0 0 0 0 0 0 0 0 0 0 0 0 0 0 0 0 0 0 0 0 0 0 0 0 0 0 0 0 0 0 0 0 0 0 0 0 0 0 0 0 0 0 0 0 0 0 0 0 0 0 0 0 0 0 0 0 0 0 0 0 0 0 0 0 0 0 0 0 0 0 0 0 0 0 0 0 0 0 0 0 0 0 0 0 0 0 0 0 0 0 0 0 0 0 0 0 0 0 0 0 0 0 0 0 0 0 0 0 0 0 0 0 0 0 0 0 0 0 0 0 0 0 0 0 0 0 0 0 0 0 0 0 0 0 0 0 0 0 0 0 0 0 0 0 0 0 0 0 0 0 0 0 0 0 0 0 0 0 0 0 0 0 0 0 0 0 0 0 0 0 0 0 0 0 0 0 0 0 0 0 0 0 0 0 0 0 0 0 0 0 0 0 0 0 0 0 0 0 0 0 0 0 0 0 0 0 0 0 0 0 0 0 0 0 0 0 0 0 0 0 0 0 0 0 0 0 0 0 0 0 0 0 0 0 0 0 0 0 0 0 0 0 0 0 0 0 0 0 0 0 0 0 0 0 0 0 0 0 0 0 0 0 0 0 0 0 0 0 0 0 0 0 0 0 0 0 0 0 0 0 0 0 0 0 0 0 0 0 0 0 0 0 0 0 0 0 0 0 0 0 0
 0 0 0 0 0 0 0 0 0 0 0 0 0 0 0 0 0 0 0 0 0 0 0 0 0 0 0 0 0 0 0 0 0 0 0 0 0 0 0 0 0 0 0 0 0 0 0 0 0 0 0 0 0 0 0 0 0 0 0 0 0 0 0 0 0 0 0 0 0 0 0 0 0 0 0 0 0 0 0 0 0 0 0 0 0 0 0 0 0 0 0 0 0 0 0 0 0 0 0 0 0 0 0 0 0 0 0 0 0 0 0 0 0 0 0 0 0 0 0 0 0 0 0 0 0 0 0 0 0 0 0 0 0 0 0 0 0 0 0 0 0 0 0 0 0 0 0 0 0 0 0 0 0 0 0 0 0 0 0 0 0 0 0 0 0 0 0 0 0 0 0 0 0 0 0 0 0 0 0 0 0 0 0 0 0 0 0 0 0 0 0 0 0 0 0 0 0 0 0 0 0 0 0 0 0 0 0 0 0 0 0 0 0 0 0 0 0 0 0 0 0 0 0 0 0 0 0 0 0 0 0 0 0 0 0 0 0 0 0 0 0 0 0 0 0 0 0 0 0 0 0 0 0 0 0 0 0 0 0 0 0 0 0 0 0 0 0 0 0 0 0 0 0 0 0 0 0 0 0 0 0 0 0 0 0 0 0 0 0 0 0 0 0 0 0 0 0 0 0 0 0 0 0 0 0 0 0 0 0 0 0 0 0 0 0 0 0 0 0 0 0 0 0 0 0 0 0 0 0 0 0 0 0 0 0 0 0 0 0 0 0 0 0 0 0 0 0 0 0 0 0 0 0 0 0 0 0 0 0 0 0 0 0 0 0 0 0 0 0 0 0 0 0 0 0 0 0 0 0 0 0 0 0 0 0 0 0 0 0 0 0 0 0 0 0 0 0 0 0 0 0 0 0 0 0 0 0 0 0 0 0 0 0 0 0 0 0 0 0 0 0 0 0 0 0 0 0 0 0 0 0 0 0 0 0 0 0 0 0 0 0 0 0 0 0 0 0 0 0 0 0 0 0 0 0 0 0 0 0 0 0 0 0 0 0 0 0 0 0 0 0 0 0 0 0 0 0 0 0 0 0 0 0 0 0 0 0 0 0 0 0 0 0 0 0 0 0 0 0 0 0 0 0 0 0 0 0 0 0 0 0 0 0 0 0 0 0 0 0 0 0 0 0 0 0 0 0 0 0 0 0 0 0 0 0 0 0 0 0 0 0 0 0 0 0 0 0 0 0 0 0 0 0 0 0 0 0 0 0 0 0 0 0 0 0 0 0 0 0 0 0 0 0 0 0 0 0 0 0 0 0 0 0 0 0 0 0 0 0 0 0 0 0 0 0 0 0 0 0 0
 0 0 0 0 0 0 0 0 0 0 0 0 0 0 0 0 0 0 0 0 0 0 0 0 0 0 0 0 0 0 0 0 0 0 0 0 0 0 0 0 0 0 0 0 0 0 0 0 0 0 0 0 0 0 0 0 0 0 0 0 0 0 0 0 0 0 0 0 0 0 0 0 0 0 0 0 0 0 0 0 0 0 0 0 0 0 0 0 0 0 0 0 0 0 0 0 0 0 0 0 0 0 0 0 0 0 0 0 0 0 0 0 0 0 0 0 0 0 0 0 0 0 0 0 0 0 0 0 0 0 0 0 0 0 0 0 0 0 0 0 0 0 0 0 0 0 0 0 0 0 0 0 0 0 0 0 0 0 0 0 0 0 0 0 0 0 0 0 0 0 0 0 0 0 0 0 0 0 0 0 0 0 0 0 0 0 0 0 0 0 0 0 0 0 0 0 0 0 0 0 0 0 0 0 0 0 0 0 0 0 0 0 0 0 0 0 0 0 0 0 0 0 0 0 0 0 0 0 0 0 0 0 0 0 0 0 0 0 0 0 0 0 0 0 0 0 0 0 0 0 0 0 0 0 0 0 0 0 0 0 0 0 0 0 0 0 0 0 0 0 0 0 0 0 0 0 0 0 0 0 0 0 0 0 0 0 0 0 0 0 0 0 0 0 0 0 0 0 0 0 0 0 0 0 0 0 0 0.0001319598231930286 0.001123568625189364 0.003050690051168203 0.005911813117563725 0.009717739187180996 0.01438355259597301 0.01975712552666664 0.02585170604288578 0.03267217427492142 0.04032990708947182 0.04875920340418816 0.0578744113445282 0.06749211251735687 0.07756280899047852 0.08805914968252182 0.09900496900081635 0.1104588806629181 0.1223984360694885 0.1348369419574738 0.1478181183338165 0.1611943393945694 0.1749087572097778 0.1887983828783035 0.2029056698083878 0.217315137386322 0.2320324331521988 0.2469279617071152 0.2592310905456543 0.2671624422073364 0.2695103585720062 0.2654676139354706 0.2545396387577057 0.2418126612901688 0.2297220230102539 0.2182359248399734 0.2073241323232651 0.1969579309225082 0.187110036611557 0.1777545362710953 0.1688668131828308 0.1604234725236893 0.1524022966623306 0.1447821855545044 0.1375430822372437 0.1306659281253815 0.1241326332092285 0.1179260015487671 0.1120297014713287 0.1064282134175301 0.1011068001389503 0.09605146199464798 0.09124889224767685 0.08668644726276398 0.08235212415456772 0.07823451608419418 0.07432278990745544 0.07060664892196655 0.06707631796598434 0.06372249871492386 0.06053637340664864 0.05750955641269684 0.05463407933712006 0.05190237611532211 0.04930725693702698 0.04684189334511757 0.04449979960918427 0.04227481037378311 0.04016106948256493 0.03815301507711411 0.03624536469578743 0.03443309664726257 0.0327114425599575 0.03107587061822414 0.02952207624912262 0.02804597280919552 0.02664367482066154 0.02531149052083492 0.02404591627418995 0.02284361980855465 0.02170143835246563 0.02061636559665203 0.01958554796874523 0.01860626973211765 0.01767595671117306 0.01679215952754021 0.01595255173742771 0.01515492424368858 0.01439717784523964 0.01367731858044863 0.01299345307052135 0.01234378013759851 0.01172659080475569 0.01114026084542274 0.01058324798941612 0.0100540854036808 0.009551380760967731 0.009073811583220959 0.008620120584964752 0.00818911474198103 0.007779658772051334 0.007390676066279411 0.007021142169833183 0.006670085247606039 0.006336580961942673 0.006019752006977797 0.005718764383345842 0.0054328260011971 0.005161184817552567 0.004903125576674938 0.00465796934440732 0.004425070714205503 0.004203817341476679 0.003993626683950424 0.003793945303186774 0.003604247933253646 0.003424035618081689 0.003252833848819137 0.003090192098170519 0.0029356824234128 0.00278889830224216 0.002649453468620777 0.00251698074862361 0.002391131594777107 0.002271574921905994 0.002157996175810695 0.002050096401944757 0.001947591546922922 0.00185021199285984 0.001757701393216848 0.001669816323556006 0.001586325466632843 0.001507009146735072 0.001431658631190658 0.001360075664706528 0.001292071887291968 0.001227468252182007 0.001166094793006778 0.001107790041714907 0.001052400562912226 0.0009997804882004857 0.0009497914579696953 0.0009023018646985292 0.0008571867947466671 0.0008143274462781847 0.0007736110710538924 0.0007349305087700486 0.0006981840124353766 0.0006632747827097774 0.0006301110261119902 0.0005986054893583059 0.0005686752265319228 0.000540241482667625 0.0005132294027134776 0.0004875679442193359 0.0004631895571947098 0.0004400300676934421 0.000418028561398387 0.0003971271216869354 0.0003772707714233547 0.0003584072401281446 0.0003404868766665459 0.0003234625328332186 0.0003072894178330898 0.0002919249527622014 0.000277328712400049 0.0002634622796904296 0.0002502891584299505 0.000237774700508453 0.00022588596038986 0.0002145916660083458 0.0002038620878010988 0.0001936689805006608 0.0001839855249272659 0.0001747862552292645 0.0001660469424678013 0.0001577445946168154 0.0001498573692515492 0.0001423645007889718 0.0001352462713839486 0.0001284839527215809 0.0001220597550855018 0.0001159567691502161 0.0001101589296013117 0.0001046509860316291 9.941843745764345e-05 9.444751776754856e-05 8.972514478955418e-05 8.523889118805528e-05 8.097694808384404e-05 7.6928103226237e-05 7.308169733732939e-05 6.942760956007987e-05 6.595622835448012e-05 6.265841511776671e-05 5.952549327048473e-05 5.654921915265732e-05 5.372175655793399e-05 5.103566945763305e-05 4.848388562095352e-05 4.60596929769963e-05 4.375670687295496e-05 4.156887007411569e-05 3.949042729800567e-05 3.751590702449903e-05 3.564011058188044e-05 3.385810487088747e-05 3.21652005368378e-05 3.055694105569273e-05 2.902909363911022e-05 2.757763832050841e-05 2.619875704112928e-05 2.488881909812335e-05 2.364437750657089e-05 2.246215808554552e-05 2.133905036316719e-05 2.027209848165512e-05 1.925849392137025e-05 1.829557004384696e-05 1.738079117785674e-05 1.651175080041867e-05 1.56861624418525e-05 1.490185422881041e-05 1.415676160831936e-05 1.344892370980233e-05 1.277647788811009e-05 1.2137654266553e-05 1.153077118942747e-05 1.095423249353189e-05 1.040652114170371e-05 9.886194675345905e-06 9.39188521442702e-06 8.922291272028815e-06 8.47617684485158e-06 8.052367775235325e-06 7.649749022675678e-06 7.267261480592424e-06 6.9038983383507e-06 6.558703262271592e-06 6.23076812189538e-06 5.919229806750081e-06 5.623268407362048e-06 5.34210494151921e-06 5.074999535281677e-06 4.821249603992328e-06 4.580187123792712e-06 4.351177722128341e-06 4.133618858759291e-06 3.926938006770797e-06 3.730591060957522e-06 3.54406142832886e-06 3.366858436493203e-06 3.198515514668543e-06 3.038589738935116e-06 2.886660240619676e-06 2.742327296800795e-06 2.605210966066807e-06 2.474950406394782e-06 2.35120296565583e-06 2.233642817373038e-06 2.121960733347805e-06 2.015862719417783e-06 1.915069560709526e-06 1.819316139517468e-06 1.728350298435544e-06 1.641932840357185e-06 1.559836164233275e-06 1.481844378758979e-06 1.407752165505372e-06 1.337364551545761e-06 1.270496341021499e-06 1.206971546707791e-06 1.14662293526635e-06 1.089291799871717e-06 1.034827164403396e-06 9.830857834458584e-07 9.33931517010933e-07 8.872349326338735e-07 8.428731916865217e-07 8.007295377865375e-07 7.606930694237235e-07 7.226583988995117e-07 6.86525481796707e-07 6.521992190755554e-07 6.195892865434871e-07 5.886098506380222e-07 5.591793410530954e-07 5.312203938956372e-07 5.046593969382229e-07 4.794264327756537e-07 4.554551082947e-07 4.32682355722136e-07 4.110482336727728e-07 3.904958134626213e-07
 0 0 0 0 0 0 0 0 0 0 0 0 0 0 0 0 0 0 0 0 0 0 0 0 0 0 0 0 0 0 0 0 0 0 0 0 0 0 0 0 0 0 0 0 0 0 0 0 0 0 0 0 0 0 0 0 0 0 0 0 0 0 0 0 0 0 0 0 0 0 0 0 0 0 0 0 0 0 0 0 0 0 0 0 0 0 0 0 0 0 0 0 0 0 0 0 0 0 0 0 0 0 0 0 0 0 0 0 0 0 0 0 0 0 0 0 0 0 0 0 0 0 0 0 0 0 0 0 0 0 0 0 0 0 0 0 0 0 0 0 0 0 0 0 0 0 0 0 0 0 0 0 0 0 0 0 0 0 0 0 0 0 0 0 0 0 0 0 0 0 0 0 0 0 0 0 0 0 0 0 0 0 0 0 0 0 0 0 0 0 0 0 0 0 0 0 0 0 0 0 0 0 0 0 0 0 0 0 0 0 0 0 0 0 0 0 0 0 0 0 0 0 0 0 0 0 0 0 0 0 0 0 0 0 0 0 0 0 0 0 0 0 0 0 0 0 0 0 0 0 0 0 0 0 0 0 0 0 0 0 0 0 0 0 0 0 0 0 0 0 0 0 0 0 0 0 0 0 0 0 0 0 0 0 0 0 0 0 0 0 0 0 0 0 0 0 0 0 0 0 0 0 0 0 0 0 0 0 0 0 0 0 0 0 0 0 0 0 0 0 0 0 0 0 0 0 0 0 0 0 0 0 0 0 0 0 0 0 0 0 0 0 0 0 0 0 0 0 0 0 0 0 0 0 0 0 0 0 0 0 0 0 0 0 0 0 0 0 0 0 0 0 0 0 0 0 0 0 0 0 0 0 0 0 0 0 0 0 0 0 0 0 0 0 0 0 0 0 0 0 0 0 0 0 0 0 0 0 0 0 0 0 0 0 0 0 0 0 0 0 0 0 0 0 0 0 0 0 0 0 0 0 0 0 0 0 0 0 0 0 0 0 0 0 0 0 0 0 0 0 0 0 0 0 0 0 0 0 0 0 0 0 0 0 0 0 0 0 0 0 0 0 0 0 0 0 0 0 0 0 0 0 0 0 0 0 0 0 0 0 0 0 0 0 0 0 0 0 0 0 0 0 0 0 0 0 0 0 0 0 0 0 0 0 0 0 0 0 0 0 0 0 0 0 0 0 0 0 0 0 0 0 0 0 0 0 0 0 0 0 0 0 0 0 0 0 0 0 0 0 0 0 0 0 0 0 0 0 0 0 0 0 0 0 0 0 0 0 0 0 0 0 0 0 0 0 0 0 0 0 0 0 0 0 0 0 0 0 0 0 0 0 0 0 0 0 0 0 0 0
 0 0 0 0 0 0 0 0 0 0 0 0 0 0 0 0 0 0 0 0 0 0 0 0 0 0 0 0 0 0 0 0 0 0 0 0 0 0 0 0 0 0 0 0 0 0 0 0 0 0 0 0 0 0 0 0 0 0 0 0 0 0 0 0 0 0 0 0 0 0 0 0 0 0 0 0 0 0 0 0 0 0 0 0 0 0 0 0 0 0 0 0 0 0 0 0 0 0 0 0 0 0 0 0 0 0 0 0 0 0 0 0 0 0 0 0 0 0 0 0 0 0 0 0 0 0 0 0 0 0 0 0 0 0 0 0 0 0 0 0 0 0 0 0 0 0 0 0 0 0 0 0 0 0 0 0 0 0 0 0 0 0 0 0 0 0 0 0 0 0 0 0 0 0 0 0 0 0 0 0 0 0 0 0 0 0 0 0 0 0 0 0 0 0 0 0 0 0 0 0 0 0 0 0 0 0 0 0 0 0 0 0 0 0 0 0 0 0 0 0 0 0 0 0 0 0 0 0 0 0 0 0 0 0 0 0 0 0 0 0 0 0 0 0 0 0 0 0 0 0 0 0 0 0 0 0 0 0 0 0 0 0 0 0 0 0 0 0 0 0 0 0 0 0 0 0 0 0 0 0 0 0 0 0 0 0 0 0 0 0 0 0 0 0 0 0 0 0 0 0 0 0 0 0 0 0 0 0 0 0 0 0 0 0 0 0 0 0 0 0 0 0 0 0 0 0 0 0 0 0 0 0 0 0 0 0 0 0 0 0 0 0 0 0 0 0 0 0 0 0 0 0 0 0 0 0 0 0 0 0 0 0 0 0 0 0 0 0 0 0 0 0 0 0 0 0 0 0 0 0 0 0 0 0 0 0 0 0 0 0 0 0 0 0 0 0 0 0 0 0 0 0 0 0 0 0 0 0 0 0 0 0 0 0 0 0 0 0 0 0 0 0 0 0 0 0 0 0 0 0 0 0 0 0 0 0 0 0 0 0 0 0 0 0 0 0 0 0 0 0 0 0 0 0 0 0 0 0 0 0 0 0 0 0 0 0 0 0 0 0 0 0 0 0 0 0 0 0 0 0 0 0 0 0 0 0 0 0 0 0 0 0 0 0 0 0 0 0 0 0 0 0 0 0 0 0 0 0 0 0 0 0 0 0 0 0 0 0 0 0 0 0 0 0 0 0 0 0 0 0 0 0 0 0 0 0 0 0 0 0 0 0 0 0 0 0 0 0 0 0 0 0 0 0 0 0 0 0 0 0 0 0 0 0 0 0 0 0 0 0 0 0 0 0 0 0 0 0 0 0 0 0 0 0 0 0 0 0 0 0 0 0 0 0 0 0 0 0 0 0
 0 0 0 0 0 0 0 0 0 0 0 0 0 0 0 0 0 0 0 0 0 0 0 0 0 0 0 0 0 0 0 0 0 0 0 0 0 0 0 0 0 0 0 0 0 0 0 0 0 0 0 0 0 0 0 0 0 0 0 0 0 0 0 0 0 0 0 0 0 0 0 0 0 0 0 0 0 0 0 0 0 0 0 0 0 0 0 0 0 0 0 0 0 0 0 0 0 0 0 0 0 0 0 0 0 0 0 0 0 0 0 0 0 0 0 0 0 0 0 0 0 0 0 0 0 0 0 0 0 0 0 0 0 0 0 0 0 0 0 0 0 0 0 0 0 0 0 0 0 0 0 0 0 0 0 0 0 0 0 0 0 0 0 0 0 0 0 0 0 0 0 0 0 0 0 0 0 0 0 0 0 0 0 0 0 0 0 0 0 0 0 0 0 0 0 0 0 0 0 0 0 0 0 0 0 0 0 0 0 0 0 0 0 0 0 0 0 0 0 0 0 0 0 0 0 0 0 0 0 0 0 0 0 0 0 0 0 0 0 0 0 0 0 0 0 0 0 0 0 0 0 0 0 0 0 0 0 0 0 0 0 0 0 0 0 0 0 0 0 0 0 0 0 0 0 0 0 0 0 0 0 0 0 0 0 0 0 0 0 0 0 0 0 0 0 0 0 0 0 0 0 0 0 0 0 0 0 0 0 0 0 0 0 0 0 0 0 0 0 0 0 0 0 0 0 0 0 0 0 0 0 0 0 0 0 0 0 0 0 0 0 0 0 0 0 0 0 0 0 0 0 0 0 0 0 0 0 0 0 0 0 0 0 0 0 0 0 0 0 0 0 0 0 0 0 0 0 0 0 0 0 0 0 0 0 0 0 0 0 0 0 0 0 0 0 0 0 0 0 0 0 0 0 0 0 0 0 0 0 0 0 0 0 0 0 0 0 0 0 0 0 0 0 0 0 0 0 0 0 0 0 0 0 0 0 0 0 0 0 0 0 0 0 0 0 0 0 0 0 0 0 0 0 0 0 0 0 0 0 0 0 0 0 0 0 0 0 0 0 0 0 0 0 0 0 0 0 0 0 0 0 0 0 0 0 0 0 0 0 0 0 0 0 0 0 0 0 0 0 0 0 0 0 0 0 0 0 0 0 0 0 0 0 0 0 0 0 0 0 0 0 0 0 0 0 0 0 0 0 0 0 0 0 0 0 0 0 0 0 0 0 0 0 0 0 0 0 0 0 0 0 0 0 0 0 0 0 0 0 0 0 0 0 0 0 0 0 0 0 0 0 0 0 0 0 0 0 0 0 0 0 0 0 0 0 0 0 0 0 0 0 0 0 0 0 0 0 0 0 0
 0 0 0 0 0 0 0 0 0 0 0 0 0 0 0 0 0 0 0 0 0 0 0 0 0 0 0 0 0 0 0 0 0 0 0 0 0 0 0 0 0 0 0 0 0 0 0 0 0 0 0 0 0 0 0 0 0 0 0 0 0 0 0 0 0 0 0 0 0 0 0 0 0 0 0 0 0 0 0 0 0 0 0 0 0 0 0 0 0 0 0 0 0 0 0 0 0 0 0 0 0 0 0 0 0 0 0 0 0 0 0 0 0 0 0 0 0 0 0 0 0 0 0 0 0 0 0 0 0 0 0 0 0 0 0 0 0 0 0 0 0 0 0 0 0 0 0 0 0 0 0 0 0 0 0 0 0 0 0 0 0 0 0 0 0 0 0 0 0 0 0 0 0 0 0 0 0 0 0 0 0 0 0 0 0 0 0 0 0 0 0 0 0 0 0 0 0 0 0 0 0 0 0 0 0 0 0 0 0 0 0 0 0 0 0 0 0 0 0 0 0 0 0 0 0 0 0 0 0 0 0 0 0 0 0 0 0 0 0 0 0 0 0 0 0 0 0 0 0 0 0 0 0 0 0 0 0 0 0 0 0 0 0 0 0 0 0 0 0 0 0 0 0 0 0 0 0 0 0 0 0 0 0 0 0 0 0 0 0 0 0 0 0 0 0 0 0 0 0 0 0 0 0 0 0 0 0 0 0.0003000668657477945 0.001485245767980814 0.003630549879744649 0.006723963655531406 0.010773666203022 0.0156483668833971 0.02127271518111229 0.02771562337875366 0.03499555587768555 0.04310458526015282 0.05198582261800766 0.06147730723023415 0.0715160146355629 0.08205336332321167 0.09306862950325012 0.1046369597315788 0.1168021410703659 0.1295619010925293 0.1428864598274231 0.1567145586013794 0.170907735824585 0.1853644102811813 0.2001504898071289 0.215297594666481 0.2307998090982437 0.2465714812278748 0.2614906132221222 0.2730762660503387 0.2797847092151642 0.2806090414524078 0.274797797203064 0.2617841958999634 0.2486949861049652 0.2362602353096008 0.2244472205638885 0.213224858045578 0.202563613653183 0.1924354285001755 0.1828136593103409 0.1736729741096497 0.1649893224239349 0.1567398607730865 0.1489028632640839 0.1414577215909958 0.1343848407268524 0.1276655942201614 0.1212823167443275 0.1152181997895241 0.109457291662693 0.1039844304323196 0.09878520667552948 0.09384594857692719 0.08915364742279053 0.084695965051651 0.08046116679906845 0.07643810659646988 0.07261620461940765 0.06898539513349533 0.06553612649440765 0.06225932016968727 0.05914635583758354 0.05618903785943985 0.05337958782911301 0.05071060732007027 0.04817507788538933 0.04576632380485535 0.04347800835967064 0.04130410775542259 0.03923890367150307 0.03727695718407631 0.03541310876607895 0.03364245221018791 0.03196033090353012 0.03036231361329556 0.02884419821202755 0.02740198746323586 0.02603188902139664 0.02473029494285583 0.02349377982318401 0.02231909148395061 0.02120313607156277 0.02014297991991043 0.01913583092391491 0.01817903853952885 0.01727008633315563 0.01640658266842365 0.0155862532556057 0.01480694022029638 0.01406659279018641 0.01336326356977224 0.01269510015845299 0.01206034515053034 0.01145732775330544 0.01088446099311113 0.01034023799002171 0.009823226369917393 0.009332065470516682 0.008865462616086006 0.008422189392149448 0.00800107978284359 0.007601025979965925 0.007220974657684565 0.006859926041215658 0.006516929715871811 0.00619108323007822 0.005881529301404953 0.00558745302259922 0.005308080464601517 0.005042676348239183 0.004790542647242546 0.004551015328615904 0.004323464352637529 0.004107291344553232 0.003901926800608635 0.003706830553710461 0.003521488979458809 0.003345414530485868 0.003178143873810768 0.003019236726686358 0.002868274925276637 0.002724861260503531 0.002588618081063032 0.002459187060594559 0.002336227800697088 0.002219416433945298 0.002108445623889565 0.002003023400902748 0.001902872230857611 0.001807728665880859 0.001717342180199921 0.001631475053727627 0.00154990132432431 0.0014724062057212 0.001398785854689777 0.001328846556134522 0.001262404257431626 0.001199284102767706 0.001139319851063192 0.001082353875972331 0.001028236234560609 0.0009768244344741106 0.0009279832011088729 0.0008815840119495988 0.0008375048055313528 0.0007956295739859343 0.0007558480720035732 0.0007180556422099471 0.0006821528659202158 0.0006480452138930559 0.0006156429299153388 0.000584860797971487 0.0005556177347898483 0.0005278368480503559 0.0005014450289309025 0.0004763727774843574 0.0004525541444309056 0.0004299264401197433 0.0004084301181137562 0.0003880086005665362 0.0003686081618070602 0.0003501777537167072 0.0003326688602101058 0.0003160354099236429 0.0003002336306963116 0.0002852219622582197 0.0002709608525037766 0.0002574128156993538 0.0002445421705488116 0.0002323150692973286 0.0002206993231084198 0.0002096643584081903 0.0001991811441257596 0.0001892220898298547 0.0001797609875211492 0.0001707729388726875 0.0001622342970222235 0.0001541225792607293 0.0001464164524804801 0.0001390956313116476 0.0001321408490184695 0.0001255338138435036 0.0001192571216961369 0.0001132942634285428 0.000107629552076105 0.0001022480719257146 9.713567123981193e-05 9.227888949681073e-05 8.766494283918291e-05 8.328169496962801e-05 7.911761349532753e-05 7.516173354815692e-05 7.140364323277026e-05 6.783346179872751e-05 6.444178870879114e-05 6.121969636296853e-05 5.815871190861799e-05 5.525077722268179e-05 5.248823799774982e-05 4.986382555216551e-05 4.737063500215299e-05 4.500210343394428e-05 4.275199898984283e-05 4.061439904035069e-05 3.85836792702321e-05 3.665449548861943e-05 3.4821769077098e-05 3.30806797137484e-05 3.14266471832525e-05 2.985531500598881e-05 2.836254861904308e-05 2.694442082429305e-05 2.559719905548263e-05 2.431733992125373e-05 2.310147283424158e-05 2.194640001107473e-05 2.084908010147046e-05 1.980662636924535e-05 1.881629577837884e-05 1.787548171705566e-05 1.698170672170818e-05 1.613262065802701e-05 1.53259898070246e-05 1.455969049857231e-05 1.383170638291631e-05 1.314012115471996e-05 1.248311491508503e-05 1.185895962407812e-05 1.126601182477316e-05 1.070271082426189e-05 1.016757505567512e-05 9.659196621214505e-06 9.176236744679045e-06 8.717424861970358e-06 8.281553164124489e-06 7.867475687817205e-06 7.47410194890108e-06 7.100396942405496e-06 6.745377049810486e-06 6.408108220057329e-06 6.087702786317095e-06 5.78331764700124e-06 5.494151992024854e-06 5.219444574322551e-06 4.958472345606424e-06 4.710548637376633e-06 4.475021341932006e-06 4.251270183885936e-06 4.038706720166374e-06 3.836771611531731e-06 3.644933030955144e-06 3.462686436250806e-06 3.28955206896353e-06 3.125074499621405e-06 2.968820808746386e-06 2.820379677359597e-06 2.679360704860301e-06 2.545392590036499e-06 2.418122903691255e-06 2.297216724400641e-06 2.182355956392712e-06 2.073238192679128e-06 1.969576260307804e-06 1.871097424555046e-06 1.777542593117687e-06 1.688665406618384e-06 1.604232124918781e-06 1.524020490251132e-06 1.447819499844627e-06 1.375428496430686e-06 1.306657054556126e-06 1.241324184775294e-06 1.179257992589555e-06 1.120295110013103e-06 1.064280354512448e-06 1.011066387945903e-06 9.605130344425561e-07 9.124873940891121e-07 8.66863047122024e-07 8.23519883397239e-07 7.823438750165224e-07 7.432266784235253e-07 7.060653501866909e-07 6.707620627821598e-07 6.372239340635133e-07 6.053627430446795e-07 5.750945888394199e-07 5.463398338179104e-07 5.190228193896473e-07 4.930716954731906e-07 4.684181078573602e-07 4.449971982012357e-07 4.227473482387722e-07
 0 0 0 0 0 0 0 0 0 0 0 0 0 0 0 0 0 0 0 0 0 0 0 0 0 0 0 0 0 0 0 0 0 0 0 0 0 0 0 0 0 0 0 0 0 0 0 0 0 0 0 0 0 0 0 0 0 0 0 0 0 0 0 0 0 0 0 0 0 0 0 0 0 0 0 0 0 0 0 0 0 0 0 0 0 0 0 0 0 0 0 0 0 0 0 0 0 0 0 0 0 0 0 0 0 0 0 0 0 0 0 0 0 0 0 0 0 0 0 0 0 0 0 0 0 0 0 0 0 0 0 0 0 0 0 0 0 0 0 0 0 0 0 0 0 0 0 0 0 0 0 0 0 0 0 0 0 0 0 0 0 0 0 0 0 0 0 0 0 0 0 0 0 0 0 0 0 0 0 0 0 0 0 0 0 0 0 0 0 0 0 0 0 0 0 0 0 0 0 0 0 0 0 0 0 0 0 0 0 0 0 0 0 0 0 0 0 0 0 0 0 0 0 0 0 0 0 0 0 0 0 0 0 0 0 0 0 0 0 0 0 0 0 0 0 0 0 0 0 0 0 0 0 0 0 0 0 0 0 0 0 0 0 0 0 0 0 0 0 0 0 0 0 0 0 0 0 0 0 0 0 0 0 0 0 0 0 0 0 0 0 0 0 0 0 0 0 0 0 0 0 0 0 0 0 0 0 0 0 0 0 0 0 0 0 0 0 0 0 0 0 0 0 0 0 0 0 0 0 0 0 0 0 0 0 0 0 0 0 0 0 0 0 0 0 0 0 0 0 0 0 0 0 0 0 0 0 0 0 0 0 0 0 0 0 0 0 0 0 0 0 0 0 0 0 0 0 0 0 0 0 0 0 0 0 0 0 0 0 0 0 0 0 0 0 0 0 0 0 0 0 0 0 0 0 0 0 0 0 0 0 0 0 0 0 0 0 0 0 0 0 0 0 0 0 0 0 0 0 0 0 0 0 0 0 0 0 0 0 0 0 0 0 0 0 0 0 0 0 0 0 0 0 0 0 0 0 0 0 0 0 0 0 0 0 0 0 0 0 0 0 0 0 0 0 0 0 0 0 0 0 0 0 0 0 0 0 0 0 0 0 0 0 0 0 0 0 0 0 0 0 0 0 0 0 0 0 0 0 0 0 0 0 0 0 0 0 0 0 0 0 0 0 0 0 0 0 0 0 0 0 0 0 0 0 0 0 0 0 0 0 0 0 0 0 0 0 0 0 0 0 0 0 0 0 0 0 0 0 0 0 0 0 0 0 0 0 0 0 0 0 0 0 0 0 0 0 0 0 0 0 0 0 0 0 0 0 0 0 0 0 0 0 0 0 0 0 0 0 0
 0 0 0 0 0 0 0 0 0 0 0 0 0 0 0 0 0 0 0 0 0 0 0 0 0 0 0 0 0 0 0 0 0 0 0 0 0 0 0 0 0 0 0 0 0 0 0 0 0 0 0 0 0 0 0 0 0 0 0 0 0 0 0 0 0 0 0 0 0 0 0 0 0 0 0 0 0 0 0 0 0 0 0 0 0 0 0 0 0 0 0 0 0 0 0 0 0 0 0 0 0 0 0 0 0 0 0 0 0 0 0 0 0 0 0 0 0 0 0 0 0 0 0 0 0 0 0 0 0 0 0 0 0 0 0 0 0 0 0 0 0 0 0 0 0 0 0 0 0 0 0 0 0 0 0 0 0 0 0 0 0 0 0 0 0 0 0 0 0 0 0 0 0 0 0 0 0 0 0 0 0 0 0 0 0 0 0 0 0 0 0 0 0 0 0 0 0 0 0 0 0 0 0 0 0 0 0 0 0 0 0 0 0 0 0 0 0 0 0 0 0 0 0 0 0 0 0 0 0 0 0 0 0 0 0 0 0 0 0 0 0 0 0 0 0 0 0 0 0 0 0 0 0 0 0 0 0 0 0 0 0 0 0 0 0 0 0 0 0 0 0 0 0 0 0 0 0 0 0 0 0 0 0 0 0 0 0 0 0 0 0 0 0 0 0 0 0 0 0 0 0 0 0 0 0 0 0 0 0 0 0 0 0 0 0 0 0 0 0 0 0 0 0 0 0 0 0 0 0 0 0 0 0 0 0 0 0 0 0 0 0 0 0 0 0 0 0 0 0 0 0 0 0 0 0 0 0 0 0 0 0 0 0 0 0 0 0 0 0 0 0 0 0 0 0 0 0 0 0 0 0 0 0 0 0 0 0 0 0 0 0 0 0 0 0 0 0 0 0 0 0 0 0 0 0 0 0 0 0 0 0 0 0 0 0 0 0 0 0 0 0 0 0 0 0 0 0 0 0 0 0 0 0 0 0 0 0 0 0 0 0 0 0 0 0 0 0 0 0 0 0 0 0 0 0 0 0 0 0 0 0 0 0 0 0 0 0 0 0 0 0 0 0 0 0 0 0 0 0 0 0 0 0 0 0 0 0 0 0 0 0 0 0 0 0 0 0 0 0 0 0 0 0 0 0 0 0 0 0 0 0 0 0 0 0 0 0 0 0 0 0 0 0 0 0 0 0 0 0 0 0 0 0 0 0 0 0 0 0 0 0 0 0 0 0 0 0 0 0 0 0 0 0 0 0 0 0 0 0 0 0 0 0 0 0 0 0 0 0 0 0 0 0 0 0 0 0 0 0 0 0 0 0 0 0 0 0 0 0 0 0 0 0 0 0 0 0 0 0 0
 0 0 0 0 0 0 0 0 0 0 0 0 0 0 0 0 0 0 0 0 0 0 0 0 0 0 0 0 0 0 0 0 0 0 0 0 0 0 0 0 0 0 0 0 0 0 0 0 0 0 0 0 0 0 0 0 0 0 0 0 0 0 0 0 0 0 0 0 0 0 0 0 0 0 0 0 0 0 0 0 0 0 0 0 0 0 0 0 0 0 0 0 0 0 0 0 0 0 0 0 0 0 0 0 0 0 0 0 0 0 0 0 0 0 0 0 0 0 0 0 0 0 0 0 0 0 0 0 0 0 0 0 0 0 0 0 0 0 0 0 0 0 0 0 0 0 0 0 0 0 0 0 0 0 0 0 0 0 0 0 0 0 0 0 0 0 0 0 0 0 0 0 0 0 0 0 0 0 0 0 0 0 0 0 0 0 0 0 0 0 0 0 0 0 0 0 0 0 0 0 0 0 0 0 0 0 0 0 0 0 0 0 0 0 0 0 0 0 0 0 0 0 0 0 0 0 0 0 0 0 0 0 0 0 0 0 0 0 0 0 0 0 0 0 0 0 0 0 0 0 0 0 0 0 0 0 0 0 0 0 0 0 0 0 0 0 0 0 0 0 0 0 0 0 0 0 0 0 0 0 0 0 0 0 0 0 0 0 0 0 0 0 0 0 0 0 0 0 0 0 0 0 0 0 0 0 0 0 0 0 0 0 0 0 0 0 0 0 0 0 0 0 0 0 0 0 0 0 0 0 0 0 0 0 0 0 0 0 0 0 0 0 0 0 0 0 0 0 0 0 0 0 0 0 0 0 0 0 0 0 0 0 0 0 0 0 0 0 0 0 0 0 0 0 0 0 0 0 0 0 0 0 0 0 0 0 0 0 0 0 0 0 0 0 0 0 0 0 0 0 0 0 0 0 0 0 0 0 0 0 0 0 0 0 0 0 0 0 0 0 0 0 0 0 0 0 0 0 0 0 0 0 0 0 0 0 0 0 0 0 0 0 0 0 0 0 0 0 0 0 0 0 0 0 0 0 0 0 0 0 0 0 0 0 0 0 0 0 0 0 0 0 0 0 0 0 0 0 0 0 0 0 0 0 0 0 0 0 0 0 0 0 0 0 0 0 0 0 0 0 0 0 0 0 0 0 0 0 0 0 0 0 0 0 0 0 0 0 0 0 0 0 0 0 0 0 0 0 0 0 0 0 0 0 0 0 0 0 0 0 0 0 0 0 0 0 0 0 0 0 0 0 0 0 0 0 0 0 0 0 0 0 0 0 0 0 0 0 0 0 0 0 0 0 0 0 0 0 0 0 0 0 0 0 0 0 0 0 0 0 0 0 0 0 0 0 0 0 0 0
 0 0 0 0 0 0 0 0 0 0 0 0 0 0 0 0 0 0 0 0 0 0 0 0 0 0 0 0 0 0 0 0 0 0 0 0 0 0 0 0 0 0 0 0 0 0 0 0 0 0 0 0 0 0 0 0 0 0 0 0 0 0 0 0 0 0 0 0 0 0 0 0 0 0 0 0 0 0 0 0 0 0 0 0 0 0 0 0 0 0 0 0 0 0 0 0 0 0 0 0 0 0 0 0 0 0 0 0 0 0 0 0 0 0 0 0 0 0 0 0 0 0 0 0 0 0 0 0 0 0 0 0 0 0 0 0 0 0 0 0 0 0 0 0 0 0 0 0 0 0 0 0 0 0 0 0 0 0 0 0 0 0 0 0 0 0 0 0 0 0 0 0 0 0 0 0 0 0 0 0 0 0 0 0 0 0 0 0 0 0 0 0 0 0 0 0 0 0 0 0 0 0 0 0 0 0 0 0 0 0 0 0 0 0 0 0 0 0 0 0 0 0 0 0 0 0 0 0 0 0 0 0 0 0 0 0 0 0 0 0 0 0 0 0 0 0 0 0 0 0 0 0 0 0 0 0 0 0 0 0 0 0 0 0 0 0 0 0 0 0 0 0 0 0 0 0 0 0 0 0 0 0 0 0 0 0 0 0 0 0 0 0 0 0 0 0 0 0 0 0 0 0 0 0 0 0 0 0 0.0006112746195867658 0.002124127931892872 0.004615798592567444 0.008029642514884472 0.01229692343622446 0.01732679270207882 0.02312078140676022 0.02959733456373215 0.03688156604766846 0.04495472833514214 0.0537450760602951 0.06310360133647919 0.07291995733976364 0.08321218192577362 0.09393095970153809 0.1051168814301491 0.1168068498373032 0.1289701461791992 0.1416779309511185 0.1548370867967606 0.1683850735425949 0.1821300983428955 0.1960577666759491 0.2102644294500351 0.2247616052627563 0.2395823150873184 0.2532619535923004 0.2634328007698059 0.2686102986335754 0.2677902281284332 0.260357677936554 0.2473398000001907 0.2349728047847748 0.2232241630554199 0.2120629549026489 0.2014598101377487 0.1913868188858032 0.1818174719810486 0.1727266013622284 0.1640902757644653 0.1558857560157776 0.1480914652347565 0.1406868994235992 0.1336525529623032 0.1269699186086655 0.120621420443058 0.1145903468132019 0.1088608279824257 0.1034177839756012 0.09824689477682114 0.09333454817533493 0.08866781741380692 0.08423442393541336 0.08002270013093948 0.07602156698703766 0.07222048938274384 0.06860946118831635 0.06517899036407471 0.06192003935575485 0.05882403627038002 0.05588283389806747 0.05308869108557701 0.05043425783514977 0.04791254550218582 0.04551691934466362 0.04324107244610786 0.04107901826500893 0.03902506828308105 0.03707381337881088 0.03522012382745743 0.03345911949872971 0.03178616240620613 0.03019685484468937 0.0286870114505291 0.02725266106426716 0.02589002810418606 0.02459552697837353 0.02336575090885162 0.02219746261835098 0.02108758874237537 0.0200332086533308 0.01903154887259007 0.01807997189462185 0.01717597246170044 0.01631717383861542 0.01550131477415562 0.01472624950110912 0.01398993656039238 0.01329043973237276 0.01262591779232025 0.01199462171643972 0.01139489095658064 0.01082514598965645 0.0102838883176446 0.009769693948328495 0.009281209670007229 0.008817149326205254 0.008376291953027248 0.007957477122545242 0.007559603080153465 0.007181623019278049 0.006822541821748018 0.006481414660811424 0.006157343741506338 0.005849476438015699 0.005557002499699593 0.005279152188450098 0.005015194416046143 0.00476443488150835 0.004526213277131319 0.004299902822822332 0.004084907472133636 0.003880662145093083 0.003686629002913833 0.003502297447994351 0.003327182494103909 0.003160823369398713 0.003002782119438052 0.00285264290869236 0.002710010856389999 0.002574510406702757 0.002445784863084555 0.00232349568977952 0.00220732088200748 0.002096954733133316 0.001992106903344393 0.001892501604743302 0.001797876553609967 0.001707982737571001 0.001622583600692451 0.001541454461403191 0.001464381697587669 0.001391162630170584 0.00132160447537899 0.001255524228326976 0.001192747964523733 0.001133110607042909 0.00107645511161536 0.001022632350213826 0.0009715007618069649 0.0009229257120750844 0.0008767794352024794 0.0008329404518008232 0.0007912934524938464 0.000751728774048388 0.0007141423411667347 0.0006784352008253336 0.0006445134640671313 0.0006122877821326256 0.0005816734046675265 0.0005525897140614688 0.0005249602254480124 0.0004987122374586761 0.0004737766284961253 0.0004500877985265106 0.0004275834071449935 0.0004062042280565947 0.0003858940035570413 0.0003665992990136147 0.0003482693282421678 0.000330855866195634 0.0003143130743410438 0.000298597413348034 0.000283667555777356 0.0002694841823540628 0.0002560099819675088 0.0002432094770483673 0.000231049009016715 0.0002194965636590496 0.0002085217420244589 0.0001980956585612148 0.0001881908683571965 0.0001787813234841451 0.0001698422565823421 0.0001613501372048631 0.0001532826281618327 0.0001456184982089326 0.0001383375783916563 0.000131420703837648 0.0001248496701009572 0.0001186071895062923 0.0001126768329413608 0.00010704299347708 0.0001016908427118324 9.66063016676344e-05 9.17759898584336e-05 8.71871889103204e-05 8.282782800961286e-05 7.868644024711102e-05 7.475211896235123e-05 7.101451046764851e-05 6.746378494426608e-05 6.409059278666973e-05 6.088606460252777e-05 5.784176028100774e-05 5.494967263075523e-05 5.220218736212701e-05 4.959207944921218e-05 4.711247675004415e-05 4.4756852730643e-05 4.251900827512145e-05 4.039305713376962e-05 3.83734040951822e-05 3.645473407232203e-05 3.463199755060486e-05 3.290039603598416e-05 3.125537477899343e-05 2.969260640384164e-05 2.820797635649797e-05 2.67975774477236e-05 2.54576989391353e-05 2.418481381027959e-05 2.297557330166455e-05 2.182679418183398e-05 2.073545510938857e-05 1.969868208107073e-05 1.871374843176454e-05 1.777806028258055e-05 1.688915654085577e-05 1.604469798621722e-05 1.524246272310847e-05 1.448033981432673e-05 1.375632291455986e-05 1.306850663240766e-05 1.24150810734136e-05 1.179432729259133e-05 1.120461092796177e-05 1.064438038156368e-05 1.011216136248549e-05 9.606553248886485e-06 9.126225450017955e-06 8.669913768244442e-06 8.236417670559604e-06 7.824596650607418e-06 7.433366590703372e-06 7.061698397592409e-06 6.708613454975421e-06 6.373182714014547e-06 6.054523510101717e-06 5.751797289121896e-06 5.464207333716331e-06 5.190996944293147e-06 4.931447165290592e-06 4.684874966187635e-06 4.450631422514562e-06 4.228099896863569e-06 4.016695129394066e-06 3.815860509348568e-06 3.625067392931669e-06 3.443813966441667e-06 3.271623199907481e-06 3.108041937593953e-06 2.952639761133469e-06 2.805007852657582e-06 2.664757403181284e-06 2.531519612603006e-06 2.404943643341539e-06 2.28469639296236e-06 2.170461584682926e-06 2.061938403130625e-06 1.958841494342778e-06 1.860899374150904e-06 1.767854428180726e-06 1.679461661296955e-06 1.595488583916449e-06 1.515714188826678e-06 1.43992849643837e-06 1.367932100038161e-06 1.299535483667569e-06 1.234558681062481e-06 1.172830707218964e-06 1.114189217332751e-06 1.058479710991378e-06 1.00555575954786e-06 9.552779829391511e-07 9.075141065295611e-07 8.621383926765702e-07 8.190314702005708e-07 7.780798796375166e-07 7.391759027086664e-07 7.022171075732331e-07 6.671062351415458e-07 6.337509148579556e-07 6.020633804837416e-07 5.719601858800161e-07 5.433621481643058e-07 5.161940634934581e-07 4.903843660031271e-07 4.658651562294835e-07 4.425718884704111e-07 4.204432855203777e-07 3.994211112967605e-07
 0 0 0 0 0 0 0 0 0 0 0 0 0 0 0 0 0 0 0 0 0 0 0 0 0 0 0 0 0 0 0 0 0 0 0 0 0 0 0 0 0 0 0 0 0 0 0 0 0 0 0 0 0 0 0 0 0 0 0 0 0 0 0 0 0 0 0 0 0 0 0 0 0 0 0 0 0 0 0 0 0 0 0 0 0 0 0 0 0 0 0 0 0 0 0 0 0 0 0 0 0 0 0 0 0 0 0 0 0 0 0 0 0 0 0 0 0 0 0 0 0 0 0 0 0 0 0 0 0 0 0 0 0 0 0 0 0 0 0 0 0 0 0 0 0 0 0 0 0 0 0 0 0 0 0 0 0 0 0 0 0 0 0 0 0 0 0 0 0 0 0 0 0 0 0 0 0 0 0 0 0 0 0 0 0 0 0 0 0 0 0 0 0 0 0 0 0 0 0 0 0 0 0 0 0 0 0 0 0 0 0 0 0 0 0 0 0 0 0 0 0 0 0 0 0 0 0 0 0 0 0 0 0 0 0 0 0 0 0 0 0 0 0 0 0 0 0 0 0 0 0 0 0 0 0 0 0 0 0 0 0 0 0 0 0 0 0 0 0 0 0 0 0 0 0 0 0 0 0 0 0 0 0 0 0 0 0 0 0 0 0 0 0 0 0 0 0 0 0 0 0 0 0 0 0 0 0 0 0 0 0 0 0 0 0 0 0 0 0 0 0 0 0 0 0 0 0 0 0 0 0 0 0 0 0 0 0 0 0 0 0 0 0 0 0 0 0 0 0 0 0 0 0 0 0 0 0 0 0 0 0 0 0 0 0 0 0 0 0 0 0 0 0 0 0 0 0 0 0 0 0 0 0 0 0 0 0 0 0 0 0 0 0 0 0 0 0 0 0 0 0 0 0 0 0 0 0 0 0 0 0 0 0 0 0 0 0 0 0 0 0 0 0 0 0 0 0 0 0 0 0 0 0 0 0 0 0 0 0 0 0 0 0 0 0 0 0 0 0 0 0 0 0 0 0 0 0 0 0 0 0 0 0 0 0 0 0 0 0 0 0 0 0 0 0 0 0 0 0 0 0 0 0 0 0 0 0 0 0 0 0 0 0 0 0 0 0 0 0 0 0 0 0 0 0 0 0 0 0 0 0 0 0 0 0 0 0 0 0 0 0 0 0 0 0 0 0 0 0 0 0 0 0 0 0 0 0 0 0 0 0 0 0 0 0 0 0 0 0 0 0 0 0 0 0 0 0 0 0 0 0 0 0 0 0 0 0 0 0 0 0 0 0 0 0 0 0 0 0 0 0 0 0 0 0 0 0 0 0 0 0 0 0 0 0 0 0 0 0 0
 0 0 0 0 0 0 0 0 0 0 0 0 0 0 0 0 0 0 0 0 0 0 0 0 0 0 0 0 0 0 0 0 0 0 0 0 0 0 0 0 0 0 0 0 0 0 0 0 0 0 0 0 0 0 0 0 0 0 0 0 0 0 0 0 0 0 0 0 0 0 0 0 0 0 0 0 0 0 0 0 0 0 0 0 0 0 0 0 0 0 0 0 0 0 0 0 0 0 0 0 0 0 0 0 0 0 0 0 0 0 0 0 0 0 0 0 0 0 0 0 0 0 0 0 0 0 0 0 0 0 0 0 0 0 0 0 0 0 0 0 0 0 0 0 0 0 0 0 0 0 0 0 0 0 0 0 0 0 0 0 0 0 0 0 0 0 0 0 0 0 0 0 0 0 0 0 0 0 0 0 0 0 0 0 0 0 0 0 0 0 0 0 0 0 0 0 0 0 0 0 0 0 0 0 0 0 0 0 0 0 0 0 0 0 0 0 0 0 0 0 0 0 0 0 0 0 0 0 0 0 0 0 0 0 0 0 0 0 0 0 0 0 0 0 0 0 0 0 0 0 0 0 0 0 0 0 0 0 0 0 0 0 0 0 0 0 0 0 0 0 0 0 0 0 0 0 0 0 0 0 0 0 0 0 0 0 0 0 0 0 0 0 0 0 0 0 0 0 0 0 0 0 0 0 0 0 0 0 0 0 0 0 0 0 0 0 0 0 0 0 0 0 0 0 0 0 0 0 0 0 0 0 0 0 0 0 0 0 0 0 0 0 0 0 0 0 0 0 0 0 0 0 0 0 0 0 0 0 0 0 0 0 0 0 0 0 0 0 0 0 0 0 0 0 0 0 0 0 0 0 0 0 0 0 0 0 0 0 0 0 0 0 0 0 0 0 0 0 0 0 0 0 0 0 0 0 0 0 0 0 0 0 0 0 0 0 0 0 0 0 0 0 0 0 0 0 0 0 0 0 0 0 0 0 0 0 0 0 0 0 0 0 0 0 0 0 0 0 0 0 0 0 0 0 0 0 0 0 0 0 0 0 0 0 0 0 0 0 0 0 0 0 0 0 0 0 0 0 0 0 0 0 0 0 0 0 0 0 0 0 0 0 0 0 0 0 0 0 0 0 0 0 0 0 0 0 0 0 0 0 0 0 0 0 0 0 0 0 0 0 0 0 0 0 0 0 0 0 0 0 0 0 0 0 0 0 0 0 0 0 0 0 0 0 0 0 0 0 0 0 0 0 0 0 0 0 0 0 0 0 0 0 0 0 0 0 0 0 0 0 0 0 0 0 0 0 0 0 0 0 0 0 0 0 0 0 0 0 0 0 0 0 0 0 0 0 0 0 0 0
 0 0 0 0 0 0 0 0 0 0 0 0 0 0 0 0 0 0 0 0 0 0 0 0 0 0 0 0 0 0 0 0 0 0 0 0 0 0 0 0 0 0 0 0 0 0 0 0 0 0 0 0 0 0 0 0 0 0 0 0 0 0 0 0 0 0 0 0 0 0 0 0 0 0 0 0 0 0 0 0 0 0 0 0 0 0 0 0 0 0 0 0 0 0 0 0 0 0 0 0 0 0 0 0 0 0 0 0 0 0 0 0 0 0 0 0 0 0 0 0 0 0 0 0 0 0 0 0 0 0 0 0 0 0 0 0 0 0 0 0 0 0 0 0 0 0 0 0 0 0 0 0 0 0 0 0 0 0 0 0 0 0 0 0 0 0 0 0 0 0 0 0 0 0 0 0 0 0 0 0 0 0 0 0 0 0 0 0 0 0 0 0 0 0 0 0 0 0 0 0 0 0 0 0 0 0 0 0 0 0 0 0 0 0 0 0 0 0 0 0 0 0 0 0 0 0 0 0 0 0 0 0 0 0 0 0 0 0 0 0 0 0 0 0 0 0 0 0 0 0 0 0 0 0 0 0 0 0 0 0 0 0 0 0 0 0 0 0 0 0 0 0 0 0 0 0 0 0 0 0 0 0 0 0 0 0 0 0 0 0 0 0 0 0 0 0 0 0 0 0 0 0 0 0 0 0 0 0 0 0 0 0 0 0 0 0 0 0 0 0 0 0 0 0 0 0 0 0 0 0 0 0 0 0 0 0 0 0 0 0 0 0 0 0 0 0 0 0 0 0 0 0 0 0 0 0 0 0 0 0 0 0 0 0 0 0 0 0 0 0 0 0 0 0 0 0 0 0 0 0 0 0 0 0 0 0 0 0 0 0 0 0 0 0 0 0 0 0 0 0 0 0 0 0 0 0 0 0 0 0 0 0 0 0 0 0 0 0 0 0 0 0 0 0 0 0 0 0 0 0 0 0 0 0 0 0 0 0 0 0 0 0 0 0 0 0 0 0 0 0 0 0 0 0 0 0 0 0 0 0 0 0 0 0 0 0 0 0 0 0 0 0 0 0 0 0 0 0 0 0 0 0 0 0 0 0 0 0 0 0 0 0 0 0 0 0 0 0 0 0 0 0 0 0 0 0 0 0 0 0 0 0 0 0 0 0 0 0 0 0 0 0 0 0 0 0 0 0 0 0 0 0 0 0 0 0 0 0 0 0 0 0 0 0 0 0 0 0 0 0 0 0 0 0 0 0 0 0 0 0 0 0 0 0 0 0 0 0 0 0 0 0 0 0 0 0 0 0 0 0 0 0 0 0 0 0 0 0 0 0 0 0 0 0 0 0 0 0 0 0
 0 0 0 0 0 0 0 0 0 0 0 0 0 0 0 0 0 0 0 0 0 0 0 0 0 0 0 0 0 0 0 0 0 0 0 0 0 0 0 0 0 0 0 0 0 0 0 0 0 0 0 0 0 0 0 0 0 0 0 0 0 0 0 0 0 0 0 0 0 0 0 0 0 0 0 0 0 0 0 0 0 0 0 0 0 0 0 0 0 0 0 0 0 0 0 0 0 0 0 0 0 0 0 0 0 0 0 0 0 0 0 0 0 0 0 0 0 0 0 0 0 0 0 0 0 0 0 0 0 0 0 0 0 0 0 0 0 0 0 0 0 0 0 0 0 0 0 0 0 0 0 0 0 0 0 0 0 0 0 0 0 0 0 0 0 0 0 0 0 0 0 0 0 0 0 0 0 0 0 0 0 0 0 0 0 0 0 0 0 0 0 0 0 0 0 0 0 0 0 0 0 0 0 0 0 0 0 0 0 0 0 0 0 0 0 0 0 0 0 0 0 0 0 0 0 0 0 0 0 0 0 0 0 0 0 0 0 0 0 0 0 0 0 0 0 0 0 0 0 0 0 0 0 0 0 0 0 0 0 0 0 0 0 0 0 0 0 0 0 0 0 0 0 0 0 0 0 0 0 0 0 0 0 0 0 0 0 0 0 0 0 0 0 0 0 0 0 0 0 0 0 0 0 0 0 0 0.0001955468324013054 0.0012461191508919 0.00321750738658011 0.006122028920799494 0.009959337301552296 0.01460893638432026 0.02004620991647243 0.02617991343140602 0.03309948369860649 0.04083789139986038 0.04929785430431366 0.05845244601368904 0.06811900436878204 0.07826433330774307 0.08886106312274933 0.09989597648382187 0.111405074596405 0.1233813762664795 0.1358775496482849 0.1488302052021027 0.1622606813907623 0.1759894639253616 0.1899486780166626 0.2042162716388702 0.2188235968351364 0.233790323138237 0.248745009303093 0.2610238790512085 0.2688335478305817 0.2710936665534973 0.2670829296112061 0.2563031017780304 0.2434879541397095 0.231313556432724 0.2197478711605072 0.2087604701519012 0.1983224451541901 0.1884063184261322 0.1789859980344772 0.1700367033481598 0.1615348756313324 0.1534581333398819 0.1457852274179459 0.1384959667921066 0.1315711736679077 0.1249926164746284 0.1187429875135422 0.1128058359026909 0.1071655452251434 0.1018072664737701 0.09671690315008163 0.09188105911016464 0.08728700876235962 0.08292265981435776 0.0787765234708786 0.07483769953250885 0.07109581679105759 0.06754102557897568 0.06416397541761398 0.06095577776432037 0.05790798738598824 0.05501258745789528 0.05226195976138115 0.04964886233210564 0.04716641828417778 0.04480809718370438 0.04256769269704819 0.04043930768966675 0.03841734305024147 0.03649647533893585 0.03467165306210518 0.03293807059526443 0.0312911681830883 0.02972660958766937 0.02824027836322784 0.02682826481759548 0.02548685111105442 0.02421250939369202 0.02300188317894936 0.0218517892062664 0.02075919881463051 0.01972123980522156 0.01873517781496048 0.0177984181791544 0.01690849661827087 0.01606307178735733 0.01525991782546043 0.01449692156165838 0.0137720750644803 0.01308347098529339 0.01242929697036743 0.01180783193558455 0.0112174404785037 0.01065656822174788 0.01012373995035887 0.00961755309253931 0.009136675857007504 0.00867984164506197 0.00824584998190403 0.007833557203412056 0.007441879250109196 0.00706978514790535 0.006716296076774597 0.00638048117980361 0.006061457097530365 0.005758384242653847 0.005470464937388897 0.005196941550821066 0.004937094636261463 0.004690240137279034 0.004455727990716696 0.004232941661030054 0.004021294414997101 0.003820229787379503 0.003629218321293592 0.00344775733537972 0.003275369526818395 0.003111601108685136 0.00295602111145854 0.00280821998603642 0.002667808905243874 0.002534418366849422 0.00240769749507308 0.00228731264360249 0.002172946929931641 0.00206429953686893 0.001961084548383951 0.001863030367530882 0.001769878901541233 0.001681384979747236 0.001597315771505237 0.001517449971288443 0.001441577449440956 0.001369498553685844 0.00130102364346385 0.001235972507856786 0.001174173899926245 0.001115465187467635 0.00105969188734889 0.00100670731626451 0.0009563719504512846 0.0009085533674806356 0.0008631257223896682 0.0008199694566428661 0.0007789710070937872 0.0007400224567390978 0.0007030213600955904 0.0006678702775388956 0.000634476775303483 0.0006027529598213732 0.0005726153030991554 0.0005439845263026655 0.0005167853087186813 0.0004909460549242795 0.0004663987492676824 0.0004430788103491068 0.0004209248581901193 0.0003998786269221455 0.0003798847028519958 0.0003608904662542045 0.0003428459458518773 0.0003257036441937089 0.0003094184503424913 0.0002939475234597921 0.0002792501472868025 0.0002652876428328454 0.000252023251960054 0.0002394220937276259 0.0002274509897688404 0.000216078435187228 0.0002052745112450793 0.0001950107835000381 0.0001852602435974404 0.0001759972365107387 0.0001671973732300103 0.0001588375016581267 0.0001508956192992628 0.0001433508441550657 0.0001361832983093336 0.0001293741370318457 0.0001229054323630407 0.0001167601585621014 0.0001109221484512091 0.0001053760424838401 0.000100107237813063 9.510187373962253e-05 9.034678078023717e-05 8.582944428781047e-05 8.153797534760088e-05 7.746107439743355e-05 7.35880239517428e-05 6.990862311795354e-05 6.641319487243891e-05 6.309253512881696e-05 5.993790909997188e-05 5.694101491826586e-05 5.409396544564515e-05 5.138926644576713e-05 4.881980203208514e-05 4.637881283997558e-05 4.405987056088634e-05 4.185687794233672e-05 3.976403240812942e-05 3.777582969632931e-05 3.588703839341179e-05 3.409268538234755e-05 3.238805220462382e-05 3.076864959439263e-05 2.923021747847088e-05 2.776870678644627e-05 2.638027217471972e-05 2.50612592935795e-05 2.380819569225423e-05 2.26177853619447e-05 2.148689600289799e-05 2.041255174844991e-05 1.939192407007795e-05 1.842232813942246e-05 1.750121191435028e-05 1.662615068198647e-05 1.579484342073556e-05 1.500510097685037e-05 1.425484606443206e-05 1.354210417048307e-05 1.286499900743365e-05 1.222174887516303e-05 1.16106612040312e-05 1.103012800740544e-05 1.047862133418676e-05 9.954690540325828e-06 9.456955922360066e-06 8.984107807918917e-06 8.534902008250356e-06 8.108157089736778e-06 7.702748916926794e-06 7.317611562029924e-06 6.951730938453693e-06 6.604144346056273e-06 6.273937287915032e-06 5.960240287095075e-06 5.662228431901895e-06 5.379116828407859e-06 5.110161055199569e-06 4.854653070651693e-06 4.611920303432271e-06 4.381324288260657e-06 4.162257937423419e-06 3.954145086026983e-06 3.756437763513532e-06 3.568615966287325e-06 3.390185156604275e-06 3.220675807824591e-06 3.059642040170729e-06 2.906660029111663e-06 2.761327095868182e-06 2.623260797918192e-06 2.492097792128334e-06 2.367492925259285e-06 2.249118324471056e-06 2.136662487828289e-06 2.029829374805558e-06 1.928337951540016e-06 1.831921053963015e-06 1.740325046739599e-06 1.653308800086961e-06 1.570643348713929e-06 1.492111209699942e-06 1.417505700374022e-06 1.346630369880586e-06 1.279298885492608e-06 1.215333895743242e-06 1.154567144112661e-06 1.096838786907028e-06 1.041996824824309e-06 9.898969892674359e-07 9.404021170666965e-07 8.933820367929002e-07 8.48712943479768e-07 8.062772849370958e-07 7.65963420690241e-07 7.276652240761905e-07 6.912819685567229e-07 6.567178729710577e-07 6.238819878490176e-07 5.926879111939343e-07 5.630535042655538e-07 5.34900834736618e-07 5.081557787889324e-07 4.827479642699473e-07 4.586105717407918e-07 4.356800502591796e-07 4.138960605359898e-07 3.93201247561592e-07 3.73541183762427e-07
 0 0 0 0 0 0 0 0 0 0 0 0 0 0 0 0 0 0 0 0 0 0 0 0 0 0 0 0 0 0 0 0 0 0 0 0 0 0 0 0 0 0 0 0 0 0 0 0 0 0 0 0 0 0 0 0 0 0 0 0 0 0 0 0 0 0 0 0 0 0 0 0 0 0 0 0 0 0 0 0 0 0 0 0 0 0 0 0 0 0 0 0 0 0 0 0 0 0 0 0 0 0 0 0 0 0 0 0 0 0 0 0 0 0 0 0 0 0 0 0 0 0 0 0 0 0 0 0 0 0 0 0 0 0 0 0 0 0 0 0 0 0 0 0 0 0 0 0 0 0 0 0 0 0 0 0 0 0 0 0 0 0 0 0 0 0 0 0 0 0 0 0 0 0 0 0 0 0 0 0 0 0 0 0 0 0 0 0 0 0 0 0 0 0 0 0 0 0 0 0 0 0 0 0 0 0 0 0 0 0 0 0 0 0 0 0 0 0 0 0 0 0 0 0 0 0 0 0 0 0 0 0 0 0 0 0 0 0 0 0 0 0 0 0 0 0 0 0 0 0 0 0 0 0 0 0 0 0 0 0 0 0 0 0 0 0 0 0 0 0 0 0 0 0 0 0 0 0 0 0 0 0 0 0 0 0 0 0 0 0 0 0 0 0 0 0 0 0 0 0 0 0 0 0 0 0 0 0 0 0 0 0 0 0 0 0 0 0 0 0 0 0 0 0 0 0 0 0 0 0 0 0 0 0 0 0 0 0 0 0 0 0 0 0 0 0 0 0 0 0 0 0 0 0 0 0 0 0 0 0 0 0 0 0 0 0 0 0 0 0 0 0 0 0 0 0 0 0 0 0 0 0 0 0 0 0 0 0 0 0 0 0 0 0 0 0 0 0 0 0 0 0 0 0 0 0 0 0 0 0 0 0 0 0 0 0 0 0 0 0 0 0 0 0 0 0 0 0 0 0 0 0 0 0 0 0 0 0 0 0 0 0 0 0 0 0 0 0 0 0 0 0 0 0 0 0 0 0 0 0 0 0 0 0 0 0 0 0 0 0 0 0 0 0 0 0 0 0 0 0 0 0 0 0 0 0 0 0 0 0 0 0 0 0 0 0 0 0 0 0 0 0 0 0 0 0 0 0 0 0 0 0 0 0 0 0 0 0 0 0 0 0 0 0 0 0 0 0 0 0 0 0 0 0 0 0 0 0 0 0 0 0 0 0 0 0 0 0 0 0 0 0 0 0 0 0 0 0 0 0 0 0 0 0 0 0 0 0 0 0 0 0 0 0 0 0 0 0 0 0 0 0 0 0 0 0 0 0 0 0 0 0 0 0 0 0 0 0 0 0
 0 0 0 0 0 0 0 0 0 0 0 0 0 0 0 0 0 0 0 0 0 0 0 0 0 0 0 0 0 0 0 0 0 0 0 0 0 0 0 0 0 0 0 0 0 0 0 0 0 0 0 0 0 0 0 0 0 0 0 0 0 0 0 0 0 0 0 0 0 0 0 0 0 0 0 0 0 0 0 0 0 0 0 0 0 0 0 0 0 0 0 0 0 0 0 0 0 0 0 0 0 0 0 0 0 0 0 0 0 0 0 0 0 0 0 0 0 0 0 0 0 0 0 0 0 0 0 0 0 0 0 0 0 0 0 0 0 0 0 0 0 0 0 0 0 0 0 0 0 0 0 0 0 0 0 0 0 0 0 0 0 0 0 0 0 0 0 0 0 0 0 0 0 0 0 0 0 0 0 0 0 0 0 0 0 0 0 0 0 0 0 0 0 0 0 0 0 0 0 0 0 0 0 0 0 0 0 0 0 0 0 0 0 0 0 0 0 0 0 0 0 0 0 0 0 0 0 0 0 0 0 0 0 0 0 0 0 0 0 0 0 0 0 0 0 0 0 0 0 0 0 0 0 0 0 0 0 0 0 0 0 0 0 0 0 0 0 0 0 0 0 0 0 0 0 0 0 0 0 0 0 0 0 0 0 0 0 0 0 0 0 0 0 0 0 0 0 0 0 0 0 0 0 0 0 0 0 0 0 0 0 0 0 0 0 0 0 0 0 0 0 0 0 0 0 0 0 0 0 0 0 0 0 0 0 0 0 0 0 0 0 0 0 0 0 0 0 0 0 0 0 0 0 0 0 0 0 0 0 0 0 0 0 0 0 0 0 0 0 0 0 0 0 0 0 0 0 0 0 0 0 0 0 0 0 0 0 0 0 0 0 0 0 0 0 0 0 0 0 0 0 0 0 0 0 0 0 0 0 0 0 0 0 0 0 0 0 0 0 0 0 0 0 0 0 0 0 0 0 0 0 0 0 0 0 0 0 0 0 0 0 0 0 0 0 0 0 0 0 0 0 0 0 0 0 0 0 0 0 0 0 0 0 0 0 0 0 0 0 0 0 0 0 0 0 0 0 0 0 0 0 0 0 0 0 0 0 0 0 0 0 0 0 0 0 0 0 0 0 0 0 0 0 0 0 0 0 0 0 0 0 0 0 0 0 0 0 0 0 0 0 0 0 0 0 0 0 0 0 0 0 0 0 0 0 0 0 0 0 0 0 0 0 0 0 0 0 0 0 0 0 0 0 0 0 0 0 0 0 0 0 0 0 0 0 0 0 0 0 0 0 0 0 0 0 0 0 0 0 0 0 0 0 0 0 0 0 0 0 0 0 0 0 0 0 0 0 0 0 0
 0 0 0 0 0 0 0 0 0 0 0 0 0 0 0 0 0 0 0 0 0 0 0 0 0 0 0 0 0 0 0 0 0 0 0 0 0 0 0 0 0 0 0 0 0 0 0 0 0 0 0 0 0 0 0 0 0 0 0 0 0 0 0 0 0 0 0 0 0 0 0 0 0 0 0 0 0 0 0 0 0 0 0 0 0 0 0 0 0 0 0 0 0 0 0 0 0 0 0 0 0 0 0 0 0 0 0 0 0 0 0 0 0 0 0 0 0 0 0 0 0 0 0 0 0 0 0 0 0 0 0 0 0 0 0 0 0 0 0 0 0 0 0 0 0 0 0 0 0 0 0 0 0 0 0 0 0 0 0 0 0 0 0 0 0 0 0 0 0 0 0 0 0 0 0 0 0 0 0 0 0 0 0 0 0 0 0 0 0 0 0 0 0 0 0 0 0 0 0 0 0 0 0 0 0 0 0 0 0 0 0 0 0 0 0 0 0 0 0 0 0 0 0 0 0 0 0 0 0 0 0 0 0 0 0 0 0 0 0 0 0 0 0 0 0 0 0 0 0 0 0 0 0 0 0 0 0 0 0 0 0 0 0 0 0 0 0 0 0 0 0 0 0 0 0 0 0 0 0 0 0 0 0 0 0 0 0 0 0 0 0 0 0 0 0 0 0 0 0 0 0 0 0 0 0 0 0 0 0 0 0 0 0 0 0 0 0 0 0 0 0 0 0 0 0 0 0 0 0 0 0 0 0 0 0 0 0 0 0 0 0 0 0 0 0 0 0 0 0 0 0 0 0 0 0 0 0 0 0 0 0 0 0 0 0 0 0 0 0 0 0 0 0 0 0 0 0 0 0 0 0 0 0 0 0 0 0 0 0 0 0 0 0 0 0 0 0 0 0 0 0 0 0 0 0 0 0 0 0 0 0 0 0 0 0 0 0 0 0 0 0 0 0 0 0 0 0 0 0 0 0 0 0 0 0 0 0 0 0 0 0 0 0 0 0 0 0 0 0 0 0 0 0 0 0 0 0 0 0 0 0 0 0 0 0 0 0 0 0 0 0 0 0 0 0 0 0 0 0 0 0 0 0 0 0 0 0 0 0 0 0 0 0 0 0 0 0 0 0 0 0 0 0 0 0 0 0 0 0 0 0 0 0 0 0 0 0 0 0 0 0 0 0 0 0 0 0 0 0 0 0 0 0 0 0 0 0 0 0 0 0 0 0 0 0 0 0 0 0 0 0 0 0 0 0 0 0 0 0 0 0 0 0 0 0 0 0 0 0 0 0 0 0 0 0 0 0 0 0 0 0 0 0 0 0 0 0 0 0 0 0 0 0 0 0 0 0 0 0 0
 0 0 0 0 0 0 0 0 0 0 0 0 0 0 0 0 0 0 0 0 0 0 0 0 0 0 0 0 0 0 0 0 0 0 0 0 0 0 0 0 0 0 0 0 0 0 0 0 0 0 0 0 0 0 0 0 0 0 0 0 0 0 0 0 0 0 0 0 0 0 0 0 0 0 0 0 0 0 0 0 0 0 0 0 0 0 0 0 0 0 0 0 0 0 0 0 0 0 0 0 0 0 0 0 0 0 0 0 0 0 0 0 0 0 0 0 0 0 0 0 0 0 0 0 0 0 0 0 0 0 0 0 0 0 0 0 0 0 0 0 0 0 0 0 0 0 0 0 0 0 0 0 0 0 0 0 0 0 0 0 0 0 0 0 0 0 0 0 0 0 0 0 0 0 0 0 0 0 0 0 0 0 0 0 0 0 0 0 0 0 0 0 0 0 0 0 0 0 0 0 0 0 0 0 0 0 0 0 0 0 0 0 0 0 0 0 0 0 0 0 0 0 0 0 0 0 0 0 0 0 0 0 0 0 0 0 0 0 0 0 0 0 0 0 0 0 0 0 0 0 0 0 0 0 0 0 0 0 0 0 0 0 0 0 0 0 0 0 0 0 0 0 0 0 0 0 0 0 0 0 0 0 0 0 0 0 0 0 0 0 0 0 0 0 0 0 0 0 0 0 0 0 0 0 0 0 0 0 0.000420463940827176 0.001721204724162817 0.003989043645560741 0.007206685841083527 0.01137096807360649 0.0163455493748188 0.02207378298044205 0.02856822684407234 0.03582824394106865 0.04389988631010056 0.05272561311721802 0.06223614886403084 0.07232198119163513 0.08280263841152191 0.09370677173137665 0.1051224991679192 0.1170536205172539 0.1295446008443832 0.1425194442272186 0.1559566110372543 0.1697379052639008 0.1838496327400208 0.1982582211494446 0.2129659354686737 0.2279755175113678 0.2432099431753159 0.2574527561664581 0.2683188915252686 0.274341881275177 0.2744947373867035 0.2680870294570923 0.2546826899051666 0.2419485598802567 0.2298511266708374 0.21835857629776 0.2074406445026398 0.1970686167478561 0.1872151792049408 0.1778544187545776 0.1689617037773132 0.160513624548912 0.1524879485368729 0.1448635458946228 0.1376203745603561 0.1307393610477448 0.1242023929953575 0.1179922744631767 0.1120926588773727 0.1064880266785622 0.1011636257171631 0.09610544145107269 0.09130016714334488 0.08673515915870667 0.08239839971065521 0.07827848196029663 0.0743645578622818 0.07064633071422577 0.06711401045322418 0.06375831365585327 0.06057039648294449 0.05754187703132629 0.05466478317975998 0.05193154513835907 0.04933496937155724 0.0468682199716568 0.04452480748295784 0.0422985665500164 0.04018363729119301 0.03817445412278175 0.03626573085784912 0.03445244580507278 0.03272982314229012 0.03109333291649818 0.02953866682946682 0.02806173264980316 0.02665864676237106 0.02532571367919445 0.02405942790210247 0.02285645715892315 0.02171363495290279 0.0206279531121254 0.01959655620157719 0.01861672848463058 0.01768589206039906 0.01680159755051136 0.01596151851117611 0.01516344211995602 0.01440527010709047 0.01368500664830208 0.01300075650215149 0.0123507184907794 0.01173318270593882 0.01114652398973703 0.01058919820934534 0.01005973853170872 0.009556751698255539 0.009078914299607277 0.0086249690502882 0.008193720132112503 0.007784034125506878 0.00739483255892992 0.007025090977549553 0.00667383661493659 0.006340144667774439 0.006023137364536524 0.005721980705857277 0.005435881670564413 0.005164087750017643 0.004905883222818375 0.004660589154809713 0.004427559673786163 0.00420618150383234 0.003995872568339109 0.003796078963205218 0.003606274956837296 0.003425961127504706 0.003254662966355681 0.003091929713264108 0.002937333192676306 0.002790466416627169 0.002650943119078875 0.002518395893275738 0.002392476191744208 0.002272852463647723 0.002159209921956062 0.00205124937929213 0.001948686898685992 0.00185125251300633 0.001758689875714481 0.001670755329541862 0.001587217557244003 0.001507856650277972 0.001432463759556413 0.001360840629786253 0.001292798551730812 0.001228158595040441 0.001166750676929951 0.001108413096517324 0.001052992418408394 0.00100034277420491 0.0009503256296738982 0.0009028093190863729 0.0008576688705943525 0.0008147854241542518 0.0007740461733192205 0.0007353438413701952 0.000698576623108238 0.0006636477774009109 0.0006304653943516314 0.0005989421042613685 0.0005689950194209814 0.0005405452684499323 0.0005135179962962866 0.0004878421023022383 0.0004634500073734671 0.0004402775084599853 0.000418263633036986 0.0003973504644818604 0.0003774829383473843 0.0003586087841540575 0.0003406783507671207 0.0003236444317735732 0.0003074622072745115 0.0002920890983659774 0.0002774846507236362 0.0002636104181874543 0.0002504299045540392 0.0002379084035055712 0.0002260129840578884 0.0002147123304894194 0.0002039767132373527 0.0001937778724823147 0.0001840889744926244 0.0001748845243128017 0.0001661402930039912 0.0001578332739882171 0.0001499416102888063 0.0001424445363227278 0.0001353223051410168 0.0001285561884287745 0.0001221283746417612 0.0001160219544544816 0.000110220855276566 0.0001047098121489398 9.947432408807799e-05 9.450061043025926e-05 8.97755817277357e-05 8.528680336894467e-05 8.102246647467837e-05 7.697134424233809e-05 7.312277739401907e-05 6.946663779672235e-05 6.5993306634482e-05 6.269363802857697e-05 5.955895539955236e-05 5.658100781147368e-05 5.375195905799046e-05 5.106436219648458e-05 4.851114499615505e-05 4.608558811014518e-05 4.378130688564852e-05 4.159224044997245e-05 3.951262988266535e-05 3.753700002562255e-05 3.56601485691499e-05 3.387714241398498e-05 3.218328492948785e-05 3.057411959161982e-05 2.904541361203883e-05 2.759314338618424e-05 2.621348539832979e-05 2.490281076461542e-05 2.3657670681132e-05 2.247478732897434e-05 2.135104841727298e-05 2.028349626925774e-05 1.926932236528955e-05 1.830585642892402e-05 1.739056278893258e-05 1.652103492233437e-05 1.56949827214703e-05 1.491023340349784e-05 1.416472150594927e-05 1.345648524875287e-05 1.27836610772647e-05 1.21444782053004e-05 1.153725406766171e-05 1.09603915916523e-05 1.041237192112021e-05 9.891753506963141e-06 9.397165740665514e-06 8.927307135309093e-06 8.480941687594168e-06 8.056894330366049e-06 7.654050023120362e-06 7.271347385540139e-06 6.907780061737867e-06 6.562391263287282e-06 6.23427149548661e-06 5.92255810261122e-06 5.626430265692761e-06 5.345108547771815e-06 5.077853074908489e-06 4.823960352950962e-06 4.582762358040782e-06 4.35362426287611e-06 4.135943072469672e-06 3.929145805159351e-06 3.732688583113486e-06 3.546054131220444e-06 3.368751322341268e-06 3.200313813067623e-06 3.040298224732396e-06 2.88828323391499e-06 2.743869117693976e-06 2.606675707284012e-06 2.476341933288495e-06 2.352524916204857e-06 2.234898602182511e-06 2.123153763022856e-06 2.016996177189867e-06 1.916146402436425e-06 1.820339093683288e-06 1.729322093524388e-06 1.642855977479485e-06 1.560713144499459e-06 1.482677475905803e-06 1.408543653269589e-06 1.338116476290452e-06 1.271210635422904e-06 1.207650143442152e-06 1.14726765332307e-06 1.089904230866523e-06 1.035409013638855e-06 9.836385288508609e-07 9.344565796709503e-07 8.877337336343771e-07 8.433470384261454e-07 8.011796808204963e-07 7.611207024638134e-07 7.230646588141099e-07 6.869114486107719e-07 6.525658591272077e-07 6.199375661708473e-07 5.889406793357921e-07 5.594936283159768e-07 5.315189355314942e-07 5.049429887549195e-07 4.79695813737635e-07 4.557110173664114e-07 4.329254750246037e-07 4.112791884836042e-07
 0 0 0 0 0 0 0 0 0 0 0 0 0 0 0 0 0 0 0 0 0 0 0 0 0 0 0 0 0 0 0 0 0 0 0 0 0 0 0 0 0 0 0 0 0 0 0 0 0 0 0 0 0 0 0 0 0 0 0 0 0 0 0 0 0 0 0 0 0 0 0 0 0 0 0 0 0 0 0 0 0 0 0 0 0 0 0 0 0 0 0 0 0 0 0 0 0 0 0 0 0 0 0 0 0 0 0 0 0 0 0 0 0 0 0 0 0 0 0 0 0 0 0 0 0 0 0 0 0 0 0 0 0 0 0 0 0 0 0 0 0 0 0 0 0 0 0 0 0 0 0 0 0 0 0 0 0 0 0 0 0 0 0 0 0 0 0 0 0 0 0 0 0 0 0 0 0 0 0 0 0 0 0 0 0 0 0 0 0 0 0 0 0 0 0 0 0 0 0 0 0 0 0 0 0 0 0 0 0 0 0 0 0 0 0 0 0 0 0 0 0 0 0 0 0 0 0 0 0 0 0 0 0 0 0 0 0 0 0 0 0 0 0 0 0 0 0 0 0 0 0 0 0 0 0 0 0 0 0 0 0 0 0 0 0 0 0 0 0 0 0 0 0 0 0 0 0 0 0 0 0 0 0 0 0 0 0 0 0 0 0 0 0 0 0 0 0 0 0 0 0 0 0 0 0 0 0 0 0 0 0 0 0 0 0 0 0 0 0 0 0 0 0 0 0 0 0 0 0 0 0 0 0 0 0 0 0 0 0 0 0 0 0 0 0 0 0 0 0 0 0 0 0 0 0 0 0 0 0 0 0 0 0 0 0 0 0 0 0 0 0 0 0 0 0 0 0 0 0 0 0 0 0 0 0 0 0 0 0 0 0 0 0 0 0 0 0 0 0 0 0 0 0 0 0 0 0 0 0 0 0 0 0 0 0 0 0 0 0 0 0 0 0 0 0 0 0 0 0 0 0 0 0 0 0 0 0 0 0 0 0 0 0 0 0 0 0 0 0 0 0 0 0 0 0 0 0 0 0 0 0 0 0 0 0 0 0 0 0 0 0 0 0 0 0 0 0 0 0 0 0 0 0 0 0 0 0 0 0 0 0 0 0 0 0 0 0 0 0 0 0 0 0 0 0 0 0 0 0 0 0 0 0 0 0 0 0 0 0 0 0 0 0 0 0 0 0 0 0 0 0 0 0 0 0 0 0 0 0 0 0 0 0 0 0 0 0 0 0 0 0 0 0 0 0 0 0 0 0 0 0 0 0 0 0 0 0 0 0 0 0 0 0 0 0 0 0 0 0 0 0 0 0 0 0 0 0 0 0 0 0 0 0 0 0 0 0 0 0 0
 0 0 0 0 0 0 0 0 0 0 0 0 0 0 0 0 0 0 0 0 0 0 0 0 0 0 0 0 0 0 0 0 0 0 0 0 0 0 0 0 0 0 0 0 0 0 0 0 0 0 0 0 0 0 0 0 0 0 0 0 0 0 0 0 0 0 0 0 0 0 0 0 0 0 0 0 0 0 0 0 0 0 0 0 0 0 0 0 0 0 0 0 0 0 0 0 0 0 0 0 0 0 0 0 0 0 0 0 0 0 0 0 0 0 0 0 0 0 0 0 0 0 0 0 0 0 0 0 0 0 0 0 0 0 0 0 0 0 0 0 0 0 0 0 0 0 0 0 0 0 0 0 0 0 0 0 0 0 0 0 0 0 0 0 0 0 0 0 0 0 0 0 0 0 0 0 0 0 0 0 0 0 0 0 0 0 0 0 0 0 0 0 0 0 0 0 0 0 0 0 0 0 0 0 0 0 0 0 0 0 0 0 0 0 0 0 0 0 0 0 0 0 0 0 0 0 0 0 0 0 0 0 0 0 0 0 0 0 0 0 0 0 0 0 0 0 0 0 0 0 0 0 0 0 0 0 0 0 0 0 0 0 0 0 0 0 0 0 0 0 0 0 0 0 0 0 0 0 0 0 0 0 0 0 0 0 0 0 0 0 0 0 0 0 0 0 0 0 0 0 0 0 0 0 0 0 0 0 0 0 0 0 0 0 0 0 0 0 0 0 0 0 0 0 0 0 0 0 0 0 0 0 0 0 0 0 0 0 0 0 0 0 0 0 0 0 0 0 0 0 0 0 0 0 0 0 0 0 0 0 0 0 0 0 0 0 0 0 0 0 0 0 0 0 0 0 0 0 0 0 0 0 0 0 0 0 0 0 0 0 0 0 0 0 0 0 0 0 0 0 0 0 0 0 0 0 0 0 0 0 0 0 0 0 0 0 0 0 0 0 0 0 0 0 0 0 0 0 0 0 0 0 0 0 0 0 0 0 0 0 0 0 0 0 0 0 0 0 0 0 0 0 0 0 0 0 0 0 0 0 0 0 0 0 0 0 0 0 0 0 0 0 0 0 0 0 0 0 0 0 0 0 0 0 0 0 0 0 0 0 0 0 0 0 0 0 0 0 0 0 0 0 0 0 0 0 0 0 0 0 0 0 0 0 0 0 0 0 0 0 0 0 0 0 0 0 0 0 0 0 0 0 0 0 0 0 0 0 0 0 0 0 0 0 0 0 0 0 0 0 0 0 0 0 0 0 0 0 0 0 0 0 0 0 0 0 0 0 0 0 0 0 0 0 0 0 0 0 0 0 0 0 0 0 0 0 0 0 0 0 0 0 0 0 0 0 0 0 0 0


# name: r_0_m10_G0_L0p3_D0p7
# type: matrix
# rows: 1
# columns: 14
 0 -10 0.2 0 0.3 0 -7.698463333333333 0 0 0.1643792021718886 0 136.1666666666667 0.983192080250175 0.7




