# Created by Octave 3.8.2, Mon Jun 19 12:02:36 2017 BST <co1ssj@node117>
# name: result
# type: scalar struct
# ndims: 2
 1 1
# length: 3
# name: params
# type: scalar struct
# ndims: 2
 1 1
# length: 18
# name: cleanup
# type: scalar
0


# name: num_runs
# type: scalar
6


# name: dopamine
# type: scalar
0.7


# name: targetCross
# type: scalar
1


# name: targetLuminance
# type: scalar
0.3


# name: targetWidthX
# type: scalar
6


# name: targetWidthY
# type: scalar
2


# name: fixCross
# type: scalar
1


# name: fixLuminance
# type: scalar
0.2


# name: fixWidthX
# type: scalar
6


# name: fixWidthY
# type: scalar
2


# name: fixOn
# type: scalar
0


# name: targetOff
# type: scalar
1


# name: targetOn
# type: scalar
0.2


# name: fixOff
# type: scalar
0.2


# name: targetThetaX
# type: scalar
0


# name: targetThetaY
# type: scalar
-13


# name: exptnum
# type: scalar
0




# name: r_0_m13_G0_L0p3_D0p7_llbn
# type: matrix
# rows: 24
# columns: 600
 0 0 0 0 0 0 0 0 0 0 0 0 0 0 0 0 0 0 0 0 0 0 0 0 0 0 0 0 0 0 0 0 0 0 0 0 0 0 0 0 0 0 0 0 0 0 0 0 0 0 0 0 0 0 0 0 0 0 0 0 0 0 0 0 0 0 0 0 0 0 0 0 0 0 0 0 0 0 0 0 0 0 0 0 0 0 0 0 0 0 0 0 0 0 0 0 0 0 0 0 0 0 0 0 0 0 0 0 0 0 0 0 0 0 0 0 0 0 0 0 0 0 0 0 0 0 0 0 0 0 0 0 0 0 0 0 0 0 0 0 0 0 0 0 0 0 0 0 0 0 0 0 0 0 0 0 0 0 0 0 0 0 0 0 0 0 0 0 0 0 0 0 0 0 0 0 0 0 0 0 0 0 0 0 0 0 0 0 0 0 0 0 0 0 0 0 0 0 0 0 0 0 0 0 0 0 0 0 0 0 0 0 0 0 0 0 0 0 0 0 0 0 0 0 0 0 0 0 0 0 0 0 0 0 0 0 0 0 0 0 0 0 0 0 0 0 0 0 0 0 0 0 0 0 0 0 0 0 0 0 0 0 0 0 0 0 0 0 0 0 0 0 0 0 0 0 0 0 0 0 0 0 0 0 0 0 0 0 0 0 0 0 0 0 0 0 0 0 0 0 0 0 0 0 0 0 0 0 0 0 0 0 0 0 0 0 0 0 0 0 0 0 0 0 0 0 0 0 0 0 0 0 0 0 0 0 0 0 0 0 0 0 0 0 0 0 0 0 0 0 0 0 0 0 0 0 0 0 0 0 0 0 0 0 0 0 0 0 0 0 0 0 0 0 0 0 0 0 0 0 0 0 0 0 0 0 0 0 0 0 0 0 0 0 0 0 0 0 0 0 0 0 0 0 0 0 0 0 0 0 0 0 0 0 0 0 0 0 0 0 0 0 0 0 0 0 0 0 0 0 0 0 0 0 0 0 0 0 0 0 0 0 0 0 0 0 0 0 0 0 0 0 0 0 0 0 0 0 0 0 0 0 0 0 0 0 0 0 0 0 0 0 0 0 0 0 0 0 0 0 0 0 0 0 0 0 0 0 0 0 0 0 0 0 0 0 0 0 0 0 0 0 0 0 0 0 0 0 0 0 0 0 0 0 0 0 0 0 0 0 0 0 0 0 0 0 0 0 0 0 0 0 0 0 0 0 0 0 0 0 0 0 0 0 0 0 0 0 0 0 0 0 0 0 0 0 0 0 0 0 0 0 0 0 0 0 0 0 0 0 0 0 0 0 0 0 0 0 0 0 0 0 0 0 0 0 0 0 0 0 0 0 0 0 0 0 0 0 0 0
 0 0 0 0 0 0 0 0 0 0 0 0 0 0 0 0 0 0 0 0 0 0 0 0 0 0 0 0 0 0 0 0 0 0 0 0 0 0 0 0 0 0 0 0 0 0 0 0 0 0 0 0 0 0 0 0 0 0 0 0 0 0 0 0 0 0 0 0 0 0 0 0 0 0 0 0 0 0 0 0 0 0 0 0 0 0 0 0 0 0 0 0 0 0 0 0 0 0 0 0 0 0 0 0 0 0 0 0 0 0 0 0 0 0 0 0 0 0 0 0 0 0 0 0 0 0 0 0 0 0 0 0 0 0 0 0 0 0 0 0 0 0 0 0 0 0 0 0 0 0 0 0 0 0 0 0 0 0 0 0 0 0 0 0 0 0 0 0 0 0 0 0 0 0 0 0 0 0 0 0 0 0 0 0 0 0 0 0 0 0 0 0 0 0 0 0 0 0 0 0 0 0 0 0 0 0 0 0 0 0 0 0 0 0 0 0 0 0 0 0 0 0 0 0 0 0 0 0 0 0 0 0 0 0 0 0 0 0 0 0 0 0 0 0 0 0 0 0 0 0 0 0 0 0 0 0 0 0 0 0 0 0 0 0 0 0 0 0 0 0 0 0 0 0 0 0 0 0 0 0 0 0 0 0 0 0 0 0 0 0 0 0 0 0 0 0 0 0 0 0 0 0 0 9.994542779168114e-05 0.0006900968146510422 0.001778738806024194 0.003365532495081425 0.005480784922838211 0.008189859800040722 0.01151097007095814 0.01548029016703367 0.02004084922373295 0.0252742525190115 0.03120150789618492 0.03776558861136436 0.0448388010263443 0.05235249549150467 0.06029007211327553 0.06863515079021454 0.0773061215877533 0.08619199693202972 0.09529660642147064 0.1046103984117508 0.1140916272997856 0.1237635761499405 0.1335942000150681 0.1436256170272827 0.1538977175951004 0.1644233018159866 0.1752228587865829 0.1863326281309128 0.1977262794971466 0.2085026204586029 0.2166653871536255 0.2208885699510574 0.2202881425619125 0.2142574340105057 0.203544557094574 0.1933673322200775 0.1836989670991898 0.1745140254497528 0.165788322687149 0.15749891102314 0.1496239602565765 0.1421427577733994 0.1350356191396713 0.1282838433980942 0.1218696534633636 0.1157761737704277 0.1099873632192612 0.1044879928231239 0.09926359355449677 0.09430041164159775 0.08958539366722107 0.08510612696409225 0.08085081726312637 0.07680827379226685 0.07296785712242126 0.0693194642663002 0.06585349142551422 0.06256081908941269 0.05943277850747108 0.0564611405134201 0.05363808199763298 0.05095617845654488 0.04840837046504021 0.04598795250058174 0.04368855431675911 0.04150412604212761 0.03942891955375671 0.03745747357606888 0.03558459877967834 0.03380537033081055 0.03211510181427002 0.03050934709608555 0.02898387983441353 0.02753468602895737 0.02615795098245144 0.02485005371272564 0.02360755018889904 0.02242717333137989 0.02130581438541412 0.02024052292108536 0.01922849752008915 0.01826707273721695 0.0173537191003561 0.0164860337972641 0.01566173136234283 0.01487864460796118 0.01413471251726151 0.0134279765188694 0.01275657769292593 0.01211874838918447 0.01151281129568815 0.01093717105686665 0.01039031241089106 0.009870796464383602 0.009377256967127323 0.008908393792808056 0.008462973870337009 0.008039825595915318 0.007637834176421165 0.007255942560732365 0.006893145386129618 0.006548488046973944 0.006221063435077667 0.005910010077059269 0.005614509806036949 0.005333784501999617 0.005067095160484314 0.004813740495592356 0.004573053680360317 0.004344400949776173 0.004127181135118008 0.003920821938663721 0.003724780865013599 0.003538541728630662 0.003361614653840661 0.003193533979356289 0.003033857326954603 0.002882164437323809 0.002738056238740683 0.002601153450086713 0.002471095882356167 0.00234754104167223 0.002230163896456361 0.002118655713275075 0.002012722892686725 0.001912086736410856 0.001816482399590313 0.001725658308714628 0.001639375346712768 0.001557406620122492 0.001479536294937134 0.001405559480190277 0.001335281529463828 0.001268517458811402 0.001205091597512364 0.001144837005995214 0.001087595126591623 0.001033215317875147 0.0009815545054152608 0.0009324767743237317 0.0008858529618009925 0.0008415603078901768 0.0007994822808541358 0.000759508169721812 0.000721532735042274 0.0006854560924693942 0.0006511833053082228 0.0006186241516843438 0.0005876929499208927 0.0005583083257079124 0.000530392921064049 0.0005038732779212296 0.000478679605294019 0.0004547456337604672 0.0004320083535276353 0.0004104079271201044 0.0003898875438608229 0.0003703931579366326 0.0003518734883982688 0.0003342798154335469 0.0003175658348482102 0.0003016875416506082 0.0002866031718440354 0.0002722730278037488 0.0002586593618616462 0.000245726405410096 0.0002334400778636336 0.000221768073970452 0.0002106796746375039 0.0002001456887228414 0.0001901384093798697 0.0001806314830901101 0.0001715999096632004 0.0001630199112696573 0.0001548689178889617 0.0001471254654461518 0.000139769195811823 0.0001327807403868064 0.0001261417055502534 0.0001198346217279322 0.000113842892460525 0.0001081507507478818 0.000102743215393275 9.760605462361127e-05 9.272574970964342e-05 8.808946586214006e-05 8.368499402422458e-05 7.950074359541759e-05 7.552570605184883e-05 7.17494185664691e-05 6.816194945713505e-05 6.475385453086346e-05 6.151616253191605e-05 5.844035331392661e-05 5.551833601202816e-05 5.274241993902251e-05 5.010530003346503e-05 4.760003503179178e-05 4.522003291640431e-05 4.295903272577561e-05 4.08110827265773e-05 3.877052949974313e-05 3.683200338855386e-05 3.499040394672193e-05 3.324088538647629e-05 3.157884202664718e-05 2.999989919771906e-05 2.849990414688364e-05 2.707490966713522e-05 2.572116500232369e-05 2.44351067522075e-05 2.321335159649607e-05 2.205268356192391e-05 2.095004856528249e-05 1.990254531847313e-05 1.890741805254947e-05 1.796204742277041e-05 1.706394505163189e-05 1.621074807189871e-05 1.540021003165748e-05 1.463019907532725e-05 1.389868884871248e-05 1.320375486102421e-05 1.254356720892247e-05 1.191638875752687e-05 1.132056968344841e-05 1.075454110832652e-05 1.02168141893344e-05 9.705973752716091e-06 9.22067465580767e-06 8.759640877542552e-06 8.32165915198857e-06 7.905576239863876e-06 7.510297564294888e-06 7.134782663342776e-06 6.778043371014064e-06 6.439141088776523e-06 6.117184057075065e-06 5.811324626847636e-06 5.520758350030519e-06 5.244720341579523e-06 4.982484369975282e-06 4.73336012873915e-06 4.496692326938501e-06 4.271857505955268e-06 4.058264494233299e-06 3.855351224046899e-06 3.662583594632451e-06 3.479454335320042e-06 3.305481641291408e-06 3.140207581964205e-06 2.983197191497311e-06 2.834037331922445e-06 2.692335556275793e-06 2.557718744355952e-06 2.429832875350257e-06 2.308341208845377e-06 2.192924057453638e-06 2.083277877318324e-06 1.979113903871621e-06 1.880158151834621e-06 1.786150278348941e-06 1.696842787168862e-06 1.612000687600812e-06 1.531400698695506e-06 1.454830680813757e-06 0.000254045648034662 0.0008907376904971898 0.001905770972371101 0.003272054251283407 0.004951148759573698 0.006896447855979204 0.00908683892339468 0.01151920855045319 0.01419395115226507 0.01709865406155586 0.02023443579673767 0.02357996255159378 0.02711343020200729 0.03078265860676765 0.03456362336874008 0.03843433409929276 0.04238543659448624 0.04641615971922874 0.05052054673433304 0.05469024926424026 0.05892912670969963 0.06320945918560028 0.06750843673944473 0.07184121757745743 0.07622804492712021 0.08067275583744049 0.08518340438604355 0.08974793553352356 0.09436222910881042 0.09901392459869385 0.1037021651864052
 0 0 0 0 0 0 0 0 0 0 0 0 0 0 0 0 0 0 0 0 0 0 0 0 0 0 0 0 0 0 0 0 0 0 0 0 0 0 0 0 0 0 0 0 0 0 0 0 0 0 0 0 0 0 0 0 0 0 0 0 0 0 0 0 0 0 0 0 0 0 0 0 0 0 0 0 0 0 0 0 0 0 0 0 0 0 0 0 0 0 0 0 0 0 0 0 0 0 0 0 0 0 0 0 0 0 0 0 0 0 0 0 0 0 0 0 0 0 0 0 0 0 0 0 0 0 0 0 0 0 0 0 0 0 0 0 0 0 0 0 0 0 0 0 0 0 0 0 0 0 0 0 0 0 0 0 0 0 0 0 0 0 0 0 0 0 0 0 0 0 0 0 0 0 0 0 0 0 0 0 0 0 0 0 0 0 0 0 0 0 0 0 0 0 0 0 0 0 0 0 0 0 0 0 0 0 0 0 0 0 0 0 0 0 0 0 0 0 0 0 0 0 0 0 0 0 0 0 0 0 0 0 0 0 0 0 0 0 0 0 0 0 0 0 0 0 0 0 0 0 0 0 0 0 0 0 0 0 0 0 0 0 0 0 0 0 0 0 0 0 0 0 0 0 0 0 0 0 0 0 0 0 0 0 0 0 0 0 0 0 0 0 0 0 0 0 0 0 0 0 0 0 0 0 0 0 0 0 0 0 0 0 0 0 0 0 0 0 0 0 0 0 0 0 0 0 0 0 0 0 0 0 0 0 0 0 0 0 0 0 0 0 0 0 0 0 0 0 0 0 0 0 0 0 0 0 0 0 0 0 0 0 0 0 0 0 0 0 0 0 0 0 0 0 0 0 0 0 0 0 0 0 0 0 0 0 0 0 0 0 0 0 0 0 0 0 0 0 0 0 0 0 0 0 0 0 0 0 0 0 0 0 0 0 0 0 0 0 0 0 0 0 0 0 0 0 0 0 0 0 0 0 0 0 0 0 0 0 0 0 0 0 0 0 0 0 0 0 0 0 0 0 0 0 0 0 0 0 0 0 0 0 0 0 0 0 0 0 0 0 0 0 0 0 0 0 0 0 0 0 0 0 0 0 0 0 0 0 0 0 0 0 0 0 0 0 0 0 0 0 0 0 0 0 0 0 0 0 0 0 0 0 0 0 0 0 0 0 0 0 0 0 0 0 0 0 0 0 0 0 0 0 0 0 0 0 0 0 0 0 0 0 0 0 0 0 0 0 0 0 0 0 0 0 0 0 0 0 0 0 0 0 0 0 0 0 0 0 0 0 0 0 0 0 0 0 0 0 0 0 0 0 0 0 0 0 0 0 0 0 0 0 0 0 0 0 0 0 0 0
 0 0 0 0 0 0 0 0 0 0 0 0 0 0 0 0 0 0 0 0 0 0 0 0 0 0 0 0 0 0 0 0 0 0 0 0 0 0 0 0 0 0 0 0 0 0 0 0 0 0 0 0 0 0 0 0 0 0 0 0 0 0 0 0 0 0 0 0 0 0 0 0 0 0 0 0 0 0 0 0 0 0 0 0 0 0 0 0 0 0 0 0 0 0 0 0 0 0 0 0 0 0 0 0 0 0 0 0 0 0 0 0 0 0 0 0 0 0 0 0 0 0 0 0 0 0 0 0 0 0 0 0 0 0 0 0 0 0 0 0 0 0 0 0 0 0 0 0 0 0 0 0 0 0 0 0 0 0 0 0 0 0 0 0 0 0 0 0 0 0 0 0 0 0 0 0 0 0 0 0 0 0 0 0 0 0 0 0 0 0 0 0 0 0 0 0 0 0 0 0 0 0 0 0 0 0 0 0 0 0 0 0 0 0 0 0 0 0 0 0 0 0 0 0 0 0 0 0 0 0 0 0 0 0 0 0 0 0 0 0 0 0 0 0 0 0 0 0 0 0 0 0 0 0 0 0 0 0 0 0 0 0 0 0 0 0 0 0 0 0 0 0 0 0 0 0 0 0 0 0 0 0 0 0 0 0 0 0 0 0 0 0 0 0 0 0 0 0 0 0 0 0 0 0 0 0 0 0 0 0 0 0 0 0 0 0 0 0 0 0 0 0 0 0 0 0 0 0 0 0 0 0 0 0 0 0 0 0 0 0 0 0 0 0 0 0 0 0 0 0 0 0 0 0 0 0 0 0 0 0 0 0 0 0 0 0 0 0 0 0 0 0 0 0 0 0 0 0 0 0 0 0 0 0 0 0 0 0 0 0 0 0 0 0 0 0 0 0 0 0 0 0 0 0 0 0 0 0 0 0 0 0 0 0 0 0 0 0 0 0 0 0 0 0 0 0 0 0 0 0 0 0 0 0 0 0 0 0 0 0 0 0 0 0 0 0 0 0 0 0 0 0 0 0 0 0 0 0 0 0 0 0 0 0 0 0 0 0 0 0 0 0 0 0 0 0 0 0 0 0 0 0 0 0 0 0 0 0 0 0 0 0 0 0 0 0 0 0 0 0 0 0 0 0 0 0 0 0 0 0 0 0 0 0 0 0 0 0 0 0 0 0 0 0 0 0 0 0 0 0 0 0 0 0 0 0 0 0 0 0 0 0 0 0 0 0 0 0 0 0 0 0 0 0 0 0 0 0 0 0 0 0 0 0 0 0 0 0 0 0 0 0 0 0 0 0 0 0 0 0 0 0 0 0 0 0 0 0 0 0 0 0 0 0 0 0 0 0 0 0
 0 0 0 0 0 0 0 0 0 0 0 0 0 0 0 0 0 0 0 0 0 0 0 0 0 0 0 0 0 0 0 0 0 0 0 0 0 0 0 0 0 0 0 0 0 0 0 0 0 0 0 0 0 0 0 0 0 0 0 0 0 0 0 0 0 0 0 0 0 0 0 0 0 0 0 0 0 0 0 0 0 0 0 0 0 0 0 0 0 0 0 0 0 0 0 0 0 0 0 0 0 0 0 0 0 0 0 0 0 0 0 0 0 0 0 0 0 0 0 0 0 0 0 0 0 0 0 0 0 0 0 0 0 0 0 0 0 0 0 0 0 0 0 0 0 0 0 0 0 0 0 0 0 0 0 0 0 0 0 0 0 0 0 0 0 0 0 0 0 0 0 0 0 0 0 0 0 0 0 0 0 0 0 0 0 0 0 0 0 0 0 0 0 0 0 0 0 0 0 0 0 0 0 0 0 0 0 0 0 0 0 0 0 0 0 0 0 0 0 0 0 0 0 0 0 0 0 0 0 0 0 0 0 0 0 0 0 0 0 0 0 0 0 0 0 0 0 0 0 0 0 0 0 0 0 0 0 0 0 0 0 0 0 0 0 0 0 0 0 0 0 0 0 0 0 0 0 0 0 0 0 0 0 0 0 0 0 0 0 0 0 0 0 0 0 0 0 0 0 0 0 0 0 0 0 0 0 0 0 0 0 0 0 0 0 0 0 0 0 0 0 0 0 0 0 0 0 0 0 0 0 0 0 0 0 0 0 0 0 0 0 0 0 0 0 0 0 0 0 0 0 0 0 0 0 0 0 0 0 0 0 0 0 0 0 0 0 0 0 0 0 0 0 0 0 0 0 0 0 0 0 0 0 0 0 0 0 0 0 0 0 0 0 0 0 0 0 0 0 0 0 0 0 0 0 0 0 0 0 0 0 0 0 0 0 0 0 0 0 0 0 0 0 0 0 0 0 0 0 0 0 0 0 0 0 0 0 0 0 0 0 0 0 0 0 0 0 0 0 0 0 0 0 0 0 0 0 0 0 0 0 0 0 0 0 0 0 0 0 0 0 0 0 0 0 0 0 0 0 0 0 0 0 0 0 0 0 0 0 0 0 0 0 0 0 0 0 0 0 0 0 0 0 0 0 0 0 0 0 0 0 0 0 0 0 0 0 0 0 0 0 0 0 0 0 0 0 0 0 0 0 0 0 0 0 0 0 0 0 0 0 0 0 0 0 0 0 0 0 0 0 0 0 0 0 0 0 0 0 0 0 0 0 0 0 0 0 0 0 0 0 0 0 0 0 0 0 0 0 0 0 0 0 0 0 0 0 0 0 0 0 0 0 0 0 0 0 0 0 0
 0 0 0 0 0 0 0 0 0 0 0 0 0 0 0 0 0 0 0 0 0 0 0 0 0 0 0 0 0 0 0 0 0 0 0 0 0 0 0 0 0 0 0 0 0 0 0 0 0 0 0 0 0 0 0 0 0 0 0 0 0 0 0 0 0 0 0 0 0 0 0 0 0 0 0 0 0 0 0 0 0 0 0 0 0 0 0 0 0 0 0 0 0 0 0 0 0 0 0 0 0 0 0 0 0 0 0 0 0 0 0 0 0 0 0 0 0 0 0 0 0 0 0 0 0 0 0 0 0 0 0 0 0 0 0 0 0 0 0 0 0 0 0 0 0 0 0 0 0 0 0 0 0 0 0 0 0 0 0 0 0 0 0 0 0 0 0 0 0 0 0 0 0 0 0 0 0 0 0 0 0 0 0 0 0 0 0 0 0 0 0 0 0 0 0 0 0 0 0 0 0 0 0 0 0 0 0 0 0 0 0 0 0 0 0 0 0 0 0 0 0 0 0 0 0 0 0 0 0 0 0 0 0 0 0 0 0 0 0 0 0 0 0 0 0 0 0 0 0 0 0 0 0 0 0 0 0 0 0 0 0 0 0 0 0 0 0 0 0 0 0 0 0 0 0 0 0 0 0 0 0 0 0 0 0 0 0 0 0 0 0 0 0 0 0 0 0 0 0 0 0 0 0 0 0.0003741964465007186 0.001235853997059166 0.002607503207400441 0.004522189497947693 0.007040015421807766 0.0101892352104187 0.01400325819849968 0.01842316053807735 0.02351980470120907 0.02933438308537006 0.03591236844658852 0.04318422824144363 0.05096009746193886 0.05924441292881966 0.06795805692672729 0.07708683609962463 0.08645323663949966 0.09605700522661209 0.1059066206216812 0.1159038543701172 0.1260613650083542 0.1364063620567322 0.1469880789518356 0.1578487306833267 0.1690095514059067 0.1805044561624527 0.1922944784164429 0.204343780875206 0.2162886708974838 0.2258532643318176 0.2315183132886887 0.2322802841663361 0.2274296283721924 0.2164785265922546 0.2056546062231064 0.1953718811273575 0.1856032907962799 0.1763231307268143 0.1675069779157639 0.1591316312551498 0.1511750519275665 0.1436163038015366 0.1364354938268661 0.1296137124300003 0.1231330260634422 0.116976372897625 0.1111275553703308 0.1055711805820465 0.1002926230430603 0.09527799487113953 0.09051409363746643 0.08598838746547699 0.08168897032737732 0.07760452479124069 0.07372429966926575 0.0700380876660347 0.06653618067502975 0.06320936977863312 0.0600489005446434 0.05704645439982414 0.0541941300034523 0.05148442462086678 0.04891020432114601 0.04646469280123711 0.04414145648479462 0.04193438217043877 0.03983766213059425 0.03784577921032906 0.03595349192619324 0.03415581583976746 0.03244802355766296 0.03082562237977982 0.02928434126079082 0.02782012335956097 0.02642911672592163 0.02510766126215458 0.02385227754712105 0.02265966311097145 0.02152667939662933 0.02045034617185593 0.0194278284907341 0.01845643669366837 0.01753361523151398 0.01665693521499634 0.01582408882677555 0.01503288466483355 0.01428124029189348 0.01356717851012945 0.01288881991058588 0.01224437914788723 0.01163216028362513 0.01105055212974548 0.01049802452325821 0.009973123669624329 0.009474467486143112 0.009000743739306927 0.008550706319510937 0.008123170584440231 0.007717011962085962 0.007331161294132471 0.006964603438973427 0.006616373080760241 0.006285554263740778 0.005971276666969061 0.005672712810337543 0.005389077123254538 0.005119623150676489 0.004863642156124115 0.004620459862053394 0.004389436915516853 0.004169965162873268 0.00396146671846509 0.003763393498957157 0.003575223730877042 0.003396462649106979 0.003226639470085502 0.003065307391807437 0.002912041964009404 0.002766439924016595 0.002628118032589555 0.002496712142601609 0.002371876500546932 0.002253282582387328 0.002140618395060301 0.002033587545156479 0.001931908191181719 0.001835312810726464 0.001743547152727842 0.001656369771808386 0.001573551329784095 0.001494873780757189 0.001420130138285458 0.001349123660475016 0.001281667500734329 0.001217584125697613 0.001156704965978861 0.001098869717679918 0.001043926225975156 0.0009917299030348659 0.0009421433787792921 0.0008950362098403275 0.0008502844139002264 0.0008077701786532998 0.0007673816871829331 0.0007290125940926373 0.0006925619672983885 0.0006579338805750012 0.0006250371807254851 0.0005937853129580617 0.0005640960298478603 0.0005358912167139351 0.0005090966587886214 0.0004836418374907225 0.0004594597558025271 0.0004364867636468261 0.0004146624123677611 0.0003939292801078409 0.0003742328262887895 0.0003555211878847331 0.0003377451212145388 0.0003208578564226627 0.0003048149519599974 0.0002895742072723806 0.0002750954881776124 0.0002613407268654555 0.0002482736890669912 0.0002358600031584501 0.0002240670000901446 0.0002128636551788077 0.0002022204716922715 0.0001921094517456368 0.0001825039798859507 0.0001733787794364616 0.0001647098397370428 0.0001564743433846161 0.0001486506225774065 0.0001412180863553658 0.0001341571769444272 0.000127449311548844 0.0001210768459714018 0.0001150230018538423 0.0001092718521249481 0.0001038082627928816 9.861784928943962e-05 9.368695464218035e-05 8.900260581867769e-05 8.455247734673321e-05 8.032485493458807e-05 7.630861364305019e-05 7.249318150570616e-05 6.886852497700602e-05 6.542509800055996e-05 6.215384200913832e-05 5.904614954488352e-05 5.609384243143722e-05 5.328914994606748e-05 5.062469426775351e-05 4.809346137335524e-05 4.568878648569807e-05 4.340434679761529e-05 4.123412873013876e-05 3.917242065654136e-05 3.721379835042171e-05 3.535310679581016e-05 3.358545291121118e-05 3.190618008375168e-05 3.031087180715986e-05 2.879532803490292e-05 2.735556154220831e-05 2.598778337414842e-05 2.468839375069365e-05 2.345397479075473e-05 2.228127596026752e-05 2.116721225320362e-05 2.010885145864449e-05 1.910340870381333e-05 1.814823917811736e-05 1.72408272192115e-05 1.637878631299827e-05 1.555984636070207e-05 1.478185367886908e-05 1.404276099492563e-05 1.334062289970461e-05 1.267359220946673e-05 1.203991268994287e-05 1.143791723734466e-05 1.086602151190164e-05 1.032272029988235e-05 9.806583875615615e-06 9.316254363511689e-06 8.850442100083455e-06 8.407920176978223e-06 7.987524440977722e-06 7.588148037029896e-06 7.208740498754196e-06 6.848303655715426e-06 6.505888450192288e-06 6.180594027682673e-06 5.871564098924864e-06 5.577986030402826e-06 5.299086751620052e-06 5.034132300352212e-06 4.782425548910396e-06 4.543304385151714e-06 4.316138983995188e-06 4.100332262169104e-06 3.895315785484854e-06 3.700549996210611e-06 3.515522394081927e-06 3.339746172059677e-06 3.172758852088009e-06 3.014120920852292e-06 2.863414920284413e-06 2.720244083320722e-06 2.584231879154686e-06 2.455020194247481e-06 2.332269104954321e-06 2.215655740656075e-06 2.10487291951722e-06 1.999629375859513e-06 1.899647941172589e-06 1.804665544113959e-06 1.714432301014313e-06 1.628710720069648e-06 1.547275132907089e-06 1.469911353524367e-06 1.396415768795123e-06 1.326594997408392e-06 1.062202954926761e-05 0.0003953645064029843 0.001129033509641886 0.002193242544308305 0.00354402931407094 0.005159793887287378 0.007022997364401817 0.009115596301853657 0.01142229698598385 0.01392936334013939 0.01662725023925304 0.01950513198971748 0.02254300564527512 0.02571919001638889 0.02903403341770172 0.03247708827257156 0.03603364154696465 0.03966261073946953 0.04334290325641632 0.0470755398273468 0.05086173489689827 0.05469027161598206 0.05853395909070969 0.06240515038371086 0.06631311774253845 0.07026480138301849 0.07425787299871445 0.07828441262245178
 0 0 0 0 0 0 0 0 0 0 0 0 0 0 0 0 0 0 0 0 0 0 0 0 0 0 0 0 0 0 0 0 0 0 0 0 0 0 0 0 0 0 0 0 0 0 0 0 0 0 0 0 0 0 0 0 0 0 0 0 0 0 0 0 0 0 0 0 0 0 0 0 0 0 0 0 0 0 0 0 0 0 0 0 0 0 0 0 0 0 0 0 0 0 0 0 0 0 0 0 0 0 0 0 0 0 0 0 0 0 0 0 0 0 0 0 0 0 0 0 0 0 0 0 0 0 0 0 0 0 0 0 0 0 0 0 0 0 0 0 0 0 0 0 0 0 0 0 0 0 0 0 0 0 0 0 0 0 0 0 0 0 0 0 0 0 0 0 0 0 0 0 0 0 0 0 0 0 0 0 0 0 0 0 0 0 0 0 0 0 0 0 0 0 0 0 0 0 0 0 0 0 0 0 0 0 0 0 0 0 0 0 0 0 0 0 0 0 0 0 0 0 0 0 0 0 0 0 0 0 0 0 0 0 0 0 0 0 0 0 0 0 0 0 0 0 0 0 0 0 0 0 0 0 0 0 0 0 0 0 0 0 0 0 0 0 0 0 0 0 0 0 0 0 0 0 0 0 0 0 0 0 0 0 0 0 0 0 0 0 0 0 0 0 0 0 0 0 0 0 0 0 0 0 0 0 0 0 0 0 0 0 0 0 0 0 0 0 0 0 0 0 0 0 0 0 0 0 0 0 0 0 0 0 0 0 0 0 0 0 0 0 0 0 0 0 0 0 0 0 0 0 0 0 0 0 0 0 0 0 0 0 0 0 0 0 0 0 0 0 0 0 0 0 0 0 0 0 0 0 0 0 0 0 0 0 0 0 0 0 0 0 0 0 0 0 0 0 0 0 0 0 0 0 0 0 0 0 0 0 0 0 0 0 0 0 0 0 0 0 0 0 0 0 0 0 0 0 0 0 0 0 0 0 0 0 0 0 0 0 0 0 0 0 0 0 0 0 0 0 0 0 0 0 0 0 0 0 0 0 0 0 0 0 0 0 0 0 0 0 0 0 0 0 0 0 0 0 0 0 0 0 0 0 0 0 0 0 0 0 0 0 0 0 0 0 0 0 0 0 0 0 0 0 0 0 0 0 0 0 0 0 0 0 0 0 0 0 0 0 0 0 0 0 0 0 0 0 0 0 0 0 0 0 0 0 0 0 0 0 0 0 0 0 0 0 0 0 0 0 0 0 0 0 0 0 0 0 0 0 0 0 0 0 0 0 0 0 0 0 0 0 0 0 0 0 0 0 0 0 0 0 0 0 0 0 0 0 0 0 0 0 0 0 0 0 0 0 0 0
 0 0 0 0 0 0 0 0 0 0 0 0 0 0 0 0 0 0 0 0 0 0 0 0 0 0 0 0 0 0 0 0 0 0 0 0 0 0 0 0 0 0 0 0 0 0 0 0 0 0 0 0 0 0 0 0 0 0 0 0 0 0 0 0 0 0 0 0 0 0 0 0 0 0 0 0 0 0 0 0 0 0 0 0 0 0 0 0 0 0 0 0 0 0 0 0 0 0 0 0 0 0 0 0 0 0 0 0 0 0 0 0 0 0 0 0 0 0 0 0 0 0 0 0 0 0 0 0 0 0 0 0 0 0 0 0 0 0 0 0 0 0 0 0 0 0 0 0 0 0 0 0 0 0 0 0 0 0 0 0 0 0 0 0 0 0 0 0 0 0 0 0 0 0 0 0 0 0 0 0 0 0 0 0 0 0 0 0 0 0 0 0 0 0 0 0 0 0 0 0 0 0 0 0 0 0 0 0 0 0 0 0 0 0 0 0 0 0 0 0 0 0 0 0 0 0 0 0 0 0 0 0 0 0 0 0 0 0 0 0 0 0 0 0 0 0 0 0 0 0 0 0 0 0 0 0 0 0 0 0 0 0 0 0 0 0 0 0 0 0 0 0 0 0 0 0 0 0 0 0 0 0 0 0 0 0 0 0 0 0 0 0 0 0 0 0 0 0 0 0 0 0 0 0 0 0 0 0 0 0 0 0 0 0 0 0 0 0 0 0 0 0 0 0 0 0 0 0 0 0 0 0 0 0 0 0 0 0 0 0 0 0 0 0 0 0 0 0 0 0 0 0 0 0 0 0 0 0 0 0 0 0 0 0 0 0 0 0 0 0 0 0 0 0 0 0 0 0 0 0 0 0 0 0 0 0 0 0 0 0 0 0 0 0 0 0 0 0 0 0 0 0 0 0 0 0 0 0 0 0 0 0 0 0 0 0 0 0 0 0 0 0 0 0 0 0 0 0 0 0 0 0 0 0 0 0 0 0 0 0 0 0 0 0 0 0 0 0 0 0 0 0 0 0 0 0 0 0 0 0 0 0 0 0 0 0 0 0 0 0 0 0 0 0 0 0 0 0 0 0 0 0 0 0 0 0 0 0 0 0 0 0 0 0 0 0 0 0 0 0 0 0 0 0 0 0 0 0 0 0 0 0 0 0 0 0 0 0 0 0 0 0 0 0 0 0 0 0 0 0 0 0 0 0 0 0 0 0 0 0 0 0 0 0 0 0 0 0 0 0 0 0 0 0 0 0 0 0 0 0 0 0 0 0 0 0 0 0 0 0 0 0 0 0 0 0 0 0 0 0 0 0 0 0 0 0 0 0 0 0 0 0 0 0 0 0 0 0 0 0
 0 0 0 0 0 0 0 0 0 0 0 0 0 0 0 0 0 0 0 0 0 0 0 0 0 0 0 0 0 0 0 0 0 0 0 0 0 0 0 0 0 0 0 0 0 0 0 0 0 0 0 0 0 0 0 0 0 0 0 0 0 0 0 0 0 0 0 0 0 0 0 0 0 0 0 0 0 0 0 0 0 0 0 0 0 0 0 0 0 0 0 0 0 0 0 0 0 0 0 0 0 0 0 0 0 0 0 0 0 0 0 0 0 0 0 0 0 0 0 0 0 0 0 0 0 0 0 0 0 0 0 0 0 0 0 0 0 0 0 0 0 0 0 0 0 0 0 0 0 0 0 0 0 0 0 0 0 0 0 0 0 0 0 0 0 0 0 0 0 0 0 0 0 0 0 0 0 0 0 0 0 0 0 0 0 0 0 0 0 0 0 0 0 0 0 0 0 0 0 0 0 0 0 0 0 0 0 0 0 0 0 0 0 0 0 0 0 0 0 0 0 0 0 0 0 0 0 0 0 0 0 0 0 0 0 0 0 0 0 0 0 0 0 0 0 0 0 0 0 0 0 0 0 0 0 0 0 0 0 0 0 0 0 0 0 0 0 0 0 0 0 0 0 0 0 0 0 0 0 0 0 0 0 0 0 0 0 0 0 0 0 0 0 0 0 0 0 0 0 0 0 0 0 0 0 0 0 0 0 0 0 0 0 0 0 0 0 0 0 0 0 0 0 0 0 0 0 0 0 0 0 0 0 0 0 0 0 0 0 0 0 0 0 0 0 0 0 0 0 0 0 0 0 0 0 0 0 0 0 0 0 0 0 0 0 0 0 0 0 0 0 0 0 0 0 0 0 0 0 0 0 0 0 0 0 0 0 0 0 0 0 0 0 0 0 0 0 0 0 0 0 0 0 0 0 0 0 0 0 0 0 0 0 0 0 0 0 0 0 0 0 0 0 0 0 0 0 0 0 0 0 0 0 0 0 0 0 0 0 0 0 0 0 0 0 0 0 0 0 0 0 0 0 0 0 0 0 0 0 0 0 0 0 0 0 0 0 0 0 0 0 0 0 0 0 0 0 0 0 0 0 0 0 0 0 0 0 0 0 0 0 0 0 0 0 0 0 0 0 0 0 0 0 0 0 0 0 0 0 0 0 0 0 0 0 0 0 0 0 0 0 0 0 0 0 0 0 0 0 0 0 0 0 0 0 0 0 0 0 0 0 0 0 0 0 0 0 0 0 0 0 0 0 0 0 0 0 0 0 0 0 0 0 0 0 0 0 0 0 0 0 0 0 0 0 0 0 0 0 0 0 0 0 0 0 0 0 0 0 0 0 0 0 0 0 0 0 0 0 0
 0 0 0 0 0 0 0 0 0 0 0 0 0 0 0 0 0 0 0 0 0 0 0 0 0 0 0 0 0 0 0 0 0 0 0 0 0 0 0 0 0 0 0 0 0 0 0 0 0 0 0 0 0 0 0 0 0 0 0 0 0 0 0 0 0 0 0 0 0 0 0 0 0 0 0 0 0 0 0 0 0 0 0 0 0 0 0 0 0 0 0 0 0 0 0 0 0 0 0 0 0 0 0 0 0 0 0 0 0 0 0 0 0 0 0 0 0 0 0 0 0 0 0 0 0 0 0 0 0 0 0 0 0 0 0 0 0 0 0 0 0 0 0 0 0 0 0 0 0 0 0 0 0 0 0 0 0 0 0 0 0 0 0 0 0 0 0 0 0 0 0 0 0 0 0 0 0 0 0 0 0 0 0 0 0 0 0 0 0 0 0 0 0 0 0 0 0 0 0 0 0 0 0 0 0 0 0 0 0 0 0 0 0 0 0 0 0 0 0 0 0 0 0 0 0 0 0 0 0 0 0 0 0 0 0 0 0 0 0 0 0 0 0 0 0 0 0 0 0 0 0 0 0 0 0 0 0 0 0 0 0 0 0 0 0 0 0 0 0 0 0 0 0 0 0 0 0 0 0 0 0 0 0 0 0 0 0 0 0 0 0 0 0 0 0 0 0 0 0 0 0 0 0 0 0.0004162263358011842 0.001324340002611279 0.00272529199719429 0.004683106206357479 0.007253143470734358 0.01046802196651697 0.01440260373055935 0.01907645538449287 0.02445565536618233 0.03055306896567345 0.03736668080091476 0.0447852648794651 0.05270768702030182 0.06110914051532745 0.07000163942575455 0.07917603105306625 0.08859687298536301 0.09829895943403244 0.1083036661148071 0.1185653507709503 0.1291093081235886 0.1399226933717728 0.1509899199008942 0.1623476296663284 0.1740554422140121 0.1861403584480286 0.1984018236398697 0.210854172706604 0.2225595414638519 0.2313851863145828 0.2359189987182617 0.2351180166006088 0.228402242064476 0.2169821262359619 0.2061330229043961 0.1958263665437698 0.1860350519418716 0.1767333000898361 0.1678966283798218 0.1595017910003662 0.1515267044305801 0.1439503729343414 0.1367528587579727 0.1299152225255966 0.123419463634491 0.1172484904527664 0.1113860681653023 0.1058167666196823 0.1005259305238724 0.09549963474273682 0.09072465449571609 0.0861884206533432 0.08187899738550186 0.07778504490852356 0.07389578968286514 0.07020100206136703 0.06669095158576965 0.06335640698671341 0.06018858775496483 0.05717915669083595 0.05432019755244255 0.05160418897867203 0.04902397841215134 0.04657277837395668 0.04424414038658142 0.04203193262219429 0.03993033617734909 0.03793381899595261 0.03603712841868401 0.03423527255654335 0.0325235091149807 0.03089733421802521 0.02935246750712395 0.02788484469056129 0.02649060264229774 0.02516607195138931 0.02390776760876179 0.02271237969398499 0.02157676033675671 0.02049792185425758 0.01947302557528019 0.01849937438964844 0.01757440529763699 0.01669568568468094 0.01586090214550495 0.01506785675883293 0.01431446429342031 0.01359874103218317 0.01291880384087563 0.01227286364883184 0.01165922079235315 0.01107625942677259 0.01052244659513235 0.009996323846280575 0.009496507234871387 0.009021681733429432 0.008570597507059574 0.008142068050801754 0.007734964601695538 0.007348216138780117 0.006980805192142725 0.006631765048950911 0.006300176959484816 0.005985168274492025 0.005685909651219845 0.005401614122092724 0.005131533369421959 0.004874956794083118 0.004631209187209606 0.004399648867547512 0.00417966628447175 0.003970683086663485 0.003772148862481117 0.003583541372790933 0.003404364222660661 0.003234145930036902 0.003072438528761268 0.002918816637247801 0.002772875828668475 0.002634231932461262 0.002502520335838199 0.002377394353970885 0.002258524531498551 0.002145598409697413 0.002038318431004882 0.00193640252109617 0.001839582342654467 0.001747603178955615 0.001660223002545536 0.001577211893163621 0.001498351339250803 0.001423433772288263 0.001352262101136148 0.001284649013541639 0.001220416510477662 0.001159395673312247 0.001101425848901272 0.001046354533173144 0.0009940367890521884 0.0009443349554203451 0.0008971181814558804 0.0008522622520104051 0.0008096491219475865 0.0007691666833125055 0.0007307083578780293 0.0006941729225218296 0.0006594642763957381 0.0006264910334721208 0.0005951664643362164 0.0005654081469401717 0.000537137733772397 0.000510280835442245 0.0004847667878493667 0.0004605284484568983 0.0004375020216684788 0.0004156269133090973 0.0003948455560021102 0.0003751032636500895 0.0003563481150195003 0.0003385307209100574 0.0003216041950508952 0.0003055239794775844 0.0002902477863244712 0.0002757353940978646 0.0002619486185722053 0.0002488511963747442 0.00023640863946639 0.000224588206037879 0.0002133587986463681 0.0002026908623520285 0.0001925563265103847 0.0001829285174608231 0.0001737820857670158 0.0001650929771130905 0.0001568383304402232 0.0001489964197389781 0.0001415465958416462 0.00013446927187033 0.000127745806821622 0.0001213585201185197 0.0001152905970229767 0.00010952606680803 0.0001040497663780116 9.884727478493005e-05 9.390491322847083e-05 8.920966502046213e-05 8.474918286083266e-05 8.051172335399315e-05 7.648613973287866e-05 7.266183092724532e-05 6.902874156367034e-05 6.557730375789106e-05 6.229843711480498e-05 5.91835159866605e-05 5.622434036922641e-05 5.341312498785555e-05 5.07424701936543e-05 4.820534741156735e-05 4.579508095048368e-05 4.350532617536373e-05 4.133005859330297e-05 3.926355566363782e-05 3.730037860805169e-05 3.543536149663851e-05 3.36635930580087e-05 3.198041304131038e-05 3.038139220734593e-05 2.886232323362492e-05 2.741920616244897e-05 2.604824658192229e-05 2.474583379807882e-05 2.35085426538717e-05 2.233311533927917e-05 2.121645957231522e-05 2.015563586610369e-05 1.914785389089957e-05 1.819046156015247e-05 1.728093775454909e-05 1.641689050302375e-05 1.559604606882203e-05 1.481624349253252e-05 1.407543095410801e-05 1.337165940640261e-05 1.270307620870881e-05 1.206792239827337e-05 1.146452632383443e-05 1.089130000764271e-05 1.034673459798796e-05 9.829397640714888e-06 9.337927622254938e-06 8.871031241142191e-06 8.427479770034552e-06 8.006105417734943e-06 7.605799964949256e-06 7.225509762065485e-06 6.864234364911681e-06 6.521022442029789e-06 6.1949713199283e-06 5.88522289035609e-06 5.590961791313021e-06 5.311413588060532e-06 5.04584295413224e-06 4.793550942849834e-06 4.553873623081017e-06 4.326179805502761e-06 4.109871042601299e-06 3.904377535945969e-06 3.709158590936568e-06 3.523700570440269e-06 3.347515530549572e-06 3.180139856340247e-06 3.021132897629286e-06 2.870076286853873e-06 2.726572574829333e-06 2.59024386650708e-06 2.46073159360094e-06 2.337694922971423e-06 2.220810074504698e-06 2.109769638991565e-06 2.004281213885406e-06 1.904067175928503e-06 1.808863771657343e-06 1.718420548968425e-06 1.632499561310397e-06 1.550874571876193e-06 1.473330826229358e-06 1.39966425649618e-06 1.329681026618346e-06 1.263196963918745e-06 1.200037104354124e-06 1.140035237767734e-06 1.083033453141979e-06 1.028881797537906e-06 9.774377076610108e-07 3.833351729554124e-05 0.0003556887386366725 0.0009456986445002258 0.001798781799152493 0.002882115077227354 0.004175703041255474 0.00565621443092823 0.007303276099264622 0.009099660441279411 0.01103869453072548 0.01312386244535446 0.01534353382885456 0.01767845265567303 0.02013138309121132 0.02269422449171543 0.02535950392484665 0.02811643294990063 0.03093410283327103 0.03381434828042984 0.03676066175103188 0.03974943980574608 0.04277299344539642
 0 0 0 0 0 0 0 0 0 0 0 0 0 0 0 0 0 0 0 0 0 0 0 0 0 0 0 0 0 0 0 0 0 0 0 0 0 0 0 0 0 0 0 0 0 0 0 0 0 0 0 0 0 0 0 0 0 0 0 0 0 0 0 0 0 0 0 0 0 0 0 0 0 0 0 0 0 0 0 0 0 0 0 0 0 0 0 0 0 0 0 0 0 0 0 0 0 0 0 0 0 0 0 0 0 0 0 0 0 0 0 0 0 0 0 0 0 0 0 0 0 0 0 0 0 0 0 0 0 0 0 0 0 0 0 0 0 0 0 0 0 0 0 0 0 0 0 0 0 0 0 0 0 0 0 0 0 0 0 0 0 0 0 0 0 0 0 0 0 0 0 0 0 0 0 0 0 0 0 0 0 0 0 0 0 0 0 0 0 0 0 0 0 0 0 0 0 0 0 0 0 0 0 0 0 0 0 0 0 0 0 0 0 0 0 0 0 0 0 0 0 0 0 0 0 0 0 0 0 0 0 0 0 0 0 0 0 0 0 0 0 0 0 0 0 0 0 0 0 0 0 0 0 0 0 0 0 0 0 0 0 0 0 0 0 0 0 0 0 0 0 0 0 0 0 0 0 0 0 0 0 0 0 0 0 0 0 0 0 0 0 0 0 0 0 0 0 0 0 0 0 0 0 0 0 0 0 0 0 0 0 0 0 0 0 0 0 0 0 0 0 0 0 0 0 0 0 0 0 0 0 0 0 0 0 0 0 0 0 0 0 0 0 0 0 0 0 0 0 0 0 0 0 0 0 0 0 0 0 0 0 0 0 0 0 0 0 0 0 0 0 0 0 0 0 0 0 0 0 0 0 0 0 0 0 0 0 0 0 0 0 0 0 0 0 0 0 0 0 0 0 0 0 0 0 0 0 0 0 0 0 0 0 0 0 0 0 0 0 0 0 0 0 0 0 0 0 0 0 0 0 0 0 0 0 0 0 0 0 0 0 0 0 0 0 0 0 0 0 0 0 0 0 0 0 0 0 0 0 0 0 0 0 0 0 0 0 0 0 0 0 0 0 0 0 0 0 0 0 0 0 0 0 0 0 0 0 0 0 0 0 0 0 0 0 0 0 0 0 0 0 0 0 0 0 0 0 0 0 0 0 0 0 0 0 0 0 0 0 0 0 0 0 0 0 0 0 0 0 0 0 0 0 0 0 0 0 0 0 0 0 0 0 0 0 0 0 0 0 0 0 0 0 0 0 0 0 0 0 0 0 0 0 0 0 0 0 0 0 0 0 0 0 0 0 0 0 0 0 0 0 0 0 0 0 0 0 0 0 0 0 0 0 0 0 0 0 0 0 0
 0 0 0 0 0 0 0 0 0 0 0 0 0 0 0 0 0 0 0 0 0 0 0 0 0 0 0 0 0 0 0 0 0 0 0 0 0 0 0 0 0 0 0 0 0 0 0 0 0 0 0 0 0 0 0 0 0 0 0 0 0 0 0 0 0 0 0 0 0 0 0 0 0 0 0 0 0 0 0 0 0 0 0 0 0 0 0 0 0 0 0 0 0 0 0 0 0 0 0 0 0 0 0 0 0 0 0 0 0 0 0 0 0 0 0 0 0 0 0 0 0 0 0 0 0 0 0 0 0 0 0 0 0 0 0 0 0 0 0 0 0 0 0 0 0 0 0 0 0 0 0 0 0 0 0 0 0 0 0 0 0 0 0 0 0 0 0 0 0 0 0 0 0 0 0 0 0 0 0 0 0 0 0 0 0 0 0 0 0 0 0 0 0 0 0 0 0 0 0 0 0 0 0 0 0 0 0 0 0 0 0 0 0 0 0 0 0 0 0 0 0 0 0 0 0 0 0 0 0 0 0 0 0 0 0 0 0 0 0 0 0 0 0 0 0 0 0 0 0 0 0 0 0 0 0 0 0 0 0 0 0 0 0 0 0 0 0 0 0 0 0 0 0 0 0 0 0 0 0 0 0 0 0 0 0 0 0 0 0 0 0 0 0 0 0 0 0 0 0 0 0 0 0 0 0 0 0 0 0 0 0 0 0 0 0 0 0 0 0 0 0 0 0 0 0 0 0 0 0 0 0 0 0 0 0 0 0 0 0 0 0 0 0 0 0 0 0 0 0 0 0 0 0 0 0 0 0 0 0 0 0 0 0 0 0 0 0 0 0 0 0 0 0 0 0 0 0 0 0 0 0 0 0 0 0 0 0 0 0 0 0 0 0 0 0 0 0 0 0 0 0 0 0 0 0 0 0 0 0 0 0 0 0 0 0 0 0 0 0 0 0 0 0 0 0 0 0 0 0 0 0 0 0 0 0 0 0 0 0 0 0 0 0 0 0 0 0 0 0 0 0 0 0 0 0 0 0 0 0 0 0 0 0 0 0 0 0 0 0 0 0 0 0 0 0 0 0 0 0 0 0 0 0 0 0 0 0 0 0 0 0 0 0 0 0 0 0 0 0 0 0 0 0 0 0 0 0 0 0 0 0 0 0 0 0 0 0 0 0 0 0 0 0 0 0 0 0 0 0 0 0 0 0 0 0 0 0 0 0 0 0 0 0 0 0 0 0 0 0 0 0 0 0 0 0 0 0 0 0 0 0 0 0 0 0 0 0 0 0 0 0 0 0 0 0 0 0 0 0 0 0 0 0 0 0 0 0 0 0 0 0 0 0 0 0 0 0 0 0 0
 0 0 0 0 0 0 0 0 0 0 0 0 0 0 0 0 0 0 0 0 0 0 0 0 0 0 0 0 0 0 0 0 0 0 0 0 0 0 0 0 0 0 0 0 0 0 0 0 0 0 0 0 0 0 0 0 0 0 0 0 0 0 0 0 0 0 0 0 0 0 0 0 0 0 0 0 0 0 0 0 0 0 0 0 0 0 0 0 0 0 0 0 0 0 0 0 0 0 0 0 0 0 0 0 0 0 0 0 0 0 0 0 0 0 0 0 0 0 0 0 0 0 0 0 0 0 0 0 0 0 0 0 0 0 0 0 0 0 0 0 0 0 0 0 0 0 0 0 0 0 0 0 0 0 0 0 0 0 0 0 0 0 0 0 0 0 0 0 0 0 0 0 0 0 0 0 0 0 0 0 0 0 0 0 0 0 0 0 0 0 0 0 0 0 0 0 0 0 0 0 0 0 0 0 0 0 0 0 0 0 0 0 0 0 0 0 0 0 0 0 0 0 0 0 0 0 0 0 0 0 0 0 0 0 0 0 0 0 0 0 0 0 0 0 0 0 0 0 0 0 0 0 0 0 0 0 0 0 0 0 0 0 0 0 0 0 0 0 0 0 0 0 0 0 0 0 0 0 0 0 0 0 0 0 0 0 0 0 0 0 0 0 0 0 0 0 0 0 0 0 0 0 0 0 0 0 0 0 0 0 0 0 0 0 0 0 0 0 0 0 0 0 0 0 0 0 0 0 0 0 0 0 0 0 0 0 0 0 0 0 0 0 0 0 0 0 0 0 0 0 0 0 0 0 0 0 0 0 0 0 0 0 0 0 0 0 0 0 0 0 0 0 0 0 0 0 0 0 0 0 0 0 0 0 0 0 0 0 0 0 0 0 0 0 0 0 0 0 0 0 0 0 0 0 0 0 0 0 0 0 0 0 0 0 0 0 0 0 0 0 0 0 0 0 0 0 0 0 0 0 0 0 0 0 0 0 0 0 0 0 0 0 0 0 0 0 0 0 0 0 0 0 0 0 0 0 0 0 0 0 0 0 0 0 0 0 0 0 0 0 0 0 0 0 0 0 0 0 0 0 0 0 0 0 0 0 0 0 0 0 0 0 0 0 0 0 0 0 0 0 0 0 0 0 0 0 0 0 0 0 0 0 0 0 0 0 0 0 0 0 0 0 0 0 0 0 0 0 0 0 0 0 0 0 0 0 0 0 0 0 0 0 0 0 0 0 0 0 0 0 0 0 0 0 0 0 0 0 0 0 0 0 0 0 0 0 0 0 0 0 0 0 0 0 0 0 0 0 0 0 0 0 0 0 0 0 0 0 0 0 0 0 0 0 0 0 0 0 0 0
 0 0 0 0 0 0 0 0 0 0 0 0 0 0 0 0 0 0 0 0 0 0 0 0 0 0 0 0 0 0 0 0 0 0 0 0 0 0 0 0 0 0 0 0 0 0 0 0 0 0 0 0 0 0 0 0 0 0 0 0 0 0 0 0 0 0 0 0 0 0 0 0 0 0 0 0 0 0 0 0 0 0 0 0 0 0 0 0 0 0 0 0 0 0 0 0 0 0 0 0 0 0 0 0 0 0 0 0 0 0 0 0 0 0 0 0 0 0 0 0 0 0 0 0 0 0 0 0 0 0 0 0 0 0 0 0 0 0 0 0 0 0 0 0 0 0 0 0 0 0 0 0 0 0 0 0 0 0 0 0 0 0 0 0 0 0 0 0 0 0 0 0 0 0 0 0 0 0 0 0 0 0 0 0 0 0 0 0 0 0 0 0 0 0 0 0 0 0 0 0 0 0 0 0 0 0 0 0 0 0 0 0 0 0 0 0 0 0 0 0 0 0 0 0 0 0 0 0 0 0 0 0 0 0 0 0 0 0 0 0 0 0 0 0 0 0 0 0 0 0 0 0 0 0 0 0 0 0 0 0 0 0 0 0 0 0 0 0 0 0 0 0 0 0 0 0 0 0 0 0 0 0 0 0 0 0 0 0 0 0 0 0 0 0 0 0 0 0 0 0 0 0 0.0001061124494299293 0.0006927704089321196 0.001778732053935528 0.003418601350858808 0.005643029231578112 0.008476462215185165 0.01199547201395035 0.01629261858761311 0.02133538201451302 0.02709650062024593 0.03355842456221581 0.04064254835247993 0.04826174303889275 0.05633469671010971 0.06488360464572906 0.07385538518428802 0.08304664492607117 0.09244417399168015 0.1020798683166504 0.1119185090065002 0.1219976097345352 0.1323464661836624 0.142968162894249 0.1538303345441818 0.1649782359600067 0.1764652878046036 0.1881833970546722 0.20006163418293 0.2120816707611084 0.2221839725971222 0.2287767231464386 0.2306387722492218 0.2269286513328552 0.2172094285488129 0.2063489556312561 0.1960315108299255 0.1862299293279648 0.1769184321165085 0.1680725067853928 0.1596688777208328 0.151685431599617 0.144101157784462 0.1368961036205292 0.1300512999296188 0.1235487312078476 0.1173712909221649 0.1115027293562889 0.1059275940060616 0.1006312146782875 0.09559965133666992 0.09081967175006866 0.08627869188785553 0.08196476101875305 0.07786652445793152 0.07397320121526718 0.07027453929185867 0.06676081568002701 0.06342277675867081 0.0602516382932663 0.05723905563354492 0.05437710136175156 0.05165824666619301 0.04907533526420593 0.04662156850099564 0.04429049044847488 0.04207596555352211 0.03997216746211052 0.0379735603928566 0.03607488423585892 0.03427113965153694 0.03255758434534073 0.03092970512807369 0.02938321977853775 0.02791405841708183 0.02651835605502129 0.02519243769347668 0.02393281646072865 0.02273617498576641 0.02159936539828777 0.02051939629018307 0.01949342712759972 0.01851875521242619 0.01759281754493713 0.01671317592263222 0.01587751694023609 0.01508364081382751 0.01432945858687162 0.01361298561096191 0.01293233595788479 0.01228571869432926 0.01167143322527409 0.01108786184340715 0.01053346879780293 0.01000679563730955 0.00950645562261343 0.00903113279491663 0.008579576388001442 0.008150598034262657 0.007743068039417267 0.007355914451181889 0.00698811886832118 0.006638712715357542 0.006306777242571115 0.005991438403725624 0.005691866390407085 0.005407272838056087 0.005136908963322639 0.004880063701421022 0.004636060446500778 0.004404257517307997 0.004184044431895018 0.003974842373281717 0.003776100231334567 0.003587295301258564 0.003407930489629507 0.00323753384873271 0.003075657179579139 0.002921874402090907 0.002775780623778701 0.002636991674080491 0.002505142008885741 0.002379884943366051 0.002260890789330006 0.002147846156731248 0.002040453953668475 0.001938431290909648 0.001841509714722633 0.00174943427555263 0.001661962596699595 0.001578864408656955 0.001499921199865639 0.001424925168976188 0.001353678875602782 0.00128599489107728 0.001221695099957287 0.001160610350780189 0.001102579873986542 0.00104745093267411 0.000995078356936574 0.0009453244274482131 0.000898058176971972 0.0008531552739441395 0.0008104974986054003 0.0007699726265855134 0.0007314740214496851 0.0006949003436602652 0.0006601553177461028 0.0006271475576795638 0.0005957901594229043 0.0005660006427206099 0.0005377006018534303 0.000510815589223057 0.0004852748243138194 0.0004610110772773623 0.0004379605234134942 0.0004160625103395432 0.0003952593833673745 0.0003754964272957295 0.0003567216044757515 0.0003388855257071555 0.0003219412465114146 0.0003058441798202693 0.000290551979560405 0.0002760243951343 0.0002622231841087341 0.0002491120249032974 0.0002366564294788986 0.0002248236123705283 0.0002135824324795976 0.0002029033057624474 0.0001927581470226869 0.0001831202389439568 0.0001739642320899293 0.000165266013937071 0.0001570027088746428 0.0001491525763412938 0.0001416949526173994 0.0001346102071693167 0.0001278796989936382 0.0001214857111335732 0.0001154114288510755 0.000109640859591309 0.0001041588184307329 9.895087714539841e-05 9.400333510711789e-05 8.9303168351762e-05 8.483800775138661e-05 8.059610991040245e-05 7.656630623387173e-05 7.273798837559298e-05 6.910108641022816e-05 6.564603245351464e-05 6.236373155843467e-05 5.924554352532141e-05 5.628326471196488e-05 5.346910256776027e-05 5.079564652987756e-05 4.825586438528262e-05 4.584306952892803e-05 4.355091732577421e-05 4.13733723689802e-05 3.930470484192483e-05 3.733946869033389e-05 3.547249434632249e-05 3.369887053850107e-05 3.201392610208131e-05 3.041322997887619e-05 2.889256938942708e-05 2.744794073805679e-05 2.60755441559013e-05 2.477176713000517e-05 2.353317904635333e-05 2.23565202759346e-05 2.123869489878416e-05 2.017675979004707e-05 1.916792098199949e-05 1.820952456910163e-05 1.729904761305079e-05 1.643409450480249e-05 1.561238968861289e-05 1.483177038608119e-05 1.409018204867607e-05 1.338567290076753e-05 1.271638939215336e-05 1.208056983159622e-05 1.147654165833956e-05 1.090271416614996e-05 1.03575785033172e-05 9.839699487201869e-06 9.347714694740716e-06 8.880329005478416e-06 8.43631278257817e-06 8.014497325348202e-06 7.613772595504997e-06 7.23308403394185e-06 6.871429832244758e-06 6.527858204208314e-06 6.201465112098958e-06 5.891391992918216e-06 5.596822575171245e-06 5.316981514624786e-06 5.051132575317752e-06 4.798575901077129e-06 4.558647106023272e-06 4.330714546085801e-06 4.114178864256246e-06 3.908469807356596e-06 3.713046226039296e-06 3.527393801050493e-06 3.351024133735336e-06 3.18347292704857e-06 3.024299303433509e-06 2.873084440579987e-06 2.729430207182304e-06 2.592958708191873e-06 2.463310693201493e-06 2.340145101697999e-06 2.223137926193886e-06 2.111981075358926e-06 2.006381919272826e-06 1.906062834677869e-06 1.810759727050026e-06 1.720221689538448e-06 1.634210548218107e-06 1.552500066281937e-06 1.47487503454613e-06 1.40113127145014e-06 1.331074713561975e-06 1.264520960830851e-06 0.0003240693476982415 0.001019153045490384 0.002072091680020094 0.003452974837273359 0.005110513418912888 0.007009212858974934 0.009143968112766743 0.01150890998542309 0.01410213299095631 0.01691407337784767 0.01994469203054905 0.02317741140723228 0.02656910941004753 0.03010021336376667 0.03374434262514114 0.03746653720736504 0.04127855598926544 0.04516307637095451 0.04909172654151917 0.05306955799460411 0.05708866193890572 0.06114701181650162 0.06524486094713211 0.06938190013170242 0.07355251163244247 0.07775060832500458 0.08197131007909775 0.08622197061777115 0.09049712121486664
 0 0 0 0 0 0 0 0 0 0 0 0 0 0 0 0 0 0 0 0 0 0 0 0 0 0 0 0 0 0 0 0 0 0 0 0 0 0 0 0 0 0 0 0 0 0 0 0 0 0 0 0 0 0 0 0 0 0 0 0 0 0 0 0 0 0 0 0 0 0 0 0 0 0 0 0 0 0 0 0 0 0 0 0 0 0 0 0 0 0 0 0 0 0 0 0 0 0 0 0 0 0 0 0 0 0 0 0 0 0 0 0 0 0 0 0 0 0 0 0 0 0 0 0 0 0 0 0 0 0 0 0 0 0 0 0 0 0 0 0 0 0 0 0 0 0 0 0 0 0 0 0 0 0 0 0 0 0 0 0 0 0 0 0 0 0 0 0 0 0 0 0 0 0 0 0 0 0 0 0 0 0 0 0 0 0 0 0 0 0 0 0 0 0 0 0 0 0 0 0 0 0 0 0 0 0 0 0 0 0 0 0 0 0 0 0 0 0 0 0 0 0 0 0 0 0 0 0 0 0 0 0 0 0 0 0 0 0 0 0 0 0 0 0 0 0 0 0 0 0 0 0 0 0 0 0 0 0 0 0 0 0 0 0 0 0 0 0 0 0 0 0 0 0 0 0 0 0 0 0 0 0 0 0 0 0 0 0 0 0 0 0 0 0 0 0 0 0 0 0 0 0 0 0 0 0 0 0 0 0 0 0 0 0 0 0 0 0 0 0 0 0 0 0 0 0 0 0 0 0 0 0 0 0 0 0 0 0 0 0 0 0 0 0 0 0 0 0 0 0 0 0 0 0 0 0 0 0 0 0 0 0 0 0 0 0 0 0 0 0 0 0 0 0 0 0 0 0 0 0 0 0 0 0 0 0 0 0 0 0 0 0 0 0 0 0 0 0 0 0 0 0 0 0 0 0 0 0 0 0 0 0 0 0 0 0 0 0 0 0 0 0 0 0 0 0 0 0 0 0 0 0 0 0 0 0 0 0 0 0 0 0 0 0 0 0 0 0 0 0 0 0 0 0 0 0 0 0 0 0 0 0 0 0 0 0 0 0 0 0 0 0 0 0 0 0 0 0 0 0 0 0 0 0 0 0 0 0 0 0 0 0 0 0 0 0 0 0 0 0 0 0 0 0 0 0 0 0 0 0 0 0 0 0 0 0 0 0 0 0 0 0 0 0 0 0 0 0 0 0 0 0 0 0 0 0 0 0 0 0 0 0 0 0 0 0 0 0 0 0 0 0 0 0 0 0 0 0 0 0 0 0 0 0 0 0 0 0 0 0 0 0 0 0 0 0 0 0 0 0 0 0 0 0 0 0 0 0 0 0 0 0 0 0 0 0 0 0 0 0
 0 0 0 0 0 0 0 0 0 0 0 0 0 0 0 0 0 0 0 0 0 0 0 0 0 0 0 0 0 0 0 0 0 0 0 0 0 0 0 0 0 0 0 0 0 0 0 0 0 0 0 0 0 0 0 0 0 0 0 0 0 0 0 0 0 0 0 0 0 0 0 0 0 0 0 0 0 0 0 0 0 0 0 0 0 0 0 0 0 0 0 0 0 0 0 0 0 0 0 0 0 0 0 0 0 0 0 0 0 0 0 0 0 0 0 0 0 0 0 0 0 0 0 0 0 0 0 0 0 0 0 0 0 0 0 0 0 0 0 0 0 0 0 0 0 0 0 0 0 0 0 0 0 0 0 0 0 0 0 0 0 0 0 0 0 0 0 0 0 0 0 0 0 0 0 0 0 0 0 0 0 0 0 0 0 0 0 0 0 0 0 0 0 0 0 0 0 0 0 0 0 0 0 0 0 0 0 0 0 0 0 0 0 0 0 0 0 0 0 0 0 0 0 0 0 0 0 0 0 0 0 0 0 0 0 0 0 0 0 0 0 0 0 0 0 0 0 0 0 0 0 0 0 0 0 0 0 0 0 0 0 0 0 0 0 0 0 0 0 0 0 0 0 0 0 0 0 0 0 0 0 0 0 0 0 0 0 0 0 0 0 0 0 0 0 0 0 0 0 0 0 0 0 0 0 0 0 0 0 0 0 0 0 0 0 0 0 0 0 0 0 0 0 0 0 0 0 0 0 0 0 0 0 0 0 0 0 0 0 0 0 0 0 0 0 0 0 0 0 0 0 0 0 0 0 0 0 0 0 0 0 0 0 0 0 0 0 0 0 0 0 0 0 0 0 0 0 0 0 0 0 0 0 0 0 0 0 0 0 0 0 0 0 0 0 0 0 0 0 0 0 0 0 0 0 0 0 0 0 0 0 0 0 0 0 0 0 0 0 0 0 0 0 0 0 0 0 0 0 0 0 0 0 0 0 0 0 0 0 0 0 0 0 0 0 0 0 0 0 0 0 0 0 0 0 0 0 0 0 0 0 0 0 0 0 0 0 0 0 0 0 0 0 0 0 0 0 0 0 0 0 0 0 0 0 0 0 0 0 0 0 0 0 0 0 0 0 0 0 0 0 0 0 0 0 0 0 0 0 0 0 0 0 0 0 0 0 0 0 0 0 0 0 0 0 0 0 0 0 0 0 0 0 0 0 0 0 0 0 0 0 0 0 0 0 0 0 0 0 0 0 0 0 0 0 0 0 0 0 0 0 0 0 0 0 0 0 0 0 0 0 0 0 0 0 0 0 0 0 0 0 0 0 0 0 0 0 0 0 0 0 0 0 0 0 0 0 0 0 0
 0 0 0 0 0 0 0 0 0 0 0 0 0 0 0 0 0 0 0 0 0 0 0 0 0 0 0 0 0 0 0 0 0 0 0 0 0 0 0 0 0 0 0 0 0 0 0 0 0 0 0 0 0 0 0 0 0 0 0 0 0 0 0 0 0 0 0 0 0 0 0 0 0 0 0 0 0 0 0 0 0 0 0 0 0 0 0 0 0 0 0 0 0 0 0 0 0 0 0 0 0 0 0 0 0 0 0 0 0 0 0 0 0 0 0 0 0 0 0 0 0 0 0 0 0 0 0 0 0 0 0 0 0 0 0 0 0 0 0 0 0 0 0 0 0 0 0 0 0 0 0 0 0 0 0 0 0 0 0 0 0 0 0 0 0 0 0 0 0 0 0 0 0 0 0 0 0 0 0 0 0 0 0 0 0 0 0 0 0 0 0 0 0 0 0 0 0 0 0 0 0 0 0 0 0 0 0 0 0 0 0 0 0 0 0 0 0 0 0 0 0 0 0 0 0 0 0 0 0 0 0 0 0 0 0 0 0 0 0 0 0 0 0 0 0 0 0 0 0 0 0 0 0 0 0 0 0 0 0 0 0 0 0 0 0 0 0 0 0 0 0 0 0 0 0 0 0 0 0 0 0 0 0 0 0 0 0 0 0 0 0 0 0 0 0 0 0 0 0 0 0 0 0 0 0 0 0 0 0 0 0 0 0 0 0 0 0 0 0 0 0 0 0 0 0 0 0 0 0 0 0 0 0 0 0 0 0 0 0 0 0 0 0 0 0 0 0 0 0 0 0 0 0 0 0 0 0 0 0 0 0 0 0 0 0 0 0 0 0 0 0 0 0 0 0 0 0 0 0 0 0 0 0 0 0 0 0 0 0 0 0 0 0 0 0 0 0 0 0 0 0 0 0 0 0 0 0 0 0 0 0 0 0 0 0 0 0 0 0 0 0 0 0 0 0 0 0 0 0 0 0 0 0 0 0 0 0 0 0 0 0 0 0 0 0 0 0 0 0 0 0 0 0 0 0 0 0 0 0 0 0 0 0 0 0 0 0 0 0 0 0 0 0 0 0 0 0 0 0 0 0 0 0 0 0 0 0 0 0 0 0 0 0 0 0 0 0 0 0 0 0 0 0 0 0 0 0 0 0 0 0 0 0 0 0 0 0 0 0 0 0 0 0 0 0 0 0 0 0 0 0 0 0 0 0 0 0 0 0 0 0 0 0 0 0 0 0 0 0 0 0 0 0 0 0 0 0 0 0 0 0 0 0 0 0 0 0 0 0 0 0 0 0 0 0 0 0 0 0 0 0 0 0 0 0 0 0 0 0 0 0 0 0 0 0 0 0 0 0 0
 0 0 0 0 0 0 0 0 0 0 0 0 0 0 0 0 0 0 0 0 0 0 0 0 0 0 0 0 0 0 0 0 0 0 0 0 0 0 0 0 0 0 0 0 0 0 0 0 0 0 0 0 0 0 0 0 0 0 0 0 0 0 0 0 0 0 0 0 0 0 0 0 0 0 0 0 0 0 0 0 0 0 0 0 0 0 0 0 0 0 0 0 0 0 0 0 0 0 0 0 0 0 0 0 0 0 0 0 0 0 0 0 0 0 0 0 0 0 0 0 0 0 0 0 0 0 0 0 0 0 0 0 0 0 0 0 0 0 0 0 0 0 0 0 0 0 0 0 0 0 0 0 0 0 0 0 0 0 0 0 0 0 0 0 0 0 0 0 0 0 0 0 0 0 0 0 0 0 0 0 0 0 0 0 0 0 0 0 0 0 0 0 0 0 0 0 0 0 0 0 0 0 0 0 0 0 0 0 0 0 0 0 0 0 0 0 0 0 0 0 0 0 0 0 0 0 0 0 0 0 0 0 0 0 0 0 0 0 0 0 0 0 0 0 0 0 0 0 0 0 0 0 0 0 0 0 0 0 0 0 0 0 0 0 0 0 0 0 0 0 0 0 0 0 0 0 0 0 0 0 0 0 0 0 0 0 0 0 0 0 0 0 0 0 0 0 0 0 0 0 0 0 0.0003832367656286806 0.001249478431418538 0.002615395002067089 0.004517675377428532 0.007023830898106098 0.01017738319933414 0.0139941368252039 0.01844990067183971 0.0235822070389986 0.02938841283321381 0.03589558228850365 0.04301785677671432 0.05064352601766586 0.05873054265975952 0.06725966185331345 0.07614043354988098 0.08525346219539642 0.09460204839706421 0.1041673943400383 0.1139128729701042 0.1238390132784843 0.1339693814516068 0.1443368047475815 0.1549569219350815 0.1658484041690826 0.1770736426115036 0.1886837035417557 0.2004955857992172 0.2123200297355652 0.2219295054674149 0.2278206348419189 0.2289719581604004 0.2246344685554504 0.2142657339572906 0.2035524547100067 0.193374827504158 0.1837060898542404 0.1745207905769348 0.1657947450876236 0.1575050055980682 0.1496297568082809 0.1421482712030411 0.1350408643484116 0.1282888203859329 0.1218743771314621 0.1157806590199471 0.1099916249513626 0.1044920459389687 0.09926744550466537 0.09430406987667084 0.08958886563777924 0.08510942012071609 0.08085394650697708 0.07681124657392502 0.0729706808924675 0.06932214647531509 0.06585603952407837 0.06256324052810669 0.05943507701158524 0.056463323533535 0.05364015698432922 0.05095814913511276 0.04841024056077003 0.04598972946405411 0.04369024187326431 0.04150573164224625 0.03943044692277908 0.03745892643928528 0.03558598086237907 0.03380668163299561 0.03211634606122971 0.03051052801311016 0.02898500114679337 0.02753575146198273 0.02615896426141262 0.02485101670026779 0.02360846661031246 0.02242804318666458 0.02130664139986038 0.02024130895733833 0.01922924444079399 0.01826778240501881 0.01735439337790012 0.01648667454719543 0.01566234044730663 0.01487922295928001 0.01413526199758053 0.01342849899083376 0.0127570740878582 0.0121192205697298 0.01151325926184654 0.01093759667128325 0.01039071660488844 0.009871181100606918 0.009377622045576572 0.008908741176128387 0.008463304489850998 0.008040139451622963 0.00763813266530633 0.007256226148456335 0.006893415004014969 0.006548744160681963 0.006221306975930929 0.005910241510719061 0.005614729598164558 0.00533399311825633 0.005067293532192707 0.004813929088413715 0.004573232494294643 0.00434457091614604 0.004127342253923416 0.003920975141227245 0.003724926384165883 0.003538680030032992 0.003361745970323682 0.003193658776581287 0.003033975837752223 0.002882277127355337 0.002738163340836763 0.00260125519707799 0.002471192507073283 0.002347632776945829 0.002230251207947731 0.002118738600984216 0.00201280158944428 0.001912161475047469 0.001816553412936628 0.001725725713185966 0.001639439375139773 0.001557467388920486 0.00147959403693676 0.001405614311806858 0.001335333567112684 0.001268566935323179 0.001205138629302382 0.001144881709478796 0.00108763761818409 0.001033255713991821 0.0009815929224714637 0.0009325132705271244 0.000885887595359236 0.0008415931952185929 0.0007995135383680463 0.0007595378556288779 0.000721560965757817 0.0006854829262010753 0.0006512088002637029 0.0006186483660712838 0.0005877159419469535 0.000558330153580755 0.0005304136429913342 0.0005038929521106184 0.0004786982899531722 0.0004547633870970458 0.0004320252046454698 0.0004104239342268556 0.0003899027360603213 0.0003704075934365392 0.0003518872254062444 0.0003342928539495915 0.0003175782039761543 0.0003016992995981127 0.0002866143477149308 0.0002722836215980351 0.0002586694317869842 0.0002457359514664859 0.0002334491582587361 0.0002217767032561824 0.0002106878673657775 0.0002001534739974886 0.0001901458017528057 0.0001806385116651654 0.0001716065889922902 0.0001630262559046969 0.0001548749423818663 0.0001471311989007518 0.0001397746382281184 0.0001327859063167125 0.0001261466095456854 0.0001198392783408053 0.0001138473162427545 0.0001081549489754252 0.0001027472026180476 9.760984539752826e-05 9.272935130866244e-05 8.809288556221873e-05 8.368823910132051e-05 7.9503828601446e-05 7.552863826276734e-05 7.175220525823534e-05 6.816459790570661e-05 6.475636473624036e-05 6.15185490460135e-05 5.844262341270223e-05 5.552049333346076e-05 5.27444681210909e-05 5.010724635212682e-05 4.760188312502578e-05 4.522179006016813e-05 4.296069892006926e-05 4.081266524735838e-05 3.877203198499046e-05 3.683342947624624e-05 3.499175727483816e-05 3.32421695929952e-05 3.158006074954756e-05 3.000105789396912e-05 2.850100463547278e-05 2.707595376705285e-05 2.572215635154862e-05 2.443604898871854e-05 2.321424653928261e-05 2.205353484896477e-05 2.095085801556706e-05 1.990331475099083e-05 1.89081492862897e-05 1.796274227672257e-05 1.706460534478538e-05 1.621137562324293e-05 1.540080666018184e-05 1.463076660002116e-05 1.389922817907063e-05 1.320426690654131e-05 1.254405378858792e-05 1.191685078083538e-05 1.132100805989467e-05 1.075495765689993e-05 1.021720981952967e-05 9.706349374027923e-06 9.221032087225467e-06 8.759980119066313e-06 8.321981113112997e-06 7.905881830083672e-06 7.510587693104753e-06 7.135058240237413e-06 6.778305305488175e-06 6.439389835577458e-06 6.117420525697526e-06 5.811549272038974e-06 5.520971626538085e-06 5.244923158898018e-06 4.982677182852058e-06 4.733543391921557e-06 4.496866040426539e-06 4.272022579243639e-06 4.058421382069355e-06 3.85550038117799e-06 3.662725248432253e-06 3.479588940535905e-06 3.305609425297007e-06 3.140328999506892e-06 2.983312469950761e-06 2.834146926034009e-06 2.692439466045471e-06 2.557817424531095e-06 2.42992655330454e-06 2.308430339326151e-06 2.193008867834578e-06 2.08335836759943e-06 1.979190528800245e-06 1.880231025097601e-06 1.786219513633114e-06 1.696908498161065e-06 1.612063101674721e-06 1.531459929537959e-06 1.454886955798429e-06 1.382142613692849e-06 0.0002273840364068747 0.0008386770496144891 0.001821741694584489 0.003134603844955564 0.004754911176860332 0.006668600719422102 0.008822938427329063 0.01122188474982977 0.01385652273893356 0.01672765798866749 0.01983698643743992 0.02316310629248619 0.02664355933666229 0.03027189895510674 0.03403264656662941 0.03789990022778511 0.04185749962925911 0.04587779566645622 0.04995588213205338 0.05410084128379822 0.05831480398774147 0.06260095536708832 0.06694753468036652 0.07132597267627716 0.07574163377285004 0.08020341396331787 0.08471903949975967 0.0892752930521965 0.09385985881090164 0.09847187995910645 0.1031176075339317
 0 0 0 0 0 0 0 0 0 0 0 0 0 0 0 0 0 0 0 0 0 0 0 0 0 0 0 0 0 0 0 0 0 0 0 0 0 0 0 0 0 0 0 0 0 0 0 0 0 0 0 0 0 0 0 0 0 0 0 0 0 0 0 0 0 0 0 0 0 0 0 0 0 0 0 0 0 0 0 0 0 0 0 0 0 0 0 0 0 0 0 0 0 0 0 0 0 0 0 0 0 0 0 0 0 0 0 0 0 0 0 0 0 0 0 0 0 0 0 0 0 0 0 0 0 0 0 0 0 0 0 0 0 0 0 0 0 0 0 0 0 0 0 0 0 0 0 0 0 0 0 0 0 0 0 0 0 0 0 0 0 0 0 0 0 0 0 0 0 0 0 0 0 0 0 0 0 0 0 0 0 0 0 0 0 0 0 0 0 0 0 0 0 0 0 0 0 0 0 0 0 0 0 0 0 0 0 0 0 0 0 0 0 0 0 0 0 0 0 0 0 0 0 0 0 0 0 0 0 0 0 0 0 0 0 0 0 0 0 0 0 0 0 0 0 0 0 0 0 0 0 0 0 0 0 0 0 0 0 0 0 0 0 0 0 0 0 0 0 0 0 0 0 0 0 0 0 0 0 0 0 0 0 0 0 0 0 0 0 0 0 0 0 0 0 0 0 0 0 0 0 0 0 0 0 0 0 0 0 0 0 0 0 0 0 0 0 0 0 0 0 0 0 0 0 0 0 0 0 0 0 0 0 0 0 0 0 0 0 0 0 0 0 0 0 0 0 0 0 0 0 0 0 0 0 0 0 0 0 0 0 0 0 0 0 0 0 0 0 0 0 0 0 0 0 0 0 0 0 0 0 0 0 0 0 0 0 0 0 0 0 0 0 0 0 0 0 0 0 0 0 0 0 0 0 0 0 0 0 0 0 0 0 0 0 0 0 0 0 0 0 0 0 0 0 0 0 0 0 0 0 0 0 0 0 0 0 0 0 0 0 0 0 0 0 0 0 0 0 0 0 0 0 0 0 0 0 0 0 0 0 0 0 0 0 0 0 0 0 0 0 0 0 0 0 0 0 0 0 0 0 0 0 0 0 0 0 0 0 0 0 0 0 0 0 0 0 0 0 0 0 0 0 0 0 0 0 0 0 0 0 0 0 0 0 0 0 0 0 0 0 0 0 0 0 0 0 0 0 0 0 0 0 0 0 0 0 0 0 0 0 0 0 0 0 0 0 0 0 0 0 0 0 0 0 0 0 0 0 0 0 0 0 0 0 0 0 0 0 0 0 0 0 0 0 0 0 0 0 0 0 0 0 0 0 0 0 0 0 0 0 0 0 0 0 0 0 0 0 0
 0 0 0 0 0 0 0 0 0 0 0 0 0 0 0 0 0 0 0 0 0 0 0 0 0 0 0 0 0 0 0 0 0 0 0 0 0 0 0 0 0 0 0 0 0 0 0 0 0 0 0 0 0 0 0 0 0 0 0 0 0 0 0 0 0 0 0 0 0 0 0 0 0 0 0 0 0 0 0 0 0 0 0 0 0 0 0 0 0 0 0 0 0 0 0 0 0 0 0 0 0 0 0 0 0 0 0 0 0 0 0 0 0 0 0 0 0 0 0 0 0 0 0 0 0 0 0 0 0 0 0 0 0 0 0 0 0 0 0 0 0 0 0 0 0 0 0 0 0 0 0 0 0 0 0 0 0 0 0 0 0 0 0 0 0 0 0 0 0 0 0 0 0 0 0 0 0 0 0 0 0 0 0 0 0 0 0 0 0 0 0 0 0 0 0 0 0 0 0 0 0 0 0 0 0 0 0 0 0 0 0 0 0 0 0 0 0 0 0 0 0 0 0 0 0 0 0 0 0 0 0 0 0 0 0 0 0 0 0 0 0 0 0 0 0 0 0 0 0 0 0 0 0 0 0 0 0 0 0 0 0 0 0 0 0 0 0 0 0 0 0 0 0 0 0 0 0 0 0 0 0 0 0 0 0 0 0 0 0 0 0 0 0 0 0 0 0 0 0 0 0 0 0 0 0 0 0 0 0 0 0 0 0 0 0 0 0 0 0 0 0 0 0 0 0 0 0 0 0 0 0 0 0 0 0 0 0 0 0 0 0 0 0 0 0 0 0 0 0 0 0 0 0 0 0 0 0 0 0 0 0 0 0 0 0 0 0 0 0 0 0 0 0 0 0 0 0 0 0 0 0 0 0 0 0 0 0 0 0 0 0 0 0 0 0 0 0 0 0 0 0 0 0 0 0 0 0 0 0 0 0 0 0 0 0 0 0 0 0 0 0 0 0 0 0 0 0 0 0 0 0 0 0 0 0 0 0 0 0 0 0 0 0 0 0 0 0 0 0 0 0 0 0 0 0 0 0 0 0 0 0 0 0 0 0 0 0 0 0 0 0 0 0 0 0 0 0 0 0 0 0 0 0 0 0 0 0 0 0 0 0 0 0 0 0 0 0 0 0 0 0 0 0 0 0 0 0 0 0 0 0 0 0 0 0 0 0 0 0 0 0 0 0 0 0 0 0 0 0 0 0 0 0 0 0 0 0 0 0 0 0 0 0 0 0 0 0 0 0 0 0 0 0 0 0 0 0 0 0 0 0 0 0 0 0 0 0 0 0 0 0 0 0 0 0 0 0 0 0 0 0 0 0 0 0 0 0 0 0 0 0 0 0 0 0 0 0 0 0 0
 0 0 0 0 0 0 0 0 0 0 0 0 0 0 0 0 0 0 0 0 0 0 0 0 0 0 0 0 0 0 0 0 0 0 0 0 0 0 0 0 0 0 0 0 0 0 0 0 0 0 0 0 0 0 0 0 0 0 0 0 0 0 0 0 0 0 0 0 0 0 0 0 0 0 0 0 0 0 0 0 0 0 0 0 0 0 0 0 0 0 0 0 0 0 0 0 0 0 0 0 0 0 0 0 0 0 0 0 0 0 0 0 0 0 0 0 0 0 0 0 0 0 0 0 0 0 0 0 0 0 0 0 0 0 0 0 0 0 0 0 0 0 0 0 0 0 0 0 0 0 0 0 0 0 0 0 0 0 0 0 0 0 0 0 0 0 0 0 0 0 0 0 0 0 0 0 0 0 0 0 0 0 0 0 0 0 0 0 0 0 0 0 0 0 0 0 0 0 0 0 0 0 0 0 0 0 0 0 0 0 0 0 0 0 0 0 0 0 0 0 0 0 0 0 0 0 0 0 0 0 0 0 0 0 0 0 0 0 0 0 0 0 0 0 0 0 0 0 0 0 0 0 0 0 0 0 0 0 0 0 0 0 0 0 0 0 0 0 0 0 0 0 0 0 0 0 0 0 0 0 0 0 0 0 0 0 0 0 0 0 0 0 0 0 0 0 0 0 0 0 0 0 0 0 0 0 0 0 0 0 0 0 0 0 0 0 0 0 0 0 0 0 0 0 0 0 0 0 0 0 0 0 0 0 0 0 0 0 0 0 0 0 0 0 0 0 0 0 0 0 0 0 0 0 0 0 0 0 0 0 0 0 0 0 0 0 0 0 0 0 0 0 0 0 0 0 0 0 0 0 0 0 0 0 0 0 0 0 0 0 0 0 0 0 0 0 0 0 0 0 0 0 0 0 0 0 0 0 0 0 0 0 0 0 0 0 0 0 0 0 0 0 0 0 0 0 0 0 0 0 0 0 0 0 0 0 0 0 0 0 0 0 0 0 0 0 0 0 0 0 0 0 0 0 0 0 0 0 0 0 0 0 0 0 0 0 0 0 0 0 0 0 0 0 0 0 0 0 0 0 0 0 0 0 0 0 0 0 0 0 0 0 0 0 0 0 0 0 0 0 0 0 0 0 0 0 0 0 0 0 0 0 0 0 0 0 0 0 0 0 0 0 0 0 0 0 0 0 0 0 0 0 0 0 0 0 0 0 0 0 0 0 0 0 0 0 0 0 0 0 0 0 0 0 0 0 0 0 0 0 0 0 0 0 0 0 0 0 0 0 0 0 0 0 0 0 0 0 0 0 0 0 0 0 0 0 0 0 0 0 0 0 0 0 0 0 0 0 0 0
 0 0 0 0 0 0 0 0 0 0 0 0 0 0 0 0 0 0 0 0 0 0 0 0 0 0 0 0 0 0 0 0 0 0 0 0 0 0 0 0 0 0 0 0 0 0 0 0 0 0 0 0 0 0 0 0 0 0 0 0 0 0 0 0 0 0 0 0 0 0 0 0 0 0 0 0 0 0 0 0 0 0 0 0 0 0 0 0 0 0 0 0 0 0 0 0 0 0 0 0 0 0 0 0 0 0 0 0 0 0 0 0 0 0 0 0 0 0 0 0 0 0 0 0 0 0 0 0 0 0 0 0 0 0 0 0 0 0 0 0 0 0 0 0 0 0 0 0 0 0 0 0 0 0 0 0 0 0 0 0 0 0 0 0 0 0 0 0 0 0 0 0 0 0 0 0 0 0 0 0 0 0 0 0 0 0 0 0 0 0 0 0 0 0 0 0 0 0 0 0 0 0 0 0 0 0 0 0 0 0 0 0 0 0 0 0 0 0 0 0 0 0 0 0 0 0 0 0 0 0 0 0 0 0 0 0 0 0 0 0 0 0 0 0 0 0 0 0 0 0 0 0 0 0 0 0 0 0 0 0 0 0 0 0 0 0 0 0 0 0 0 0 0 0 0 0 0 0 0 0 0 0 0 0 0 0 0 0 0 0 0 0 0 0 0 0 0 0 0 0 0 0 0 0.0002559316926635802 0.0009818342514336109 0.002194104483351111 0.003918926231563091 0.006229788064956665 0.009179435670375824 0.01277822442352772 0.01704821363091469 0.0219978354871273 0.02763963863253593 0.03403005003929138 0.04113967716693878 0.04876863583922386 0.05685711279511452 0.06540607661008835 0.07436494529247284 0.08364304155111313 0.09316270798444748 0.1028798818588257 0.1127746775746346 0.1228204965591431 0.1330427378416061 0.1434911787509918 0.1541821658611298 0.1651503443717957 0.1764114648103714 0.1879517734050751 0.1997280865907669 0.2116547375917435 0.2215957790613174 0.2279201447963715 0.2295538336038589 0.2257449626922607 0.2159105390310287 0.2051150053739548 0.1948592513799667 0.1851162910461426 0.1758604794740677 0.1670674532651901 0.158714085817337 0.1507783830165863 0.1432394683361053 0.136077493429184 0.1292736232280731 0.1228099390864372 0.1166694387793541 0.1108359694480896 0.1052941679954529 0.1000294610857964 0.09502799063920975 0.09027659147977829 0.08576276153326035 0.08147462457418442 0.07740089297294617 0.07353084534406662 0.06985430419445038 0.06636159121990204 0.063043512403965 0.05989133566617966 0.05689676851034164 0.05405192822217941 0.05134933069348335 0.0487818643450737 0.04634277150034904 0.04402563348412514 0.0418243519961834 0.03973313421010971 0.03774647787213326 0.03585915267467499 0.03406619653105736 0.03236288577318192 0.03074474073946476 0.02920750342309475 0.02774712815880775 0.02635977230966091 0.02504178322851658 0.02378969453275204 0.02260020934045315 0.0214701984077692 0.02039668895304203 0.01937685534358025 0.01840801164507866 0.01748761162161827 0.01661323010921478 0.01578256860375404 0.01499344035983086 0.01424376852810383 0.01353158056735992 0.01285500172525644 0.01221225131303072 0.01160163898020983 0.01102155726402998 0.01047047972679138 0.009946955367922783 0.009449607692658901 0.008977127261459827 0.00852827075868845 0.008101857267320156 0.007696764543652534 0.00731192622333765 0.006946329958736897 0.006599013693630695 0.006269062869250774 0.005955609492957592 0.005657828878611326 0.005374937318265438 0.005106190219521523 0.004850880708545446 0.004608336836099625 0.004377920180559158 0.004159023985266685 0.003951072692871094 0.003753519151359797 0.003565843217074871 0.003387551056221128 0.003218173515051603 0.003057264722883701 0.002904401393607259 0.002759181428700686 0.002621222287416458 0.002490161219611764 0.002365653170272708 0.002247370546683669 0.002135002054274082 0.002028251998126507 0.001926839351654053 0.001830497407354414 0.001738972496241331 0.001652023871429265 0.001569422660395503 0.001490951515734196 0.001416403916664422 0.001345583703368902 0.001278304494917393 0.001214389223605394 0.001153669785708189 0.001095986342988908 0.001041186973452568 0.0009891276713460684 0.0009396712994202971 0.0008926877053454518 0.0008480533142574131 0.0008056506630964577 0.0007653681095689535 0.000727099715732038 0.00069074472412467 0.0006562074995599687 0.0006233971216715872 0.0005922272684983909 0.0005626159254461527 0.0005344851524569094 0.0005077609093859792 0.000482372852275148 0.0004582542169373482 0.0004353414988145232 0.0004135744238737971 0.0003928957157768309 0.0003732509212568402 0.0003545883810147643 0.0003368589677847922 0.0003200160281267017 0.0003040152369067073 0.000288814480882138 0.0002743737422861159 0.0002606550697237253 0.0002476223162375391 0.0002352411975152791 0.000223479131818749 0.0002123051817761734 0.0002016899234149605 0.000191605431609787 0.0001820251636672765 0.0001729239011183381 0.0001642777060624212 0.0001560638193041086 0.0001482606312492862 0.0001408475945936516 0.0001338052097707987 0.0001271149521926418 0.000120759206765797 0.0001147212460637093 0.0001089851866709068 0.0001035359309753403 9.835913078859448e-05 9.344117279397324e-05 8.876911306288093e-05 8.43306552269496e-05 8.011412137420848e-05 7.610841566929594e-05 7.230299524962902e-05 6.868784839753062e-05 6.525345816044137e-05 6.199078779900447e-05 5.889124804525636e-05 5.594668618869036e-05 5.314935333444737e-05 5.049188621342182e-05 4.796729263034649e-05 4.556892963591963e-05 4.329048169893213e-05 4.11259570682887e-05 3.906965866917744e-05 3.711617682711221e-05 3.526036744005978e-05 3.349734834046103e-05 3.182248110533692e-05 3.023135650437325e-05 2.871978904295247e-05 2.728379877225962e-05 2.591960947029293e-05 2.46236286329804e-05 2.339244747417979e-05 2.222282455477398e-05 2.111168396368157e-05 2.005609894695226e-05 1.905329372675624e-05 1.810062894946896e-05 1.719559804769233e-05 1.633581814530771e-05 1.55190264194971e-05 1.474307464377489e-05 1.400592100253562e-05 1.330562463408569e-05 1.264034381165402e-05 1.200832684844499e-05 1.140791027864907e-05 1.083751521946397e-05 1.029563918564236e-05 9.780856998986565e-06 9.291814421885647e-06 8.827223609841894e-06 8.385862201976124e-06 7.966568773554172e-06 7.568240107502788e-06 7.189828011178179e-06 6.830336587881902e-06 6.488819963124115e-06 6.164379101392115e-06 5.856159987160936e-06 5.563351805903949e-06 5.285184215608751e-06 5.020925073040416e-06 4.769878614752088e-06 4.531384547590278e-06 4.304815320210764e-06 4.089574758836534e-06 3.885095793521032e-06 3.69084091289551e-06 3.506298980937572e-06 3.330984100102796e-06 3.164434929203708e-06 3.006213091794052e-06 2.855902494047768e-06 2.71310727839591e-06 2.577451823526644e-06 2.448579152769526e-06 2.326150251974468e-06 2.209842705269693e-06 2.099350467688055e-06 1.994382955672336e-06 1.894663796520035e-06 1.799930601009692e-06 1.709934053906181e-06 1.62443734552653e-06 1.543215489618888e-06 1.466054754928336e-06 1.392751983075868e-06 9.347753803012893e-05 0.0005602790042757988 0.001408967655152082 0.002627327106893063 0.00417938269674778 0.006011558696627617 0.008090529590845108 0.01041042432188988 0.01297734677791595 0.01579200103878975 0.01883642561733723 0.02210078202188015 0.0255479346960783 0.02915993519127369 0.03290942683815956 0.03676731884479523 0.0406956858932972 0.04470020532608032 0.0487840361893177 0.0529269352555275 0.05712351202964783 0.06138158589601517 0.06568471342325211 0.07000185549259186 0.07434385269880295 0.0787290558218956 0.08316951990127563 0.08767464756965637 0.09225526452064514 0.09689342230558395
 0 0 0 0 0 0 0 0 0 0 0 0 0 0 0 0 0 0 0 0 0 0 0 0 0 0 0 0 0 0 0 0 0 0 0 0 0 0 0 0 0 0 0 0 0 0 0 0 0 0 0 0 0 0 0 0 0 0 0 0 0 0 0 0 0 0 0 0 0 0 0 0 0 0 0 0 0 0 0 0 0 0 0 0 0 0 0 0 0 0 0 0 0 0 0 0 0 0 0 0 0 0 0 0 0 0 0 0 0 0 0 0 0 0 0 0 0 0 0 0 0 0 0 0 0 0 0 0 0 0 0 0 0 0 0 0 0 0 0 0 0 0 0 0 0 0 0 0 0 0 0 0 0 0 0 0 0 0 0 0 0 0 0 0 0 0 0 0 0 0 0 0 0 0 0 0 0 0 0 0 0 0 0 0 0 0 0 0 0 0 0 0 0 0 0 0 0 0 0 0 0 0 0 0 0 0 0 0 0 0 0 0 0 0 0 0 0 0 0 0 0 0 0 0 0 0 0 0 0 0 0 0 0 0 0 0 0 0 0 0 0 0 0 0 0 0 0 0 0 0 0 0 0 0 0 0 0 0 0 0 0 0 0 0 0 0 0 0 0 0 0 0 0 0 0 0 0 0 0 0 0 0 0 0 0 0 0 0 0 0 0 0 0 0 0 0 0 0 0 0 0 0 0 0 0 0 0 0 0 0 0 0 0 0 0 0 0 0 0 0 0 0 0 0 0 0 0 0 0 0 0 0 0 0 0 0 0 0 0 0 0 0 0 0 0 0 0 0 0 0 0 0 0 0 0 0 0 0 0 0 0 0 0 0 0 0 0 0 0 0 0 0 0 0 0 0 0 0 0 0 0 0 0 0 0 0 0 0 0 0 0 0 0 0 0 0 0 0 0 0 0 0 0 0 0 0 0 0 0 0 0 0 0 0 0 0 0 0 0 0 0 0 0 0 0 0 0 0 0 0 0 0 0 0 0 0 0 0 0 0 0 0 0 0 0 0 0 0 0 0 0 0 0 0 0 0 0 0 0 0 0 0 0 0 0 0 0 0 0 0 0 0 0 0 0 0 0 0 0 0 0 0 0 0 0 0 0 0 0 0 0 0 0 0 0 0 0 0 0 0 0 0 0 0 0 0 0 0 0 0 0 0 0 0 0 0 0 0 0 0 0 0 0 0 0 0 0 0 0 0 0 0 0 0 0 0 0 0 0 0 0 0 0 0 0 0 0 0 0 0 0 0 0 0 0 0 0 0 0 0 0 0 0 0 0 0 0 0 0 0 0 0 0 0 0 0 0 0 0 0 0 0 0 0 0 0 0 0 0 0 0 0 0 0 0 0 0 0 0 0
 0 0 0 0 0 0 0 0 0 0 0 0 0 0 0 0 0 0 0 0 0 0 0 0 0 0 0 0 0 0 0 0 0 0 0 0 0 0 0 0 0 0 0 0 0 0 0 0 0 0 0 0 0 0 0 0 0 0 0 0 0 0 0 0 0 0 0 0 0 0 0 0 0 0 0 0 0 0 0 0 0 0 0 0 0 0 0 0 0 0 0 0 0 0 0 0 0 0 0 0 0 0 0 0 0 0 0 0 0 0 0 0 0 0 0 0 0 0 0 0 0 0 0 0 0 0 0 0 0 0 0 0 0 0 0 0 0 0 0 0 0 0 0 0 0 0 0 0 0 0 0 0 0 0 0 0 0 0 0 0 0 0 0 0 0 0 0 0 0 0 0 0 0 0 0 0 0 0 0 0 0 0 0 0 0 0 0 0 0 0 0 0 0 0 0 0 0 0 0 0 0 0 0 0 0 0 0 0 0 0 0 0 0 0 0 0 0 0 0 0 0 0 0 0 0 0 0 0 0 0 0 0 0 0 0 0 0 0 0 0 0 0 0 0 0 0 0 0 0 0 0 0 0 0 0 0 0 0 0 0 0 0 0 0 0 0 0 0 0 0 0 0 0 0 0 0 0 0 0 0 0 0 0 0 0 0 0 0 0 0 0 0 0 0 0 0 0 0 0 0 0 0 0 0 0 0 0 0 0 0 0 0 0 0 0 0 0 0 0 0 0 0 0 0 0 0 0 0 0 0 0 0 0 0 0 0 0 0 0 0 0 0 0 0 0 0 0 0 0 0 0 0 0 0 0 0 0 0 0 0 0 0 0 0 0 0 0 0 0 0 0 0 0 0 0 0 0 0 0 0 0 0 0 0 0 0 0 0 0 0 0 0 0 0 0 0 0 0 0 0 0 0 0 0 0 0 0 0 0 0 0 0 0 0 0 0 0 0 0 0 0 0 0 0 0 0 0 0 0 0 0 0 0 0 0 0 0 0 0 0 0 0 0 0 0 0 0 0 0 0 0 0 0 0 0 0 0 0 0 0 0 0 0 0 0 0 0 0 0 0 0 0 0 0 0 0 0 0 0 0 0 0 0 0 0 0 0 0 0 0 0 0 0 0 0 0 0 0 0 0 0 0 0 0 0 0 0 0 0 0 0 0 0 0 0 0 0 0 0 0 0 0 0 0 0 0 0 0 0 0 0 0 0 0 0 0 0 0 0 0 0 0 0 0 0 0 0 0 0 0 0 0 0 0 0 0 0 0 0 0 0 0 0 0 0 0 0 0 0 0 0 0 0 0 0 0 0 0 0 0 0 0 0 0 0 0 0 0 0 0 0 0 0 0 0 0 0 0 0 0


# name: r_0_m13_G0_L0p3_D0p7
# type: matrix
# rows: 1
# columns: 14
 0 -13 0.2 0 0.3 0 -6.40112 0 0 0.1481295948823192 0 134.5 0.8366600265340756 0.7




