# Created by Octave 3.8.2, Mon Jun 19 12:02:37 2017 BST <co1ssj@node117>
# name: result
# type: scalar struct
# ndims: 2
 1 1
# length: 3
# name: params
# type: scalar struct
# ndims: 2
 1 1
# length: 18
# name: cleanup
# type: scalar
0


# name: num_runs
# type: scalar
6


# name: dopamine
# type: scalar
0.7


# name: targetCross
# type: scalar
1


# name: targetLuminance
# type: scalar
0.3


# name: targetWidthX
# type: scalar
6


# name: targetWidthY
# type: scalar
2


# name: fixCross
# type: scalar
1


# name: fixLuminance
# type: scalar
0.2


# name: fixWidthX
# type: scalar
6


# name: fixWidthY
# type: scalar
2


# name: fixOn
# type: scalar
0


# name: targetOff
# type: scalar
1


# name: targetOn
# type: scalar
0.2


# name: fixOff
# type: scalar
0.2


# name: targetThetaX
# type: scalar
0


# name: targetThetaY
# type: scalar
-9


# name: exptnum
# type: scalar
0




# name: r_0_m9_G0_L0p3_D0p7_llbn
# type: matrix
# rows: 24
# columns: 600
 0 0 0 0 0 0 0 0 0 0 0 0 0 0 0 0 0 0 0 0 0 0 0 0 0 0 0 0 0 0 0 0 0 0 0 0 0 0 0 0 0 0 0 0 0 0 0 0 0 0 0 0 0 0 0 0 0 0 0 0 0 0 0 0 0 0 0 0 0 0 0 0 0 0 0 0 0 0 0 0 0 0 0 0 0 0 0 0 0 0 0 0 0 0 0 0 0 0 0 0 0 0 0 0 0 0 0 0 0 0 0 0 0 0 0 0 0 0 0 0 0 0 0 0 0 0 0 0 0 0 0 0 0 0 0 0 0 0 0 0 0 0 0 0 0 0 0 0 0 0 0 0 0 0 0 0 0 0 0 0 0 0 0 0 0 0 0 0 0 0 0 0 0 0 0 0 0 0 0 0 0 0 0 0 0 0 0 0 0 0 0 0 0 0 0 0 0 0 0 0 0 0 0 0 0 0 0 0 0 0 0 0 0 0 0 0 0 0 0 0 0 0 0 0 0 0 0 0 0 0 0 0 0 0 0 0 0 0 0 0 0 0 0 0 0 0 0 0 0 0 0 0 0 0 0 0 0 0 0 0 0 0 0 0 0 0 0 0 0 0 0 0 0 0 0 0 0 0 0 0 0 0 0 0 0 0 0 0 0 0 0 0 0 0 0 0 0 0 0 0 0 0 0 0 0 0 0 0 0 0 0 0 0 0 0 0 0 0 0 0 0 0 0 0 0 0 0 0 0 0 0 0 0 0 0 0 0 0 0 0 0 0 0 0 0 0 0 0 0 0 0 0 0 0 0 0 0 0 0 0 0 0 0 0 0 0 0 0 0 0 0 0 0 0 0 0 0 0 0 0 0 0 0 0 0 0 0 0 0 0 0 0 0 0 0 0 0 0 0 0 0 0 0 0 0 0 0 0 0 0 0 0 0 0 0 0 0 0 0 0 0 0 0 0 0 0 0 0 0 0 0 0 0 0 0 0 0 0 0 0 0 0 0 0 0 0 0 0 0 0 0 0 0 0 0 0 0 0 0 0 0 0 0 0 0 0 0 0 0 0 0 0 0 0 0 0 0 0 0 0 0 0 0 0 0 0 0 0 0 0 0 0 0 0 0 0 0 0 0 0 0 0 0 0 0 0 0 0 0 0 0 0 0 0 0 0 0 0 0 0 0 0 0 0 0 0 0 0 0 0 0 0 0 0 0 0 0 0 0 0 0 0 0 0 0 0 0 0 0 0 0 0 0 0 0 0 0 0 0 0 0 0 0 0 0 0 0 0 0 0 0 0 0 0 0 0 0 0 0 0 0 0 0 0 0 0 0 0 0 0 0 0 0 0 0 0 0 0 0 0
 0 0 0 0 0 0 0 0 0 0 0 0 0 0 0 0 0 0 0 0 0 0 0 0 0 0 0 0 0 0 0 0 0 0 0 0 0 0 0 0 0 0 0 0 0 0 0 0 0 0 0 0 0 0 0 0 0 0 0 0 0 0 0 0 0 0 0 0 0 0 0 0 0 0 0 0 0 0 0 0 0 0 0 0 0 0 0 0 0 0 0 0 0 0 0 0 0 0 0 0 0 0 0 0 0 0 0 0 0 0 0 0 0 0 0 0 0 0 0 0 0 0 0 0 0 0 0 0 0 0 0 0 0 0 0 0 0 0 0 0 0 0 0 0 0 0 0 0 0 0 0 0 0 0 0 0 0 0 0 0 0 0 0 0 0 0 0 0 0 0 0 0 0 0 0 0 0 0 0 0 0 0 0 0 0 0 0 0 0 0 0 0 0 0 0 0 0 0 0 0 0 0 0 0 0 0 0 0 0 0 0 0 0 0 0 0 0 0 0 0 0 0 0 0 0 0 0 0 0 0 0 0 0 0 0 0 0 0 0 0 0 0 0 0 0 0 0 0 0 0 0 0 0 0 0 0 0 0 0 0 0 0 0 0 0 0 0 0 0 0 0 0 0 0 0 0 0 0 0 0 0 0 0 0 0 0 0 0 0 0 0 0 0 5.186245834920555e-05 0.0004960833466611803 0.001345467986539006 0.002547172596678138 0.004085653461515903 0.005932810716331005 0.008053742349147797 0.01042092777788639 0.01303894631564617 0.01591679081320763 0.01906500943005085 0.02244849875569344 0.02604258060455322 0.02986238710582256 0.03383752703666687 0.03789982944726944 0.04202396050095558 0.04621722549200058 0.05049022287130356 0.0548580139875412 0.05930830910801888 0.06386730819940567 0.0685509592294693 0.07335504144430161 0.07826180011034012 0.08325744420289993 0.08833162486553192 0.09347923099994659 0.09866052120923996 0.1038700789213181 0.1090899929404259 0.1142955869436264 0.1194669753313065 0.1246194392442703 0.1288261115550995 0.1309461295604706 0.13026362657547 0.1263522505760193 0.1200346350669861 0.1140329018235207 0.1083312556147575 0.1029146909713745 0.09776895493268967 0.09288050979375839 0.0882364809513092 0.08382465690374374 0.07963342219591141 0.07565174996852875 0.07186916470527649 0.06827570497989655 0.06486192345619202 0.06161882728338242 0.05853788554668427 0.05561099201440811 0.05283044278621674 0.05018892139196396 0.04767947643995285 0.04529550299048424 0.04303072765469551 0.04087918996810913 0.03883523121476173 0.03689346835017204 0.03504879400134087 0.03329635411500931 0.03163153678178787 0.03004995919764042 0.02854746207594872 0.02712008915841579 0.02576408535242081 0.02447588182985783 0.02325208857655525 0.02208948507905006 0.02098501101136208 0.01993576064705849 0.01893897354602814 0.01799202524125576 0.01709242351353168 0.01623780280351639 0.0154259130358696 0.01465461775660515 0.01392188668251038 0.01322579197585583 0.01256450265645981 0.01193627715110779 0.0113394632935524 0.01077248994261026 0.01023386511951685 0.009722172282636166 0.009236063808202744 0.008774260990321636 0.008335547521710396 0.007918770425021648 0.007522831670939922 0.007146690040826797 0.006789355538785458 0.006449887529015541 0.006127393338829279 0.005821023602038622 0.00552997225895524 0.0052534737624228 0.004990800283849239 0.004741260316222906 0.004504197277128696 0.004278987646102905 0.004065038170665503 0.003861786331981421 0.003668697085231543 0.003485262161120772 0.003310999134555459 0.003145449096336961 0.002988176653161645 0.002838767832145095 0.002696829382330179 0.002561987843364477 0.00243388838134706 0.002312193857505918 0.002196584129706025 0.002086754888296127 0.00198241719044745 0.001883296296000481 0.001789131434634328 0.001699674874544144 0.001614691107533872 0.001533956499770284 0.001457258709706366 0.001384395756758749 0.001315176021307707 0.001249417196959257 0.001186946290545166 0.001127598923631012 0.001071218983270228 0.001017658039927483 0.0009667751146480441 0.0009184363298118114 0.0008725145016796887 0.0008288887911476195 0.0007874443545006216 0.0007480721105821431 0.000710668507963419 0.0006751350592821836 0.0006413782830350101 0.0006093093543313444 0.0005788438720628619 0.0005499016842804849 0.0005224065971560776 0.0004962862585671246 0.0004714719543699175 0.000447898346465081 0.0004255034145899117 0.0004042282525915653 0.0003840168355964124 0.0003648159909062088 0.0003465751942712814 0.0003292464243713766 0.0003127841046079993 0.0002971448993775994 0.0002822876558639109 0.0002681732876226306 0.0002547646290622652 0.0002420263917883858 0.0002299250772921368 0.0002184288168791682 0.0002075073716696352 0.0001971320016309619 0.0001872754073701799 0.000177911642822437 0.0001690160570433363 0.0001605652505531907 0.0001525369880255312 0.0001449101400794461 0.0001376646396238357 0.0001307814090978354 0.000124242331366986 0.0001180302133434452 0.0001121287059504539 0.0001065222677425481 0.0001011961576296017 9.613634756533429e-05 9.13295298232697e-05 8.676305151311681e-05 8.242490002885461e-05 7.830365211702883e-05 7.438846660079435e-05 7.066904072416946e-05 6.713558832416311e-05 6.377881072694436e-05 6.058987128199078e-05 5.756037717219442e-05 5.468235758598894e-05 5.194823825149797e-05 4.935082688461989e-05 4.688328408519737e-05 4.453911969903857e-05 4.231216371408664e-05 4.019655534648336e-05 3.81867284886539e-05 3.627739351941273e-05 3.446352275204845e-05 3.274034679634497e-05 3.110332909272984e-05 2.954816227429546e-05 2.807075361488387e-05 2.666721593413968e-05 2.533385486458428e-05 2.406716157565825e-05 2.286380367877427e-05 2.172061431338079e-05 2.063458305201493e-05 1.960285408131313e-05 1.862271165009588e-05 1.769157643138897e-05 1.680699824646581e-05 1.596664878888987e-05 1.516831616754644e-05 1.440990035916911e-05 1.368940502288751e-05 1.300493477174314e-05 1.235468789673178e-05 1.173695363831939e-05 1.115010581997922e-05 1.059260011970764e-05 1.00629704320454e-05 9.559821592119988e-06 9.081830285140313e-06 8.627738679933827e-06 8.196351700462401e-06 7.786534297338221e-06 7.397207809844986e-06 7.027347237453796e-06 6.675979875581106e-06 6.342180768115213e-06 6.025071797921555e-06 5.723818048863905e-06 5.437627351057017e-06 5.165746188140474e-06 4.90745878778398e-06 4.662085757445311e-06 4.428981355886208e-06 4.207532128930325e-06 3.997155545221176e-06 3.797297722485382e-06 0.0002540485584177077 0.0007794091943651438 0.001574733760207891 0.002612869953736663 0.003865900449454784 0.005312873516231775 0.006922777742147446 0.008674997836351395 0.01056204736232758 0.01257533580064774 0.01471839100122452 0.01698007248342037 0.01934627629816532 0.02181921899318695 0.02439431101083755 0.0270681194961071 0.02983157709240913 0.03266327828168869 0.03555524349212646 0.03850195556879044 0.04149531573057175 0.04450559243559837 0.04753535613417625 0.05057730153203011 0.05364181101322174 0.05672972276806831 0.05983959510922432 0.06296798586845398 0.06609850376844406 0.06921288371086121 0.07230707257986069 0.07538308203220367 0.0784507617354393 0.08151057362556458 0.08456728607416153 0.08762170374393463 0.09067700803279877 0.0937349796295166 0.09622371196746826 0.09719858318567276 0.09607858955860138 0.09250608086585999 0.08788077533245087 0.08348673582077026 0.07931239902973175 0.07534678280353546 0.07157944142818451 0.06800046563148499 0.06460044533014297 0.06137042492628098 0.0583019033074379 0.05538680776953697 0.05261746793985367 0.0499865934252739 0.04748726263642311 0.04511290043592453 0.04285725578665733 0.04071439430117607 0.03867867588996887 0.03674474358558655 0.0349075049161911 0.03316212818026543 0.03150402009487152 0.02992881834506989 0.02843237668275833 0.02701075747609138
 0 0 0 0 0 0 0 0 0 0 0 0 0 0 0 0 0 0 0 0 0 0 0 0 0 0 0 0 0 0 0 0 0 0 0 0 0 0 0 0 0 0 0 0 0 0 0 0 0 0 0 0 0 0 0 0 0 0 0 0 0 0 0 0 0 0 0 0 0 0 0 0 0 0 0 0 0 0 0 0 0 0 0 0 0 0 0 0 0 0 0 0 0 0 0 0 0 0 0 0 0 0 0 0 0 0 0 0 0 0 0 0 0 0 0 0 0 0 0 0 0 0 0 0 0 0 0 0 0 0 0 0 0 0 0 0 0 0 0 0 0 0 0 0 0 0 0 0 0 0 0 0 0 0 0 0 0 0 0 0 0 0 0 0 0 0 0 0 0 0 0 0 0 0 0 0 0 0 0 0 0 0 0 0 0 0 0 0 0 0 0 0 0 0 0 0 0 0 0 0 0 0 0 0 0 0 0 0 0 0 0 0 0 0 0 0 0 0 0 0 0 0 0 0 0 0 0 0 0 0 0 0 0 0 0 0 0 0 0 0 0 0 0 0 0 0 0 0 0 0 0 0 0 0 0 0 0 0 0 0 0 0 0 0 0 0 0 0 0 0 0 0 0 0 0 0 0 0 0 0 0 0 0 0 0 0 0 0 0 0 0 0 0 0 0 0 0 0 0 0 0 0 0 0 0 0 0 0 0 0 0 0 0 0 0 0 0 0 0 0 0 0 0 0 0 0 0 0 0 0 0 0 0 0 0 0 0 0 0 0 0 0 0 0 0 0 0 0 0 0 0 0 0 0 0 0 0 0 0 0 0 0 0 0 0 0 0 0 0 0 0 0 0 0 0 0 0 0 0 0 0 0 0 0 0 0 0 0 0 0 0 0 0 0 0 0 0 0 0 0 0 0 0 0 0 0 0 0 0 0 0 0 0 0 0 0 0 0 0 0 0 0 0 0 0 0 0 0 0 0 0 0 0 0 0 0 0 0 0 0 0 0 0 0 0 0 0 0 0 0 0 0 0 0 0 0 0 0 0 0 0 0 0 0 0 0 0 0 0 0 0 0 0 0 0 0 0 0 0 0 0 0 0 0 0 0 0 0 0 0 0 0 0 0 0 0 0 0 0 0 0 0 0 0 0 0 0 0 0 0 0 0 0 0 0 0 0 0 0 0 0 0 0 0 0 0 0 0 0 0 0 0 0 0 0 0 0 0 0 0 0 0 0 0 0 0 0 0 0 0 0 0 0 0 0 0 0 0 0 0 0 0 0 0 0 0 0 0 0 0 0 0 0 0 0 0 0 0 0 0 0 0 0 0 0 0 0 0 0 0 0 0 0 0 0 0 0 0 0 0
 0 0 0 0 0 0 0 0 0 0 0 0 0 0 0 0 0 0 0 0 0 0 0 0 0 0 0 0 0 0 0 0 0 0 0 0 0 0 0 0 0 0 0 0 0 0 0 0 0 0 0 0 0 0 0 0 0 0 0 0 0 0 0 0 0 0 0 0 0 0 0 0 0 0 0 0 0 0 0 0 0 0 0 0 0 0 0 0 0 0 0 0 0 0 0 0 0 0 0 0 0 0 0 0 0 0 0 0 0 0 0 0 0 0 0 0 0 0 0 0 0 0 0 0 0 0 0 0 0 0 0 0 0 0 0 0 0 0 0 0 0 0 0 0 0 0 0 0 0 0 0 0 0 0 0 0 0 0 0 0 0 0 0 0 0 0 0 0 0 0 0 0 0 0 0 0 0 0 0 0 0 0 0 0 0 0 0 0 0 0 0 0 0 0 0 0 0 0 0 0 0 0 0 0 0 0 0 0 0 0 0 0 0 0 0 0 0 0 0 0 0 0 0 0 0 0 0 0 0 0 0 0 0 0 0 0 0 0 0 0 0 0 0 0 0 0 0 0 0 0 0 0 0 0 0 0 0 0 0 0 0 0 0 0 0 0 0 0 0 0 0 0 0 0 0 0 0 0 0 0 0 0 0 0 0 0 0 0 0 0 0 0 0 0 0 0 0 0 0 0 0 0 0 0 0 0 0 0 0 0 0 0 0 0 0 0 0 0 0 0 0 0 0 0 0 0 0 0 0 0 0 0 0 0 0 0 0 0 0 0 0 0 0 0 0 0 0 0 0 0 0 0 0 0 0 0 0 0 0 0 0 0 0 0 0 0 0 0 0 0 0 0 0 0 0 0 0 0 0 0 0 0 0 0 0 0 0 0 0 0 0 0 0 0 0 0 0 0 0 0 0 0 0 0 0 0 0 0 0 0 0 0 0 0 0 0 0 0 0 0 0 0 0 0 0 0 0 0 0 0 0 0 0 0 0 0 0 0 0 0 0 0 0 0 0 0 0 0 0 0 0 0 0 0 0 0 0 0 0 0 0 0 0 0 0 0 0 0 0 0 0 0 0 0 0 0 0 0 0 0 0 0 0 0 0 0 0 0 0 0 0 0 0 0 0 0 0 0 0 0 0 0 0 0 0 0 0 0 0 0 0 0 0 0 0 0 0 0 0 0 0 0 0 0 0 0 0 0 0 0 0 0 0 0 0 0 0 0 0 0 0 0 0 0 0 0 0 0 0 0 0 0 0 0 0 0 0 0 0 0 0 0 0 0 0 0 0 0 0 0 0 0 0 0 0 0 0 0 0 0 0 0 0 0 0 0 0 0 0 0 0 0 0 0 0 0 0 0 0 0
 0 0 0 0 0 0 0 0 0 0 0 0 0 0 0 0 0 0 0 0 0 0 0 0 0 0 0 0 0 0 0 0 0 0 0 0 0 0 0 0 0 0 0 0 0 0 0 0 0 0 0 0 0 0 0 0 0 0 0 0 0 0 0 0 0 0 0 0 0 0 0 0 0 0 0 0 0 0 0 0 0 0 0 0 0 0 0 0 0 0 0 0 0 0 0 0 0 0 0 0 0 0 0 0 0 0 0 0 0 0 0 0 0 0 0 0 0 0 0 0 0 0 0 0 0 0 0 0 0 0 0 0 0 0 0 0 0 0 0 0 0 0 0 0 0 0 0 0 0 0 0 0 0 0 0 0 0 0 0 0 0 0 0 0 0 0 0 0 0 0 0 0 0 0 0 0 0 0 0 0 0 0 0 0 0 0 0 0 0 0 0 0 0 0 0 0 0 0 0 0 0 0 0 0 0 0 0 0 0 0 0 0 0 0 0 0 0 0 0 0 0 0 0 0 0 0 0 0 0 0 0 0 0 0 0 0 0 0 0 0 0 0 0 0 0 0 0 0 0 0 0 0 0 0 0 0 0 0 0 0 0 0 0 0 0 0 0 0 0 0 0 0 0 0 0 0 0 0 0 0 0 0 0 0 0 0 0 0 0 0 0 0 0 0 0 0 0 0 0 0 0 0 0 0 0 0 0 0 0 0 0 0 0 0 0 0 0 0 0 0 0 0 0 0 0 0 0 0 0 0 0 0 0 0 0 0 0 0 0 0 0 0 0 0 0 0 0 0 0 0 0 0 0 0 0 0 0 0 0 0 0 0 0 0 0 0 0 0 0 0 0 0 0 0 0 0 0 0 0 0 0 0 0 0 0 0 0 0 0 0 0 0 0 0 0 0 0 0 0 0 0 0 0 0 0 0 0 0 0 0 0 0 0 0 0 0 0 0 0 0 0 0 0 0 0 0 0 0 0 0 0 0 0 0 0 0 0 0 0 0 0 0 0 0 0 0 0 0 0 0 0 0 0 0 0 0 0 0 0 0 0 0 0 0 0 0 0 0 0 0 0 0 0 0 0 0 0 0 0 0 0 0 0 0 0 0 0 0 0 0 0 0 0 0 0 0 0 0 0 0 0 0 0 0 0 0 0 0 0 0 0 0 0 0 0 0 0 0 0 0 0 0 0 0 0 0 0 0 0 0 0 0 0 0 0 0 0 0 0 0 0 0 0 0 0 0 0 0 0 0 0 0 0 0 0 0 0 0 0 0 0 0 0 0 0 0 0 0 0 0 0 0 0 0 0 0 0 0 0 0 0 0 0 0 0 0 0 0 0 0 0 0 0 0 0 0 0 0 0 0
 0 0 0 0 0 0 0 0 0 0 0 0 0 0 0 0 0 0 0 0 0 0 0 0 0 0 0 0 0 0 0 0 0 0 0 0 0 0 0 0 0 0 0 0 0 0 0 0 0 0 0 0 0 0 0 0 0 0 0 0 0 0 0 0 0 0 0 0 0 0 0 0 0 0 0 0 0 0 0 0 0 0 0 0 0 0 0 0 0 0 0 0 0 0 0 0 0 0 0 0 0 0 0 0 0 0 0 0 0 0 0 0 0 0 0 0 0 0 0 0 0 0 0 0 0 0 0 0 0 0 0 0 0 0 0 0 0 0 0 0 0 0 0 0 0 0 0 0 0 0 0 0 0 0 0 0 0 0 0 0 0 0 0 0 0 0 0 0 0 0 0 0 0 0 0 0 0 0 0 0 0 0 0 0 0 0 0 0 0 0 0 0 0 0 0 0 0 0 0 0 0 0 0 0 0 0 0 0 0 0 0 0 0 0 0 0 0 0 0 0 0 0 0 0 0 0 0 0 0 0 0 0 0 0 0 0 0 0 0 0 0 0 0 0 0 0 0 0 0 0 0 0 0 0 0 0 0 0 0 0 0 0 0 0 0 0 0 0 0 0 0 0 0 0 0 0 0 0 0 0 0 0 0 0 0 0 0 0 0 0 0 0 0.0001157996739493683 0.00061973393894732 0.001493653398938477 0.002688293810933828 0.004201476462185383 0.00602334551513195 0.00811247993260622 0.01043140888214111 0.01297649927437305 0.01574613898992538 0.01872699707746506 0.02194121107459068 0.02537078224122524 0.02899202518165112 0.03281346708536148 0.03676094859838486 0.04079387709498405 0.0448937714099884 0.04906770586967468 0.05329417809844017 0.05758319422602654 0.06196285039186478 0.06642329692840576 0.07095559686422348 0.07557901740074158 0.08028481900691986 0.08508846908807755 0.08998110145330429 0.09494353830814362 0.0999736562371254 0.1050148084759712 0.1100567877292633 0.1151219978928566 0.1202224716544151 0.1248286217451096 0.1276543587446213 0.1279098093509674 0.1251015216112137 0.1189134642481804 0.1129677891731262 0.1073193997144699 0.1019534319639206 0.0968557596206665 0.09201297163963318 0.08741232007741928 0.08304170519113541 0.0788896232843399 0.07494514435529709 0.07119788974523544 0.06763799488544464 0.06425609439611435 0.06104328855872154 0.05799112468957901 0.05509156733751297 0.05233699083328247 0.04972014203667641 0.04723413661122322 0.04487242922186852 0.04262880608439445 0.04049736633896828 0.0384724996984005 0.03654887527227402 0.03472143039107323 0.03298535943031311 0.03133609145879745 0.02976928651332855 0.02828082256019115 0.02686678059399128 0.02552344091236591 0.02424726821482182 0.02303490415215492 0.02188315987586975 0.0207890011370182 0.01974955201148987 0.01876207441091537 0.01782396994531155 0.01693277060985565 0.01608613133430481 0.01528182439506054 0.01451773289591074 0.01379184611141682 0.01310225389897823 0.01244714111089706 0.0118247838690877 0.01123354490846395 0.01067186798900366 0.01013827417045832 0.00963136088103056 0.009149792604148388 0.008692302741110325 0.008257688023149967 0.007844803854823112 0.007452563848346472 0.007079935632646084 0.006725938990712166 0.006389642134308815 0.006070159841328859 0.005766652058809996 0.005478319246321917 0.005204403307288885 0.004944182932376862 0.004696973599493504 0.004462124779820442 0.00423901854082942 0.004027067683637142 0.003825714346021414 0.003634428605437279 0.003452707082033157 0.003280071774497628 0.003116068197414279 0.002960264682769775 0.002812251448631287 0.00267163896933198 0.002538057044148445 0.002411154098808765 0.002290596487000585 0.002176066627725959 0.002067263238132 0.001963900169357657 0.001865705125965178 0.00177241989877075 0.001683798851445317 0.001599608920514584 0.00151962845120579 0.001443647081032395 0.001371464692056179 0.001302891410887241 0.001237746793776751 0.001175859477370977 0.001117066480219364 0.001061213202774525 0.00100815249606967 0.0009577448945492506 0.0009098576265387237 0.0008643647306598723 0.0008211464737541974 0.0007800891762599349 0.0007410846883431077 0.0007040304481051862 0.0006688288995064795 0.0006353874341584742 0.0006036180420778692 0.0005734371370635927 0.0005447652656584978 0.0005175269907340407 0.000491650658659637 0.0004670681373681873 0.0004437147290445864 0.0004215289955027401 0.0004004525544587523 0.0003804299340117723 0.000361408427124843 0.0003433380043134093 0.000326171109918505 0.0003098625456914306 0.0002943694125860929 0.0002796509361360222 0.0002656683791428804 0.0002523849543649703 0.0002397657081019133 0.0002277774183312431 0.0002163885510526597 0.0002055691293207929 0.0001952906750375405 0.0001855261361924931 0.0001762498286552727 0.000167437334312126 0.0001590654719620943 0.0001511121954536065 0.0001435565791325644 0.0001363787450827658 0.0001295598049182445 0.0001230818161275238 0.0001169277238659561 0.0001110813391278498 0.0001055272732628509 0.0001002509088721126 9.5238363428507e-05 9.047644562087953e-05 8.59526262502186e-05 8.165499457390979e-05 7.757224375382066e-05 7.369363447651267e-05 7.000895129749551e-05 6.65085026412271e-05 6.318307714536786e-05 6.002392183290794e-05 5.702272756025195e-05 5.417159263743088e-05 5.146301191416569e-05 4.888986222795211e-05 4.644536966225132e-05 4.41231022705324e-05 4.191694824839942e-05 3.982110138167627e-05 3.78300464944914e-05 3.593854489736259e-05 3.414161619730294e-05 3.243453465984203e-05 3.081280738115311e-05 2.927216701209545e-05 2.780855902528856e-05 2.641813080117572e-05 2.509722435206641e-05 2.384236358921044e-05 2.265024522785097e-05 2.151773333025631e-05 2.044184657279402e-05 1.94197546079522e-05 1.8448767150403e-05 1.752632852003444e-05 1.665001218498219e-05 1.581751166668255e-05 1.502663599239895e-05 1.427530423825374e-05 1.356153916276526e-05 1.288346174987964e-05 1.223928848048672e-05 1.162732405646238e-05 1.10459577626898e-05 1.049365982908057e-05 9.968976883101277e-06 9.470528311794624e-06 8.997001714305952e-06 8.547151992388535e-06 8.119794074445963e-06 7.713804734521545e-06 7.328114406845998e-06 6.961708550079493e-06 6.613623099838151e-06 6.282941740209935e-06 5.968794539512601e-06 5.670354767062236e-06 5.386837074183859e-06 5.117495220474666e-06 4.861620254814625e-06 4.618539151124423e-06 4.387612079881364e-06 4.168231498624664e-06 3.959819878218696e-06 0.0001592323969816789 0.0005970115307718515 0.001310013700276613 0.002276097889989614 0.003471256932243705 0.004858026280999184 0.006422973703593016 0.008134987205266953 0.009985368698835373 0.01196873746812344 0.01408322807401419 0.01632131263613701 0.0186755359172821 0.02113904990255833 0.02370124496519566 0.02636012434959412 0.02911442145705223 0.03194954246282578 0.03485098481178284 0.0378078818321228 0.04081404954195023 0.04385819286108017 0.04692589864134789 0.05000974237918854 0.05310450121760368 0.05621010437607765 0.05933468416333199 0.0624704621732235 0.0656038224697113 0.06873495876789093 0.07184528559446335 0.07494008541107178 0.07802217453718185 0.0810997486114502 0.08417759835720062 0.08725662529468536 0.09033995121717453 0.0934305414557457 0.09618909657001495 0.09758742153644562 0.09698726236820221 0.09398681670427322 0.08928747475147247 0.08482310175895691 0.08058194816112518 0.0765528529882431 0.07272520661354065 0.06908894330263138 0.06563449651002884 0.06235277280211449 0.05923513323068619 0.05627337843179703 0.05345971137285233 0.05078672617673874 0.04824738949537277 0.04583501815795898 0.04354326799511909 0.0413661040365696 0.03929780051112175 0.03733291104435921 0.0354662649333477 0.03369295224547386 0.03200830519199371 0.03040789067745209 0.02888749539852142 0.02744312025606632 0.0260709635913372 0.02476741559803486
 0 0 0 0 0 0 0 0 0 0 0 0 0 0 0 0 0 0 0 0 0 0 0 0 0 0 0 0 0 0 0 0 0 0 0 0 0 0 0 0 0 0 0 0 0 0 0 0 0 0 0 0 0 0 0 0 0 0 0 0 0 0 0 0 0 0 0 0 0 0 0 0 0 0 0 0 0 0 0 0 0 0 0 0 0 0 0 0 0 0 0 0 0 0 0 0 0 0 0 0 0 0 0 0 0 0 0 0 0 0 0 0 0 0 0 0 0 0 0 0 0 0 0 0 0 0 0 0 0 0 0 0 0 0 0 0 0 0 0 0 0 0 0 0 0 0 0 0 0 0 0 0 0 0 0 0 0 0 0 0 0 0 0 0 0 0 0 0 0 0 0 0 0 0 0 0 0 0 0 0 0 0 0 0 0 0 0 0 0 0 0 0 0 0 0 0 0 0 0 0 0 0 0 0 0 0 0 0 0 0 0 0 0 0 0 0 0 0 0 0 0 0 0 0 0 0 0 0 0 0 0 0 0 0 0 0 0 0 0 0 0 0 0 0 0 0 0 0 0 0 0 0 0 0 0 0 0 0 0 0 0 0 0 0 0 0 0 0 0 0 0 0 0 0 0 0 0 0 0 0 0 0 0 0 0 0 0 0 0 0 0 0 0 0 0 0 0 0 0 0 0 0 0 0 0 0 0 0 0 0 0 0 0 0 0 0 0 0 0 0 0 0 0 0 0 0 0 0 0 0 0 0 0 0 0 0 0 0 0 0 0 0 0 0 0 0 0 0 0 0 0 0 0 0 0 0 0 0 0 0 0 0 0 0 0 0 0 0 0 0 0 0 0 0 0 0 0 0 0 0 0 0 0 0 0 0 0 0 0 0 0 0 0 0 0 0 0 0 0 0 0 0 0 0 0 0 0 0 0 0 0 0 0 0 0 0 0 0 0 0 0 0 0 0 0 0 0 0 0 0 0 0 0 0 0 0 0 0 0 0 0 0 0 0 0 0 0 0 0 0 0 0 0 0 0 0 0 0 0 0 0 0 0 0 0 0 0 0 0 0 0 0 0 0 0 0 0 0 0 0 0 0 0 0 0 0 0 0 0 0 0 0 0 0 0 0 0 0 0 0 0 0 0 0 0 0 0 0 0 0 0 0 0 0 0 0 0 0 0 0 0 0 0 0 0 0 0 0 0 0 0 0 0 0 0 0 0 0 0 0 0 0 0 0 0 0 0 0 0 0 0 0 0 0 0 0 0 0 0 0 0 0 0 0 0 0 0 0 0 0 0 0 0 0 0 0 0 0 0 0 0 0 0 0 0 0 0 0 0 0 0 0 0 0 0 0 0 0 0 0
 0 0 0 0 0 0 0 0 0 0 0 0 0 0 0 0 0 0 0 0 0 0 0 0 0 0 0 0 0 0 0 0 0 0 0 0 0 0 0 0 0 0 0 0 0 0 0 0 0 0 0 0 0 0 0 0 0 0 0 0 0 0 0 0 0 0 0 0 0 0 0 0 0 0 0 0 0 0 0 0 0 0 0 0 0 0 0 0 0 0 0 0 0 0 0 0 0 0 0 0 0 0 0 0 0 0 0 0 0 0 0 0 0 0 0 0 0 0 0 0 0 0 0 0 0 0 0 0 0 0 0 0 0 0 0 0 0 0 0 0 0 0 0 0 0 0 0 0 0 0 0 0 0 0 0 0 0 0 0 0 0 0 0 0 0 0 0 0 0 0 0 0 0 0 0 0 0 0 0 0 0 0 0 0 0 0 0 0 0 0 0 0 0 0 0 0 0 0 0 0 0 0 0 0 0 0 0 0 0 0 0 0 0 0 0 0 0 0 0 0 0 0 0 0 0 0 0 0 0 0 0 0 0 0 0 0 0 0 0 0 0 0 0 0 0 0 0 0 0 0 0 0 0 0 0 0 0 0 0 0 0 0 0 0 0 0 0 0 0 0 0 0 0 0 0 0 0 0 0 0 0 0 0 0 0 0 0 0 0 0 0 0 0 0 0 0 0 0 0 0 0 0 0 0 0 0 0 0 0 0 0 0 0 0 0 0 0 0 0 0 0 0 0 0 0 0 0 0 0 0 0 0 0 0 0 0 0 0 0 0 0 0 0 0 0 0 0 0 0 0 0 0 0 0 0 0 0 0 0 0 0 0 0 0 0 0 0 0 0 0 0 0 0 0 0 0 0 0 0 0 0 0 0 0 0 0 0 0 0 0 0 0 0 0 0 0 0 0 0 0 0 0 0 0 0 0 0 0 0 0 0 0 0 0 0 0 0 0 0 0 0 0 0 0 0 0 0 0 0 0 0 0 0 0 0 0 0 0 0 0 0 0 0 0 0 0 0 0 0 0 0 0 0 0 0 0 0 0 0 0 0 0 0 0 0 0 0 0 0 0 0 0 0 0 0 0 0 0 0 0 0 0 0 0 0 0 0 0 0 0 0 0 0 0 0 0 0 0 0 0 0 0 0 0 0 0 0 0 0 0 0 0 0 0 0 0 0 0 0 0 0 0 0 0 0 0 0 0 0 0 0 0 0 0 0 0 0 0 0 0 0 0 0 0 0 0 0 0 0 0 0 0 0 0 0 0 0 0 0 0 0 0 0 0 0 0 0 0 0 0 0 0 0 0 0 0 0 0 0 0 0 0 0 0 0 0 0 0 0 0 0 0 0 0 0 0 0 0 0 0
 0 0 0 0 0 0 0 0 0 0 0 0 0 0 0 0 0 0 0 0 0 0 0 0 0 0 0 0 0 0 0 0 0 0 0 0 0 0 0 0 0 0 0 0 0 0 0 0 0 0 0 0 0 0 0 0 0 0 0 0 0 0 0 0 0 0 0 0 0 0 0 0 0 0 0 0 0 0 0 0 0 0 0 0 0 0 0 0 0 0 0 0 0 0 0 0 0 0 0 0 0 0 0 0 0 0 0 0 0 0 0 0 0 0 0 0 0 0 0 0 0 0 0 0 0 0 0 0 0 0 0 0 0 0 0 0 0 0 0 0 0 0 0 0 0 0 0 0 0 0 0 0 0 0 0 0 0 0 0 0 0 0 0 0 0 0 0 0 0 0 0 0 0 0 0 0 0 0 0 0 0 0 0 0 0 0 0 0 0 0 0 0 0 0 0 0 0 0 0 0 0 0 0 0 0 0 0 0 0 0 0 0 0 0 0 0 0 0 0 0 0 0 0 0 0 0 0 0 0 0 0 0 0 0 0 0 0 0 0 0 0 0 0 0 0 0 0 0 0 0 0 0 0 0 0 0 0 0 0 0 0 0 0 0 0 0 0 0 0 0 0 0 0 0 0 0 0 0 0 0 0 0 0 0 0 0 0 0 0 0 0 0 0 0 0 0 0 0 0 0 0 0 0 0 0 0 0 0 0 0 0 0 0 0 0 0 0 0 0 0 0 0 0 0 0 0 0 0 0 0 0 0 0 0 0 0 0 0 0 0 0 0 0 0 0 0 0 0 0 0 0 0 0 0 0 0 0 0 0 0 0 0 0 0 0 0 0 0 0 0 0 0 0 0 0 0 0 0 0 0 0 0 0 0 0 0 0 0 0 0 0 0 0 0 0 0 0 0 0 0 0 0 0 0 0 0 0 0 0 0 0 0 0 0 0 0 0 0 0 0 0 0 0 0 0 0 0 0 0 0 0 0 0 0 0 0 0 0 0 0 0 0 0 0 0 0 0 0 0 0 0 0 0 0 0 0 0 0 0 0 0 0 0 0 0 0 0 0 0 0 0 0 0 0 0 0 0 0 0 0 0 0 0 0 0 0 0 0 0 0 0 0 0 0 0 0 0 0 0 0 0 0 0 0 0 0 0 0 0 0 0 0 0 0 0 0 0 0 0 0 0 0 0 0 0 0 0 0 0 0 0 0 0 0 0 0 0 0 0 0 0 0 0 0 0 0 0 0 0 0 0 0 0 0 0 0 0 0 0 0 0 0 0 0 0 0 0 0 0 0 0 0 0 0 0 0 0 0 0 0 0 0 0 0 0 0 0 0 0 0 0 0 0 0 0 0 0 0 0 0
 0 0 0 0 0 0 0 0 0 0 0 0 0 0 0 0 0 0 0 0 0 0 0 0 0 0 0 0 0 0 0 0 0 0 0 0 0 0 0 0 0 0 0 0 0 0 0 0 0 0 0 0 0 0 0 0 0 0 0 0 0 0 0 0 0 0 0 0 0 0 0 0 0 0 0 0 0 0 0 0 0 0 0 0 0 0 0 0 0 0 0 0 0 0 0 0 0 0 0 0 0 0 0 0 0 0 0 0 0 0 0 0 0 0 0 0 0 0 0 0 0 0 0 0 0 0 0 0 0 0 0 0 0 0 0 0 0 0 0 0 0 0 0 0 0 0 0 0 0 0 0 0 0 0 0 0 0 0 0 0 0 0 0 0 0 0 0 0 0 0 0 0 0 0 0 0 0 0 0 0 0 0 0 0 0 0 0 0 0 0 0 0 0 0 0 0 0 0 0 0 0 0 0 0 0 0 0 0 0 0 0 0 0 0 0 0 0 0 0 0 0 0 0 0 0 0 0 0 0 0 0 0 0 0 0 0 0 0 0 0 0 0 0 0 0 0 0 0 0 0 0 0 0 0 0 0 0 0 0 0 0 0 0 0 0 0 0 0 0 0 0 0 0 0 0 0 0 0 0 0 0 0 0 0 0 0 0 0 0 0 0 0 0 0 9.70297769526951e-05 0.000587706221267581 0.001464872038923204 0.00268159992992878 0.004222685471177101 0.00606861338019371 0.008169544860720634 0.0105186840519309 0.01311224047094584 0.01594424992799759 0.01902711763978004 0.02235001139342785 0.025887630879879 0.02963913045823574 0.0335608646273613 0.0376066155731678 0.04172953590750694 0.04593269154429436 0.05021253600716591 0.05456050857901573 0.05898816511034966 0.06352425366640091 0.06815842539072037 0.07287401705980301 0.0777008980512619 0.08263164013624191 0.08764960616827011 0.09272381663322449 0.09784639626741409 0.1029746904969215 0.1081170216202736 0.1132790893316269 0.1184329465031624 0.123584158718586 0.1278976202011108 0.1302159577608109 0.1297940015792847 0.1261654794216156 0.1198572069406509 0.1138643473386765 0.1081711277365685 0.1027625724673271 0.09762444347143173 0.09274321794509888 0.08810605853796005 0.0837007537484169 0.0795157179236412 0.07553993165493011 0.07176293432712555 0.06817478686571121 0.0647660493850708 0.06152774766087532 0.05845136195421219 0.05552879348397255 0.05275235325098038 0.05011473596096039 0.04760899767279625 0.04522854834794998 0.04296712204813957 0.04081876575946808 0.03877782821655273 0.03683893755078316 0.03499699011445045 0.03324713930487633 0.03158478066325188 0.03000554069876671 0.02850526385009289 0.02708000130951405 0.02572600170969963 0.02443970181047916 0.02321771718561649 0.0220568310469389 0.02095398865640163 0.01990628987550735 0.01891097612679005 0.01796542666852474 0.01706715486943722 0.0162137970328331 0.01540310680866241 0.01463295146822929 0.0139013035222888 0.0132062379270792 0.01254592649638653 0.01191863045096397 0.01132269855588675 0.01075656339526176 0.01021873485296965 0.00970779825001955 0.009222408756613731 0.008761288598179817 0.008323224261403084 0.007907062768936157 0.007511709816753864 0.007136124186217785 0.006779317744076252 0.006440351717174053 0.006118333898484707 0.0058124172501266 0.005521796178072691 0.005245706532150507 0.004983421415090561 0.004734250251203775 0.004497537855058908 0.004272661171853542 0.004059027880430222 0.003856076393276453 0.003663272596895695 0.003480108920484781 0.003306103404611349 0.003140798304229975 0.002983758458867669 0.002834570594131947 0.002692842157557607 0.002558200154453516 0.002430290216580033 0.002308775670826435 0.002193336840718985 0.002083669882267714 0.001979486318305135 0.001880511990748346 0.001786486362107098 0.001697162049822509 0.001612303894944489 0.001531688729301095 0.001455104327760637 0.00138234905898571 0.001313231652602553 0.001247570035047829 0.001185191562399268 0.001125931972637773 0.001069635385647416 0.001016153604723513 0.0009653459419496357 0.0009170786361210048 0.0008712246781215072 0.0008276634616777301 0.0007862802594900131 0.0007469662232324481 0.0007096179178915918 0.0006741370307281613 0.0006404301966540515 0.0006084087071940303 0.0005779882776550949 0.0005490888725034893 0.0005216344143263996 0.0004955526674166322 0.0004707750340458006 0.0004472362925298512 0.0004248744808137417 0.0004036307509522885 0.0003834492235910147 0.0003642767551355064 0.0003460629086475819 0.0003287597501184791 0.0003123217611573637 0.0002967056643683463 0.0002818703942466527 0.0002677768643479794 0.000254388025496155 0.0002416686184005812 0.0002295851882081479 0.0002181059244321659 0.0002072006318485364 0.0001968405995285138 0.0001869985717348754 0.0001776486460585147 0.0001687662152107805 0.000160327908815816 0.0001523115206509829 0.0001446959504391998 0.0001374611456412822 0.0001305880869040266 0.000124058686196804 0.0001178557504317723 0.0001119629596360028 0.0001063648087438196 0.0001010465712170117 9.599424083717167e-05 9.119453170569614e-05 8.663480548420921e-05 8.230306411860511e-05 7.818791345926002e-05 7.427851960528642e-05 7.056459435261786e-05 6.703636609017849e-05 6.368455069605261e-05 6.050032243365422e-05 5.747530667576939e-05 5.46015398867894e-05 5.187146234675311e-05 4.927788904751651e-05 4.681399514083751e-05 4.447329411050305e-05 4.224963049637154e-05 4.013715079054236e-05 3.813029252341948e-05 3.622377698775381e-05 3.441258741077036e-05 3.269195804023184e-05 3.105735959252343e-05 2.950449197669514e-05 2.80292679235572e-05 2.662780389073305e-05 2.529641278670169e-05 2.403159305686131e-05 2.283001413161401e-05 2.168851278838702e-05 2.060408769466449e-05 1.957388303708285e-05 1.859518852143083e-05 1.7665428458713e-05 1.678215630818158e-05 1.594304922036827e-05 1.514589712314773e-05 1.43886027217377e-05 1.366917240375187e-05 1.298571351071587e-05 1.233642797160428e-05 1.171960684587248e-05 1.113362668547779e-05 1.057694498740602e-05 1.004809746518731e-05 9.545692591927946e-06 9.068407962331548e-06 8.614987564214971e-06 8.184238140529487e-06 7.775026460876688e-06 7.386275228782324e-06 7.0169612627069e-06 6.666113222308923e-06 6.332807515718741e-06 6.016166935296496e-06 5.715358383895364e-06 5.429590601124801e-06 5.158110980119091e-06 4.900205567537341e-06 4.655195425584679e-06 4.422435722517548e-06 4.201313913654303e-06 3.991248377133161e-06 3.791685912801768e-06 0.0002788882702589035 0.0008302661590278149 0.001629623817279935 0.002670133719220757 0.003941019531339407 0.005396735388785601 0.007010078057646751 0.008778956718742847 0.0106813320890069 0.01271114591509104 0.01484806463122368 0.01707815565168858 0.01940520852804184 0.02183163538575172 0.02435881458222866 0.02698966860771179 0.02972523495554924 0.03256495296955109 0.03549116104841232 0.03847312182188034 0.04149958863854408 0.04455128312110901 0.04762428998947144 0.05070864781737328 0.05381244793534279 0.05692596361041069 0.06005095317959785 0.06317067891359329 0.06628193706274033 0.06939090043306351 0.0724966824054718 0.07560280710458755 0.0787128284573555 0.08182231336832047 0.08493834733963013 0.08806179463863373 0.09119358658790588 0.09433503448963165 0.09691788256168365 0.09799562394618988 0.09696986526250839 0.0934794545173645 0.08880548179149628 0.08436520397663116 0.08014694601297379 0.07613959908485413 0.07233262062072754 0.06871598958969116 0.06528019160032272 0.06201618164777756 0.05891537293791771 0.05596960335969925 0.05317112430930138 0.05051256716251373 0.04798693954944611 0.04558759182691574 0.04330821335315704 0.04114280268549919 0.03908566385507584 0.03713138028979301 0.03527481108903885 0.03351107239723206 0.03183551877737045 0.03024374321103096 0.02873155660927296
 0 0 0 0 0 0 0 0 0 0 0 0 0 0 0 0 0 0 0 0 0 0 0 0 0 0 0 0 0 0 0 0 0 0 0 0 0 0 0 0 0 0 0 0 0 0 0 0 0 0 0 0 0 0 0 0 0 0 0 0 0 0 0 0 0 0 0 0 0 0 0 0 0 0 0 0 0 0 0 0 0 0 0 0 0 0 0 0 0 0 0 0 0 0 0 0 0 0 0 0 0 0 0 0 0 0 0 0 0 0 0 0 0 0 0 0 0 0 0 0 0 0 0 0 0 0 0 0 0 0 0 0 0 0 0 0 0 0 0 0 0 0 0 0 0 0 0 0 0 0 0 0 0 0 0 0 0 0 0 0 0 0 0 0 0 0 0 0 0 0 0 0 0 0 0 0 0 0 0 0 0 0 0 0 0 0 0 0 0 0 0 0 0 0 0 0 0 0 0 0 0 0 0 0 0 0 0 0 0 0 0 0 0 0 0 0 0 0 0 0 0 0 0 0 0 0 0 0 0 0 0 0 0 0 0 0 0 0 0 0 0 0 0 0 0 0 0 0 0 0 0 0 0 0 0 0 0 0 0 0 0 0 0 0 0 0 0 0 0 0 0 0 0 0 0 0 0 0 0 0 0 0 0 0 0 0 0 0 0 0 0 0 0 0 0 0 0 0 0 0 0 0 0 0 0 0 0 0 0 0 0 0 0 0 0 0 0 0 0 0 0 0 0 0 0 0 0 0 0 0 0 0 0 0 0 0 0 0 0 0 0 0 0 0 0 0 0 0 0 0 0 0 0 0 0 0 0 0 0 0 0 0 0 0 0 0 0 0 0 0 0 0 0 0 0 0 0 0 0 0 0 0 0 0 0 0 0 0 0 0 0 0 0 0 0 0 0 0 0 0 0 0 0 0 0 0 0 0 0 0 0 0 0 0 0 0 0 0 0 0 0 0 0 0 0 0 0 0 0 0 0 0 0 0 0 0 0 0 0 0 0 0 0 0 0 0 0 0 0 0 0 0 0 0 0 0 0 0 0 0 0 0 0 0 0 0 0 0 0 0 0 0 0 0 0 0 0 0 0 0 0 0 0 0 0 0 0 0 0 0 0 0 0 0 0 0 0 0 0 0 0 0 0 0 0 0 0 0 0 0 0 0 0 0 0 0 0 0 0 0 0 0 0 0 0 0 0 0 0 0 0 0 0 0 0 0 0 0 0 0 0 0 0 0 0 0 0 0 0 0 0 0 0 0 0 0 0 0 0 0 0 0 0 0 0 0 0 0 0 0 0 0 0 0 0 0 0 0 0 0 0 0 0 0 0 0 0 0 0 0 0 0 0 0 0 0 0 0 0 0
 0 0 0 0 0 0 0 0 0 0 0 0 0 0 0 0 0 0 0 0 0 0 0 0 0 0 0 0 0 0 0 0 0 0 0 0 0 0 0 0 0 0 0 0 0 0 0 0 0 0 0 0 0 0 0 0 0 0 0 0 0 0 0 0 0 0 0 0 0 0 0 0 0 0 0 0 0 0 0 0 0 0 0 0 0 0 0 0 0 0 0 0 0 0 0 0 0 0 0 0 0 0 0 0 0 0 0 0 0 0 0 0 0 0 0 0 0 0 0 0 0 0 0 0 0 0 0 0 0 0 0 0 0 0 0 0 0 0 0 0 0 0 0 0 0 0 0 0 0 0 0 0 0 0 0 0 0 0 0 0 0 0 0 0 0 0 0 0 0 0 0 0 0 0 0 0 0 0 0 0 0 0 0 0 0 0 0 0 0 0 0 0 0 0 0 0 0 0 0 0 0 0 0 0 0 0 0 0 0 0 0 0 0 0 0 0 0 0 0 0 0 0 0 0 0 0 0 0 0 0 0 0 0 0 0 0 0 0 0 0 0 0 0 0 0 0 0 0 0 0 0 0 0 0 0 0 0 0 0 0 0 0 0 0 0 0 0 0 0 0 0 0 0 0 0 0 0 0 0 0 0 0 0 0 0 0 0 0 0 0 0 0 0 0 0 0 0 0 0 0 0 0 0 0 0 0 0 0 0 0 0 0 0 0 0 0 0 0 0 0 0 0 0 0 0 0 0 0 0 0 0 0 0 0 0 0 0 0 0 0 0 0 0 0 0 0 0 0 0 0 0 0 0 0 0 0 0 0 0 0 0 0 0 0 0 0 0 0 0 0 0 0 0 0 0 0 0 0 0 0 0 0 0 0 0 0 0 0 0 0 0 0 0 0 0 0 0 0 0 0 0 0 0 0 0 0 0 0 0 0 0 0 0 0 0 0 0 0 0 0 0 0 0 0 0 0 0 0 0 0 0 0 0 0 0 0 0 0 0 0 0 0 0 0 0 0 0 0 0 0 0 0 0 0 0 0 0 0 0 0 0 0 0 0 0 0 0 0 0 0 0 0 0 0 0 0 0 0 0 0 0 0 0 0 0 0 0 0 0 0 0 0 0 0 0 0 0 0 0 0 0 0 0 0 0 0 0 0 0 0 0 0 0 0 0 0 0 0 0 0 0 0 0 0 0 0 0 0 0 0 0 0 0 0 0 0 0 0 0 0 0 0 0 0 0 0 0 0 0 0 0 0 0 0 0 0 0 0 0 0 0 0 0 0 0 0 0 0 0 0 0 0 0 0 0 0 0 0 0 0 0 0 0 0 0 0 0 0 0 0 0 0 0 0 0 0 0 0 0 0
 0 0 0 0 0 0 0 0 0 0 0 0 0 0 0 0 0 0 0 0 0 0 0 0 0 0 0 0 0 0 0 0 0 0 0 0 0 0 0 0 0 0 0 0 0 0 0 0 0 0 0 0 0 0 0 0 0 0 0 0 0 0 0 0 0 0 0 0 0 0 0 0 0 0 0 0 0 0 0 0 0 0 0 0 0 0 0 0 0 0 0 0 0 0 0 0 0 0 0 0 0 0 0 0 0 0 0 0 0 0 0 0 0 0 0 0 0 0 0 0 0 0 0 0 0 0 0 0 0 0 0 0 0 0 0 0 0 0 0 0 0 0 0 0 0 0 0 0 0 0 0 0 0 0 0 0 0 0 0 0 0 0 0 0 0 0 0 0 0 0 0 0 0 0 0 0 0 0 0 0 0 0 0 0 0 0 0 0 0 0 0 0 0 0 0 0 0 0 0 0 0 0 0 0 0 0 0 0 0 0 0 0 0 0 0 0 0 0 0 0 0 0 0 0 0 0 0 0 0 0 0 0 0 0 0 0 0 0 0 0 0 0 0 0 0 0 0 0 0 0 0 0 0 0 0 0 0 0 0 0 0 0 0 0 0 0 0 0 0 0 0 0 0 0 0 0 0 0 0 0 0 0 0 0 0 0 0 0 0 0 0 0 0 0 0 0 0 0 0 0 0 0 0 0 0 0 0 0 0 0 0 0 0 0 0 0 0 0 0 0 0 0 0 0 0 0 0 0 0 0 0 0 0 0 0 0 0 0 0 0 0 0 0 0 0 0 0 0 0 0 0 0 0 0 0 0 0 0 0 0 0 0 0 0 0 0 0 0 0 0 0 0 0 0 0 0 0 0 0 0 0 0 0 0 0 0 0 0 0 0 0 0 0 0 0 0 0 0 0 0 0 0 0 0 0 0 0 0 0 0 0 0 0 0 0 0 0 0 0 0 0 0 0 0 0 0 0 0 0 0 0 0 0 0 0 0 0 0 0 0 0 0 0 0 0 0 0 0 0 0 0 0 0 0 0 0 0 0 0 0 0 0 0 0 0 0 0 0 0 0 0 0 0 0 0 0 0 0 0 0 0 0 0 0 0 0 0 0 0 0 0 0 0 0 0 0 0 0 0 0 0 0 0 0 0 0 0 0 0 0 0 0 0 0 0 0 0 0 0 0 0 0 0 0 0 0 0 0 0 0 0 0 0 0 0 0 0 0 0 0 0 0 0 0 0 0 0 0 0 0 0 0 0 0 0 0 0 0 0 0 0 0 0 0 0 0 0 0 0 0 0 0 0 0 0 0 0 0 0 0 0 0 0 0 0 0 0 0 0 0 0 0 0 0 0 0 0 0 0 0
 0 0 0 0 0 0 0 0 0 0 0 0 0 0 0 0 0 0 0 0 0 0 0 0 0 0 0 0 0 0 0 0 0 0 0 0 0 0 0 0 0 0 0 0 0 0 0 0 0 0 0 0 0 0 0 0 0 0 0 0 0 0 0 0 0 0 0 0 0 0 0 0 0 0 0 0 0 0 0 0 0 0 0 0 0 0 0 0 0 0 0 0 0 0 0 0 0 0 0 0 0 0 0 0 0 0 0 0 0 0 0 0 0 0 0 0 0 0 0 0 0 0 0 0 0 0 0 0 0 0 0 0 0 0 0 0 0 0 0 0 0 0 0 0 0 0 0 0 0 0 0 0 0 0 0 0 0 0 0 0 0 0 0 0 0 0 0 0 0 0 0 0 0 0 0 0 0 0 0 0 0 0 0 0 0 0 0 0 0 0 0 0 0 0 0 0 0 0 0 0 0 0 0 0 0 0 0 0 0 0 0 0 0 0 0 0 0 0 0 0 0 0 0 0 0 0 0 0 0 0 0 0 0 0 0 0 0 0 0 0 0 0 0 0 0 0 0 0 0 0 0 0 0 0 0 0 0 0 0 0 0 0 0 0 0 0 0 0 0 0 0 0 0 0 0 0 0 0 0 0 0 0 0 0 0 0 0 0 0 0 0 0 0.0001678897242527455 0.0007307090563699603 0.001663090428337455 0.002937749028205872 0.004522434901446104 0.006410680711269379 0.008518336340785027 0.01085801143199205 0.01342877093702555 0.01622370257973671 0.01926960609853268 0.02254242636263371 0.02601173892617226 0.02969994023442268 0.03358396887779236 0.03755723685026169 0.04158630594611168 0.04567665606737137 0.04983557015657425 0.05404504388570786 0.05832183733582497 0.06269100308418274 0.06714038550853729 0.07167928665876389 0.07630988955497742 0.08104098588228226 0.08585787564516068 0.09073644131422043 0.09566207230091095 0.1006250306963921 0.1056096404790878 0.1106142923235893 0.1156422346830368 0.1206821575760841 0.1249834597110748 0.1273734271526337 0.1271141022443771 0.1237430647015572 0.1175559088587761 0.1116781160235405 0.1060942113399506 0.1007895022630692 0.09575002640485764 0.09096252173185349 0.0864143967628479 0.08209367841482162 0.07798899710178375 0.07408954948186874 0.07038506865501404 0.06686581671237946 0.06352252513170242 0.06034639850258827 0.05732907727360725 0.05446262285113335 0.05173949152231216 0.04915251582860947 0.04669488966464996 0.04436014592647552 0.04214213788509369 0.04003503173589706 0.03803328052163124 0.03613161668181419 0.03432503715157509 0.03260878473520279 0.03097834624350071 0.02942942827939987 0.02795795723795891 0.02656005881726742 0.02523205615580082 0.02397045306861401 0.02277193032205105 0.0216333344578743 0.02055166848003864 0.01952408440411091 0.01854787953197956 0.01762048527598381 0.01673946157097816 0.01590248942375183 0.01510736532509327 0.01435199752449989 0.0136343976482749 0.01295267790555954 0.01230504363775253 0.01168979145586491 0.0111053017899394 0.01055003702640533 0.01002253498882055 0.009521408006548882 0.009045337326824665 0.008593070320785046 0.008163416758179665 0.007755246013402939 0.007367483805865049 0.006999109406024218 0.006649153772741556 0.006316696293652058 0.006000861525535583 0.005700818262994289 0.005415777210146189 0.005144988186657429 0.004887738730758429 0.004643351770937443 0.004411184228956699 0.004190625157207251 0.003981093876063824 0.00378203927539289 0.003592937253415585 0.003413290483877063 0.00324262585490942 0.003080494469031692 0.002926469780504704 0.002780146198347211 0.002641138853505254 0.002509081969037652 0.00238362792879343 0.002264446578919888 0.002151224296540022 0.002043663058429956 0.00194147985894233 0.001844405895099044 0.001752185635268688 0.001664576353505254 0.001581347547471523 0.001502280123531818 0.001427166163921356 0.001355807879008353 0.001288017490878701 0.001223616651259363 0.001162435859441757 0.001104314113035798 0.001049098442308605 0.0009966435609385371 0.0009468114003539085 0.0008994708186946809 0.0008544972515664995 0.0008117723627947271 0.0007711837533861399 0.0007326245540753007 0.0006959933089092374 0.0006611936260014772 0.0006281339447014034 0.0005967272445559502 0.0005668908706866205 0.000538546300958842 0.0005116189713589847 0.0004860380140598863 0.0004617361119017005 0.0004386492946650833 0.0004167168226558715 0.0003958809829782695 0.0003760869440156966 0.0003572826099116355 0.0003394184750504792 0.0003224475658498704 0.0003063251788262278 0.0002910089096985757 0.0002764584496617317 0.0002626355271786451 0.0002495037624612451 0.0002370285801589489 0.0002251771511510015 0.0002139182906830683 0.0002032223710557446 0.0001930612488649786 0.0001834081922424957 0.0001742377789923921 0.0001655258965911344 0.0001572495966684073 0.0001493871095590293 0.0001419177569914609 0.0001348218647763133 0.0001280807773582637 0.0001216767414007336 0.0001155929057858884 0.0001098132634069771 0.0001043226002366282 9.910647349897772e-05 9.415115346200764e-05 8.944359433371574e-05 8.497141243424267e-05 8.072284254012629e-05 7.668670150451362e-05 7.285236642928794e-05 6.920974556123838e-05 6.574925646418706e-05 6.246179691515863e-05 5.933870852459222e-05 5.637177309836261e-05 5.355318353394978e-05 5.087552563054487e-05 4.833174898521975e-05 4.591516335494816e-05 4.361940591479652e-05 4.143843398196623e-05 3.936651046387851e-05 3.739818566828035e-05 3.552827547537163e-05 3.375186133780517e-05 3.206426845281385e-05 3.046105484827422e-05 2.893800228775945e-05 2.749110171862412e-05 2.611654599604663e-05 2.48107189690927e-05 2.357018274778966e-05 2.239167406514753e-05 2.127208972524386e-05 2.020848478423432e-05 1.919805981742684e-05 1.823815728130285e-05 1.732624878059141e-05 1.645993688725866e-05 1.563694058859255e-05 1.485509346821345e-05 1.411233915860066e-05 1.340672224614536e-05 1.273638645216124e-05 1.209956735692685e-05 1.149458876170684e-05 1.091985905077308e-05 1.037386573443655e-05 9.855172720563132e-06 9.36241394811077e-06 8.894293387129437e-06 8.44957867229823e-06 8.02710019343067e-06 7.625745183759136e-06 7.244457719934871e-06 6.88223462930182e-06 6.538122761412524e-06 6.211216714291368e-06 5.900656105950475e-06 5.605623300652951e-06 5.325342044670833e-06 5.059074737800984e-06 4.806121069123037e-06 4.565814833767945e-06 4.337523932917975e-06 4.120647645322606e-06 3.914615263056476e-06 2.324470187886618e-05 0.0003153124998789281 0.0008748528780415654 0.001687739044427872 0.002744351979345083 0.004005055874586105 0.005456996615976095 0.00707751652225852 0.008843640796840191 0.0107386764138937 0.01274998299777508 0.01487535424530506 0.01710851863026619 0.0194461066275835 0.02187985181808472 0.02439528331160545 0.02699503302574158 0.02968674898147583 0.03245764225721359 0.035297941416502 0.0382007323205471 0.04115313291549683 0.04414359480142593 0.04716992750763893 0.05020302906632423 0.05324858427047729 0.05630514025688171 0.05937105789780617 0.06243950873613358 0.06551487743854523 0.06859006732702255 0.07165481895208359 0.07470396161079407 0.07773831486701965 0.08076593279838562 0.08378689736127853 0.08680086582899094 0.08980932086706161 0.0928184911608696 0.09537437558174133 0.09650740027427673 0.09561345726251602 0.09232644736766815 0.08771012723445892 0.0833246186375618 0.07915838807821274 0.07520046830177307 0.0714404433965683 0.0678684189915657 0.06447499990463257 0.06125124916434288 0.05818868800997734 0.05527925491333008 0.05251529067754745 0.04988952726125717 0.04739505052566528 0.0450252965092659 0.04277403280138969 0.04063533246517181 0.03860356658697128 0.03667338937520981 0.03483971953392029 0.03309773281216621 0.03144284710288048 0.02987070381641388 0.02837716788053513 0.02695830911397934 0.02561039291322231
 0 0 0 0 0 0 0 0 0 0 0 0 0 0 0 0 0 0 0 0 0 0 0 0 0 0 0 0 0 0 0 0 0 0 0 0 0 0 0 0 0 0 0 0 0 0 0 0 0 0 0 0 0 0 0 0 0 0 0 0 0 0 0 0 0 0 0 0 0 0 0 0 0 0 0 0 0 0 0 0 0 0 0 0 0 0 0 0 0 0 0 0 0 0 0 0 0 0 0 0 0 0 0 0 0 0 0 0 0 0 0 0 0 0 0 0 0 0 0 0 0 0 0 0 0 0 0 0 0 0 0 0 0 0 0 0 0 0 0 0 0 0 0 0 0 0 0 0 0 0 0 0 0 0 0 0 0 0 0 0 0 0 0 0 0 0 0 0 0 0 0 0 0 0 0 0 0 0 0 0 0 0 0 0 0 0 0 0 0 0 0 0 0 0 0 0 0 0 0 0 0 0 0 0 0 0 0 0 0 0 0 0 0 0 0 0 0 0 0 0 0 0 0 0 0 0 0 0 0 0 0 0 0 0 0 0 0 0 0 0 0 0 0 0 0 0 0 0 0 0 0 0 0 0 0 0 0 0 0 0 0 0 0 0 0 0 0 0 0 0 0 0 0 0 0 0 0 0 0 0 0 0 0 0 0 0 0 0 0 0 0 0 0 0 0 0 0 0 0 0 0 0 0 0 0 0 0 0 0 0 0 0 0 0 0 0 0 0 0 0 0 0 0 0 0 0 0 0 0 0 0 0 0 0 0 0 0 0 0 0 0 0 0 0 0 0 0 0 0 0 0 0 0 0 0 0 0 0 0 0 0 0 0 0 0 0 0 0 0 0 0 0 0 0 0 0 0 0 0 0 0 0 0 0 0 0 0 0 0 0 0 0 0 0 0 0 0 0 0 0 0 0 0 0 0 0 0 0 0 0 0 0 0 0 0 0 0 0 0 0 0 0 0 0 0 0 0 0 0 0 0 0 0 0 0 0 0 0 0 0 0 0 0 0 0 0 0 0 0 0 0 0 0 0 0 0 0 0 0 0 0 0 0 0 0 0 0 0 0 0 0 0 0 0 0 0 0 0 0 0 0 0 0 0 0 0 0 0 0 0 0 0 0 0 0 0 0 0 0 0 0 0 0 0 0 0 0 0 0 0 0 0 0 0 0 0 0 0 0 0 0 0 0 0 0 0 0 0 0 0 0 0 0 0 0 0 0 0 0 0 0 0 0 0 0 0 0 0 0 0 0 0 0 0 0 0 0 0 0 0 0 0 0 0 0 0 0 0 0 0 0 0 0 0 0 0 0 0 0 0 0 0 0 0 0 0 0 0 0 0 0 0 0 0 0 0 0 0 0 0
 0 0 0 0 0 0 0 0 0 0 0 0 0 0 0 0 0 0 0 0 0 0 0 0 0 0 0 0 0 0 0 0 0 0 0 0 0 0 0 0 0 0 0 0 0 0 0 0 0 0 0 0 0 0 0 0 0 0 0 0 0 0 0 0 0 0 0 0 0 0 0 0 0 0 0 0 0 0 0 0 0 0 0 0 0 0 0 0 0 0 0 0 0 0 0 0 0 0 0 0 0 0 0 0 0 0 0 0 0 0 0 0 0 0 0 0 0 0 0 0 0 0 0 0 0 0 0 0 0 0 0 0 0 0 0 0 0 0 0 0 0 0 0 0 0 0 0 0 0 0 0 0 0 0 0 0 0 0 0 0 0 0 0 0 0 0 0 0 0 0 0 0 0 0 0 0 0 0 0 0 0 0 0 0 0 0 0 0 0 0 0 0 0 0 0 0 0 0 0 0 0 0 0 0 0 0 0 0 0 0 0 0 0 0 0 0 0 0 0 0 0 0 0 0 0 0 0 0 0 0 0 0 0 0 0 0 0 0 0 0 0 0 0 0 0 0 0 0 0 0 0 0 0 0 0 0 0 0 0 0 0 0 0 0 0 0 0 0 0 0 0 0 0 0 0 0 0 0 0 0 0 0 0 0 0 0 0 0 0 0 0 0 0 0 0 0 0 0 0 0 0 0 0 0 0 0 0 0 0 0 0 0 0 0 0 0 0 0 0 0 0 0 0 0 0 0 0 0 0 0 0 0 0 0 0 0 0 0 0 0 0 0 0 0 0 0 0 0 0 0 0 0 0 0 0 0 0 0 0 0 0 0 0 0 0 0 0 0 0 0 0 0 0 0 0 0 0 0 0 0 0 0 0 0 0 0 0 0 0 0 0 0 0 0 0 0 0 0 0 0 0 0 0 0 0 0 0 0 0 0 0 0 0 0 0 0 0 0 0 0 0 0 0 0 0 0 0 0 0 0 0 0 0 0 0 0 0 0 0 0 0 0 0 0 0 0 0 0 0 0 0 0 0 0 0 0 0 0 0 0 0 0 0 0 0 0 0 0 0 0 0 0 0 0 0 0 0 0 0 0 0 0 0 0 0 0 0 0 0 0 0 0 0 0 0 0 0 0 0 0 0 0 0 0 0 0 0 0 0 0 0 0 0 0 0 0 0 0 0 0 0 0 0 0 0 0 0 0 0 0 0 0 0 0 0 0 0 0 0 0 0 0 0 0 0 0 0 0 0 0 0 0 0 0 0 0 0 0 0 0 0 0 0 0 0 0 0 0 0 0 0 0 0 0 0 0 0 0 0 0 0 0 0 0 0 0 0 0 0 0 0 0 0 0 0 0 0 0 0 0
 0 0 0 0 0 0 0 0 0 0 0 0 0 0 0 0 0 0 0 0 0 0 0 0 0 0 0 0 0 0 0 0 0 0 0 0 0 0 0 0 0 0 0 0 0 0 0 0 0 0 0 0 0 0 0 0 0 0 0 0 0 0 0 0 0 0 0 0 0 0 0 0 0 0 0 0 0 0 0 0 0 0 0 0 0 0 0 0 0 0 0 0 0 0 0 0 0 0 0 0 0 0 0 0 0 0 0 0 0 0 0 0 0 0 0 0 0 0 0 0 0 0 0 0 0 0 0 0 0 0 0 0 0 0 0 0 0 0 0 0 0 0 0 0 0 0 0 0 0 0 0 0 0 0 0 0 0 0 0 0 0 0 0 0 0 0 0 0 0 0 0 0 0 0 0 0 0 0 0 0 0 0 0 0 0 0 0 0 0 0 0 0 0 0 0 0 0 0 0 0 0 0 0 0 0 0 0 0 0 0 0 0 0 0 0 0 0 0 0 0 0 0 0 0 0 0 0 0 0 0 0 0 0 0 0 0 0 0 0 0 0 0 0 0 0 0 0 0 0 0 0 0 0 0 0 0 0 0 0 0 0 0 0 0 0 0 0 0 0 0 0 0 0 0 0 0 0 0 0 0 0 0 0 0 0 0 0 0 0 0 0 0 0 0 0 0 0 0 0 0 0 0 0 0 0 0 0 0 0 0 0 0 0 0 0 0 0 0 0 0 0 0 0 0 0 0 0 0 0 0 0 0 0 0 0 0 0 0 0 0 0 0 0 0 0 0 0 0 0 0 0 0 0 0 0 0 0 0 0 0 0 0 0 0 0 0 0 0 0 0 0 0 0 0 0 0 0 0 0 0 0 0 0 0 0 0 0 0 0 0 0 0 0 0 0 0 0 0 0 0 0 0 0 0 0 0 0 0 0 0 0 0 0 0 0 0 0 0 0 0 0 0 0 0 0 0 0 0 0 0 0 0 0 0 0 0 0 0 0 0 0 0 0 0 0 0 0 0 0 0 0 0 0 0 0 0 0 0 0 0 0 0 0 0 0 0 0 0 0 0 0 0 0 0 0 0 0 0 0 0 0 0 0 0 0 0 0 0 0 0 0 0 0 0 0 0 0 0 0 0 0 0 0 0 0 0 0 0 0 0 0 0 0 0 0 0 0 0 0 0 0 0 0 0 0 0 0 0 0 0 0 0 0 0 0 0 0 0 0 0 0 0 0 0 0 0 0 0 0 0 0 0 0 0 0 0 0 0 0 0 0 0 0 0 0 0 0 0 0 0 0 0 0 0 0 0 0 0 0 0 0 0 0 0 0 0 0 0 0 0 0 0 0 0 0 0 0 0 0 0
 0 0 0 0 0 0 0 0 0 0 0 0 0 0 0 0 0 0 0 0 0 0 0 0 0 0 0 0 0 0 0 0 0 0 0 0 0 0 0 0 0 0 0 0 0 0 0 0 0 0 0 0 0 0 0 0 0 0 0 0 0 0 0 0 0 0 0 0 0 0 0 0 0 0 0 0 0 0 0 0 0 0 0 0 0 0 0 0 0 0 0 0 0 0 0 0 0 0 0 0 0 0 0 0 0 0 0 0 0 0 0 0 0 0 0 0 0 0 0 0 0 0 0 0 0 0 0 0 0 0 0 0 0 0 0 0 0 0 0 0 0 0 0 0 0 0 0 0 0 0 0 0 0 0 0 0 0 0 0 0 0 0 0 0 0 0 0 0 0 0 0 0 0 0 0 0 0 0 0 0 0 0 0 0 0 0 0 0 0 0 0 0 0 0 0 0 0 0 0 0 0 0 0 0 0 0 0 0 0 0 0 0 0 0 0 0 0 0 0 0 0 0 0 0 0 0 0 0 0 0 0 0 0 0 0 0 0 0 0 0 0 0 0 0 0 0 0 0 0 0 0 0 0 0 0 0 0 0 0 0 0 0 0 0 0 0 0 0 0 0 0 0 0 0 0 0 0 0 0 0 0 0 0 0 0 0 0 0 0 0 0 0 0 5.94714083490544e-06 0.0004039060440845788 0.001186322420835495 0.002316838130354881 0.003778825281187892 0.005556752905249596 0.007630676962435246 0.009939102455973625 0.01248043030500412 0.01524809934198856 0.01826480776071548 0.02151639573276043 0.02497127838432789 0.02863960526883602 0.03249647468328476 0.0364769920706749 0.04055329412221909 0.04469854757189751 0.04891657084226608 0.05319053679704666 0.05753837525844574 0.0619904026389122 0.06654093414545059 0.07119467854499817 0.07595308870077133 0.08083279430866241 0.08583034574985504 0.09088937938213348 0.09600326418876648 0.101168766617775 0.1063487827777863 0.1115516200661659 0.1167676970362663 0.122010737657547 0.1267852485179901 0.1297980099916458 0.1302302479743958 0.1275514215230942 0.1214248612523079 0.1153536215424538 0.1095859408378601 0.104106642305851 0.09890130907297134 0.09395624697208405 0.08925843238830566 0.0847955122590065 0.08055573701858521 0.07652795314788818 0.07270155847072601 0.06906647980213165 0.06561315804719925 0.06233249977231026 0.05921587347984314 0.05625507980585098 0.0534423254430294 0.05077020823955536 0.04823169857263565 0.04582011327147484 0.04352910816669464 0.04135265201330185 0.03928501904010773 0.03732076659798622 0.03545472770929337 0.03368199244141579 0.03199789300560951 0.03039799816906452 0.02887809835374355 0.02743419259786606 0.02606248296797276 0.02475935965776443 0.02352139167487621 0.02234532125294209 0.02122805453836918 0.02016665227711201 0.01915832050144672 0.01820040494203568 0.01729038543999195 0.01642586663365364 0.01560457330197096 0.0148243447765708 0.01408312749117613 0.01337897125631571 0.01271002274006605 0.01207452174276114 0.01147079560905695 0.0108972555026412 0.01035239268094301 0.009834772907197475 0.009343034587800503 0.008875883184373379 0.008432089351117611 0.008010485209524632 0.007609961088746786 0.007229463197290897 0.006867989897727966 0.006524590309709311 0.006198360584676266 0.005888442508876324 0.005594020243734121 0.005314319394528866 0.005048603285104036 0.004796172957867384 0.004556364379823208 0.004328546114265919 0.004112118855118752 0.003906513098627329 0.003711187513545156 0.003525628242641687 0.003349346807226539 0.003181879408657551 0.003022785531356931 0.002871646312996745 0.002728064078837633 0.002591660944744945 0.002462077885866165 0.002338974038138986 0.00222202530130744 0.002110924106091261 0.002005377784371376 0.001905108918435872 0.001809853478334844 0.0017193608218804 0.001633392763324082 0.00155172310769558 0.001474136952310801 0.001400430104695261 0.001330408616922796 0.001263888203538954 0.001200693775899708 0.001140659092925489 0.001083626179024577 0.001029444858431816 0.0009779726387932897 0.0009290740126743913 0.0008826203411445022 0.0008384893299080431 0.0007965648546814919 0.0007567366119474173 0.0007188997697085142 0.0006829547928646207 0.0006488070357590914 0.0006163666839711368 0.0005855483468621969 0.0005562709411606193 0.0005284573999233544 0.0005020345561206341 0.0004769328224938363 0.0004530861915554851 0.0004304318863432854 0.0004089103022124618 0.000388464774005115 0.0003690415469463915 0.0003505894565023482 0.0003330599865876138 0.000316406978527084 0.0003005866310559213 0.0002855572965927422 0.000271279423031956 0.0002577154664322734 0.0002448296872898936 0.000232588208746165 0.0002209587983088568 0.0002099108533002436 0.0001994153135456145 0.0001894445449579507 0.0001799723249860108 0.0001709737116470933 0.0001624250289751217 0.0001543037797091529 0.0001465885870857164 0.0001392591511830688 0.0001322961907135323 0.0001256813848158345 0.000119397314847447 0.0001134274498326704 0.0001077560737030581 0.0001023682707455009 9.724986011860892e-05 9.238736674888059e-05 8.776799950283021e-05 8.337960025528446e-05 7.921062206150964e-05 7.525009277742356e-05 7.14875859557651e-05 6.791320629417896e-05 6.451754597947001e-05 6.129167013568804e-05 5.822708772029728e-05 5.531573333428241e-05 5.254994539427571e-05 4.992244794266298e-05 4.742632518173195e-05 4.505501055973582e-05 4.280226130504161e-05 4.066214751219377e-05 3.862904122797772e-05 3.669758734758943e-05 3.48627072526142e-05 3.311957334517501e-05 3.146359449601732e-05 2.989041422551963e-05 2.839589433278888e-05 2.69761003437452e-05 2.56272960541537e-05 2.434593079669867e-05 2.312863398401532e-05 2.197220237576403e-05 2.087359280267265e-05 1.982991307158954e-05 1.883841832750477e-05 1.789649832062423e-05 1.70016737683909e-05 1.615159089851659e-05 1.534401053504553e-05 1.457680991734378e-05 1.384796905767871e-05 1.315557074121898e-05 1.249779234058224e-05 1.187290308735101e-05 1.127925770560978e-05 1.071529459295562e-05 1.017952945403522e-05 9.670552572060842e-06 9.187025170831475e-06 8.727673957764637e-06 8.29129021440167e-06 7.876726158428937e-06 7.482889941456961e-06 7.10874564902042e-06 6.753308298357297e-06 6.415642928914167e-06 6.094860964367399e-06 5.790117938886397e-06 5.500612132891547e-06 5.225581389822764e-06 4.964302206644788e-06 4.716087005363079e-06 4.480282768781763e-06 4.25626876676688e-06 4.04345519200433e-06 3.841282250505174e-06 0.0002691090921871364 0.0008106607710942626 0.001623446703888476 0.002676298376172781 0.003924832213670015 0.005367526784539223 0.006985325366258621 0.00873885303735733 0.01063032727688551 0.01265910547226667 0.01482491102069616 0.01711576618254185 0.01951717957854271 0.02201451733708382 0.02461127750575542 0.02729997038841248 0.03007001802325249 0.03291056677699089 0.0358041375875473 0.03874758630990982 0.04174269735813141 0.04477044567465782 0.04781847819685936 0.05087823420763016 0.05395163595676422 0.05703872069716454 0.06014295294880867 0.06324116885662079 0.06633426994085312 0.06942113488912582 0.07248629629611969 0.07553829997777939 0.07858012616634369 0.08161339908838272 0.08464286476373672 0.08767165243625641 0.09070318937301636 0.09374089539051056 0.09612295776605606 0.09695024788379669 0.09564888477325439 0.09187670052051544 0.08728286623954773 0.08291872590780258 0.07877279072999954 0.07483415305614471 0.07109244167804718 0.067537821829319 0.06416092813014984 0.06095288321375847 0.05790523812174797 0.05500997602939606 0.05225947871804237 0.04964650422334671 0.0471641793847084 0.04480597004294395 0.04256566986441612 0.04043738543987274 0.03841551765799522 0.03649474307894707 0.03467000648379326 0.03293650597333908 0.03128968179225922 0.02972519770264626 0.0282389372587204 0.02682699076831341
 0 0 0 0 0 0 0 0 0 0 0 0 0 0 0 0 0 0 0 0 0 0 0 0 0 0 0 0 0 0 0 0 0 0 0 0 0 0 0 0 0 0 0 0 0 0 0 0 0 0 0 0 0 0 0 0 0 0 0 0 0 0 0 0 0 0 0 0 0 0 0 0 0 0 0 0 0 0 0 0 0 0 0 0 0 0 0 0 0 0 0 0 0 0 0 0 0 0 0 0 0 0 0 0 0 0 0 0 0 0 0 0 0 0 0 0 0 0 0 0 0 0 0 0 0 0 0 0 0 0 0 0 0 0 0 0 0 0 0 0 0 0 0 0 0 0 0 0 0 0 0 0 0 0 0 0 0 0 0 0 0 0 0 0 0 0 0 0 0 0 0 0 0 0 0 0 0 0 0 0 0 0 0 0 0 0 0 0 0 0 0 0 0 0 0 0 0 0 0 0 0 0 0 0 0 0 0 0 0 0 0 0 0 0 0 0 0 0 0 0 0 0 0 0 0 0 0 0 0 0 0 0 0 0 0 0 0 0 0 0 0 0 0 0 0 0 0 0 0 0 0 0 0 0 0 0 0 0 0 0 0 0 0 0 0 0 0 0 0 0 0 0 0 0 0 0 0 0 0 0 0 0 0 0 0 0 0 0 0 0 0 0 0 0 0 0 0 0 0 0 0 0 0 0 0 0 0 0 0 0 0 0 0 0 0 0 0 0 0 0 0 0 0 0 0 0 0 0 0 0 0 0 0 0 0 0 0 0 0 0 0 0 0 0 0 0 0 0 0 0 0 0 0 0 0 0 0 0 0 0 0 0 0 0 0 0 0 0 0 0 0 0 0 0 0 0 0 0 0 0 0 0 0 0 0 0 0 0 0 0 0 0 0 0 0 0 0 0 0 0 0 0 0 0 0 0 0 0 0 0 0 0 0 0 0 0 0 0 0 0 0 0 0 0 0 0 0 0 0 0 0 0 0 0 0 0 0 0 0 0 0 0 0 0 0 0 0 0 0 0 0 0 0 0 0 0 0 0 0 0 0 0 0 0 0 0 0 0 0 0 0 0 0 0 0 0 0 0 0 0 0 0 0 0 0 0 0 0 0 0 0 0 0 0 0 0 0 0 0 0 0 0 0 0 0 0 0 0 0 0 0 0 0 0 0 0 0 0 0 0 0 0 0 0 0 0 0 0 0 0 0 0 0 0 0 0 0 0 0 0 0 0 0 0 0 0 0 0 0 0 0 0 0 0 0 0 0 0 0 0 0 0 0 0 0 0 0 0 0 0 0 0 0 0 0 0 0 0 0 0 0 0 0 0 0 0 0 0 0 0 0 0 0 0 0 0 0 0 0 0
 0 0 0 0 0 0 0 0 0 0 0 0 0 0 0 0 0 0 0 0 0 0 0 0 0 0 0 0 0 0 0 0 0 0 0 0 0 0 0 0 0 0 0 0 0 0 0 0 0 0 0 0 0 0 0 0 0 0 0 0 0 0 0 0 0 0 0 0 0 0 0 0 0 0 0 0 0 0 0 0 0 0 0 0 0 0 0 0 0 0 0 0 0 0 0 0 0 0 0 0 0 0 0 0 0 0 0 0 0 0 0 0 0 0 0 0 0 0 0 0 0 0 0 0 0 0 0 0 0 0 0 0 0 0 0 0 0 0 0 0 0 0 0 0 0 0 0 0 0 0 0 0 0 0 0 0 0 0 0 0 0 0 0 0 0 0 0 0 0 0 0 0 0 0 0 0 0 0 0 0 0 0 0 0 0 0 0 0 0 0 0 0 0 0 0 0 0 0 0 0 0 0 0 0 0 0 0 0 0 0 0 0 0 0 0 0 0 0 0 0 0 0 0 0 0 0 0 0 0 0 0 0 0 0 0 0 0 0 0 0 0 0 0 0 0 0 0 0 0 0 0 0 0 0 0 0 0 0 0 0 0 0 0 0 0 0 0 0 0 0 0 0 0 0 0 0 0 0 0 0 0 0 0 0 0 0 0 0 0 0 0 0 0 0 0 0 0 0 0 0 0 0 0 0 0 0 0 0 0 0 0 0 0 0 0 0 0 0 0 0 0 0 0 0 0 0 0 0 0 0 0 0 0 0 0 0 0 0 0 0 0 0 0 0 0 0 0 0 0 0 0 0 0 0 0 0 0 0 0 0 0 0 0 0 0 0 0 0 0 0 0 0 0 0 0 0 0 0 0 0 0 0 0 0 0 0 0 0 0 0 0 0 0 0 0 0 0 0 0 0 0 0 0 0 0 0 0 0 0 0 0 0 0 0 0 0 0 0 0 0 0 0 0 0 0 0 0 0 0 0 0 0 0 0 0 0 0 0 0 0 0 0 0 0 0 0 0 0 0 0 0 0 0 0 0 0 0 0 0 0 0 0 0 0 0 0 0 0 0 0 0 0 0 0 0 0 0 0 0 0 0 0 0 0 0 0 0 0 0 0 0 0 0 0 0 0 0 0 0 0 0 0 0 0 0 0 0 0 0 0 0 0 0 0 0 0 0 0 0 0 0 0 0 0 0 0 0 0 0 0 0 0 0 0 0 0 0 0 0 0 0 0 0 0 0 0 0 0 0 0 0 0 0 0 0 0 0 0 0 0 0 0 0 0 0 0 0 0 0 0 0 0 0 0 0 0 0 0 0 0 0 0 0 0 0 0 0 0 0 0 0 0 0 0 0 0 0 0 0 0
 0 0 0 0 0 0 0 0 0 0 0 0 0 0 0 0 0 0 0 0 0 0 0 0 0 0 0 0 0 0 0 0 0 0 0 0 0 0 0 0 0 0 0 0 0 0 0 0 0 0 0 0 0 0 0 0 0 0 0 0 0 0 0 0 0 0 0 0 0 0 0 0 0 0 0 0 0 0 0 0 0 0 0 0 0 0 0 0 0 0 0 0 0 0 0 0 0 0 0 0 0 0 0 0 0 0 0 0 0 0 0 0 0 0 0 0 0 0 0 0 0 0 0 0 0 0 0 0 0 0 0 0 0 0 0 0 0 0 0 0 0 0 0 0 0 0 0 0 0 0 0 0 0 0 0 0 0 0 0 0 0 0 0 0 0 0 0 0 0 0 0 0 0 0 0 0 0 0 0 0 0 0 0 0 0 0 0 0 0 0 0 0 0 0 0 0 0 0 0 0 0 0 0 0 0 0 0 0 0 0 0 0 0 0 0 0 0 0 0 0 0 0 0 0 0 0 0 0 0 0 0 0 0 0 0 0 0 0 0 0 0 0 0 0 0 0 0 0 0 0 0 0 0 0 0 0 0 0 0 0 0 0 0 0 0 0 0 0 0 0 0 0 0 0 0 0 0 0 0 0 0 0 0 0 0 0 0 0 0 0 0 0 0 0 0 0 0 0 0 0 0 0 0 0 0 0 0 0 0 0 0 0 0 0 0 0 0 0 0 0 0 0 0 0 0 0 0 0 0 0 0 0 0 0 0 0 0 0 0 0 0 0 0 0 0 0 0 0 0 0 0 0 0 0 0 0 0 0 0 0 0 0 0 0 0 0 0 0 0 0 0 0 0 0 0 0 0 0 0 0 0 0 0 0 0 0 0 0 0 0 0 0 0 0 0 0 0 0 0 0 0 0 0 0 0 0 0 0 0 0 0 0 0 0 0 0 0 0 0 0 0 0 0 0 0 0 0 0 0 0 0 0 0 0 0 0 0 0 0 0 0 0 0 0 0 0 0 0 0 0 0 0 0 0 0 0 0 0 0 0 0 0 0 0 0 0 0 0 0 0 0 0 0 0 0 0 0 0 0 0 0 0 0 0 0 0 0 0 0 0 0 0 0 0 0 0 0 0 0 0 0 0 0 0 0 0 0 0 0 0 0 0 0 0 0 0 0 0 0 0 0 0 0 0 0 0 0 0 0 0 0 0 0 0 0 0 0 0 0 0 0 0 0 0 0 0 0 0 0 0 0 0 0 0 0 0 0 0 0 0 0 0 0 0 0 0 0 0 0 0 0 0 0 0 0 0 0 0 0 0 0 0 0 0 0 0 0 0 0 0 0 0 0 0 0 0 0 0 0 0
 0 0 0 0 0 0 0 0 0 0 0 0 0 0 0 0 0 0 0 0 0 0 0 0 0 0 0 0 0 0 0 0 0 0 0 0 0 0 0 0 0 0 0 0 0 0 0 0 0 0 0 0 0 0 0 0 0 0 0 0 0 0 0 0 0 0 0 0 0 0 0 0 0 0 0 0 0 0 0 0 0 0 0 0 0 0 0 0 0 0 0 0 0 0 0 0 0 0 0 0 0 0 0 0 0 0 0 0 0 0 0 0 0 0 0 0 0 0 0 0 0 0 0 0 0 0 0 0 0 0 0 0 0 0 0 0 0 0 0 0 0 0 0 0 0 0 0 0 0 0 0 0 0 0 0 0 0 0 0 0 0 0 0 0 0 0 0 0 0 0 0 0 0 0 0 0 0 0 0 0 0 0 0 0 0 0 0 0 0 0 0 0 0 0 0 0 0 0 0 0 0 0 0 0 0 0 0 0 0 0 0 0 0 0 0 0 0 0 0 0 0 0 0 0 0 0 0 0 0 0 0 0 0 0 0 0 0 0 0 0 0 0 0 0 0 0 0 0 0 0 0 0 0 0 0 0 0 0 0 0 0 0 0 0 0 0 0 0 0 0 0 0 0 0 0 0 0 0 0 0 0 0 0 0 0 0 0 0 0 0 0 0 0 0.0003836120595224202 0.001153373625129461 0.002254260936751962 0.003692884929478168 0.005452164448797703 0.007501212880015373 0.00979331973940134 0.01234264392405748 0.01515854522585869 0.01824362948536873 0.02156762033700943 0.02508975565433502 0.02882371097803116 0.0327572412788868 0.03678659349679947 0.04089013114571571 0.04506739974021912 0.04932007938623428 0.05363104492425919 0.05801842734217644 0.06249547004699707 0.06708237528800964 0.07177584618330002 0.07658367604017258 0.08150657266378403 0.08651934564113617 0.0915987566113472 0.09674486517906189 0.1019174605607986 0.1071123331785202 0.1123378053307533 0.1175466850399971 0.1227244213223457 0.1273143887519836 0.1300621926784515 0.1301734298467636 0.1271486431360245 0.1207912117242813 0.1147516518831253 0.1090140715241432 0.1035633683204651 0.09838519990444183 0.09346593916416168 0.08879264444112778 0.0843530148267746 0.08013536036014557 0.07612859457731247 0.07232216745615005 0.06870605796575546 0.06527075171470642 0.06200721487402916 0.05890685319900513 0.05596151202917099 0.05316343531012535 0.05050526186823845 0.04797999933362007 0.04558099806308746 0.04330194741487503 0.04113684967160225 0.03908000886440277 0.03712600842118263 0.03526970744132996 0.03350622206926346 0.03183091059327126 0.03023936599493027 0.02872739732265472 0.02729102782905102 0.02592647634446621 0.02463015168905258 0.02339864335954189 0.02222871035337448 0.02111727558076382 0.02006141096353531 0.0190583411604166 0.01810542494058609 0.01720015332102776 0.01634014584124088 0.01552313845604658 0.01474698167294264 0.01400963217020035 0.01330915093421936 0.01264369301497936 0.01201150845736265 0.01141093298792839 0.01084038615226746 0.01029836665838957 0.009783448651432991 0.009294276125729084 0.008829561993479729 0.008388083428144455 0.007968679070472717 0.007570245303213596 0.007191732991486788 0.006832146551460028 0.006490539293736219 0.006166012492030859 0.005857711657881737 0.00556482607498765 0.005286584608256817 0.00502225523814559 0.004771142266690731 0.004532584920525551 0.004305955488234758 0.0040906579233706 0.003886125050485134 0.003691818797960877 0.003507227869704366 0.003331866580992937 0.003165273228660226 0.003007009625434875 0.002856659237295389 0.002713826252147555 0.002578134881332517 0.002449228195473552 0.002326766727492213 0.002210428472608328 0.002099907025694847 0.001994911581277847 0.001895166002213955 0.001800407655537128 0.001710387296043336 0.001624867902137339 0.001543624559417367 0.001466443296521902 0.001393121085129678 0.001323465025052428 0.001257291762158275 0.001194427139125764 0.001134705729782581 0.001077970489859581 0.001024071942083538 0.0009728683508001268 0.000924224907066673 0.0008780136704444885 0.0008341129869222641 0.0007924073142930865 0.0007527869311161339 0.0007151475874707103 0.0006793902139179409 0.0006454206886701286 0.0006131496629677713 0.0005824921536259353 0.0005533675430342555 0.0005256991717033088 0.0004994142218492925 0.0004744435136672109 0.0004507213307078928 0.0004281852743588388 0.0004067760019097477 0.0003864371974486858 0.000367115339031443 0.0003487595822662115 0.0003313216147944331 0.0003147555398754776 0.0002990177599713206 0.0002840668603312224 0.0002698635216802359 0.0002563703455962241 0.0002435518254060298 0.0002313742297701538 0.000219805515371263 0.0002088152396026999 0.0001983744732569903 0.0001884557423181832 0.000179032955202274 0.0001700813008937985 0.000161577234393917 0.0001534983748570085 0.0001458234619349241 0.0001385322830174118 0.0001316056732321158 0.0001250253844773397 0.0001187741145258769 0.0001128354051616043 0.0001071936349035241 0.0001018339535221457 9.674225293565542e-05 9.190513810608536e-05 8.730988338356838e-05 8.294438885059208e-05 7.879716577008367e-05 7.485730748157948e-05 7.11144384695217e-05 6.755871436325833e-05 6.418077828129753e-05 6.097173900343478e-05 5.79231527808588e-05 5.502699423232116e-05 5.22756454301998e-05 4.966186315868981e-05 4.717877163784578e-05 4.481983341975138e-05 4.257884211256169e-05 4.044990055263042e-05 3.842740625259466e-05 3.650603684945963e-05 3.468073555268347e-05 3.294670023024082e-05 3.129936521872878e-05 2.97343976853881e-05 2.824767761921976e-05 2.683529419300612e-05 2.549352939240634e-05 2.421885255898815e-05 2.300790947629139e-05 2.185751327488106e-05 2.076463715638965e-05 1.972640529857017e-05 1.874008557933848e-05 1.780308048182633e-05 1.69129270943813e-05 1.606728073966224e-05 1.52639167936286e-05 1.450072068109876e-05 1.37756842377712e-05 1.308690025325632e-05 1.243255519511877e-05 1.181092738988809e-05 1.122038065659581e-05 1.065936157829128e-05 1.012639313557884e-05 9.620073797123041e-06 9.139070243691094e-06 8.682116458658129e-06 8.248010999523103e-06 7.835610631445888e-06 7.443830327247269e-06 7.071638719935436e-06 6.718056738463929e-06 6.382153969752835e-06 6.063046384952031e-06 5.75989406570443e-06 5.471899385156576e-06 5.198304279474542e-06 4.938388883601874e-06 4.69146925752284e-06 4.456896022020373e-06 4.23405117544462e-06 4.022348548460286e-06 0.000117847986984998 0.0005176879931241274 0.001197750912979245 0.002133966656401753 0.003310077358037233 0.004691676236689091 0.006255391053855419 0.007964327931404114 0.009804822504520416 0.01176813989877701 0.01385333016514778 0.01604390889406204 0.01833517849445343 0.02072847820818424 0.02322102338075638 0.02580464072525501 0.02848314866423607 0.03125786781311035 0.03411258012056351 0.03702967613935471 0.04001451656222343 0.04302982985973358 0.04605188220739365 0.04908803477883339 0.05214351415634155 0.05521591752767563 0.05830569192767143 0.06140485405921936 0.0645112544298172 0.06761375814676285 0.07069957256317139 0.07376986742019653 0.07683282345533371 0.07989104837179184 0.08294526487588882 0.08599599450826645 0.08904501795768738 0.09209559857845306 0.09511343389749527 0.0969763845205307 0.09697305411100388 0.09466065466403961 0.08992762118577957 0.08543124049901962 0.08115968108177185 0.0771017000079155 0.07324661314487457 0.06958428025245667 0.06610506772994995 0.06279981136322021 0.05965982005000114 0.05667682737112045 0.05384298413991928 0.05115083605051041 0.04859329387545586 0.04616362974047661 0.0438554473221302 0.04166267439723015 0.03957954049110413 0.0376005619764328 0.03572053462266922 0.03393450751900673 0.03223778307437897 0.03062589466571808 0.02909459918737411 0.02763986960053444 0.02625787630677223 0.0249449834227562
 0 0 0 0 0 0 0 0 0 0 0 0 0 0 0 0 0 0 0 0 0 0 0 0 0 0 0 0 0 0 0 0 0 0 0 0 0 0 0 0 0 0 0 0 0 0 0 0 0 0 0 0 0 0 0 0 0 0 0 0 0 0 0 0 0 0 0 0 0 0 0 0 0 0 0 0 0 0 0 0 0 0 0 0 0 0 0 0 0 0 0 0 0 0 0 0 0 0 0 0 0 0 0 0 0 0 0 0 0 0 0 0 0 0 0 0 0 0 0 0 0 0 0 0 0 0 0 0 0 0 0 0 0 0 0 0 0 0 0 0 0 0 0 0 0 0 0 0 0 0 0 0 0 0 0 0 0 0 0 0 0 0 0 0 0 0 0 0 0 0 0 0 0 0 0 0 0 0 0 0 0 0 0 0 0 0 0 0 0 0 0 0 0 0 0 0 0 0 0 0 0 0 0 0 0 0 0 0 0 0 0 0 0 0 0 0 0 0 0 0 0 0 0 0 0 0 0 0 0 0 0 0 0 0 0 0 0 0 0 0 0 0 0 0 0 0 0 0 0 0 0 0 0 0 0 0 0 0 0 0 0 0 0 0 0 0 0 0 0 0 0 0 0 0 0 0 0 0 0 0 0 0 0 0 0 0 0 0 0 0 0 0 0 0 0 0 0 0 0 0 0 0 0 0 0 0 0 0 0 0 0 0 0 0 0 0 0 0 0 0 0 0 0 0 0 0 0 0 0 0 0 0 0 0 0 0 0 0 0 0 0 0 0 0 0 0 0 0 0 0 0 0 0 0 0 0 0 0 0 0 0 0 0 0 0 0 0 0 0 0 0 0 0 0 0 0 0 0 0 0 0 0 0 0 0 0 0 0 0 0 0 0 0 0 0 0 0 0 0 0 0 0 0 0 0 0 0 0 0 0 0 0 0 0 0 0 0 0 0 0 0 0 0 0 0 0 0 0 0 0 0 0 0 0 0 0 0 0 0 0 0 0 0 0 0 0 0 0 0 0 0 0 0 0 0 0 0 0 0 0 0 0 0 0 0 0 0 0 0 0 0 0 0 0 0 0 0 0 0 0 0 0 0 0 0 0 0 0 0 0 0 0 0 0 0 0 0 0 0 0 0 0 0 0 0 0 0 0 0 0 0 0 0 0 0 0 0 0 0 0 0 0 0 0 0 0 0 0 0 0 0 0 0 0 0 0 0 0 0 0 0 0 0 0 0 0 0 0 0 0 0 0 0 0 0 0 0 0 0 0 0 0 0 0 0 0 0 0 0 0 0 0 0 0 0 0 0 0 0 0 0 0 0 0 0 0 0 0 0 0 0 0 0 0 0 0 0 0 0 0
 0 0 0 0 0 0 0 0 0 0 0 0 0 0 0 0 0 0 0 0 0 0 0 0 0 0 0 0 0 0 0 0 0 0 0 0 0 0 0 0 0 0 0 0 0 0 0 0 0 0 0 0 0 0 0 0 0 0 0 0 0 0 0 0 0 0 0 0 0 0 0 0 0 0 0 0 0 0 0 0 0 0 0 0 0 0 0 0 0 0 0 0 0 0 0 0 0 0 0 0 0 0 0 0 0 0 0 0 0 0 0 0 0 0 0 0 0 0 0 0 0 0 0 0 0 0 0 0 0 0 0 0 0 0 0 0 0 0 0 0 0 0 0 0 0 0 0 0 0 0 0 0 0 0 0 0 0 0 0 0 0 0 0 0 0 0 0 0 0 0 0 0 0 0 0 0 0 0 0 0 0 0 0 0 0 0 0 0 0 0 0 0 0 0 0 0 0 0 0 0 0 0 0 0 0 0 0 0 0 0 0 0 0 0 0 0 0 0 0 0 0 0 0 0 0 0 0 0 0 0 0 0 0 0 0 0 0 0 0 0 0 0 0 0 0 0 0 0 0 0 0 0 0 0 0 0 0 0 0 0 0 0 0 0 0 0 0 0 0 0 0 0 0 0 0 0 0 0 0 0 0 0 0 0 0 0 0 0 0 0 0 0 0 0 0 0 0 0 0 0 0 0 0 0 0 0 0 0 0 0 0 0 0 0 0 0 0 0 0 0 0 0 0 0 0 0 0 0 0 0 0 0 0 0 0 0 0 0 0 0 0 0 0 0 0 0 0 0 0 0 0 0 0 0 0 0 0 0 0 0 0 0 0 0 0 0 0 0 0 0 0 0 0 0 0 0 0 0 0 0 0 0 0 0 0 0 0 0 0 0 0 0 0 0 0 0 0 0 0 0 0 0 0 0 0 0 0 0 0 0 0 0 0 0 0 0 0 0 0 0 0 0 0 0 0 0 0 0 0 0 0 0 0 0 0 0 0 0 0 0 0 0 0 0 0 0 0 0 0 0 0 0 0 0 0 0 0 0 0 0 0 0 0 0 0 0 0 0 0 0 0 0 0 0 0 0 0 0 0 0 0 0 0 0 0 0 0 0 0 0 0 0 0 0 0 0 0 0 0 0 0 0 0 0 0 0 0 0 0 0 0 0 0 0 0 0 0 0 0 0 0 0 0 0 0 0 0 0 0 0 0 0 0 0 0 0 0 0 0 0 0 0 0 0 0 0 0 0 0 0 0 0 0 0 0 0 0 0 0 0 0 0 0 0 0 0 0 0 0 0 0 0 0 0 0 0 0 0 0 0 0 0 0 0 0 0 0 0 0 0 0 0 0 0 0 0 0 0 0 0


# name: r_0_m9_G0_L0p3_D0p7
# type: matrix
# rows: 1
# columns: 14
 0 -9 0.2 0 0.3 0 -3.23682 0 0 0.0379490906346911 0 129.6666666666667 0.816496580927726 0.7




