# Created by Octave 3.8.2, Mon Jun 19 12:04:23 2017 BST <co1ssj@node117>
# name: result
# type: scalar struct
# ndims: 2
 1 1
# length: 3
# name: params
# type: scalar struct
# ndims: 2
 1 1
# length: 18
# name: cleanup
# type: scalar
0


# name: num_runs
# type: scalar
6


# name: dopamine
# type: scalar
0.7


# name: targetCross
# type: scalar
1


# name: targetLuminance
# type: scalar
0.3


# name: targetWidthX
# type: scalar
6


# name: targetWidthY
# type: scalar
2


# name: fixCross
# type: scalar
1


# name: fixLuminance
# type: scalar
0.2


# name: fixWidthX
# type: scalar
6


# name: fixWidthY
# type: scalar
2


# name: fixOn
# type: scalar
0


# name: targetOff
# type: scalar
1


# name: targetOn
# type: scalar
0.2


# name: fixOff
# type: scalar
0.2


# name: targetThetaX
# type: scalar
0


# name: targetThetaY
# type: scalar
-17


# name: exptnum
# type: scalar
0




# name: r_0_m17_G0_L0p3_D0p7_llbn
# type: matrix
# rows: 24
# columns: 600
 0 0 0 0 0 0 0 0 0 0 0 0 0 0 0 0 0 0 0 0 0 0 0 0 0 0 0 0 0 0 0 0 0 0 0 0 0 0 0 0 0 0 0 0 0 0 0 0 0 0 0 0 0 0 0 0 0 0 0 0 0 0 0 0 0 0 0 0 0 0 0 0 0 0 0 0 0 0 0 0 0 0 0 0 0 0 0 0 0 0 0 0 0 0 0 0 0 0 0 0 0 0 0 0 0 0 0 0 0 0 0 0 0 0 0 0 0 0 0 0 0 0 0 0 0 0 0 0 0 0 0 0 0 0 0 0 0 0 0 0 0 0 0 0 0 0 0 0 0 0 0 0 0 0 0 0 0 0 0 0 0 0 0 0 0 0 0 0 0 0 0 0 0 0 0 0 0 0 0 0 0 0 0 0 0 0 0 0 0 0 0 0 0 0 0 0 0 0 0 0 0 0 0 0 0 0 0 0 0 0 0 0 0 0 0 0 0 0 0 0 0 0 0 0 0 0 0 0 0 0 0 0 0 0 0 0 0 0 0 0 0 0 0 0 0 0 0 0 0 0 0 0 0 0 0 0 0 0 0 0 0 0 0 0 0 0 0 0 0 0 0 0 0 0 0 0 0 0 0 0 0 0 0 0 0 0 0 0 0 0 0 0 0 0 0 0 0 0 0 0 0 0 0 0 0 0 0 0 0 0 0 0 0 0 0 0 0 0 0 0 0 0 0 0 0 0 0 0 0 0 0 0 0 0 0 0 0 0 0 0 0 0 0 0 0 0 0 0 0 0 0 0 0 0 0 0 0 0 0 0 0 0 0 0 0 0 0 0 0 0 0 0 0 0 0 0 0 0 0 0 0 0 0 0 0 0 0 0 0 0 0 0 0 0 0 0 0 0 0 0 0 0 0 0 0 0 0 0 0 0 0 0 0 0 0 0 0 0 0 0 0 0 0 0 0 0 0 0 0 0 0 0 0 0 0 0 0 0 0 0 0 0 0 0 0 0 0 0 0 0 0 0 0 0 0 0 0 0 0 0 0 0 0 0 0 0 0 0 0 0 0 0 0 0 0 0 0 0 0 0 0 0 0 0 0 0 0 0 0 0 0 0 0 0 0 0 0 0 0 0 0 0 0 0 0 0 0 0 0 0 0 0 0 0 0 0 0 0 0 0 0 0 0 0 0 0 0 0 0 0 0 0 0 0 0 0 0 0 0 0 0 0 0 0 0 0 0 0 0 0 0 0 0 0 0 0 0 0 0 0 0 0 0 0 0 0 0 0 0 0 0 0 0 0 0 0 0 0 0 0 0 0 0 0 0 0 0 0 0 0 0 0 0 0 0 0 0 0 0 0
 0 0 0 0 0 0 0 0 0 0 0 0 0 0 0 0 0 0 0 0 0 0 0 0 0 0 0 0 0 0 0 0 0 0 0 0 0 0 0 0 0 0 0 0 0 0 0 0 0 0 0 0 0 0 0 0 0 0 0 0 0 0 0 0 0 0 0 0 0 0 0 0 0 0 0 0 0 0 0 0 0 0 0 0 0 0 0 0 0 0 0 0 0 0 0 0 0 0 0 0 0 0 0 0 0 0 0 0 0 0 0 0 0 0 0 0 0 0 0 0 0 0 0 0 0 0 0 0 0 0 0 0 0 0 0 0 0 0 0 0 0 0 0 0 0 0 0 0 0 0 0 0 0 0 0 0 0 0 0 0 0 0 0 0 0 0 0 0 0 0 0 0 0 0 0 0 0 0 0 0 0 0 0 0 0 0 0 0 0 0 0 0 0 0 0 0 0 0 0 0 0 0 0 0 0 0 0 0 0 0 0 0 0 0 0 0 0 0 0 0 0 0 0 0 0 0 0 0 0 0 0 0 0 0 0 0 0 0 0 0 0 0 0 0 0 0 0 0 0 0 0 0 0 0 0 0 0 0 0 0 0 0 0 0 0 0 0 0 0 0 0 0 0 0 0 0 0 0 0 0 0 0 0 0 0 0 0 0 0 0 0 0 0 0 0 0 0 0 0 0 0 0 0 0 0 0 0 0 0 0 0 0 0 0 0.0002635681885294616 0.001134536112658679 0.002693246584385633 0.005035589449107647 0.008238815702497959 0.0123452078551054 0.0173802562057972 0.0235457755625248 0.03094988688826561 0.03959928080439568 0.04952705651521683 0.060736283659935 0.07329225540161133 0.08712548017501831 0.1020991653203964 0.11798095703125 0.1345906257629395 0.1517769545316696 0.1696274429559708 0.1882831454277039 0.2077960819005966 0.2281910479068756 0.2494976669549942 0.271480917930603 0.2941724956035614 0.3174128830432892 0.3398656249046326 0.3584469854831696 0.3708465397357941 0.375651091337204 0.3718545734882355 0.3585780560970306 0.3406491577625275 0.3236167132854462 0.3074358701705933 0.2920640707015991 0.2774608731269836 0.2635878324508667 0.2504084408283234 0.2378880232572556 0.2259936183691025 0.2146939337253571 0.2039592415094376 0.1937612742185593 0.1840732097625732 0.1748695522546768 0.1661260724067688 0.1578197628259659 0.1499287784099579 0.1424323320388794 0.1353107094764709 0.1285451799631119 0.1221179217100143 0.1160120218992233 0.1102114170789719 0.1047008484601974 0.09946580231189728 0.09449250996112823 0.08976788818836212 0.08527949452400208 0.08101551979780197 0.07696474343538284 0.07311650365591049 0.0694606751203537 0.06598763912916183 0.06268825381994247 0.0595538392663002 0.05657614767551422 0.05374734103679657 0.05105997249484062 0.0485069751739502 0.04608162492513657 0.04377754405140877 0.0415886677801609 0.03950923308730125 0.03753377124667168 0.03565708175301552 0.03387422859668732 0.03218051791191101 0.03057149238884449 0.02904291823506355 0.02759077213704586 0.02621123380959034 0.02490067295730114 0.02365563996136189 0.02247285842895508 0.02134921588003635 0.02028175443410873 0.01926766708493233 0.01830428466200829 0.01738907024264336 0.01651961728930473 0.01569363661110401 0.01490895450115204 0.01416350714862347 0.01345533132553101 0.01278256438672543 0.01214343588799238 0.01153626386076212 0.01095945108681917 0.01041147857904434 0.009890904650092125 0.009396359324455261 0.008926541544497013 0.008480214513838291 0.008056203834712505 0.007653393782675266 0.007270724046975374 0.00690718786790967 0.006561828311532736 0.006233736872673035 0.005922050215303898 0.005625947844237089 0.005344650242477655 0.005077417939901352 0.004823546856641769 0.004582369700074196 0.004353251308202744 0.004135588649660349 0.003928809426724911 0.003732369048520923 0.003545750631019473 0.003368463134393096 0.003200039966031909 0.003040038049221039 0.002888036193326116 0.002743634395301342 0.002606452675536275 0.002476130146533251 0.002352323615923524 0.002234707353636622 0.00212297192774713 0.002016823273152113 0.001915982109494507 0.001820183009840548 0.001729173818603158 0.001642715185880661 0.001560579403303564 0.001482550404034555 0.001408422831445932 0.001338001689873636 0.001271101646125317 0.001207546563819051 0.001147169270552695 0.001089810859411955 0.001035320339724422 0.0009835542878136039 0.0009343765559606254 0.0008876577485352755 0.0008432748727500439 0.0008011111058294773 0.0007610555621795356 0.0007230027695186436 0.0006868526106700301 0.0006525099743157625 0.0006198844639584422 0.0005888902232982218 0.0005594457034021616 0.0005314734298735857 0.0005048997700214386 0.0004796547873411328 0.0004556720377877355 0.0004328884242568165 0.000411243992857635 0.0003906817873939872 0.0003711477038450539 0.0003525903157424182 0.0003349607868585736 0.0003182127547916025 0.000302302127238363 0.0002871870237868279 0.0002728276595007628 0.0002591862867120653 0.0002462269621901214 0.0002339156199013814 0.0002222198381787166 0.0002111088397214189 0.0002005534042837098 0.0001905257377075031 0.0001809994573704898 0.0001719494903227314 0.0001633520150789991 0.000155184417963028 0.0001474251912441105 0.0001400539331370965 0.0001330512313870713 0.0001263986632693559 0.0001200787301058881 0.0001140747917816043 0.0001083710521925241 0.0001029525010380894 9.780487744137645e-05 9.291463356930763e-05 8.826890552882105e-05 8.385546243516728e-05 7.966269185999408e-05 7.567955617560074e-05 7.189557800302282e-05 6.830079655628651e-05 6.488575309049338e-05 6.16414617979899e-05 5.855938798049465e-05 5.56314189452678e-05 5.284984945319593e-05 5.020735625294037e-05 4.769698716700077e-05 4.531213926384225e-05 4.304653339204378e-05 4.089420690434054e-05 3.884949546772987e-05 3.69070221495349e-05 3.506167195155285e-05 3.330858817207627e-05 3.164315785397775e-05 3.006100087077357e-05 2.855795173672959e-05 2.713005414989311e-05 2.577355189714581e-05 2.448487430228852e-05 2.326063076907303e-05 2.209759986726567e-05 2.099272023770027e-05 1.994308331632055e-05 1.894592969620135e-05 1.799863275664393e-05 1.709870048216544e-05 1.624376454856247e-05 1.543157668493222e-05 1.465999775973614e-05 1.392699778079987e-05 1.323064770986093e-05 1.256911491509527e-05 1.194065953313839e-05 1.134362628363306e-05 1.077644537872402e-05 1.023762342811096e-05 9.725742529553827e-06 9.239455721399281e-06 8.777483344601933e-06 8.338609404745512e-06 7.921678843558766e-06 7.525594810431357e-06 7.149315024435055e-06 6.791849045839626e-06 6.45225645712344e-06 6.129643679742003e-06 5.823161700391211e-06 5.53200379727059e-06 5.255403721093899e-06 4.992633421352366e-06 4.743001682072645e-06 4.505851393332705e-06 4.280558641767129e-06 4.066530891577713e-06 3.863204256049357e-06 3.670043952297419e-06 3.486541800157283e-06 3.312214630568633e-06 3.146603830828099e-06 2.989273525599856e-06 2.839809894794598e-06 2.697819354580133e-06 2.562928330007708e-06 2.434781890769955e-06 2.313042841706192e-06 2.197390585934045e-06 2.087521124849445e-06 1.983145011763554e-06 1.883987806650111e-06 1.789788370842871e-06 1.700298980722437e-06 1.61528407716105e-06 1.534519924462074e-06 1.457793928238971e-06 1.384904180667945e-06 1.315659005740599e-06 1.249876049769227e-06 1.187382281386817e-06 1.128013195739186e-06 1.071612587111304e-06 1.018031980493106e-06 9.671304042058182e-07 9.187738783111854e-07 8.728351872377971e-07 8.291934250337363e-07 7.877337679929042e-07
 0 0 0 0 0 0 0 0 0 0 0 0 0 0 0 0 0 0 0 0 0 0 0 0 0 0 0 0 0 0 0 0 0 0 0 0 0 0 0 0 0 0 0 0 0 0 0 0 0 0 0 0 0 0 0 0 0 0 0 0 0 0 0 0 0 0 0 0 0 0 0 0 0 0 0 0 0 0 0 0 0 0 0 0 0 0 0 0 0 0 0 0 0 0 0 0 0 0 0 0 0 0 0 0 0 0 0 0 0 0 0 0 0 0 0 0 0 0 0 0 0 0 0 0 0 0 0 0 0 0 0 0 0 0 0 0 0 0 0 0 0 0 0 0 0 0 0 0 0 0 0 0 0 0 0 0 0 0 0 0 0 0 0 0 0 0 0 0 0 0 0 0 0 0 0 0 0 0 0 0 0 0 0 0 0 0 0 0 0 0 0 0 0 0 0 0 0 0 0 0 0 0 0 0 0 0 0 0 0 0 0 0 0 0 0 0 0 0 0 0 0 0 0 0 0 0 0 0 0 0 0 0 0 0 0 0 0 0 0 0 0 0 0 0 0 0 0 0 0 0 0 0 0 0 0 0 0 0 0 0 0 0 0 0 0 0 0 0 0 0 0 0 0 0 0 0 0 0 0 0 0 0 0 0 0 0 0 0 0 0 0 0 0 0 0 0 0 0 0 0 0 0 0 0 0 0 0 0 0 0 0 0 0 0 0 0 0 0 0 0 0 0 0 0 0 0 0 0 0 0 0 0 0 0 0 0 0 0 0 0 0 0 0 0 0 0 0 0 0 0 0 0 0 0 0 0 0 0 0 0 0 0 0 0 0 0 0 0 0 0 0 0 0 0 0 0 0 0 0 0 0 0 0 0 0 0 0 0 0 0 0 0 0 0 0 0 0 0 0 0 0 0 0 0 0 0 0 0 0 0 0 0 0 0 0 0 0 0 0 0 0 0 0 0 0 0 0 0 0 0 0 0 0 0 0 0 0 0 0 0 0 0 0 0 0 0 0 0 0 0 0 0 0 0 0 0 0 0 0 0 0 0 0 0 0 0 0 0 0 0 0 0 0 0 0 0 0 0 0 0 0 0 0 0 0 0 0 0 0 0 0 0 0 0 0 0 0 0 0 0 0 0 0 0 0 0 0 0 0 0 0 0 0 0 0 0 0 0 0 0 0 0 0 0 0 0 0 0 0 0 0 0 0 0 0 0 0 0 0 0 0 0 0 0 0 0 0 0 0 0 0 0 0 0 0 0 0 0 0 0 0 0 0 0 0 0 0 0 0 0 0 0 0 0 0 0 0 0 0 0 0 0 0 0 0 0 0 0 0 0 0 0 0 0 0 0 0 0 0 0
 0 0 0 0 0 0 0 0 0 0 0 0 0 0 0 0 0 0 0 0 0 0 0 0 0 0 0 0 0 0 0 0 0 0 0 0 0 0 0 0 0 0 0 0 0 0 0 0 0 0 0 0 0 0 0 0 0 0 0 0 0 0 0 0 0 0 0 0 0 0 0 0 0 0 0 0 0 0 0 0 0 0 0 0 0 0 0 0 0 0 0 0 0 0 0 0 0 0 0 0 0 0 0 0 0 0 0 0 0 0 0 0 0 0 0 0 0 0 0 0 0 0 0 0 0 0 0 0 0 0 0 0 0 0 0 0 0 0 0 0 0 0 0 0 0 0 0 0 0 0 0 0 0 0 0 0 0 0 0 0 0 0 0 0 0 0 0 0 0 0 0 0 0 0 0 0 0 0 0 0 0 0 0 0 0 0 0 0 0 0 0 0 0 0 0 0 0 0 0 0 0 0 0 0 0 0 0 0 0 0 0 0 0 0 0 0 0 0 0 0 0 0 0 0 0 0 0 0 0 0 0 0 0 0 0 0 0 0 0 0 0 0 0 0 0 0 0 0 0 0 0 0 0 0 0 0 0 0 0 0 0 0 0 0 0 0 0 0 0 0 0 0 0 0 0 0 0 0 0 0 0 0 0 0 0 0 0 0 0 0 0 0 0 0 0 0 0 0 0 0 0 0 0 0 0 0 0 0 0 0 0 0 0 0 0 0 0 0 0 0 0 0 0 0 0 0 0 0 0 0 0 0 0 0 0 0 0 0 0 0 0 0 0 0 0 0 0 0 0 0 0 0 0 0 0 0 0 0 0 0 0 0 0 0 0 0 0 0 0 0 0 0 0 0 0 0 0 0 0 0 0 0 0 0 0 0 0 0 0 0 0 0 0 0 0 0 0 0 0 0 0 0 0 0 0 0 0 0 0 0 0 0 0 0 0 0 0 0 0 0 0 0 0 0 0 0 0 0 0 0 0 0 0 0 0 0 0 0 0 0 0 0 0 0 0 0 0 0 0 0 0 0 0 0 0 0 0 0 0 0 0 0 0 0 0 0 0 0 0 0 0 0 0 0 0 0 0 0 0 0 0 0 0 0 0 0 0 0 0 0 0 0 0 0 0 0 0 0 0 0 0 0 0 0 0 0 0 0 0 0 0 0 0 0 0 0 0 0 0 0 0 0 0 0 0 0 0 0 0 0 0 0 0 0 0 0 0 0 0 0 0 0 0 0 0 0 0 0 0 0 0 0 0 0 0 0 0 0 0 0 0 0 0 0 0 0 0 0 0 0 0 0 0 0 0 0 0 0 0 0 0 0 0 0 0 0 0 0 0 0 0 0 0 0 0 0 0 0 0 0
 0 0 0 0 0 0 0 0 0 0 0 0 0 0 0 0 0 0 0 0 0 0 0 0 0 0 0 0 0 0 0 0 0 0 0 0 0 0 0 0 0 0 0 0 0 0 0 0 0 0 0 0 0 0 0 0 0 0 0 0 0 0 0 0 0 0 0 0 0 0 0 0 0 0 0 0 0 0 0 0 0 0 0 0 0 0 0 0 0 0 0 0 0 0 0 0 0 0 0 0 0 0 0 0 0 0 0 0 0 0 0 0 0 0 0 0 0 0 0 0 0 0 0 0 0 0 0 0 0 0 0 0 0 0 0 0 0 0 0 0 0 0 0 0 0 0 0 0 0 0 0 0 0 0 0 0 0 0 0 0 0 0 0 0 0 0 0 0 0 0 0 0 0 0 0 0 0 0 0 0 0 0 0 0 0 0 0 0 0 0 0 0 0 0 0 0 0 0 0 0 0 0 0 0 0 0 0 0 0 0 0 0 0 0 0 0 0 0 0 0 0 0 0 0 0 0 0 0 0 0 0 0 0 0 0 0 0 0 0 0 0 0 0 0 0 0 0 0 0 0 0 0 0 0 0 0 0 0 0 0 0 0 0 0 0 0 0 0 0 0 0 0 0 0 0 0 0 0 0 0 0 0 0 0 0 0 0 0 0 0 0 0 0 0 0 0 0 0 0 0 0 0 0 0 0 0 0 0 0 0 0 0 0 0 0 0 0 0 0 0 0 0 0 0 0 0 0 0 0 0 0 0 0 0 0 0 0 0 0 0 0 0 0 0 0 0 0 0 0 0 0 0 0 0 0 0 0 0 0 0 0 0 0 0 0 0 0 0 0 0 0 0 0 0 0 0 0 0 0 0 0 0 0 0 0 0 0 0 0 0 0 0 0 0 0 0 0 0 0 0 0 0 0 0 0 0 0 0 0 0 0 0 0 0 0 0 0 0 0 0 0 0 0 0 0 0 0 0 0 0 0 0 0 0 0 0 0 0 0 0 0 0 0 0 0 0 0 0 0 0 0 0 0 0 0 0 0 0 0 0 0 0 0 0 0 0 0 0 0 0 0 0 0 0 0 0 0 0 0 0 0 0 0 0 0 0 0 0 0 0 0 0 0 0 0 0 0 0 0 0 0 0 0 0 0 0 0 0 0 0 0 0 0 0 0 0 0 0 0 0 0 0 0 0 0 0 0 0 0 0 0 0 0 0 0 0 0 0 0 0 0 0 0 0 0 0 0 0 0 0 0 0 0 0 0 0 0 0 0 0 0 0 0 0 0 0 0 0 0 0 0 0 0 0 0 0 0 0 0 0 0 0 0 0 0 0 0 0 0 0 0 0 0 0 0 0 0 0 0 0
 0 0 0 0 0 0 0 0 0 0 0 0 0 0 0 0 0 0 0 0 0 0 0 0 0 0 0 0 0 0 0 0 0 0 0 0 0 0 0 0 0 0 0 0 0 0 0 0 0 0 0 0 0 0 0 0 0 0 0 0 0 0 0 0 0 0 0 0 0 0 0 0 0 0 0 0 0 0 0 0 0 0 0 0 0 0 0 0 0 0 0 0 0 0 0 0 0 0 0 0 0 0 0 0 0 0 0 0 0 0 0 0 0 0 0 0 0 0 0 0 0 0 0 0 0 0 0 0 0 0 0 0 0 0 0 0 0 0 0 0 0 0 0 0 0 0 0 0 0 0 0 0 0 0 0 0 0 0 0 0 0 0 0 0 0 0 0 0 0 0 0 0 0 0 0 0 0 0 0 0 0 0 0 0 0 0 0 0 0 0 0 0 0 0 0 0 0 0 0 0 0 0 0 0 0 0 0 0 0 0 0 0 0 0 0 0 0 0 0 0 0 0 0 0 0 0 0 0 0 0 0 0 0 0 0 0 0 0 0 0 0 0 0 0 0 0 0 0 0 0 0 0 0 0 0 0 0 0 0 0 0 0 0 0 0 0 0 0 0 0 0 0 0 0 0 0 0 0 0 0 0 0 0 0 0 0 0 0 0 0 0 0 0 0 0 0 0 0 0 0 0 0 0 0 0 0 0 0 0 0 0 0.0002905594301410019 0.001260853838175535 0.002930101007223129 0.005430565681308508 0.008813495747745037 0.0131453201174736 0.01853177323937416 0.02502338029444218 0.03273956477642059 0.04177194461226463 0.05211399868130684 0.06383794546127319 0.07697074115276337 0.0912618488073349 0.1065037623047829 0.1227234303951263 0.1400035172700882 0.1579266488552094 0.1765408664941788 0.1959511637687683 0.216210275888443 0.2373424768447876 0.2592957615852356 0.2818107008934021 0.3048676550388336 0.328488826751709 0.3502103388309479 0.3670902252197266 0.3772788047790527 0.3794127404689789 0.3724046051502228 0.3556547462940216 0.3378719985485077 0.3209784030914307 0.3049294948577881 0.2896830141544342 0.2751988768577576 0.2614389359951019 0.2483669817447662 0.2359486371278763 0.2241512089967728 0.2129436433315277 0.2022964656352997 0.1921816468238831 0.1825725585222244 0.173443928360939 0.1647717356681824 0.1565331518650055 0.1487064957618713 0.14127117395401 0.134207621216774 0.1274972409009933 0.1211223751306534 0.115066260099411 0.1093129441142082 0.1038472950458527 0.09865493327379227 0.09372218698263168 0.08903607726097107 0.08458427339792252 0.08035506308078766 0.0763373076915741 0.07252044230699539 0.06889442354440689 0.06544969975948334 0.06217721477150917 0.05906835570931435 0.05611493811011314 0.05330919101834297 0.05064373090863228 0.04811154305934906 0.04570596665143967 0.04342066869139671 0.04124963656067848 0.03918715566396713 0.03722779825329781 0.03536640852689743 0.03359808772802353 0.03191818296909332 0.03032227419316769 0.0288061611354351 0.02736585214734077 0.02599756047129631 0.02469768188893795 0.02346279844641685 0.02228965796530247 0.02117517590522766 0.02011641673743725 0.01911059580743313 0.01815506629645824 0.01724731363356113 0.01638494804501534 0.01556570082902908 0.01478741597384214 0.01404804550111294 0.01334564294666052 0.01267836056649685 0.01204444281756878 0.0114422207698226 0.01087010931223631 0.01032660342752934 0.009810273535549641 0.009319759905338287 0.008853771723806858 0.008411083370447159 0.007990528829395771 0.007591002620756626 0.007211452350020409 0.006850879639387131 0.006508335471153259 0.006182918790727854 0.005873772781342268 0.005580083932727575 0.005301079712808132 0.005036025773733854 0.004784224554896355 0.004545013420283794 0.004317762795835733 0.004101874772459269 0.003896781010553241 0.003701942041516304 0.003516844939440489 0.003341002622619271 0.003173952456563711 0.00301525485701859 0.002864492125809193 0.002721267519518733 0.002585204085335135 0.002455943962559104 0.002333146752789617 0.002216489519923925 0.002105664927512407 0.002000381704419851 0.001900362665764987 0.001805344480089843 0.001715077203698456 0.0016293233493343 0.001547857187688351 0.001470464281737804 0.001396941021084785 0.001327093923464417 0.001260739285498857 0.001197702367790043 0.001137817278504372 0.001080926391296089 0.001026880112476647 0.0009755361243151128 0.0009267593268305063 0.0008804213721305132 0.0008364003151655197 0.0007945803226903081 0.000754851324018091 0.0007171087781898677 0.0006812533247284591 0.0006471906672231853 0.0006148311076685786 0.0005840895464643836 0.0005548850749619305 0.0005271408008411527 0.0005007837899029255 0.0004757446004077792 0.0004519573703873903 0.0004293594975024462 0.0004078915226273239 0.0003874969552271068 0.0003681220987346023 0.0003497159923426807 0.0003322301781736314 0.0003156186721753329 0.0002998377312906086 0.0002848458534572273 0.0002706035738810897 0.0002570734068285674 0.0002442197292111814 0.0002320087369298562 0.0002204082993557677 0.0002093878865707666 0.0001989184966078028 0.0001889725681394339 0.0001795239368220791 0.0001705477334326133 0.0001620203402126208 0.0001539193181088194 0.0001462233485653996 0.0001389121753163636 0.0001319665607297793 0.00012536822760012 0.0001190998154925182 0.000113144822535105 0.0001074875835911371 0.0001021132047753781 9.700754162622616e-05 9.215716272592545e-05 8.75493060448207e-05 8.317184256156906e-05 7.901324715930969e-05 7.506258407374844e-05 7.130945596145466e-05 6.774398207198828e-05 6.435678369598463e-05 6.113894778536633e-05 5.808200148749165e-05 5.517790123121813e-05 5.241900726105087e-05 4.97980581712909e-05 4.730815635412e-05 4.494274980970658e-05 4.269561395631172e-05 4.056083344039507e-05 3.85327912226785e-05 3.660615038825199e-05 3.477584323263727e-05 3.303704943391494e-05 3.13851960527245e-05 2.981593570439145e-05 2.832513928296976e-05 2.690888140932657e-05 2.556343679316342e-05 2.428526568110101e-05 2.307100294274278e-05 2.19174526137067e-05 2.082158061966766e-05 1.978050204343162e-05 1.879147748695686e-05 1.78519039764069e-05 1.695930950518232e-05 1.611134393897373e-05 1.53057771967724e-05 1.454048833693378e-05 1.381346373818815e-05 1.312279073317768e-05 1.246665124199353e-05 1.184331904369174e-05 1.125115340983029e-05 1.068859546649037e-05 1.015416546579218e-05 9.646457328926772e-06 9.164134098682553e-06 8.705927029950544e-06 8.270631042250898e-06 7.857099262764677e-06 7.464244390575914e-06 7.091032330208691e-06 6.736480827385094e-06 6.399656740541104e-06 6.079673767089844e-06 5.775690169684822e-06 5.486905592988478e-06 5.212560154177481e-06 4.951932169205975e-06 4.704335424321471e-06 4.4691187213175e-06 4.245662694302155e-06 4.033379354950739e-06 3.831710273516364e-06 3.640124759840546e-06 3.458118499111151e-06 3.285212642367696e-06 3.120951987511944e-06 2.964904297186877e-06 2.816659161908319e-06 2.675826181075536e-06 2.542034962971229e-06 2.414933305772138e-06 2.294186742801685e-06 2.179477405661601e-06 2.070503569484572e-06 1.966978288692189e-06 1.868629396994947e-06 1.775197915776516e-06 1.686438054093742e-06 1.602116185495106e-06 1.522010393273376e-06 1.445909902031417e-06 1.373614395561162e-06 1.304933675783104e-06 1.239686980625265e-06 1.177702642962686e-06 1.118817522183235e-06 1.062876663127099e-06 1.009732841339428e-06 9.592462220098241e-07 9.11283905224991e-07 8.657196985950577e-07 8.224337193496467e-07 7.81312053277361e-07 7.422464705086895e-07 7.051341412989132e-07 6.69877408654429e-07
 0 0 0 0 0 0 0 0 0 0 0 0 0 0 0 0 0 0 0 0 0 0 0 0 0 0 0 0 0 0 0 0 0 0 0 0 0 0 0 0 0 0 0 0 0 0 0 0 0 0 0 0 0 0 0 0 0 0 0 0 0 0 0 0 0 0 0 0 0 0 0 0 0 0 0 0 0 0 0 0 0 0 0 0 0 0 0 0 0 0 0 0 0 0 0 0 0 0 0 0 0 0 0 0 0 0 0 0 0 0 0 0 0 0 0 0 0 0 0 0 0 0 0 0 0 0 0 0 0 0 0 0 0 0 0 0 0 0 0 0 0 0 0 0 0 0 0 0 0 0 0 0 0 0 0 0 0 0 0 0 0 0 0 0 0 0 0 0 0 0 0 0 0 0 0 0 0 0 0 0 0 0 0 0 0 0 0 0 0 0 0 0 0 0 0 0 0 0 0 0 0 0 0 0 0 0 0 0 0 0 0 0 0 0 0 0 0 0 0 0 0 0 0 0 0 0 0 0 0 0 0 0 0 0 0 0 0 0 0 0 0 0 0 0 0 0 0 0 0 0 0 0 0 0 0 0 0 0 0 0 0 0 0 0 0 0 0 0 0 0 0 0 0 0 0 0 0 0 0 0 0 0 0 0 0 0 0 0 0 0 0 0 0 0 0 0 0 0 0 0 0 0 0 0 0 0 0 0 0 0 0 0 0 0 0 0 0 0 0 0 0 0 0 0 0 0 0 0 0 0 0 0 0 0 0 0 0 0 0 0 0 0 0 0 0 0 0 0 0 0 0 0 0 0 0 0 0 0 0 0 0 0 0 0 0 0 0 0 0 0 0 0 0 0 0 0 0 0 0 0 0 0 0 0 0 0 0 0 0 0 0 0 0 0 0 0 0 0 0 0 0 0 0 0 0 0 0 0 0 0 0 0 0 0 0 0 0 0 0 0 0 0 0 0 0 0 0 0 0 0 0 0 0 0 0 0 0 0 0 0 0 0 0 0 0 0 0 0 0 0 0 0 0 0 0 0 0 0 0 0 0 0 0 0 0 0 0 0 0 0 0 0 0 0 0 0 0 0 0 0 0 0 0 0 0 0 0 0 0 0 0 0 0 0 0 0 0 0 0 0 0 0 0 0 0 0 0 0 0 0 0 0 0 0 0 0 0 0 0 0 0 0 0 0 0 0 0 0 0 0 0 0 0 0 0 0 0 0 0 0 0 0 0 0 0 0 0 0 0 0 0 0 0 0 0 0 0 0 0 0 0 0 0 0 0 0 0 0 0 0 0 0 0 0 0 0 0 0 0 0 0 0 0 0 0 0 0 0 0 0 0 0 0 0 0 0 0 0 0 0
 0 0 0 0 0 0 0 0 0 0 0 0 0 0 0 0 0 0 0 0 0 0 0 0 0 0 0 0 0 0 0 0 0 0 0 0 0 0 0 0 0 0 0 0 0 0 0 0 0 0 0 0 0 0 0 0 0 0 0 0 0 0 0 0 0 0 0 0 0 0 0 0 0 0 0 0 0 0 0 0 0 0 0 0 0 0 0 0 0 0 0 0 0 0 0 0 0 0 0 0 0 0 0 0 0 0 0 0 0 0 0 0 0 0 0 0 0 0 0 0 0 0 0 0 0 0 0 0 0 0 0 0 0 0 0 0 0 0 0 0 0 0 0 0 0 0 0 0 0 0 0 0 0 0 0 0 0 0 0 0 0 0 0 0 0 0 0 0 0 0 0 0 0 0 0 0 0 0 0 0 0 0 0 0 0 0 0 0 0 0 0 0 0 0 0 0 0 0 0 0 0 0 0 0 0 0 0 0 0 0 0 0 0 0 0 0 0 0 0 0 0 0 0 0 0 0 0 0 0 0 0 0 0 0 0 0 0 0 0 0 0 0 0 0 0 0 0 0 0 0 0 0 0 0 0 0 0 0 0 0 0 0 0 0 0 0 0 0 0 0 0 0 0 0 0 0 0 0 0 0 0 0 0 0 0 0 0 0 0 0 0 0 0 0 0 0 0 0 0 0 0 0 0 0 0 0 0 0 0 0 0 0 0 0 0 0 0 0 0 0 0 0 0 0 0 0 0 0 0 0 0 0 0 0 0 0 0 0 0 0 0 0 0 0 0 0 0 0 0 0 0 0 0 0 0 0 0 0 0 0 0 0 0 0 0 0 0 0 0 0 0 0 0 0 0 0 0 0 0 0 0 0 0 0 0 0 0 0 0 0 0 0 0 0 0 0 0 0 0 0 0 0 0 0 0 0 0 0 0 0 0 0 0 0 0 0 0 0 0 0 0 0 0 0 0 0 0 0 0 0 0 0 0 0 0 0 0 0 0 0 0 0 0 0 0 0 0 0 0 0 0 0 0 0 0 0 0 0 0 0 0 0 0 0 0 0 0 0 0 0 0 0 0 0 0 0 0 0 0 0 0 0 0 0 0 0 0 0 0 0 0 0 0 0 0 0 0 0 0 0 0 0 0 0 0 0 0 0 0 0 0 0 0 0 0 0 0 0 0 0 0 0 0 0 0 0 0 0 0 0 0 0 0 0 0 0 0 0 0 0 0 0 0 0 0 0 0 0 0 0 0 0 0 0 0 0 0 0 0 0 0 0 0 0 0 0 0 0 0 0 0 0 0 0 0 0 0 0 0 0 0 0 0 0 0 0 0 0 0 0 0 0 0 0 0 0 0 0 0 0
 0 0 0 0 0 0 0 0 0 0 0 0 0 0 0 0 0 0 0 0 0 0 0 0 0 0 0 0 0 0 0 0 0 0 0 0 0 0 0 0 0 0 0 0 0 0 0 0 0 0 0 0 0 0 0 0 0 0 0 0 0 0 0 0 0 0 0 0 0 0 0 0 0 0 0 0 0 0 0 0 0 0 0 0 0 0 0 0 0 0 0 0 0 0 0 0 0 0 0 0 0 0 0 0 0 0 0 0 0 0 0 0 0 0 0 0 0 0 0 0 0 0 0 0 0 0 0 0 0 0 0 0 0 0 0 0 0 0 0 0 0 0 0 0 0 0 0 0 0 0 0 0 0 0 0 0 0 0 0 0 0 0 0 0 0 0 0 0 0 0 0 0 0 0 0 0 0 0 0 0 0 0 0 0 0 0 0 0 0 0 0 0 0 0 0 0 0 0 0 0 0 0 0 0 0 0 0 0 0 0 0 0 0 0 0 0 0 0 0 0 0 0 0 0 0 0 0 0 0 0 0 0 0 0 0 0 0 0 0 0 0 0 0 0 0 0 0 0 0 0 0 0 0 0 0 0 0 0 0 0 0 0 0 0 0 0 0 0 0 0 0 0 0 0 0 0 0 0 0 0 0 0 0 0 0 0 0 0 0 0 0 0 0 0 0 0 0 0 0 0 0 0 0 0 0 0 0 0 0 0 0 0 0 0 0 0 0 0 0 0 0 0 0 0 0 0 0 0 0 0 0 0 0 0 0 0 0 0 0 0 0 0 0 0 0 0 0 0 0 0 0 0 0 0 0 0 0 0 0 0 0 0 0 0 0 0 0 0 0 0 0 0 0 0 0 0 0 0 0 0 0 0 0 0 0 0 0 0 0 0 0 0 0 0 0 0 0 0 0 0 0 0 0 0 0 0 0 0 0 0 0 0 0 0 0 0 0 0 0 0 0 0 0 0 0 0 0 0 0 0 0 0 0 0 0 0 0 0 0 0 0 0 0 0 0 0 0 0 0 0 0 0 0 0 0 0 0 0 0 0 0 0 0 0 0 0 0 0 0 0 0 0 0 0 0 0 0 0 0 0 0 0 0 0 0 0 0 0 0 0 0 0 0 0 0 0 0 0 0 0 0 0 0 0 0 0 0 0 0 0 0 0 0 0 0 0 0 0 0 0 0 0 0 0 0 0 0 0 0 0 0 0 0 0 0 0 0 0 0 0 0 0 0 0 0 0 0 0 0 0 0 0 0 0 0 0 0 0 0 0 0 0 0 0 0 0 0 0 0 0 0 0 0 0 0 0 0 0 0 0 0 0 0 0 0 0 0 0 0 0 0 0 0 0 0 0 0 0 0 0
 0 0 0 0 0 0 0 0 0 0 0 0 0 0 0 0 0 0 0 0 0 0 0 0 0 0 0 0 0 0 0 0 0 0 0 0 0 0 0 0 0 0 0 0 0 0 0 0 0 0 0 0 0 0 0 0 0 0 0 0 0 0 0 0 0 0 0 0 0 0 0 0 0 0 0 0 0 0 0 0 0 0 0 0 0 0 0 0 0 0 0 0 0 0 0 0 0 0 0 0 0 0 0 0 0 0 0 0 0 0 0 0 0 0 0 0 0 0 0 0 0 0 0 0 0 0 0 0 0 0 0 0 0 0 0 0 0 0 0 0 0 0 0 0 0 0 0 0 0 0 0 0 0 0 0 0 0 0 0 0 0 0 0 0 0 0 0 0 0 0 0 0 0 0 0 0 0 0 0 0 0 0 0 0 0 0 0 0 0 0 0 0 0 0 0 0 0 0 0 0 0 0 0 0 0 0 0 0 0 0 0 0 0 0 0 0 0 0 0 0 0 0 0 0 0 0 0 0 0 0 0 0 0 0 0 0 0 0 0 0 0 0 0 0 0 0 0 0 0 0 0 0 0 0 0 0 0 0 0 0 0 0 0 0 0 0 0 0 0 0 0 0 0 0 0 0 0 0 0 0 0 0 0 0 0 0 0 0 0 0 0 0 0 0 0 0 0 0 0 0 0 0 0 0 0 0 0 0 0 0 0 0 0.0003932757826987654 0.001423559035174549 0.003127650357782841 0.005567854270339012 0.008855332620441914 0.01302824448794127 0.01821618154644966 0.02451333403587341 0.03202374652028084 0.04078801721334457 0.05081503465771675 0.06217201799154282 0.07487846910953522 0.0888608917593956 0.1038447991013527 0.1197867393493652 0.1365719586610794 0.1539868265390396 0.1720445305109024 0.190912738442421 0.2106654047966003 0.2313233613967896 0.2528089880943298 0.275031179189682 0.2978560030460358 0.3212560415267944 0.3433977961540222 0.3612810969352722 0.3727759122848511 0.3765771985054016 0.3715397119522095 0.3568412363529205 0.3389991819858551 0.3220492303371429 0.3059467673301697 0.2906494140625 0.2761169373989105 0.2623111009597778 0.2491955459117889 0.2367357611656189 0.2248989790678024 0.213654026389122 0.2029713243246078 0.1928227543830872 0.1831816136837006 0.1740225255489349 0.1653213948011398 0.1570553183555603 0.1492025554180145 0.1417424231767654 0.1346552968025208 0.127922534942627 0.1215264052152634 0.1154500842094421 0.1096775829792023 0.104193702340126 0.0989840179681778 0.0940348207950592 0.08933307975530624 0.08486642688512802 0.08062310516834259 0.07659195363521576 0.07276235520839691 0.06912423670291901 0.065668024122715 0.06238462403416634 0.05926539376378059 0.05630212277173996 0.05348701775074005 0.05081266537308693 0.0482720322906971 0.04585843160748482 0.04356551170349121 0.04138723760843277 0.03931787610054016 0.03735198080539703 0.03548438102006912 0.03371016308665276 0.03202465549111366 0.03042342327535152 0.02890225127339363 0.02745713852345943 0.02608428150415421 0.02478006668388844 0.02354106307029724 0.02236400917172432 0.02124580927193165 0.02018351852893829 0.01917434297502041 0.01821562647819519 0.01730484515428543 0.01643960364162922 0.01561762392520905 0.01483674254268408 0.01409490499645472 0.01339016016572714 0.01272065192461014 0.01208461914211512 0.01148038823157549 0.01090636849403381 0.01036105025559664 0.009842997416853905 0.009350847452878952 0.00888330489397049 0.00843913946300745 0.008017182350158691 0.007616323418915272 0.007235507480800152 0.006873731967061758 0.006530045531690121 0.006203543394804001 0.005893366411328316 0.005598698277026415 0.005318763200193644 0.005052824970334768 0.004800183698534966 0.00456017442047596 0.004332165699452162 0.004115557298064232 0.003909779246896505 0.003714290214702487 0.003528575645759702 0.00335214682854712 0.003184539498761296 0.003025312442332506 0.002874046796932817 0.002730344422161579 0.0025938272010535 0.002464135875925422 0.002340929117053747 0.002223882591351867 0.00211268849670887 0.002007054165005684 0.001906701480038464 0.001811366411857307 0.001720798085443676 0.00163475819863379 0.001553020323626697 0.00147536932490766 0.001401600893586874 0.00133152084890753 0.001264944788999856 0.0012016975088045 0.001141612650826573 0.001084532006643713 0.001030305400490761 0.0009787901071831584 0.0009298506192862988 0.0008833580650389194 0.0008391901501454413 0.0007972306339070201 0.000757369096390903 0.0007195006473921239 0.0006835256353951991 0.0006493493565358222 0.0006168818799778819 0.0005860377568751574 0.0005567358457483351 0.0005288990796543658 0.0005024541169404984 0.0004773313994519413 0.0004534648323897272 0.0004307915805839002 0.0004092520102858543 0.0003887893981300294 0.000369349931133911 0.0003508824447635561 0.000333338335622102 0.0003166714159306139 0.0003008378553204238 0.0002857959480024874 0.0002715061418712139 0.0002579308347776532 0.0002450342872180045 0.0002327825786778703 0.0002211434475611895 0.0002100862766383216 0.0001995819620788097 0.0001896028697956353 0.0001801227335818112 0.0001711165969027206 0.0001625607692403719 0.0001544327242299914 0.0001467110851081088 0.0001393755374010652 0.0001324067561654374 0.0001257864205399528 0.0001194970973301679 0.000113522241008468 0.0001078461282304488 0.0001024538214551285 9.733113256515935e-05 9.246457921108231e-05 8.784134843153879e-05 8.344928210135549e-05 7.927681872388348e-05 7.531297887908295e-05 7.154732884373516e-05 6.796995876356959e-05 6.457146082539111e-05 6.134288560133427e-05 5.827574204886332e-05 5.536195385502651e-05 5.259385579847731e-05 4.99641646456439e-05 4.746595732285641e-05 4.509266000241041e-05 4.283802627469413e-05 4.069612623425201e-05 3.866132101393305e-05 3.672825550893322e-05 3.48918438248802e-05 3.314725108793937e-05 3.148988980683498e-05 2.991539440699853e-05 2.841962486854754e-05 2.699864307942335e-05 2.564871101640165e-05 2.436627619317733e-05 2.31479625654174e-05 2.199056507379282e-05 2.089103691105265e-05 1.984648588404525e-05 1.885416168079246e-05 1.791145405150019e-05 1.7015881894622e-05 1.61650877998909e-05 1.535683259135112e-05 1.458899077988463e-05 1.385954146826407e-05 1.316656471317401e-05 1.25082360682427e-05 1.188282385555794e-05 1.128868279920425e-05 1.072424856829457e-05 1.01880359579809e-05 9.678634341980796e-06 9.194702215609141e-06 8.734967195778154e-06 8.298218745039776e-06 7.883308171585668e-06 7.489142717531649e-06 7.114685558917699e-06 6.758951258234447e-06 6.421003490686417e-06 6.099953225202626e-06 5.794955541205127e-06 5.505207809619606e-06 5.229947419138625e-06 4.968449957232224e-06 4.72002739115851e-06 4.48402624897426e-06 4.259824891050812e-06 4.046833510074066e-06 3.84449185730773e-06 3.652267196230241e-06 3.469653847787413e-06 3.296171144029358e-06 3.131362518615788e-06 2.974794369947631e-06 2.826054696924984e-06 2.684751962078735e-06 2.550514409449534e-06 2.422988700345741e-06 2.301839231222402e-06 2.186747224186547e-06 2.077409817502485e-06 1.973539383470779e-06 1.874862391559873e-06 1.781119294719247e-06 1.692063278824207e-06 1.607460148989048e-06 1.527087192698673e-06 1.450732838748081e-06 1.378196202495019e-06 1.309286403738952e-06 1.243822111973714e-06 1.181630977953319e-06 1.122549406318285e-06 1.066421987161448e-06 1.013100927593769e-06 9.62445938057499e-07 9.143236638919916e-07 8.686074579600245e-07 8.25177096430707e-07 7.839182671887102e-07 7.447223424605909e-07 7.074862082845357e-07
 0 0 0 0 0 0 0 0 0 0 0 0 0 0 0 0 0 0 0 0 0 0 0 0 0 0 0 0 0 0 0 0 0 0 0 0 0 0 0 0 0 0 0 0 0 0 0 0 0 0 0 0 0 0 0 0 0 0 0 0 0 0 0 0 0 0 0 0 0 0 0 0 0 0 0 0 0 0 0 0 0 0 0 0 0 0 0 0 0 0 0 0 0 0 0 0 0 0 0 0 0 0 0 0 0 0 0 0 0 0 0 0 0 0 0 0 0 0 0 0 0 0 0 0 0 0 0 0 0 0 0 0 0 0 0 0 0 0 0 0 0 0 0 0 0 0 0 0 0 0 0 0 0 0 0 0 0 0 0 0 0 0 0 0 0 0 0 0 0 0 0 0 0 0 0 0 0 0 0 0 0 0 0 0 0 0 0 0 0 0 0 0 0 0 0 0 0 0 0 0 0 0 0 0 0 0 0 0 0 0 0 0 0 0 0 0 0 0 0 0 0 0 0 0 0 0 0 0 0 0 0 0 0 0 0 0 0 0 0 0 0 0 0 0 0 0 0 0 0 0 0 0 0 0 0 0 0 0 0 0 0 0 0 0 0 0 0 0 0 0 0 0 0 0 0 0 0 0 0 0 0 0 0 0 0 0 0 0 0 0 0 0 0 0 0 0 0 0 0 0 0 0 0 0 0 0 0 0 0 0 0 0 0 0 0 0 0 0 0 0 0 0 0 0 0 0 0 0 0 0 0 0 0 0 0 0 0 0 0 0 0 0 0 0 0 0 0 0 0 0 0 0 0 0 0 0 0 0 0 0 0 0 0 0 0 0 0 0 0 0 0 0 0 0 0 0 0 0 0 0 0 0 0 0 0 0 0 0 0 0 0 0 0 0 0 0 0 0 0 0 0 0 0 0 0 0 0 0 0 0 0 0 0 0 0 0 0 0 0 0 0 0 0 0 0 0 0 0 0 0 0 0 0 0 0 0 0 0 0 0 0 0 0 0 0 0 0 0 0 0 0 0 0 0 0 0 0 0 0 0 0 0 0 0 0 0 0 0 0 0 0 0 0 0 0 0 0 0 0 0 0 0 0 0 0 0 0 0 0 0 0 0 0 0 0 0 0 0 0 0 0 0 0 0 0 0 0 0 0 0 0 0 0 0 0 0 0 0 0 0 0 0 0 0 0 0 0 0 0 0 0 0 0 0 0 0 0 0 0 0 0 0 0 0 0 0 0 0 0 0 0 0 0 0 0 0 0 0 0 0 0 0 0 0 0 0 0 0 0 0 0 0 0 0 0 0 0 0 0 0 0 0 0 0 0 0 0 0 0 0 0 0 0 0 0 0 0 0 0 0
 0 0 0 0 0 0 0 0 0 0 0 0 0 0 0 0 0 0 0 0 0 0 0 0 0 0 0 0 0 0 0 0 0 0 0 0 0 0 0 0 0 0 0 0 0 0 0 0 0 0 0 0 0 0 0 0 0 0 0 0 0 0 0 0 0 0 0 0 0 0 0 0 0 0 0 0 0 0 0 0 0 0 0 0 0 0 0 0 0 0 0 0 0 0 0 0 0 0 0 0 0 0 0 0 0 0 0 0 0 0 0 0 0 0 0 0 0 0 0 0 0 0 0 0 0 0 0 0 0 0 0 0 0 0 0 0 0 0 0 0 0 0 0 0 0 0 0 0 0 0 0 0 0 0 0 0 0 0 0 0 0 0 0 0 0 0 0 0 0 0 0 0 0 0 0 0 0 0 0 0 0 0 0 0 0 0 0 0 0 0 0 0 0 0 0 0 0 0 0 0 0 0 0 0 0 0 0 0 0 0 0 0 0 0 0 0 0 0 0 0 0 0 0 0 0 0 0 0 0 0 0 0 0 0 0 0 0 0 0 0 0 0 0 0 0 0 0 0 0 0 0 0 0 0 0 0 0 0 0 0 0 0 0 0 0 0 0 0 0 0 0 0 0 0 0 0 0 0 0 0 0 0 0 0 0 0 0 0 0 0 0 0 0 0 0 0 0 0 0 0 0 0 0 0 0 0 0 0 0 0 0 0 0 0 0 0 0 0 0 0 0 0 0 0 0 0 0 0 0 0 0 0 0 0 0 0 0 0 0 0 0 0 0 0 0 0 0 0 0 0 0 0 0 0 0 0 0 0 0 0 0 0 0 0 0 0 0 0 0 0 0 0 0 0 0 0 0 0 0 0 0 0 0 0 0 0 0 0 0 0 0 0 0 0 0 0 0 0 0 0 0 0 0 0 0 0 0 0 0 0 0 0 0 0 0 0 0 0 0 0 0 0 0 0 0 0 0 0 0 0 0 0 0 0 0 0 0 0 0 0 0 0 0 0 0 0 0 0 0 0 0 0 0 0 0 0 0 0 0 0 0 0 0 0 0 0 0 0 0 0 0 0 0 0 0 0 0 0 0 0 0 0 0 0 0 0 0 0 0 0 0 0 0 0 0 0 0 0 0 0 0 0 0 0 0 0 0 0 0 0 0 0 0 0 0 0 0 0 0 0 0 0 0 0 0 0 0 0 0 0 0 0 0 0 0 0 0 0 0 0 0 0 0 0 0 0 0 0 0 0 0 0 0 0 0 0 0 0 0 0 0 0 0 0 0 0 0 0 0 0 0 0 0 0 0 0 0 0 0 0 0 0 0 0 0 0 0 0 0 0 0 0 0 0 0 0 0 0 0 0
 0 0 0 0 0 0 0 0 0 0 0 0 0 0 0 0 0 0 0 0 0 0 0 0 0 0 0 0 0 0 0 0 0 0 0 0 0 0 0 0 0 0 0 0 0 0 0 0 0 0 0 0 0 0 0 0 0 0 0 0 0 0 0 0 0 0 0 0 0 0 0 0 0 0 0 0 0 0 0 0 0 0 0 0 0 0 0 0 0 0 0 0 0 0 0 0 0 0 0 0 0 0 0 0 0 0 0 0 0 0 0 0 0 0 0 0 0 0 0 0 0 0 0 0 0 0 0 0 0 0 0 0 0 0 0 0 0 0 0 0 0 0 0 0 0 0 0 0 0 0 0 0 0 0 0 0 0 0 0 0 0 0 0 0 0 0 0 0 0 0 0 0 0 0 0 0 0 0 0 0 0 0 0 0 0 0 0 0 0 0 0 0 0 0 0 0 0 0 0 0 0 0 0 0 0 0 0 0 0 0 0 0 0 0 0 0 0 0 0 0 0 0 0 0 0 0 0 0 0 0 0 0 0 0 0 0 0 0 0 0 0 0 0 0 0 0 0 0 0 0 0 0 0 0 0 0 0 0 0 0 0 0 0 0 0 0 0 0 0 0 0 0 0 0 0 0 0 0 0 0 0 0 0 0 0 0 0 0 0 0 0 0 0 0 0 0 0 0 0 0 0 0 0 0 0 0 0 0 0 0 0 0 0 0 0 0 0 0 0 0 0 0 0 0 0 0 0 0 0 0 0 0 0 0 0 0 0 0 0 0 0 0 0 0 0 0 0 0 0 0 0 0 0 0 0 0 0 0 0 0 0 0 0 0 0 0 0 0 0 0 0 0 0 0 0 0 0 0 0 0 0 0 0 0 0 0 0 0 0 0 0 0 0 0 0 0 0 0 0 0 0 0 0 0 0 0 0 0 0 0 0 0 0 0 0 0 0 0 0 0 0 0 0 0 0 0 0 0 0 0 0 0 0 0 0 0 0 0 0 0 0 0 0 0 0 0 0 0 0 0 0 0 0 0 0 0 0 0 0 0 0 0 0 0 0 0 0 0 0 0 0 0 0 0 0 0 0 0 0 0 0 0 0 0 0 0 0 0 0 0 0 0 0 0 0 0 0 0 0 0 0 0 0 0 0 0 0 0 0 0 0 0 0 0 0 0 0 0 0 0 0 0 0 0 0 0 0 0 0 0 0 0 0 0 0 0 0 0 0 0 0 0 0 0 0 0 0 0 0 0 0 0 0 0 0 0 0 0 0 0 0 0 0 0 0 0 0 0 0 0 0 0 0 0 0 0 0 0 0 0 0 0 0 0 0 0 0 0 0 0 0 0 0 0 0 0 0 0 0 0
 0 0 0 0 0 0 0 0 0 0 0 0 0 0 0 0 0 0 0 0 0 0 0 0 0 0 0 0 0 0 0 0 0 0 0 0 0 0 0 0 0 0 0 0 0 0 0 0 0 0 0 0 0 0 0 0 0 0 0 0 0 0 0 0 0 0 0 0 0 0 0 0 0 0 0 0 0 0 0 0 0 0 0 0 0 0 0 0 0 0 0 0 0 0 0 0 0 0 0 0 0 0 0 0 0 0 0 0 0 0 0 0 0 0 0 0 0 0 0 0 0 0 0 0 0 0 0 0 0 0 0 0 0 0 0 0 0 0 0 0 0 0 0 0 0 0 0 0 0 0 0 0 0 0 0 0 0 0 0 0 0 0 0 0 0 0 0 0 0 0 0 0 0 0 0 0 0 0 0 0 0 0 0 0 0 0 0 0 0 0 0 0 0 0 0 0 0 0 0 0 0 0 0 0 0 0 0 0 0 0 0 0 0 0 0 0 0 0 0 0 0 0 0 0 0 0 0 0 0 0 0 0 0 0 0 0 0 0 0 0 0 0 0 0 0 0 0 0 0 0 0 0 0 0 0 0 0 0 0 0 0 0 0 0 0 0 0 0 0 0 0 0 0 0 0 0 0 0 0 0 0 0 0 0 0 0 0 0 0 0 0 0 0 0 0 0 0 0 0 0 0 0 0 0 0 0 0 0 0 0 0 0 0.0005621891468763351 0.00180799956433475 0.003755082841962576 0.006527587305754423 0.01018147543072701 0.014806161634624 0.02045862749218941 0.02722595445811749 0.03514299169182777 0.04436221718788147 0.05493916198611259 0.06695407629013062 0.08035463839769363 0.0948963463306427 0.1104281097650528 0.1270121484994888 0.1446539461612701 0.1631777286529541 0.182412326335907 0.2023963183164597 0.2230693995952606 0.2443041801452637 0.2661150395870209 0.288409024477005 0.3111793100833893 0.3344950377941132 0.3550394475460052 0.370226114988327 0.3783475756645203 0.3782704472541809 0.3689763247966766 0.3505274951457977 0.3330011069774628 0.316351056098938 0.3005335032939911 0.2855068147182465 0.271231472492218 0.2576698958873749 0.2447863966226578 0.2325470745563507 0.2209197282791138 0.2098737359046936 0.1993800550699234 0.1894110590219498 0.1799405068159103 0.170943483710289 0.1623963117599487 0.1542764902114868 0.1465626657009125 0.1392345279455185 0.13227279484272 0.1256591528654099 0.1193761974573135 0.1134073883295059 0.1077370196580887 0.1023501679301262 0.09723266214132309 0.09237103164196014 0.08775247633457184 0.08336485177278519 0.07919660955667496 0.07523678243160248 0.07147493958473206 0.06790119409561157 0.06450613588094711 0.06128082796931267 0.05821678787469864 0.05530595034360886 0.05254065245389938 0.04991361871361732 0.04741793870925903 0.04504704102873802 0.04279468953609467 0.04065495356917381 0.03862220421433449 0.0366910956799984 0.03485653921961784 0.03311371058225632 0.03145802393555641 0.02988512255251408 0.02839086577296257 0.02697132155299187 0.02562275528907776 0.02434161677956581 0.02312453649938107 0.02196830883622169 0.02086989395320415 0.01982639916241169 0.01883507892489433 0.01789332553744316 0.01699865981936455 0.01614872738718987 0.01534129120409489 0.01457422692328691 0.01384551543742418 0.01315324008464813 0.01249557826668024 0.01187079958617687 0.01127725932747126 0.01071339659392834 0.01017772685736418 0.00966884009540081 0.009185397997498512 0.008726128377020359 0.0082898223772645 0.007875331677496433 0.007481565233319998 0.007107486948370934 0.006752112414687872 0.006414506584405899 0.006093781441450119 0.005789092276245356 0.005499637685716152 0.005224655847996473 0.004963423125445843 0.004715251736342907 0.004479489289224148 0.004255514591932297 0.004042739048600197 0.00384060200303793 0.003648571902886033 0.003466143272817135 0.003292836016044021 0.003128194250166416 0.002971784444525838 0.002823195187374949 0.002682035323232412 0.002547933487221599 0.002420536708086729 0.002299509942531586 0.002184534445405006 0.002075307769700885 0.001971542369574308 0.001872965251095593 0.001779317040927708 0.001690351171419024 0.00160583364777267 0.001525542000308633 0.001449264935217798 0.001376801636070013 0.001307961530983448 0.00124256347771734 0.001180435298010707 0.001121413544751704 0.001065342919901013 0.001012075808830559 0.0009614720474928617 0.0009133984567597508 0.0008677285513840616 0.0008243421325460076 0.0007831250550225377 0.0007439688197337091 0.000706770399119705 0.0006714318878948689 0.000637860270217061 0.0006059672450646758 0.0005756688769906759 0.0005468854214996099 0.0005195411504246294 0.0004935641190968454 0.000468885904410854 0.0004454416048247367 0.0004231695202179253 0.0004020110354758799 0.0003819104749709368 0.000362814957043156 0.0003446742193773389 0.0003274405025877059 0.0003110684920102358 0.0002955150557681918 0.0002807393029797822 0.0002667023509275168 0.0002533672377467155 0.0002406988787697628 0.0002286639355588704 0.0002172307431465015 0.0002063692081719637 0.0001960507506737486 0.0001862482167780399 0.0001769358059391379 0.000168089012731798 0.0001596845686435699 0.0001517003402113914 0.000144115329021588 0.0001369095698464662 0.0001300640869885683 0.0001235608797287568 0.0001173828350147232 0.0001115136910811998 0.0001059380083461292 0.0001006411112030037 9.560905891703442e-05 9.082860924536362e-05 8.628718205727637e-05 8.197282295441255e-05 7.787418144289404e-05 7.398047455353662e-05 7.028145046206191e-05 6.676738121313974e-05 6.342901178868487e-05 6.025756010785699e-05 5.724468064727262e-05 5.438244625111111e-05 5.166332266526297e-05 4.908015762339346e-05 4.662614810513332e-05 4.429484033607878e-05 4.208009704598226e-05 3.997609383077361e-05 3.797729004872963e-05 3.607842518249527e-05 3.427450428716838e-05 3.256077980040573e-05 3.09327406284865e-05 2.938610305136535e-05 2.791679798974656e-05 2.652095827215817e-05 2.519490954000503e-05 2.393516479060054e-05 2.273840618727263e-05 2.160148505936377e-05 2.052141098829452e-05 1.949534089362714e-05 1.852057357609738e-05 1.759454426064622e-05 1.671481732046232e-05 1.587907718203496e-05 1.508512286818586e-05 1.433086708857445e-05 1.361432350677205e-05 1.29336076497566e-05 1.228692690347089e-05 1.167258051282261e-05 1.108895139623201e-05 1.053450341714779e-05 1.000777865556302e-05 9.507390132057481e-06 9.032020898303017e-06 8.580419489589985e-06 8.15139810583787e-06 7.743828064121772e-06 7.356636615440948e-06 6.988804670982063e-06 6.63936452838243e-06 6.307396233751206e-06 5.992026217427338e-06 5.692425020242808e-06 5.40780365554383e-06 5.137413609190844e-06 4.880542746832361e-06 4.636515768652316e-06 4.404690116643906e-06 4.18445551986224e-06 3.97523263018229e-06 3.776470975935808e-06 3.587647370295599e-06 3.408265001780819e-06 3.237851842641248e-06 3.075959284615237e-06 2.922161229435005e-06 2.776053179331939e-06 2.637250418047188e-06 2.505387783457991e-06 2.380118303335621e-06 2.261112285850686e-06 2.1480566374521e-06 2.040653725998709e-06 1.938621153385611e-06 1.841690050241596e-06 1.74960553067649e-06 1.662125214352272e-06 1.579018999109394e-06 1.50006803778524e-06 1.425064624527295e-06 1.353811398985272e-06 1.286120777876931e-06 1.221814727614401e-06 1.160723968496313e-06 1.10268774733413e-06 1.047553382704791e-06 9.951756965165259e-07 9.454169003220159e-07 8.981460268842056e-07 8.532387028026278e-07 8.105767506094708e-07 7.700479045524844e-07 7.315455263778858e-07 6.949682642698463e-07
 0 0 0 0 0 0 0 0 0 0 0 0 0 0 0 0 0 0 0 0 0 0 0 0 0 0 0 0 0 0 0 0 0 0 0 0 0 0 0 0 0 0 0 0 0 0 0 0 0 0 0 0 0 0 0 0 0 0 0 0 0 0 0 0 0 0 0 0 0 0 0 0 0 0 0 0 0 0 0 0 0 0 0 0 0 0 0 0 0 0 0 0 0 0 0 0 0 0 0 0 0 0 0 0 0 0 0 0 0 0 0 0 0 0 0 0 0 0 0 0 0 0 0 0 0 0 0 0 0 0 0 0 0 0 0 0 0 0 0 0 0 0 0 0 0 0 0 0 0 0 0 0 0 0 0 0 0 0 0 0 0 0 0 0 0 0 0 0 0 0 0 0 0 0 0 0 0 0 0 0 0 0 0 0 0 0 0 0 0 0 0 0 0 0 0 0 0 0 0 0 0 0 0 0 0 0 0 0 0 0 0 0 0 0 0 0 0 0 0 0 0 0 0 0 0 0 0 0 0 0 0 0 0 0 0 0 0 0 0 0 0 0 0 0 0 0 0 0 0 0 0 0 0 0 0 0 0 0 0 0 0 0 0 0 0 0 0 0 0 0 0 0 0 0 0 0 0 0 0 0 0 0 0 0 0 0 0 0 0 0 0 0 0 0 0 0 0 0 0 0 0 0 0 0 0 0 0 0 0 0 0 0 0 0 0 0 0 0 0 0 0 0 0 0 0 0 0 0 0 0 0 0 0 0 0 0 0 0 0 0 0 0 0 0 0 0 0 0 0 0 0 0 0 0 0 0 0 0 0 0 0 0 0 0 0 0 0 0 0 0 0 0 0 0 0 0 0 0 0 0 0 0 0 0 0 0 0 0 0 0 0 0 0 0 0 0 0 0 0 0 0 0 0 0 0 0 0 0 0 0 0 0 0 0 0 0 0 0 0 0 0 0 0 0 0 0 0 0 0 0 0 0 0 0 0 0 0 0 0 0 0 0 0 0 0 0 0 0 0 0 0 0 0 0 0 0 0 0 0 0 0 0 0 0 0 0 0 0 0 0 0 0 0 0 0 0 0 0 0 0 0 0 0 0 0 0 0 0 0 0 0 0 0 0 0 0 0 0 0 0 0 0 0 0 0 0 0 0 0 0 0 0 0 0 0 0 0 0 0 0 0 0 0 0 0 0 0 0 0 0 0 0 0 0 0 0 0 0 0 0 0 0 0 0 0 0 0 0 0 0 0 0 0 0 0 0 0 0 0 0 0 0 0 0 0 0 0 0 0 0 0 0 0 0 0 0 0 0 0 0 0 0 0 0 0 0 0 0 0 0 0 0 0 0 0 0 0 0 0 0
 0 0 0 0 0 0 0 0 0 0 0 0 0 0 0 0 0 0 0 0 0 0 0 0 0 0 0 0 0 0 0 0 0 0 0 0 0 0 0 0 0 0 0 0 0 0 0 0 0 0 0 0 0 0 0 0 0 0 0 0 0 0 0 0 0 0 0 0 0 0 0 0 0 0 0 0 0 0 0 0 0 0 0 0 0 0 0 0 0 0 0 0 0 0 0 0 0 0 0 0 0 0 0 0 0 0 0 0 0 0 0 0 0 0 0 0 0 0 0 0 0 0 0 0 0 0 0 0 0 0 0 0 0 0 0 0 0 0 0 0 0 0 0 0 0 0 0 0 0 0 0 0 0 0 0 0 0 0 0 0 0 0 0 0 0 0 0 0 0 0 0 0 0 0 0 0 0 0 0 0 0 0 0 0 0 0 0 0 0 0 0 0 0 0 0 0 0 0 0 0 0 0 0 0 0 0 0 0 0 0 0 0 0 0 0 0 0 0 0 0 0 0 0 0 0 0 0 0 0 0 0 0 0 0 0 0 0 0 0 0 0 0 0 0 0 0 0 0 0 0 0 0 0 0 0 0 0 0 0 0 0 0 0 0 0 0 0 0 0 0 0 0 0 0 0 0 0 0 0 0 0 0 0 0 0 0 0 0 0 0 0 0 0 0 0 0 0 0 0 0 0 0 0 0 0 0 0 0 0 0 0 0 0 0 0 0 0 0 0 0 0 0 0 0 0 0 0 0 0 0 0 0 0 0 0 0 0 0 0 0 0 0 0 0 0 0 0 0 0 0 0 0 0 0 0 0 0 0 0 0 0 0 0 0 0 0 0 0 0 0 0 0 0 0 0 0 0 0 0 0 0 0 0 0 0 0 0 0 0 0 0 0 0 0 0 0 0 0 0 0 0 0 0 0 0 0 0 0 0 0 0 0 0 0 0 0 0 0 0 0 0 0 0 0 0 0 0 0 0 0 0 0 0 0 0 0 0 0 0 0 0 0 0 0 0 0 0 0 0 0 0 0 0 0 0 0 0 0 0 0 0 0 0 0 0 0 0 0 0 0 0 0 0 0 0 0 0 0 0 0 0 0 0 0 0 0 0 0 0 0 0 0 0 0 0 0 0 0 0 0 0 0 0 0 0 0 0 0 0 0 0 0 0 0 0 0 0 0 0 0 0 0 0 0 0 0 0 0 0 0 0 0 0 0 0 0 0 0 0 0 0 0 0 0 0 0 0 0 0 0 0 0 0 0 0 0 0 0 0 0 0 0 0 0 0 0 0 0 0 0 0 0 0 0 0 0 0 0 0 0 0 0 0 0 0 0 0 0 0 0 0 0 0 0 0 0 0 0 0 0
 0 0 0 0 0 0 0 0 0 0 0 0 0 0 0 0 0 0 0 0 0 0 0 0 0 0 0 0 0 0 0 0 0 0 0 0 0 0 0 0 0 0 0 0 0 0 0 0 0 0 0 0 0 0 0 0 0 0 0 0 0 0 0 0 0 0 0 0 0 0 0 0 0 0 0 0 0 0 0 0 0 0 0 0 0 0 0 0 0 0 0 0 0 0 0 0 0 0 0 0 0 0 0 0 0 0 0 0 0 0 0 0 0 0 0 0 0 0 0 0 0 0 0 0 0 0 0 0 0 0 0 0 0 0 0 0 0 0 0 0 0 0 0 0 0 0 0 0 0 0 0 0 0 0 0 0 0 0 0 0 0 0 0 0 0 0 0 0 0 0 0 0 0 0 0 0 0 0 0 0 0 0 0 0 0 0 0 0 0 0 0 0 0 0 0 0 0 0 0 0 0 0 0 0 0 0 0 0 0 0 0 0 0 0 0 0 0 0 0 0 0 0 0 0 0 0 0 0 0 0 0 0 0 0 0 0 0 0 0 0 0 0 0 0 0 0 0 0 0 0 0 0 0 0 0 0 0 0 0 0 0 0 0 0 0 0 0 0 0 0 0 0 0 0 0 0 0 0 0 0 0 0 0 0 0 0 0 0 0 0 0 0 0 0 0 0 0 0 0 0 0 0 0 0 0 0 0 0 0 0 0 0 0 0 0 0 0 0 0 0 0 0 0 0 0 0 0 0 0 0 0 0 0 0 0 0 0 0 0 0 0 0 0 0 0 0 0 0 0 0 0 0 0 0 0 0 0 0 0 0 0 0 0 0 0 0 0 0 0 0 0 0 0 0 0 0 0 0 0 0 0 0 0 0 0 0 0 0 0 0 0 0 0 0 0 0 0 0 0 0 0 0 0 0 0 0 0 0 0 0 0 0 0 0 0 0 0 0 0 0 0 0 0 0 0 0 0 0 0 0 0 0 0 0 0 0 0 0 0 0 0 0 0 0 0 0 0 0 0 0 0 0 0 0 0 0 0 0 0 0 0 0 0 0 0 0 0 0 0 0 0 0 0 0 0 0 0 0 0 0 0 0 0 0 0 0 0 0 0 0 0 0 0 0 0 0 0 0 0 0 0 0 0 0 0 0 0 0 0 0 0 0 0 0 0 0 0 0 0 0 0 0 0 0 0 0 0 0 0 0 0 0 0 0 0 0 0 0 0 0 0 0 0 0 0 0 0 0 0 0 0 0 0 0 0 0 0 0 0 0 0 0 0 0 0 0 0 0 0 0 0 0 0 0 0 0 0 0 0 0 0 0 0 0 0 0 0 0 0 0 0 0 0 0 0 0 0 0 0 0
 0 0 0 0 0 0 0 0 0 0 0 0 0 0 0 0 0 0 0 0 0 0 0 0 0 0 0 0 0 0 0 0 0 0 0 0 0 0 0 0 0 0 0 0 0 0 0 0 0 0 0 0 0 0 0 0 0 0 0 0 0 0 0 0 0 0 0 0 0 0 0 0 0 0 0 0 0 0 0 0 0 0 0 0 0 0 0 0 0 0 0 0 0 0 0 0 0 0 0 0 0 0 0 0 0 0 0 0 0 0 0 0 0 0 0 0 0 0 0 0 0 0 0 0 0 0 0 0 0 0 0 0 0 0 0 0 0 0 0 0 0 0 0 0 0 0 0 0 0 0 0 0 0 0 0 0 0 0 0 0 0 0 0 0 0 0 0 0 0 0 0 0 0 0 0 0 0 0 0 0 0 0 0 0 0 0 0 0 0 0 0 0 0 0 0 0 0 0 0 0 0 0 0 0 0 0 0 0 0 0 0 0 0 0 0 0 0 0 0 0 0 0 0 0 0 0 0 0 0 0 0 0 0 0 0 0 0 0 0 0 0 0 0 0 0 0 0 0 0 0 0 0 0 0 0 0 0 0 0 0 0 0 0 0 0 0 0 0 0 0 0 0 0 0 0 0 0 0 0 0 0 0 0 0 0 0 0 0 0 0 0 0 0 0 0 0 0 0 0 0 0 0 0 0 0 0 0 0 0 0 0.0005551149370148778 0.001717366860248148 0.003602999728173018 0.006233800202608109 0.009635040536522865 0.0139217134565115 0.01919140107929707 0.02544122934341431 0.03268333524465561 0.04097262397408485 0.05049849301576614 0.06130116805434227 0.07339628040790558 0.08673268556594849 0.100918635725975 0.1159236803650856 0.1317998617887497 0.1485130935907364 0.1657432168722153 0.1835678666830063 0.2020482569932938 0.2212376594543457 0.2411686480045319 0.2617145776748657 0.2828039824962616 0.3044735789299011 0.3250213265419006 0.3413695096969604 0.3516683578491211 0.3546942472457886 0.3495180308818817 0.3352828323841095 0.3185186982154846 0.3025927543640137 0.2874631285667419 0.2730899751186371 0.2594354748725891 0.2464637011289597 0.2341405153274536 0.2224334925413132 0.2113118171691895 0.2007462233304977 0.1907089054584503 0.1811734586954117 0.1721147894859314 0.1635090559720993 0.1553336083889008 0.1475669294595718 0.1401885896921158 0.1331791579723358 0.1265202015638351 0.1201941892504692 0.1141844764351845 0.1084752529859543 0.1030514910817146 0.09789891541004181 0.09300397336483002 0.08835377544164658 0.08393608778715134 0.0797392800450325 0.07575231790542603 0.07196470350027084 0.06836646795272827 0.06494814157485962 0.0617007352411747 0.05861569941043854 0.05568491294980049 0.05290066823363304 0.05025563389062881 0.04774285107851028 0.04535570740699768 0.0430879220366478 0.0409335270524025 0.03888685256242752 0.03694251179695129 0.03509538620710373 0.03334061801433563 0.03167358785867691 0.03008990921080112 0.0285854134708643 0.02715614251792431 0.02579833567142487 0.02450841851532459 0.02328299731016159 0.02211884781718254 0.02101290598511696 0.0199622604995966 0.01896414719521999 0.01801593974232674 0.01711514219641685 0.01625938527286053 0.01544641610234976 0.01467409543693066 0.01394039019942284 0.01324337068945169 0.01258120220154524 0.01195214223116636 0.0113545348867774 0.0107868080958724 0.01024746801704168 0.009735094383358955 0.00924833957105875 0.008785923011600971 0.008346626535058022 0.007929295301437378 0.007532830350100994 0.007156188599765301 0.006798379123210907 0.006458460353314877 0.006135537289083004 0.00582876056432724 0.005537322722375393 0.00526045635342598 0.004997433628886938 0.004747562110424042 0.004510183818638325 0.004284674767404795 0.004070441238582134 0.00386691908352077 0.003673573024570942 0.003489894326776266 0.003315399633720517 0.003149629570543766 0.002992148045450449 0.002842540619894862 0.002700413577258587 0.002565392991527915 0.002437123330309987 0.002315267222002149 0.002199503825977445 0.002089528599753976 0.001985052134841681 0.001885799574665725 0.001791509566828609 0.001701934030279517 0.001616837340407073 0.001535995514132082 0.001459195744246244 0.001386235933750868 0.00131692411378026 0.001251077861525118 0.001188523950986564 0.001129097770899534 0.001072642859071493 0.00101901066955179 0.0009680601069703698 0.0009196571190841496 0.0008736742893233895 0.0008299906039610505 0.0007884911028668284 0.0007490665302611887 0.0007116132183000445 0.0006760325632058084 0.0006422309088520706 0.0006101193721406162 0.000579613377340138 0.0005506327142938972 0.0005231010727584362 0.0004969460424035788 0.0004720987344626337 0.0004484938108362257 0.0004260691348463297 0.0004047656839247793 0.0003845274040941149 0.0003653010353446007 0.0003470359952189028 0.0003296842041891068 0.000313199998345226 0.0002975399838760495 0.000282662978861481 0.000268529838649556 0.0002551033394411206 0.0002423481782898307 0.0002302307693753392 0.0002187192294513807 0.0002077832614304498 0.00019739409617614 0.0001875243906397372 0.0001781481696525589 0.0001692407677182928 0.0001607787271495908 0.0001527397835161537 0.0001451027928851545 0.0001378476590616629 0.0001309552753809839 0.0001244075101567432 0.0001181871339213103 0.0001122777757700533 0.0001066638869815506 0.0001013306900858879 9.626415703678504e-05 9.145095100393519e-05 8.687840454513207e-05 8.253448322648183e-05 7.840775651857257e-05 7.448736869264394e-05 7.076300244079903e-05 6.722484977217391e-05 6.386360473698005e-05 6.067042340873741e-05 5.76369020564016e-05 5.475505531649105e-05 5.20173016411718e-05 4.941643783240579e-05 4.694561721407808e-05 4.45983350800816e-05 4.23684177803807e-05 4.024999725515954e-05 3.823749648290686e-05 3.632562220445834e-05 3.450933945714496e-05 3.278387157479301e-05 3.114467835985124e-05 2.958744516945444e-05 2.810807200148702e-05 2.670266803761479e-05 2.536753527238034e-05 2.409915759926662e-05 2.289419899170753e-05 2.174948895117268e-05 2.066201523120981e-05 1.962891474249773e-05 1.864746809587814e-05 1.771509414538741e-05 1.682933907432016e-05 1.598787275725044e-05 1.518847875559004e-05 1.442905522708315e-05 1.370760219288059e-05 1.302222244703444e-05 1.237111155205639e-05 1.175255601992831e-05 1.116492785513401e-05 1.060668182617519e-05 1.007634818961378e-05 9.572530871082563e-06 9.093904736801051e-06 8.639209227112588e-06 8.207248356484342e-06 7.796886166033801e-06 7.407041721307905e-06 7.036689567030407e-06 6.684855179628357e-06 6.350612238747999e-06 6.033081717760069e-06 5.731427791033639e-06 5.444856469694059e-06 5.172613782633562e-06 4.913983048027148e-06 4.668283963837894e-06 4.434869879332837e-06 4.21312643084093e-06 4.002470177510986e-06 3.802346782322275e-06 3.612229420468793e-06 3.431617869864567e-06 3.26003691952792e-06 3.097035005339421e-06 2.942183300547185e-06 2.795074124151142e-06 2.655320486155688e-06 2.522554495953955e-06 2.396426680206787e-06 2.276605300721712e-06 2.162774990210892e-06 2.054636297543766e-06 1.95190455087868e-06 1.854309289228695e-06 1.761593807714235e-06 1.673514134381549e-06 1.589838461768522e-06 1.510346578470489e-06 1.434829300706042e-06 1.363087790196005e-06 1.294933440476598e-06 1.230186740031058e-06 1.16867738597648e-06 1.110243488255946e-06 1.054731342264859e-06 1.001994746729906e-06 9.51895003709069e-07 9.043002364705899e-07 8.590852189627185e-07 8.161309779097792e-07 7.753244517516578e-07 7.365582064267073e-07 6.997303216849105e-07 6.647438226536906e-07 6.315066229944932e-07 5.999312975291105e-07
 0 0 0 0 0 0 0 0 0 0 0 0 0 0 0 0 0 0 0 0 0 0 0 0 0 0 0 0 0 0 0 0 0 0 0 0 0 0 0 0 0 0 0 0 0 0 0 0 0 0 0 0 0 0 0 0 0 0 0 0 0 0 0 0 0 0 0 0 0 0 0 0 0 0 0 0 0 0 0 0 0 0 0 0 0 0 0 0 0 0 0 0 0 0 0 0 0 0 0 0 0 0 0 0 0 0 0 0 0 0 0 0 0 0 0 0 0 0 0 0 0 0 0 0 0 0 0 0 0 0 0 0 0 0 0 0 0 0 0 0 0 0 0 0 0 0 0 0 0 0 0 0 0 0 0 0 0 0 0 0 0 0 0 0 0 0 0 0 0 0 0 0 0 0 0 0 0 0 0 0 0 0 0 0 0 0 0 0 0 0 0 0 0 0 0 0 0 0 0 0 0 0 0 0 0 0 0 0 0 0 0 0 0 0 0 0 0 0 0 0 0 0 0 0 0 0 0 0 0 0 0 0 0 0 0 0 0 0 0 0 0 0 0 0 0 0 0 0 0 0 0 0 0 0 0 0 0 0 0 0 0 0 0 0 0 0 0 0 0 0 0 0 0 0 0 0 0 0 0 0 0 0 0 0 0 0 0 0 0 0 0 0 0 0 0 0 0 0 0 0 0 0 0 0 0 0 0 0 0 0 0 0 0 0 0 0 0 0 0 0 0 0 0 0 0 0 0 0 0 0 0 0 0 0 0 0 0 0 0 0 0 0 0 0 0 0 0 0 0 0 0 0 0 0 0 0 0 0 0 0 0 0 0 0 0 0 0 0 0 0 0 0 0 0 0 0 0 0 0 0 0 0 0 0 0 0 0 0 0 0 0 0 0 0 0 0 0 0 0 0 0 0 0 0 0 0 0 0 0 0 0 0 0 0 0 0 0 0 0 0 0 0 0 0 0 0 0 0 0 0 0 0 0 0 0 0 0 0 0 0 0 0 0 0 0 0 0 0 0 0 0 0 0 0 0 0 0 0 0 0 0 0 0 0 0 0 0 0 0 0 0 0 0 0 0 0 0 0 0 0 0 0 0 0 0 0 0 0 0 0 0 0 0 0 0 0 0 0 0 0 0 0 0 0 0 0 0 0 0 0 0 0 0 0 0 0 0 0 0 0 0 0 0 0 0 0 0 0 0 0 0 0 0 0 0 0 0 0 0 0 0 0 0 0 0 0 0 0 0 0 0 0 0 0 0 0 0 0 0 0 0 0 0 0 0 0 0 0 0 0 0 0 0 0 0 0 0 0 0 0 0 0 0 0 0 0 0 0 0 0 0 0 0 0 0 0 0 0 0 0
 0 0 0 0 0 0 0 0 0 0 0 0 0 0 0 0 0 0 0 0 0 0 0 0 0 0 0 0 0 0 0 0 0 0 0 0 0 0 0 0 0 0 0 0 0 0 0 0 0 0 0 0 0 0 0 0 0 0 0 0 0 0 0 0 0 0 0 0 0 0 0 0 0 0 0 0 0 0 0 0 0 0 0 0 0 0 0 0 0 0 0 0 0 0 0 0 0 0 0 0 0 0 0 0 0 0 0 0 0 0 0 0 0 0 0 0 0 0 0 0 0 0 0 0 0 0 0 0 0 0 0 0 0 0 0 0 0 0 0 0 0 0 0 0 0 0 0 0 0 0 0 0 0 0 0 0 0 0 0 0 0 0 0 0 0 0 0 0 0 0 0 0 0 0 0 0 0 0 0 0 0 0 0 0 0 0 0 0 0 0 0 0 0 0 0 0 0 0 0 0 0 0 0 0 0 0 0 0 0 0 0 0 0 0 0 0 0 0 0 0 0 0 0 0 0 0 0 0 0 0 0 0 0 0 0 0 0 0 0 0 0 0 0 0 0 0 0 0 0 0 0 0 0 0 0 0 0 0 0 0 0 0 0 0 0 0 0 0 0 0 0 0 0 0 0 0 0 0 0 0 0 0 0 0 0 0 0 0 0 0 0 0 0 0 0 0 0 0 0 0 0 0 0 0 0 0 0 0 0 0 0 0 0 0 0 0 0 0 0 0 0 0 0 0 0 0 0 0 0 0 0 0 0 0 0 0 0 0 0 0 0 0 0 0 0 0 0 0 0 0 0 0 0 0 0 0 0 0 0 0 0 0 0 0 0 0 0 0 0 0 0 0 0 0 0 0 0 0 0 0 0 0 0 0 0 0 0 0 0 0 0 0 0 0 0 0 0 0 0 0 0 0 0 0 0 0 0 0 0 0 0 0 0 0 0 0 0 0 0 0 0 0 0 0 0 0 0 0 0 0 0 0 0 0 0 0 0 0 0 0 0 0 0 0 0 0 0 0 0 0 0 0 0 0 0 0 0 0 0 0 0 0 0 0 0 0 0 0 0 0 0 0 0 0 0 0 0 0 0 0 0 0 0 0 0 0 0 0 0 0 0 0 0 0 0 0 0 0 0 0 0 0 0 0 0 0 0 0 0 0 0 0 0 0 0 0 0 0 0 0 0 0 0 0 0 0 0 0 0 0 0 0 0 0 0 0 0 0 0 0 0 0 0 0 0 0 0 0 0 0 0 0 0 0 0 0 0 0 0 0 0 0 0 0 0 0 0 0 0 0 0 0 0 0 0 0 0 0 0 0 0 0 0 0 0 0 0 0 0 0 0 0 0 0 0 0 0 0 0 0
 0 0 0 0 0 0 0 0 0 0 0 0 0 0 0 0 0 0 0 0 0 0 0 0 0 0 0 0 0 0 0 0 0 0 0 0 0 0 0 0 0 0 0 0 0 0 0 0 0 0 0 0 0 0 0 0 0 0 0 0 0 0 0 0 0 0 0 0 0 0 0 0 0 0 0 0 0 0 0 0 0 0 0 0 0 0 0 0 0 0 0 0 0 0 0 0 0 0 0 0 0 0 0 0 0 0 0 0 0 0 0 0 0 0 0 0 0 0 0 0 0 0 0 0 0 0 0 0 0 0 0 0 0 0 0 0 0 0 0 0 0 0 0 0 0 0 0 0 0 0 0 0 0 0 0 0 0 0 0 0 0 0 0 0 0 0 0 0 0 0 0 0 0 0 0 0 0 0 0 0 0 0 0 0 0 0 0 0 0 0 0 0 0 0 0 0 0 0 0 0 0 0 0 0 0 0 0 0 0 0 0 0 0 0 0 0 0 0 0 0 0 0 0 0 0 0 0 0 0 0 0 0 0 0 0 0 0 0 0 0 0 0 0 0 0 0 0 0 0 0 0 0 0 0 0 0 0 0 0 0 0 0 0 0 0 0 0 0 0 0 0 0 0 0 0 0 0 0 0 0 0 0 0 0 0 0 0 0 0 0 0 0 0 0 0 0 0 0 0 0 0 0 0 0 0 0 0 0 0 0 0 0 0 0 0 0 0 0 0 0 0 0 0 0 0 0 0 0 0 0 0 0 0 0 0 0 0 0 0 0 0 0 0 0 0 0 0 0 0 0 0 0 0 0 0 0 0 0 0 0 0 0 0 0 0 0 0 0 0 0 0 0 0 0 0 0 0 0 0 0 0 0 0 0 0 0 0 0 0 0 0 0 0 0 0 0 0 0 0 0 0 0 0 0 0 0 0 0 0 0 0 0 0 0 0 0 0 0 0 0 0 0 0 0 0 0 0 0 0 0 0 0 0 0 0 0 0 0 0 0 0 0 0 0 0 0 0 0 0 0 0 0 0 0 0 0 0 0 0 0 0 0 0 0 0 0 0 0 0 0 0 0 0 0 0 0 0 0 0 0 0 0 0 0 0 0 0 0 0 0 0 0 0 0 0 0 0 0 0 0 0 0 0 0 0 0 0 0 0 0 0 0 0 0 0 0 0 0 0 0 0 0 0 0 0 0 0 0 0 0 0 0 0 0 0 0 0 0 0 0 0 0 0 0 0 0 0 0 0 0 0 0 0 0 0 0 0 0 0 0 0 0 0 0 0 0 0 0 0 0 0 0 0 0 0 0 0 0 0 0 0 0 0 0 0 0 0 0 0 0 0 0 0 0 0 0 0 0 0 0
 0 0 0 0 0 0 0 0 0 0 0 0 0 0 0 0 0 0 0 0 0 0 0 0 0 0 0 0 0 0 0 0 0 0 0 0 0 0 0 0 0 0 0 0 0 0 0 0 0 0 0 0 0 0 0 0 0 0 0 0 0 0 0 0 0 0 0 0 0 0 0 0 0 0 0 0 0 0 0 0 0 0 0 0 0 0 0 0 0 0 0 0 0 0 0 0 0 0 0 0 0 0 0 0 0 0 0 0 0 0 0 0 0 0 0 0 0 0 0 0 0 0 0 0 0 0 0 0 0 0 0 0 0 0 0 0 0 0 0 0 0 0 0 0 0 0 0 0 0 0 0 0 0 0 0 0 0 0 0 0 0 0 0 0 0 0 0 0 0 0 0 0 0 0 0 0 0 0 0 0 0 0 0 0 0 0 0 0 0 0 0 0 0 0 0 0 0 0 0 0 0 0 0 0 0 0 0 0 0 0 0 0 0 0 0 0 0 0 0 0 0 0 0 0 0 0 0 0 0 0 0 0 0 0 0 0 0 0 0 0 0 0 0 0 0 0 0 0 0 0 0 0 0 0 0 0 0 0 0 0 0 0 0 0 0 0 0 0 0 0 0 0 0 0 0 0 0 0 0 0 0 0 0 0 0 0 0 0 0 0 0 0 0 0 0 0 0 0 0 0 0 0 0 0 0 0 0 0 0 0 0 0.000472664280096069 0.001604427467100322 0.003435010556131601 0.006052682641893625 0.009565075859427452 0.01404670812189579 0.01953826285898685 0.02608854509890079 0.03378068655729294 0.04269873723387718 0.05285347998142242 0.06430553644895554 0.0770954042673111 0.09103889018297195 0.1058562844991684 0.1215831860899925 0.1381130516529083 0.1553458571434021 0.1732016503810883 0.1917585581541061 0.2111187875270844 0.2313319593667984 0.2523748278617859 0.2742059826850891 0.2965661883354187 0.3194560110569 0.3405617475509644 0.3570624589920044 0.3670054972171783 0.3692098557949066 0.3627437055110931 0.3467977344989777 0.3294578492641449 0.3129849433898926 0.297335684299469 0.2824689149856567 0.2683454751968384 0.2549282014369965 0.2421817928552628 0.2300727069377899 0.2185690701007843 0.2076406180858612 0.1972585916519165 0.1873956620693207 0.178025871515274 0.169124573469162 0.1606683433055878 0.1526349186897278 0.1450031697750092 0.1377530097961426 0.1308653652667999 0.1243220940232277 0.1181059926748276 0.1122006922960281 0.1065906584262848 0.1012611240148544 0.09619806706905365 0.09138816595077515 0.08681875467300415 0.08247781544923782 0.07835392653942108 0.07443623244762421 0.07071442157030106 0.06717870384454727 0.0638197660446167 0.06062877923250198 0.05759733915328979 0.05471747368574142 0.0519815981388092 0.0493825189769268 0.04691339284181595 0.04456772282719612 0.04233933612704277 0.04022236913442612 0.03821124881505966 0.03630068525671959 0.03448564931750298 0.03276136517524719 0.03112329728901386 0.02956713177263737 0.0280887745320797 0.02668433636426926 0.02535011991858482 0.0240826141089201 0.02287848293781281 0.02173455804586411 0.02064782939851284 0.01961543783545494 0.01863466575741768 0.01770293340086937 0.01681778579950333 0.01597689650952816 0.01517805177718401 0.01441914960741997 0.01369819231331348 0.01301328279078007 0.01236261893063784 0.01174448803067207 0.0111572640016675 0.01059940084815025 0.01006943080574274 0.009565959684550762 0.009087661281228065 0.00863327831029892 0.008201614022254944 0.007791533134877682 0.007401956245303154 0.007031858433037996 0.006680265534669161 0.006346252281218767 0.006028939504176378 0.005727492738515139 0.005441118031740189 0.005169061943888664 0.004910608753561974 0.00466507812961936 0.004431824199855328 0.004210232757031918 0.003999721258878708 0.003799735102802515 0.003609748324379325 0.003429260803386569 0.003257797798141837 0.003094907850027084 0.002940162550657988 0.002793154446408153 0.00265349680557847 0.002520821988582611 0.002394780982285738 0.002275042003020644 0.002161289798095822 0.002053225412964821 0.001950564095750451 0.001853035879321396 0.001760384067893028 0.001672364887781441 0.0015887466724962 0.001509309280663729 0.001433843863196671 0.001362151699140668 0.001294044079259038 0.00122934184037149 0.001167874783277512 0.001109481090679765 0.001054007094353437 0.001001306693069637 0.0009512413525953889 0.0009036792907863855 0.0008584953029640019 0.0008155705290846527 0.0007747919880785048 0.0007360524032264948 0.0006992497947067022 0.0006642873049713671 0.0006310729659162462 0.0005995192914269865 0.0005695433355867863 0.000541066168807447 0.0005140128778293729 0.000488312216475606 0.0004638966056518257 0.0004407017841003835 0.0004186666919849813 0.0003977333544753492 0.0003778466780204326 0.0003589543339330703 0.0003410066128708422 0.0003239562793169171 0.0003077584551647305 0.000292370532406494 0.0002777519985102117 0.0002638644073158503 0.0002506711753085256 0.0002381376107223332 0.0002262307243654504 0.0002149191859643906 0.0002041732223005965 0.0001939645590027794 0.0001842663332354277 0.0001750530209392309 0.0001663003640715033 0.0001579853415023535 0.0001500860671512783 0.0001425817608833313 0.0001354526757495478 0.0001286800397792831 0.0001222460414282978 0.0001161337422672659 0.0001103270551539026 0.0001048107005772181 9.957016300177202e-05 9.459165448788553e-05 8.98620710358955e-05 8.536897075828165e-05 8.110052294796333e-05 7.704549352638423e-05 7.319321593968198e-05 6.95335547789e-05 6.605687667615712e-05 6.275403575273231e-05 5.961633360129781e-05 5.663551564794034e-05 5.38037384103518e-05 5.111355130793527e-05 4.855787483393215e-05 4.612998236552812e-05 4.382348197395913e-05 4.163230914855376e-05 3.955069405492395e-05 3.757315789698623e-05 3.569449836504646e-05 3.39097750838846e-05 3.221428778488189e-05 3.060357266804203e-05 2.907339330704417e-05 2.761972427833825e-05 2.623873842821922e-05 2.492680141585879e-05 2.368046079936903e-05 2.249643694085535e-05 2.137161573045887e-05 2.030303585343063e-05 1.928788333316334e-05 1.832348971220199e-05 1.740731568133924e-05 1.653694926062599e-05 1.571010216139257e-05 1.492459705332294e-05 1.417836756445467e-05 1.346944918623194e-05 1.27959765450214e-05 1.215617794514401e-05 1.154836900241207e-05 1.097095082513988e-05 1.042240364768077e-05 9.901283192448318e-06 9.406218850926962e-06 8.935908226703759e-06 8.489112587994896e-06 8.064656867645681e-06 7.661424206162337e-06 7.278353223227896e-06 6.914435743965441e-06 6.568714070454007e-06 6.240278253244469e-06 5.928264272370143e-06 5.631850854115328e-06 5.350258106773254e-06 5.082745246909326e-06 4.828607870877022e-06 4.587177500070538e-06 4.357818397693336e-06 4.139927568758139e-06 3.93293112210813e-06 3.736284497790621e-06 3.549470193320303e-06 3.371996626810869e-06 3.203396772732958e-06 3.04322702504578e-06 2.891065605581389e-06 2.746512336671003e-06 2.609186822155607e-06 2.478727537891245e-06 2.354791149627999e-06 2.237051603515283e-06 2.125198989233468e-06 2.018939085246529e-06 1.917992221933673e-06 1.822092599468306e-06 1.730987946757523e-06 1.64443849826057e-06 1.56221653924149e-06 1.484105723648099e-06 1.409900391990959e-06 1.339405343969702e-06 1.272435042665165e-06 1.208813273478881e-06 1.148372575698886e-06 1.090953901439207e-06 1.036406160892511e-06 9.845858812695951e-07 9.353565815217735e-07 8.885887723408814e-07 8.441593308816664e-07 8.019513870749506e-07 7.618538120368612e-07 7.237611043819925e-07 6.875730491628929e-07 6.531943768095516e-07
 0 0 0 0 0 0 0 0 0 0 0 0 0 0 0 0 0 0 0 0 0 0 0 0 0 0 0 0 0 0 0 0 0 0 0 0 0 0 0 0 0 0 0 0 0 0 0 0 0 0 0 0 0 0 0 0 0 0 0 0 0 0 0 0 0 0 0 0 0 0 0 0 0 0 0 0 0 0 0 0 0 0 0 0 0 0 0 0 0 0 0 0 0 0 0 0 0 0 0 0 0 0 0 0 0 0 0 0 0 0 0 0 0 0 0 0 0 0 0 0 0 0 0 0 0 0 0 0 0 0 0 0 0 0 0 0 0 0 0 0 0 0 0 0 0 0 0 0 0 0 0 0 0 0 0 0 0 0 0 0 0 0 0 0 0 0 0 0 0 0 0 0 0 0 0 0 0 0 0 0 0 0 0 0 0 0 0 0 0 0 0 0 0 0 0 0 0 0 0 0 0 0 0 0 0 0 0 0 0 0 0 0 0 0 0 0 0 0 0 0 0 0 0 0 0 0 0 0 0 0 0 0 0 0 0 0 0 0 0 0 0 0 0 0 0 0 0 0 0 0 0 0 0 0 0 0 0 0 0 0 0 0 0 0 0 0 0 0 0 0 0 0 0 0 0 0 0 0 0 0 0 0 0 0 0 0 0 0 0 0 0 0 0 0 0 0 0 0 0 0 0 0 0 0 0 0 0 0 0 0 0 0 0 0 0 0 0 0 0 0 0 0 0 0 0 0 0 0 0 0 0 0 0 0 0 0 0 0 0 0 0 0 0 0 0 0 0 0 0 0 0 0 0 0 0 0 0 0 0 0 0 0 0 0 0 0 0 0 0 0 0 0 0 0 0 0 0 0 0 0 0 0 0 0 0 0 0 0 0 0 0 0 0 0 0 0 0 0 0 0 0 0 0 0 0 0 0 0 0 0 0 0 0 0 0 0 0 0 0 0 0 0 0 0 0 0 0 0 0 0 0 0 0 0 0 0 0 0 0 0 0 0 0 0 0 0 0 0 0 0 0 0 0 0 0 0 0 0 0 0 0 0 0 0 0 0 0 0 0 0 0 0 0 0 0 0 0 0 0 0 0 0 0 0 0 0 0 0 0 0 0 0 0 0 0 0 0 0 0 0 0 0 0 0 0 0 0 0 0 0 0 0 0 0 0 0 0 0 0 0 0 0 0 0 0 0 0 0 0 0 0 0 0 0 0 0 0 0 0 0 0 0 0 0 0 0 0 0 0 0 0 0 0 0 0 0 0 0 0 0 0 0 0 0 0 0 0 0 0 0 0 0 0 0 0 0 0 0 0 0 0 0 0 0 0 0 0 0 0 0 0 0 0 0 0 0 0 0 0 0
 0 0 0 0 0 0 0 0 0 0 0 0 0 0 0 0 0 0 0 0 0 0 0 0 0 0 0 0 0 0 0 0 0 0 0 0 0 0 0 0 0 0 0 0 0 0 0 0 0 0 0 0 0 0 0 0 0 0 0 0 0 0 0 0 0 0 0 0 0 0 0 0 0 0 0 0 0 0 0 0 0 0 0 0 0 0 0 0 0 0 0 0 0 0 0 0 0 0 0 0 0 0 0 0 0 0 0 0 0 0 0 0 0 0 0 0 0 0 0 0 0 0 0 0 0 0 0 0 0 0 0 0 0 0 0 0 0 0 0 0 0 0 0 0 0 0 0 0 0 0 0 0 0 0 0 0 0 0 0 0 0 0 0 0 0 0 0 0 0 0 0 0 0 0 0 0 0 0 0 0 0 0 0 0 0 0 0 0 0 0 0 0 0 0 0 0 0 0 0 0 0 0 0 0 0 0 0 0 0 0 0 0 0 0 0 0 0 0 0 0 0 0 0 0 0 0 0 0 0 0 0 0 0 0 0 0 0 0 0 0 0 0 0 0 0 0 0 0 0 0 0 0 0 0 0 0 0 0 0 0 0 0 0 0 0 0 0 0 0 0 0 0 0 0 0 0 0 0 0 0 0 0 0 0 0 0 0 0 0 0 0 0 0 0 0 0 0 0 0 0 0 0 0 0 0 0 0 0 0 0 0 0 0 0 0 0 0 0 0 0 0 0 0 0 0 0 0 0 0 0 0 0 0 0 0 0 0 0 0 0 0 0 0 0 0 0 0 0 0 0 0 0 0 0 0 0 0 0 0 0 0 0 0 0 0 0 0 0 0 0 0 0 0 0 0 0 0 0 0 0 0 0 0 0 0 0 0 0 0 0 0 0 0 0 0 0 0 0 0 0 0 0 0 0 0 0 0 0 0 0 0 0 0 0 0 0 0 0 0 0 0 0 0 0 0 0 0 0 0 0 0 0 0 0 0 0 0 0 0 0 0 0 0 0 0 0 0 0 0 0 0 0 0 0 0 0 0 0 0 0 0 0 0 0 0 0 0 0 0 0 0 0 0 0 0 0 0 0 0 0 0 0 0 0 0 0 0 0 0 0 0 0 0 0 0 0 0 0 0 0 0 0 0 0 0 0 0 0 0 0 0 0 0 0 0 0 0 0 0 0 0 0 0 0 0 0 0 0 0 0 0 0 0 0 0 0 0 0 0 0 0 0 0 0 0 0 0 0 0 0 0 0 0 0 0 0 0 0 0 0 0 0 0 0 0 0 0 0 0 0 0 0 0 0 0 0 0 0 0 0 0 0 0 0 0 0 0 0 0 0 0 0 0 0 0 0 0 0 0 0


# name: r_0_m17_G0_L0p3_D0p7
# type: matrix
# rows: 1
# columns: 14
 0 -17 0.2 0 0.3 0 -10.6311 0 0 0.2525893109377356 0 140.6666666666667 1.366260102127946 0.7




