# Created by Octave 3.8.2, Mon Jun 19 12:02:27 2017 BST <co1ssj@node117>
# name: result
# type: scalar struct
# ndims: 2
 1 1
# length: 3
# name: params
# type: scalar struct
# ndims: 2
 1 1
# length: 18
# name: cleanup
# type: scalar
0


# name: num_runs
# type: scalar
6


# name: dopamine
# type: scalar
0.7


# name: targetCross
# type: scalar
1


# name: targetLuminance
# type: scalar
0.3


# name: targetWidthX
# type: scalar
6


# name: targetWidthY
# type: scalar
2


# name: fixCross
# type: scalar
1


# name: fixLuminance
# type: scalar
0.2


# name: fixWidthX
# type: scalar
6


# name: fixWidthY
# type: scalar
2


# name: fixOn
# type: scalar
0


# name: targetOff
# type: scalar
1


# name: targetOn
# type: scalar
0.2


# name: fixOff
# type: scalar
0.2


# name: targetThetaX
# type: scalar
0


# name: targetThetaY
# type: scalar
-16


# name: exptnum
# type: scalar
0




# name: r_0_m16_G0_L0p3_D0p7_llbn
# type: matrix
# rows: 24
# columns: 600
 0 0 0 0 0 0 0 0 0 0 0 0 0 0 0 0 0 0 0 0 0 0 0 0 0 0 0 0 0 0 0 0 0 0 0 0 0 0 0 0 0 0 0 0 0 0 0 0 0 0 0 0 0 0 0 0 0 0 0 0 0 0 0 0 0 0 0 0 0 0 0 0 0 0 0 0 0 0 0 0 0 0 0 0 0 0 0 0 0 0 0 0 0 0 0 0 0 0 0 0 0 0 0 0 0 0 0 0 0 0 0 0 0 0 0 0 0 0 0 0 0 0 0 0 0 0 0 0 0 0 0 0 0 0 0 0 0 0 0 0 0 0 0 0 0 0 0 0 0 0 0 0 0 0 0 0 0 0 0 0 0 0 0 0 0 0 0 0 0 0 0 0 0 0 0 0 0 0 0 0 0 0 0 0 0 0 0 0 0 0 0 0 0 0 0 0 0 0 0 0 0 0 0 0 0 0 0 0 0 0 0 0 0 0 0 0 0 0 0 0 0 0 0 0 0 0 0 0 0 0 0 0 0 0 0 0 0 0 0 0 0 0 0 0 0 0 0 0 0 0 0 0 0 0 0 0 0 0 0 0 0 0 0 0 0 0 0 0 0 0 0 0 0 0 0 0 0 0 0 0 0 0 0 0 0 0 0 0 0 0 0 0 0 0 0 0 0 0 0 0 0 0 0 0 0 0 0 0 0 0 0 0 0 0 0 0 0 0 0 0 0 0 0 0 0 0 0 0 0 0 0 0 0 0 0 0 0 0 0 0 0 0 0 0 0 0 0 0 0 0 0 0 0 0 0 0 0 0 0 0 0 0 0 0 0 0 0 0 0 0 0 0 0 0 0 0 0 0 0 0 0 0 0 0 0 0 0 0 0 0 0 0 0 0 0 0 0 0 0 0 0 0 0 0 0 0 0 0 0 0 0 0 0 0 0 0 0 0 0 0 0 0 0 0 0 0 0 0 0 0 0 0 0 0 0 0 0 0 0 0 0 0 0 0 0 0 0 0 0 0 0 0 0 0 0 0 0 0 0 0 0 0 0 0 0 0 0 0 0 0 0 0 0 0 0 0 0 0 0 0 0 0 0 0 0 0 0 0 0 0 0 0 0 0 0 0 0 0 0 0 0 0 0 0 0 0 0 0 0 0 0 0 0 0 0 0 0 0 0 0 0 0 0 0 0 0 0 0 0 0 0 0 0 0 0 0 0 0 0 0 0 0 0 0 0 0 0 0 0 0 0 0 0 0 0 0 0 0 0 0 0 0 0 0 0 0 0 0 0 0 0 0 0 0 0 0 0 0 0 0 0 0 0 0 0 0 0 0 0 0 0 0 0 0 0 0 0 0 0 0
 0 0 0 0 0 0 0 0 0 0 0 0 0 0 0 0 0 0 0 0 0 0 0 0 0 0 0 0 0 0 0 0 0 0 0 0 0 0 0 0 0 0 0 0 0 0 0 0 0 0 0 0 0 0 0 0 0 0 0 0 0 0 0 0 0 0 0 0 0 0 0 0 0 0 0 0 0 0 0 0 0 0 0 0 0 0 0 0 0 0 0 0 0 0 0 0 0 0 0 0 0 0 0 0 0 0 0 0 0 0 0 0 0 0 0 0 0 0 0 0 0 0 0 0 0 0 0 0 0 0 0 0 0 0 0 0 0 0 0 0 0 0 0 0 0 0 0 0 0 0 0 0 0 0 0 0 0 0 0 0 0 0 0 0 0 0 0 0 0 0 0 0 0 0 0 0 0 0 0 0 0 0 0 0 0 0 0 0 0 0 0 0 0 0 0 0 0 0 0 0 0 0 0 0 0 0 0 0 0 0 0 0 0 0 0 0 0 0 0 0 0 0 0 0 0 0 0 0 0 0 0 0 0 0 0 0 0 0 0 0 0 0 0 0 0 0 0 0 0 0 0 0 0 0 0 0 0 0 0 0 0 0 0 0 0 0 0 0 0 0 0 0 0 0 0 0 0 0 0 0 0 0 0 0 0 0 0 0 0 0 0 0 0 0 0 0 0 0 0 0 0 0 0 0 0 0 0 0 0 0 6.517858855659142e-05 0.0007358584553003311 0.002117942087352276 0.00421205535531044 0.007103864569216967 0.0108648743480444 0.01552995480597019 0.0211354847997427 0.0277281180024147 0.0354614295065403 0.04436825215816498 0.05449408292770386 0.06561224162578583 0.07752734422683716 0.09028708934783936 0.1038789376616478 0.1181467175483704 0.1329753547906876 0.1484420150518417 0.164574921131134 0.1813947111368179 0.1987841129302979 0.2166730463504791 0.235091969370842 0.2538978159427643 0.2729877531528473 0.292392909526825 0.3099320828914642 0.323199987411499 0.3303751945495605 0.3302904069423676 0.322150319814682 0.3060427904129028 0.2907406389713287 0.2762036025524139 0.2623934149742126 0.2492737472057343 0.2368100583553314 0.2249695509672165 0.2137210667133331 0.2030350118875504 0.1928832679986954 0.1832391023635864 0.1740771532058716 0.165373295545578 0.1571046262979507 0.1492493897676468 0.1417869180440903 0.1346975713968277 0.1279626935720444 0.1215645596385002 0.1154863312840462 0.1097120121121407 0.1042264103889465 0.09901508688926697 0.09406433254480362 0.08936111629009247 0.08489306271076202 0.08064840734004974 0.07661598920822144 0.07278519123792648 0.06914593279361725 0.06568863987922668 0.06240420788526535 0.05928399786353111 0.05631979927420616 0.05350380763411522 0.05082861706614494 0.04828718677163124 0.04587282612919807 0.04357918351888657 0.04140022397041321 0.03933021426200867 0.03736370429396629 0.03549551963806152 0.03372074291110039 0.03203470632433891 0.03043297119438648 0.02891132235527039 0.02746575698256493 0.02609246969223022 0.02478784695267677 0.02354845404624939 0.02237103134393692 0.02125247940421104 0.02018985524773598 0.01918036304414272 0.01822134479880333 0.01731027662754059 0.01644476316869259 0.01562252454459667 0.01484139822423458 0.01409932784736156 0.01339436136186123 0.01272464357316494 0.01208841148763895 0.0114839905872941 0.01090979110449553 0.01036430150270462 0.009846086613833904 0.009353782050311565 0.008886093273758888 0.008441789075732231 0.008019699715077877 0.007618714589625597 0.007237778976559639 0.006875889841467142 0.006532095372676849 0.006205490790307522 0.005895216017961502 0.005600455217063427 0.005320432595908642 0.005054411012679338 0.004801690578460693 0.004561605863273144 0.0043335254304111 0.004116849042475224 0.003911006730049849 0.003715456463396549 0.00352968368679285 0.003353199455887079 0.00318553950637579 0.003026262624189258 0.002874949481338263 0.002731201937422156 0.002594641875475645 0.002464909804984927 0.002341664396226406 0.002224581083282828 0.002113352064043283 0.002007684437558055 0.00190730020403862 0.001811935217119753 0.001721338485367596 0.001635271590203047 0.00155350798740983 0.00147583254147321 0.00140204094350338 0.001331938896328211 0.001265341998077929 0.001202074927277863 0.0011419712100178 0.001084872637875378 0.00103062903508544 0.0009790975600481033 0.0009301427053287625 0.0008836355991661549 0.0008394538308493793 0.0007974811596795917 0.0007576071075163782 0.0007197267259471118 0.0006837403634563088 0.0006495533743873239 0.0006170757114887238 0.0005862219259142876 0.000556910817977041 0.0005290652625262737 0.0005026119761168957 0.0004774813714902848 0.0004536072956398129 0.0004309269424993545 0.0004093805910088122 0.0003889115760102868 0.0003694659972097725 0.0003509926900733262 0.0003334430512040854 0.000316770892823115 0.0003009323554579169 0.0002858857333194464 0.0002715914451982826 0.0002580118598416448 0.0002451112668495625 0.0002328557020518929 0.0002212129184044898 0.0002101522695738822 0.0001996446517296135 0.0001896624162327498 0.0001801792968763039 0.000171170337125659 0.000162611817358993 0.0001544812257634476 0.0001467571710236371 0.0001394193095620722 0.0001324483455391601 0.0001258259289897978 0.0001195346339954995 0.0001135579004767351 0.0001078800050891005 0.000102486003015656 9.736170613905415e-05 9.249361755792052e-05 8.786893886281177e-05 8.347549010068178e-05 7.930171705083922e-05 7.533663301728666e-05 7.156980427680537e-05 6.799131369916722e-05 6.459174619521946e-05 6.136215961305425e-05 5.829405199619941e-05 5.537935066968203e-05 5.261038313619792e-05 4.997986252419651e-05 4.748086939798668e-05 4.510682629188523e-05 4.285148315830156e-05 4.070891009178013e-05 3.867346458719112e-05 3.67397915397305e-05 3.490280141704716e-05 3.315766298328526e-05 3.149978147121146e-05 2.992479312524665e-05 2.842855428752955e-05 2.700712684600148e-05 2.565677095844876e-05 2.437393231957685e-05 2.315523488505278e-05 2.199747359554749e-05 2.089759982482065e-05 1.98527195607312e-05 1.88600843102904e-05 1.791708018572535e-05 1.702122608548962e-05 1.617016459931619e-05 1.536165655124933e-05 1.459357372368686e-05 1.386389521940146e-05 1.317070018558297e-05 1.251216508535435e-05 1.188655642181402e-05 1.129222891904647e-05 1.072761733666994e-05 1.019123646983644e-05 9.681674782768823e-06 9.197590770781972e-06 8.737711141293403e-06 8.300825356855057e-06 7.885783816163894e-06 7.491494670830434e-06 7.116919732652605e-06 6.761073564121034e-06 6.423019840440247e-06 6.10186907579191e-06 5.796775440103374e-06 5.506936759047676e-06 5.231589966570027e-06 4.970010650140466e-06 4.721510322269751e-06 4.485434601519955e-06 4.26116275775712e-06 4.048104528919794e-06 3.845699211524334e-06 3.653414296422852e-06 3.470743649813812e-06 3.297206376373651e-06 3.132346137135755e-06 2.975728875753703e-06 2.826942363753915e-06 2.685595291040954e-06 2.55131544690812e-06 2.423749720037449e-06 2.302562279510312e-06 2.187434120060061e-06 2.078062379951007e-06 1.974159204110038e-06 1.875451289379271e-06 1.781678747647675e-06 1.692594764790556e-06 1.60796503223537e-06 1.52756683746702e-06 1.451188495593669e-06 1.378629121973063e-06 1.309697609030991e-06 1.244212739948125e-06 1.182002051791642e-06 1.12290194920206e-06 1.066756794898538e-06 1.013418909678876e-06 9.627480039853253e-07 9.14610609470401e-07 8.688800789968809e-07 8.254360750470369e-07 7.841642855055397e-07 7.449560825989465e-07 7.077082955220249e-07 6.723228693772398e-07 6.387067514879163e-07 6.067714366508881e-07 5.764328534496599e-07
 0 0 0 0 0 0 0 0 0 0 0 0 0 0 0 0 0 0 0 0 0 0 0 0 0 0 0 0 0 0 0 0 0 0 0 0 0 0 0 0 0 0 0 0 0 0 0 0 0 0 0 0 0 0 0 0 0 0 0 0 0 0 0 0 0 0 0 0 0 0 0 0 0 0 0 0 0 0 0 0 0 0 0 0 0 0 0 0 0 0 0 0 0 0 0 0 0 0 0 0 0 0 0 0 0 0 0 0 0 0 0 0 0 0 0 0 0 0 0 0 0 0 0 0 0 0 0 0 0 0 0 0 0 0 0 0 0 0 0 0 0 0 0 0 0 0 0 0 0 0 0 0 0 0 0 0 0 0 0 0 0 0 0 0 0 0 0 0 0 0 0 0 0 0 0 0 0 0 0 0 0 0 0 0 0 0 0 0 0 0 0 0 0 0 0 0 0 0 0 0 0 0 0 0 0 0 0 0 0 0 0 0 0 0 0 0 0 0 0 0 0 0 0 0 0 0 0 0 0 0 0 0 0 0 0 0 0 0 0 0 0 0 0 0 0 0 0 0 0 0 0 0 0 0 0 0 0 0 0 0 0 0 0 0 0 0 0 0 0 0 0 0 0 0 0 0 0 0 0 0 0 0 0 0 0 0 0 0 0 0 0 0 0 0 0 0 0 0 0 0 0 0 0 0 0 0 0 0 0 0 0 0 0 0 0 0 0 0 0 0 0 0 0 0 0 0 0 0 0 0 0 0 0 0 0 0 0 0 0 0 0 0 0 0 0 0 0 0 0 0 0 0 0 0 0 0 0 0 0 0 0 0 0 0 0 0 0 0 0 0 0 0 0 0 0 0 0 0 0 0 0 0 0 0 0 0 0 0 0 0 0 0 0 0 0 0 0 0 0 0 0 0 0 0 0 0 0 0 0 0 0 0 0 0 0 0 0 0 0 0 0 0 0 0 0 0 0 0 0 0 0 0 0 0 0 0 0 0 0 0 0 0 0 0 0 0 0 0 0 0 0 0 0 0 0 0 0 0 0 0 0 0 0 0 0 0 0 0 0 0 0 0 0 0 0 0 0 0 0 0 0 0 0 0 0 0 0 0 0 0 0 0 0 0 0 0 0 0 0 0 0 0 0 0 0 0 0 0 0 0 0 0 0 0 0 0 0 0 0 0 0 0 0 0 0 0 0 0 0 0 0 0 0 0 0 0 0 0 0 0 0 0 0 0 0 0 0 0 0 0 0 0 0 0 0 0 0 0 0 0 0 0 0 0 0 0 0 0 0 0 0 0 0 0 0 0 0 0 0 0 0 0 0 0 0 0 0 0 0 0 0 0 0 0 0 0 0 0 0 0
 0 0 0 0 0 0 0 0 0 0 0 0 0 0 0 0 0 0 0 0 0 0 0 0 0 0 0 0 0 0 0 0 0 0 0 0 0 0 0 0 0 0 0 0 0 0 0 0 0 0 0 0 0 0 0 0 0 0 0 0 0 0 0 0 0 0 0 0 0 0 0 0 0 0 0 0 0 0 0 0 0 0 0 0 0 0 0 0 0 0 0 0 0 0 0 0 0 0 0 0 0 0 0 0 0 0 0 0 0 0 0 0 0 0 0 0 0 0 0 0 0 0 0 0 0 0 0 0 0 0 0 0 0 0 0 0 0 0 0 0 0 0 0 0 0 0 0 0 0 0 0 0 0 0 0 0 0 0 0 0 0 0 0 0 0 0 0 0 0 0 0 0 0 0 0 0 0 0 0 0 0 0 0 0 0 0 0 0 0 0 0 0 0 0 0 0 0 0 0 0 0 0 0 0 0 0 0 0 0 0 0 0 0 0 0 0 0 0 0 0 0 0 0 0 0 0 0 0 0 0 0 0 0 0 0 0 0 0 0 0 0 0 0 0 0 0 0 0 0 0 0 0 0 0 0 0 0 0 0 0 0 0 0 0 0 0 0 0 0 0 0 0 0 0 0 0 0 0 0 0 0 0 0 0 0 0 0 0 0 0 0 0 0 0 0 0 0 0 0 0 0 0 0 0 0 0 0 0 0 0 0 0 0 0 0 0 0 0 0 0 0 0 0 0 0 0 0 0 0 0 0 0 0 0 0 0 0 0 0 0 0 0 0 0 0 0 0 0 0 0 0 0 0 0 0 0 0 0 0 0 0 0 0 0 0 0 0 0 0 0 0 0 0 0 0 0 0 0 0 0 0 0 0 0 0 0 0 0 0 0 0 0 0 0 0 0 0 0 0 0 0 0 0 0 0 0 0 0 0 0 0 0 0 0 0 0 0 0 0 0 0 0 0 0 0 0 0 0 0 0 0 0 0 0 0 0 0 0 0 0 0 0 0 0 0 0 0 0 0 0 0 0 0 0 0 0 0 0 0 0 0 0 0 0 0 0 0 0 0 0 0 0 0 0 0 0 0 0 0 0 0 0 0 0 0 0 0 0 0 0 0 0 0 0 0 0 0 0 0 0 0 0 0 0 0 0 0 0 0 0 0 0 0 0 0 0 0 0 0 0 0 0 0 0 0 0 0 0 0 0 0 0 0 0 0 0 0 0 0 0 0 0 0 0 0 0 0 0 0 0 0 0 0 0 0 0 0 0 0 0 0 0 0 0 0 0 0 0 0 0 0 0 0 0 0 0 0 0 0 0 0 0 0 0 0 0 0 0 0 0 0 0 0 0 0 0 0 0 0 0
 0 0 0 0 0 0 0 0 0 0 0 0 0 0 0 0 0 0 0 0 0 0 0 0 0 0 0 0 0 0 0 0 0 0 0 0 0 0 0 0 0 0 0 0 0 0 0 0 0 0 0 0 0 0 0 0 0 0 0 0 0 0 0 0 0 0 0 0 0 0 0 0 0 0 0 0 0 0 0 0 0 0 0 0 0 0 0 0 0 0 0 0 0 0 0 0 0 0 0 0 0 0 0 0 0 0 0 0 0 0 0 0 0 0 0 0 0 0 0 0 0 0 0 0 0 0 0 0 0 0 0 0 0 0 0 0 0 0 0 0 0 0 0 0 0 0 0 0 0 0 0 0 0 0 0 0 0 0 0 0 0 0 0 0 0 0 0 0 0 0 0 0 0 0 0 0 0 0 0 0 0 0 0 0 0 0 0 0 0 0 0 0 0 0 0 0 0 0 0 0 0 0 0 0 0 0 0 0 0 0 0 0 0 0 0 0 0 0 0 0 0 0 0 0 0 0 0 0 0 0 0 0 0 0 0 0 0 0 0 0 0 0 0 0 0 0 0 0 0 0 0 0 0 0 0 0 0 0 0 0 0 0 0 0 0 0 0 0 0 0 0 0 0 0 0 0 0 0 0 0 0 0 0 0 0 0 0 0 0 0 0 0 0 0 0 0 0 0 0 0 0 0 0 0 0 0 0 0 0 0 0 0 0 0 0 0 0 0 0 0 0 0 0 0 0 0 0 0 0 0 0 0 0 0 0 0 0 0 0 0 0 0 0 0 0 0 0 0 0 0 0 0 0 0 0 0 0 0 0 0 0 0 0 0 0 0 0 0 0 0 0 0 0 0 0 0 0 0 0 0 0 0 0 0 0 0 0 0 0 0 0 0 0 0 0 0 0 0 0 0 0 0 0 0 0 0 0 0 0 0 0 0 0 0 0 0 0 0 0 0 0 0 0 0 0 0 0 0 0 0 0 0 0 0 0 0 0 0 0 0 0 0 0 0 0 0 0 0 0 0 0 0 0 0 0 0 0 0 0 0 0 0 0 0 0 0 0 0 0 0 0 0 0 0 0 0 0 0 0 0 0 0 0 0 0 0 0 0 0 0 0 0 0 0 0 0 0 0 0 0 0 0 0 0 0 0 0 0 0 0 0 0 0 0 0 0 0 0 0 0 0 0 0 0 0 0 0 0 0 0 0 0 0 0 0 0 0 0 0 0 0 0 0 0 0 0 0 0 0 0 0 0 0 0 0 0 0 0 0 0 0 0 0 0 0 0 0 0 0 0 0 0 0 0 0 0 0 0 0 0 0 0 0 0 0 0 0 0 0 0 0 0 0 0 0 0 0 0 0 0
 0 0 0 0 0 0 0 0 0 0 0 0 0 0 0 0 0 0 0 0 0 0 0 0 0 0 0 0 0 0 0 0 0 0 0 0 0 0 0 0 0 0 0 0 0 0 0 0 0 0 0 0 0 0 0 0 0 0 0 0 0 0 0 0 0 0 0 0 0 0 0 0 0 0 0 0 0 0 0 0 0 0 0 0 0 0 0 0 0 0 0 0 0 0 0 0 0 0 0 0 0 0 0 0 0 0 0 0 0 0 0 0 0 0 0 0 0 0 0 0 0 0 0 0 0 0 0 0 0 0 0 0 0 0 0 0 0 0 0 0 0 0 0 0 0 0 0 0 0 0 0 0 0 0 0 0 0 0 0 0 0 0 0 0 0 0 0 0 0 0 0 0 0 0 0 0 0 0 0 0 0 0 0 0 0 0 0 0 0 0 0 0 0 0 0 0 0 0 0 0 0 0 0 0 0 0 0 0 0 0 0 0 0 0 0 0 0 0 0 0 0 0 0 0 0 0 0 0 0 0 0 0 0 0 0 0 0 0 0 0 0 0 0 0 0 0 0 0 0 0 0 0 0 0 0 0 0 0 0 0 0 0 0 0 0 0 0 0 0 0 0 0 0 0 0 0 0 0 0 0 0 0 0 0 0 0 0 0 0 0 0 0 0 0 0 0 0 0 0 0 0 0 0 0 0 0 0 0 0 0 0.0002844923292286694 0.001192469615489244 0.002793286694213748 0.005108817480504513 0.008239679038524628 0.01225047186017036 0.01715009473264217 0.02300685830414295 0.02994777075946331 0.03806891292333603 0.04738549515604973 0.05791064351797104 0.0694657489657402 0.08185688406229019 0.09507510811090469 0.109147422015667 0.123857319355011 0.139086127281189 0.1549553275108337 0.1716018915176392 0.1889604181051254 0.2068376392126083 0.2252759039402008 0.2441465556621552 0.2633803486824036 0.2829599380493164 0.3029755055904388 0.3202975392341614 0.3325456082820892 0.3381236493587494 0.3360395729541779 0.3256344199180603 0.309352695941925 0.2938850522041321 0.2791908085346222 0.2652312815189362 0.2519697248935699 0.2393712401390076 0.2274026721715927 0.2160325348377228 0.2052309066057205 0.1949693560600281 0.1852208822965622 0.1759598404169083 0.1671618521213531 0.1588037610054016 0.1508635729551315 0.1433203965425491 0.1361543834209442 0.1293466687202454 0.122879333794117 0.1167353689670563 0.1108985990285873 0.1053536683320999 0.1000859886407852 0.09508168697357178 0.09032760560512543 0.08581122756004333 0.08152066916227341 0.07744463533163071 0.07357240468263626 0.06989378482103348 0.06639909744262695 0.06307914108037949 0.05992518365383148 0.05692892521619797 0.0540824793279171 0.05137835443019867 0.04880943521857262 0.04636896401643753 0.04405051469802856 0.04184798896312714 0.03975559026002884 0.03776781260967255 0.03587942197918892 0.03408545255661011 0.03238118067383766 0.03076212108135223 0.02922401577234268 0.02776281535625458 0.02637467533349991 0.02505594119429588 0.02380314469337463 0.02261298708617687 0.02148233726620674 0.02040822058916092 0.01938780955970287 0.01841841824352741 0.01749749667942524 0.01662262156605721 0.01579149067401886 0.01500191632658243 0.01425182074308395 0.01353922951966524 0.01286226790398359 0.01221915427595377 0.0116081964224577 0.01102778688073158 0.01047639735043049 0.009952577762305737 0.009454948827624321 0.008982201106846333 0.00853309128433466 0.00810643658041954 0.007701114751398563 0.007316058967262506 0.006950255949050188 0.006602743174880743 0.006272606085985899 0.00595897575840354 0.005661027040332556 0.005377975758165121 0.005109076853841543 0.004853622987866402 0.004610941745340824 0.004380394704639912 0.004161375109106302 0.003953306470066309 0.003755641169846058 0.003567859064787626 0.003389466088265181 0.003219992853701115 0.003058993257582188 0.00290604354813695 0.002760741394013166 0.002622704254463315 0.002491569146513939 0.002366990782320499 0.002248641336336732 0.002136209281161427 0.002029398921877146 0.001927928999066353 0.0018315325723961 0.001739955972880125 0.001652958220802248 0.001570310327224433 0.00149179482832551 0.001417205086909235 0.001346344826743007 0.00127902755048126 0.001215076190419495 0.001154322410002351 0.001096606254577637 0.001041775918565691 0.0009896871633827686 0.000940202793572098 0.0008931926568038762 0.000848533003591001 0.0008061063708737493 0.0007658010581508279 0.0007275110110640526 0.0006911354721523821 0.0006565786898136139 0.000623749743681401 0.0005925622535869479 0.0005629341467283666 0.0005347874248400331 0.0005080480477772653 0.000482645642478019 0.000458513357443735 0.0004355876881163567 0.0004138083022553474 0.0003931178944185376 0.0003734620113391429 0.0003547889064066112 0.0003370494523551315 0.0003201969666406512 0.0003041871241293848 0.0002889777533710003 0.0002745288657024503 0.0002608024224173278 0.0002477623056620359 0.0002353741874685511 0.0002236054715467617 0.0002124251914210618 0.0002018039376707748 0.0001917137415148318 0.0001821280602598563 0.0001730216608848423 0.0001643705763854086 0.0001561520475661382 0.0001483444502810016 0.0001409272226737812 0.000133880865178071 0.0001271868241019547 0.0001208274843520485 0.0001147861112258397 0.0001090468067559414 0.0001035944660543464 9.841474093263969e-05 9.349400352220982e-05 8.881930261850357e-05 8.437833457719535e-05 8.015941421035677e-05 7.615144568262622e-05 7.23438715795055e-05 6.872668018331751e-05 6.529034726554528e-05 6.202582881087437e-05 5.892453918932006e-05 5.597831113846041e-05 5.317939576343633e-05 5.052042615716346e-05 4.799440648639575e-05 4.559468652587384e-05 4.331495074438863e-05 4.114920375286601e-05 3.90917448385153e-05 3.713715705089271e-05 3.528029992594384e-05 3.351628402015194e-05 3.184047091053799e-05 3.024844772880897e-05 2.873602534236852e-05 2.729922380240168e-05 2.593426324892789e-05 2.463754935888574e-05 2.340567152714357e-05 2.223538831458427e-05 2.112361835315824e-05 2.006743670790456e-05 1.906406396301463e-05 1.81108607648639e-05 1.720531690807547e-05 1.634505133552011e-05 1.55277994053904e-05 1.475140925322194e-05 1.401383906340925e-05 1.331314706476405e-05 1.264748971152585e-05 1.201511531689903e-05 1.141435950557934e-05 1.084364157577511e-05 1.0301459042239e-05 9.786385817278642e-06 9.297066753788386e-06 8.832213097775821e-06 8.390602488361765e-06 7.971072591317352e-06 7.572518825327279e-06 7.193892997747753e-06 6.83419830238563e-06 6.492488410003716e-06 6.167863830341958e-06 5.859470547875389e-06 5.56649683858268e-06 5.288171905704075e-06 5.023763151257299e-06 4.772574811795494e-06 4.533946139417822e-06 4.307248673285358e-06 4.09188623962109e-06 3.887291768478462e-06 3.692927293741377e-06 3.508280997266411e-06 3.332866981509142e-06 3.16622367790842e-06 3.007912482644315e-06 2.857516847143415e-06 2.714640913836774e-06 2.578908834038884e-06 2.449963403705624e-06 2.327465153939556e-06 2.211091896242579e-06 2.100537358273868e-06 1.995510501728859e-06 1.895734953905048e-06 1.800948211894138e-06 1.710900846774166e-06 1.625355821488483e-06 1.544088036098401e-06 1.466883645662165e-06 1.393539491800766e-06 1.323862534263753e-06 1.257669396181882e-06 1.194785909319762e-06 1.135046659328509e-06 1.078294303624716e-06 1.024379571390455e-06 9.731605814522482e-07 9.245025580639776e-07 8.782774330029497e-07 8.343635613528022e-07 7.926453804429912e-07 7.530131256316963e-07 7.153624892453081e-07 6.795943363613333e-07 6.456145911215572e-07 6.133338388281118e-07 5.82667155413219e-07
 0 0 0 0 0 0 0 0 0 0 0 0 0 0 0 0 0 0 0 0 0 0 0 0 0 0 0 0 0 0 0 0 0 0 0 0 0 0 0 0 0 0 0 0 0 0 0 0 0 0 0 0 0 0 0 0 0 0 0 0 0 0 0 0 0 0 0 0 0 0 0 0 0 0 0 0 0 0 0 0 0 0 0 0 0 0 0 0 0 0 0 0 0 0 0 0 0 0 0 0 0 0 0 0 0 0 0 0 0 0 0 0 0 0 0 0 0 0 0 0 0 0 0 0 0 0 0 0 0 0 0 0 0 0 0 0 0 0 0 0 0 0 0 0 0 0 0 0 0 0 0 0 0 0 0 0 0 0 0 0 0 0 0 0 0 0 0 0 0 0 0 0 0 0 0 0 0 0 0 0 0 0 0 0 0 0 0 0 0 0 0 0 0 0 0 0 0 0 0 0 0 0 0 0 0 0 0 0 0 0 0 0 0 0 0 0 0 0 0 0 0 0 0 0 0 0 0 0 0 0 0 0 0 0 0 0 0 0 0 0 0 0 0 0 0 0 0 0 0 0 0 0 0 0 0 0 0 0 0 0 0 0 0 0 0 0 0 0 0 0 0 0 0 0 0 0 0 0 0 0 0 0 0 0 0 0 0 0 0 0 0 0 0 0 0 0 0 0 0 0 0 0 0 0 0 0 0 0 0 0 0 0 0 0 0 0 0 0 0 0 0 0 0 0 0 0 0 0 0 0 0 0 0 0 0 0 0 0 0 0 0 0 0 0 0 0 0 0 0 0 0 0 0 0 0 0 0 0 0 0 0 0 0 0 0 0 0 0 0 0 0 0 0 0 0 0 0 0 0 0 0 0 0 0 0 0 0 0 0 0 0 0 0 0 0 0 0 0 0 0 0 0 0 0 0 0 0 0 0 0 0 0 0 0 0 0 0 0 0 0 0 0 0 0 0 0 0 0 0 0 0 0 0 0 0 0 0 0 0 0 0 0 0 0 0 0 0 0 0 0 0 0 0 0 0 0 0 0 0 0 0 0 0 0 0 0 0 0 0 0 0 0 0 0 0 0 0 0 0 0 0 0 0 0 0 0 0 0 0 0 0 0 0 0 0 0 0 0 0 0 0 0 0 0 0 0 0 0 0 0 0 0 0 0 0 0 0 0 0 0 0 0 0 0 0 0 0 0 0 0 0 0 0 0 0 0 0 0 0 0 0 0 0 0 0 0 0 0 0 0 0 0 0 0 0 0 0 0 0 0 0 0 0 0 0 0 0 0 0 0 0 0 0 0 0 0 0 0 0 0 0 0 0 0 0 0 0 0 0 0 0 0 0 0 0 0 0 0 0 0
 0 0 0 0 0 0 0 0 0 0 0 0 0 0 0 0 0 0 0 0 0 0 0 0 0 0 0 0 0 0 0 0 0 0 0 0 0 0 0 0 0 0 0 0 0 0 0 0 0 0 0 0 0 0 0 0 0 0 0 0 0 0 0 0 0 0 0 0 0 0 0 0 0 0 0 0 0 0 0 0 0 0 0 0 0 0 0 0 0 0 0 0 0 0 0 0 0 0 0 0 0 0 0 0 0 0 0 0 0 0 0 0 0 0 0 0 0 0 0 0 0 0 0 0 0 0 0 0 0 0 0 0 0 0 0 0 0 0 0 0 0 0 0 0 0 0 0 0 0 0 0 0 0 0 0 0 0 0 0 0 0 0 0 0 0 0 0 0 0 0 0 0 0 0 0 0 0 0 0 0 0 0 0 0 0 0 0 0 0 0 0 0 0 0 0 0 0 0 0 0 0 0 0 0 0 0 0 0 0 0 0 0 0 0 0 0 0 0 0 0 0 0 0 0 0 0 0 0 0 0 0 0 0 0 0 0 0 0 0 0 0 0 0 0 0 0 0 0 0 0 0 0 0 0 0 0 0 0 0 0 0 0 0 0 0 0 0 0 0 0 0 0 0 0 0 0 0 0 0 0 0 0 0 0 0 0 0 0 0 0 0 0 0 0 0 0 0 0 0 0 0 0 0 0 0 0 0 0 0 0 0 0 0 0 0 0 0 0 0 0 0 0 0 0 0 0 0 0 0 0 0 0 0 0 0 0 0 0 0 0 0 0 0 0 0 0 0 0 0 0 0 0 0 0 0 0 0 0 0 0 0 0 0 0 0 0 0 0 0 0 0 0 0 0 0 0 0 0 0 0 0 0 0 0 0 0 0 0 0 0 0 0 0 0 0 0 0 0 0 0 0 0 0 0 0 0 0 0 0 0 0 0 0 0 0 0 0 0 0 0 0 0 0 0 0 0 0 0 0 0 0 0 0 0 0 0 0 0 0 0 0 0 0 0 0 0 0 0 0 0 0 0 0 0 0 0 0 0 0 0 0 0 0 0 0 0 0 0 0 0 0 0 0 0 0 0 0 0 0 0 0 0 0 0 0 0 0 0 0 0 0 0 0 0 0 0 0 0 0 0 0 0 0 0 0 0 0 0 0 0 0 0 0 0 0 0 0 0 0 0 0 0 0 0 0 0 0 0 0 0 0 0 0 0 0 0 0 0 0 0 0 0 0 0 0 0 0 0 0 0 0 0 0 0 0 0 0 0 0 0 0 0 0 0 0 0 0 0 0 0 0 0 0 0 0 0 0 0 0 0 0 0 0 0 0 0 0 0 0 0 0 0 0 0 0 0 0 0 0 0
 0 0 0 0 0 0 0 0 0 0 0 0 0 0 0 0 0 0 0 0 0 0 0 0 0 0 0 0 0 0 0 0 0 0 0 0 0 0 0 0 0 0 0 0 0 0 0 0 0 0 0 0 0 0 0 0 0 0 0 0 0 0 0 0 0 0 0 0 0 0 0 0 0 0 0 0 0 0 0 0 0 0 0 0 0 0 0 0 0 0 0 0 0 0 0 0 0 0 0 0 0 0 0 0 0 0 0 0 0 0 0 0 0 0 0 0 0 0 0 0 0 0 0 0 0 0 0 0 0 0 0 0 0 0 0 0 0 0 0 0 0 0 0 0 0 0 0 0 0 0 0 0 0 0 0 0 0 0 0 0 0 0 0 0 0 0 0 0 0 0 0 0 0 0 0 0 0 0 0 0 0 0 0 0 0 0 0 0 0 0 0 0 0 0 0 0 0 0 0 0 0 0 0 0 0 0 0 0 0 0 0 0 0 0 0 0 0 0 0 0 0 0 0 0 0 0 0 0 0 0 0 0 0 0 0 0 0 0 0 0 0 0 0 0 0 0 0 0 0 0 0 0 0 0 0 0 0 0 0 0 0 0 0 0 0 0 0 0 0 0 0 0 0 0 0 0 0 0 0 0 0 0 0 0 0 0 0 0 0 0 0 0 0 0 0 0 0 0 0 0 0 0 0 0 0 0 0 0 0 0 0 0 0 0 0 0 0 0 0 0 0 0 0 0 0 0 0 0 0 0 0 0 0 0 0 0 0 0 0 0 0 0 0 0 0 0 0 0 0 0 0 0 0 0 0 0 0 0 0 0 0 0 0 0 0 0 0 0 0 0 0 0 0 0 0 0 0 0 0 0 0 0 0 0 0 0 0 0 0 0 0 0 0 0 0 0 0 0 0 0 0 0 0 0 0 0 0 0 0 0 0 0 0 0 0 0 0 0 0 0 0 0 0 0 0 0 0 0 0 0 0 0 0 0 0 0 0 0 0 0 0 0 0 0 0 0 0 0 0 0 0 0 0 0 0 0 0 0 0 0 0 0 0 0 0 0 0 0 0 0 0 0 0 0 0 0 0 0 0 0 0 0 0 0 0 0 0 0 0 0 0 0 0 0 0 0 0 0 0 0 0 0 0 0 0 0 0 0 0 0 0 0 0 0 0 0 0 0 0 0 0 0 0 0 0 0 0 0 0 0 0 0 0 0 0 0 0 0 0 0 0 0 0 0 0 0 0 0 0 0 0 0 0 0 0 0 0 0 0 0 0 0 0 0 0 0 0 0 0 0 0 0 0 0 0 0 0 0 0 0 0 0 0 0 0 0 0 0 0 0 0 0 0 0 0 0 0 0 0 0
 0 0 0 0 0 0 0 0 0 0 0 0 0 0 0 0 0 0 0 0 0 0 0 0 0 0 0 0 0 0 0 0 0 0 0 0 0 0 0 0 0 0 0 0 0 0 0 0 0 0 0 0 0 0 0 0 0 0 0 0 0 0 0 0 0 0 0 0 0 0 0 0 0 0 0 0 0 0 0 0 0 0 0 0 0 0 0 0 0 0 0 0 0 0 0 0 0 0 0 0 0 0 0 0 0 0 0 0 0 0 0 0 0 0 0 0 0 0 0 0 0 0 0 0 0 0 0 0 0 0 0 0 0 0 0 0 0 0 0 0 0 0 0 0 0 0 0 0 0 0 0 0 0 0 0 0 0 0 0 0 0 0 0 0 0 0 0 0 0 0 0 0 0 0 0 0 0 0 0 0 0 0 0 0 0 0 0 0 0 0 0 0 0 0 0 0 0 0 0 0 0 0 0 0 0 0 0 0 0 0 0 0 0 0 0 0 0 0 0 0 0 0 0 0 0 0 0 0 0 0 0 0 0 0 0 0 0 0 0 0 0 0 0 0 0 0 0 0 0 0 0 0 0 0 0 0 0 0 0 0 0 0 0 0 0 0 0 0 0 0 0 0 0 0 0 0 0 0 0 0 0 0 0 0 0 0 0 0 0 0 0 0 0 0 0 0 0 0 0 0 0 0 0 0 0 0 0 0 0 0.000319094251608476 0.001196344965137541 0.002757872454822063 0.005025007762014866 0.008089998736977577 0.01201874017715454 0.0168403647840023 0.02262204885482788 0.02945136092603207 0.0373808741569519 0.04647336155176163 0.05674628913402557 0.06804801523685455 0.08010991662740707 0.09295932948589325 0.1066132634878159 0.1208187192678452 0.135602593421936 0.1510742604732513 0.1672077625989914 0.1839967519044876 0.2014152556657791 0.2192856967449188 0.2377140074968338 0.2565636336803436 0.2756634652614594 0.2950615286827087 0.3120467960834503 0.3242899775505066 0.3300901055335999 0.3283683359622955 0.318401038646698 0.3024809956550598 0.2873569428920746 0.2729890942573547 0.2593396306037903 0.2463726550340652 0.2340540289878845 0.2223513275384903 0.2112337648868561 0.2006720751523972 0.190638467669487 0.1811065375804901 0.1720512062311172 0.1634486466646194 0.1552762091159821 0.1475124061107635 0.1401367783546448 0.1331299394369125 0.1264734417200089 0.1201497688889503 0.1141422837972641 0.1084351688623428 0.1030134111642838 0.09786274284124374 0.09296960383653641 0.08832112699747086 0.08390507102012634 0.07970982044935226 0.07572432607412338 0.07193811237812042 0.0683412104845047 0.06492415070533752 0.06167794391512871 0.05859404802322388 0.05566434562206268 0.05288112908601761 0.05023707449436188 0.04772521927952766 0.0453389585018158 0.04307201132178307 0.04091840982437134 0.03887248784303665 0.03692886233329773 0.03508241847157478 0.03332829847931862 0.03166188299655914 0.03007878921926022 0.02857485041022301 0.0271461084485054 0.0257888026535511 0.02449936233460903 0.02327439375221729 0.02211067453026772 0.02100514061748981 0.01995488442480564 0.01895713992416859 0.01800928264856339 0.01710881851613522 0.01625337824225426 0.01544070895761251 0.01466867327690125 0.01393523998558521 0.01323847845196724 0.01257655490189791 0.01194772683084011 0.01135034020990133 0.01078282296657562 0.01024368219077587 0.00973149761557579 0.009244922548532486 0.008782676421105862 0.00834354292601347 0.007926365360617638 0.007530047092586756 0.007153544574975967 0.006795867346227169 0.006456073839217424 0.006133269984275103 0.005826606415212154 0.005535276141017675 0.00525851221755147 0.004995586816221476 0.004745807498693466 0.00450851721689105 0.004283091519027948 0.00406893715262413 0.003865490201860666 0.00367221562191844 0.003488604910671711 0.003314174711704254 0.003148465882986784 0.00299104256555438 0.00284149032086134 0.00269941589795053 0.0025644451379776 0.002436222974210978 0.002314411802217364 0.002198691247031093 0.002088756766170263 0.001984318951144814 0.001885103061795235 0.001790847862139344 0.001701305503956974 0.001616240246221423 0.00153542822226882 0.001458656857721508 0.001385724055580795 0.001316437846980989 0.001250615925528109 0.001188085181638598 0.001128680887632072 0.001072246814146638 0.001018634531646967 0.000967702828347683 0.0009193177102133632 0.0008733518188819289 0.000829684198834002 0.0007882000063546002 0.0007487899856641889 0.0007113504689186811 0.0006757829687558115 0.00064199382904917 0.000609894166700542 0.000579399464186281 0.0005504295113496482 0.0005229080561548471 0.0004967626300640404 0.0004719244898296893 0.0004483282682485878 0.0004259118577465415 0.0004046162648592144 0.0003843854647129774 0.0003651661972980946 0.0003469078801572323 0.0003295624919701368 0.0003130843688268214 0.0002974301460199058 0.0002825586416292936 0.0002684307110030204 0.0002550091885495931 0.0002422587276669219 0.0002301457861904055 0.0002186384954256937 0.0002077065728371963 0.0001973212492885068 0.0001874551817309111 0.0001780824240995571 0.0001691782963462174 0.0001607193844392896 0.000152683409396559 0.0001450492418371141 0.0001377967855660245 0.0001309069484705105 0.0001243615988641977 0.0001181435218313709 0.0001122363464673981 0.0001066245313268155 0.0001012933062156662 9.622864308767021e-05 9.141721238847822e-05 8.684635395184159e-05 8.250403334386647e-05 7.837883458705619e-05 7.445989467669278e-05 7.073690358083695e-05 6.720006058458239e-05 6.384005973814055e-05 6.064805711503141e-05 5.761565262218937e-05 5.47348681720905e-05 5.199812585487962e-05 4.939821883453988e-05 4.692830771091394e-05 4.458189141587354e-05 4.235279629938304e-05 4.023515793960541e-05 3.822339931502938e-05 3.631223080446944e-05 3.449661744525656e-05 3.277178620919585e-05 3.113319689873606e-05 2.957653669000138e-05 2.809770921885502e-05 2.669282366696279e-05 2.53581820288673e-05 2.40902736550197e-05 2.288576069986448e-05 2.174147266487125e-05 2.065439912257716e-05 1.962167880265042e-05 1.864059413492214e-05 1.770856397342868e-05 1.682313632045407e-05 1.598197923158295e-05 1.518287990620593e-05 1.442373559257248e-05 1.370254904031754e-05 1.301742122450378e-05 1.2366550436127e-05 1.174822318716906e-05 1.116081239160849e-05 1.060277190845227e-05 1.007263290375704e-05 9.569001122144982e-06 9.090551429835614e-06 8.636024176666979e-06 8.204223377106246e-06 7.794012162776198e-06 7.404311418213183e-06 7.034095688140951e-06 6.682390903733904e-06 6.348271199385636e-06 6.030857548466884e-06 5.729314580094069e-06 5.442848760139896e-06 5.170706117496593e-06 4.912170879833866e-06 4.666562290367438e-06 4.433234153111698e-06 4.211572559142951e-06 4.000994067610009e-06 3.800944341492141e-06 3.610897238104371e-06 3.43035230798705e-06 3.258834794905852e-06 3.095893134741345e-06 2.941098500741646e-06 2.794043666654034e-06 2.654341415109229e-06 2.521624310247716e-06 2.395543106104014e-06 2.275765837111976e-06 2.161977590731112e-06 2.053878688457189e-06 1.951184685822227e-06 1.853625462899799e-06 1.760944201123493e-06 1.672897042226396e-06 1.589252178746392e-06 1.509789626652491e-06 1.434300202163286e-06 1.362585180686438e-06 1.294455955758167e-06 1.229733129548549e-06 1.168246512861515e-06 1.109834215640149e-06 1.054342533279851e-06 1.001625378194149e-06 9.515441092844412e-07 9.039669066623901e-07 8.587685442762449e-07 8.158301056937489e-07 7.750385861982068e-07 7.362866654148092e-07 6.994723094067012e-07 6.644987138315628e-07 6.312737923508394e-07 5.99710119786323e-07 0.0002103516162605956 0.000791577622294426
 0 0 0 0 0 0 0 0 0 0 0 0 0 0 0 0 0 0 0 0 0 0 0 0 0 0 0 0 0 0 0 0 0 0 0 0 0 0 0 0 0 0 0 0 0 0 0 0 0 0 0 0 0 0 0 0 0 0 0 0 0 0 0 0 0 0 0 0 0 0 0 0 0 0 0 0 0 0 0 0 0 0 0 0 0 0 0 0 0 0 0 0 0 0 0 0 0 0 0 0 0 0 0 0 0 0 0 0 0 0 0 0 0 0 0 0 0 0 0 0 0 0 0 0 0 0 0 0 0 0 0 0 0 0 0 0 0 0 0 0 0 0 0 0 0 0 0 0 0 0 0 0 0 0 0 0 0 0 0 0 0 0 0 0 0 0 0 0 0 0 0 0 0 0 0 0 0 0 0 0 0 0 0 0 0 0 0 0 0 0 0 0 0 0 0 0 0 0 0 0 0 0 0 0 0 0 0 0 0 0 0 0 0 0 0 0 0 0 0 0 0 0 0 0 0 0 0 0 0 0 0 0 0 0 0 0 0 0 0 0 0 0 0 0 0 0 0 0 0 0 0 0 0 0 0 0 0 0 0 0 0 0 0 0 0 0 0 0 0 0 0 0 0 0 0 0 0 0 0 0 0 0 0 0 0 0 0 0 0 0 0 0 0 0 0 0 0 0 0 0 0 0 0 0 0 0 0 0 0 0 0 0 0 0 0 0 0 0 0 0 0 0 0 0 0 0 0 0 0 0 0 0 0 0 0 0 0 0 0 0 0 0 0 0 0 0 0 0 0 0 0 0 0 0 0 0 0 0 0 0 0 0 0 0 0 0 0 0 0 0 0 0 0 0 0 0 0 0 0 0 0 0 0 0 0 0 0 0 0 0 0 0 0 0 0 0 0 0 0 0 0 0 0 0 0 0 0 0 0 0 0 0 0 0 0 0 0 0 0 0 0 0 0 0 0 0 0 0 0 0 0 0 0 0 0 0 0 0 0 0 0 0 0 0 0 0 0 0 0 0 0 0 0 0 0 0 0 0 0 0 0 0 0 0 0 0 0 0 0 0 0 0 0 0 0 0 0 0 0 0 0 0 0 0 0 0 0 0 0 0 0 0 0 0 0 0 0 0 0 0 0 0 0 0 0 0 0 0 0 0 0 0 0 0 0 0 0 0 0 0 0 0 0 0 0 0 0 0 0 0 0 0 0 0 0 0 0 0 0 0 0 0 0 0 0 0 0 0 0 0 0 0 0 0 0 0 0 0 0 0 0 0 0 0 0 0 0 0 0 0 0 0 0 0 0 0 0 0 0 0 0 0 0 0 0 0 0 0 0 0 0 0 0 0 0 0 0 0 0 0
 0 0 0 0 0 0 0 0 0 0 0 0 0 0 0 0 0 0 0 0 0 0 0 0 0 0 0 0 0 0 0 0 0 0 0 0 0 0 0 0 0 0 0 0 0 0 0 0 0 0 0 0 0 0 0 0 0 0 0 0 0 0 0 0 0 0 0 0 0 0 0 0 0 0 0 0 0 0 0 0 0 0 0 0 0 0 0 0 0 0 0 0 0 0 0 0 0 0 0 0 0 0 0 0 0 0 0 0 0 0 0 0 0 0 0 0 0 0 0 0 0 0 0 0 0 0 0 0 0 0 0 0 0 0 0 0 0 0 0 0 0 0 0 0 0 0 0 0 0 0 0 0 0 0 0 0 0 0 0 0 0 0 0 0 0 0 0 0 0 0 0 0 0 0 0 0 0 0 0 0 0 0 0 0 0 0 0 0 0 0 0 0 0 0 0 0 0 0 0 0 0 0 0 0 0 0 0 0 0 0 0 0 0 0 0 0 0 0 0 0 0 0 0 0 0 0 0 0 0 0 0 0 0 0 0 0 0 0 0 0 0 0 0 0 0 0 0 0 0 0 0 0 0 0 0 0 0 0 0 0 0 0 0 0 0 0 0 0 0 0 0 0 0 0 0 0 0 0 0 0 0 0 0 0 0 0 0 0 0 0 0 0 0 0 0 0 0 0 0 0 0 0 0 0 0 0 0 0 0 0 0 0 0 0 0 0 0 0 0 0 0 0 0 0 0 0 0 0 0 0 0 0 0 0 0 0 0 0 0 0 0 0 0 0 0 0 0 0 0 0 0 0 0 0 0 0 0 0 0 0 0 0 0 0 0 0 0 0 0 0 0 0 0 0 0 0 0 0 0 0 0 0 0 0 0 0 0 0 0 0 0 0 0 0 0 0 0 0 0 0 0 0 0 0 0 0 0 0 0 0 0 0 0 0 0 0 0 0 0 0 0 0 0 0 0 0 0 0 0 0 0 0 0 0 0 0 0 0 0 0 0 0 0 0 0 0 0 0 0 0 0 0 0 0 0 0 0 0 0 0 0 0 0 0 0 0 0 0 0 0 0 0 0 0 0 0 0 0 0 0 0 0 0 0 0 0 0 0 0 0 0 0 0 0 0 0 0 0 0 0 0 0 0 0 0 0 0 0 0 0 0 0 0 0 0 0 0 0 0 0 0 0 0 0 0 0 0 0 0 0 0 0 0 0 0 0 0 0 0 0 0 0 0 0 0 0 0 0 0 0 0 0 0 0 0 0 0 0 0 0 0 0 0 0 0 0 0 0 0 0 0 0 0 0 0 0 0 0 0 0 0 0 0 0 0 0 0 0 0 0 0 0 0 0 0 0 0 0 0 0
 0 0 0 0 0 0 0 0 0 0 0 0 0 0 0 0 0 0 0 0 0 0 0 0 0 0 0 0 0 0 0 0 0 0 0 0 0 0 0 0 0 0 0 0 0 0 0 0 0 0 0 0 0 0 0 0 0 0 0 0 0 0 0 0 0 0 0 0 0 0 0 0 0 0 0 0 0 0 0 0 0 0 0 0 0 0 0 0 0 0 0 0 0 0 0 0 0 0 0 0 0 0 0 0 0 0 0 0 0 0 0 0 0 0 0 0 0 0 0 0 0 0 0 0 0 0 0 0 0 0 0 0 0 0 0 0 0 0 0 0 0 0 0 0 0 0 0 0 0 0 0 0 0 0 0 0 0 0 0 0 0 0 0 0 0 0 0 0 0 0 0 0 0 0 0 0 0 0 0 0 0 0 0 0 0 0 0 0 0 0 0 0 0 0 0 0 0 0 0 0 0 0 0 0 0 0 0 0 0 0 0 0 0 0 0 0 0 0 0 0 0 0 0 0 0 0 0 0 0 0 0 0 0 0 0 0 0 0 0 0 0 0 0 0 0 0 0 0 0 0 0 0 0 0 0 0 0 0 0 0 0 0 0 0 0 0 0 0 0 0 0 0 0 0 0 0 0 0 0 0 0 0 0 0 0 0 0 0 0 0 0 0 0 0 0 0 0 0 0 0 0 0 0 0 0 0 0 0 0 0 0 0 0 0 0 0 0 0 0 0 0 0 0 0 0 0 0 0 0 0 0 0 0 0 0 0 0 0 0 0 0 0 0 0 0 0 0 0 0 0 0 0 0 0 0 0 0 0 0 0 0 0 0 0 0 0 0 0 0 0 0 0 0 0 0 0 0 0 0 0 0 0 0 0 0 0 0 0 0 0 0 0 0 0 0 0 0 0 0 0 0 0 0 0 0 0 0 0 0 0 0 0 0 0 0 0 0 0 0 0 0 0 0 0 0 0 0 0 0 0 0 0 0 0 0 0 0 0 0 0 0 0 0 0 0 0 0 0 0 0 0 0 0 0 0 0 0 0 0 0 0 0 0 0 0 0 0 0 0 0 0 0 0 0 0 0 0 0 0 0 0 0 0 0 0 0 0 0 0 0 0 0 0 0 0 0 0 0 0 0 0 0 0 0 0 0 0 0 0 0 0 0 0 0 0 0 0 0 0 0 0 0 0 0 0 0 0 0 0 0 0 0 0 0 0 0 0 0 0 0 0 0 0 0 0 0 0 0 0 0 0 0 0 0 0 0 0 0 0 0 0 0 0 0 0 0 0 0 0 0 0 0 0 0 0 0 0 0 0 0 0 0 0 0 0 0 0 0 0 0 0 0 0 0 0 0 0 0 0 0
 0 0 0 0 0 0 0 0 0 0 0 0 0 0 0 0 0 0 0 0 0 0 0 0 0 0 0 0 0 0 0 0 0 0 0 0 0 0 0 0 0 0 0 0 0 0 0 0 0 0 0 0 0 0 0 0 0 0 0 0 0 0 0 0 0 0 0 0 0 0 0 0 0 0 0 0 0 0 0 0 0 0 0 0 0 0 0 0 0 0 0 0 0 0 0 0 0 0 0 0 0 0 0 0 0 0 0 0 0 0 0 0 0 0 0 0 0 0 0 0 0 0 0 0 0 0 0 0 0 0 0 0 0 0 0 0 0 0 0 0 0 0 0 0 0 0 0 0 0 0 0 0 0 0 0 0 0 0 0 0 0 0 0 0 0 0 0 0 0 0 0 0 0 0 0 0 0 0 0 0 0 0 0 0 0 0 0 0 0 0 0 0 0 0 0 0 0 0 0 0 0 0 0 0 0 0 0 0 0 0 0 0 0 0 0 0 0 0 0 0 0 0 0 0 0 0 0 0 0 0 0 0 0 0 0 0 0 0 0 0 0 0 0 0 0 0 0 0 0 0 0 0 0 0 0 0 0 0 0 0 0 0 0 0 0 0 0 0 0 0 0 0 0 0 0 0 0 0 0 0 0 0 0 0 0 0 0 0 0 0 0 0 0 0 0 0 0 0 0 0 0 0 0 0 0 0 0 0 0 0 0 0 0 2.607275746413507e-05 0.0006006198236718774 0.0017849151045084 0.003669801400974393 0.006300190463662148 0.009715935215353966 0.01399782672524452 0.01919069699943066 0.02537129074335098 0.0326179713010788 0.04101242497563362 0.0505596287548542 0.06125599145889282 0.07293775677680969 0.08546419441699982 0.09885213524103165 0.1128635480999947 0.1273394674062729 0.1424027979373932 0.158138781785965 0.1745654493570328 0.1916880756616592 0.2094023078680038 0.2275986969470978 0.2462073266506195 0.2652792632579803 0.2846864461898804 0.3030799627304077 0.3176933228969574 0.3266257345676422 0.3285588622093201 0.3226921856403351 0.3083685040473938 0.2929500937461853 0.2783025801181793 0.264387458562851 0.2511680722236633 0.2386096715927124 0.226679190993309 0.2153452336788177 0.2045779675245285 0.1943490654230118 0.1846316158771515 0.1754000335931778 0.1666300296783447 0.158298522233963 0.1503835916519165 0.1428644061088562 0.1357211917638779 0.1289351284503937 0.122488372027874 0.116363950073719 0.1105457544326782 0.1050184667110443 0.0997675433754921 0.09477916359901428 0.09004020690917969 0.08553819358348846 0.0812612846493721 0.07719822227954865 0.07333831489086151 0.0696713998913765 0.06618782877922058 0.06287843734025955 0.0597345158457756 0.05674779042601585 0.05391040071845055 0.05121488124132156 0.04865413904190063 0.04622143134474754 0.04391035810112953 0.04171483963727951 0.03962909802794456 0.03764764219522476 0.03576526045799255 0.03397699818015099 0.0322781465947628 0.03066423907876015 0.02913102693855762 0.027674475684762 0.02629075199365616 0.02497621439397335 0.02372740395367146 0.02254103310406208 0.02141398191452026 0.02034328319132328 0.01932611875236034 0.01835981197655201 0.01744182221591473 0.01656973175704479 0.01574124582111835 0.01495418325066566 0.01420647371560335 0.01349615026265383 0.01282134279608727 0.01218027528375387 0.01157126110047102 0.01099269837141037 0.01044306345283985 0.009920910000801086 0.009424864314496517 0.008953620679676533 0.00850593950599432 0.00808064267039299 0.007676610723137856 0.007292780093848705 0.006928141228854656 0.00658173393458128 0.006252647377550602 0.005940014962106943 0.005643014330416918 0.005360863637179136 0.00509282061830163 0.004838179796934128 0.004596270620822906 0.004366456996649504 0.004148134030401707 0.003940727561712265 0.003743691137060523 0.003556506475433707 0.00337868114002049 0.003209747141227126 0.003049259772524238 0.002896796679124236 0.00275195692665875 0.002614359138533473 0.002483641263097525 0.002359459176659584 0.002241486217826605 0.002129411790519953 0.002022941131144762 0.001921794028021395 0.001825704355724156 0.001734419143758714 0.001647698227316141 0.001565313315950334 0.001487047644332051 0.001412695273756981 0.001342060510069132 0.001274957437999547 0.001211209571920335 0.001150649040937424 0.001093116588890553 0.001038460759446025 0.0009865376632660627 0.000937210803385824 0.0008903502603061497 0.0008458327502012253 0.0008035411010496318 0.0007633640198037028 0.0007251958013512194 0.0006889360374771059 0.0006544892094098032 0.0006217647460289299 0.0005906764999963343 0.0005611426895484328 0.0005330855492502451 0.0005064312717877328 0.0004811097169294953 0.0004570542369037867 0.0004342015308793634 0.0004124914412386715 0.0003918668662663549 0.0003722735273186117 0.0003536598524078727 0.000335976859787479 0.0003191780124325305 0.0003032191016245633 0.0002880581596400589 0.0002736552560236305 0.0002599724975880235 0.000246973882894963 0.0002346251858398318 0.0002228939265478402 0.0002117492258548737 0.0002011617616517469 0.0001911036670207977 0.0001815484865801409 0.0001724710600683466 0.000163847507792525 0.0001556551287649199 0.0001478723715990782 0.0001404787471983582 0.0001334548142040148 0.0001267820771317929 0.0001204429718200117 0.0001144208217738196 0.0001086997799575329 0.0001032647924148478 9.810155461309478e-05 9.319647506345063e-05 8.853665349306539e-05 8.410982263740152e-05 7.990433368831873e-05 7.590911991428584e-05 7.211366028059274e-05 6.850797944935039e-05 6.508258229587227e-05 6.182845390867442e-05 5.873703048564494e-05 5.580017750617117e-05 5.301016790326685e-05 5.035966023569927e-05 4.784167686011642e-05 4.54495930171106e-05 4.317711500334553e-05 4.101825834368356e-05 3.89673441532068e-05 3.701897730934434e-05 3.516802826197818e-05 3.340962575748563e-05 3.173914592480287e-05 3.015218862856273e-05 2.864457928808406e-05 2.721235068747774e-05 2.585173388069961e-05 2.45591472776141e-05 2.333118936803658e-05 2.216462962678634e-05 2.10563975997502e-05 2.000357744691428e-05 1.900339884741697e-05 1.805322972359136e-05 1.715056896500755e-05 1.629304097150452e-05 1.547838837723248e-05 1.470446932216873e-05 1.396924562868662e-05 1.327078371105017e-05 1.26072445709724e-05 1.19768819786259e-05 1.137803792516934e-05 1.080913625628455e-05 1.02686790341977e-05 9.755244718689937e-06 9.267482710129116e-06 8.804108801996335e-06 8.363903361896519e-06 7.945708603074308e-06 7.548423127445858e-06 7.17100192559883e-06 6.812451829318888e-06 6.471829237852944e-06 6.148237844172399e-06 5.840825906489044e-06 5.548784429265652e-06 5.271345344226575e-06 5.007777872378938e-06 4.757388978759991e-06 4.519519734458299e-06 4.293543952371692e-06 4.07886682296521e-06 3.874923550029052e-06 3.681177304315497e-06 3.497118541417876e-06 3.32226272803382e-06 3.156149659844232e-06 2.998342097271234e-06 2.848425083357142e-06 2.706003897401388e-06 2.570703600213164e-06 2.442168351990404e-06 2.320060048077721e-06 2.204056954724365e-06 2.093854163831566e-06 1.989161546589457e-06 1.889703526103403e-06 1.795218395272968e-06 1.705457520984055e-06 1.620184661987878e-06 1.539175400466775e-06 1.462216687286855e-06 1.389105818816461e-06 1.319650550613005e-06 1.253668074241432e-06 1.190984676213702e-06 1.131435396928282e-06 1.074863575922791e-06 1.021120397126651e-06 9.700643204268999e-07 9.215610816681874e-07 8.754830105317524e-07 8.317088600051648e-07 7.901234084783937e-07 7.506172323701321e-07 7.130863650672836e-07 6.77432069551287e-07
 0 0 0 0 0 0 0 0 0 0 0 0 0 0 0 0 0 0 0 0 0 0 0 0 0 0 0 0 0 0 0 0 0 0 0 0 0 0 0 0 0 0 0 0 0 0 0 0 0 0 0 0 0 0 0 0 0 0 0 0 0 0 0 0 0 0 0 0 0 0 0 0 0 0 0 0 0 0 0 0 0 0 0 0 0 0 0 0 0 0 0 0 0 0 0 0 0 0 0 0 0 0 0 0 0 0 0 0 0 0 0 0 0 0 0 0 0 0 0 0 0 0 0 0 0 0 0 0 0 0 0 0 0 0 0 0 0 0 0 0 0 0 0 0 0 0 0 0 0 0 0 0 0 0 0 0 0 0 0 0 0 0 0 0 0 0 0 0 0 0 0 0 0 0 0 0 0 0 0 0 0 0 0 0 0 0 0 0 0 0 0 0 0 0 0 0 0 0 0 0 0 0 0 0 0 0 0 0 0 0 0 0 0 0 0 0 0 0 0 0 0 0 0 0 0 0 0 0 0 0 0 0 0 0 0 0 0 0 0 0 0 0 0 0 0 0 0 0 0 0 0 0 0 0 0 0 0 0 0 0 0 0 0 0 0 0 0 0 0 0 0 0 0 0 0 0 0 0 0 0 0 0 0 0 0 0 0 0 0 0 0 0 0 0 0 0 0 0 0 0 0 0 0 0 0 0 0 0 0 0 0 0 0 0 0 0 0 0 0 0 0 0 0 0 0 0 0 0 0 0 0 0 0 0 0 0 0 0 0 0 0 0 0 0 0 0 0 0 0 0 0 0 0 0 0 0 0 0 0 0 0 0 0 0 0 0 0 0 0 0 0 0 0 0 0 0 0 0 0 0 0 0 0 0 0 0 0 0 0 0 0 0 0 0 0 0 0 0 0 0 0 0 0 0 0 0 0 0 0 0 0 0 0 0 0 0 0 0 0 0 0 0 0 0 0 0 0 0 0 0 0 0 0 0 0 0 0 0 0 0 0 0 0 0 0 0 0 0 0 0 0 0 0 0 0 0 0 0 0 0 0 0 0 0 0 0 0 0 0 0 0 0 0 0 0 0 0 0 0 0 0 0 0 0 0 0 0 0 0 0 0 0 0 0 0 0 0 0 0 0 0 0 0 0 0 0 0 0 0 0 0 0 0 0 0 0 0 0 0 0 0 0 0 0 0 0 0 0 0 0 0 0 0 0 0 0 0 0 0 0 0 0 0 0 0 0 0 0 0 0 0 0 0 0 0 0 0 0 0 0 0 0 0 0 0 0 0 0 0 0 0 0 0 0 0 0 0 0 0 0 0 0 0 0 0 0 0 0 0 0 0 0 0 0 0 0 0 0 0 0
 0 0 0 0 0 0 0 0 0 0 0 0 0 0 0 0 0 0 0 0 0 0 0 0 0 0 0 0 0 0 0 0 0 0 0 0 0 0 0 0 0 0 0 0 0 0 0 0 0 0 0 0 0 0 0 0 0 0 0 0 0 0 0 0 0 0 0 0 0 0 0 0 0 0 0 0 0 0 0 0 0 0 0 0 0 0 0 0 0 0 0 0 0 0 0 0 0 0 0 0 0 0 0 0 0 0 0 0 0 0 0 0 0 0 0 0 0 0 0 0 0 0 0 0 0 0 0 0 0 0 0 0 0 0 0 0 0 0 0 0 0 0 0 0 0 0 0 0 0 0 0 0 0 0 0 0 0 0 0 0 0 0 0 0 0 0 0 0 0 0 0 0 0 0 0 0 0 0 0 0 0 0 0 0 0 0 0 0 0 0 0 0 0 0 0 0 0 0 0 0 0 0 0 0 0 0 0 0 0 0 0 0 0 0 0 0 0 0 0 0 0 0 0 0 0 0 0 0 0 0 0 0 0 0 0 0 0 0 0 0 0 0 0 0 0 0 0 0 0 0 0 0 0 0 0 0 0 0 0 0 0 0 0 0 0 0 0 0 0 0 0 0 0 0 0 0 0 0 0 0 0 0 0 0 0 0 0 0 0 0 0 0 0 0 0 0 0 0 0 0 0 0 0 0 0 0 0 0 0 0 0 0 0 0 0 0 0 0 0 0 0 0 0 0 0 0 0 0 0 0 0 0 0 0 0 0 0 0 0 0 0 0 0 0 0 0 0 0 0 0 0 0 0 0 0 0 0 0 0 0 0 0 0 0 0 0 0 0 0 0 0 0 0 0 0 0 0 0 0 0 0 0 0 0 0 0 0 0 0 0 0 0 0 0 0 0 0 0 0 0 0 0 0 0 0 0 0 0 0 0 0 0 0 0 0 0 0 0 0 0 0 0 0 0 0 0 0 0 0 0 0 0 0 0 0 0 0 0 0 0 0 0 0 0 0 0 0 0 0 0 0 0 0 0 0 0 0 0 0 0 0 0 0 0 0 0 0 0 0 0 0 0 0 0 0 0 0 0 0 0 0 0 0 0 0 0 0 0 0 0 0 0 0 0 0 0 0 0 0 0 0 0 0 0 0 0 0 0 0 0 0 0 0 0 0 0 0 0 0 0 0 0 0 0 0 0 0 0 0 0 0 0 0 0 0 0 0 0 0 0 0 0 0 0 0 0 0 0 0 0 0 0 0 0 0 0 0 0 0 0 0 0 0 0 0 0 0 0 0 0 0 0 0 0 0 0 0 0 0 0 0 0 0 0 0 0 0 0 0 0 0 0 0 0 0 0 0 0 0 0
 0 0 0 0 0 0 0 0 0 0 0 0 0 0 0 0 0 0 0 0 0 0 0 0 0 0 0 0 0 0 0 0 0 0 0 0 0 0 0 0 0 0 0 0 0 0 0 0 0 0 0 0 0 0 0 0 0 0 0 0 0 0 0 0 0 0 0 0 0 0 0 0 0 0 0 0 0 0 0 0 0 0 0 0 0 0 0 0 0 0 0 0 0 0 0 0 0 0 0 0 0 0 0 0 0 0 0 0 0 0 0 0 0 0 0 0 0 0 0 0 0 0 0 0 0 0 0 0 0 0 0 0 0 0 0 0 0 0 0 0 0 0 0 0 0 0 0 0 0 0 0 0 0 0 0 0 0 0 0 0 0 0 0 0 0 0 0 0 0 0 0 0 0 0 0 0 0 0 0 0 0 0 0 0 0 0 0 0 0 0 0 0 0 0 0 0 0 0 0 0 0 0 0 0 0 0 0 0 0 0 0 0 0 0 0 0 0 0 0 0 0 0 0 0 0 0 0 0 0 0 0 0 0 0 0 0 0 0 0 0 0 0 0 0 0 0 0 0 0 0 0 0 0 0 0 0 0 0 0 0 0 0 0 0 0 0 0 0 0 0 0 0 0 0 0 0 0 0 0 0 0 0 0 0 0 0 0 0 0 0 0 0 0 0 0 0 0 0 0 0 0 0 0 0 0 0 0 0 0 0 0 0 0 0 0 0 0 0 0 0 0 0 0 0 0 0 0 0 0 0 0 0 0 0 0 0 0 0 0 0 0 0 0 0 0 0 0 0 0 0 0 0 0 0 0 0 0 0 0 0 0 0 0 0 0 0 0 0 0 0 0 0 0 0 0 0 0 0 0 0 0 0 0 0 0 0 0 0 0 0 0 0 0 0 0 0 0 0 0 0 0 0 0 0 0 0 0 0 0 0 0 0 0 0 0 0 0 0 0 0 0 0 0 0 0 0 0 0 0 0 0 0 0 0 0 0 0 0 0 0 0 0 0 0 0 0 0 0 0 0 0 0 0 0 0 0 0 0 0 0 0 0 0 0 0 0 0 0 0 0 0 0 0 0 0 0 0 0 0 0 0 0 0 0 0 0 0 0 0 0 0 0 0 0 0 0 0 0 0 0 0 0 0 0 0 0 0 0 0 0 0 0 0 0 0 0 0 0 0 0 0 0 0 0 0 0 0 0 0 0 0 0 0 0 0 0 0 0 0 0 0 0 0 0 0 0 0 0 0 0 0 0 0 0 0 0 0 0 0 0 0 0 0 0 0 0 0 0 0 0 0 0 0 0 0 0 0 0 0 0 0 0 0 0 0 0 0 0 0 0 0 0 0 0 0 0 0 0 0 0
 0 0 0 0 0 0 0 0 0 0 0 0 0 0 0 0 0 0 0 0 0 0 0 0 0 0 0 0 0 0 0 0 0 0 0 0 0 0 0 0 0 0 0 0 0 0 0 0 0 0 0 0 0 0 0 0 0 0 0 0 0 0 0 0 0 0 0 0 0 0 0 0 0 0 0 0 0 0 0 0 0 0 0 0 0 0 0 0 0 0 0 0 0 0 0 0 0 0 0 0 0 0 0 0 0 0 0 0 0 0 0 0 0 0 0 0 0 0 0 0 0 0 0 0 0 0 0 0 0 0 0 0 0 0 0 0 0 0 0 0 0 0 0 0 0 0 0 0 0 0 0 0 0 0 0 0 0 0 0 0 0 0 0 0 0 0 0 0 0 0 0 0 0 0 0 0 0 0 0 0 0 0 0 0 0 0 0 0 0 0 0 0 0 0 0 0 0 0 0 0 0 0 0 0 0 0 0 0 0 0 0 0 0 0 0 0 0 0 0 0 0 0 0 0 0 0 0 0 0 0 0 0 0 0 0 0 0 0 0 0 0 0 0 0 0 0 0 0 0 0 0 0 0 0 0 0 0 0 0 0 0 0 0 0 0 0 0 0 0 0 0 0 0 0 0 0 0 0 0 0 0 0 0 0 0 0 0 0 0 0 0 0 0 0 0 0 0 0 0 0 0 0 0 0 0 0 0 0 0 0 0.0004628495371434838 0.001576573471538723 0.003352955915033817 0.005806682631373405 0.009050407446920872 0.01313964277505875 0.01810529828071594 0.02398947067558765 0.03088979423046112 0.03894910216331482 0.04815901815891266 0.05850422754883766 0.06980390846729279 0.08185357600450516 0.09471020102500916 0.1084292009472847 0.1228536516427994 0.1378103941679001 0.1533753871917725 0.1696321219205856 0.1866089999675751 0.204152524471283 0.2222694903612137 0.2409579753875732 0.2601032853126526 0.2796235680580139 0.2991788685321808 0.3157503008842468 0.3271243274211884 0.3318418860435486 0.3289582133293152 0.3178209364414215 0.3019298911094666 0.2868334054946899 0.2724917232990265 0.2588671445846558 0.245923787355423 0.2336276024580002 0.2219462245702744 0.2108489125967026 0.2003064602613449 0.1902911365032196 0.1807765811681747 0.1717377454042435 0.1631508618593216 0.1549933254718781 0.1472436636686325 0.1398814767599106 0.1328874081373215 0.1262430399656296 0.1199308857321739 0.113934338092804 0.108237624168396 0.1028257459402084 0.09768445789813995 0.09280023723840714 0.08816022425889969 0.08375221490859985 0.07956460118293762 0.07558637112379074 0.07180704921483994 0.06821669638156891 0.06480586528778076 0.0615655705332756 0.05848729237914085 0.05556292831897736 0.05278478190302849 0.05014554411172867 0.04763826727867126 0.0452563539147377 0.04299353808164597 0.04084385931491852 0.03880166634917259 0.03686158359050751 0.03501850366592407 0.03326757997274399 0.03160420060157776 0.03002399019896984 0.02852279134094715 0.02709665149450302 0.0257418192923069 0.02445472776889801 0.02323199063539505 0.0220703911036253 0.02096687071025372 0.0199185274541378 0.0189226008951664 0.01797647029161453 0.01707764714956284 0.01622376404702663 0.01541257556527853 0.0146419471129775 0.01390984933823347 0.0132143571972847 0.01255363970994949 0.01192595809698105 0.011329660192132 0.01076317764818668 0.01022501848638058 0.009713767096400261 0.00922807864844799 0.008766674436628819 0.008328340947628021 0.00791192427277565 0.007516328245401382 0.007140511646866798 0.006783485878258944 0.006444311700761318 0.006122095976024866 0.005815991200506687 0.005525191780179739 0.005248932167887688 0.004986485466361046 0.004737161099910736 0.004500302951782942 0.004275287967175245 0.004061523359268904 0.003858447074890137 0.003665524767711759 0.00348224863409996 0.003308136248961091 0.00314272940158844 0.002985592931509018 0.002836313331499696 0.002694497583433986 0.002559772692620754 0.002431784057989717 0.002310194773599505 0.002194684930145741 0.002084950683638453 0.00198070309124887 0.001881667878478765 0.001787584507837892 0.0016982052475214 0.001613294938579202 0.001532630180008709 0.001455998630262911 0.001383198658004403 0.00131403876002878 0.001248336862772703 0.001185919973067939 0.001126623945310712 0.001070292782969773 0.001016778172925115 0.0009659392526373267 0.0009176422609016299 0.0008717601303942502 0.0008281721384264529 0.0007867635576985776 0.0007474253652617335 0.0007100540678948164 0.0006745513528585434 0.0006408237968571484 0.0006087826332077384 0.0005783435190096498 0.0005494263605214655 0.0005219550221227109 0.0004958572681061924 0.0004710644134320319 0.0004475112073123455 0.0004251356585882604 0.0004038788611069322 0.0003836849064100534 0.00036450065090321 0.0003462756285443902 0.0003289618471171707 0.0003125137591268867 0.0002968880580738187 0.0002820436493493617 0.0002679414756130427 0.0002545444003771991 0.0002418171789031476 0.0002297263126820326 0.0002182399912271649 0.0002073279902106151 0.0001969615841517225 0.0001871135027613491 0.0001777578290784732 0.0001688699412625283 0.0001604264398338273 0.0001524051185697317 0.0001447848626412451 0.0001375456195091829 0.000130668340716511 0.0001241349236806855 0.0001179281753138639 0.0001120317683671601 0.000106430183222983 0.0001011086715152487 9.605323430150747e-05 9.125057113124058e-05 8.668804366607219e-05 8.23536392999813e-05 7.823595660738647e-05 7.432416168740019e-05 7.060795178404078e-05 6.707755528623238e-05 6.372368079610169e-05 6.053749530110508e-05 5.751062053604983e-05 5.46350893273484e-05 5.190333467908204e-05 4.930816794512793e-05 4.684276063926518e-05 4.450062260730192e-05 4.227559111313894e-05 4.016181264887564e-05 3.815372110693716e-05 3.62460341420956e-05 3.443373134359717e-05 3.271204332122579e-05 3.107644079136662e-05 2.952261820610147e-05 2.804648647725116e-05 2.664416206243914e-05 2.531195423216559e-05 2.404635597486049e-05 2.284403853991535e-05 2.170183688576799e-05 2.061674422293436e-05 1.958590655704029e-05 1.86066117748851e-05 1.767628054949455e-05 1.679246634012088e-05 1.595284265931696e-05 1.515520034445217e-05 1.439744028175483e-05 1.367756794934394e-05 1.299368977925042e-05 1.234400497196475e-05 1.172680458694231e-05 1.114046426664572e-05 1.058344059856609e-05 1.005426838673884e-05 9.551555194775574e-06 9.073977707885206e-06 8.620279004389886e-06 8.189264917746186e-06 7.779801308060996e-06 7.390811333607417e-06 7.021270903351251e-06 6.670207312708953e-06 6.336696969810873e-06 6.0198622122698e-06 5.718869033444207e-06 5.432925718196202e-06 5.161279659660067e-06 4.903215540252859e-06 4.658054876927054e-06 4.425151928444393e-06 4.203894150123233e-06 3.993699465354439e-06 3.794014446611982e-06 3.604313633331913e-06 3.424097940296633e-06 3.252893066019169e-06 3.090248355874792e-06 2.935735892606317e-06 2.788949132082053e-06 2.64950176642742e-06 2.517026587156579e-06 2.39117525779875e-06 2.271616494908812e-06 2.158035613319953e-06 2.050133844022639e-06 1.947627197296242e-06 1.850245780588011e-06 1.757733457452559e-06 1.669846824370325e-06 1.586354528626543e-06 1.5070368135639e-06 1.431684950148338e-06 1.360100668534869e-06 1.292095589633391e-06 1.227490770361328e-06 1.166116248896287e-06 1.107810476241866e-06 1.05241997516714e-06 9.997989991461509e-07 9.498090776105528e-07 9.023186180456833e-07 8.572026786168863e-07 8.143425702655804e-07 7.736254588053271e-07 7.349441943915735e-07 6.981969704611402e-07 6.632870963585447e-07 6.30122713118908e-07 5.986165660942788e-07 5.686857207365392e-07
 0 0 0 0 0 0 0 0 0 0 0 0 0 0 0 0 0 0 0 0 0 0 0 0 0 0 0 0 0 0 0 0 0 0 0 0 0 0 0 0 0 0 0 0 0 0 0 0 0 0 0 0 0 0 0 0 0 0 0 0 0 0 0 0 0 0 0 0 0 0 0 0 0 0 0 0 0 0 0 0 0 0 0 0 0 0 0 0 0 0 0 0 0 0 0 0 0 0 0 0 0 0 0 0 0 0 0 0 0 0 0 0 0 0 0 0 0 0 0 0 0 0 0 0 0 0 0 0 0 0 0 0 0 0 0 0 0 0 0 0 0 0 0 0 0 0 0 0 0 0 0 0 0 0 0 0 0 0 0 0 0 0 0 0 0 0 0 0 0 0 0 0 0 0 0 0 0 0 0 0 0 0 0 0 0 0 0 0 0 0 0 0 0 0 0 0 0 0 0 0 0 0 0 0 0 0 0 0 0 0 0 0 0 0 0 0 0 0 0 0 0 0 0 0 0 0 0 0 0 0 0 0 0 0 0 0 0 0 0 0 0 0 0 0 0 0 0 0 0 0 0 0 0 0 0 0 0 0 0 0 0 0 0 0 0 0 0 0 0 0 0 0 0 0 0 0 0 0 0 0 0 0 0 0 0 0 0 0 0 0 0 0 0 0 0 0 0 0 0 0 0 0 0 0 0 0 0 0 0 0 0 0 0 0 0 0 0 0 0 0 0 0 0 0 0 0 0 0 0 0 0 0 0 0 0 0 0 0 0 0 0 0 0 0 0 0 0 0 0 0 0 0 0 0 0 0 0 0 0 0 0 0 0 0 0 0 0 0 0 0 0 0 0 0 0 0 0 0 0 0 0 0 0 0 0 0 0 0 0 0 0 0 0 0 0 0 0 0 0 0 0 0 0 0 0 0 0 0 0 0 0 0 0 0 0 0 0 0 0 0 0 0 0 0 0 0 0 0 0 0 0 0 0 0 0 0 0 0 0 0 0 0 0 0 0 0 0 0 0 0 0 0 0 0 0 0 0 0 0 0 0 0 0 0 0 0 0 0 0 0 0 0 0 0 0 0 0 0 0 0 0 0 0 0 0 0 0 0 0 0 0 0 0 0 0 0 0 0 0 0 0 0 0 0 0 0 0 0 0 0 0 0 0 0 0 0 0 0 0 0 0 0 0 0 0 0 0 0 0 0 0 0 0 0 0 0 0 0 0 0 0 0 0 0 0 0 0 0 0 0 0 0 0 0 0 0 0 0 0 0 0 0 0 0 0 0 0 0 0 0 0 0 0 0 0 0 0 0 0 0 0 0 0 0 0 0 0 0 0 0 0 0 0 0 0 0 0 0 0 0
 0 0 0 0 0 0 0 0 0 0 0 0 0 0 0 0 0 0 0 0 0 0 0 0 0 0 0 0 0 0 0 0 0 0 0 0 0 0 0 0 0 0 0 0 0 0 0 0 0 0 0 0 0 0 0 0 0 0 0 0 0 0 0 0 0 0 0 0 0 0 0 0 0 0 0 0 0 0 0 0 0 0 0 0 0 0 0 0 0 0 0 0 0 0 0 0 0 0 0 0 0 0 0 0 0 0 0 0 0 0 0 0 0 0 0 0 0 0 0 0 0 0 0 0 0 0 0 0 0 0 0 0 0 0 0 0 0 0 0 0 0 0 0 0 0 0 0 0 0 0 0 0 0 0 0 0 0 0 0 0 0 0 0 0 0 0 0 0 0 0 0 0 0 0 0 0 0 0 0 0 0 0 0 0 0 0 0 0 0 0 0 0 0 0 0 0 0 0 0 0 0 0 0 0 0 0 0 0 0 0 0 0 0 0 0 0 0 0 0 0 0 0 0 0 0 0 0 0 0 0 0 0 0 0 0 0 0 0 0 0 0 0 0 0 0 0 0 0 0 0 0 0 0 0 0 0 0 0 0 0 0 0 0 0 0 0 0 0 0 0 0 0 0 0 0 0 0 0 0 0 0 0 0 0 0 0 0 0 0 0 0 0 0 0 0 0 0 0 0 0 0 0 0 0 0 0 0 0 0 0 0 0 0 0 0 0 0 0 0 0 0 0 0 0 0 0 0 0 0 0 0 0 0 0 0 0 0 0 0 0 0 0 0 0 0 0 0 0 0 0 0 0 0 0 0 0 0 0 0 0 0 0 0 0 0 0 0 0 0 0 0 0 0 0 0 0 0 0 0 0 0 0 0 0 0 0 0 0 0 0 0 0 0 0 0 0 0 0 0 0 0 0 0 0 0 0 0 0 0 0 0 0 0 0 0 0 0 0 0 0 0 0 0 0 0 0 0 0 0 0 0 0 0 0 0 0 0 0 0 0 0 0 0 0 0 0 0 0 0 0 0 0 0 0 0 0 0 0 0 0 0 0 0 0 0 0 0 0 0 0 0 0 0 0 0 0 0 0 0 0 0 0 0 0 0 0 0 0 0 0 0 0 0 0 0 0 0 0 0 0 0 0 0 0 0 0 0 0 0 0 0 0 0 0 0 0 0 0 0 0 0 0 0 0 0 0 0 0 0 0 0 0 0 0 0 0 0 0 0 0 0 0 0 0 0 0 0 0 0 0 0 0 0 0 0 0 0 0 0 0 0 0 0 0 0 0 0 0 0 0 0 0 0 0 0 0 0 0 0 0 0 0 0 0 0 0 0 0 0 0 0 0 0 0 0 0 0 0 0 0
 0 0 0 0 0 0 0 0 0 0 0 0 0 0 0 0 0 0 0 0 0 0 0 0 0 0 0 0 0 0 0 0 0 0 0 0 0 0 0 0 0 0 0 0 0 0 0 0 0 0 0 0 0 0 0 0 0 0 0 0 0 0 0 0 0 0 0 0 0 0 0 0 0 0 0 0 0 0 0 0 0 0 0 0 0 0 0 0 0 0 0 0 0 0 0 0 0 0 0 0 0 0 0 0 0 0 0 0 0 0 0 0 0 0 0 0 0 0 0 0 0 0 0 0 0 0 0 0 0 0 0 0 0 0 0 0 0 0 0 0 0 0 0 0 0 0 0 0 0 0 0 0 0 0 0 0 0 0 0 0 0 0 0 0 0 0 0 0 0 0 0 0 0 0 0 0 0 0 0 0 0 0 0 0 0 0 0 0 0 0 0 0 0 0 0 0 0 0 0 0 0 0 0 0 0 0 0 0 0 0 0 0 0 0 0 0 0 0 0 0 0 0 0 0 0 0 0 0 0 0 0 0 0 0 0 0 0 0 0 0 0 0 0 0 0 0 0 0 0 0 0 0 0 0 0 0 0 0 0 0 0 0 0 0 0 0 0 0 0 0 0 0 0 0 0 0 0 0 0 0 0 0 0 0 0 0 0 0 0 0 0 0 0 0 0 0 0 0 0 0 0 0 0 0 0 0 0 0 0 0 0 0 0 0 0 0 0 0 0 0 0 0 0 0 0 0 0 0 0 0 0 0 0 0 0 0 0 0 0 0 0 0 0 0 0 0 0 0 0 0 0 0 0 0 0 0 0 0 0 0 0 0 0 0 0 0 0 0 0 0 0 0 0 0 0 0 0 0 0 0 0 0 0 0 0 0 0 0 0 0 0 0 0 0 0 0 0 0 0 0 0 0 0 0 0 0 0 0 0 0 0 0 0 0 0 0 0 0 0 0 0 0 0 0 0 0 0 0 0 0 0 0 0 0 0 0 0 0 0 0 0 0 0 0 0 0 0 0 0 0 0 0 0 0 0 0 0 0 0 0 0 0 0 0 0 0 0 0 0 0 0 0 0 0 0 0 0 0 0 0 0 0 0 0 0 0 0 0 0 0 0 0 0 0 0 0 0 0 0 0 0 0 0 0 0 0 0 0 0 0 0 0 0 0 0 0 0 0 0 0 0 0 0 0 0 0 0 0 0 0 0 0 0 0 0 0 0 0 0 0 0 0 0 0 0 0 0 0 0 0 0 0 0 0 0 0 0 0 0 0 0 0 0 0 0 0 0 0 0 0 0 0 0 0 0 0 0 0 0 0 0 0 0 0 0 0 0 0 0 0 0 0 0 0 0 0 0 0 0 0
 0 0 0 0 0 0 0 0 0 0 0 0 0 0 0 0 0 0 0 0 0 0 0 0 0 0 0 0 0 0 0 0 0 0 0 0 0 0 0 0 0 0 0 0 0 0 0 0 0 0 0 0 0 0 0 0 0 0 0 0 0 0 0 0 0 0 0 0 0 0 0 0 0 0 0 0 0 0 0 0 0 0 0 0 0 0 0 0 0 0 0 0 0 0 0 0 0 0 0 0 0 0 0 0 0 0 0 0 0 0 0 0 0 0 0 0 0 0 0 0 0 0 0 0 0 0 0 0 0 0 0 0 0 0 0 0 0 0 0 0 0 0 0 0 0 0 0 0 0 0 0 0 0 0 0 0 0 0 0 0 0 0 0 0 0 0 0 0 0 0 0 0 0 0 0 0 0 0 0 0 0 0 0 0 0 0 0 0 0 0 0 0 0 0 0 0 0 0 0 0 0 0 0 0 0 0 0 0 0 0 0 0 0 0 0 0 0 0 0 0 0 0 0 0 0 0 0 0 0 0 0 0 0 0 0 0 0 0 0 0 0 0 0 0 0 0 0 0 0 0 0 0 0 0 0 0 0 0 0 0 0 0 0 0 0 0 0 0 0 0 0 0 0 0 0 0 0 0 0 0 0 0 0 0 0 0 0 0 0 0 0 0 0 0 0 0 0 0 0 0 0 0 0 0 0 0 0 0 0 0 0 0 0 6.866308831376955e-05 0.000701931887306273 0.001948152552358806 0.003879290074110031 0.006508169695734978 0.009931560605764389 0.01421474106609821 0.01935411617159843 0.02542796358466148 0.03259285539388657 0.04090061411261559 0.05037305504083633 0.06097754836082458 0.07245412468910217 0.08468491584062576 0.09770533442497253 0.1115404516458511 0.1258682161569595 0.1407178044319153 0.15615414083004 0.1722448468208313 0.1890787482261658 0.206492081284523 0.224467545747757 0.2430493086576462 0.2620991170406342 0.2815062999725342 0.3000820279121399 0.3151227235794067 0.3246180415153503 0.3272928297519684 0.3222865462303162 0.3089901506900787 0.2935406565666199 0.2788636088371277 0.2649204134941101 0.2516743838787079 0.2390906661748886 0.2271361351013184 0.2157793343067169 0.2049903720617294 0.1947408467531204 0.1850038021802902 0.1757536083459854 0.1669659316539764 0.1586176306009293 0.1506867557764053 0.1431524157524109 0.1359947919845581 0.129195049405098 0.1227352991700172 0.1165985316038132 0.1107686012983322 0.1052301675081253 0.09996865689754486 0.0949702262878418 0.09022171795368195 0.08571062982082367 0.08142510056495667 0.07735384255647659 0.07348614931106567 0.06981184333562851 0.06632125377655029 0.06300519406795502 0.05985493585467339 0.05686219036579132 0.05401908233761787 0.05131812766194344 0.04875222221016884 0.04631461203098297 0.04399888217449188 0.04179893806576729 0.03970899060368538 0.03772354125976562 0.03583736345171928 0.0340454950928688 0.03234321996569633 0.03072605840861797 0.02918975614011288 0.02773026749491692 0.02634375356137753 0.02502656541764736 0.02377523668110371 0.02258647419512272 0.02145715057849884 0.0203842930495739 0.01936507783830166 0.01839682459831238 0.01747698336839676 0.01660313457250595 0.01577297784388065 0.01498432923108339 0.01423511281609535 0.01352335698902607 0.01284718886017799 0.01220482960343361 0.01159458793699741 0.01101485826075077 0.01046411506831646 0.009940909221768379 0.009443864226341248 0.008971670642495155 0.00852308701723814 0.008096932433545589 0.007692085579037666 0.007307481486350298 0.00694210734218359 0.006595002021640539 0.006265251897275448 0.005951989442110062 0.005654389970004559 0.005371670238673687 0.005103086587041616 0.004847932141274214 0.004605535417795181 0.004375258460640907 0.004156495444476604 0.00394867081195116 0.003751237178221345 0.00356367533095181 0.003385491669178009 0.00321621703915298 0.003055406268686056 0.002902635838836432 0.002757504116743803 0.002619628794491291 0.002488647354766726 0.002364214975386858 0.002246004296466708 0.002133704023435712 0.002027018927037716 0.00192566798068583 0.001829384593293071 0.001737915328703821 0.001651019556447864 0.001568468520417809 0.001490045106038451 0.001415542792528868 0.001344765652902424 0.001277527422644198 0.00121365103404969 0.001152968499809504 0.001095320098102093 0.001040554139763117 0.0009885263862088323 0.0009391000494360924 0.0008921450353227556 0.0008475377690047026 0.0008051609038375318 0.0007649028557352722 0.0007266576867550611 0.0006903248140588403 0.0006558086024597287 0.0006230181897990406 0.0005918672541156411 0.0005622738972306252 0.0005341601790860295 0.0005074521759524941 0.0004820795729756355 0.0004579756059683859 0.0004350768285803497 0.0004133229958824813 0.000392656831536442 0.0003730239986907691 0.0003543728089425713 0.0003366541641298681 0.0003198214690200984 0.0003038303984794766 0.0002886388683691621 0.0002742069191299379 0.0002604965702630579 0.0002474717330187559 0.0002350981521885842 0.0002233432460343465 0.0002121760771842673 0.0002015672798734158 0.0001914889144245535 0.0001819144672481343 0.0001728187489788979 0.0001641778071643785 0.0001559689117129892 0.0001481704675825313 0.0001407619420206174 0.0001337238500127569 0.0001270376524189487 0.000120685770525597 0.0001146514841821045 0.0001089189099729992 0.0001034729648381472 9.829931514104828e-05 9.338434756500646e-05 8.871513273334131e-05 8.427937427768484e-05 8.006540883798152e-05 7.606214057886973e-05 7.225903391372412e-05 6.86460844008252e-05 6.521378236357123e-05 6.195309106260538e-05 5.885543578187935e-05 5.591266381088644e-05 5.311702989274636e-05 5.046117803431116e-05 4.793811967829242e-05 4.554121551336721e-05 4.32641536463052e-05 4.110094596398994e-05 3.904589902958833e-05 3.709360316861421e-05 3.523892155499198e-05 3.347697565914132e-05 3.180312705808319e-05 3.021297015948221e-05 2.870232128771022e-05 2.726720595092047e-05 2.59038461081218e-05 2.460865289322101e-05 2.337821933906525e-05 2.220930764451623e-05 2.109884189849254e-05 2.004389898502268e-05 1.904170494526625e-05 1.80896204255987e-05 1.718513885862194e-05 1.632588100619614e-05 1.55095876834821e-05 1.473410793551011e-05 1.399740267515881e-05 1.329753285972401e-05 1.263265585293993e-05 1.200102269649506e-05 1.140097174356924e-05 1.083092320186552e-05 1.028937731462065e-05 9.77490890363697e-06 9.286163731303532e-06 8.821855772112031e-06 8.380762665183283e-06 7.96172480477253e-06 7.563638519059168e-06 7.185456524894107e-06 6.826183835073607e-06 6.484874575107824e-06 6.160630618978757e-06 5.852599315403495e-06 5.559969395108055e-06 5.281970970827388e-06 5.017872354073916e-06 4.766978690895485e-06 4.528629688138608e-06 4.302198249206413e-06 4.087088200321887e-06 3.882733835780527e-06 3.688597189466236e-06 3.504167352730292e-06 3.328958882775623e-06 3.162510893162107e-06 3.004385234817164e-06 2.854166041288408e-06 2.711457682380569e-06 2.575884764155489e-06 2.447090537316399e-06 2.324735987713211e-06 2.208499154221499e-06 2.098074219247792e-06 1.993170599234872e-06 1.893512035167078e-06 1.798836478883459e-06 1.708894615148893e-06 1.62344986165408e-06 1.542277345834009e-06 1.465163450120599e-06 1.391905243508518e-06 1.322310026807827e-06 1.256194536836119e-06 1.193384832731681e-06 1.133715613832464e-06 1.077029878615576e-06 1.023178356263088e-06 9.720193929751986e-07 9.234184403794643e-07 8.772475439400296e-07 8.3338517242737e-07 7.917159337011981e-07 7.521301199631125e-07 7.145235940697603e-07 6.787973916289047e-07
 0 0 0 0 0 0 0 0 0 0 0 0 0 0 0 0 0 0 0 0 0 0 0 0 0 0 0 0 0 0 0 0 0 0 0 0 0 0 0 0 0 0 0 0 0 0 0 0 0 0 0 0 0 0 0 0 0 0 0 0 0 0 0 0 0 0 0 0 0 0 0 0 0 0 0 0 0 0 0 0 0 0 0 0 0 0 0 0 0 0 0 0 0 0 0 0 0 0 0 0 0 0 0 0 0 0 0 0 0 0 0 0 0 0 0 0 0 0 0 0 0 0 0 0 0 0 0 0 0 0 0 0 0 0 0 0 0 0 0 0 0 0 0 0 0 0 0 0 0 0 0 0 0 0 0 0 0 0 0 0 0 0 0 0 0 0 0 0 0 0 0 0 0 0 0 0 0 0 0 0 0 0 0 0 0 0 0 0 0 0 0 0 0 0 0 0 0 0 0 0 0 0 0 0 0 0 0 0 0 0 0 0 0 0 0 0 0 0 0 0 0 0 0 0 0 0 0 0 0 0 0 0 0 0 0 0 0 0 0 0 0 0 0 0 0 0 0 0 0 0 0 0 0 0 0 0 0 0 0 0 0 0 0 0 0 0 0 0 0 0 0 0 0 0 0 0 0 0 0 0 0 0 0 0 0 0 0 0 0 0 0 0 0 0 0 0 0 0 0 0 0 0 0 0 0 0 0 0 0 0 0 0 0 0 0 0 0 0 0 0 0 0 0 0 0 0 0 0 0 0 0 0 0 0 0 0 0 0 0 0 0 0 0 0 0 0 0 0 0 0 0 0 0 0 0 0 0 0 0 0 0 0 0 0 0 0 0 0 0 0 0 0 0 0 0 0 0 0 0 0 0 0 0 0 0 0 0 0 0 0 0 0 0 0 0 0 0 0 0 0 0 0 0 0 0 0 0 0 0 0 0 0 0 0 0 0 0 0 0 0 0 0 0 0 0 0 0 0 0 0 0 0 0 0 0 0 0 0 0 0 0 0 0 0 0 0 0 0 0 0 0 0 0 0 0 0 0 0 0 0 0 0 0 0 0 0 0 0 0 0 0 0 0 0 0 0 0 0 0 0 0 0 0 0 0 0 0 0 0 0 0 0 0 0 0 0 0 0 0 0 0 0 0 0 0 0 0 0 0 0 0 0 0 0 0 0 0 0 0 0 0 0 0 0 0 0 0 0 0 0 0 0 0 0 0 0 0 0 0 0 0 0 0 0 0 0 0 0 0 0 0 0 0 0 0 0 0 0 0 0 0 0 0 0 0 0 0 0 0 0 0 0 0 0 0 0 0 0 0 0 0 0 0 0 0 0 0 0 0 0 0 0 0 0 0 0 0 0 0 0
 0 0 0 0 0 0 0 0 0 0 0 0 0 0 0 0 0 0 0 0 0 0 0 0 0 0 0 0 0 0 0 0 0 0 0 0 0 0 0 0 0 0 0 0 0 0 0 0 0 0 0 0 0 0 0 0 0 0 0 0 0 0 0 0 0 0 0 0 0 0 0 0 0 0 0 0 0 0 0 0 0 0 0 0 0 0 0 0 0 0 0 0 0 0 0 0 0 0 0 0 0 0 0 0 0 0 0 0 0 0 0 0 0 0 0 0 0 0 0 0 0 0 0 0 0 0 0 0 0 0 0 0 0 0 0 0 0 0 0 0 0 0 0 0 0 0 0 0 0 0 0 0 0 0 0 0 0 0 0 0 0 0 0 0 0 0 0 0 0 0 0 0 0 0 0 0 0 0 0 0 0 0 0 0 0 0 0 0 0 0 0 0 0 0 0 0 0 0 0 0 0 0 0 0 0 0 0 0 0 0 0 0 0 0 0 0 0 0 0 0 0 0 0 0 0 0 0 0 0 0 0 0 0 0 0 0 0 0 0 0 0 0 0 0 0 0 0 0 0 0 0 0 0 0 0 0 0 0 0 0 0 0 0 0 0 0 0 0 0 0 0 0 0 0 0 0 0 0 0 0 0 0 0 0 0 0 0 0 0 0 0 0 0 0 0 0 0 0 0 0 0 0 0 0 0 0 0 0 0 0 0 0 0 0 0 0 0 0 0 0 0 0 0 0 0 0 0 0 0 0 0 0 0 0 0 0 0 0 0 0 0 0 0 0 0 0 0 0 0 0 0 0 0 0 0 0 0 0 0 0 0 0 0 0 0 0 0 0 0 0 0 0 0 0 0 0 0 0 0 0 0 0 0 0 0 0 0 0 0 0 0 0 0 0 0 0 0 0 0 0 0 0 0 0 0 0 0 0 0 0 0 0 0 0 0 0 0 0 0 0 0 0 0 0 0 0 0 0 0 0 0 0 0 0 0 0 0 0 0 0 0 0 0 0 0 0 0 0 0 0 0 0 0 0 0 0 0 0 0 0 0 0 0 0 0 0 0 0 0 0 0 0 0 0 0 0 0 0 0 0 0 0 0 0 0 0 0 0 0 0 0 0 0 0 0 0 0 0 0 0 0 0 0 0 0 0 0 0 0 0 0 0 0 0 0 0 0 0 0 0 0 0 0 0 0 0 0 0 0 0 0 0 0 0 0 0 0 0 0 0 0 0 0 0 0 0 0 0 0 0 0 0 0 0 0 0 0 0 0 0 0 0 0 0 0 0 0 0 0 0 0 0 0 0 0 0 0 0 0 0 0 0 0 0 0 0 0 0 0 0 0 0 0 0 0 0 0 0 0 0


# name: r_0_m16_G0_L0p3_D0p7
# type: matrix
# rows: 1
# columns: 14
 0 -16 0.2 0 0.3 0 -9.43141 0 0 0.1085435234364534 0 140.6666666666667 1.861898672502525 0.7




