# Created by Octave 3.8.2, Mon Jun 19 12:02:31 2017 BST <co1ssj@node117>
# name: result
# type: scalar struct
# ndims: 2
 1 1
# length: 3
# name: params
# type: scalar struct
# ndims: 2
 1 1
# length: 18
# name: cleanup
# type: scalar
0


# name: num_runs
# type: scalar
6


# name: dopamine
# type: scalar
0.7


# name: targetCross
# type: scalar
1


# name: targetLuminance
# type: scalar
0.3


# name: targetWidthX
# type: scalar
6


# name: targetWidthY
# type: scalar
2


# name: fixCross
# type: scalar
1


# name: fixLuminance
# type: scalar
0.2


# name: fixWidthX
# type: scalar
6


# name: fixWidthY
# type: scalar
2


# name: fixOn
# type: scalar
0


# name: targetOff
# type: scalar
1


# name: targetOn
# type: scalar
0.2


# name: fixOff
# type: scalar
0.2


# name: targetThetaX
# type: scalar
0


# name: targetThetaY
# type: scalar
-10


# name: exptnum
# type: scalar
0




# name: r_0_m10_G0_L0p3_D0p7_llbn
# type: matrix
# rows: 24
# columns: 600
 0 0 0 0 0 0 0 0 0 0 0 0 0 0 0 0 0 0 0 0 0 0 0 0 0 0 0 0 0 0 0 0 0 0 0 0 0 0 0 0 0 0 0 0 0 0 0 0 0 0 0 0 0 0 0 0 0 0 0 0 0 0 0 0 0 0 0 0 0 0 0 0 0 0 0 0 0 0 0 0 0 0 0 0 0 0 0 0 0 0 0 0 0 0 0 0 0 0 0 0 0 0 0 0 0 0 0 0 0 0 0 0 0 0 0 0 0 0 0 0 0 0 0 0 0 0 0 0 0 0 0 0 0 0 0 0 0 0 0 0 0 0 0 0 0 0 0 0 0 0 0 0 0 0 0 0 0 0 0 0 0 0 0 0 0 0 0 0 0 0 0 0 0 0 0 0 0 0 0 0 0 0 0 0 0 0 0 0 0 0 0 0 0 0 0 0 0 0 0 0 0 0 0 0 0 0 0 0 0 0 0 0 0 0 0 0 0 0 0 0 0 0 0 0 0 0 0 0 0 0 0 0 0 0 0 0 0 0 0 0 0 0 0 0 0 0 0 0 0 0 0 0 0 0 0 0 0 0 0 0 0 0 0 0 0 0 0 0 0 0 0 0 0 0 0 0 0 0 0 0 0 0 0 0 0 0 0 0 0 0 0 0 0 0 0 0 0 0 0 0 0 0 0 0 0 0 0 0 0 0 0 0 0 0 0 0 0 0 0 0 0 0 0 0 0 0 0 0 0 0 0 0 0 0 0 0 0 0 0 0 0 0 0 0 0 0 0 0 0 0 0 0 0 0 0 0 0 0 0 0 0 0 0 0 0 0 0 0 0 0 0 0 0 0 0 0 0 0 0 0 0 0 0 0 0 0 0 0 0 0 0 0 0 0 0 0 0 0 0 0 0 0 0 0 0 0 0 0 0 0 0 0 0 0 0 0 0 0 0 0 0 0 0 0 0 0 0 0 0 0 0 0 0 0 0 0 0 0 0 0 0 0 0 0 0 0 0 0 0 0 0 0 0 0 0 0 0 0 0 0 0 0 0 0 0 0 0 0 0 0 0 0 0 0 0 0 0 0 0 0 0 0 0 0 0 0 0 0 0 0 0 0 0 0 0 0 0 0 0 0 0 0 0 0 0 0 0 0 0 0 0 0 0 0 0 0 0 0 0 0 0 0 0 0 0 0 0 0 0 0 0 0 0 0 0 0 0 0 0 0 0 0 0 0 0 0 0 0 0 0 0 0 0 0 0 0 0 0 0 0 0 0 0 0 0 0 0 0 0 0 0 0 0 0 0 0 0 0 0 0 0 0 0 0 0 0 0 0 0 0 0 0 0 0 0 0 0 0 0 0
 0 0 0 0 0 0 0 0 0 0 0 0 0 0 0 0 0 0 0 0 0 0 0 0 0 0 0 0 0 0 0 0 0 0 0 0 0 0 0 0 0 0 0 0 0 0 0 0 0 0 0 0 0 0 0 0 0 0 0 0 0 0 0 0 0 0 0 0 0 0 0 0 0 0 0 0 0 0 0 0 0 0 0 0 0 0 0 0 0 0 0 0 0 0 0 0 0 0 0 0 0 0 0 0 0 0 0 0 0 0 0 0 0 0 0 0 0 0 0 0 0 0 0 0 0 0 0 0 0 0 0 0 0 0 0 0 0 0 0 0 0 0 0 0 0 0 0 0 0 0 0 0 0 0 0 0 0 0 0 0 0 0 0 0 0 0 0 0 0 0 0 0 0 0 0 0 0 0 0 0 0 0 0 0 0 0 0 0 0 0 0 0 0 0 0 0 0 0 0 0 0 0 0 0 0 0 0 0 0 0 0 0 0 0 0 0 0 0 0 0 0 0 0 0 0 0 0 0 0 0 0 0 0 0 0 0 0 0 0 0 0 0 0 0 0 0 0 0 0 0 0 0 0 0 0 0 0 0 0 0 0 0 0 0 0 0 0 0 0 0 0 0 0 0 0 0 0 0 0 0 0 0 0 0 0 0 0 0 0 0 0 0 0 0 0.0002121134457411245 0.000852227967698127 0.001967362128198147 0.003554331604391336 0.005610019899904728 0.008129646070301533 0.01106850802898407 0.01434360258281231 0.01790917664766312 0.02174841240048409 0.02582010254263878 0.03008780255913734 0.03452854230999947 0.03913738951086998 0.04392747581005096 0.04892570152878761 0.05412981659173965 0.05951691418886185 0.0651458203792572 0.07101788371801376 0.0770842507481575 0.08330255746841431 0.0896269828081131 0.09599703550338745 0.1024107038974762 0.1088185459375381 0.1152096688747406 0.1215804368257523 0.1279256194829941 0.134261280298233 0.1406137943267822 0.1467807590961456 0.1511663049459457 0.1527450084686279 0.1508626490831375 0.1451250314712524 0.1378687769174576 0.1309753358364105 0.1244265660643578 0.1182052344083786 0.1122949719429016 0.1066802218556404 0.1013462096452713 0.09627889841794968 0.09146495163440704 0.08689170330762863 0.08254712074995041 0.0784197673201561 0.07449878007173538 0.07077383995056152 0.06723514944314957 0.06387339532375336 0.06067972630262375 0.05764573812484741 0.05476345121860504 0.05202527716755867 0.04942401498556137 0.04695281386375427 0.04460517317056656 0.04237491637468338 0.04025617241859436 0.0382433645427227 0.03633119538426399 0.03451463580131531 0.03278890252113342 0.03114945814013481 0.02959198504686356 0.02811238542199135 0.0267067663371563 0.02537142857909203 0.02410285733640194 0.02289771474897861 0.02175282873213291 0.02066518738865852 0.01963192783296108 0.01865033060312271 0.01771781407296658 0.01683192327618599 0.01599032804369926 0.01519081182777882 0.01443127170205116 0.0137097081169486 0.01302422303706408 0.01237301155924797 0.01175436098128557 0.01116664335131645 0.0106083108112216 0.01007789559662342 0.009574000723659992 0.009095300920307636 0.008640536107122898 0.008208509534597397 0.007798084057867527 0.007408179808408022 0.007037770934402943 0.006685882341116667 0.006351588293910027 0.00603400869295001 0.005732308141887188 0.0054456926882267 0.005173407960683107 0.004914737772196531 0.00466900086030364 0.004435550887137651 0.004213773179799318 0.004003084730356932 0.003802930470556021 0.003612783970311284 0.00343214487656951 0.003260537516325712 0.003097510663792491 0.002942635212093592 0.002795503474771976 0.002655728254467249 0.00252294191159308 0.0023967947345227 0.002276954939588904 0.002163107274100184 0.002054951852187514 0.001952204271219671 0.00185459409840405 0.00176186440512538 0.001673771184869111 0.001590082654729486 0.001510578556917608 0.001435049576684833 0.001363297109492123 0.001295132213272154 0.001230375608429313 0.001168856862932444 0.001110414043068886 0.001054893364198506 0.001002148725092411 0.0009520413004793227 0.0009044392500072718 0.0008592173107899725 0.000816256448160857 0.0007754436228424311 0.0007366714417003095 0.000699837866704911 0.0006648459821008146 0.0006316037033684552 0.0006000235443934798 0.0005700223846361041 0.0005415212363004684 0.0005144451861269772 0.0004887229297310114 0.0004642867716029286 0.00044107242138125 0.0004190187901258469 0.0003980678447987884 0.0003781644627451897 0.000359256227966398 0.0003412934020161629 0.0003242287202738225 0.0003080172755289823 0.0002926164015661925 0.0002779855858534575 0.0002640862949192524 0.0002508819743525237 0.000238337874179706 0.0002264209761051461 0.000215099920751527 0.000204344920348376 0.0001941276714205742 0.0001844212820287794 0.0001752002135617658 0.0001664402079768479 0.0001581182004883885 0.0001502122904639691 0.000142701668664813 0.0001355665881419554 0.0001287882623728365 0.0001223488507093862 0.0001162314074463211 0.0001104198381653987 0.0001048988488037139 9.965390927391127e-05 9.467121708439663e-05 8.993765368359163e-05 8.544076990801841e-05 8.11687350505963e-05 7.711030048085377e-05 7.32547850930132e-05 6.959204620216042e-05 6.611244316445664e-05 6.280682282522321e-05 5.966648313915357e-05 5.668315861839801e-05 5.384900214266963e-05 5.115655221743509e-05 4.859872569795698e-05 4.616878868546337e-05 4.38603492511902e-05 4.166733197052963e-05 3.958396700909361e-05 3.760476829484105e-05 3.5724529880099e-05 3.393830411368981e-05 3.224139072699472e-05 3.062932228203863e-05 2.909785689553246e-05 2.764296368695796e-05 2.626081550261006e-05 2.494777436368167e-05 2.370038600929547e-05 2.251536716357805e-05 2.138959825970232e-05 2.032011798291933e-05 1.930411235662177e-05 1.833890746638644e-05 1.742196218401659e-05 1.655086452956311e-05 1.572332075738814e-05 1.493715444667032e-05 1.419029649696313e-05 1.348078149021603e-05 1.280674223380629e-05 1.216640521306545e-05 1.155808513431111e-05 1.098018128686817e-05 1.043117208610056e-05 9.909613254421856e-06 9.414132364327088e-06 8.943426109908614e-06 8.496254849887919e-06 8.071441698120907e-06 7.667869795113802e-06 7.284476396307582e-06 6.92025241733063e-06 6.574239705514628e-06 6.245527856663102e-06 5.933251486567315e-06 5.636588866764214e-06 5.354759196052328e-06 5.087021236249711e-06 4.832670128962491e-06 4.591036486090161e-06 4.361484570836183e-06 4.143410478718579e-06 3.93623986383318e-06 3.739427938853623e-06 3.552456519173575e-06 3.37483379553305e-06 3.206092060281662e-06 3.045787480004947e-06 2.893498049161281e-06 2.748823135334533e-06 2.611381887618336e-06 0.0001026581521728076 0.0004824308271054178 0.001134840887971222 0.002035679295659065 0.003172996919602156 0.004529509693384171 0.006059428676962852 0.00775179686024785 0.00957760401070118 0.01152489334344864 0.01358371786773205 0.01574203558266163 0.01799499616026878 0.02033650130033493 0.02276589907705784 0.02528328821063042 0.02788752131164074 0.03058780170977116 0.03338779509067535 0.03627477586269379 0.03921493515372276 0.04221179336309433 0.04524215683341026 0.04828082770109177 0.05133324861526489 0.05439763888716698 0.05746103823184967 0.06052782386541367 0.06359457969665527 0.0666513666510582 0.06970234215259552 0.07275062799453735 0.07579638063907623 0.07883235812187195 0.08186054229736328 0.08488485217094421 0.08790543675422668 0.09093106538057327 0.09396094083786011 0.09614818543195724 0.09665805101394653 0.09497080743312836 0.09077577292919159 0.08623698353767395 0.08192513138055801 0.07782887667417526 0.07393743097782135 0.0702405571937561 0.06672853231430054 0.06339210271835327 0.06022249907255173 0.05721137300133705 0.05435080453753471 0.05163326486945152 0.04905160143971443 0.04659902304410934 0.04426907002925873
 0 0 0 0 0 0 0 0 0 0 0 0 0 0 0 0 0 0 0 0 0 0 0 0 0 0 0 0 0 0 0 0 0 0 0 0 0 0 0 0 0 0 0 0 0 0 0 0 0 0 0 0 0 0 0 0 0 0 0 0 0 0 0 0 0 0 0 0 0 0 0 0 0 0 0 0 0 0 0 0 0 0 0 0 0 0 0 0 0 0 0 0 0 0 0 0 0 0 0 0 0 0 0 0 0 0 0 0 0 0 0 0 0 0 0 0 0 0 0 0 0 0 0 0 0 0 0 0 0 0 0 0 0 0 0 0 0 0 0 0 0 0 0 0 0 0 0 0 0 0 0 0 0 0 0 0 0 0 0 0 0 0 0 0 0 0 0 0 0 0 0 0 0 0 0 0 0 0 0 0 0 0 0 0 0 0 0 0 0 0 0 0 0 0 0 0 0 0 0 0 0 0 0 0 0 0 0 0 0 0 0 0 0 0 0 0 0 0 0 0 0 0 0 0 0 0 0 0 0 0 0 0 0 0 0 0 0 0 0 0 0 0 0 0 0 0 0 0 0 0 0 0 0 0 0 0 0 0 0 0 0 0 0 0 0 0 0 0 0 0 0 0 0 0 0 0 0 0 0 0 0 0 0 0 0 0 0 0 0 0 0 0 0 0 0 0 0 0 0 0 0 0 0 0 0 0 0 0 0 0 0 0 0 0 0 0 0 0 0 0 0 0 0 0 0 0 0 0 0 0 0 0 0 0 0 0 0 0 0 0 0 0 0 0 0 0 0 0 0 0 0 0 0 0 0 0 0 0 0 0 0 0 0 0 0 0 0 0 0 0 0 0 0 0 0 0 0 0 0 0 0 0 0 0 0 0 0 0 0 0 0 0 0 0 0 0 0 0 0 0 0 0 0 0 0 0 0 0 0 0 0 0 0 0 0 0 0 0 0 0 0 0 0 0 0 0 0 0 0 0 0 0 0 0 0 0 0 0 0 0 0 0 0 0 0 0 0 0 0 0 0 0 0 0 0 0 0 0 0 0 0 0 0 0 0 0 0 0 0 0 0 0 0 0 0 0 0 0 0 0 0 0 0 0 0 0 0 0 0 0 0 0 0 0 0 0 0 0 0 0 0 0 0 0 0 0 0 0 0 0 0 0 0 0 0 0 0 0 0 0 0 0 0 0 0 0 0 0 0 0 0 0 0 0 0 0 0 0 0 0 0 0 0 0 0 0 0 0 0 0 0 0 0 0 0 0 0 0 0 0 0 0 0 0 0 0 0 0 0 0 0 0 0 0 0 0 0 0 0 0 0 0 0 0 0 0 0 0 0 0 0 0 0 0 0 0 0 0 0 0
 0 0 0 0 0 0 0 0 0 0 0 0 0 0 0 0 0 0 0 0 0 0 0 0 0 0 0 0 0 0 0 0 0 0 0 0 0 0 0 0 0 0 0 0 0 0 0 0 0 0 0 0 0 0 0 0 0 0 0 0 0 0 0 0 0 0 0 0 0 0 0 0 0 0 0 0 0 0 0 0 0 0 0 0 0 0 0 0 0 0 0 0 0 0 0 0 0 0 0 0 0 0 0 0 0 0 0 0 0 0 0 0 0 0 0 0 0 0 0 0 0 0 0 0 0 0 0 0 0 0 0 0 0 0 0 0 0 0 0 0 0 0 0 0 0 0 0 0 0 0 0 0 0 0 0 0 0 0 0 0 0 0 0 0 0 0 0 0 0 0 0 0 0 0 0 0 0 0 0 0 0 0 0 0 0 0 0 0 0 0 0 0 0 0 0 0 0 0 0 0 0 0 0 0 0 0 0 0 0 0 0 0 0 0 0 0 0 0 0 0 0 0 0 0 0 0 0 0 0 0 0 0 0 0 0 0 0 0 0 0 0 0 0 0 0 0 0 0 0 0 0 0 0 0 0 0 0 0 0 0 0 0 0 0 0 0 0 0 0 0 0 0 0 0 0 0 0 0 0 0 0 0 0 0 0 0 0 0 0 0 0 0 0 0 0 0 0 0 0 0 0 0 0 0 0 0 0 0 0 0 0 0 0 0 0 0 0 0 0 0 0 0 0 0 0 0 0 0 0 0 0 0 0 0 0 0 0 0 0 0 0 0 0 0 0 0 0 0 0 0 0 0 0 0 0 0 0 0 0 0 0 0 0 0 0 0 0 0 0 0 0 0 0 0 0 0 0 0 0 0 0 0 0 0 0 0 0 0 0 0 0 0 0 0 0 0 0 0 0 0 0 0 0 0 0 0 0 0 0 0 0 0 0 0 0 0 0 0 0 0 0 0 0 0 0 0 0 0 0 0 0 0 0 0 0 0 0 0 0 0 0 0 0 0 0 0 0 0 0 0 0 0 0 0 0 0 0 0 0 0 0 0 0 0 0 0 0 0 0 0 0 0 0 0 0 0 0 0 0 0 0 0 0 0 0 0 0 0 0 0 0 0 0 0 0 0 0 0 0 0 0 0 0 0 0 0 0 0 0 0 0 0 0 0 0 0 0 0 0 0 0 0 0 0 0 0 0 0 0 0 0 0 0 0 0 0 0 0 0 0 0 0 0 0 0 0 0 0 0 0 0 0 0 0 0 0 0 0 0 0 0 0 0 0 0 0 0 0 0 0 0 0 0 0 0 0 0 0 0 0 0 0 0 0 0 0 0 0 0 0 0 0 0 0 0 0 0 0 0 0
 0 0 0 0 0 0 0 0 0 0 0 0 0 0 0 0 0 0 0 0 0 0 0 0 0 0 0 0 0 0 0 0 0 0 0 0 0 0 0 0 0 0 0 0 0 0 0 0 0 0 0 0 0 0 0 0 0 0 0 0 0 0 0 0 0 0 0 0 0 0 0 0 0 0 0 0 0 0 0 0 0 0 0 0 0 0 0 0 0 0 0 0 0 0 0 0 0 0 0 0 0 0 0 0 0 0 0 0 0 0 0 0 0 0 0 0 0 0 0 0 0 0 0 0 0 0 0 0 0 0 0 0 0 0 0 0 0 0 0 0 0 0 0 0 0 0 0 0 0 0 0 0 0 0 0 0 0 0 0 0 0 0 0 0 0 0 0 0 0 0 0 0 0 0 0 0 0 0 0 0 0 0 0 0 0 0 0 0 0 0 0 0 0 0 0 0 0 0 0 0 0 0 0 0 0 0 0 0 0 0 0 0 0 0 0 0 0 0 0 0 0 0 0 0 0 0 0 0 0 0 0 0 0 0 0 0 0 0 0 0 0 0 0 0 0 0 0 0 0 0 0 0 0 0 0 0 0 0 0 0 0 0 0 0 0 0 0 0 0 0 0 0 0 0 0 0 0 0 0 0 0 0 0 0 0 0 0 0 0 0 0 0 0 0 0 0 0 0 0 0 0 0 0 0 0 0 0 0 0 0 0 0 0 0 0 0 0 0 0 0 0 0 0 0 0 0 0 0 0 0 0 0 0 0 0 0 0 0 0 0 0 0 0 0 0 0 0 0 0 0 0 0 0 0 0 0 0 0 0 0 0 0 0 0 0 0 0 0 0 0 0 0 0 0 0 0 0 0 0 0 0 0 0 0 0 0 0 0 0 0 0 0 0 0 0 0 0 0 0 0 0 0 0 0 0 0 0 0 0 0 0 0 0 0 0 0 0 0 0 0 0 0 0 0 0 0 0 0 0 0 0 0 0 0 0 0 0 0 0 0 0 0 0 0 0 0 0 0 0 0 0 0 0 0 0 0 0 0 0 0 0 0 0 0 0 0 0 0 0 0 0 0 0 0 0 0 0 0 0 0 0 0 0 0 0 0 0 0 0 0 0 0 0 0 0 0 0 0 0 0 0 0 0 0 0 0 0 0 0 0 0 0 0 0 0 0 0 0 0 0 0 0 0 0 0 0 0 0 0 0 0 0 0 0 0 0 0 0 0 0 0 0 0 0 0 0 0 0 0 0 0 0 0 0 0 0 0 0 0 0 0 0 0 0 0 0 0 0 0 0 0 0 0 0 0 0 0 0 0 0 0 0 0 0 0 0 0 0 0 0 0 0 0 0 0 0 0 0 0 0
 0 0 0 0 0 0 0 0 0 0 0 0 0 0 0 0 0 0 0 0 0 0 0 0 0 0 0 0 0 0 0 0 0 0 0 0 0 0 0 0 0 0 0 0 0 0 0 0 0 0 0 0 0 0 0 0 0 0 0 0 0 0 0 0 0 0 0 0 0 0 0 0 0 0 0 0 0 0 0 0 0 0 0 0 0 0 0 0 0 0 0 0 0 0 0 0 0 0 0 0 0 0 0 0 0 0 0 0 0 0 0 0 0 0 0 0 0 0 0 0 0 0 0 0 0 0 0 0 0 0 0 0 0 0 0 0 0 0 0 0 0 0 0 0 0 0 0 0 0 0 0 0 0 0 0 0 0 0 0 0 0 0 0 0 0 0 0 0 0 0 0 0 0 0 0 0 0 0 0 0 0 0 0 0 0 0 0 0 0 0 0 0 0 0 0 0 0 0 0 0 0 0 0 0 0 0 0 0 0 0 0 0 0 0 0 0 0 0 0 0 0 0 0 0 0 0 0 0 0 0 0 0 0 0 0 0 0 0 0 0 0 0 0 0 0 0 0 0 0 0 0 0 0 0 0 0 0 0 0 0 0 0 0 0 0 0 0 0 0 0 0 0 0 0 0 0 0 0 0 0 0 0 0 0 0 0 0 0 0 0 0 0 0 0 0 0 0.0004212210478726774 0.00130963372066617 0.002658828161656857 0.004484663717448711 0.006796464323997498 0.00956212542951107 0.01272626128047705 0.01621533557772636 0.01999876089394093 0.02399734035134315 0.02820545062422752 0.03259007260203362 0.03714810684323311 0.04187155514955521 0.04678517952561378 0.0519053153693676 0.05720456317067146 0.06270711123943329 0.06845139712095261 0.07439976930618286 0.08051594346761703 0.08677081018686295 0.09307726472616196 0.09943169355392456 0.1058030501008034 0.1121704280376434 0.118513211607933 0.1248349696397781 0.1311348378658295 0.1374253928661346 0.1437189429998398 0.1488022208213806 0.1514509618282318 0.1508973091840744 0.1466556042432785 0.139322817325592 0.1323566734790802 0.1257388442754745 0.1194519028067589 0.113479308784008 0.1078053414821625 0.1024150773882866 0.09729432314634323 0.09242960810661316 0.08780812472105026 0.08341772109270096 0.07924683392047882 0.07528449594974518 0.07152026891708374 0.06794425845146179 0.06454704701900482 0.06131969392299652 0.05825370922684669 0.05534102395176888 0.05257397145032883 0.04994527250528336 0.04744800925254822 0.04507561028003693 0.04282182827591896 0.04068073630332947 0.03864669799804688 0.03671436384320259 0.03487864509224892 0.03313471376895905 0.03147797659039497 0.0299040786921978 0.02840887382626534 0.02698842994868755 0.02563900873064995 0.02435705810785294 0.02313920482993126 0.02198224514722824 0.02088313363492489 0.01983897760510445 0.0188470296561718 0.01790467835962772 0.01700944453477859 0.01615897193551064 0.01535102352499962 0.01458347216248512 0.01385429874062538 0.01316158380359411 0.01250350475311279 0.01187832932919264 0.01128441281616688 0.01072019245475531 0.01018418278545141 0.009674973785877228 0.009191225282847881 0.008731664158403873 0.008295080624520779 0.007880326360464096 0.007486309856176376 0.007111994549632072 0.006756394635885954 0.006418575067073107 0.006097646430134773 0.005792764015495777 0.005503125954419374 0.005227969493716955 0.004966570995748043 0.004718242213129997 0.004482330288738012 0.004258213564753532 0.004045302979648113 0.003843037877231836 0.003650886006653309 0.003468341659754515 0.003294924506917596 0.003130178200080991 0.002973669208586216 0.002824985655024648 0.002683736383914948 0.0025495495647192 0.002422071993350983 0.002300968393683434 0.002185920020565391 0.00207662396132946 0.00197279267013073 0.001874153036624193 0.001780445338226855 0.001691423123702407 0.00160685193259269 0.001526509295217693 0.001450183801352978 0.001377674634568393 0.001308790873736143 0.001243351376615465 0.001181183848530054 0.001122124609537423 0.001066018361598253 0.001012717490084469 0.0009620815981179476 0.000913977506570518 0.0008682786137796938 0.0008248646627180278 0.0007836214499548078 0.0007444403599947691 0.000707218365278095 0.0006718574441038072 0.000638264580629766 0.0006063513574190438 0.0005760337808169425 0.0005472321063280106 0.0005198704893700778 0.0004938769852742553 0.0004691831418313086 0.0004457239992916584 0.0004234377993270755 0.0004022658977191895 0.0003821525897365063 0.0003630449646152556 0.000344892730936408 0.0003276481002103537 0.0003112656995654106 0.0002957024262286723 0.0002809173020068556 0.0002668714441824704 0.0002535278617870063 0.0002408514701528475 0.0002288089017383754 0.0002173684624722227 0.0002065000444417819 0.000196175038581714 0.0001863662910182029 0.0001770479721017182 0.0001681955764070153 0.0001597857917658985 0.0001517964992672205 0.0001442066713934764 0.0001369963429169729 0.000130146523588337 0.0001236391981365159 0.0001174572389572859 0.0001115843770094216 0.0001060051581589505 0.0001007048995234072 9.566965309204534e-05 9.088616934604943e-05 8.634186087874696e-05 8.202476601582021e-05 7.792352698743343e-05 7.402735354844481e-05 7.032598659861833e-05 6.680969090666622e-05 6.346920417854562e-05 6.029574433341622e-05 5.728095857193694e-05 5.441690882435068e-05 5.169606447452679e-05 4.91112623421941e-05 4.665569940698333e-05 4.43229146185331e-05 4.210676706861705e-05 4.000142871518619e-05 3.800135891651735e-05 3.610128987929784e-05 3.429622665862553e-05 3.258141441619955e-05 3.095234205829911e-05 2.940472404588945e-05 2.793448766169604e-05 2.653776391525753e-05 2.521087662898935e-05 2.395033334323671e-05 2.275281622132752e-05 2.161517477361485e-05 2.053441676252987e-05 1.950769546965603e-05 1.853231151471846e-05 1.760569648467936e-05 1.672541111474857e-05 1.588913983141538e-05 1.50946825669962e-05 1.433994839317165e-05 1.362295097351307e-05 1.294180310651427e-05 1.229471308761276e-05 1.167997743323212e-05 1.10959781522979e-05 1.05411791082588e-05 1.001412056211848e-05 9.513414624962024e-06 9.037743438966572e-06 8.585856448917184e-06 8.156564035743941e-06 7.748735697532538e-06 7.361299140029587e-06 6.993234364927048e-06 6.643572760367533e-06 6.311393917712849e-06 5.995824267301941e-06 5.696032985724742e-06 5.411231541074812e-06 5.140670054970542e-06 4.883636393060442e-06 4.639454346033745e-06 4.407481810630998e-06 4.18710760641261e-06 3.977752385253552e-06 3.778864765990875e-06 3.589921561797382e-06 3.410425506444881e-06 3.239904344809474e-06 3.077909241255838e-06 2.924013870142517e-06 2.777813278953545e-06 2.638922524056397e-06 0.0002400683151790872 0.0007565965061075985 0.001547030871734023 0.002584511414170265 0.003835330717265606 0.005284687038511038 0.006905189715325832 0.008670451119542122 0.01056799944490194 0.01260670833289623 0.01478382386267185 0.01707564480602741 0.01946810632944107 0.02197000570595264 0.02457907050848007 0.02728702500462532 0.03008738346397877 0.03295245766639709 0.03588515147566795 0.03888745978474617 0.04193754121661186 0.04501461237668991 0.0481005534529686 0.05120409280061722 0.0543307401239872 0.0574844516813755 0.06066156551241875 0.06383587419986725 0.06700608879327774 0.07017384469509125 0.07333469390869141 0.07648773491382599 0.07963354140520096 0.08277874439954758 0.08593048900365829 0.08909085392951965 0.09226255118846893 0.09545276314020157 0.09791529178619385 0.09874986857175827 0.09739383310079575 0.09349879622459412 0.08882385492324829 0.08438266068696976 0.08016353100538254 0.07615535706281662 0.07234758883714676 0.06873021274805069 0.06529369950294495 0.06202901527285576 0.05892756581306458 0.05598118901252747 0.05318212881684303 0.05052302405238152 0.04799687117338181 0.04559702798724174
 0 0 0 0 0 0 0 0 0 0 0 0 0 0 0 0 0 0 0 0 0 0 0 0 0 0 0 0 0 0 0 0 0 0 0 0 0 0 0 0 0 0 0 0 0 0 0 0 0 0 0 0 0 0 0 0 0 0 0 0 0 0 0 0 0 0 0 0 0 0 0 0 0 0 0 0 0 0 0 0 0 0 0 0 0 0 0 0 0 0 0 0 0 0 0 0 0 0 0 0 0 0 0 0 0 0 0 0 0 0 0 0 0 0 0 0 0 0 0 0 0 0 0 0 0 0 0 0 0 0 0 0 0 0 0 0 0 0 0 0 0 0 0 0 0 0 0 0 0 0 0 0 0 0 0 0 0 0 0 0 0 0 0 0 0 0 0 0 0 0 0 0 0 0 0 0 0 0 0 0 0 0 0 0 0 0 0 0 0 0 0 0 0 0 0 0 0 0 0 0 0 0 0 0 0 0 0 0 0 0 0 0 0 0 0 0 0 0 0 0 0 0 0 0 0 0 0 0 0 0 0 0 0 0 0 0 0 0 0 0 0 0 0 0 0 0 0 0 0 0 0 0 0 0 0 0 0 0 0 0 0 0 0 0 0 0 0 0 0 0 0 0 0 0 0 0 0 0 0 0 0 0 0 0 0 0 0 0 0 0 0 0 0 0 0 0 0 0 0 0 0 0 0 0 0 0 0 0 0 0 0 0 0 0 0 0 0 0 0 0 0 0 0 0 0 0 0 0 0 0 0 0 0 0 0 0 0 0 0 0 0 0 0 0 0 0 0 0 0 0 0 0 0 0 0 0 0 0 0 0 0 0 0 0 0 0 0 0 0 0 0 0 0 0 0 0 0 0 0 0 0 0 0 0 0 0 0 0 0 0 0 0 0 0 0 0 0 0 0 0 0 0 0 0 0 0 0 0 0 0 0 0 0 0 0 0 0 0 0 0 0 0 0 0 0 0 0 0 0 0 0 0 0 0 0 0 0 0 0 0 0 0 0 0 0 0 0 0 0 0 0 0 0 0 0 0 0 0 0 0 0 0 0 0 0 0 0 0 0 0 0 0 0 0 0 0 0 0 0 0 0 0 0 0 0 0 0 0 0 0 0 0 0 0 0 0 0 0 0 0 0 0 0 0 0 0 0 0 0 0 0 0 0 0 0 0 0 0 0 0 0 0 0 0 0 0 0 0 0 0 0 0 0 0 0 0 0 0 0 0 0 0 0 0 0 0 0 0 0 0 0 0 0 0 0 0 0 0 0 0 0 0 0 0 0 0 0 0 0 0 0 0 0 0 0 0 0 0 0 0 0 0 0 0 0 0 0 0 0 0 0 0 0 0 0 0 0 0 0 0
 0 0 0 0 0 0 0 0 0 0 0 0 0 0 0 0 0 0 0 0 0 0 0 0 0 0 0 0 0 0 0 0 0 0 0 0 0 0 0 0 0 0 0 0 0 0 0 0 0 0 0 0 0 0 0 0 0 0 0 0 0 0 0 0 0 0 0 0 0 0 0 0 0 0 0 0 0 0 0 0 0 0 0 0 0 0 0 0 0 0 0 0 0 0 0 0 0 0 0 0 0 0 0 0 0 0 0 0 0 0 0 0 0 0 0 0 0 0 0 0 0 0 0 0 0 0 0 0 0 0 0 0 0 0 0 0 0 0 0 0 0 0 0 0 0 0 0 0 0 0 0 0 0 0 0 0 0 0 0 0 0 0 0 0 0 0 0 0 0 0 0 0 0 0 0 0 0 0 0 0 0 0 0 0 0 0 0 0 0 0 0 0 0 0 0 0 0 0 0 0 0 0 0 0 0 0 0 0 0 0 0 0 0 0 0 0 0 0 0 0 0 0 0 0 0 0 0 0 0 0 0 0 0 0 0 0 0 0 0 0 0 0 0 0 0 0 0 0 0 0 0 0 0 0 0 0 0 0 0 0 0 0 0 0 0 0 0 0 0 0 0 0 0 0 0 0 0 0 0 0 0 0 0 0 0 0 0 0 0 0 0 0 0 0 0 0 0 0 0 0 0 0 0 0 0 0 0 0 0 0 0 0 0 0 0 0 0 0 0 0 0 0 0 0 0 0 0 0 0 0 0 0 0 0 0 0 0 0 0 0 0 0 0 0 0 0 0 0 0 0 0 0 0 0 0 0 0 0 0 0 0 0 0 0 0 0 0 0 0 0 0 0 0 0 0 0 0 0 0 0 0 0 0 0 0 0 0 0 0 0 0 0 0 0 0 0 0 0 0 0 0 0 0 0 0 0 0 0 0 0 0 0 0 0 0 0 0 0 0 0 0 0 0 0 0 0 0 0 0 0 0 0 0 0 0 0 0 0 0 0 0 0 0 0 0 0 0 0 0 0 0 0 0 0 0 0 0 0 0 0 0 0 0 0 0 0 0 0 0 0 0 0 0 0 0 0 0 0 0 0 0 0 0 0 0 0 0 0 0 0 0 0 0 0 0 0 0 0 0 0 0 0 0 0 0 0 0 0 0 0 0 0 0 0 0 0 0 0 0 0 0 0 0 0 0 0 0 0 0 0 0 0 0 0 0 0 0 0 0 0 0 0 0 0 0 0 0 0 0 0 0 0 0 0 0 0 0 0 0 0 0 0 0 0 0 0 0 0 0 0 0 0 0 0 0 0 0 0 0 0 0 0 0 0 0 0 0 0 0 0 0 0 0 0 0 0 0 0 0 0
 0 0 0 0 0 0 0 0 0 0 0 0 0 0 0 0 0 0 0 0 0 0 0 0 0 0 0 0 0 0 0 0 0 0 0 0 0 0 0 0 0 0 0 0 0 0 0 0 0 0 0 0 0 0 0 0 0 0 0 0 0 0 0 0 0 0 0 0 0 0 0 0 0 0 0 0 0 0 0 0 0 0 0 0 0 0 0 0 0 0 0 0 0 0 0 0 0 0 0 0 0 0 0 0 0 0 0 0 0 0 0 0 0 0 0 0 0 0 0 0 0 0 0 0 0 0 0 0 0 0 0 0 0 0 0 0 0 0 0 0 0 0 0 0 0 0 0 0 0 0 0 0 0 0 0 0 0 0 0 0 0 0 0 0 0 0 0 0 0 0 0 0 0 0 0 0 0 0 0 0 0 0 0 0 0 0 0 0 0 0 0 0 0 0 0 0 0 0 0 0 0 0 0 0 0 0 0 0 0 0 0 0 0 0 0 0 0 0 0 0 0 0 0 0 0 0 0 0 0 0 0 0 0 0 0 0 0 0 0 0 0 0 0 0 0 0 0 0 0 0 0 0 0 0 0 0 0 0 0 0 0 0 0 0 0 0 0 0 0 0 0 0 0 0 0 0 0 0 0 0 0 0 0 0 0 0 0 0 0 0 0 0 0 0 0 0 0 0 0 0 0 0 0 0 0 0 0 0 0 0 0 0 0 0 0 0 0 0 0 0 0 0 0 0 0 0 0 0 0 0 0 0 0 0 0 0 0 0 0 0 0 0 0 0 0 0 0 0 0 0 0 0 0 0 0 0 0 0 0 0 0 0 0 0 0 0 0 0 0 0 0 0 0 0 0 0 0 0 0 0 0 0 0 0 0 0 0 0 0 0 0 0 0 0 0 0 0 0 0 0 0 0 0 0 0 0 0 0 0 0 0 0 0 0 0 0 0 0 0 0 0 0 0 0 0 0 0 0 0 0 0 0 0 0 0 0 0 0 0 0 0 0 0 0 0 0 0 0 0 0 0 0 0 0 0 0 0 0 0 0 0 0 0 0 0 0 0 0 0 0 0 0 0 0 0 0 0 0 0 0 0 0 0 0 0 0 0 0 0 0 0 0 0 0 0 0 0 0 0 0 0 0 0 0 0 0 0 0 0 0 0 0 0 0 0 0 0 0 0 0 0 0 0 0 0 0 0 0 0 0 0 0 0 0 0 0 0 0 0 0 0 0 0 0 0 0 0 0 0 0 0 0 0 0 0 0 0 0 0 0 0 0 0 0 0 0 0 0 0 0 0 0 0 0 0 0 0 0 0 0 0 0 0 0 0 0 0 0 0 0 0 0 0 0 0 0 0 0 0 0
 0 0 0 0 0 0 0 0 0 0 0 0 0 0 0 0 0 0 0 0 0 0 0 0 0 0 0 0 0 0 0 0 0 0 0 0 0 0 0 0 0 0 0 0 0 0 0 0 0 0 0 0 0 0 0 0 0 0 0 0 0 0 0 0 0 0 0 0 0 0 0 0 0 0 0 0 0 0 0 0 0 0 0 0 0 0 0 0 0 0 0 0 0 0 0 0 0 0 0 0 0 0 0 0 0 0 0 0 0 0 0 0 0 0 0 0 0 0 0 0 0 0 0 0 0 0 0 0 0 0 0 0 0 0 0 0 0 0 0 0 0 0 0 0 0 0 0 0 0 0 0 0 0 0 0 0 0 0 0 0 0 0 0 0 0 0 0 0 0 0 0 0 0 0 0 0 0 0 0 0 0 0 0 0 0 0 0 0 0 0 0 0 0 0 0 0 0 0 0 0 0 0 0 0 0 0 0 0 0 0 0 0 0 0 0 0 0 0 0 0 0 0 0 0 0 0 0 0 0 0 0 0 0 0 0 0 0 0 0 0 0 0 0 0 0 0 0 0 0 0 0 0 0 0 0 0 0 0 0 0 0 0 0 0 0 0 0 0 0 0 0 0 0 0 0 0 0 0 0 0 0 0 0 0 0 0 0 0 0 0 0 0 0 0 0 0.0002934497897513211 0.001049626967869699 0.00228098058141768 0.003963190130889416 0.006123189814388752 0.008762875571846962 0.01181267760694027 0.01518095750361681 0.01884422451257706 0.02273555845022202 0.02682384476065636 0.03112521581351757 0.03559436276555061 0.04023046046495438 0.04505952447652817 0.05008439719676971 0.05528309568762779 0.06068315356969833 0.06631926447153091 0.07219776511192322 0.07824661582708359 0.08439879864454269 0.09065244346857071 0.09696531295776367 0.1033037155866623 0.1096434518694878 0.1159808039665222 0.1223008409142494 0.1286255568265915 0.1349485516548157 0.1412825584411621 0.1469131112098694 0.1504531651735306 0.1510185599327087 0.1480389535427094 0.1411552727222443 0.1340975165367126 0.1273926347494125 0.1210229992866516 0.1149718463420868 0.1092232540249825 0.1037620902061462 0.09857398271560669 0.09364528208971024 0.08896301686763763 0.08451486378908157 0.08028911799192429 0.07627466320991516 0.07246092706918716 0.06883788108825684 0.06539598852396011 0.06212618947029114 0.05901987850666046 0.05606888607144356 0.05326544120907784 0.05060216784477234 0.04807205870747566 0.04566845670342445 0.04338503256440163 0.04121578112244606 0.03915499150753021 0.03719724342226982 0.03533738106489182 0.03357051312923431 0.03189198672771454 0.03029738739132881 0.02878251858055592 0.02734339237213135 0.02597622200846672 0.02467741072177887 0.02344354055821896 0.02227136306464672 0.02115779556334019 0.02009990625083447 0.01909491047263145 0.0181401651352644 0.01723315753042698 0.01637149974703789 0.01555292494595051 0.01477527897804976 0.01403651479631662 0.01333468873053789 0.0126679539680481 0.01203455589711666 0.0114328283816576 0.01086118724197149 0.01031812746077776 0.009802221320569515 0.009312110021710396 0.008846504613757133 0.008404179476201534 0.007983970455825329 0.007584772072732449 0.00720553332939744 0.00684525677934289 0.006502993870526552 0.006177844014018774 0.005868951790034771 0.005575504153966904 0.005296729039400816 0.005031892564147711 0.004780298098921776 0.004541283007711172 0.004314218647778034 0.004098507575690746 0.00389358215034008 0.003698903135955334 0.003513958072289824 0.003338260110467672 0.003171347081661224 0.003012779634445906 0.002862140536308289 0.002719033509492874 0.00258308183401823 0.002453927649185061 0.002331231255084276 0.002214669715613127 0.002103936159983277 0.001998739317059517 0.001898802351206541 0.001803862280212343 0.00171366916038096 0.001627985737286508 0.001546586398035288 0.001469257054850459 0.001395794213749468 0.001326004508882761 0.001259704236872494 0.001196719007566571 0.00113688304554671 0.00108003884088248 0.001026036916300654 0.0009747350704856217 0.0009259983198717237 0.0008796984329819679 0.0008357135229744017 0.000793927873019129 0.0007542314706370234 0.0007165198912844062 0.0006806938908994198 0.0006466591730713844 0.0006143262144178152 0.0005836099153384566 0.0005544294253922999 0.0005267079686746001 0.0005003725527785718 0.000475353910587728 0.0004515862092375755 0.0004290069045964628 0.0004075565666425973 0.0003871787339448929 0.0003678197972476482 0.0003494287957437336 0.00033195735886693 0.0003153595025651157 0.0002995915128849447 0.0002846119459718466 0.0002703813370317221 0.0002568622585386038 0.0002440191456116736 0.000231818194151856 0.000220227288082242 0.000209215926588513 0.0001987551368074492 0.0001888173865154386 0.0001793765113689005 0.0001704076858004555 0.0001618873066036031 0.0001537929347250611 0.0001461032952647656 0.0001387981319567189 0.0001318582217209041 0.000125265316455625 0.0001190020484500565 0.00011305194493616 0.0001073993480531499 0.0001020293784677051 9.692790627013892e-05 9.208150731865317e-05 8.747743413550779e-05 8.310356497531757e-05 7.894838927313685e-05 7.500097126467153e-05 7.125092088244855e-05 6.768837192794308e-05 6.430395296774805e-05 6.108875822974369e-05 5.80343184992671e-05 5.513260111911222e-05 5.237596997176297e-05 4.9757170927478e-05 4.726931365439668e-05 4.490584979066625e-05 4.266055839252658e-05 4.052753138239495e-05 3.850115535897203e-05 3.657609704532661e-05 3.474729237495922e-05 3.300992830190808e-05 3.135943188681267e-05 2.979145938297734e-05 2.830188714142423e-05 2.688679342099931e-05 2.554245293140411e-05 2.426532955723815e-05 2.305206362507306e-05 2.189946098951623e-05 2.080448757624254e-05 1.976426392502617e-05 1.877605063782539e-05 1.783724837878253e-05 1.694538514129817e-05 1.609811624803115e-05 1.52932097989833e-05 1.45285493999836e-05 1.380212233925704e-05 1.311201594944578e-05 1.245641487912508e-05 1.183359381684568e-05 1.124191385315498e-05 1.067981793312356e-05 1.014582721836632e-05 9.63853563007433e-06 9.156608939520083e-06 8.698778401594609e-06 8.263839845312759e-06 7.850648216845002e-06 7.458115760528017e-06 7.085210199875291e-06 6.730949735356262e-06 6.394402134901611e-06 6.074682005419163e-06 5.770948064309778e-06 5.482400865730597e-06 5.20828098160564e-06 4.94786672788905e-06 4.700473255070392e-06 4.465449819690548e-06 4.242177510604961e-06 4.030068794236286e-06 3.828565240837634e-06 3.637137069745222e-06 3.455280193520593e-06 3.282516217950615e-06 3.118390395684401e-06 2.962470944112283e-06 2.814347453750088e-06 1.47384125739336e-05 0.0003060405724681914 0.000876994919963181 0.001714556361548603 0.002788482699543238 0.004061782732605934 0.00552793126553297 0.007150967139750719 0.00891006737947464 0.01080327481031418 0.01283194124698639 0.01499139983206987 0.0172584168612957 0.01962829194962978 0.02210216410458088 0.02467686682939529 0.02735103107988834 0.03011432476341724 0.03294208645820618 0.03583123907446861 0.03878717869520187 0.0417889766395092 0.04480976983904839 0.047845508903265 0.05089596286416054 0.05396678298711777 0.05705246329307556 0.06015879660844803 0.06327825784683228 0.06639719754457474 0.06950127333402634 0.07259725779294968 0.07568363845348358 0.07876273989677429 0.08184145390987396 0.08492111414670944 0.08800482749938965 0.09109292924404144 0.09419342130422592 0.09663011133670807 0.09750904887914658 0.09624885767698288 0.09250787645578384 0.08788248151540756 0.08348836004734039 0.07931394129991531 0.07534824311733246 0.07158082723617554 0.06800178438425064 0.06460169702768326 0.06137161329388618 0.05830303207039833 0.05538788065314293 0.05261848494410515 0.0499875620007515 0.04748818278312683 0.04511377215385437 0.04285808280110359
 0 0 0 0 0 0 0 0 0 0 0 0 0 0 0 0 0 0 0 0 0 0 0 0 0 0 0 0 0 0 0 0 0 0 0 0 0 0 0 0 0 0 0 0 0 0 0 0 0 0 0 0 0 0 0 0 0 0 0 0 0 0 0 0 0 0 0 0 0 0 0 0 0 0 0 0 0 0 0 0 0 0 0 0 0 0 0 0 0 0 0 0 0 0 0 0 0 0 0 0 0 0 0 0 0 0 0 0 0 0 0 0 0 0 0 0 0 0 0 0 0 0 0 0 0 0 0 0 0 0 0 0 0 0 0 0 0 0 0 0 0 0 0 0 0 0 0 0 0 0 0 0 0 0 0 0 0 0 0 0 0 0 0 0 0 0 0 0 0 0 0 0 0 0 0 0 0 0 0 0 0 0 0 0 0 0 0 0 0 0 0 0 0 0 0 0 0 0 0 0 0 0 0 0 0 0 0 0 0 0 0 0 0 0 0 0 0 0 0 0 0 0 0 0 0 0 0 0 0 0 0 0 0 0 0 0 0 0 0 0 0 0 0 0 0 0 0 0 0 0 0 0 0 0 0 0 0 0 0 0 0 0 0 0 0 0 0 0 0 0 0 0 0 0 0 0 0 0 0 0 0 0 0 0 0 0 0 0 0 0 0 0 0 0 0 0 0 0 0 0 0 0 0 0 0 0 0 0 0 0 0 0 0 0 0 0 0 0 0 0 0 0 0 0 0 0 0 0 0 0 0 0 0 0 0 0 0 0 0 0 0 0 0 0 0 0 0 0 0 0 0 0 0 0 0 0 0 0 0 0 0 0 0 0 0 0 0 0 0 0 0 0 0 0 0 0 0 0 0 0 0 0 0 0 0 0 0 0 0 0 0 0 0 0 0 0 0 0 0 0 0 0 0 0 0 0 0 0 0 0 0 0 0 0 0 0 0 0 0 0 0 0 0 0 0 0 0 0 0 0 0 0 0 0 0 0 0 0 0 0 0 0 0 0 0 0 0 0 0 0 0 0 0 0 0 0 0 0 0 0 0 0 0 0 0 0 0 0 0 0 0 0 0 0 0 0 0 0 0 0 0 0 0 0 0 0 0 0 0 0 0 0 0 0 0 0 0 0 0 0 0 0 0 0 0 0 0 0 0 0 0 0 0 0 0 0 0 0 0 0 0 0 0 0 0 0 0 0 0 0 0 0 0 0 0 0 0 0 0 0 0 0 0 0 0 0 0 0 0 0 0 0 0 0 0 0 0 0 0 0 0 0 0 0 0 0 0 0 0 0 0 0 0 0 0 0 0 0 0 0 0 0 0 0 0 0 0 0 0 0 0 0 0 0 0 0 0 0 0 0
 0 0 0 0 0 0 0 0 0 0 0 0 0 0 0 0 0 0 0 0 0 0 0 0 0 0 0 0 0 0 0 0 0 0 0 0 0 0 0 0 0 0 0 0 0 0 0 0 0 0 0 0 0 0 0 0 0 0 0 0 0 0 0 0 0 0 0 0 0 0 0 0 0 0 0 0 0 0 0 0 0 0 0 0 0 0 0 0 0 0 0 0 0 0 0 0 0 0 0 0 0 0 0 0 0 0 0 0 0 0 0 0 0 0 0 0 0 0 0 0 0 0 0 0 0 0 0 0 0 0 0 0 0 0 0 0 0 0 0 0 0 0 0 0 0 0 0 0 0 0 0 0 0 0 0 0 0 0 0 0 0 0 0 0 0 0 0 0 0 0 0 0 0 0 0 0 0 0 0 0 0 0 0 0 0 0 0 0 0 0 0 0 0 0 0 0 0 0 0 0 0 0 0 0 0 0 0 0 0 0 0 0 0 0 0 0 0 0 0 0 0 0 0 0 0 0 0 0 0 0 0 0 0 0 0 0 0 0 0 0 0 0 0 0 0 0 0 0 0 0 0 0 0 0 0 0 0 0 0 0 0 0 0 0 0 0 0 0 0 0 0 0 0 0 0 0 0 0 0 0 0 0 0 0 0 0 0 0 0 0 0 0 0 0 0 0 0 0 0 0 0 0 0 0 0 0 0 0 0 0 0 0 0 0 0 0 0 0 0 0 0 0 0 0 0 0 0 0 0 0 0 0 0 0 0 0 0 0 0 0 0 0 0 0 0 0 0 0 0 0 0 0 0 0 0 0 0 0 0 0 0 0 0 0 0 0 0 0 0 0 0 0 0 0 0 0 0 0 0 0 0 0 0 0 0 0 0 0 0 0 0 0 0 0 0 0 0 0 0 0 0 0 0 0 0 0 0 0 0 0 0 0 0 0 0 0 0 0 0 0 0 0 0 0 0 0 0 0 0 0 0 0 0 0 0 0 0 0 0 0 0 0 0 0 0 0 0 0 0 0 0 0 0 0 0 0 0 0 0 0 0 0 0 0 0 0 0 0 0 0 0 0 0 0 0 0 0 0 0 0 0 0 0 0 0 0 0 0 0 0 0 0 0 0 0 0 0 0 0 0 0 0 0 0 0 0 0 0 0 0 0 0 0 0 0 0 0 0 0 0 0 0 0 0 0 0 0 0 0 0 0 0 0 0 0 0 0 0 0 0 0 0 0 0 0 0 0 0 0 0 0 0 0 0 0 0 0 0 0 0 0 0 0 0 0 0 0 0 0 0 0 0 0 0 0 0 0 0 0 0 0 0 0 0 0 0 0 0 0 0 0 0 0 0 0 0 0 0 0 0
 0 0 0 0 0 0 0 0 0 0 0 0 0 0 0 0 0 0 0 0 0 0 0 0 0 0 0 0 0 0 0 0 0 0 0 0 0 0 0 0 0 0 0 0 0 0 0 0 0 0 0 0 0 0 0 0 0 0 0 0 0 0 0 0 0 0 0 0 0 0 0 0 0 0 0 0 0 0 0 0 0 0 0 0 0 0 0 0 0 0 0 0 0 0 0 0 0 0 0 0 0 0 0 0 0 0 0 0 0 0 0 0 0 0 0 0 0 0 0 0 0 0 0 0 0 0 0 0 0 0 0 0 0 0 0 0 0 0 0 0 0 0 0 0 0 0 0 0 0 0 0 0 0 0 0 0 0 0 0 0 0 0 0 0 0 0 0 0 0 0 0 0 0 0 0 0 0 0 0 0 0 0 0 0 0 0 0 0 0 0 0 0 0 0 0 0 0 0 0 0 0 0 0 0 0 0 0 0 0 0 0 0 0 0 0 0 0 0 0 0 0 0 0 0 0 0 0 0 0 0 0 0 0 0 0 0 0 0 0 0 0 0 0 0 0 0 0 0 0 0 0 0 0 0 0 0 0 0 0 0 0 0 0 0 0 0 0 0 0 0 0 0 0 0 0 0 0 0 0 0 0 0 0 0 0 0 0 0 0 0 0 0 0 0 0 0 0 0 0 0 0 0 0 0 0 0 0 0 0 0 0 0 0 0 0 0 0 0 0 0 0 0 0 0 0 0 0 0 0 0 0 0 0 0 0 0 0 0 0 0 0 0 0 0 0 0 0 0 0 0 0 0 0 0 0 0 0 0 0 0 0 0 0 0 0 0 0 0 0 0 0 0 0 0 0 0 0 0 0 0 0 0 0 0 0 0 0 0 0 0 0 0 0 0 0 0 0 0 0 0 0 0 0 0 0 0 0 0 0 0 0 0 0 0 0 0 0 0 0 0 0 0 0 0 0 0 0 0 0 0 0 0 0 0 0 0 0 0 0 0 0 0 0 0 0 0 0 0 0 0 0 0 0 0 0 0 0 0 0 0 0 0 0 0 0 0 0 0 0 0 0 0 0 0 0 0 0 0 0 0 0 0 0 0 0 0 0 0 0 0 0 0 0 0 0 0 0 0 0 0 0 0 0 0 0 0 0 0 0 0 0 0 0 0 0 0 0 0 0 0 0 0 0 0 0 0 0 0 0 0 0 0 0 0 0 0 0 0 0 0 0 0 0 0 0 0 0 0 0 0 0 0 0 0 0 0 0 0 0 0 0 0 0 0 0 0 0 0 0 0 0 0 0 0 0 0 0 0 0 0 0 0 0 0 0 0 0 0 0 0 0 0 0 0 0 0 0 0 0 0
 0 0 0 0 0 0 0 0 0 0 0 0 0 0 0 0 0 0 0 0 0 0 0 0 0 0 0 0 0 0 0 0 0 0 0 0 0 0 0 0 0 0 0 0 0 0 0 0 0 0 0 0 0 0 0 0 0 0 0 0 0 0 0 0 0 0 0 0 0 0 0 0 0 0 0 0 0 0 0 0 0 0 0 0 0 0 0 0 0 0 0 0 0 0 0 0 0 0 0 0 0 0 0 0 0 0 0 0 0 0 0 0 0 0 0 0 0 0 0 0 0 0 0 0 0 0 0 0 0 0 0 0 0 0 0 0 0 0 0 0 0 0 0 0 0 0 0 0 0 0 0 0 0 0 0 0 0 0 0 0 0 0 0 0 0 0 0 0 0 0 0 0 0 0 0 0 0 0 0 0 0 0 0 0 0 0 0 0 0 0 0 0 0 0 0 0 0 0 0 0 0 0 0 0 0 0 0 0 0 0 0 0 0 0 0 0 0 0 0 0 0 0 0 0 0 0 0 0 0 0 0 0 0 0 0 0 0 0 0 0 0 0 0 0 0 0 0 0 0 0 0 0 0 0 0 0 0 0 0 0 0 0 0 0 0 0 0 0 0 0 0 0 0 0 0 0 0 0 0 0 0 0 0 0 0 0 0 0 0 0 0 0 0 0 0.0002975304960273206 0.001059964299201965 0.002326644491404295 0.004052415490150452 0.006257404573261738 0.008910496719181538 0.01198350917547941 0.01541890576481819 0.01915746740996838 0.02311696484684944 0.02729007601737976 0.03166874870657921 0.03624314442276955 0.04101233929395676 0.04598411172628403 0.05113088712096214 0.05648347362875938 0.06207588315010071 0.06792003661394119 0.07394641637802124 0.08009230345487595 0.08638378232717514 0.09275317192077637 0.09919086843729019 0.1056889817118645 0.1122152954339981 0.1187589466571808 0.125298947095871 0.131835401058197 0.1383784264326096 0.1449361741542816 0.1505520045757294 0.1539009809494019 0.1541073620319366 0.1506310105323792 0.1431000828742981 0.1359450817108154 0.1291478276252747 0.1226904392242432 0.1165559142827988 0.1107281148433685 0.105191707611084 0.09993211925029755 0.09493551403284073 0.09018874168395996 0.0856793075799942 0.08139534294605255 0.07732557505369186 0.07345929741859436 0.06978633254766464 0.0662970170378685 0.06298216432332993 0.05983305722475052 0.0568414032459259 0.05399933457374573 0.05129936710000038 0.048734400421381 0.04629768058657646 0.04398279637098312 0.041783656924963 0.03969447314739227 0.03770975023508072 0.03582426160573959 0.03403304889798164 0.03233139589428902 0.03071482665836811 0.02917908504605293 0.0277201309800148 0.026334123685956 0.02501741796731949 0.02376654744148254 0.02257822081446648 0.02144930884242058 0.02037684246897697 0.01935799978673458 0.01839010044932365 0.0174705944955349 0.01659706421196461 0.01576721109449863 0.01497885026037693 0.01422990765422583 0.01351841259747744 0.01284249220043421 0.01220036763697863 0.01159034948796034 0.01101083215326071 0.01046029012650251 0.00993727520108223 0.009440411813557148 0.008968391455709934 0.008519971743226051 0.008093973621726036 0.007689274847507477 0.007304810918867588 0.006939570419490337 0.006592591758817434 0.006262962240725756 0.005949814338237047 0.005652323830872774 0.005369707476347685 0.005101222079247236 0.004846160765737295 0.004603852517902851 0.00437365984544158 0.004154976923018694 0.003947228193283081 0.003749866737052798 0.003562373341992497 0.003384254639968276 0.003215041942894459 0.003054289845749736 0.002901575295254588 0.002756496425718069 0.00261867162771523 0.002487738151103258 0.002363351173698902 0.002245183568447828 0.002132924273610115 0.002026278059929609 0.001924964133650064 0.001828715903684497 0.001737280050292611 0.001650416059419513 0.001567895291373134 0.001489500515162945 0.001415025442838669 0.001344274147413671 0.00127706048078835 0.001213207491673529 0.00115254707634449 0.00109491974581033 0.001040173810906708 0.0009881651494652033 0.0009387569152750075 0.0008918190724216402 0.0008472281042486429 0.0008048667223192751 0.0007646234007552266 0.0007263922598212957 0.0006900726584717631 0.0006555690197274089 0.000622790539637208 0.0005916510126553476 0.0005620684823952615 0.0005339650670066476 0.0005072668427601457 0.0004819034948013723 0.0004578083171509206 0.0004349178925622255 0.0004131720052100718 0.0003925134078599513 0.0003728877345565706 0.0003542433551046997 0.0003365312004461884 0.0003197046462446451 0.000303719425573945 0.0002885334542952478 0.0002741067728493363 0.0002604014298412949 0.0002473813656251878 0.0002350122958887368 0.0002232616825494915 0.0002120986027875915 0.0002014936762861907 0.0001914189924718812 0.0001818480377551168 0.0001727556373225525 0.0001641178532736376 0.0001559119555167854 0.0001481163635617122 0.0001407105446560308 0.0001336750137852505 0.0001269912609132007 0.0001206417000503279 0.0001146096183219925 0.0001088791395886801 0.0001034351807902567 9.826342284213752e-05 9.33502524276264e-05 8.868274017004296e-05 8.424860425293446e-05 8.003617404028773e-05 7.603436824865639e-05 7.22326512914151e-05 6.862101872684434e-05 6.51899681543e-05 6.193047011038288e-05 5.883394624106586e-05 5.589224747382104e-05 5.309763582772575e-05 5.044275530963205e-05 4.792061736225151e-05 4.552458631223999e-05 4.324835754232481e-05 4.108593930141069e-05 3.903164179064333e-05 3.708005897351541e-05 3.52260576619301e-05 3.34647556883283e-05 3.179151826770976e-05 3.020194162672851e-05 2.86918439087458e-05 2.725725244090427e-05 2.589438918221276e-05 2.459966890455689e-05 2.336968464078382e-05 2.220120040874463e-05 2.109114029735792e-05 2.003658300964162e-05 1.90347545867553e-05 1.808301749406382e-05 1.717886698315851e-05 1.631992381589953e-05 1.550392698845826e-05 1.472873100283323e-05 1.399229404341895e-05 1.329267979599535e-05 1.262804562429665e-05 1.199664347950602e-05 1.139681171480333e-05 1.082697144738631e-05 1.028562292049173e-05 9.771341865416616e-06 9.282774954044726e-06 8.818636160867754e-06 8.377704034501221e-06 7.958818969200365e-06 7.560878202639287e-06 7.182834451668896e-06 6.823692729085451e-06 6.482508069893811e-06 6.158382802823326e-06 5.850463821843732e-06 5.557940767175751e-06 5.280043751554331e-06 5.016041541239247e-06 4.765239282278344e-06 4.526977136265486e-06 4.300628461351153e-06 4.08559708375833e-06 3.881317297782516e-06 3.687251364681288e-06 3.502888830553275e-06 3.327744479975081e-06 3.161357199132908e-06 3.003289293701528e-06 2.853124897228554e-06 2.710468606892391e-06 6.477226997958496e-05 0.0004095780313946307 0.001036727800965309 0.00192503142170608 0.003040084149688482 0.004364399239420891 0.005877066869288683 0.007554294541478157 0.009370414540171623 0.01132555864751339 0.01340896263718605 0.01561802253127098 0.01794510148465633 0.0203789509832859 0.02291204780340195 0.02554150857031345 0.02826639264822006 0.03107734583318233 0.03396495431661606 0.03690965101122856 0.03991039842367172 0.04296327009797096 0.04603920504450798 0.0491311214864254 0.05224554240703583 0.05538352578878403 0.0585411936044693 0.06171924620866776 0.06489869207143784 0.06805881857872009 0.07120434194803238 0.07433958351612091 0.07746927440166473 0.08059219270944595 0.08371458202600479 0.08683979511260986 0.08997296541929245 0.09311933070421219 0.0962841808795929 0.09831046313047409 0.09845714271068573 0.09627042710781097 0.09145690500736237 0.08688405901193619 0.08253985643386841 0.07841286063194275 0.07449221611022949 0.0707676038146019 0.06722922623157501 0.06386776268482208 0.06067437306046486 0.05764065310359001 0.05475861951708794 0.05202068760991096 0.04941965267062187 0.04694867134094238 0.04460123926401138 0.04237117618322372
 0 0 0 0 0 0 0 0 0 0 0 0 0 0 0 0 0 0 0 0 0 0 0 0 0 0 0 0 0 0 0 0 0 0 0 0 0 0 0 0 0 0 0 0 0 0 0 0 0 0 0 0 0 0 0 0 0 0 0 0 0 0 0 0 0 0 0 0 0 0 0 0 0 0 0 0 0 0 0 0 0 0 0 0 0 0 0 0 0 0 0 0 0 0 0 0 0 0 0 0 0 0 0 0 0 0 0 0 0 0 0 0 0 0 0 0 0 0 0 0 0 0 0 0 0 0 0 0 0 0 0 0 0 0 0 0 0 0 0 0 0 0 0 0 0 0 0 0 0 0 0 0 0 0 0 0 0 0 0 0 0 0 0 0 0 0 0 0 0 0 0 0 0 0 0 0 0 0 0 0 0 0 0 0 0 0 0 0 0 0 0 0 0 0 0 0 0 0 0 0 0 0 0 0 0 0 0 0 0 0 0 0 0 0 0 0 0 0 0 0 0 0 0 0 0 0 0 0 0 0 0 0 0 0 0 0 0 0 0 0 0 0 0 0 0 0 0 0 0 0 0 0 0 0 0 0 0 0 0 0 0 0 0 0 0 0 0 0 0 0 0 0 0 0 0 0 0 0 0 0 0 0 0 0 0 0 0 0 0 0 0 0 0 0 0 0 0 0 0 0 0 0 0 0 0 0 0 0 0 0 0 0 0 0 0 0 0 0 0 0 0 0 0 0 0 0 0 0 0 0 0 0 0 0 0 0 0 0 0 0 0 0 0 0 0 0 0 0 0 0 0 0 0 0 0 0 0 0 0 0 0 0 0 0 0 0 0 0 0 0 0 0 0 0 0 0 0 0 0 0 0 0 0 0 0 0 0 0 0 0 0 0 0 0 0 0 0 0 0 0 0 0 0 0 0 0 0 0 0 0 0 0 0 0 0 0 0 0 0 0 0 0 0 0 0 0 0 0 0 0 0 0 0 0 0 0 0 0 0 0 0 0 0 0 0 0 0 0 0 0 0 0 0 0 0 0 0 0 0 0 0 0 0 0 0 0 0 0 0 0 0 0 0 0 0 0 0 0 0 0 0 0 0 0 0 0 0 0 0 0 0 0 0 0 0 0 0 0 0 0 0 0 0 0 0 0 0 0 0 0 0 0 0 0 0 0 0 0 0 0 0 0 0 0 0 0 0 0 0 0 0 0 0 0 0 0 0 0 0 0 0 0 0 0 0 0 0 0 0 0 0 0 0 0 0 0 0 0 0 0 0 0 0 0 0 0 0 0 0 0 0 0 0 0 0 0 0 0 0 0 0 0 0 0 0 0 0 0 0 0 0 0 0 0 0 0 0 0 0 0
 0 0 0 0 0 0 0 0 0 0 0 0 0 0 0 0 0 0 0 0 0 0 0 0 0 0 0 0 0 0 0 0 0 0 0 0 0 0 0 0 0 0 0 0 0 0 0 0 0 0 0 0 0 0 0 0 0 0 0 0 0 0 0 0 0 0 0 0 0 0 0 0 0 0 0 0 0 0 0 0 0 0 0 0 0 0 0 0 0 0 0 0 0 0 0 0 0 0 0 0 0 0 0 0 0 0 0 0 0 0 0 0 0 0 0 0 0 0 0 0 0 0 0 0 0 0 0 0 0 0 0 0 0 0 0 0 0 0 0 0 0 0 0 0 0 0 0 0 0 0 0 0 0 0 0 0 0 0 0 0 0 0 0 0 0 0 0 0 0 0 0 0 0 0 0 0 0 0 0 0 0 0 0 0 0 0 0 0 0 0 0 0 0 0 0 0 0 0 0 0 0 0 0 0 0 0 0 0 0 0 0 0 0 0 0 0 0 0 0 0 0 0 0 0 0 0 0 0 0 0 0 0 0 0 0 0 0 0 0 0 0 0 0 0 0 0 0 0 0 0 0 0 0 0 0 0 0 0 0 0 0 0 0 0 0 0 0 0 0 0 0 0 0 0 0 0 0 0 0 0 0 0 0 0 0 0 0 0 0 0 0 0 0 0 0 0 0 0 0 0 0 0 0 0 0 0 0 0 0 0 0 0 0 0 0 0 0 0 0 0 0 0 0 0 0 0 0 0 0 0 0 0 0 0 0 0 0 0 0 0 0 0 0 0 0 0 0 0 0 0 0 0 0 0 0 0 0 0 0 0 0 0 0 0 0 0 0 0 0 0 0 0 0 0 0 0 0 0 0 0 0 0 0 0 0 0 0 0 0 0 0 0 0 0 0 0 0 0 0 0 0 0 0 0 0 0 0 0 0 0 0 0 0 0 0 0 0 0 0 0 0 0 0 0 0 0 0 0 0 0 0 0 0 0 0 0 0 0 0 0 0 0 0 0 0 0 0 0 0 0 0 0 0 0 0 0 0 0 0 0 0 0 0 0 0 0 0 0 0 0 0 0 0 0 0 0 0 0 0 0 0 0 0 0 0 0 0 0 0 0 0 0 0 0 0 0 0 0 0 0 0 0 0 0 0 0 0 0 0 0 0 0 0 0 0 0 0 0 0 0 0 0 0 0 0 0 0 0 0 0 0 0 0 0 0 0 0 0 0 0 0 0 0 0 0 0 0 0 0 0 0 0 0 0 0 0 0 0 0 0 0 0 0 0 0 0 0 0 0 0 0 0 0 0 0 0 0 0 0 0 0 0 0 0 0 0 0 0 0 0 0 0 0 0 0 0 0 0 0 0
 0 0 0 0 0 0 0 0 0 0 0 0 0 0 0 0 0 0 0 0 0 0 0 0 0 0 0 0 0 0 0 0 0 0 0 0 0 0 0 0 0 0 0 0 0 0 0 0 0 0 0 0 0 0 0 0 0 0 0 0 0 0 0 0 0 0 0 0 0 0 0 0 0 0 0 0 0 0 0 0 0 0 0 0 0 0 0 0 0 0 0 0 0 0 0 0 0 0 0 0 0 0 0 0 0 0 0 0 0 0 0 0 0 0 0 0 0 0 0 0 0 0 0 0 0 0 0 0 0 0 0 0 0 0 0 0 0 0 0 0 0 0 0 0 0 0 0 0 0 0 0 0 0 0 0 0 0 0 0 0 0 0 0 0 0 0 0 0 0 0 0 0 0 0 0 0 0 0 0 0 0 0 0 0 0 0 0 0 0 0 0 0 0 0 0 0 0 0 0 0 0 0 0 0 0 0 0 0 0 0 0 0 0 0 0 0 0 0 0 0 0 0 0 0 0 0 0 0 0 0 0 0 0 0 0 0 0 0 0 0 0 0 0 0 0 0 0 0 0 0 0 0 0 0 0 0 0 0 0 0 0 0 0 0 0 0 0 0 0 0 0 0 0 0 0 0 0 0 0 0 0 0 0 0 0 0 0 0 0 0 0 0 0 0 0 0 0 0 0 0 0 0 0 0 0 0 0 0 0 0 0 0 0 0 0 0 0 0 0 0 0 0 0 0 0 0 0 0 0 0 0 0 0 0 0 0 0 0 0 0 0 0 0 0 0 0 0 0 0 0 0 0 0 0 0 0 0 0 0 0 0 0 0 0 0 0 0 0 0 0 0 0 0 0 0 0 0 0 0 0 0 0 0 0 0 0 0 0 0 0 0 0 0 0 0 0 0 0 0 0 0 0 0 0 0 0 0 0 0 0 0 0 0 0 0 0 0 0 0 0 0 0 0 0 0 0 0 0 0 0 0 0 0 0 0 0 0 0 0 0 0 0 0 0 0 0 0 0 0 0 0 0 0 0 0 0 0 0 0 0 0 0 0 0 0 0 0 0 0 0 0 0 0 0 0 0 0 0 0 0 0 0 0 0 0 0 0 0 0 0 0 0 0 0 0 0 0 0 0 0 0 0 0 0 0 0 0 0 0 0 0 0 0 0 0 0 0 0 0 0 0 0 0 0 0 0 0 0 0 0 0 0 0 0 0 0 0 0 0 0 0 0 0 0 0 0 0 0 0 0 0 0 0 0 0 0 0 0 0 0 0 0 0 0 0 0 0 0 0 0 0 0 0 0 0 0 0 0 0 0 0 0 0 0 0 0 0 0 0 0 0 0 0 0 0 0 0 0 0 0
 0 0 0 0 0 0 0 0 0 0 0 0 0 0 0 0 0 0 0 0 0 0 0 0 0 0 0 0 0 0 0 0 0 0 0 0 0 0 0 0 0 0 0 0 0 0 0 0 0 0 0 0 0 0 0 0 0 0 0 0 0 0 0 0 0 0 0 0 0 0 0 0 0 0 0 0 0 0 0 0 0 0 0 0 0 0 0 0 0 0 0 0 0 0 0 0 0 0 0 0 0 0 0 0 0 0 0 0 0 0 0 0 0 0 0 0 0 0 0 0 0 0 0 0 0 0 0 0 0 0 0 0 0 0 0 0 0 0 0 0 0 0 0 0 0 0 0 0 0 0 0 0 0 0 0 0 0 0 0 0 0 0 0 0 0 0 0 0 0 0 0 0 0 0 0 0 0 0 0 0 0 0 0 0 0 0 0 0 0 0 0 0 0 0 0 0 0 0 0 0 0 0 0 0 0 0 0 0 0 0 0 0 0 0 0 0 0 0 0 0 0 0 0 0 0 0 0 0 0 0 0 0 0 0 0 0 0 0 0 0 0 0 0 0 0 0 0 0 0 0 0 0 0 0 0 0 0 0 0 0 0 0 0 0 0 0 0 0 0 0 0 0 0 0 0 0 0 0 0 0 0 0 0 0 0 0 0 0 0 0 0 0 0 0 0.0001486674882471561 0.0007197302184067667 0.001752840587869287 0.003211209084838629 0.005091463215649128 0.00738704577088356 0.0100994473323226 0.01316244900226593 0.01651149988174438 0.02013424411416054 0.02394888363778591 0.02797969430685043 0.03224573284387589 0.03668570145964622 0.04131040722131729 0.04612938314676285 0.05114161968231201 0.05633541941642761 0.06173881888389587 0.0673595517873764 0.07319528609514236 0.07917129993438721 0.08523741364479065 0.09141011536121368 0.09761746227741241 0.1038571819663048 0.1101426109671593 0.1164824739098549 0.1228218078613281 0.1291637569665909 0.1355219632387161 0.141913115978241 0.1473234593868256 0.1504613906145096 0.1504844576120377 0.1468818485736847 0.1395377516746521 0.1325608640909195 0.1259328275918961 0.1196361854672432 0.1136543750762939 0.107971653342247 0.1025730669498444 0.09744441509246826 0.09257219731807709 0.08794358372688293 0.08354640752077103 0.07936909049749374 0.07540063560009003 0.07163060456514359 0.06804907321929932 0.06464661657810211 0.06141428649425507 0.05834357067942619 0.05542639270424843 0.05265507474541664 0.05002232268452644 0.0475212074816227 0.04514514654874802 0.04288788884878159 0.04074349254369736 0.03870631754398346 0.03677100315690041 0.0349324531853199 0.03318583220243454 0.03152653947472572 0.02995021268725395 0.02845270186662674 0.02703006751835346 0.02567856386303902 0.02439463511109352 0.02317490428686142 0.02201615832746029 0.02091534994542599 0.01986958272755146 0.01887610368430614 0.01793229766190052 0.01703568361699581 0.01618389971554279 0.01537470519542694 0.01460597012192011 0.01387567166239023 0.01318188849836588 0.01252279430627823 0.01189665496349335 0.01130182202905416 0.01073673088103533 0.01019989419728518 0.009689899161458015 0.009205404669046402 0.008745134808123112 0.00830787792801857 0.007892483845353127 0.00749785965308547 0.007122966460883617 0.00676681799814105 0.006428476888686419 0.006107053253799677 0.0058017005212605 0.005511615425348282 0.005236034747213125 0.004974232986569405 0.004725521430373192 0.004489245358854532 0.00426478311419487 0.004051543772220612 0.003848966676741838 0.00365651841275394 0.003473692573606968 0.003300007898360491 0.003135007573291659 0.002978257136419415 0.002829344244673848 0.002687877044081688 0.002553483238443732 0.002425809158012271 0.002304518595337868 0.002189292572438717 0.002079827943816781 0.001975836465135217 0.001877044676803052 0.001783192390576005 0.001694032805971801 0.001609331113286316 0.001528864610008895 0.001452421420253813 0.001379800378344953 0.001310810330323875 0.001245269784703851 0.001183006330393255 0.001123856054618955 0.001067663310095668 0.001014280132949352 0.0009635661263018847 0.0009153878199867904 0.0008696184377186 0.0008261374896392226 0.0007848305976949632 0.0007455890881828964 0.0007083096425049007 0.000672894180752337 0.0006392494542524219 0.0006072869873605669 0.0005769226117990911 0.0005480764666572213 0.0005206726491451263 0.0004946390399709344 0.0004699070996139199 0.0004464117519091815 0.0004240911512169987 0.0004028865951113403 0.0003827422624453902 0.0003636051551438868 0.0003454248944763094 0.0003281536628492177 0.0003117459709756076 0.000296158657874912 0.0002813507162500173 0.0002672831760719419 0.0002539190172683448 0.000241223067860119 0.0002291619166499004 0.0002177038259105757 0.0002068186295218766 0.0001964777038665488 0.0001866538223112002 0.0001773211261024699 0.0001684550661593676 0.0001600323157617822 0.0001520306977909058 0.0001444291556254029 0.0001372076949337497 0.000130347310914658 0.0001238299446413293 0.0001176384466816671 0.0001117565261665732 0.0001061686998582445 0.0001008602630463429 9.581725316820666e-05 9.102639160118997e-05 8.647506911074743e-05 8.21513167466037e-05 7.804374763509259e-05 7.414155697915703e-05 7.043447840260342e-05 6.691275484627113e-05 6.356711674015969e-05 6.038876017555594e-05 5.736932143918239e-05 5.450085518532433e-05 5.177581260795705e-05 4.918702325085178e-05 4.672767317970283e-05 4.439129043021239e-05 4.217172681819648e-05 4.006313974969089e-05 3.805998130701482e-05 3.61569836968556e-05 3.434913378441706e-05 3.263167673139833e-05 3.1000094168121e-05 2.945008964161389e-05 2.797758497763425e-05 2.657870572875254e-05 2.524977026041597e-05 2.398728247499093e-05 2.278791907883715e-05 2.164852230635006e-05 2.056609628198203e-05 1.953779064933769e-05 1.856090057117399e-05 1.76328558154637e-05 1.675121347943787e-05 1.591365253261756e-05 1.511797017883509e-05 1.436207185179228e-05 1.364396848657634e-05 1.296177015319699e-05 1.231368150911294e-05 1.169799725175835e-05 1.111309757106937e-05 1.055744269251591e-05 1.002957014861749e-05 9.528092050459236e-06 9.051687811734155e-06 8.599103239248507e-06 8.169147804437671e-06 7.760690095892642e-06 7.372655545623275e-06 7.004022791079478e-06 6.653821856161812e-06 6.32113096799003e-06 6.005074283166323e-06 5.704820523533272e-06 5.419579338195035e-06 5.148600394022651e-06 4.891170192422578e-06 4.646611614589347e-06 4.414281193021452e-06 4.193567292531952e-06 3.983888746006414e-06 3.784694399655564e-06 3.595459702410153e-06 3.415686705920962e-06 3.244902472943068e-06 3.082657258346444e-06 2.928524281742284e-06 2.782098135867273e-06 8.402554522035643e-05 0.0004486178222578019 0.001096190069802105 0.002011580392718315 0.003166092559695244 0.004525407217442989 0.00607331283390522 0.007780239917337894 0.009627955034375191 0.01162300165742636 0.01376206055283546 0.01603267341852188 0.01840809173882008 0.02089159749448299 0.02349394559860229 0.02620961517095566 0.02903679572045803 0.03194580972194672 0.03492128103971481 0.03796577453613281 0.04103878885507584 0.0441153272986412 0.04720349237322807 0.05030960589647293 0.05343979597091675 0.05659684538841248 0.0597718134522438 0.06294959783554077 0.0661235973238945 0.06929481029510498 0.07245310395956039 0.07559777796268463 0.07873167097568512 0.08185865730047226 0.08498285710811615 0.08811274915933609 0.09124813973903656 0.09439685940742493 0.09716521948575974 0.09854253381490707 0.09784615039825439 0.09467942267656326 0.08994545042514801 0.08544817566871643 0.08117576688528061 0.07711698114871979 0.07326113432645798 0.06959807872772217 0.06611817330121994 0.06281226128339767 0.05967164784669876 0.05668806657195091 0.05385366454720497 0.05116098001599312 0.04860293120145798 0.04617278277873993 0.04386414214968681 0.04167093336582184
 0 0 0 0 0 0 0 0 0 0 0 0 0 0 0 0 0 0 0 0 0 0 0 0 0 0 0 0 0 0 0 0 0 0 0 0 0 0 0 0 0 0 0 0 0 0 0 0 0 0 0 0 0 0 0 0 0 0 0 0 0 0 0 0 0 0 0 0 0 0 0 0 0 0 0 0 0 0 0 0 0 0 0 0 0 0 0 0 0 0 0 0 0 0 0 0 0 0 0 0 0 0 0 0 0 0 0 0 0 0 0 0 0 0 0 0 0 0 0 0 0 0 0 0 0 0 0 0 0 0 0 0 0 0 0 0 0 0 0 0 0 0 0 0 0 0 0 0 0 0 0 0 0 0 0 0 0 0 0 0 0 0 0 0 0 0 0 0 0 0 0 0 0 0 0 0 0 0 0 0 0 0 0 0 0 0 0 0 0 0 0 0 0 0 0 0 0 0 0 0 0 0 0 0 0 0 0 0 0 0 0 0 0 0 0 0 0 0 0 0 0 0 0 0 0 0 0 0 0 0 0 0 0 0 0 0 0 0 0 0 0 0 0 0 0 0 0 0 0 0 0 0 0 0 0 0 0 0 0 0 0 0 0 0 0 0 0 0 0 0 0 0 0 0 0 0 0 0 0 0 0 0 0 0 0 0 0 0 0 0 0 0 0 0 0 0 0 0 0 0 0 0 0 0 0 0 0 0 0 0 0 0 0 0 0 0 0 0 0 0 0 0 0 0 0 0 0 0 0 0 0 0 0 0 0 0 0 0 0 0 0 0 0 0 0 0 0 0 0 0 0 0 0 0 0 0 0 0 0 0 0 0 0 0 0 0 0 0 0 0 0 0 0 0 0 0 0 0 0 0 0 0 0 0 0 0 0 0 0 0 0 0 0 0 0 0 0 0 0 0 0 0 0 0 0 0 0 0 0 0 0 0 0 0 0 0 0 0 0 0 0 0 0 0 0 0 0 0 0 0 0 0 0 0 0 0 0 0 0 0 0 0 0 0 0 0 0 0 0 0 0 0 0 0 0 0 0 0 0 0 0 0 0 0 0 0 0 0 0 0 0 0 0 0 0 0 0 0 0 0 0 0 0 0 0 0 0 0 0 0 0 0 0 0 0 0 0 0 0 0 0 0 0 0 0 0 0 0 0 0 0 0 0 0 0 0 0 0 0 0 0 0 0 0 0 0 0 0 0 0 0 0 0 0 0 0 0 0 0 0 0 0 0 0 0 0 0 0 0 0 0 0 0 0 0 0 0 0 0 0 0 0 0 0 0 0 0 0 0 0 0 0 0 0 0 0 0 0 0 0 0 0 0 0 0 0 0 0 0 0 0 0 0 0 0 0 0 0 0 0
 0 0 0 0 0 0 0 0 0 0 0 0 0 0 0 0 0 0 0 0 0 0 0 0 0 0 0 0 0 0 0 0 0 0 0 0 0 0 0 0 0 0 0 0 0 0 0 0 0 0 0 0 0 0 0 0 0 0 0 0 0 0 0 0 0 0 0 0 0 0 0 0 0 0 0 0 0 0 0 0 0 0 0 0 0 0 0 0 0 0 0 0 0 0 0 0 0 0 0 0 0 0 0 0 0 0 0 0 0 0 0 0 0 0 0 0 0 0 0 0 0 0 0 0 0 0 0 0 0 0 0 0 0 0 0 0 0 0 0 0 0 0 0 0 0 0 0 0 0 0 0 0 0 0 0 0 0 0 0 0 0 0 0 0 0 0 0 0 0 0 0 0 0 0 0 0 0 0 0 0 0 0 0 0 0 0 0 0 0 0 0 0 0 0 0 0 0 0 0 0 0 0 0 0 0 0 0 0 0 0 0 0 0 0 0 0 0 0 0 0 0 0 0 0 0 0 0 0 0 0 0 0 0 0 0 0 0 0 0 0 0 0 0 0 0 0 0 0 0 0 0 0 0 0 0 0 0 0 0 0 0 0 0 0 0 0 0 0 0 0 0 0 0 0 0 0 0 0 0 0 0 0 0 0 0 0 0 0 0 0 0 0 0 0 0 0 0 0 0 0 0 0 0 0 0 0 0 0 0 0 0 0 0 0 0 0 0 0 0 0 0 0 0 0 0 0 0 0 0 0 0 0 0 0 0 0 0 0 0 0 0 0 0 0 0 0 0 0 0 0 0 0 0 0 0 0 0 0 0 0 0 0 0 0 0 0 0 0 0 0 0 0 0 0 0 0 0 0 0 0 0 0 0 0 0 0 0 0 0 0 0 0 0 0 0 0 0 0 0 0 0 0 0 0 0 0 0 0 0 0 0 0 0 0 0 0 0 0 0 0 0 0 0 0 0 0 0 0 0 0 0 0 0 0 0 0 0 0 0 0 0 0 0 0 0 0 0 0 0 0 0 0 0 0 0 0 0 0 0 0 0 0 0 0 0 0 0 0 0 0 0 0 0 0 0 0 0 0 0 0 0 0 0 0 0 0 0 0 0 0 0 0 0 0 0 0 0 0 0 0 0 0 0 0 0 0 0 0 0 0 0 0 0 0 0 0 0 0 0 0 0 0 0 0 0 0 0 0 0 0 0 0 0 0 0 0 0 0 0 0 0 0 0 0 0 0 0 0 0 0 0 0 0 0 0 0 0 0 0 0 0 0 0 0 0 0 0 0 0 0 0 0 0 0 0 0 0 0 0 0 0 0 0 0 0 0 0 0 0 0 0 0 0 0 0 0 0 0 0 0
 0 0 0 0 0 0 0 0 0 0 0 0 0 0 0 0 0 0 0 0 0 0 0 0 0 0 0 0 0 0 0 0 0 0 0 0 0 0 0 0 0 0 0 0 0 0 0 0 0 0 0 0 0 0 0 0 0 0 0 0 0 0 0 0 0 0 0 0 0 0 0 0 0 0 0 0 0 0 0 0 0 0 0 0 0 0 0 0 0 0 0 0 0 0 0 0 0 0 0 0 0 0 0 0 0 0 0 0 0 0 0 0 0 0 0 0 0 0 0 0 0 0 0 0 0 0 0 0 0 0 0 0 0 0 0 0 0 0 0 0 0 0 0 0 0 0 0 0 0 0 0 0 0 0 0 0 0 0 0 0 0 0 0 0 0 0 0 0 0 0 0 0 0 0 0 0 0 0 0 0 0 0 0 0 0 0 0 0 0 0 0 0 0 0 0 0 0 0 0 0 0 0 0 0 0 0 0 0 0 0 0 0 0 0 0 0 0 0 0 0 0 0 0 0 0 0 0 0 0 0 0 0 0 0 0 0 0 0 0 0 0 0 0 0 0 0 0 0 0 0 0 0 0 0 0 0 0 0 0 0 0 0 0 0 0 0 0 0 0 0 0 0 0 0 0 0 0 0 0 0 0 0 0 0 0 0 0 0 0 0 0 0 0 0 0 0 0 0 0 0 0 0 0 0 0 0 0 0 0 0 0 0 0 0 0 0 0 0 0 0 0 0 0 0 0 0 0 0 0 0 0 0 0 0 0 0 0 0 0 0 0 0 0 0 0 0 0 0 0 0 0 0 0 0 0 0 0 0 0 0 0 0 0 0 0 0 0 0 0 0 0 0 0 0 0 0 0 0 0 0 0 0 0 0 0 0 0 0 0 0 0 0 0 0 0 0 0 0 0 0 0 0 0 0 0 0 0 0 0 0 0 0 0 0 0 0 0 0 0 0 0 0 0 0 0 0 0 0 0 0 0 0 0 0 0 0 0 0 0 0 0 0 0 0 0 0 0 0 0 0 0 0 0 0 0 0 0 0 0 0 0 0 0 0 0 0 0 0 0 0 0 0 0 0 0 0 0 0 0 0 0 0 0 0 0 0 0 0 0 0 0 0 0 0 0 0 0 0 0 0 0 0 0 0 0 0 0 0 0 0 0 0 0 0 0 0 0 0 0 0 0 0 0 0 0 0 0 0 0 0 0 0 0 0 0 0 0 0 0 0 0 0 0 0 0 0 0 0 0 0 0 0 0 0 0 0 0 0 0 0 0 0 0 0 0 0 0 0 0 0 0 0 0 0 0 0 0 0 0 0 0 0 0 0 0 0 0 0 0 0 0 0 0 0 0 0 0 0 0 0
 0 0 0 0 0 0 0 0 0 0 0 0 0 0 0 0 0 0 0 0 0 0 0 0 0 0 0 0 0 0 0 0 0 0 0 0 0 0 0 0 0 0 0 0 0 0 0 0 0 0 0 0 0 0 0 0 0 0 0 0 0 0 0 0 0 0 0 0 0 0 0 0 0 0 0 0 0 0 0 0 0 0 0 0 0 0 0 0 0 0 0 0 0 0 0 0 0 0 0 0 0 0 0 0 0 0 0 0 0 0 0 0 0 0 0 0 0 0 0 0 0 0 0 0 0 0 0 0 0 0 0 0 0 0 0 0 0 0 0 0 0 0 0 0 0 0 0 0 0 0 0 0 0 0 0 0 0 0 0 0 0 0 0 0 0 0 0 0 0 0 0 0 0 0 0 0 0 0 0 0 0 0 0 0 0 0 0 0 0 0 0 0 0 0 0 0 0 0 0 0 0 0 0 0 0 0 0 0 0 0 0 0 0 0 0 0 0 0 0 0 0 0 0 0 0 0 0 0 0 0 0 0 0 0 0 0 0 0 0 0 0 0 0 0 0 0 0 0 0 0 0 0 0 0 0 0 0 0 0 0 0 0 0 0 0 0 0 0 0 0 0 0 0 0 0 0 0 0 0 0 0 0 0 0 0 0 0 0 0 0 0 0 0 0 6.541005859617144e-05 0.0005580037832260132 0.001508512534201145 0.002918841782957315 0.004803482443094254 0.007167789153754711 0.009957199916243553 0.01312901359051466 0.01664413325488567 0.02042214013636112 0.02442212402820587 0.02861408516764641 0.03298917412757874 0.0375470258295536 0.04228394106030464 0.04723202437162399 0.0523809976875782 0.05773002281785011 0.06331460922956467 0.06911563128232956 0.07511626183986664 0.08128248900175095 0.08757631480693817 0.09393060207366943 0.1003290116786957 0.106729581952095 0.113118402659893 0.1194877848029137 0.1258457005023956 0.1321853250265121 0.1385337114334106 0.1449247747659683 0.1499998569488525 0.152566984295845 0.1518681645393372 0.1474315971136093 0.1400600224733353 0.133057028055191 0.1264041811227798 0.1200839728116989 0.1140797734260559 0.1083757877349854 0.1029569953680038 0.09780914336442947 0.09291868656873703 0.08827275037765503 0.08385911583900452 0.07966616004705429 0.07568284869194031 0.07189870625734329 0.06830377131700516 0.06488858163356781 0.06164415180683136 0.05856194347143173 0.05563384667038918 0.05285215377807617 0.05020954459905624 0.04769906774163246 0.04531411454081535 0.04304840788245201 0.0408959873020649 0.03885118663311005 0.03690862655639648 0.03506319597363472 0.03331003710627556 0.03164453431963921 0.03006230667233467 0.02855919115245342 0.02713123150169849 0.02577467076480389 0.02448593638837337 0.02326164022088051 0.02209855802357197 0.02099362947046757 0.01994394883513451 0.01894675195217133 0.01799941435456276 0.01709944382309914 0.01624447107315063 0.01543224789202213 0.01466063596308231 0.01392760407179594 0.01323122344911098 0.01256966218352318 0.01194117870181799 0.01134411990642548 0.01077691372483969 0.01023806817829609 0.009726164862513542 0.009239856153726578 0.008777863346040249 0.008338970132172108 0.007922021672129631 0.007525920402258635 0.007149624172598124 0.006792142987251282 0.00645253574475646 0.006129908841103315 0.005823413375765085 0.005532242823392153 0.00525563070550561 0.004992849193513393 0.004743206780403852 0.004506046418100595 0.00428074412047863 0.004066707100719213 0.00386337167583406 0.003670203033834696 0.003486692905426025 0.003312358167022467 0.003146740142256021 0.002989403204992414 0.002839933149516582 0.002697936492040753 0.002563039772212505 0.002434887690469623 0.002313143340870738 0.00219748611561954 0.002087611705064774 0.001983231166377664 0.001884069642983377 0.001789866131730378 0.001700372784398496 0.001615354092791677 0.001534586423076689 0.001457857084460557 0.00138496421277523 0.00131571595557034 0.001249930122867227 0.001187433605082333 0.001128061907365918 0.00107165880035609 0.001018075854517519 0.000967172090895474 0.0009188135154545307 0.000872872828040272 0.0008292291895486414 0.0007877677562646568 0.0007483793888241053 0.0007109604193829 0.0006754124187864363 0.0006416417891159654 0.0006095597054809332 0.0005790817085653543 0.000550127646420151 0.0005226212670095265 0.0004964902182109654 0.000471665698569268 0.0004480823990888894 0.0004256782704032958 0.0004043943481519818 0.0003841746365651488 0.0003649659047368914 0.0003467175993137062 0.00032938172807917 0.0003129126271232963 0.0002972669899463654 0.000282403634628281 0.0002682834456209093 0.0002548692864365876 0.0002421258250251412 0.0002300195337738842 0.0002185185585403815 0.0002075926313409582 0.000197212997591123 0.0001873523433459923 0.0001779847225407138 0.0001690854842308909 0.0001606312143849209 0.0001525996485725045 0.0001449696719646454 0.0001377211883664131 0.0001308351347688586 0.0001242933794856071 0.0001180787076009437 0.0001121747700381093 0.0001065660326275975 0.0001012377324514091 9.617584873922169e-05 9.136705921264365e-05 8.679870370542631e-05 8.245876961154863e-05 7.833583367755637e-05 7.441904017468914e-05 7.069808634696528e-05 6.716317875543609e-05 6.380501872627065e-05 6.061476597096771e-05 5.758402767241932e-05 5.470482574310154e-05 5.196958591113798e-05 4.937110497849062e-05 4.690255082095973e-05 4.455742237041704e-05 4.232954961480573e-05 4.021307177026756e-05 3.820241909124888e-05 3.629229831858538e-05 3.447768176556565e-05 3.275379640399478e-05 3.111610567430034e-05 2.956030039058533e-05 2.808228600770235e-05 2.667817170731723e-05 2.534426312195137e-05 2.407704960205592e-05 2.287319694005419e-05 2.172953645640519e-05 2.064305954263546e-05 1.961090674740262e-05 1.863036231952719e-05 1.769884329405613e-05 1.681390131125227e-05 1.597320624568965e-05 1.517454620625358e-05 1.441581844119355e-05 1.369502751913387e-05 1.301027623412665e-05 1.235976196767297e-05 1.174177396023879e-05 1.115468512580264e-05 1.059695114236092e-05 1.006710317597026e-05 9.563747880747542e-06 9.085560122912284e-06 8.631282071291935e-06 8.199717740353663e-06 7.789732080709655e-06 7.400245522148907e-06 7.030233064142521e-06 6.678721547359601e-06 6.344785560941091e-06 6.027546078257728e-06 5.726168637920637e-06 5.43986016054987e-06 5.167867129785009e-06 4.909473773295758e-06 4.664000243792543e-06 4.430800345289754e-06 4.209260168863693e-06 3.998797183157876e-06 3.798857278525247e-06 3.608914312280831e-06 3.428468517086003e-06 3.257045136706438e-06 3.094192834396381e-06 2.939483238151297e-06 2.792509121718467e-06 2.652883722475963e-06 5.994164894218557e-05 0.0003920615999959409 0.0009968567173928022 0.001860892167314887 0.002960165264084935 0.00426426948979497 0.005745468661189079 0.00738122221082449 0.00915552768856287 0.01105233374983072 0.01306981220841408 0.01520271971821785 0.01743506453931332 0.01976423896849155 0.02219144999980927 0.02471100725233555 0.02732330560684204 0.03002828918397427 0.03282379359006882 0.03568077832460403 0.03860203921794891 0.04156980663537979 0.04455066844820976 0.04753287136554718 0.05052397400140762 0.05353060364723206 0.05655236542224884 0.05958621203899384 0.06263114511966705 0.06568433344364166 0.06872753798961639 0.07176075875759125 0.074781134724617 0.07779158651828766 0.08079630881547928 0.08379612118005753 0.08679577708244324 0.08979479223489761 0.0927959606051445 0.09521158039569855 0.09613125771284103 0.09498383849859238 0.09141886979341507 0.08684792369604111 0.08250552415847778 0.07838024944067001 0.07446123659610748 0.07073817402124405 0.06720126420259476 0.06384120136499405 0.06064914166927338 0.05761668458580971 0.05473585054278374 0.0519990585744381 0.04939910396933556 0.04692914709448814 0.04458269104361534
 0 0 0 0 0 0 0 0 0 0 0 0 0 0 0 0 0 0 0 0 0 0 0 0 0 0 0 0 0 0 0 0 0 0 0 0 0 0 0 0 0 0 0 0 0 0 0 0 0 0 0 0 0 0 0 0 0 0 0 0 0 0 0 0 0 0 0 0 0 0 0 0 0 0 0 0 0 0 0 0 0 0 0 0 0 0 0 0 0 0 0 0 0 0 0 0 0 0 0 0 0 0 0 0 0 0 0 0 0 0 0 0 0 0 0 0 0 0 0 0 0 0 0 0 0 0 0 0 0 0 0 0 0 0 0 0 0 0 0 0 0 0 0 0 0 0 0 0 0 0 0 0 0 0 0 0 0 0 0 0 0 0 0 0 0 0 0 0 0 0 0 0 0 0 0 0 0 0 0 0 0 0 0 0 0 0 0 0 0 0 0 0 0 0 0 0 0 0 0 0 0 0 0 0 0 0 0 0 0 0 0 0 0 0 0 0 0 0 0 0 0 0 0 0 0 0 0 0 0 0 0 0 0 0 0 0 0 0 0 0 0 0 0 0 0 0 0 0 0 0 0 0 0 0 0 0 0 0 0 0 0 0 0 0 0 0 0 0 0 0 0 0 0 0 0 0 0 0 0 0 0 0 0 0 0 0 0 0 0 0 0 0 0 0 0 0 0 0 0 0 0 0 0 0 0 0 0 0 0 0 0 0 0 0 0 0 0 0 0 0 0 0 0 0 0 0 0 0 0 0 0 0 0 0 0 0 0 0 0 0 0 0 0 0 0 0 0 0 0 0 0 0 0 0 0 0 0 0 0 0 0 0 0 0 0 0 0 0 0 0 0 0 0 0 0 0 0 0 0 0 0 0 0 0 0 0 0 0 0 0 0 0 0 0 0 0 0 0 0 0 0 0 0 0 0 0 0 0 0 0 0 0 0 0 0 0 0 0 0 0 0 0 0 0 0 0 0 0 0 0 0 0 0 0 0 0 0 0 0 0 0 0 0 0 0 0 0 0 0 0 0 0 0 0 0 0 0 0 0 0 0 0 0 0 0 0 0 0 0 0 0 0 0 0 0 0 0 0 0 0 0 0 0 0 0 0 0 0 0 0 0 0 0 0 0 0 0 0 0 0 0 0 0 0 0 0 0 0 0 0 0 0 0 0 0 0 0 0 0 0 0 0 0 0 0 0 0 0 0 0 0 0 0 0 0 0 0 0 0 0 0 0 0 0 0 0 0 0 0 0 0 0 0 0 0 0 0 0 0 0 0 0 0 0 0 0 0 0 0 0 0 0 0 0 0 0 0 0 0 0 0 0 0 0 0 0 0 0 0 0 0 0 0 0 0 0 0 0 0 0
 0 0 0 0 0 0 0 0 0 0 0 0 0 0 0 0 0 0 0 0 0 0 0 0 0 0 0 0 0 0 0 0 0 0 0 0 0 0 0 0 0 0 0 0 0 0 0 0 0 0 0 0 0 0 0 0 0 0 0 0 0 0 0 0 0 0 0 0 0 0 0 0 0 0 0 0 0 0 0 0 0 0 0 0 0 0 0 0 0 0 0 0 0 0 0 0 0 0 0 0 0 0 0 0 0 0 0 0 0 0 0 0 0 0 0 0 0 0 0 0 0 0 0 0 0 0 0 0 0 0 0 0 0 0 0 0 0 0 0 0 0 0 0 0 0 0 0 0 0 0 0 0 0 0 0 0 0 0 0 0 0 0 0 0 0 0 0 0 0 0 0 0 0 0 0 0 0 0 0 0 0 0 0 0 0 0 0 0 0 0 0 0 0 0 0 0 0 0 0 0 0 0 0 0 0 0 0 0 0 0 0 0 0 0 0 0 0 0 0 0 0 0 0 0 0 0 0 0 0 0 0 0 0 0 0 0 0 0 0 0 0 0 0 0 0 0 0 0 0 0 0 0 0 0 0 0 0 0 0 0 0 0 0 0 0 0 0 0 0 0 0 0 0 0 0 0 0 0 0 0 0 0 0 0 0 0 0 0 0 0 0 0 0 0 0 0 0 0 0 0 0 0 0 0 0 0 0 0 0 0 0 0 0 0 0 0 0 0 0 0 0 0 0 0 0 0 0 0 0 0 0 0 0 0 0 0 0 0 0 0 0 0 0 0 0 0 0 0 0 0 0 0 0 0 0 0 0 0 0 0 0 0 0 0 0 0 0 0 0 0 0 0 0 0 0 0 0 0 0 0 0 0 0 0 0 0 0 0 0 0 0 0 0 0 0 0 0 0 0 0 0 0 0 0 0 0 0 0 0 0 0 0 0 0 0 0 0 0 0 0 0 0 0 0 0 0 0 0 0 0 0 0 0 0 0 0 0 0 0 0 0 0 0 0 0 0 0 0 0 0 0 0 0 0 0 0 0 0 0 0 0 0 0 0 0 0 0 0 0 0 0 0 0 0 0 0 0 0 0 0 0 0 0 0 0 0 0 0 0 0 0 0 0 0 0 0 0 0 0 0 0 0 0 0 0 0 0 0 0 0 0 0 0 0 0 0 0 0 0 0 0 0 0 0 0 0 0 0 0 0 0 0 0 0 0 0 0 0 0 0 0 0 0 0 0 0 0 0 0 0 0 0 0 0 0 0 0 0 0 0 0 0 0 0 0 0 0 0 0 0 0 0 0 0 0 0 0 0 0 0 0 0 0 0 0 0 0 0 0 0 0 0 0 0 0 0 0 0 0 0


# name: r_0_m10_G0_L0p3_D0p7
# type: matrix
# rows: 1
# columns: 14
 0 -10 0.2 0 0.3 0 -3.961061666666666 0 0 0.0380058376656358 0 128.8333333333333 0.752772652709081 0.7




