# Created by Octave 3.8.2, Mon Jun 19 12:02:22 2017 BST <co1ssj@node117>
# name: result
# type: scalar struct
# ndims: 2
 1 1
# length: 3
# name: params
# type: scalar struct
# ndims: 2
 1 1
# length: 18
# name: cleanup
# type: scalar
0


# name: num_runs
# type: scalar
6


# name: dopamine
# type: scalar
0.7


# name: targetCross
# type: scalar
1


# name: targetLuminance
# type: scalar
0.3


# name: targetWidthX
# type: scalar
6


# name: targetWidthY
# type: scalar
2


# name: fixCross
# type: scalar
1


# name: fixLuminance
# type: scalar
0.2


# name: fixWidthX
# type: scalar
6


# name: fixWidthY
# type: scalar
2


# name: fixOn
# type: scalar
0


# name: targetOff
# type: scalar
1


# name: targetOn
# type: scalar
0.2


# name: fixOff
# type: scalar
0.2


# name: targetThetaX
# type: scalar
0


# name: targetThetaY
# type: scalar
-8


# name: exptnum
# type: scalar
0




# name: r_0_m8_G0_L0p3_D0p7_llbn
# type: matrix
# rows: 24
# columns: 600
 0 0 0 0 0 0 0 0 0 0 0 0 0 0 0 0 0 0 0 0 0 0 0 0 0 0 0 0 0 0 0 0 0 0 0 0 0 0 0 0 0 0 0 0 0 0 0 0 0 0 0 0 0 0 0 0 0 0 0 0 0 0 0 0 0 0 0 0 0 0 0 0 0 0 0 0 0 0 0 0 0 0 0 0 0 0 0 0 0 0 0 0 0 0 0 0 0 0 0 0 0 0 0 0 0 0 0 0 0 0 0 0 0 0 0 0 0 0 0 0 0 0 0 0 0 0 0 0 0 0 0 0 0 0 0 0 0 0 0 0 0 0 0 0 0 0 0 0 0 0 0 0 0 0 0 0 0 0 0 0 0 0 0 0 0 0 0 0 0 0 0 0 0 0 0 0 0 0 0 0 0 0 0 0 0 0 0 0 0 0 0 0 0 0 0 0 0 0 0 0 0 0 0 0 0 0 0 0 0 0 0 0 0 0 0 0 0 0 0 0 0 0 0 0 0 0 0 0 0 0 0 0 0 0 0 0 0 0 0 0 0 0 0 0 0 0 0 0 0 0 0 0 0 0 0 0 0 0 0 0 0 0 0 0 0 0 0 0 0 0 0 0 0 0 0 0 0 0 0 0 0 0 0 0 0 0 0 0 0 0 0 0 0 0 0 0 0 0 0 0 0 0 0 0 0 0 0 0 0 0 0 0 0 0 0 0 0 0 0 0 0 0 0 0 0 0 0 0 0 0 0 0 0 0 0 0 0 0 0 0 0 0 0 0 0 0 0 0 0 0 0 0 0 0 0 0 0 0 0 0 0 0 0 0 0 0 0 0 0 0 0 0 0 0 0 0 0 0 0 0 0 0 0 0 0 0 0 0 0 0 0 0 0 0 0 0 0 0 0 0 0 0 0 0 0 0 0 0 0 0 0 0 0 0 0 0 0 0 0 0 0 0 0 0 0 0 0 0 0 0 0 0 0 0 0 0 0 0 0 0 0 0 0 0 0 0 0 0 0 0 0 0 0 0 0 0 0 0 0 0 0 0 0 0 0 0 0 0 0 0 0 0 0 0 0 0 0 0 0 0 0 0 0 0 0 0 0 0 0 0 0 0 0 0 0 0 0 0 0 0 0 0 0 0 0 0 0 0 0 0 0 0 0 0 0 0 0 0 0 0 0 0 0 0 0 0 0 0 0 0 0 0 0 0 0 0 0 0 0 0 0 0 0 0 0 0 0 0 0 0 0 0 0 0 0 0 0 0 0 0 0 0 0 0 0 0 0 0 0 0 0 0 0 0 0 0 0 0 0 0 0 0 0 0 0 0 0 0 0 0 0 0 0 0 0 0 0 0 0 0
 0 0 0 0 0 0 0 0 0 0 0 0 0 0 0 0 0 0 0 0 0 0 0 0 0 0 0 0 0 0 0 0 0 0 0 0 0 0 0 0 0 0 0 0 0 0 0 0 0 0 0 0 0 0 0 0 0 0 0 0 0 0 0 0 0 0 0 0 0 0 0 0 0 0 0 0 0 0 0 0 0 0 0 0 0 0 0 0 0 0 0 0 0 0 0 0 0 0 0 0 0 0 0 0 0 0 0 0 0 0 0 0 0 0 0 0 0 0 0 0 0 0 0 0 0 0 0 0 0 0 0 0 0 0 0 0 0 0 0 0 0 0 0 0 0 0 0 0 0 0 0 0 0 0 0 0 0 0 0 0 0 0 0 0 0 0 0 0 0 0 0 0 0 0 0 0 0 0 0 0 0 0 0 0 0 0 0 0 0 0 0 0 0 0 0 0 0 0 0 0 0 0 0 0 0 0 0 0 0 0 0 0 0 0 0 0 0 0 0 0 0 0 0 0 0 0 0 0 0 0 0 0 0 0 0 0 0 0 0 0 0 0 0 0 0 0 0 0 0 0 0 0 0 0 0 0 0 0 0 0 0 0 0 0 0 0 0 0 0 0 0 0 0 0 0 0 0 0 0 0 0 0 0 0 0 0 0 0 0 0 0 0 0 0 0.00027131536626257 0.0008530463092029095 0.001702587935142219 0.002796471351757646 0.004107406362891197 0.005615081172436476 0.007324008271098137 0.009208562783896923 0.01124735735356808 0.01343619171530008 0.01577978208661079 0.01828194595873356 0.02093732729554176 0.02372651733458042 0.02662405744194984 0.02962582558393478 0.03272843360900879 0.03593596071004868 0.03922855854034424 0.04259105026721954 0.04599518328905106 0.04945686832070351 0.05295729264616966 0.05648088082671165 0.06003232672810555 0.06362301111221313 0.06725621223449707 0.07093460112810135 0.07465028017759323 0.07841631770133972 0.08223994076251984 0.08612494915723801 0.09006908535957336 0.0940832644701004 0.09814545512199402 0.1022290140390396 0.1063278093934059 0.1094124838709831 0.1106033101677895 0.1093442514538765 0.1052770763635635 0.1000132262706757 0.09501256793737411 0.09026193618774414 0.08574883639812469 0.08146139234304428 0.07738832384347916 0.07351890951395035 0.06984296441078186 0.06635081768035889 0.06303327530622482 0.05988161265850067 0.05688753351569176 0.05404315516352654 0.05134099721908569 0.04877394810318947 0.04633525013923645 0.04401848837733269 0.0418175645172596 0.03972668573260307 0.03774034976959229 0.03585333377122879 0.03406066820025444 0.03235763311386108 0.03073975071310997 0.02920276299118996 0.02774262428283691 0.02635549381375313 0.02503771893680096 0.02378583326935768 0.02259654179215431 0.02146671526134014 0.02039337903261185 0.01937370933592319 0.01840502396225929 0.01748477295041084 0.01661053486168385 0.01578000746667385 0.01499100681394339 0.01424145605415106 0.01352938357740641 0.01285291463136673 0.01221026852726936 0.01159975491464138 0.01101976726204157 0.01046877913177013 0.0099453404545784 0.00944807380437851 0.008975669741630554 0.008526885882019997 0.008100541308522224 0.007695514243096113 0.007310738321393728 0.006945201195776463 0.006597941275686026 0.006268044002354145 0.005954641848802567 0.005656909663230181 0.005374064203351736 0.005105360876768827 0.004850092809647322 0.004607588052749634 0.004377208650112152 0.004158348310738802 0.003950431011617184 0.003752909367904067 0.00356526393443346 0.00338700064457953 0.003217650577425957 0.003056768095120788 0.002903929678723216 0.002758733229711652 0.002620796672999859 0.002489756792783737 0.002365268999710679 0.00224700546823442 0.002134655136615038 0.002027922309935093 0.001926526194438338 0.001830199849791825 0.001738689839839935 0.00165175530128181 0.001569167478010058 0.001490709139034152 0.001416173647157848 0.001345364958979189 0.001278096693567932 0.001214191899634898 0.001153482357040048 0.001095808227546513 0.001041017821989954 0.0009889669017866254 0.0009395185625180602 0.0008925426518544555 0.000847915536724031 0.0008055197540670633 0.0007652437780052423 0.0007269816123880446 0.0006906325579620898 0.0006561009213328362 0.0006232958985492587 0.0005921311094425619 0.0005625245394185185 0.0005343983066268265 0.0005076783709228039 0.0004822944465558976 0.000458179711131379 0.0004352707182988524 0.000413507194025442 0.0003928318328689784 0.0003731902397703379 0.0003545307263266295 0.0003368041943758726 0.0003199639904778451 0.0003039657894987613 0.0002887675072997808 0.0002743291261140257 0.0002606126654427499 0.0002475820365361869 0.0002352029405301437 0.0002234427956864238 0.0002122706500813365 0.0002016571233980358 0.0001915742614073679 0.0001819955505197868 0.0001728957722662017 0.0001642509887460619 0.0001560384407639503 0.0001482365187257528 0.0001408246898790821 0.0001337834546575323 0.0001270942884730175 0.0001207395762321539 0.0001147025977843441 0.0001089674697141163 0.0001035190944094211 9.834313823375851e-05 9.342598059447482e-05 8.875468483893201e-05 8.431694732280448e-05 8.010109741007909e-05 7.609603926539421e-05 7.22912373021245e-05 6.867667252663523e-05 6.524284253828228e-05 6.198070332175121e-05 5.888166924705729e-05 5.593758396571502e-05 5.314070585882291e-05 5.048367165727541e-05 4.795948916580528e-05 4.556151543511078e-05 4.32834385719616e-05 4.111926682526246e-05 3.906330312020145e-05 3.711013778229244e-05 3.5254630347481e-05 3.349189864820801e-05 3.181730426149443e-05 3.022643977601547e-05 2.871511787816416e-05 2.727936225710437e-05 2.591539487184491e-05 2.461962503730319e-05 2.338864396733698e-05 2.221921204181854e-05 2.110825153067708e-05 2.005283931794111e-05 1.90501978067914e-05 1.809768764360342e-05 1.719280407996848e-05 1.633316423976794e-05 1.551650530018378e-05 1.474067994422512e-05 1.400364635628648e-05 1.330346367467428e-05 1.263829017261742e-05 1.200637598230969e-05 1.140605672844686e-05 1.083575352822663e-05 1.02939657153911e-05 9.779267202247865e-06 9.290303751186002e-06 8.825788427202497e-06 8.384498869418167e-06 7.965273653098848e-06 7.56701001591864e-06 7.1886593104864e-06 6.829226549598388e-06 6.487765404017409e-06 6.163377292978112e-06 5.855208655702882e-06 5.562448222917737e-06 5.284325652610278e-06 5.020109256292926e-06 4.769103725266177e-06 4.530648766376544e-06 4.304116373532452e-06 6.749101885361597e-05 0.0003570315020624548 0.00083806028123945 0.001485039480030537 0.002270916709676385 0.003188876900821924 0.004230831284075975 0.005393851548433304 0.006666019558906555 0.008045746944844723 0.009523223154246807 0.01109439041465521 0.01275464612990618 0.01450055651366711 0.01633176207542419 0.01824217475950718 0.02023488655686378 0.02229282446205616 0.0243847630918026 0.02650486119091511 0.0286484956741333 0.03081182949244976 0.03298059105873108 0.0351533442735672 0.03733347356319427 0.03951888903975487 0.0417032465338707 0.04388683661818504 0.04605773091316223 0.04821703210473061 0.05036688596010208 0.05251042917370796 0.05464806780219078 0.05677961558103561 0.0589003749191761 0.06101397052407265 0.06312272697687149 0.0652264803647995 0.06732508540153503 0.06941545754671097 0.07149037718772888 0.07354988902807236 0.0755944699048996 0.07762594521045685 0.07884334772825241 0.07859231531620026 0.07647241652011871 0.0726487934589386 0.06901635229587555 0.06556553393602371 0.06228725612163544 0.05917289480566978 0.05621425062417984 0.05340353772044182 0.05073336139321327 0.048196692019701 0.04578685760498047 0.04349751397967339 0.04132263734936714 0.0392565056681633 0.0372936800122261 0.03542899712920189 0.03365754708647728 0.0319746695458889 0.03037593513727188 0.02885713800787926 0.02741428092122078 0.02604356780648232
 0 0 0 0 0 0 0 0 0 0 0 0 0 0 0 0 0 0 0 0 0 0 0 0 0 0 0 0 0 0 0 0 0 0 0 0 0 0 0 0 0 0 0 0 0 0 0 0 0 0 0 0 0 0 0 0 0 0 0 0 0 0 0 0 0 0 0 0 0 0 0 0 0 0 0 0 0 0 0 0 0 0 0 0 0 0 0 0 0 0 0 0 0 0 0 0 0 0 0 0 0 0 0 0 0 0 0 0 0 0 0 0 0 0 0 0 0 0 0 0 0 0 0 0 0 0 0 0 0 0 0 0 0 0 0 0 0 0 0 0 0 0 0 0 0 0 0 0 0 0 0 0 0 0 0 0 0 0 0 0 0 0 0 0 0 0 0 0 0 0 0 0 0 0 0 0 0 0 0 0 0 0 0 0 0 0 0 0 0 0 0 0 0 0 0 0 0 0 0 0 0 0 0 0 0 0 0 0 0 0 0 0 0 0 0 0 0 0 0 0 0 0 0 0 0 0 0 0 0 0 0 0 0 0 0 0 0 0 0 0 0 0 0 0 0 0 0 0 0 0 0 0 0 0 0 0 0 0 0 0 0 0 0 0 0 0 0 0 0 0 0 0 0 0 0 0 0 0 0 0 0 0 0 0 0 0 0 0 0 0 0 0 0 0 0 0 0 0 0 0 0 0 0 0 0 0 0 0 0 0 0 0 0 0 0 0 0 0 0 0 0 0 0 0 0 0 0 0 0 0 0 0 0 0 0 0 0 0 0 0 0 0 0 0 0 0 0 0 0 0 0 0 0 0 0 0 0 0 0 0 0 0 0 0 0 0 0 0 0 0 0 0 0 0 0 0 0 0 0 0 0 0 0 0 0 0 0 0 0 0 0 0 0 0 0 0 0 0 0 0 0 0 0 0 0 0 0 0 0 0 0 0 0 0 0 0 0 0 0 0 0 0 0 0 0 0 0 0 0 0 0 0 0 0 0 0 0 0 0 0 0 0 0 0 0 0 0 0 0 0 0 0 0 0 0 0 0 0 0 0 0 0 0 0 0 0 0 0 0 0 0 0 0 0 0 0 0 0 0 0 0 0 0 0 0 0 0 0 0 0 0 0 0 0 0 0 0 0 0 0 0 0 0 0 0 0 0 0 0 0 0 0 0 0 0 0 0 0 0 0 0 0 0 0 0 0 0 0 0 0 0 0 0 0 0 0 0 0 0 0 0 0 0 0 0 0 0 0 0 0 0 0 0 0 0 0 0 0 0 0 0 0 0 0 0 0 0 0 0 0 0 0 0 0 0 0 0 0 0 0 0 0 0 0 0 0 0 0 0 0 0 0 0 0 0 0 0 0 0 0
 0 0 0 0 0 0 0 0 0 0 0 0 0 0 0 0 0 0 0 0 0 0 0 0 0 0 0 0 0 0 0 0 0 0 0 0 0 0 0 0 0 0 0 0 0 0 0 0 0 0 0 0 0 0 0 0 0 0 0 0 0 0 0 0 0 0 0 0 0 0 0 0 0 0 0 0 0 0 0 0 0 0 0 0 0 0 0 0 0 0 0 0 0 0 0 0 0 0 0 0 0 0 0 0 0 0 0 0 0 0 0 0 0 0 0 0 0 0 0 0 0 0 0 0 0 0 0 0 0 0 0 0 0 0 0 0 0 0 0 0 0 0 0 0 0 0 0 0 0 0 0 0 0 0 0 0 0 0 0 0 0 0 0 0 0 0 0 0 0 0 0 0 0 0 0 0 0 0 0 0 0 0 0 0 0 0 0 0 0 0 0 0 0 0 0 0 0 0 0 0 0 0 0 0 0 0 0 0 0 0 0 0 0 0 0 0 0 0 0 0 0 0 0 0 0 0 0 0 0 0 0 0 0 0 0 0 0 0 0 0 0 0 0 0 0 0 0 0 0 0 0 0 0 0 0 0 0 0 0 0 0 0 0 0 0 0 0 0 0 0 0 0 0 0 0 0 0 0 0 0 0 0 0 0 0 0 0 0 0 0 0 0 0 0 0 0 0 0 0 0 0 0 0 0 0 0 0 0 0 0 0 0 0 0 0 0 0 0 0 0 0 0 0 0 0 0 0 0 0 0 0 0 0 0 0 0 0 0 0 0 0 0 0 0 0 0 0 0 0 0 0 0 0 0 0 0 0 0 0 0 0 0 0 0 0 0 0 0 0 0 0 0 0 0 0 0 0 0 0 0 0 0 0 0 0 0 0 0 0 0 0 0 0 0 0 0 0 0 0 0 0 0 0 0 0 0 0 0 0 0 0 0 0 0 0 0 0 0 0 0 0 0 0 0 0 0 0 0 0 0 0 0 0 0 0 0 0 0 0 0 0 0 0 0 0 0 0 0 0 0 0 0 0 0 0 0 0 0 0 0 0 0 0 0 0 0 0 0 0 0 0 0 0 0 0 0 0 0 0 0 0 0 0 0 0 0 0 0 0 0 0 0 0 0 0 0 0 0 0 0 0 0 0 0 0 0 0 0 0 0 0 0 0 0 0 0 0 0 0 0 0 0 0 0 0 0 0 0 0 0 0 0 0 0 0 0 0 0 0 0 0 0 0 0 0 0 0 0 0 0 0 0 0 0 0 0 0 0 0 0 0 0 0 0 0 0 0 0 0 0 0 0 0 0 0 0 0 0 0 0 0 0 0 0 0 0 0 0 0 0 0 0 0 0 0 0 0 0 0 0
 0 0 0 0 0 0 0 0 0 0 0 0 0 0 0 0 0 0 0 0 0 0 0 0 0 0 0 0 0 0 0 0 0 0 0 0 0 0 0 0 0 0 0 0 0 0 0 0 0 0 0 0 0 0 0 0 0 0 0 0 0 0 0 0 0 0 0 0 0 0 0 0 0 0 0 0 0 0 0 0 0 0 0 0 0 0 0 0 0 0 0 0 0 0 0 0 0 0 0 0 0 0 0 0 0 0 0 0 0 0 0 0 0 0 0 0 0 0 0 0 0 0 0 0 0 0 0 0 0 0 0 0 0 0 0 0 0 0 0 0 0 0 0 0 0 0 0 0 0 0 0 0 0 0 0 0 0 0 0 0 0 0 0 0 0 0 0 0 0 0 0 0 0 0 0 0 0 0 0 0 0 0 0 0 0 0 0 0 0 0 0 0 0 0 0 0 0 0 0 0 0 0 0 0 0 0 0 0 0 0 0 0 0 0 0 0 0 0 0 0 0 0 0 0 0 0 0 0 0 0 0 0 0 0 0 0 0 0 0 0 0 0 0 0 0 0 0 0 0 0 0 0 0 0 0 0 0 0 0 0 0 0 0 0 0 0 0 0 0 0 0 0 0 0 0 0 0 0 0 0 0 0 0 0 0 0 0 0 0 0 0 0 0 0 0 0 0 0 0 0 0 0 0 0 0 0 0 0 0 0 0 0 0 0 0 0 0 0 0 0 0 0 0 0 0 0 0 0 0 0 0 0 0 0 0 0 0 0 0 0 0 0 0 0 0 0 0 0 0 0 0 0 0 0 0 0 0 0 0 0 0 0 0 0 0 0 0 0 0 0 0 0 0 0 0 0 0 0 0 0 0 0 0 0 0 0 0 0 0 0 0 0 0 0 0 0 0 0 0 0 0 0 0 0 0 0 0 0 0 0 0 0 0 0 0 0 0 0 0 0 0 0 0 0 0 0 0 0 0 0 0 0 0 0 0 0 0 0 0 0 0 0 0 0 0 0 0 0 0 0 0 0 0 0 0 0 0 0 0 0 0 0 0 0 0 0 0 0 0 0 0 0 0 0 0 0 0 0 0 0 0 0 0 0 0 0 0 0 0 0 0 0 0 0 0 0 0 0 0 0 0 0 0 0 0 0 0 0 0 0 0 0 0 0 0 0 0 0 0 0 0 0 0 0 0 0 0 0 0 0 0 0 0 0 0 0 0 0 0 0 0 0 0 0 0 0 0 0 0 0 0 0 0 0 0 0 0 0 0 0 0 0 0 0 0 0 0 0 0 0 0 0 0 0 0 0 0 0 0 0 0 0 0 0 0 0 0 0 0 0 0 0 0 0 0 0 0 0 0 0
 0 0 0 0 0 0 0 0 0 0 0 0 0 0 0 0 0 0 0 0 0 0 0 0 0 0 0 0 0 0 0 0 0 0 0 0 0 0 0 0 0 0 0 0 0 0 0 0 0 0 0 0 0 0 0 0 0 0 0 0 0 0 0 0 0 0 0 0 0 0 0 0 0 0 0 0 0 0 0 0 0 0 0 0 0 0 0 0 0 0 0 0 0 0 0 0 0 0 0 0 0 0 0 0 0 0 0 0 0 0 0 0 0 0 0 0 0 0 0 0 0 0 0 0 0 0 0 0 0 0 0 0 0 0 0 0 0 0 0 0 0 0 0 0 0 0 0 0 0 0 0 0 0 0 0 0 0 0 0 0 0 0 0 0 0 0 0 0 0 0 0 0 0 0 0 0 0 0 0 0 0 0 0 0 0 0 0 0 0 0 0 0 0 0 0 0 0 0 0 0 0 0 0 0 0 0 0 0 0 0 0 0 0 0 0 0 0 0 0 0 0 0 0 0 0 0 0 0 0 0 0 0 0 0 0 0 0 0 0 0 0 0 0 0 0 0 0 0 0 0 0 0 0 0 0 0 0 0 0 0 0 0 0 0 0 0 0 0 0 0 0 0 0 0 0 0 0 0 0 0 0 0 0 0 0 0 0 0 0 0 0 0 0 0 0.0002160743169952184 0.000773648964241147 0.001643539173528552 0.00279142102226615 0.004170454107224941 0.005743598565459251 0.007498872000724077 0.009438826702535152 0.01153585873544216 0.01380289532244205 0.01624911837279797 0.01887322776019573 0.02165983617305756 0.02460326999425888 0.02769594080746174 0.03090709075331688 0.03419912979006767 0.03756409883499146 0.04098018258810043 0.04443981498479843 0.04795527085661888 0.05149998888373375 0.05508572608232498 0.0587216429412365 0.0624089278280735 0.06615820527076721 0.06996573507785797 0.07382302731275558 0.07772408425807953 0.08167493343353271 0.08568289130926132 0.08975306153297424 0.09389015287160873 0.09808550775051117 0.1023213043808937 0.1065975576639175 0.1104425862431526 0.1127268746495247 0.1126750335097313 0.1098541244864464 0.1043614149093628 0.09914334118366241 0.09418617188930511 0.08947686105966568 0.08500301837921143 0.08075286448001862 0.07671522349119186 0.07287946343421936 0.06923548877239227 0.06577371060848236 0.06248502433300018 0.05936077237129211 0.05639273300766945 0.05357309803366661 0.05089444294571877 0.04834971949458122 0.04593223333358765 0.04363562166690826 0.04145384207367897 0.03938115015625954 0.03741209208965302 0.03554148599505424 0.03376441076397896 0.03207619115710258 0.03047238104045391 0.02894876152276993 0.02750132419168949 0.02612625807523727 0.02481994591653347 0.0235789492726326 0.02240000106394291 0.02128000184893608 0.02021600119769573 0.01920520141720772 0.01824494078755379 0.01733269356191158 0.01646605879068375 0.01564275659620762 0.0148606188595295 0.01411758828908205 0.01341170910745859 0.01274112332612276 0.01210406702011824 0.01149886380881071 0.01092392019927502 0.01037772372364998 0.009858837351202965 0.009365895763039589 0.008897600695490837 0.008452720940113068 0.008030084893107414 0.007628580555319786 0.007247151341289282 0.006884793750941753 0.006540554109960794 0.006213526241481304 0.005902850069105625 0.005607707425951958 0.00532732205465436 0.005060955882072449 0.004807908087968826 0.004567512776702642 0.004339137114584446 0.00412218039855361 0.003916071262210608 0.003720267675817013 0.00353425438515842 0.003357541747391224 0.003189664566889405 0.003030181396752596 0.002878672443330288 0.002734738867729902 0.002598001854494214 0.002468101680278778 0.00234469654969871 0.002227461664006114 0.002116088522598147 0.00201028399169445 0.001909769838675857 0.001814281335100532 0.001723567256703973 0.001637388952076435 0.001555519527755678 0.001477743498980999 0.001403856324031949 0.001333663472905755 0.001266980310901999 0.001203631283715367 0.001143449684605002 0.00108627718873322 0.00103196338750422 0.0009803652064874768 0.0009313469636254013 0.0008847796125337481 0.0008405406260862947 0.0007985135889612138 0.0007585879066027701 0.0007206585141830146 0.0006846255855634809 0.0006503943004645407 0.0006178746116347611 0.0005869808956049383 0.0005576318362727761 0.0005297502502799034 0.0005032627377659082 0.0004780995950568467 0.0004541946109384298 0.0004314848920330405 0.0004099106590729207 0.0003894151304848492 0.0003699443768709898 0.0003514471463859081 0.0003338747774250805 0.0003171810531057417 0.0003013219975400716 0.0002862559049390256 0.0002719431067816913 0.0002583459427114576 0.0002454286441206932 0.0002331572177354246 0.0002214993583038449 0.0002104243903886527 0.0001999031665036455 0.000189908008906059 0.0001804126077331603 0.0001713919773465022 0.0001628223835723475 0.0001546812709420919 0.0001469472044846043 0.0001395998406223953 0.0001326198544120416 0.0001259888667846099 0.0001196894227177836 0.0001137049548560753 0.0001080197107512504 0.0001026187237584963 9.748779120855033e-05 9.261340164812282e-05 8.79827348398976e-05 8.358359627891332e-05 7.940441719256341e-05 7.543419633293524e-05 7.166248542489484e-05 6.807936006225646e-05 6.467539060395211e-05 6.144162034615874e-05 5.836954005644657e-05 5.545106250792742e-05 5.267850792733952e-05 5.004458216717467e-05 4.754235123982653e-05 4.516523404163308e-05 4.290697324904613e-05 4.076162440469489e-05 3.872354136547074e-05 3.678736538859084e-05 3.494799602776766e-05 3.320059477118775e-05 3.154056321363896e-05 2.996353578055277e-05 2.84653597191209e-05 2.704209146031644e-05 2.568998752394691e-05 2.440548814774957e-05 2.318521364941262e-05 2.202595351263881e-05 2.092465547320899e-05 1.987842188100331e-05 1.88845006050542e-05 1.794027593859937e-05 1.704326132312417e-05 1.61910975293722e-05 1.538154174340889e-05 1.461246483813738e-05 1.388184136885684e-05 1.318774957326241e-05 1.252836227649823e-05 1.190194416267332e-05 1.130684722738806e-05 1.074150532076601e-05 1.020443050947506e-05 9.694209438748658e-06 9.209498784912284e-06 8.749023436394054e-06 8.311571946251206e-06 7.895992894191295e-06 7.50119306758279e-06 7.126133368728915e-06 6.769826541130897e-06 6.431335350498557e-06 6.109768492024159e-06 5.804280135635054e-06 5.514066288014874e-06 5.23836297361413e-06 4.976444870408159e-06 4.727622581413016e-06 4.491241270443425e-06 4.266679297870724e-06 4.05334549213876e-06 3.85067824026919e-06 3.658144350993098e-06 4.490620631258935e-05 0.000287350092548877 0.0007164233829826117 0.001286289421841502 0.001993465470150113 0.002837241161614656 0.003802905092015862 0.004881730303168297 0.006069448310881853 0.00734868086874485 0.008717704564332962 0.01016419101506472 0.01167912781238556 0.01326196454465389 0.01491577830165625 0.01664654538035393 0.01845459453761578 0.02032586932182312 0.02224474772810936 0.02420429885387421 0.02618834935128689 0.02819857373833656 0.03023259155452251 0.03227968513965607 0.03433740884065628 0.03640171885490417 0.03845538944005966 0.04049010574817657 0.04250782355666161 0.0445123054087162 0.04650493711233139 0.04848761484026909 0.05046210438013077 0.05243125930428505 0.0543975718319416 0.05634923651814461 0.05829036235809326 0.06022389978170395 0.06215232610702515 0.06407668441534042 0.06600105762481689 0.06792531907558441 0.06984727084636688 0.07176592946052551 0.07368318736553192 0.07528962194919586 0.07577461004257202 0.07464045286178589 0.07159053534269333 0.06801100820302963 0.06461045891046524 0.06137993559241295 0.05831093713641167 0.05539539083838463 0.052625622600317 0.0499943420290947 0.04749462381005287 0.04511989280581474 0.04286389797925949 0.04072070121765137 0.0386846661567688 0.0367504321038723 0.03491291031241417 0.03316726535558701 0.03150890022516251
 0 0 0 0 0 0 0 0 0 0 0 0 0 0 0 0 0 0 0 0 0 0 0 0 0 0 0 0 0 0 0 0 0 0 0 0 0 0 0 0 0 0 0 0 0 0 0 0 0 0 0 0 0 0 0 0 0 0 0 0 0 0 0 0 0 0 0 0 0 0 0 0 0 0 0 0 0 0 0 0 0 0 0 0 0 0 0 0 0 0 0 0 0 0 0 0 0 0 0 0 0 0 0 0 0 0 0 0 0 0 0 0 0 0 0 0 0 0 0 0 0 0 0 0 0 0 0 0 0 0 0 0 0 0 0 0 0 0 0 0 0 0 0 0 0 0 0 0 0 0 0 0 0 0 0 0 0 0 0 0 0 0 0 0 0 0 0 0 0 0 0 0 0 0 0 0 0 0 0 0 0 0 0 0 0 0 0 0 0 0 0 0 0 0 0 0 0 0 0 0 0 0 0 0 0 0 0 0 0 0 0 0 0 0 0 0 0 0 0 0 0 0 0 0 0 0 0 0 0 0 0 0 0 0 0 0 0 0 0 0 0 0 0 0 0 0 0 0 0 0 0 0 0 0 0 0 0 0 0 0 0 0 0 0 0 0 0 0 0 0 0 0 0 0 0 0 0 0 0 0 0 0 0 0 0 0 0 0 0 0 0 0 0 0 0 0 0 0 0 0 0 0 0 0 0 0 0 0 0 0 0 0 0 0 0 0 0 0 0 0 0 0 0 0 0 0 0 0 0 0 0 0 0 0 0 0 0 0 0 0 0 0 0 0 0 0 0 0 0 0 0 0 0 0 0 0 0 0 0 0 0 0 0 0 0 0 0 0 0 0 0 0 0 0 0 0 0 0 0 0 0 0 0 0 0 0 0 0 0 0 0 0 0 0 0 0 0 0 0 0 0 0 0 0 0 0 0 0 0 0 0 0 0 0 0 0 0 0 0 0 0 0 0 0 0 0 0 0 0 0 0 0 0 0 0 0 0 0 0 0 0 0 0 0 0 0 0 0 0 0 0 0 0 0 0 0 0 0 0 0 0 0 0 0 0 0 0 0 0 0 0 0 0 0 0 0 0 0 0 0 0 0 0 0 0 0 0 0 0 0 0 0 0 0 0 0 0 0 0 0 0 0 0 0 0 0 0 0 0 0 0 0 0 0 0 0 0 0 0 0 0 0 0 0 0 0 0 0 0 0 0 0 0 0 0 0 0 0 0 0 0 0 0 0 0 0 0 0 0 0 0 0 0 0 0 0 0 0 0 0 0 0 0 0 0 0 0 0 0 0 0 0 0 0 0 0 0 0 0 0 0 0 0 0 0 0 0 0 0 0 0 0 0 0 0 0 0 0 0 0
 0 0 0 0 0 0 0 0 0 0 0 0 0 0 0 0 0 0 0 0 0 0 0 0 0 0 0 0 0 0 0 0 0 0 0 0 0 0 0 0 0 0 0 0 0 0 0 0 0 0 0 0 0 0 0 0 0 0 0 0 0 0 0 0 0 0 0 0 0 0 0 0 0 0 0 0 0 0 0 0 0 0 0 0 0 0 0 0 0 0 0 0 0 0 0 0 0 0 0 0 0 0 0 0 0 0 0 0 0 0 0 0 0 0 0 0 0 0 0 0 0 0 0 0 0 0 0 0 0 0 0 0 0 0 0 0 0 0 0 0 0 0 0 0 0 0 0 0 0 0 0 0 0 0 0 0 0 0 0 0 0 0 0 0 0 0 0 0 0 0 0 0 0 0 0 0 0 0 0 0 0 0 0 0 0 0 0 0 0 0 0 0 0 0 0 0 0 0 0 0 0 0 0 0 0 0 0 0 0 0 0 0 0 0 0 0 0 0 0 0 0 0 0 0 0 0 0 0 0 0 0 0 0 0 0 0 0 0 0 0 0 0 0 0 0 0 0 0 0 0 0 0 0 0 0 0 0 0 0 0 0 0 0 0 0 0 0 0 0 0 0 0 0 0 0 0 0 0 0 0 0 0 0 0 0 0 0 0 0 0 0 0 0 0 0 0 0 0 0 0 0 0 0 0 0 0 0 0 0 0 0 0 0 0 0 0 0 0 0 0 0 0 0 0 0 0 0 0 0 0 0 0 0 0 0 0 0 0 0 0 0 0 0 0 0 0 0 0 0 0 0 0 0 0 0 0 0 0 0 0 0 0 0 0 0 0 0 0 0 0 0 0 0 0 0 0 0 0 0 0 0 0 0 0 0 0 0 0 0 0 0 0 0 0 0 0 0 0 0 0 0 0 0 0 0 0 0 0 0 0 0 0 0 0 0 0 0 0 0 0 0 0 0 0 0 0 0 0 0 0 0 0 0 0 0 0 0 0 0 0 0 0 0 0 0 0 0 0 0 0 0 0 0 0 0 0 0 0 0 0 0 0 0 0 0 0 0 0 0 0 0 0 0 0 0 0 0 0 0 0 0 0 0 0 0 0 0 0 0 0 0 0 0 0 0 0 0 0 0 0 0 0 0 0 0 0 0 0 0 0 0 0 0 0 0 0 0 0 0 0 0 0 0 0 0 0 0 0 0 0 0 0 0 0 0 0 0 0 0 0 0 0 0 0 0 0 0 0 0 0 0 0 0 0 0 0 0 0 0 0 0 0 0 0 0 0 0 0 0 0 0 0 0 0 0 0 0 0 0 0 0 0 0 0 0 0 0 0 0 0 0 0 0 0 0 0 0 0 0 0
 0 0 0 0 0 0 0 0 0 0 0 0 0 0 0 0 0 0 0 0 0 0 0 0 0 0 0 0 0 0 0 0 0 0 0 0 0 0 0 0 0 0 0 0 0 0 0 0 0 0 0 0 0 0 0 0 0 0 0 0 0 0 0 0 0 0 0 0 0 0 0 0 0 0 0 0 0 0 0 0 0 0 0 0 0 0 0 0 0 0 0 0 0 0 0 0 0 0 0 0 0 0 0 0 0 0 0 0 0 0 0 0 0 0 0 0 0 0 0 0 0 0 0 0 0 0 0 0 0 0 0 0 0 0 0 0 0 0 0 0 0 0 0 0 0 0 0 0 0 0 0 0 0 0 0 0 0 0 0 0 0 0 0 0 0 0 0 0 0 0 0 0 0 0 0 0 0 0 0 0 0 0 0 0 0 0 0 0 0 0 0 0 0 0 0 0 0 0 0 0 0 0 0 0 0 0 0 0 0 0 0 0 0 0 0 0 0 0 0 0 0 0 0 0 0 0 0 0 0 0 0 0 0 0 0 0 0 0 0 0 0 0 0 0 0 0 0 0 0 0 0 0 0 0 0 0 0 0 0 0 0 0 0 0 0 0 0 0 0 0 0 0 0 0 0 0 0 0 0 0 0 0 0 0 0 0 0 0 0 0 0 0 0 0 0 0 0 0 0 0 0 0 0 0 0 0 0 0 0 0 0 0 0 0 0 0 0 0 0 0 0 0 0 0 0 0 0 0 0 0 0 0 0 0 0 0 0 0 0 0 0 0 0 0 0 0 0 0 0 0 0 0 0 0 0 0 0 0 0 0 0 0 0 0 0 0 0 0 0 0 0 0 0 0 0 0 0 0 0 0 0 0 0 0 0 0 0 0 0 0 0 0 0 0 0 0 0 0 0 0 0 0 0 0 0 0 0 0 0 0 0 0 0 0 0 0 0 0 0 0 0 0 0 0 0 0 0 0 0 0 0 0 0 0 0 0 0 0 0 0 0 0 0 0 0 0 0 0 0 0 0 0 0 0 0 0 0 0 0 0 0 0 0 0 0 0 0 0 0 0 0 0 0 0 0 0 0 0 0 0 0 0 0 0 0 0 0 0 0 0 0 0 0 0 0 0 0 0 0 0 0 0 0 0 0 0 0 0 0 0 0 0 0 0 0 0 0 0 0 0 0 0 0 0 0 0 0 0 0 0 0 0 0 0 0 0 0 0 0 0 0 0 0 0 0 0 0 0 0 0 0 0 0 0 0 0 0 0 0 0 0 0 0 0 0 0 0 0 0 0 0 0 0 0 0 0 0 0 0 0 0 0 0 0 0 0 0 0 0 0 0 0 0 0 0 0 0 0 0 0
 0 0 0 0 0 0 0 0 0 0 0 0 0 0 0 0 0 0 0 0 0 0 0 0 0 0 0 0 0 0 0 0 0 0 0 0 0 0 0 0 0 0 0 0 0 0 0 0 0 0 0 0 0 0 0 0 0 0 0 0 0 0 0 0 0 0 0 0 0 0 0 0 0 0 0 0 0 0 0 0 0 0 0 0 0 0 0 0 0 0 0 0 0 0 0 0 0 0 0 0 0 0 0 0 0 0 0 0 0 0 0 0 0 0 0 0 0 0 0 0 0 0 0 0 0 0 0 0 0 0 0 0 0 0 0 0 0 0 0 0 0 0 0 0 0 0 0 0 0 0 0 0 0 0 0 0 0 0 0 0 0 0 0 0 0 0 0 0 0 0 0 0 0 0 0 0 0 0 0 0 0 0 0 0 0 0 0 0 0 0 0 0 0 0 0 0 0 0 0 0 0 0 0 0 0 0 0 0 0 0 0 0 0 0 0 0 0 0 0 0 0 0 0 0 0 0 0 0 0 0 0 0 0 0 0 0 0 0 0 0 0 0 0 0 0 0 0 0 0 0 0 0 0 0 0 0 0 0 0 0 0 0 0 0 0 0 0 0 0 0 0 0 0 0 0 0 0 0 0 0 0 0 0 0 0 0 0 0 0 0 0 0 0 0 7.457836181856692e-05 0.0004871936980634928 0.001221796963363886 0.002244113013148308 0.003513121977448463 0.004998115822672844 0.006690082140266895 0.008587274700403214 0.01064885593950748 0.01286924444139004 0.01525988057255745 0.0178303737193346 0.0205546859651804 0.02341752499341965 0.02639384940266609 0.02948434092104435 0.03268743678927422 0.03600052744150162 0.03938750922679901 0.04283722117543221 0.04632976651191711 0.04988240823149681 0.05348339304327965 0.05711326003074646 0.06077932566404343 0.06448641419410706 0.06822854280471802 0.07200470566749573 0.07583031058311462 0.07971539348363876 0.08365665376186371 0.087639220058918 0.09167648106813431 0.09576229751110077 0.0998758003115654 0.1040021181106567 0.1081495955586433 0.1111803725361824 0.1122279986739159 0.1107321158051491 0.1063478663563728 0.1010304763913155 0.09597895294427872 0.09118000417947769 0.0866210013628006 0.08228994905948639 0.07817545533180237 0.07426667958498001 0.07055334746837616 0.06702567636966705 0.06367439031600952 0.06049067154526711 0.05746613815426826 0.05459283292293549 0.05186318978667259 0.04927003011107445 0.04680652916431427 0.04446620121598244 0.04224289208650589 0.04013074934482574 0.0381242111325264 0.03621800243854523 0.03440710157155991 0.032686747610569 0.03105241060256958 0.02949978969991207 0.02802480012178421 0.026623560115695 0.02529238164424896 0.02402776293456554 0.02282637543976307 0.02168505638837814 0.02060080319643021 0.01957076229155064 0.0185922235250473 0.01766261272132397 0.01677948236465454 0.01594050787389278 0.01514348201453686 0.01438630744814873 0.01366699207574129 0.01298364251852036 0.01233446039259434 0.01171773765236139 0.01113185100257397 0.0105752581730485 0.01004649512469769 0.009544170461595058 0.009066961705684662 0.008613613434135914 0.008182932622730732 0.007773785851895809 0.00738509651273489 0.007015841547399759 0.006665049586445093 0.00633179722353816 0.006015207152813673 0.005714446771889925 0.005428724456578493 0.005157288163900375 0.004899423569440842 0.004654452204704285 0.00442172959446907 0.004200642928481102 0.003990610595792532 0.00379108008928597 0.003601526143029332 0.003421449800953269 0.003250377252697945 0.003087858436629176 0.002933465410023928 0.002786792116239667 0.002647452522069216 0.002515079919248819 0.002389325993135571 0.002269859658554196 0.002156366594135761 0.002048548310995102 0.001946120872162282 0.001848814776167274 0.001756374025717378 0.001668555312789977 0.001585127552971244 0.001505871186964214 0.001430577598512173 0.001359048765152693 0.001291096326895058 0.001226541469804943 0.001165214343927801 0.00110695359762758 0.001051605911925435 0.0009990256512537599 0.0009490743977949023 0.0009016206604428589 0.0008565396419726312 0.0008137126569636166 0.0007730270153842866 0.0007343756733462214 0.0006976568838581443 0.0006627740222029388 0.0006296352948993444 0.0005981535068713129 0.0005682458286173642 0.0005398335633799434 0.0005128418561071157 0.0004871997516602278 0.0004628397582564503 0.0004396977601572871 0.0004177128721494228 0.0003968272358179092 0.0003769858740270138 0.000358136574504897 0.0003402297443244606 0.0003232182643841952 0.0003070573438890278 0.0002917044912464917 0.0002771192812360823 0.0002632633259054273 0.0002501001581549644 0.0002375951444264501 0.0002257153828395531 0.0002144296158803627 0.0002037081285379827 0.0001935227192007005 0.0001838465832406655 0.000174654254806228 0.0001659215486142784 0.000157625472638756 0.0001497441990068182 0.0001422569912392646 0.0001351441460428759 0.0001283869351027533 0.000121967590530403 0.000115869210276287 0.0001100757508538663 0.0001045719618559815 9.93433641269803e-05 9.437619883101434e-05 8.96573910722509e-05 8.51745207910426e-05 8.091579366009682e-05 7.687000470468774e-05 7.302650192286819e-05 6.937517900951207e-05 6.590641714865342e-05 6.261109956540167e-05 5.948054604232311e-05 5.650652019539848e-05 5.368119309423491e-05 5.099713234812953e-05 4.844727664021775e-05 4.602491389960051e-05 4.372366674942896e-05 4.153748159296811e-05 3.946060678572394e-05 3.748757808352821e-05 3.561320045264438e-05 3.383254079381004e-05 3.214091339032166e-05 3.053386899409816e-05 2.900717481679749e-05 2.755681634880602e-05 2.617897553136572e-05 2.487002711859532e-05 2.362652594456449e-05 2.244519964733627e-05 2.132293957401998e-05 2.025679350481369e-05 1.92439547390677e-05 1.828175663831644e-05 1.736766898829956e-05 1.649928526603617e-05 1.567432082083542e-05 1.489060468884418e-05 1.414607413607882e-05 1.343877011095174e-05 1.276683178730309e-05 1.212849019793794e-05 1.15220655061421e-05 1.094596245820867e-05 1.039866401697509e-05 9.878730452328455e-06 9.384793884237297e-06 8.915554644772783e-06 8.469776730635203e-06 8.046287803153973e-06 7.64397373131942e-06 7.261774953803979e-06 6.89868602421484e-06 6.55375151836779e-06 6.22606376055046e-06 5.914760549785569e-06 5.619022431346821e-06 5.338071332516847e-06 5.071167834103107e-06 4.817609351448482e-06 4.57672877018922e-06 4.347892172518186e-06 4.130497472942807e-06 3.923972599295666e-06 3.72777390111878e-06 3.541385240168893e-06 3.364315944054397e-06 2.375541771471035e-05 0.0002629470254760236 0.0006933639524504542 0.001290176063776016 0.002034783363342285 0.00291702663525939 0.0039183609187603 0.005031803157180548 0.006249296013265848 0.007572642527520657 0.0089825838804245 0.0104706808924675 0.01203578896820545 0.01367288921028376 0.01537922397255898 0.01714505441486835 0.01896997354924679 0.02085819840431213 0.02280928567051888 0.02481635846197605 0.02686811797320843 0.02895851992070675 0.03105948492884636 0.03316301852464676 0.03527102619409561 0.0373808890581131 0.03948263078927994 0.04157871380448341 0.04367018491029739 0.04575398564338684 0.04783258214592934 0.04990671575069427 0.05196740105748177 0.05401686578989029 0.05605738237500191 0.05808848515152931 0.06011183187365532 0.06213083863258362 0.06414365768432617 0.06614463776350021 0.06813586503267288 0.0701117143034935 0.07207223027944565 0.07401936501264572 0.07595428824424744 0.07709424942731857 0.07679175585508347 0.07465635240077972 0.07092353701591492 0.06737735867500305 0.06400848925113678 0.06080806627869606 0.05776766315102577 0.05487928166985512 0.05213531851768494 0.04952855408191681 0.04705212637782097 0.04469951987266541 0.04246454313397408 0.04034131765365601 0.03832425177097321 0.03640804067254066 0.03458764031529427
 0 0 0 0 0 0 0 0 0 0 0 0 0 0 0 0 0 0 0 0 0 0 0 0 0 0 0 0 0 0 0 0 0 0 0 0 0 0 0 0 0 0 0 0 0 0 0 0 0 0 0 0 0 0 0 0 0 0 0 0 0 0 0 0 0 0 0 0 0 0 0 0 0 0 0 0 0 0 0 0 0 0 0 0 0 0 0 0 0 0 0 0 0 0 0 0 0 0 0 0 0 0 0 0 0 0 0 0 0 0 0 0 0 0 0 0 0 0 0 0 0 0 0 0 0 0 0 0 0 0 0 0 0 0 0 0 0 0 0 0 0 0 0 0 0 0 0 0 0 0 0 0 0 0 0 0 0 0 0 0 0 0 0 0 0 0 0 0 0 0 0 0 0 0 0 0 0 0 0 0 0 0 0 0 0 0 0 0 0 0 0 0 0 0 0 0 0 0 0 0 0 0 0 0 0 0 0 0 0 0 0 0 0 0 0 0 0 0 0 0 0 0 0 0 0 0 0 0 0 0 0 0 0 0 0 0 0 0 0 0 0 0 0 0 0 0 0 0 0 0 0 0 0 0 0 0 0 0 0 0 0 0 0 0 0 0 0 0 0 0 0 0 0 0 0 0 0 0 0 0 0 0 0 0 0 0 0 0 0 0 0 0 0 0 0 0 0 0 0 0 0 0 0 0 0 0 0 0 0 0 0 0 0 0 0 0 0 0 0 0 0 0 0 0 0 0 0 0 0 0 0 0 0 0 0 0 0 0 0 0 0 0 0 0 0 0 0 0 0 0 0 0 0 0 0 0 0 0 0 0 0 0 0 0 0 0 0 0 0 0 0 0 0 0 0 0 0 0 0 0 0 0 0 0 0 0 0 0 0 0 0 0 0 0 0 0 0 0 0 0 0 0 0 0 0 0 0 0 0 0 0 0 0 0 0 0 0 0 0 0 0 0 0 0 0 0 0 0 0 0 0 0 0 0 0 0 0 0 0 0 0 0 0 0 0 0 0 0 0 0 0 0 0 0 0 0 0 0 0 0 0 0 0 0 0 0 0 0 0 0 0 0 0 0 0 0 0 0 0 0 0 0 0 0 0 0 0 0 0 0 0 0 0 0 0 0 0 0 0 0 0 0 0 0 0 0 0 0 0 0 0 0 0 0 0 0 0 0 0 0 0 0 0 0 0 0 0 0 0 0 0 0 0 0 0 0 0 0 0 0 0 0 0 0 0 0 0 0 0 0 0 0 0 0 0 0 0 0 0 0 0 0 0 0 0 0 0 0 0 0 0 0 0 0 0 0 0 0 0 0 0 0 0 0 0 0 0 0 0 0 0 0 0 0 0 0 0 0 0 0
 0 0 0 0 0 0 0 0 0 0 0 0 0 0 0 0 0 0 0 0 0 0 0 0 0 0 0 0 0 0 0 0 0 0 0 0 0 0 0 0 0 0 0 0 0 0 0 0 0 0 0 0 0 0 0 0 0 0 0 0 0 0 0 0 0 0 0 0 0 0 0 0 0 0 0 0 0 0 0 0 0 0 0 0 0 0 0 0 0 0 0 0 0 0 0 0 0 0 0 0 0 0 0 0 0 0 0 0 0 0 0 0 0 0 0 0 0 0 0 0 0 0 0 0 0 0 0 0 0 0 0 0 0 0 0 0 0 0 0 0 0 0 0 0 0 0 0 0 0 0 0 0 0 0 0 0 0 0 0 0 0 0 0 0 0 0 0 0 0 0 0 0 0 0 0 0 0 0 0 0 0 0 0 0 0 0 0 0 0 0 0 0 0 0 0 0 0 0 0 0 0 0 0 0 0 0 0 0 0 0 0 0 0 0 0 0 0 0 0 0 0 0 0 0 0 0 0 0 0 0 0 0 0 0 0 0 0 0 0 0 0 0 0 0 0 0 0 0 0 0 0 0 0 0 0 0 0 0 0 0 0 0 0 0 0 0 0 0 0 0 0 0 0 0 0 0 0 0 0 0 0 0 0 0 0 0 0 0 0 0 0 0 0 0 0 0 0 0 0 0 0 0 0 0 0 0 0 0 0 0 0 0 0 0 0 0 0 0 0 0 0 0 0 0 0 0 0 0 0 0 0 0 0 0 0 0 0 0 0 0 0 0 0 0 0 0 0 0 0 0 0 0 0 0 0 0 0 0 0 0 0 0 0 0 0 0 0 0 0 0 0 0 0 0 0 0 0 0 0 0 0 0 0 0 0 0 0 0 0 0 0 0 0 0 0 0 0 0 0 0 0 0 0 0 0 0 0 0 0 0 0 0 0 0 0 0 0 0 0 0 0 0 0 0 0 0 0 0 0 0 0 0 0 0 0 0 0 0 0 0 0 0 0 0 0 0 0 0 0 0 0 0 0 0 0 0 0 0 0 0 0 0 0 0 0 0 0 0 0 0 0 0 0 0 0 0 0 0 0 0 0 0 0 0 0 0 0 0 0 0 0 0 0 0 0 0 0 0 0 0 0 0 0 0 0 0 0 0 0 0 0 0 0 0 0 0 0 0 0 0 0 0 0 0 0 0 0 0 0 0 0 0 0 0 0 0 0 0 0 0 0 0 0 0 0 0 0 0 0 0 0 0 0 0 0 0 0 0 0 0 0 0 0 0 0 0 0 0 0 0 0 0 0 0 0 0 0 0 0 0 0 0 0 0 0 0 0 0 0 0 0 0 0 0 0 0 0 0 0 0
 0 0 0 0 0 0 0 0 0 0 0 0 0 0 0 0 0 0 0 0 0 0 0 0 0 0 0 0 0 0 0 0 0 0 0 0 0 0 0 0 0 0 0 0 0 0 0 0 0 0 0 0 0 0 0 0 0 0 0 0 0 0 0 0 0 0 0 0 0 0 0 0 0 0 0 0 0 0 0 0 0 0 0 0 0 0 0 0 0 0 0 0 0 0 0 0 0 0 0 0 0 0 0 0 0 0 0 0 0 0 0 0 0 0 0 0 0 0 0 0 0 0 0 0 0 0 0 0 0 0 0 0 0 0 0 0 0 0 0 0 0 0 0 0 0 0 0 0 0 0 0 0 0 0 0 0 0 0 0 0 0 0 0 0 0 0 0 0 0 0 0 0 0 0 0 0 0 0 0 0 0 0 0 0 0 0 0 0 0 0 0 0 0 0 0 0 0 0 0 0 0 0 0 0 0 0 0 0 0 0 0 0 0 0 0 0 0 0 0 0 0 0 0 0 0 0 0 0 0 0 0 0 0 0 0 0 0 0 0 0 0 0 0 0 0 0 0 0 0 0 0 0 0 0 0 0 0 0 0 0 0 0 0 0 0 0 0 0 0 0 0 0 0 0 0 0 0 0 0 0 0 0 0 0 0 0 0 0 0 0 0 0 0 0 0 0 0 0 0 0 0 0 0 0 0 0 0 0 0 0 0 0 0 0 0 0 0 0 0 0 0 0 0 0 0 0 0 0 0 0 0 0 0 0 0 0 0 0 0 0 0 0 0 0 0 0 0 0 0 0 0 0 0 0 0 0 0 0 0 0 0 0 0 0 0 0 0 0 0 0 0 0 0 0 0 0 0 0 0 0 0 0 0 0 0 0 0 0 0 0 0 0 0 0 0 0 0 0 0 0 0 0 0 0 0 0 0 0 0 0 0 0 0 0 0 0 0 0 0 0 0 0 0 0 0 0 0 0 0 0 0 0 0 0 0 0 0 0 0 0 0 0 0 0 0 0 0 0 0 0 0 0 0 0 0 0 0 0 0 0 0 0 0 0 0 0 0 0 0 0 0 0 0 0 0 0 0 0 0 0 0 0 0 0 0 0 0 0 0 0 0 0 0 0 0 0 0 0 0 0 0 0 0 0 0 0 0 0 0 0 0 0 0 0 0 0 0 0 0 0 0 0 0 0 0 0 0 0 0 0 0 0 0 0 0 0 0 0 0 0 0 0 0 0 0 0 0 0 0 0 0 0 0 0 0 0 0 0 0 0 0 0 0 0 0 0 0 0 0 0 0 0 0 0 0 0 0 0 0 0 0 0 0 0 0 0 0 0 0 0 0 0 0 0 0 0 0 0 0 0
 0 0 0 0 0 0 0 0 0 0 0 0 0 0 0 0 0 0 0 0 0 0 0 0 0 0 0 0 0 0 0 0 0 0 0 0 0 0 0 0 0 0 0 0 0 0 0 0 0 0 0 0 0 0 0 0 0 0 0 0 0 0 0 0 0 0 0 0 0 0 0 0 0 0 0 0 0 0 0 0 0 0 0 0 0 0 0 0 0 0 0 0 0 0 0 0 0 0 0 0 0 0 0 0 0 0 0 0 0 0 0 0 0 0 0 0 0 0 0 0 0 0 0 0 0 0 0 0 0 0 0 0 0 0 0 0 0 0 0 0 0 0 0 0 0 0 0 0 0 0 0 0 0 0 0 0 0 0 0 0 0 0 0 0 0 0 0 0 0 0 0 0 0 0 0 0 0 0 0 0 0 0 0 0 0 0 0 0 0 0 0 0 0 0 0 0 0 0 0 0 0 0 0 0 0 0 0 0 0 0 0 0 0 0 0 0 0 0 0 0 0 0 0 0 0 0 0 0 0 0 0 0 0 0 0 0 0 0 0 0 0 0 0 0 0 0 0 0 0 0 0 0 0 0 0 0 0 0 0 0 0 0 0 0 0 0 0 0 0 0 0 0 0 0 0 0 0 0 0 0 0 0 0 0 0 0 0 0 0 0 0 0 0 6.42197992419824e-05 0.000444586097728461 0.001142162131145597 0.00210548797622323 0.003316968213766813 0.004748933017253876 0.006385283078998327 0.008215655572712421 0.01022127084434032 0.01237515453249216 0.01468113157898188 0.01715104281902313 0.01978628896176815 0.02257072553038597 0.02546465210616589 0.0284680612385273 0.03158873692154884 0.03484968468546867 0.03822506219148636 0.04166985303163528 0.04517142847180367 0.04873425513505936 0.05233222246170044 0.05596736446022987 0.05963219329714775 0.06333351135253906 0.0670841783285141 0.0708744153380394 0.07470763474702835 0.07860094308853149 0.08254288136959076 0.08654109388589859 0.09059862047433853 0.09472233057022095 0.09889074414968491 0.1030868291854858 0.1073127612471581 0.1108455136418343 0.1126597002148628 0.1120963245630264 0.1087130978703499 0.1032774448394775 0.09811357408761978 0.09320789575576782 0.08854749798774719 0.08412012457847595 0.07991411536931992 0.07591840624809265 0.0721224844455719 0.06851635873317719 0.06509053707122803 0.06183601170778275 0.05874421074986458 0.05580700188875198 0.05301665142178535 0.05036582052707672 0.04784752801060677 0.04545515030622482 0.04318239167332649 0.04102327302098274 0.03897210955619812 0.03702350333333015 0.03517232835292816 0.03341371193528175 0.03174302726984024 0.03015587665140629 0.02864808216691017 0.02721567824482918 0.02585489489138126 0.02456215023994446 0.02333404310047626 0.02216734178364277 0.02105897478759289 0.02000602521002293 0.01900572329759598 0.01805543713271618 0.01715266518294811 0.01629503257572651 0.01548028085380793 0.01470626704394817 0.01397095341235399 0.01327240560203791 0.01260878518223763 0.01197834592312574 0.0113794282078743 0.01081045717000961 0.01026993431150913 0.009756437502801418 0.009268615394830704 0.008805184625089169 0.008364925161004066 0.00794667936861515 0.00754934549331665 0.00717187812551856 0.006813284009695053 0.006472619716078043 0.006148988846689463 0.005841539241373539 0.005549462512135506 0.00527198938652873 0.005008389707654715 0.004757970105856657 0.004520071670413017 0.004294068086892366 0.004079364705830812 0.003875396447256207 0.003681626636534929 0.003497545374557376 0.003322668140754104 0.003156534628942609 0.002998707816004753 0.002848772332072258 0.002706333762034774 0.002571017015725374 0.002442466095089912 0.002320342697203159 0.002204325515776873 0.002094109309837222 0.001989403739571571 0.001889933599159122 0.001795436954125762 0.00170566514134407 0.001620381837710738 0.001539362710900605 0.001462394604459405 0.001389274839311838 0.001319811097346246 0.001253820490092039 0.001191129442304373 0.001131572993472219 0.001074994332157075 0.001021244563162327 0.0009701823582872748 0.0009216732578352094 0.0008755896124057472 0.0008318101172335446 0.0007902196375653148 0.0007507086265832186 0.0007131731836125255 0.0006775145302526653 0.0006436387775465846 0.0006114568095654249 0.000580883992370218 0.0005518397665582597 0.0005242477636784315 0.0004980353987775743 0.0004731336375698447 0.0004494769673328847 0.0004270031058695167 0.0004056529433000833 0.0003853703092318028 0.0003661017981357872 0.0003477967111393809 0.000330406881403178 0.0003138865286018699 0.0002981922007165849 0.0002832825994119048 0.0002691184636205435 0.0002556625404395163 0.0002428794105071574 0.0002307354443473741 0.0002191986714024097 0.0002082387363770977 0.0001978267973754555 0.0001879354531411082 0.0001785386848496273 0.0001696117542451248 0.0001611311599845067 0.0001530746085336432 0.0001454208832001314 0.0001381498441332951 0.0001312423555646092 0.0001246802421519533 0.0001184462307719514 0.0001125239214161411 0.0001068977289833128 0.0001015528396237642 9.647519618738443e-05 9.165144001599401e-05 8.706886728759855e-05 8.271542174043134e-05 7.857965101720765e-05 7.465067028533667e-05 7.091813313309103e-05 6.73722242936492e-05 6.400361598934978e-05 6.080343518988229e-05 5.776326361228712e-05 5.487510134116746e-05 5.213134500081651e-05 4.952477684128098e-05 4.704853927250952e-05 4.46961130364798e-05 4.246130629326217e-05 4.033824006910436e-05 3.832132642855868e-05 3.640526119852439e-05 3.458499850239605e-05 3.285574712208472e-05 3.121295958408155e-05 2.965231215057429e-05 2.816969572450034e-05 2.67612103925785e-05 2.542314905440435e-05 2.415199196548201e-05 2.294439218530897e-05 2.179717193939723e-05 2.070731352432631e-05 1.967194839380682e-05 1.868835170171224e-05 1.775393320713192e-05 1.686623727437109e-05 1.602292468305677e-05 1.522177808510605e-05 1.446068927180022e-05 1.373765462631127e-05 1.305077148572309e-05 1.239823268406326e-05 1.177832109533483e-05 1.118940508604283e-05 1.062993487721542e-05 1.009843799693044e-05 9.59351564233657e-06 9.113839951169211e-06 8.658147635287605e-06 8.225239980674814e-06 7.813978299964219e-06 7.423279384966008e-06 7.052115506667178e-06 6.699509867758024e-06 6.364534328895388e-06 6.046307589713251e-06 5.743992005591281e-06 5.456792223412776e-06 5.183952453080565e-06 4.924754648527596e-06 4.678517143474892e-06 4.444591468200088e-06 4.222361894790083e-06 4.011243618151639e-06 3.810681391769322e-06 3.620147253968753e-06 3.43913984579558e-06 3.26718281939975e-06 0.0001248961925739422 0.000445182784460485 0.0009397005196660757 0.001602470525540411 0.002409209962934256 0.00335147394798696 0.004404333885759115 0.005559416487812996 0.006814700551331043 0.008164194412529469 0.009591929614543915 0.01108846254646778 0.01265529450029135 0.01428923290222883 0.0159863755106926 0.01773793809115887 0.01954064518213272 0.02139023505151272 0.02328800410032272 0.02522050403058529 0.02718200907111168 0.02917329967021942 0.03118736296892166 0.03321828693151474 0.03525774553418159 0.0372910164296627 0.03932251408696175 0.04135683923959732 0.04339565336704254 0.04542653262615204 0.0474499985575676 0.04946843162178993 0.05148355662822723 0.05349570885300636 0.05549519136548042 0.05748497694730759 0.05945556983351707 0.06140792369842529 0.06334104388952255 0.06525518000125885 0.06715306639671326 0.06903564184904099 0.07090424746274948 0.07275913655757904 0.07460587471723557 0.07572021335363388 0.07544223219156265 0.07337530702352524 0.06970654428005219 0.0662212148308754 0.06291015446186066 0.05976464599370956 0.05677641183137894 0.05393759161233902 0.0512407124042511 0.0486786775290966 0.04624474421143532 0.04393250867724419 0.04173588380217552 0.03964908793568611 0.03766663372516632 0.035783302038908 0.03399413824081421
 0 0 0 0 0 0 0 0 0 0 0 0 0 0 0 0 0 0 0 0 0 0 0 0 0 0 0 0 0 0 0 0 0 0 0 0 0 0 0 0 0 0 0 0 0 0 0 0 0 0 0 0 0 0 0 0 0 0 0 0 0 0 0 0 0 0 0 0 0 0 0 0 0 0 0 0 0 0 0 0 0 0 0 0 0 0 0 0 0 0 0 0 0 0 0 0 0 0 0 0 0 0 0 0 0 0 0 0 0 0 0 0 0 0 0 0 0 0 0 0 0 0 0 0 0 0 0 0 0 0 0 0 0 0 0 0 0 0 0 0 0 0 0 0 0 0 0 0 0 0 0 0 0 0 0 0 0 0 0 0 0 0 0 0 0 0 0 0 0 0 0 0 0 0 0 0 0 0 0 0 0 0 0 0 0 0 0 0 0 0 0 0 0 0 0 0 0 0 0 0 0 0 0 0 0 0 0 0 0 0 0 0 0 0 0 0 0 0 0 0 0 0 0 0 0 0 0 0 0 0 0 0 0 0 0 0 0 0 0 0 0 0 0 0 0 0 0 0 0 0 0 0 0 0 0 0 0 0 0 0 0 0 0 0 0 0 0 0 0 0 0 0 0 0 0 0 0 0 0 0 0 0 0 0 0 0 0 0 0 0 0 0 0 0 0 0 0 0 0 0 0 0 0 0 0 0 0 0 0 0 0 0 0 0 0 0 0 0 0 0 0 0 0 0 0 0 0 0 0 0 0 0 0 0 0 0 0 0 0 0 0 0 0 0 0 0 0 0 0 0 0 0 0 0 0 0 0 0 0 0 0 0 0 0 0 0 0 0 0 0 0 0 0 0 0 0 0 0 0 0 0 0 0 0 0 0 0 0 0 0 0 0 0 0 0 0 0 0 0 0 0 0 0 0 0 0 0 0 0 0 0 0 0 0 0 0 0 0 0 0 0 0 0 0 0 0 0 0 0 0 0 0 0 0 0 0 0 0 0 0 0 0 0 0 0 0 0 0 0 0 0 0 0 0 0 0 0 0 0 0 0 0 0 0 0 0 0 0 0 0 0 0 0 0 0 0 0 0 0 0 0 0 0 0 0 0 0 0 0 0 0 0 0 0 0 0 0 0 0 0 0 0 0 0 0 0 0 0 0 0 0 0 0 0 0 0 0 0 0 0 0 0 0 0 0 0 0 0 0 0 0 0 0 0 0 0 0 0 0 0 0 0 0 0 0 0 0 0 0 0 0 0 0 0 0 0 0 0 0 0 0 0 0 0 0 0 0 0 0 0 0 0 0 0 0 0 0 0 0 0 0 0 0 0 0 0 0 0 0 0 0 0 0 0 0 0 0 0 0 0
 0 0 0 0 0 0 0 0 0 0 0 0 0 0 0 0 0 0 0 0 0 0 0 0 0 0 0 0 0 0 0 0 0 0 0 0 0 0 0 0 0 0 0 0 0 0 0 0 0 0 0 0 0 0 0 0 0 0 0 0 0 0 0 0 0 0 0 0 0 0 0 0 0 0 0 0 0 0 0 0 0 0 0 0 0 0 0 0 0 0 0 0 0 0 0 0 0 0 0 0 0 0 0 0 0 0 0 0 0 0 0 0 0 0 0 0 0 0 0 0 0 0 0 0 0 0 0 0 0 0 0 0 0 0 0 0 0 0 0 0 0 0 0 0 0 0 0 0 0 0 0 0 0 0 0 0 0 0 0 0 0 0 0 0 0 0 0 0 0 0 0 0 0 0 0 0 0 0 0 0 0 0 0 0 0 0 0 0 0 0 0 0 0 0 0 0 0 0 0 0 0 0 0 0 0 0 0 0 0 0 0 0 0 0 0 0 0 0 0 0 0 0 0 0 0 0 0 0 0 0 0 0 0 0 0 0 0 0 0 0 0 0 0 0 0 0 0 0 0 0 0 0 0 0 0 0 0 0 0 0 0 0 0 0 0 0 0 0 0 0 0 0 0 0 0 0 0 0 0 0 0 0 0 0 0 0 0 0 0 0 0 0 0 0 0 0 0 0 0 0 0 0 0 0 0 0 0 0 0 0 0 0 0 0 0 0 0 0 0 0 0 0 0 0 0 0 0 0 0 0 0 0 0 0 0 0 0 0 0 0 0 0 0 0 0 0 0 0 0 0 0 0 0 0 0 0 0 0 0 0 0 0 0 0 0 0 0 0 0 0 0 0 0 0 0 0 0 0 0 0 0 0 0 0 0 0 0 0 0 0 0 0 0 0 0 0 0 0 0 0 0 0 0 0 0 0 0 0 0 0 0 0 0 0 0 0 0 0 0 0 0 0 0 0 0 0 0 0 0 0 0 0 0 0 0 0 0 0 0 0 0 0 0 0 0 0 0 0 0 0 0 0 0 0 0 0 0 0 0 0 0 0 0 0 0 0 0 0 0 0 0 0 0 0 0 0 0 0 0 0 0 0 0 0 0 0 0 0 0 0 0 0 0 0 0 0 0 0 0 0 0 0 0 0 0 0 0 0 0 0 0 0 0 0 0 0 0 0 0 0 0 0 0 0 0 0 0 0 0 0 0 0 0 0 0 0 0 0 0 0 0 0 0 0 0 0 0 0 0 0 0 0 0 0 0 0 0 0 0 0 0 0 0 0 0 0 0 0 0 0 0 0 0 0 0 0 0 0 0 0 0 0 0 0 0 0 0 0 0 0 0 0 0 0 0 0 0 0 0 0
 0 0 0 0 0 0 0 0 0 0 0 0 0 0 0 0 0 0 0 0 0 0 0 0 0 0 0 0 0 0 0 0 0 0 0 0 0 0 0 0 0 0 0 0 0 0 0 0 0 0 0 0 0 0 0 0 0 0 0 0 0 0 0 0 0 0 0 0 0 0 0 0 0 0 0 0 0 0 0 0 0 0 0 0 0 0 0 0 0 0 0 0 0 0 0 0 0 0 0 0 0 0 0 0 0 0 0 0 0 0 0 0 0 0 0 0 0 0 0 0 0 0 0 0 0 0 0 0 0 0 0 0 0 0 0 0 0 0 0 0 0 0 0 0 0 0 0 0 0 0 0 0 0 0 0 0 0 0 0 0 0 0 0 0 0 0 0 0 0 0 0 0 0 0 0 0 0 0 0 0 0 0 0 0 0 0 0 0 0 0 0 0 0 0 0 0 0 0 0 0 0 0 0 0 0 0 0 0 0 0 0 0 0 0 0 0 0 0 0 0 0 0 0 0 0 0 0 0 0 0 0 0 0 0 0 0 0 0 0 0 0 0 0 0 0 0 0 0 0 0 0 0 0 0 0 0 0 0 0 0 0 0 0 0 0 0 0 0 0 0 0 0 0 0 0 0 0 0 0 0 0 0 0 0 0 0 0 0 0 0 0 0 0 0 0 0 0 0 0 0 0 0 0 0 0 0 0 0 0 0 0 0 0 0 0 0 0 0 0 0 0 0 0 0 0 0 0 0 0 0 0 0 0 0 0 0 0 0 0 0 0 0 0 0 0 0 0 0 0 0 0 0 0 0 0 0 0 0 0 0 0 0 0 0 0 0 0 0 0 0 0 0 0 0 0 0 0 0 0 0 0 0 0 0 0 0 0 0 0 0 0 0 0 0 0 0 0 0 0 0 0 0 0 0 0 0 0 0 0 0 0 0 0 0 0 0 0 0 0 0 0 0 0 0 0 0 0 0 0 0 0 0 0 0 0 0 0 0 0 0 0 0 0 0 0 0 0 0 0 0 0 0 0 0 0 0 0 0 0 0 0 0 0 0 0 0 0 0 0 0 0 0 0 0 0 0 0 0 0 0 0 0 0 0 0 0 0 0 0 0 0 0 0 0 0 0 0 0 0 0 0 0 0 0 0 0 0 0 0 0 0 0 0 0 0 0 0 0 0 0 0 0 0 0 0 0 0 0 0 0 0 0 0 0 0 0 0 0 0 0 0 0 0 0 0 0 0 0 0 0 0 0 0 0 0 0 0 0 0 0 0 0 0 0 0 0 0 0 0 0 0 0 0 0 0 0 0 0 0 0 0 0 0 0 0 0 0 0 0 0 0 0 0 0 0 0 0 0 0 0
 0 0 0 0 0 0 0 0 0 0 0 0 0 0 0 0 0 0 0 0 0 0 0 0 0 0 0 0 0 0 0 0 0 0 0 0 0 0 0 0 0 0 0 0 0 0 0 0 0 0 0 0 0 0 0 0 0 0 0 0 0 0 0 0 0 0 0 0 0 0 0 0 0 0 0 0 0 0 0 0 0 0 0 0 0 0 0 0 0 0 0 0 0 0 0 0 0 0 0 0 0 0 0 0 0 0 0 0 0 0 0 0 0 0 0 0 0 0 0 0 0 0 0 0 0 0 0 0 0 0 0 0 0 0 0 0 0 0 0 0 0 0 0 0 0 0 0 0 0 0 0 0 0 0 0 0 0 0 0 0 0 0 0 0 0 0 0 0 0 0 0 0 0 0 0 0 0 0 0 0 0 0 0 0 0 0 0 0 0 0 0 0 0 0 0 0 0 0 0 0 0 0 0 0 0 0 0 0 0 0 0 0 0 0 0 0 0 0 0 0 0 0 0 0 0 0 0 0 0 0 0 0 0 0 0 0 0 0 0 0 0 0 0 0 0 0 0 0 0 0 0 0 0 0 0 0 0 0 0 0 0 0 0 0 0 0 0 0 0 0 0 0 0 0 0 0 0 0 0 0 0 0 0 0 0 0 0 0 0 0 0 0 0 0 0 0.00022413361875806 0.0007969978614710271 0.001672688405960798 0.002820210997015238 0.004200398921966553 0.005808848887681961 0.007607242558151484 0.009585712105035782 0.01172734517604113 0.0140441358089447 0.01654278486967087 0.01923096179962158 0.02207412570714951 0.02505931816995144 0.02818775177001953 0.03146533668041229 0.03483705595135689 0.03826670721173286 0.04174915701150894 0.0452776812016964 0.04884744808077812 0.05244953185319901 0.05609599500894547 0.05978202819824219 0.0635172426700592 0.06731048226356506 0.07115000486373901 0.07503212243318558 0.07895644754171371 0.08293329924345016 0.08697783946990967 0.09109530597925186 0.09528951346874237 0.09955956786870956 0.1038807481527328 0.1082310080528259 0.1118811443448067 0.1137533262372017 0.113176591694355 0.1097676157951355 0.1042792350053787 0.09906527400016785 0.09411200881004333 0.08940640836954117 0.08493608981370926 0.08068928867578506 0.0766548216342926 0.07282207906246185 0.06918097287416458 0.06572192162275314 0.0624358244240284 0.05931403487920761 0.05634833127260208 0.05353091657161713 0.05085436999797821 0.04831165075302124 0.04589606821537018 0.04360126331448555 0.04142120108008385 0.03935014083981514 0.03738263249397278 0.0355135016143322 0.03373782709240913 0.03205093741416931 0.03044839017093182 0.02892597019672394 0.02747967094182968 0.02610568702220917 0.02480040304362774 0.02356038242578506 0.02238236367702484 0.0212632454931736 0.0202000830322504 0.01919007860124111 0.01823057420551777 0.01731904596090317 0.01645309291779995 0.01563043892383575 0.01484891679137945 0.01410647109150887 0.01340114790946245 0.01273109018802643 0.01209453586488962 0.0114898094907403 0.01091531943529844 0.01036955323070288 0.009851075708866119 0.009358521550893784 0.008890595287084579 0.008446065708994865 0.00802376214414835 0.007622573990374804 0.007241445127874613 0.006879372987896204 0.006535404361784458 0.006208634003996849 0.005898202303797007 0.005603292025625706 0.005323127377778292 0.005056971218436956 0.004804122727364302 0.004563916474580765 0.004335720557719469 0.004118934739381075 0.003912988118827343 0.003717338666319847 0.003531471826136112 0.003354898188263178 0.003187153255566955 0.003027795581147075 0.002876405837014318 0.002732585649937391 0.002595956437289715 0.002466158708557487 0.002342850668355823 0.002225708216428757 0.002114422852173448 0.002008701674640179 0.001908266567625105 0.001812853268347681 0.001722210552543402 0.001636100001633167 0.00155429495498538 0.001476580160669982 0.001402751193381846 0.00133261363953352 0.001265982980839908 0.001202683779411018 0.001142549561336637 0.001085422118194401 0.001031151041388512 0.0009795934893190861 0.0009306138381361961 0.0008840831578709185 0.0008398789796046913 0.0007978850044310093 0.0007579907542094588 0.000720091222319752 0.0006840866408310831 0.0006498823058791459 0.0006173881702125072 0.0005865187849849463 0.0005571928340941668 0.0005293331923894584 0.0005028665182180703 0.0004777231952175498 0.0004538370412774384 0.0004311451921239495 0.000409587926696986 0.0003891085216309875 0.0003696531057357788 0.000351170456269756 0.0003336119407322258 0.000316931342240423 0.0003010847722180188 0.0002860305248759687 0.0002717289899010211 0.0002581425360403955 0.0002452353946864605 0.0002329736307729036 0.000221324953599833 0.0002102587022818625 0.0001997457729885355 0.0001897584879770875 0.0001802705664886162 0.0001712570374365896 0.0001626941811991856 0.0001545594714116305 0.0001468315022066236 0.0001394899300066754 0.0001325154298683628 0.0001258896518265828 0.0001195951699628495 0.0001136154096457176 0.0001079346402548254 0.0001025379096972756 9.741101530380547e-05 9.254046744899824e-05 8.791344589553773e-05 8.35177706903778e-05 7.934188033686951e-05 7.537478813901544e-05 7.160604582168162e-05 6.802574353059754e-05 6.462445890065283e-05 6.139323522802442e-05 5.832357419421896e-05 5.54073958483059e-05 5.263702769298106e-05 5.000517558073625e-05 4.750491643790156e-05 4.512966916081496e-05 4.287318733986467e-05 4.072952651767991e-05 3.86930514650885e-05 3.675839980132878e-05 3.492047835607082e-05 3.31744558934588e-05 3.151573400828056e-05 2.993994712596759e-05 2.844294976966921e-05 2.702080200833734e-05 2.566976218076888e-05 2.438627416267991e-05 2.316696009074803e-05 2.20086112676654e-05 2.090818088618107e-05 1.98627712961752e-05 1.886963218566962e-05 1.792615148588084e-05 1.702984445728362e-05 1.617835187062155e-05 1.536943454993889e-05 1.460096245864406e-05 1.387091469950974e-05 1.317736860073637e-05 1.25184997159522e-05 1.189257454825565e-05 1.129794600274181e-05 1.073304883902892e-05 1.01963960332796e-05 9.686576049716678e-06 9.202247383655049e-06 8.742134923522826e-06 8.30502813187195e-06 7.889776497904677e-06 7.495287718484178e-06 7.120523150661029e-06 6.764496902178507e-06 6.426272193493787e-06 6.104958629293833e-06 5.799710834253347e-06 5.509725269803312e-06 5.234238869888941e-06 4.972526767232921e-06 4.72390047434601e-06 4.487705609790282e-06 4.263320533937076e-06 4.05015452997759e-06 3.847646894428181e-06 3.655264663393609e-06 3.472501475698664e-06 3.298876436019782e-06 3.133932523269323e-06 0.000188421196071431 0.0005590511136688292 0.001097890082746744 0.00178205338306725 0.00260164518840611 0.00354866567067802 0.004619525279849768 0.005788787268102169 0.007042193319648504 0.008375643752515316 0.00978899747133255 0.01127937156707048 0.01283389236778021 0.01444553956389427 0.01611151732504368 0.01783485151827335 0.01961181312799454 0.02143475040793419 0.02330540493130684 0.02522357739508152 0.02719436772167683 0.02919050678610802 0.03119570389389992 0.03320799395442009 0.03521885350346565 0.03722342103719711 0.03922662138938904 0.04122354835271835 0.04321697354316711 0.04520757496356964 0.04718717187643051 0.04916055500507355 0.05112900584936142 0.05309494212269783 0.05505757033824921 0.05702013149857521 0.05897632613778114 0.06092379987239838 0.06286238878965378 0.06478142738342285 0.06668264418840408 0.06856749206781387 0.07043921947479248 0.07229718565940857 0.07414284348487854 0.07530486583709717 0.07511772960424423 0.07317101955413818 0.06951247155666351 0.06603685021400452 0.06273500621318817 0.05959825590252876 0.0566183440387249 0.05378742516040802 0.0510980524122715 0.04854315146803856 0.04611599445343018 0.04381019622087479 0.0416196882724762 0.03953870385885239 0.03756176680326462
 0 0 0 0 0 0 0 0 0 0 0 0 0 0 0 0 0 0 0 0 0 0 0 0 0 0 0 0 0 0 0 0 0 0 0 0 0 0 0 0 0 0 0 0 0 0 0 0 0 0 0 0 0 0 0 0 0 0 0 0 0 0 0 0 0 0 0 0 0 0 0 0 0 0 0 0 0 0 0 0 0 0 0 0 0 0 0 0 0 0 0 0 0 0 0 0 0 0 0 0 0 0 0 0 0 0 0 0 0 0 0 0 0 0 0 0 0 0 0 0 0 0 0 0 0 0 0 0 0 0 0 0 0 0 0 0 0 0 0 0 0 0 0 0 0 0 0 0 0 0 0 0 0 0 0 0 0 0 0 0 0 0 0 0 0 0 0 0 0 0 0 0 0 0 0 0 0 0 0 0 0 0 0 0 0 0 0 0 0 0 0 0 0 0 0 0 0 0 0 0 0 0 0 0 0 0 0 0 0 0 0 0 0 0 0 0 0 0 0 0 0 0 0 0 0 0 0 0 0 0 0 0 0 0 0 0 0 0 0 0 0 0 0 0 0 0 0 0 0 0 0 0 0 0 0 0 0 0 0 0 0 0 0 0 0 0 0 0 0 0 0 0 0 0 0 0 0 0 0 0 0 0 0 0 0 0 0 0 0 0 0 0 0 0 0 0 0 0 0 0 0 0 0 0 0 0 0 0 0 0 0 0 0 0 0 0 0 0 0 0 0 0 0 0 0 0 0 0 0 0 0 0 0 0 0 0 0 0 0 0 0 0 0 0 0 0 0 0 0 0 0 0 0 0 0 0 0 0 0 0 0 0 0 0 0 0 0 0 0 0 0 0 0 0 0 0 0 0 0 0 0 0 0 0 0 0 0 0 0 0 0 0 0 0 0 0 0 0 0 0 0 0 0 0 0 0 0 0 0 0 0 0 0 0 0 0 0 0 0 0 0 0 0 0 0 0 0 0 0 0 0 0 0 0 0 0 0 0 0 0 0 0 0 0 0 0 0 0 0 0 0 0 0 0 0 0 0 0 0 0 0 0 0 0 0 0 0 0 0 0 0 0 0 0 0 0 0 0 0 0 0 0 0 0 0 0 0 0 0 0 0 0 0 0 0 0 0 0 0 0 0 0 0 0 0 0 0 0 0 0 0 0 0 0 0 0 0 0 0 0 0 0 0 0 0 0 0 0 0 0 0 0 0 0 0 0 0 0 0 0 0 0 0 0 0 0 0 0 0 0 0 0 0 0 0 0 0 0 0 0 0 0 0 0 0 0 0 0 0 0 0 0 0 0 0 0 0 0 0 0 0 0 0 0 0 0 0 0 0 0 0 0 0 0 0 0 0 0 0 0
 0 0 0 0 0 0 0 0 0 0 0 0 0 0 0 0 0 0 0 0 0 0 0 0 0 0 0 0 0 0 0 0 0 0 0 0 0 0 0 0 0 0 0 0 0 0 0 0 0 0 0 0 0 0 0 0 0 0 0 0 0 0 0 0 0 0 0 0 0 0 0 0 0 0 0 0 0 0 0 0 0 0 0 0 0 0 0 0 0 0 0 0 0 0 0 0 0 0 0 0 0 0 0 0 0 0 0 0 0 0 0 0 0 0 0 0 0 0 0 0 0 0 0 0 0 0 0 0 0 0 0 0 0 0 0 0 0 0 0 0 0 0 0 0 0 0 0 0 0 0 0 0 0 0 0 0 0 0 0 0 0 0 0 0 0 0 0 0 0 0 0 0 0 0 0 0 0 0 0 0 0 0 0 0 0 0 0 0 0 0 0 0 0 0 0 0 0 0 0 0 0 0 0 0 0 0 0 0 0 0 0 0 0 0 0 0 0 0 0 0 0 0 0 0 0 0 0 0 0 0 0 0 0 0 0 0 0 0 0 0 0 0 0 0 0 0 0 0 0 0 0 0 0 0 0 0 0 0 0 0 0 0 0 0 0 0 0 0 0 0 0 0 0 0 0 0 0 0 0 0 0 0 0 0 0 0 0 0 0 0 0 0 0 0 0 0 0 0 0 0 0 0 0 0 0 0 0 0 0 0 0 0 0 0 0 0 0 0 0 0 0 0 0 0 0 0 0 0 0 0 0 0 0 0 0 0 0 0 0 0 0 0 0 0 0 0 0 0 0 0 0 0 0 0 0 0 0 0 0 0 0 0 0 0 0 0 0 0 0 0 0 0 0 0 0 0 0 0 0 0 0 0 0 0 0 0 0 0 0 0 0 0 0 0 0 0 0 0 0 0 0 0 0 0 0 0 0 0 0 0 0 0 0 0 0 0 0 0 0 0 0 0 0 0 0 0 0 0 0 0 0 0 0 0 0 0 0 0 0 0 0 0 0 0 0 0 0 0 0 0 0 0 0 0 0 0 0 0 0 0 0 0 0 0 0 0 0 0 0 0 0 0 0 0 0 0 0 0 0 0 0 0 0 0 0 0 0 0 0 0 0 0 0 0 0 0 0 0 0 0 0 0 0 0 0 0 0 0 0 0 0 0 0 0 0 0 0 0 0 0 0 0 0 0 0 0 0 0 0 0 0 0 0 0 0 0 0 0 0 0 0 0 0 0 0 0 0 0 0 0 0 0 0 0 0 0 0 0 0 0 0 0 0 0 0 0 0 0 0 0 0 0 0 0 0 0 0 0 0 0 0 0 0 0 0 0 0 0 0 0 0 0 0 0 0 0 0 0 0 0
 0 0 0 0 0 0 0 0 0 0 0 0 0 0 0 0 0 0 0 0 0 0 0 0 0 0 0 0 0 0 0 0 0 0 0 0 0 0 0 0 0 0 0 0 0 0 0 0 0 0 0 0 0 0 0 0 0 0 0 0 0 0 0 0 0 0 0 0 0 0 0 0 0 0 0 0 0 0 0 0 0 0 0 0 0 0 0 0 0 0 0 0 0 0 0 0 0 0 0 0 0 0 0 0 0 0 0 0 0 0 0 0 0 0 0 0 0 0 0 0 0 0 0 0 0 0 0 0 0 0 0 0 0 0 0 0 0 0 0 0 0 0 0 0 0 0 0 0 0 0 0 0 0 0 0 0 0 0 0 0 0 0 0 0 0 0 0 0 0 0 0 0 0 0 0 0 0 0 0 0 0 0 0 0 0 0 0 0 0 0 0 0 0 0 0 0 0 0 0 0 0 0 0 0 0 0 0 0 0 0 0 0 0 0 0 0 0 0 0 0 0 0 0 0 0 0 0 0 0 0 0 0 0 0 0 0 0 0 0 0 0 0 0 0 0 0 0 0 0 0 0 0 0 0 0 0 0 0 0 0 0 0 0 0 0 0 0 0 0 0 0 0 0 0 0 0 0 0 0 0 0 0 0 0 0 0 0 0 0 0 0 0 0 0 0 0 0 0 0 0 0 0 0 0 0 0 0 0 0 0 0 0 0 0 0 0 0 0 0 0 0 0 0 0 0 0 0 0 0 0 0 0 0 0 0 0 0 0 0 0 0 0 0 0 0 0 0 0 0 0 0 0 0 0 0 0 0 0 0 0 0 0 0 0 0 0 0 0 0 0 0 0 0 0 0 0 0 0 0 0 0 0 0 0 0 0 0 0 0 0 0 0 0 0 0 0 0 0 0 0 0 0 0 0 0 0 0 0 0 0 0 0 0 0 0 0 0 0 0 0 0 0 0 0 0 0 0 0 0 0 0 0 0 0 0 0 0 0 0 0 0 0 0 0 0 0 0 0 0 0 0 0 0 0 0 0 0 0 0 0 0 0 0 0 0 0 0 0 0 0 0 0 0 0 0 0 0 0 0 0 0 0 0 0 0 0 0 0 0 0 0 0 0 0 0 0 0 0 0 0 0 0 0 0 0 0 0 0 0 0 0 0 0 0 0 0 0 0 0 0 0 0 0 0 0 0 0 0 0 0 0 0 0 0 0 0 0 0 0 0 0 0 0 0 0 0 0 0 0 0 0 0 0 0 0 0 0 0 0 0 0 0 0 0 0 0 0 0 0 0 0 0 0 0 0 0 0 0 0 0 0 0 0 0 0 0 0 0 0 0 0 0 0 0 0 0 0 0 0 0
 0 0 0 0 0 0 0 0 0 0 0 0 0 0 0 0 0 0 0 0 0 0 0 0 0 0 0 0 0 0 0 0 0 0 0 0 0 0 0 0 0 0 0 0 0 0 0 0 0 0 0 0 0 0 0 0 0 0 0 0 0 0 0 0 0 0 0 0 0 0 0 0 0 0 0 0 0 0 0 0 0 0 0 0 0 0 0 0 0 0 0 0 0 0 0 0 0 0 0 0 0 0 0 0 0 0 0 0 0 0 0 0 0 0 0 0 0 0 0 0 0 0 0 0 0 0 0 0 0 0 0 0 0 0 0 0 0 0 0 0 0 0 0 0 0 0 0 0 0 0 0 0 0 0 0 0 0 0 0 0 0 0 0 0 0 0 0 0 0 0 0 0 0 0 0 0 0 0 0 0 0 0 0 0 0 0 0 0 0 0 0 0 0 0 0 0 0 0 0 0 0 0 0 0 0 0 0 0 0 0 0 0 0 0 0 0 0 0 0 0 0 0 0 0 0 0 0 0 0 0 0 0 0 0 0 0 0 0 0 0 0 0 0 0 0 0 0 0 0 0 0 0 0 0 0 0 0 0 0 0 0 0 0 0 0 0 0 0 0 0 0 0 0 0 0 0 0 0 0 0 0 0 0 0 0 0 0 0 0 0 0 0 0 0 0.0002135026588803157 0.0007741147419437766 0.00165616674348712 0.00281874043866992 0.004210547544062138 0.005818307865411043 0.007641114760190248 0.009637387469410896 0.01180133689194918 0.01415273733437061 0.01668890565633774 0.01940510794520378 0.0222548209130764 0.02522806636989117 0.0283304750919342 0.03157107904553413 0.03491254895925522 0.03833413869142532 0.04182374477386475 0.04536343365907669 0.04892953112721443 0.0525205172598362 0.05612929910421371 0.05976418033242226 0.0634409636259079 0.06717898696660995 0.07097756117582321 0.07484198361635208 0.07876957207918167 0.08275102823972702 0.0867915153503418 0.09089186042547226 0.09505079686641693 0.09923543781042099 0.1034448817372322 0.1076826080679893 0.1112081184983253 0.113013781607151 0.1124308109283447 0.1090270802378654 0.1035757288336754 0.09839694201946259 0.09347709268331528 0.0888032391667366 0.08436308056116104 0.08014492690563202 0.07613767683506012 0.07233079522848129 0.06871425360441208 0.06527853757143021 0.06201460957527161 0.05891387909650803 0.05596818402409554 0.05316977575421333 0.05051128566265106 0.04798572137951851 0.04558643698692322 0.043307114392519 0.04114175960421562 0.03908467292785645 0.0371304377913475 0.03527391701936722 0.03351022303104401 0.03183471038937569 0.03024297580122948 0.02873082645237446 0.02729428559541702 0.02592957206070423 0.02463309280574322 0.02340143732726574 0.02223136462271214 0.02111979573965073 0.02006380632519722 0.01906061545014381 0.0181075856089592 0.01720220595598221 0.01634209603071213 0.01552499085664749 0.01474874094128609 0.01401130389422178 0.01331073883920908 0.01264520175755024 0.01201294176280499 0.01141229458153248 0.0108416797593236 0.01029959600418806 0.009784616529941559 0.009295385330915451 0.008830616250634193 0.008389085531234741 0.007969630882143974 0.007571149151772261 0.007192591670900583 0.006832961924374104 0.006491313688457012 0.006166747771203518 0.005858410149812698 0.005565489642322063 0.005287215113639832 0.005022854544222355 0.004771711770445108 0.004533126018941402 0.004306469578295946 0.004091145936399698 0.003886588616296649 0.003692259080708027 0.003507646033540368 0.003332263790071011 0.003165650647133589 0.003007368184626102 0.002856999868527055 0.002714149886742234 0.002578442450612783 0.002449520397931337 0.002327044494450092 0.002210692269727588 0.002100157551467419 0.001995149767026305 0.001895392313599586 0.001800622674636543 0.001710591488517821 0.001625061966478825 0.001543808844871819 0.00146661838516593 0.001393287442624569 0.001323623117059469 0.001257441937923431 0.001194569864310324 0.00113484135363251 0.001078099245205522 0.001024194294586778 0.000972984591498971 0.0009243353852070868 0.0008781186188571155 0.0008342126966454089 0.0007925020763650537 0.0007528769783675671 0.0007152331527322531 0.0006794714718125761 0.0006454978720284998 0.0006132230046205223 0.0005825618281960487 0.0005534337251447141 0.0005257620359770954 0.0004994739429093897 0.0004745002370327711 0.0004507752310018986 0.0004282364679966122 0.0004068246344104409 0.0003864834143314511 0.0003671592567116022 0.000348801288055256 0.0003313612251076847 0.0003147931711282581 0.0002990534994751215 0.0002841008245013654 0.0002698957687243819 0.000256400991929695 0.0002435809437884018 0.0002314018929610029 0.0002198317961301655 0.0002088402106892318 0.0001983981928788126 0.0001884782832348719 0.0001790543756214902 0.000170101659023203 0.0001615965738892555 0.0001535167393740267 0.0001458408951293677 0.0001385488430969417 0.0001316214038524777 0.0001250403292942792 0.0001187883099191822 0.000112848894787021 0.0001072064478648826 0.0001018461261992343 9.675382170826197e-05 9.191613207804039e-05 8.732032438274473e-05 8.295430598082021e-05 7.880658813519403e-05 7.486625690944493e-05 7.112294406397268e-05 6.756679795216769e-05 6.41884544165805e-05 6.0979033150943e-05 5.793008313048631e-05 5.503357897396199e-05 5.228189911576919e-05 4.966780397808179e-05 4.718441414297558e-05 4.482519216253422e-05 4.258393164491281e-05 4.045473542646505e-05 3.843199738184921e-05 3.651039878604934e-05 3.468487921054475e-05 3.29506365233101e-05 3.130310506094247e-05 2.973795017169323e-05 2.825105184456334e-05 2.683849925233517e-05 2.549657438066788e-05 2.422174657112919e-05 2.301065978826955e-05 2.186012716265395e-05 2.076712007692549e-05 1.972876452782657e-05 1.874232657428365e-05 1.780521051841788e-05 1.691494981059805e-05 1.606920159247238e-05 1.526574124000035e-05 1.450245417800033e-05 1.377733133267611e-05 1.308846458414337e-05 1.243404130946146e-05 1.181233892566524e-05 1.122172216128092e-05 1.066063578036847e-05 1.01276036730269e-05 9.621223398426082e-06 9.140162546827924e-06 8.683154192112852e-06 8.248996891779825e-06 7.836547410988715e-06 7.444719813065603e-06 7.072483640513383e-06 6.718859367538244e-06 6.382916581060272e-06 6.063770797481993e-06 5.760582098446321e-06 5.472552857099799e-06 5.198925009608502e-06 4.938978690915974e-06 4.692029961006483e-06 4.457428531168262e-06 4.234557309246156e-06 4.022829671157524e-06 3.821688096650178e-06 3.630603714555036e-06 3.44907357430202e-06 3.276619963799021e-06 3.112789045189857e-06 6.731872417731211e-05 0.0003090208047069609 0.0007211487391032279 0.001300425850786269 0.002032323507592082 0.002892228774726391 0.003875022055581212 0.004973361268639565 0.006174254231154919 0.007466789335012436 0.008843389339745045 0.01029939670115709 0.01182989124208689 0.01341839693486691 0.01505296397954226 0.01673497818410397 0.01846184954047203 0.02023223601281643 0.02204673923552036 0.02390755899250507 0.02581640146672726 0.02777024358510971 0.02975500375032425 0.03174048662185669 0.03372666984796524 0.03571537882089615 0.03770218044519424 0.03968469053506851 0.0416673980653286 0.04364537820219994 0.04561872407793999 0.04758588224649429 0.04953999817371368 0.05148964375257492 0.05343527346849442 0.05537702515721321 0.05731609463691711 0.05925393104553223 0.06118642911314964 0.0630951002240181 0.06497845053672791 0.06684447079896927 0.06869268417358398 0.07052283734083176 0.07233849167823792 0.07413997501134872 0.07505824416875839 0.07450513541698456 0.07212449610233307 0.06851827353239059 0.06509236246347427 0.06183774396777153 0.0587458573281765 0.05580856278538704 0.05301813408732414 0.05036722868680954 0.04784886538982391 0.0454564206302166 0.04318359866738319 0.04102442041039467 0.03897320106625557 0.03702454268932343
 0 0 0 0 0 0 0 0 0 0 0 0 0 0 0 0 0 0 0 0 0 0 0 0 0 0 0 0 0 0 0 0 0 0 0 0 0 0 0 0 0 0 0 0 0 0 0 0 0 0 0 0 0 0 0 0 0 0 0 0 0 0 0 0 0 0 0 0 0 0 0 0 0 0 0 0 0 0 0 0 0 0 0 0 0 0 0 0 0 0 0 0 0 0 0 0 0 0 0 0 0 0 0 0 0 0 0 0 0 0 0 0 0 0 0 0 0 0 0 0 0 0 0 0 0 0 0 0 0 0 0 0 0 0 0 0 0 0 0 0 0 0 0 0 0 0 0 0 0 0 0 0 0 0 0 0 0 0 0 0 0 0 0 0 0 0 0 0 0 0 0 0 0 0 0 0 0 0 0 0 0 0 0 0 0 0 0 0 0 0 0 0 0 0 0 0 0 0 0 0 0 0 0 0 0 0 0 0 0 0 0 0 0 0 0 0 0 0 0 0 0 0 0 0 0 0 0 0 0 0 0 0 0 0 0 0 0 0 0 0 0 0 0 0 0 0 0 0 0 0 0 0 0 0 0 0 0 0 0 0 0 0 0 0 0 0 0 0 0 0 0 0 0 0 0 0 0 0 0 0 0 0 0 0 0 0 0 0 0 0 0 0 0 0 0 0 0 0 0 0 0 0 0 0 0 0 0 0 0 0 0 0 0 0 0 0 0 0 0 0 0 0 0 0 0 0 0 0 0 0 0 0 0 0 0 0 0 0 0 0 0 0 0 0 0 0 0 0 0 0 0 0 0 0 0 0 0 0 0 0 0 0 0 0 0 0 0 0 0 0 0 0 0 0 0 0 0 0 0 0 0 0 0 0 0 0 0 0 0 0 0 0 0 0 0 0 0 0 0 0 0 0 0 0 0 0 0 0 0 0 0 0 0 0 0 0 0 0 0 0 0 0 0 0 0 0 0 0 0 0 0 0 0 0 0 0 0 0 0 0 0 0 0 0 0 0 0 0 0 0 0 0 0 0 0 0 0 0 0 0 0 0 0 0 0 0 0 0 0 0 0 0 0 0 0 0 0 0 0 0 0 0 0 0 0 0 0 0 0 0 0 0 0 0 0 0 0 0 0 0 0 0 0 0 0 0 0 0 0 0 0 0 0 0 0 0 0 0 0 0 0 0 0 0 0 0 0 0 0 0 0 0 0 0 0 0 0 0 0 0 0 0 0 0 0 0 0 0 0 0 0 0 0 0 0 0 0 0 0 0 0 0 0 0 0 0 0 0 0 0 0 0 0 0 0 0 0 0 0 0 0 0 0 0 0 0 0 0 0 0 0 0 0 0 0 0 0 0 0 0
 0 0 0 0 0 0 0 0 0 0 0 0 0 0 0 0 0 0 0 0 0 0 0 0 0 0 0 0 0 0 0 0 0 0 0 0 0 0 0 0 0 0 0 0 0 0 0 0 0 0 0 0 0 0 0 0 0 0 0 0 0 0 0 0 0 0 0 0 0 0 0 0 0 0 0 0 0 0 0 0 0 0 0 0 0 0 0 0 0 0 0 0 0 0 0 0 0 0 0 0 0 0 0 0 0 0 0 0 0 0 0 0 0 0 0 0 0 0 0 0 0 0 0 0 0 0 0 0 0 0 0 0 0 0 0 0 0 0 0 0 0 0 0 0 0 0 0 0 0 0 0 0 0 0 0 0 0 0 0 0 0 0 0 0 0 0 0 0 0 0 0 0 0 0 0 0 0 0 0 0 0 0 0 0 0 0 0 0 0 0 0 0 0 0 0 0 0 0 0 0 0 0 0 0 0 0 0 0 0 0 0 0 0 0 0 0 0 0 0 0 0 0 0 0 0 0 0 0 0 0 0 0 0 0 0 0 0 0 0 0 0 0 0 0 0 0 0 0 0 0 0 0 0 0 0 0 0 0 0 0 0 0 0 0 0 0 0 0 0 0 0 0 0 0 0 0 0 0 0 0 0 0 0 0 0 0 0 0 0 0 0 0 0 0 0 0 0 0 0 0 0 0 0 0 0 0 0 0 0 0 0 0 0 0 0 0 0 0 0 0 0 0 0 0 0 0 0 0 0 0 0 0 0 0 0 0 0 0 0 0 0 0 0 0 0 0 0 0 0 0 0 0 0 0 0 0 0 0 0 0 0 0 0 0 0 0 0 0 0 0 0 0 0 0 0 0 0 0 0 0 0 0 0 0 0 0 0 0 0 0 0 0 0 0 0 0 0 0 0 0 0 0 0 0 0 0 0 0 0 0 0 0 0 0 0 0 0 0 0 0 0 0 0 0 0 0 0 0 0 0 0 0 0 0 0 0 0 0 0 0 0 0 0 0 0 0 0 0 0 0 0 0 0 0 0 0 0 0 0 0 0 0 0 0 0 0 0 0 0 0 0 0 0 0 0 0 0 0 0 0 0 0 0 0 0 0 0 0 0 0 0 0 0 0 0 0 0 0 0 0 0 0 0 0 0 0 0 0 0 0 0 0 0 0 0 0 0 0 0 0 0 0 0 0 0 0 0 0 0 0 0 0 0 0 0 0 0 0 0 0 0 0 0 0 0 0 0 0 0 0 0 0 0 0 0 0 0 0 0 0 0 0 0 0 0 0 0 0 0 0 0 0 0 0 0 0 0 0 0 0 0 0 0 0 0 0 0 0 0 0 0 0 0 0 0 0 0 0 0 0


# name: r_0_m8_G0_L0p3_D0p7
# type: matrix
# rows: 1
# columns: 14
 0 -8 0.2 0 0.3 0 -2.686795 0 0 0.03823541957400236 0 133.5 0.5477225575051661 0.7




