# Created by Octave 3.8.2, Mon Jun 19 12:45:22 2017 BST <co1ssj@node117>
# name: result
# type: scalar struct
# ndims: 2
 1 1
# length: 3
# name: params
# type: scalar struct
# ndims: 2
 1 1
# length: 18
# name: cleanup
# type: scalar
0


# name: num_runs
# type: scalar
6


# name: dopamine
# type: scalar
0.7


# name: targetCross
# type: scalar
1


# name: targetLuminance
# type: scalar
0.3


# name: targetWidthX
# type: scalar
6


# name: targetWidthY
# type: scalar
2


# name: fixCross
# type: scalar
1


# name: fixLuminance
# type: scalar
0.2


# name: fixWidthX
# type: scalar
6


# name: fixWidthY
# type: scalar
2


# name: fixOn
# type: scalar
0


# name: targetOff
# type: scalar
1


# name: targetOn
# type: scalar
0.2


# name: fixOff
# type: scalar
0.2


# name: targetThetaX
# type: scalar
0


# name: targetThetaY
# type: scalar
-10


# name: exptnum
# type: scalar
0




# name: r_0_m10_G0_L0p3_D0p7_llbn
# type: matrix
# rows: 24
# columns: 600
 0 0 0 0 0 0 0 0 0 0 0 0 0 0 0 0 0 0 0 0 0 0 0 0 0 0 0 0 0 0 0 0 0 0 0 0 0 0 0 0 0 0 0 0 0 0 0 0 0 0 0 0 0 0 0 0 0 0 0 0 0 0 0 0 0 0 0 0 0 0 0 0 0 0 0 0 0 0 0 0 0 0 0 0 0 0 0 0 0 0 0 0 0 0 0 0 0 0 0 0 0 0 0 0 0 0 0 0 0 0 0 0 0 0 0 0 0 0 0 0 0 0 0 0 0 0 0 0 0 0 0 0 0 0 0 0 0 0 0 0 0 0 0 0 0 0 0 0 0 0 0 0 0 0 0 0 0 0 0 0 0 0 0 0 0 0 0 0 0 0 0 0 0 0 0 0 0 0 0 0 0 0 0 0 0 0 0 0 0 0 0 0 0 0 0 0 0 0 0 0 0 0 0 0 0 0 0 0 0 0 0 0 0 0 0 0 0 0 0 0 0 0 0 0 0 0 0 0 0 0 0 0 0 0 0 0 0 0 0 0 0 0 0 0 0 0 0 0 0 0 0 0 0 0 0 0 0 0 0 0 0 0 0 0 0 0 0 0 0 0 0 0 0 0 0 0 0 0 0 0 0 0 0 0 0 0 0 0 0 0 0 0 0 0 0 0 0 0 0 0 0 0 0 0 0 0 0 0 0 0 0 0 0 0 0 0 0 0 0 0 0 0 0 0 0 0 0 0 0 0 0 0 0 0 0 0 0 0 0 0 0 0 0 0 0 0 0 0 0 0 0 0 0 0 0 0 0 0 0 0 0 0 0 0 0 0 0 0 0 0 0 0 0 0 0 0 0 0 0 0 0 0 0 0 0 0 0 0 0 0 0 0 0 0 0 0 0 0 0 0 0 0 0 0 0 0 0 0 0 0 0 0 0 0 0 0 0 0 0 0 0 0 0 0 0 0 0 0 0 0 0 0 0 0 0 0 0 0 0 0 0 0 0 0 0 0 0 0 0 0 0 0 0 0 0 0 0 0 0 0 0 0 0 0 0 0 0 0 0 0 0 0 0 0 0 0 0 0 0 0 0 0 0 0 0 0 0 0 0 0 0 0 0 0 0 0 0 0 0 0 0 0 0 0 0 0 0 0 0 0 0 0 0 0 0 0 0 0 0 0 0 0 0 0 0 0 0 0 0 0 0 0 0 0 0 0 0 0 0 0 0 0 0 0 0 0 0 0 0 0 0 0 0 0 0 0 0 0 0 0 0 0 0 0 0 0 0 0 0 0 0 0 0 0 0 0 0 0 0 0 0 0 0 0 0 0 0 0 0 0 0 0 0 0 0 0 0 0 0 0
 0 0 0 0 0 0 0 0 0 0 0 0 0 0 0 0 0 0 0 0 0 0 0 0 0 0 0 0 0 0 0 0 0 0 0 0 0 0 0 0 0 0 0 0 0 0 0 0 0 0 0 0 0 0 0 0 0 0 0 0 0 0 0 0 0 0 0 0 0 0 0 0 0 0 0 0 0 0 0 0 0 0 0 0 0 0 0 0 0 0 0 0 0 0 0 0 0 0 0 0 0 0 0 0 0 0 0 0 0 0 0 0 0 0 0 0 0 0 0 0 0 0 0 0 0 0 0 0 0 0 0 0 0 0 0 0 0 0 0 0 0 0 0 0 0 0 0 0 0 0 0 0 0 0 0 0 0 0 0 0 0 0 0 0 0 0 0 0 0 0 0 0 0 0 0 0 0 0 0 0 0 0 0 0 0 0 0 0 0 0 0 0 0 0 0 0 0 0 0 0 0 0 0 0 0 0 0 0 0 0 0 0 0 0 0 0 0 0 0 0 0 0 0 0 0 0 0 0 0 0 0 0 0 0 0 0 0 0 0 0 0 0 0 0 0 0 0 0 0 0 0 0 0 0 0 0 0 0 0 0 0 0 0 0 0 0 0 0 0 0 0 0 0 0 0.0002061637787846848 0.0008053247001953423 0.0018239242490381 0.003272024681791663 0.00516194012016058 0.007461815141141415 0.01015716418623924 0.0132353650406003 0.01670200005173683 0.02050268836319447 0.02453824132680893 0.02877816185355186 0.03321529552340508 0.03783485665917397 0.04260234907269478 0.04752031713724136 0.05257802456617355 0.0577843114733696 0.06316153705120087 0.06872621178627014 0.07448923587799072 0.08037542551755905 0.0863790288567543 0.09247798472642899 0.09862038493156433 0.1048313230276108 0.1110712066292763 0.1173373460769653 0.123585432767868 0.1297673881053925 0.1358919143676758 0.1419815421104431 0.1467001438140869 0.1488768011331558 0.1477598994970322 0.142891988158226 0.1357473880052567 0.1289600133895874 0.122512012720108 0.1163864135742188 0.1105670928955078 0.1050387397408485 0.09978680312633514 0.09479746222496033 0.09005758911371231 0.08555471152067184 0.08127697557210922 0.07721312344074249 0.07335247099399567 0.06968484818935394 0.06620060652494431 0.06289057433605194 0.05974604561924934 0.05675874277949333 0.05392080545425415 0.05122476443648338 0.04866352677345276 0.04623034968972206 0.04391883313655853 0.04172288998961449 0.03963674604892731 0.03765491023659706 0.0357721634209156 0.03398355469107628 0.03228437528014183 0.03067015670239925 0.029136648401618 0.02767981588840485 0.02629582583904266 0.02498103491961956 0.02373198233544827 0.02254538238048553 0.02141811326146126 0.02034720778465271 0.0193298477679491 0.01836335472762585 0.01744518615305424 0.01657292619347572 0.01574428007006645 0.0149570656940341 0.0142092127352953 0.0134987523779273 0.01282381452620029 0.01218262407928705 0.0115734925493598 0.01099481806159019 0.01044507697224617 0.009922822937369347 0.009426681324839592 0.00895534735172987 0.008507579565048218 0.008082200773060322 0.00767809059470892 0.007294185925275087 0.006929476745426655 0.006583002861589193 0.006253852508962154 0.005941160023212433 0.005644102115184069 0.005361896939575672 0.005093802232295275 0.004839112050831318 0.004597156308591366 0.004367298446595669 0.004148933570832014 0.003941487055271864 0.003744412679225206 0.003557192161679268 0.003379332600161433 0.003210366005077958 0.003049847669899464 0.002897355239838362 0.002752487547695637 0.002614863216876984 0.002484119962900877 0.00235991389490664 0.002241918118670583 0.002129822270944715 0.002023331122472882 0.00192216457799077 0.001826056395657361 0.001734753604978323 0.001648015924729407 0.001565615180879831 0.001487334375269711 0.001412967685610056 0.001342319301329553 0.001275203307159245 0.00121144310105592 0.001150870928540826 0.001093327417038381 0.001038660993799567 0.0009867278859019279 0.0009373914799652994 0.0008905219146981835 0.0008459958480671048 0.0008036960498429835 0.000763511226978153 0.0007253356743603945 0.0006890688673593104 0.0006546154036186635 0.0006218846538104117 0.000590790412388742 0.000561250897590071 0.0005331883439794183 0.0005065289442427456 0.0004812024999409914 0.0004571423633024096 0.000434285233495757 0.0004125709820073098 0.0003919424198102206 0.000372345297364518 0.0003537280426826328 0.0003360416449140757 0.0003192395670339465 0.0003032776003237814 0.0002881137188524008 0.0002737080212682486 0.00026002261438407 0.0002470214967615902 0.0002346704277442768 0.0002229369129054248 0.0002117900730809197 0.000201200571609661 0.0001911405415739864 0.0001815835130400956 0.0001725043402984738 0.0001638791291043162 0.0001556851784698665 0.0001479009224567562 0.0001405058719683439 0.0001334805856458843 0.000126806553453207 0.0001204662257805467 0.0001144429115811363 0.0001087207638192922 0.0001032847285387106 9.81204939307645e-05 9.321446850663051e-05 8.85537447175011e-05 8.412605529883876e-05 7.991975144250318e-05 7.592376641696319e-05 7.212757918750867e-05 6.852119986433536e-05 6.509514059871435e-05 6.184038647916168e-05 5.874836642760783e-05 5.581094956141897e-05 5.30204015376512e-05 5.036938091507182e-05 4.785091005032882e-05 4.54583641840145e-05 4.318544597481377e-05 4.102617458556779e-05 3.897486749337986e-05 3.702612593770027e-05 3.517482036841102e-05 3.341607953188941e-05 3.174527591909282e-05 3.015801121364348e-05 2.865011083486024e-05 2.721760574786458e-05 2.585672518762294e-05 2.456388938298915e-05 2.333569500478916e-05 2.216890970885288e-05 2.106046486005653e-05 2.000744098040741e-05 1.900706956803333e-05 1.805671672627795e-05 1.715388134471141e-05 1.629618782317266e-05 1.548137879581191e-05 1.470730967412237e-05 1.397194409946678e-05 1.327334666711977e-05 1.260967928828904e-05 1.197919573314721e-05 1.138023617386352e-05 1.081122445611982e-05 1.027066355163697e-05 9.757130101206712e-06 9.269273505196907e-06 8.805809557088651e-06 8.365519533981569e-06 7.947243830130901e-06 7.549881502200151e-06 7.172387540776981e-06 6.813768322899705e-06 6.473079793067882e-06 6.149425644252915e-06 5.841954589413945e-06 5.549856723519042e-06 5.27236397829256e-06 5.008745574741624e-06 4.758308477903483e-06 4.520392849372001e-06 4.294373411539709e-06 4.079654900124297e-06 3.875672064168612e-06 3.681888529172284e-06 3.497794068607618e-06 3.322904376545921e-06 3.156759248668095e-06 2.998921218022588e-06 2.848975100278039e-06 2.706526402107556e-06 2.571200184320332e-06 2.442640152366948e-06 2.32050820159202e-06 2.20448282561847e-06 2.094258661600179e-06 1.989545808100956e-06 1.89006846085249e-06 1.795565026441182e-06 1.705786758066097e-06 1.62049741447845e-06 1.539472577860579e-06 1.462498971704917e-06 1.389374006066646e-06 1.319905322816339e-06 1.253910113518941e-06 1.191214550999575e-06 1.131653789343545e-06 1.075071054401633e-06 1.021317530103261e-06 9.702516763354652e-07 9.217391152560594e-07 8.756521765462821e-07 8.318695563502843e-07 7.902760899014538e-07 7.507622967750649e-07 7.132241535146022e-07 6.775629231015046e-07 6.436847570512327e-07 6.11500524883013e-07 5.809254730593238e-07 5.518792249858961e-07 5.242852694209432e-07 4.980710173185798e-07 4.73167460768309e-07 4.495090877298935e-07 4.270336262379715e-07 4.056819307152182e-07 3.853978398637992e-07 3.661279492916947e-07 3.478215546692809e-07 3.304304811990733e-07 3.139089699288888e-07 2.982135356432991e-07 2.833028531767923e-07 2.691377005703544e-07 2.556808169629221e-07 2.428967889045452e-07 2.307519508804035e-07 2.19214356889097e-07 2.082536383340994e-07 1.978409613911936e-07 1.879489133216339e-07 1.785514740504368e-07 0.0002004179550567642 0.0006281004752963781 0.001277079805731773 0.002094797324389219 0.0030780213419348 0.004198016133159399 0.005451035685837269 0.006836495362222195 0.00834270752966404 0.009958709590137005 0.01167765725404024 0.0134883988648653 0.01538935862481594 0.01737590506672859 0.01944615319371223 0.02157703787088394 0.0237483773380518 0.02593538351356983 0.02812825702130795 0.03033103235065937 0.032546766102314 0.03477398306131363 0.03699997439980507 0.039229366928339 0.04146448150277138
 0 0 0 0 0 0 0 0 0 0 0 0 0 0 0 0 0 0 0 0 0 0 0 0 0 0 0 0 0 0 0 0 0 0 0 0 0 0 0 0 0 0 0 0 0 0 0 0 0 0 0 0 0 0 0 0 0 0 0 0 0 0 0 0 0 0 0 0 0 0 0 0 0 0 0 0 0 0 0 0 0 0 0 0 0 0 0 0 0 0 0 0 0 0 0 0 0 0 0 0 0 0 0 0 0 0 0 0 0 0 0 0 0 0 0 0 0 0 0 0 0 0 0 0 0 0 0 0 0 0 0 0 0 0 0 0 0 0 0 0 0 0 0 0 0 0 0 0 0 0 0 0 0 0 0 0 0 0 0 0 0 0 0 0 0 0 0 0 0 0 0 0 0 0 0 0 0 0 0 0 0 0 0 0 0 0 0 0 0 0 0 0 0 0 0 0 0 0 0 0 0 0 0 0 0 0 0 0 0 0 0 0 0 0 0 0 0 0 0 0 0 0 0 0 0 0 0 0 0 0 0 0 0 0 0 0 0 0 0 0 0 0 0 0 0 0 0 0 0 0 0 0 0 0 0 0 0 0 0 0 0 0 0 0 0 0 0 0 0 0 0 0 0 0 0 0 0 0 0 0 0 0 0 0 0 0 0 0 0 0 0 0 0 0 0 0 0 0 0 0 0 0 0 0 0 0 0 0 0 0 0 0 0 0 0 0 0 0 0 0 0 0 0 0 0 0 0 0 0 0 0 0 0 0 0 0 0 0 0 0 0 0 0 0 0 0 0 0 0 0 0 0 0 0 0 0 0 0 0 0 0 0 0 0 0 0 0 0 0 0 0 0 0 0 0 0 0 0 0 0 0 0 0 0 0 0 0 0 0 0 0 0 0 0 0 0 0 0 0 0 0 0 0 0 0 0 0 0 0 0 0 0 0 0 0 0 0 0 0 0 0 0 0 0 0 0 0 0 0 0 0 0 0 0 0 0 0 0 0 0 0 0 0 0 0 0 0 0 0 0 0 0 0 0 0 0 0 0 0 0 0 0 0 0 0 0 0 0 0 0 0 0 0 0 0 0 0 0 0 0 0 0 0 0 0 0 0 0 0 0 0 0 0 0 0 0 0 0 0 0 0 0 0 0 0 0 0 0 0 0 0 0 0 0 0 0 0 0 0 0 0 0 0 0 0 0 0 0 0 0 0 0 0 0 0 0 0 0 0 0 0 0 0 0 0 0 0 0 0 0 0 0 0 0 0 0 0 0 0 0 0 0 0 0 0 0 0 0 0 0 0 0 0 0 0 0 0 0 0 0 0 0 0 0 0 0 0 0 0 0 0 0 0 0 0 0 0 0 0 0
 0 0 0 0 0 0 0 0 0 0 0 0 0 0 0 0 0 0 0 0 0 0 0 0 0 0 0 0 0 0 0 0 0 0 0 0 0 0 0 0 0 0 0 0 0 0 0 0 0 0 0 0 0 0 0 0 0 0 0 0 0 0 0 0 0 0 0 0 0 0 0 0 0 0 0 0 0 0 0 0 0 0 0 0 0 0 0 0 0 0 0 0 0 0 0 0 0 0 0 0 0 0 0 0 0 0 0 0 0 0 0 0 0 0 0 0 0 0 0 0 0 0 0 0 0 0 0 0 0 0 0 0 0 0 0 0 0 0 0 0 0 0 0 0 0 0 0 0 0 0 0 0 0 0 0 0 0 0 0 0 0 0 0 0 0 0 0 0 0 0 0 0 0 0 0 0 0 0 0 0 0 0 0 0 0 0 0 0 0 0 0 0 0 0 0 0 0 0 0 0 0 0 0 0 0 0 0 0 0 0 0 0 0 0 0 0 0 0 0 0 0 0 0 0 0 0 0 0 0 0 0 0 0 0 0 0 0 0 0 0 0 0 0 0 0 0 0 0 0 0 0 0 0 0 0 0 0 0 0 0 0 0 0 0 0 0 0 0 0 0 0 0 0 0 0 0 0 0 0 0 0 0 0 0 0 0 0 0 0 0 0 0 0 0 0 0 0 0 0 0 0 0 0 0 0 0 0 0 0 0 0 0 0 0 0 0 0 0 0 0 0 0 0 0 0 0 0 0 0 0 0 0 0 0 0 0 0 0 0 0 0 0 0 0 0 0 0 0 0 0 0 0 0 0 0 0 0 0 0 0 0 0 0 0 0 0 0 0 0 0 0 0 0 0 0 0 0 0 0 0 0 0 0 0 0 0 0 0 0 0 0 0 0 0 0 0 0 0 0 0 0 0 0 0 0 0 0 0 0 0 0 0 0 0 0 0 0 0 0 0 0 0 0 0 0 0 0 0 0 0 0 0 0 0 0 0 0 0 0 0 0 0 0 0 0 0 0 0 0 0 0 0 0 0 0 0 0 0 0 0 0 0 0 0 0 0 0 0 0 0 0 0 0 0 0 0 0 0 0 0 0 0 0 0 0 0 0 0 0 0 0 0 0 0 0 0 0 0 0 0 0 0 0 0 0 0 0 0 0 0 0 0 0 0 0 0 0 0 0 0 0 0 0 0 0 0 0 0 0 0 0 0 0 0 0 0 0 0 0 0 0 0 0 0 0 0 0 0 0 0 0 0 0 0 0 0 0 0 0 0 0 0 0 0 0 0 0 0 0 0 0 0 0 0 0 0 0 0 0 0 0 0 0 0 0 0 0 0 0 0 0 0 0 0 0 0 0 0 0 0
 0 0 0 0 0 0 0 0 0 0 0 0 0 0 0 0 0 0 0 0 0 0 0 0 0 0 0 0 0 0 0 0 0 0 0 0 0 0 0 0 0 0 0 0 0 0 0 0 0 0 0 0 0 0 0 0 0 0 0 0 0 0 0 0 0 0 0 0 0 0 0 0 0 0 0 0 0 0 0 0 0 0 0 0 0 0 0 0 0 0 0 0 0 0 0 0 0 0 0 0 0 0 0 0 0 0 0 0 0 0 0 0 0 0 0 0 0 0 0 0 0 0 0 0 0 0 0 0 0 0 0 0 0 0 0 0 0 0 0 0 0 0 0 0 0 0 0 0 0 0 0 0 0 0 0 0 0 0 0 0 0 0 0 0 0 0 0 0 0 0 0 0 0 0 0 0 0 0 0 0 0 0 0 0 0 0 0 0 0 0 0 0 0 0 0 0 0 0 0 0 0 0 0 0 0 0 0 0 0 0 0 0 0 0 0 0 0 0 0 0 0 0 0 0 0 0 0 0 0 0 0 0 0 0 0 0 0 0 0 0 0 0 0 0 0 0 0 0 0 0 0 0 0 0 0 0 0 0 0 0 0 0 0 0 0 0 0 0 0 0 0 0 0 0 0 0 0 0 0 0 0 0 0 0 0 0 0 0 0 0 0 0 0 0 0 0 0 0 0 0 0 0 0 0 0 0 0 0 0 0 0 0 0 0 0 0 0 0 0 0 0 0 0 0 0 0 0 0 0 0 0 0 0 0 0 0 0 0 0 0 0 0 0 0 0 0 0 0 0 0 0 0 0 0 0 0 0 0 0 0 0 0 0 0 0 0 0 0 0 0 0 0 0 0 0 0 0 0 0 0 0 0 0 0 0 0 0 0 0 0 0 0 0 0 0 0 0 0 0 0 0 0 0 0 0 0 0 0 0 0 0 0 0 0 0 0 0 0 0 0 0 0 0 0 0 0 0 0 0 0 0 0 0 0 0 0 0 0 0 0 0 0 0 0 0 0 0 0 0 0 0 0 0 0 0 0 0 0 0 0 0 0 0 0 0 0 0 0 0 0 0 0 0 0 0 0 0 0 0 0 0 0 0 0 0 0 0 0 0 0 0 0 0 0 0 0 0 0 0 0 0 0 0 0 0 0 0 0 0 0 0 0 0 0 0 0 0 0 0 0 0 0 0 0 0 0 0 0 0 0 0 0 0 0 0 0 0 0 0 0 0 0 0 0 0 0 0 0 0 0 0 0 0 0 0 0 0 0 0 0 0 0 0 0 0 0 0 0 0 0 0 0 0 0 0 0 0 0 0 0 0 0 0 0 0 0 0 0 0 0 0 0 0 0 0 0 0 0 0 0
 0 0 0 0 0 0 0 0 0 0 0 0 0 0 0 0 0 0 0 0 0 0 0 0 0 0 0 0 0 0 0 0 0 0 0 0 0 0 0 0 0 0 0 0 0 0 0 0 0 0 0 0 0 0 0 0 0 0 0 0 0 0 0 0 0 0 0 0 0 0 0 0 0 0 0 0 0 0 0 0 0 0 0 0 0 0 0 0 0 0 0 0 0 0 0 0 0 0 0 0 0 0 0 0 0 0 0 0 0 0 0 0 0 0 0 0 0 0 0 0 0 0 0 0 0 0 0 0 0 0 0 0 0 0 0 0 0 0 0 0 0 0 0 0 0 0 0 0 0 0 0 0 0 0 0 0 0 0 0 0 0 0 0 0 0 0 0 0 0 0 0 0 0 0 0 0 0 0 0 0 0 0 0 0 0 0 0 0 0 0 0 0 0 0 0 0 0 0 0 0 0 0 0 0 0 0 0 0 0 0 0 0 0 0 0 0 0 0 0 0 0 0 0 0 0 0 0 0 0 0 0 0 0 0 0 0 0 0 0 0 0 0 0 0 0 0 0 0 0 0 0 0 0 0 0 0 0 0 0 0 0 0 0 0 0 0 0 0 0 0 0 0 0 0 5.693752245861106e-05 0.0005066473968327045 0.001375162973999977 0.002673584502190351 0.004414836876094341 0.006609534844756126 0.009215853177011013 0.01220879424363375 0.01558712963014841 0.01927434839308262 0.02323943935334682 0.02745464630424976 0.03186029195785522 0.03642730414867401 0.04114723578095436 0.04603219777345657 0.05109512433409691 0.05631682276725769 0.06171539425849915 0.06731628626585007 0.07313055545091629 0.0791434720158577 0.08526250720024109 0.09142926335334778 0.09764492511749268 0.103887215256691 0.110126718878746 0.116377979516983 0.1225588992238045 0.1286807954311371 0.134760245680809 0.1407897621393204 0.1458209753036499 0.1485349088907242 0.1480970531702042 0.1439906507730484 0.1367911249399185 0.1299515664577484 0.1234539896249771 0.1172812879085541 0.1114172264933586 0.1058463677763939 0.1005540490150452 0.09552634507417679 0.09075003117322922 0.08621253073215485 0.0819019079208374 0.07780681550502777 0.0739164724946022 0.07022064924240112 0.06670961529016495 0.06337413191795349 0.06020542606711388 0.05719515308737755 0.05433539673686028 0.05161862820386887 0.04903769493103027 0.0465858094394207 0.04425651952624321 0.04204369336366653 0.03994150832295418 0.03794443234801292 0.03604720905423164 0.0342448502779007 0.03253260627388954 0.03090597689151764 0.02936067804694176 0.02789264358580112 0.02649801224470139 0.02517311088740826 0.02391445450484753 0.02271873131394386 0.02158279530704021 0.02050365507602692 0.01947847194969654 0.018504548817873 0.01757932081818581 0.01670035533607006 0.01586533710360527 0.01507207006216049 0.01431846618652344 0.01360254269093275 0.01292241550981998 0.01227629464119673 0.01166247949004173 0.01107935514301062 0.01052538771182299 0.009999118745326996 0.009499162435531616 0.009024204686284065 0.008572994731366634 0.008144345134496689 0.007737128064036369 0.007350271567702293 0.006982758175581694 0.006633620243519545 0.006301939021795988 0.005986841861158609 0.005687499884516001 0.00540312472730875 0.005132968537509441 0.004876320250332355 0.004632504191249609 0.004400879144668579 0.004180835094302893 0.003971793223172426 0.003773203585296869 0.003584543475881219 0.003405316267162561 0.003235050477087498 0.003073297906666994 0.002919632941484451 0.002773651387542486 0.002634968841448426 0.002503220457583666 0.002378059551119804 0.002259156666696072 0.002146198879927397 0.002038888866081834 0.001936944434419274 0.001840097247622907 0.001748092356137931 0.001660687732510269 0.001577653340063989 0.001498770667240024 0.001423832145519555 0.001352640567347407 0.00128500850405544 0.001220758073031902 0.001159720122814178 0.00110173411667347 0.00104664743412286 0.0009943150216713548 0.0009445992764085531 0.0008973692893050611 0.0008525008452124894 0.0008098757825791836 0.0007693819934502244 0.0007309128995984793 0.0006943672779016197 0.0006596489110961556 0.000626666471362114 0.0005953331710770726 0.0005655665299855173 0.0005372882005758584 0.0005104237934574485 0.0004849026154261082 0.0004606574948411435 0.0004376246070023626 0.0004157433868385851 0.0003949562087655067 0.0003752083866856992 0.0003564479702617973 0.0003386255702935159 0.0003216943005099893 0.0003056095738429576 0.0002903291024267673 0.0002758126356638968 0.0002620220184326172 0.0002489209291525185 0.0002364748797845095 0.0002246511285193264 0.0002134185779141262 0.0002027476439252496 0.000192610255908221 0.0001829797402024269 0.0001738307473715395 0.000165139208547771 0.0001568822481203824 0.0001490381400799379 0.0001415862352587283 0.0001345069176750258 0.0001277815754292533 0.0001213924988405779 0.0001153228731709532 0.0001095567276934162 0.0001040788920363411 9.887494525173679e-05 9.393120126333088e-05 8.923464338295162e-05 8.477290975861251e-05 8.053426427068189e-05 7.65075528761372e-05 7.268217450473458e-05 6.904806650709361e-05 6.559566099895164e-05 6.231587758520618e-05 5.920008334214799e-05 5.624007826554589e-05 5.342807344277389e-05 5.075666922493838e-05 4.821883703698404e-05 4.580789391184226e-05 4.351749885245226e-05 4.134162372793071e-05 3.927454235963523e-05 3.731081596924923e-05 3.544527498888783e-05 3.367301178514026e-05 3.198936246917583e-05 3.03898941638181e-05 2.887039954657666e-05 2.742687865975313e-05 2.605553527246229e-05 2.475275869073812e-05 2.351512011955492e-05 2.233936356788035e-05 2.122239493473899e-05 2.016127473325469e-05 1.915321081469301e-05 1.819555109250359e-05 1.728577262838371e-05 1.64214834512677e-05 1.560040982440114e-05 1.48203889693832e-05 1.407936906616669e-05 1.337540015811101e-05 1.270663051400334e-05 1.207129935210105e-05 1.146773411164759e-05 1.089434772438835e-05 1.034963042911841e-05 9.832148862187751e-06 9.340541510027833e-06 8.873514161678031e-06 8.429838089796249e-06 8.008346412680112e-06 7.607929092046106e-06 7.227532478282228e-06 6.866155672469176e-06 6.522847797896247e-06 6.19670527157723e-06 5.886869985261001e-06 5.592526576947421e-06 5.31290015715058e-06 5.047254944656743e-06 4.794891992787598e-06 4.55514737041085e-06 4.32738988820347e-06 4.111020189156989e-06 3.905469384335447e-06 3.71019586964394e-06 3.52468600794964e-06 3.348451627971372e-06 3.181029114784906e-06 3.021977590833558e-06 2.870878688554512e-06 2.727334731389419e-06 2.590968051663367e-06 2.461419626342831e-06 2.338348622288322e-06 2.221431259386009e-06 2.110359673679341e-06 2.004841689995374e-06 1.904599571389554e-06 1.809369564398366e-06 1.718901103231474e-06 1.632956013963849e-06 1.551308173475263e-06 1.473742713642423e-06 1.400055566591618e-06 1.330052782577695e-06 1.263550188923546e-06 1.200372707899078e-06 1.140354015660705e-06 1.08333631487767e-06 1.02916953892418e-06 9.777110108188936e-07 9.288254432249232e-07 8.823841426419676e-07 8.382649525628949e-07 7.963516850395536e-07 7.565341206827725e-07 7.187074402281723e-07 6.82772054005909e-07 6.48633431410417e-07 6.162017598398961e-07 5.853916604792175e-07 5.561220746130857e-07 5.283159794089443e-07 5.019001605433004e-07 4.768051553583064e-07 4.529649118012458e-07 4.303166747376963e-07 4.088008438429824e-07 3.883608030719188e-07 3.689427501285536e-07 3.504956112010404e-07 3.329708420096722e-07 3.163223141200433e-07 3.005062012562121e-07 2.854808940355724e-07 2.712068578603066e-07 2.576465192305477e-07 2.447641804792511e-07 2.325259771396304e-07 2.208996789931916e-07 2.098546900697329e-07 1.993619491713616e-07 1.893938588182209e-07 1.799241715616517e-07 0.0001852002314990386 0.000595997495111078 0.001194095588289201 0.001965348143130541 0.002889044350013137 0.003951327409595251 0.005146894603967667 0.006472369655966759 0.007916894741356373 0.009477050043642521 0.01115322671830654 0.01293680630624294 0.01481806486845016 0.01678410172462463 0.0188214760273695 0.02091026864945889 0.02303718216717243 0.02520163357257843 0.02738070301711559 0.02957146801054478 0.03177399188280106 0.03398533910512924 0.03620742633938789 0.03842751681804657 0.04064519330859184
 0 0 0 0 0 0 0 0 0 0 0 0 0 0 0 0 0 0 0 0 0 0 0 0 0 0 0 0 0 0 0 0 0 0 0 0 0 0 0 0 0 0 0 0 0 0 0 0 0 0 0 0 0 0 0 0 0 0 0 0 0 0 0 0 0 0 0 0 0 0 0 0 0 0 0 0 0 0 0 0 0 0 0 0 0 0 0 0 0 0 0 0 0 0 0 0 0 0 0 0 0 0 0 0 0 0 0 0 0 0 0 0 0 0 0 0 0 0 0 0 0 0 0 0 0 0 0 0 0 0 0 0 0 0 0 0 0 0 0 0 0 0 0 0 0 0 0 0 0 0 0 0 0 0 0 0 0 0 0 0 0 0 0 0 0 0 0 0 0 0 0 0 0 0 0 0 0 0 0 0 0 0 0 0 0 0 0 0 0 0 0 0 0 0 0 0 0 0 0 0 0 0 0 0 0 0 0 0 0 0 0 0 0 0 0 0 0 0 0 0 0 0 0 0 0 0 0 0 0 0 0 0 0 0 0 0 0 0 0 0 0 0 0 0 0 0 0 0 0 0 0 0 0 0 0 0 0 0 0 0 0 0 0 0 0 0 0 0 0 0 0 0 0 0 0 0 0 0 0 0 0 0 0 0 0 0 0 0 0 0 0 0 0 0 0 0 0 0 0 0 0 0 0 0 0 0 0 0 0 0 0 0 0 0 0 0 0 0 0 0 0 0 0 0 0 0 0 0 0 0 0 0 0 0 0 0 0 0 0 0 0 0 0 0 0 0 0 0 0 0 0 0 0 0 0 0 0 0 0 0 0 0 0 0 0 0 0 0 0 0 0 0 0 0 0 0 0 0 0 0 0 0 0 0 0 0 0 0 0 0 0 0 0 0 0 0 0 0 0 0 0 0 0 0 0 0 0 0 0 0 0 0 0 0 0 0 0 0 0 0 0 0 0 0 0 0 0 0 0 0 0 0 0 0 0 0 0 0 0 0 0 0 0 0 0 0 0 0 0 0 0 0 0 0 0 0 0 0 0 0 0 0 0 0 0 0 0 0 0 0 0 0 0 0 0 0 0 0 0 0 0 0 0 0 0 0 0 0 0 0 0 0 0 0 0 0 0 0 0 0 0 0 0 0 0 0 0 0 0 0 0 0 0 0 0 0 0 0 0 0 0 0 0 0 0 0 0 0 0 0 0 0 0 0 0 0 0 0 0 0 0 0 0 0 0 0 0 0 0 0 0 0 0 0 0 0 0 0 0 0 0 0 0 0 0 0 0 0 0 0 0 0 0 0 0 0 0 0 0 0 0 0 0 0 0 0 0 0 0 0 0 0 0 0 0 0 0 0 0 0
 0 0 0 0 0 0 0 0 0 0 0 0 0 0 0 0 0 0 0 0 0 0 0 0 0 0 0 0 0 0 0 0 0 0 0 0 0 0 0 0 0 0 0 0 0 0 0 0 0 0 0 0 0 0 0 0 0 0 0 0 0 0 0 0 0 0 0 0 0 0 0 0 0 0 0 0 0 0 0 0 0 0 0 0 0 0 0 0 0 0 0 0 0 0 0 0 0 0 0 0 0 0 0 0 0 0 0 0 0 0 0 0 0 0 0 0 0 0 0 0 0 0 0 0 0 0 0 0 0 0 0 0 0 0 0 0 0 0 0 0 0 0 0 0 0 0 0 0 0 0 0 0 0 0 0 0 0 0 0 0 0 0 0 0 0 0 0 0 0 0 0 0 0 0 0 0 0 0 0 0 0 0 0 0 0 0 0 0 0 0 0 0 0 0 0 0 0 0 0 0 0 0 0 0 0 0 0 0 0 0 0 0 0 0 0 0 0 0 0 0 0 0 0 0 0 0 0 0 0 0 0 0 0 0 0 0 0 0 0 0 0 0 0 0 0 0 0 0 0 0 0 0 0 0 0 0 0 0 0 0 0 0 0 0 0 0 0 0 0 0 0 0 0 0 0 0 0 0 0 0 0 0 0 0 0 0 0 0 0 0 0 0 0 0 0 0 0 0 0 0 0 0 0 0 0 0 0 0 0 0 0 0 0 0 0 0 0 0 0 0 0 0 0 0 0 0 0 0 0 0 0 0 0 0 0 0 0 0 0 0 0 0 0 0 0 0 0 0 0 0 0 0 0 0 0 0 0 0 0 0 0 0 0 0 0 0 0 0 0 0 0 0 0 0 0 0 0 0 0 0 0 0 0 0 0 0 0 0 0 0 0 0 0 0 0 0 0 0 0 0 0 0 0 0 0 0 0 0 0 0 0 0 0 0 0 0 0 0 0 0 0 0 0 0 0 0 0 0 0 0 0 0 0 0 0 0 0 0 0 0 0 0 0 0 0 0 0 0 0 0 0 0 0 0 0 0 0 0 0 0 0 0 0 0 0 0 0 0 0 0 0 0 0 0 0 0 0 0 0 0 0 0 0 0 0 0 0 0 0 0 0 0 0 0 0 0 0 0 0 0 0 0 0 0 0 0 0 0 0 0 0 0 0 0 0 0 0 0 0 0 0 0 0 0 0 0 0 0 0 0 0 0 0 0 0 0 0 0 0 0 0 0 0 0 0 0 0 0 0 0 0 0 0 0 0 0 0 0 0 0 0 0 0 0 0 0 0 0 0 0 0 0 0 0 0 0 0 0 0 0 0 0 0 0 0 0 0 0 0 0 0 0 0 0 0 0 0 0 0 0
 0 0 0 0 0 0 0 0 0 0 0 0 0 0 0 0 0 0 0 0 0 0 0 0 0 0 0 0 0 0 0 0 0 0 0 0 0 0 0 0 0 0 0 0 0 0 0 0 0 0 0 0 0 0 0 0 0 0 0 0 0 0 0 0 0 0 0 0 0 0 0 0 0 0 0 0 0 0 0 0 0 0 0 0 0 0 0 0 0 0 0 0 0 0 0 0 0 0 0 0 0 0 0 0 0 0 0 0 0 0 0 0 0 0 0 0 0 0 0 0 0 0 0 0 0 0 0 0 0 0 0 0 0 0 0 0 0 0 0 0 0 0 0 0 0 0 0 0 0 0 0 0 0 0 0 0 0 0 0 0 0 0 0 0 0 0 0 0 0 0 0 0 0 0 0 0 0 0 0 0 0 0 0 0 0 0 0 0 0 0 0 0 0 0 0 0 0 0 0 0 0 0 0 0 0 0 0 0 0 0 0 0 0 0 0 0 0 0 0 0 0 0 0 0 0 0 0 0 0 0 0 0 0 0 0 0 0 0 0 0 0 0 0 0 0 0 0 0 0 0 0 0 0 0 0 0 0 0 0 0 0 0 0 0 0 0 0 0 0 0 0 0 0 0 0 0 0 0 0 0 0 0 0 0 0 0 0 0 0 0 0 0 0 0 0 0 0 0 0 0 0 0 0 0 0 0 0 0 0 0 0 0 0 0 0 0 0 0 0 0 0 0 0 0 0 0 0 0 0 0 0 0 0 0 0 0 0 0 0 0 0 0 0 0 0 0 0 0 0 0 0 0 0 0 0 0 0 0 0 0 0 0 0 0 0 0 0 0 0 0 0 0 0 0 0 0 0 0 0 0 0 0 0 0 0 0 0 0 0 0 0 0 0 0 0 0 0 0 0 0 0 0 0 0 0 0 0 0 0 0 0 0 0 0 0 0 0 0 0 0 0 0 0 0 0 0 0 0 0 0 0 0 0 0 0 0 0 0 0 0 0 0 0 0 0 0 0 0 0 0 0 0 0 0 0 0 0 0 0 0 0 0 0 0 0 0 0 0 0 0 0 0 0 0 0 0 0 0 0 0 0 0 0 0 0 0 0 0 0 0 0 0 0 0 0 0 0 0 0 0 0 0 0 0 0 0 0 0 0 0 0 0 0 0 0 0 0 0 0 0 0 0 0 0 0 0 0 0 0 0 0 0 0 0 0 0 0 0 0 0 0 0 0 0 0 0 0 0 0 0 0 0 0 0 0 0 0 0 0 0 0 0 0 0 0 0 0 0 0 0 0 0 0 0 0 0 0 0 0 0 0 0 0 0 0 0 0 0 0 0 0 0 0 0 0 0 0 0 0 0
 0 0 0 0 0 0 0 0 0 0 0 0 0 0 0 0 0 0 0 0 0 0 0 0 0 0 0 0 0 0 0 0 0 0 0 0 0 0 0 0 0 0 0 0 0 0 0 0 0 0 0 0 0 0 0 0 0 0 0 0 0 0 0 0 0 0 0 0 0 0 0 0 0 0 0 0 0 0 0 0 0 0 0 0 0 0 0 0 0 0 0 0 0 0 0 0 0 0 0 0 0 0 0 0 0 0 0 0 0 0 0 0 0 0 0 0 0 0 0 0 0 0 0 0 0 0 0 0 0 0 0 0 0 0 0 0 0 0 0 0 0 0 0 0 0 0 0 0 0 0 0 0 0 0 0 0 0 0 0 0 0 0 0 0 0 0 0 0 0 0 0 0 0 0 0 0 0 0 0 0 0 0 0 0 0 0 0 0 0 0 0 0 0 0 0 0 0 0 0 0 0 0 0 0 0 0 0 0 0 0 0 0 0 0 0 0 0 0 0 0 0 0 0 0 0 0 0 0 0 0 0 0 0 0 0 0 0 0 0 0 0 0 0 0 0 0 0 0 0 0 0 0 0 0 0 0 0 0 0 0 0 0 0 0 0 0 0 0 0 0 0 0 0 0 0 0 0 0 0 0 0 0 0 0 0 0 0 0 0 0 0 0 0 0 0 0.0002934497897513211 0.001049626967869699 0.00228098058141768 0.003963190130889416 0.006123189814388752 0.008762875571846962 0.01181267760694027 0.01518095750361681 0.01884422451257706 0.02273555845022202 0.02682384476065636 0.03112521581351757 0.03559436276555061 0.04023046046495438 0.04505952447652817 0.05008439719676971 0.05528309568762779 0.06068315356969833 0.06631926447153091 0.07219776511192322 0.07824661582708359 0.08439879864454269 0.09065244346857071 0.09696531295776367 0.1033037155866623 0.1096434518694878 0.1159808039665222 0.1223008409142494 0.1286255568265915 0.1349485516548157 0.1412825584411621 0.1469131112098694 0.1504531651735306 0.1510185599327087 0.1480389535427094 0.1411552727222443 0.1340975165367126 0.1273926347494125 0.1210229992866516 0.1149718463420868 0.1092232540249825 0.1037620902061462 0.09857398271560669 0.09364528208971024 0.08896301686763763 0.08451486378908157 0.08028911799192429 0.07627466320991516 0.07246092706918716 0.06883788108825684 0.06539598852396011 0.06212618947029114 0.05901987850666046 0.05606888607144356 0.05326544120907784 0.05060216784477234 0.04807205870747566 0.04566845670342445 0.04338503256440163 0.04121578112244606 0.03915499150753021 0.03719724342226982 0.03533738106489182 0.03357051312923431 0.03189198672771454 0.03029738739132881 0.02878251858055592 0.02734339237213135 0.02597622200846672 0.02467741072177887 0.02344354055821896 0.02227136306464672 0.02115779556334019 0.02009990625083447 0.01909491047263145 0.0181401651352644 0.01723315753042698 0.01637149974703789 0.01555292494595051 0.01477527897804976 0.01403651479631662 0.01333468873053789 0.0126679539680481 0.01203455589711666 0.0114328283816576 0.01086118724197149 0.01031812746077776 0.009802221320569515 0.009312110021710396 0.008846504613757133 0.008404179476201534 0.007983970455825329 0.007584772072732449 0.00720553332939744 0.00684525677934289 0.006502993870526552 0.006177844014018774 0.005868951790034771 0.005575504153966904 0.005296729039400816 0.005031892564147711 0.004780298098921776 0.004541283007711172 0.004314218647778034 0.004098507575690746 0.00389358215034008 0.003698903135955334 0.003513958072289824 0.003338260110467672 0.003171347081661224 0.003012779634445906 0.002862140536308289 0.002719033509492874 0.00258308183401823 0.002453927649185061 0.002331231255084276 0.002214669715613127 0.002103936159983277 0.001998739317059517 0.001898802351206541 0.001803862280212343 0.00171366916038096 0.001627985737286508 0.001546586398035288 0.001469257054850459 0.001395794213749468 0.001326004508882761 0.001259704236872494 0.001196719007566571 0.00113688304554671 0.00108003884088248 0.001026036916300654 0.0009747350704856217 0.0009259983198717237 0.0008796984329819679 0.0008357135229744017 0.000793927873019129 0.0007542314706370234 0.0007165198912844062 0.0006806938908994198 0.0006466591730713844 0.0006143262144178152 0.0005836099153384566 0.0005544294253922999 0.0005267079686746001 0.0005003725527785718 0.000475353910587728 0.0004515862092375755 0.0004290069045964628 0.0004075565666425973 0.0003871787339448929 0.0003678197972476482 0.0003494287957437336 0.00033195735886693 0.0003153595025651157 0.0002995915128849447 0.0002846119459718466 0.0002703813370317221 0.0002568622585386038 0.0002440191456116736 0.000231818194151856 0.000220227288082242 0.000209215926588513 0.0001987551368074492 0.0001888173865154386 0.0001793765113689005 0.0001704076858004555 0.0001618873066036031 0.0001537929347250611 0.0001461032952647656 0.0001387981319567189 0.0001318582217209041 0.000125265316455625 0.0001190020484500565 0.00011305194493616 0.0001073993480531499 0.0001020293784677051 9.692790627013892e-05 9.208150731865317e-05 8.747743413550779e-05 8.310356497531757e-05 7.894838927313685e-05 7.500097126467153e-05 7.125092088244855e-05 6.768837192794308e-05 6.430395296774805e-05 6.108875822974369e-05 5.80343184992671e-05 5.513260111911222e-05 5.237596997176297e-05 4.9757170927478e-05 4.726931365439668e-05 4.490584979066625e-05 4.266055839252658e-05 4.052753138239495e-05 3.850115535897203e-05 3.657609704532661e-05 3.474729237495922e-05 3.300992830190808e-05 3.135943188681267e-05 2.979145938297734e-05 2.830188714142423e-05 2.688679342099931e-05 2.554245293140411e-05 2.426532955723815e-05 2.305206362507306e-05 2.189946098951623e-05 2.080448757624254e-05 1.976426392502617e-05 1.877605063782539e-05 1.783724837878253e-05 1.694538514129817e-05 1.609811624803115e-05 1.52932097989833e-05 1.45285493999836e-05 1.380212233925704e-05 1.311201594944578e-05 1.245641487912508e-05 1.183359381684568e-05 1.124191385315498e-05 1.067981793312356e-05 1.014582721836632e-05 9.63853563007433e-06 9.156608939520083e-06 8.698778401594609e-06 8.263839845312759e-06 7.850648216845002e-06 7.458115760528017e-06 7.085210199875291e-06 6.730949735356262e-06 6.394402134901611e-06 6.074682005419163e-06 5.770948064309778e-06 5.482400865730597e-06 5.20828098160564e-06 4.94786672788905e-06 4.700473255070392e-06 4.465449819690548e-06 4.242177510604961e-06 4.030068794236286e-06 3.828565240837634e-06 3.637137069745222e-06 3.455280193520593e-06 3.282516217950615e-06 3.118390395684401e-06 2.962470944112283e-06 2.814347453750088e-06 1.47384125739336e-05 0.0003060405724681914 0.000876994919963181 0.001714556361548603 0.002788482699543238 0.004061782732605934 0.00552793126553297 0.007150967139750719 0.00891006737947464 0.01080327481031418 0.01283194124698639 0.01499139983206987 0.0172584168612957 0.01962829194962978 0.02210216410458088 0.02467686682939529 0.02735103107988834 0.03011432476341724 0.03294208645820618 0.03583123907446861 0.03878717869520187 0.0417889766395092 0.04480976983904839 0.047845508903265 0.05089596286416054 0.05396678298711777 0.05705246329307556 0.06015879660844803 0.06327825784683228 0.06639719754457474 0.06950127333402634 0.07259725779294968 0.07568363845348358 0.07876273989677429 0.08184145390987396 0.08492111414670944 0.08800482749938965 0.09109292924404144 0.09419342130422592 0.09663011133670807 0.09750904887914658 0.09624885767698288 0.09250787645578384 0.08788248151540756 0.08348836004734039 0.07931394129991531 0.07534824311733246 0.07158082723617554 0.06800178438425064 0.06460169702768326 0.06137161329388618 0.05830303207039833 0.05538788065314293 0.05261848494410515 0.0499875620007515 0.04748818278312683 0.04511377215385437 0.04285808280110359
 0 0 0 0 0 0 0 0 0 0 0 0 0 0 0 0 0 0 0 0 0 0 0 0 0 0 0 0 0 0 0 0 0 0 0 0 0 0 0 0 0 0 0 0 0 0 0 0 0 0 0 0 0 0 0 0 0 0 0 0 0 0 0 0 0 0 0 0 0 0 0 0 0 0 0 0 0 0 0 0 0 0 0 0 0 0 0 0 0 0 0 0 0 0 0 0 0 0 0 0 0 0 0 0 0 0 0 0 0 0 0 0 0 0 0 0 0 0 0 0 0 0 0 0 0 0 0 0 0 0 0 0 0 0 0 0 0 0 0 0 0 0 0 0 0 0 0 0 0 0 0 0 0 0 0 0 0 0 0 0 0 0 0 0 0 0 0 0 0 0 0 0 0 0 0 0 0 0 0 0 0 0 0 0 0 0 0 0 0 0 0 0 0 0 0 0 0 0 0 0 0 0 0 0 0 0 0 0 0 0 0 0 0 0 0 0 0 0 0 0 0 0 0 0 0 0 0 0 0 0 0 0 0 0 0 0 0 0 0 0 0 0 0 0 0 0 0 0 0 0 0 0 0 0 0 0 0 0 0 0 0 0 0 0 0 0 0 0 0 0 0 0 0 0 0 0 0 0 0 0 0 0 0 0 0 0 0 0 0 0 0 0 0 0 0 0 0 0 0 0 0 0 0 0 0 0 0 0 0 0 0 0 0 0 0 0 0 0 0 0 0 0 0 0 0 0 0 0 0 0 0 0 0 0 0 0 0 0 0 0 0 0 0 0 0 0 0 0 0 0 0 0 0 0 0 0 0 0 0 0 0 0 0 0 0 0 0 0 0 0 0 0 0 0 0 0 0 0 0 0 0 0 0 0 0 0 0 0 0 0 0 0 0 0 0 0 0 0 0 0 0 0 0 0 0 0 0 0 0 0 0 0 0 0 0 0 0 0 0 0 0 0 0 0 0 0 0 0 0 0 0 0 0 0 0 0 0 0 0 0 0 0 0 0 0 0 0 0 0 0 0 0 0 0 0 0 0 0 0 0 0 0 0 0 0 0 0 0 0 0 0 0 0 0 0 0 0 0 0 0 0 0 0 0 0 0 0 0 0 0 0 0 0 0 0 0 0 0 0 0 0 0 0 0 0 0 0 0 0 0 0 0 0 0 0 0 0 0 0 0 0 0 0 0 0 0 0 0 0 0 0 0 0 0 0 0 0 0 0 0 0 0 0 0 0 0 0 0 0 0 0 0 0 0 0 0 0 0 0 0 0 0 0 0 0 0 0 0 0 0 0 0 0 0 0 0 0 0 0 0 0 0 0 0 0 0 0 0 0 0 0 0 0 0 0 0 0 0 0 0
 0 0 0 0 0 0 0 0 0 0 0 0 0 0 0 0 0 0 0 0 0 0 0 0 0 0 0 0 0 0 0 0 0 0 0 0 0 0 0 0 0 0 0 0 0 0 0 0 0 0 0 0 0 0 0 0 0 0 0 0 0 0 0 0 0 0 0 0 0 0 0 0 0 0 0 0 0 0 0 0 0 0 0 0 0 0 0 0 0 0 0 0 0 0 0 0 0 0 0 0 0 0 0 0 0 0 0 0 0 0 0 0 0 0 0 0 0 0 0 0 0 0 0 0 0 0 0 0 0 0 0 0 0 0 0 0 0 0 0 0 0 0 0 0 0 0 0 0 0 0 0 0 0 0 0 0 0 0 0 0 0 0 0 0 0 0 0 0 0 0 0 0 0 0 0 0 0 0 0 0 0 0 0 0 0 0 0 0 0 0 0 0 0 0 0 0 0 0 0 0 0 0 0 0 0 0 0 0 0 0 0 0 0 0 0 0 0 0 0 0 0 0 0 0 0 0 0 0 0 0 0 0 0 0 0 0 0 0 0 0 0 0 0 0 0 0 0 0 0 0 0 0 0 0 0 0 0 0 0 0 0 0 0 0 0 0 0 0 0 0 0 0 0 0 0 0 0 0 0 0 0 0 0 0 0 0 0 0 0 0 0 0 0 0 0 0 0 0 0 0 0 0 0 0 0 0 0 0 0 0 0 0 0 0 0 0 0 0 0 0 0 0 0 0 0 0 0 0 0 0 0 0 0 0 0 0 0 0 0 0 0 0 0 0 0 0 0 0 0 0 0 0 0 0 0 0 0 0 0 0 0 0 0 0 0 0 0 0 0 0 0 0 0 0 0 0 0 0 0 0 0 0 0 0 0 0 0 0 0 0 0 0 0 0 0 0 0 0 0 0 0 0 0 0 0 0 0 0 0 0 0 0 0 0 0 0 0 0 0 0 0 0 0 0 0 0 0 0 0 0 0 0 0 0 0 0 0 0 0 0 0 0 0 0 0 0 0 0 0 0 0 0 0 0 0 0 0 0 0 0 0 0 0 0 0 0 0 0 0 0 0 0 0 0 0 0 0 0 0 0 0 0 0 0 0 0 0 0 0 0 0 0 0 0 0 0 0 0 0 0 0 0 0 0 0 0 0 0 0 0 0 0 0 0 0 0 0 0 0 0 0 0 0 0 0 0 0 0 0 0 0 0 0 0 0 0 0 0 0 0 0 0 0 0 0 0 0 0 0 0 0 0 0 0 0 0 0 0 0 0 0 0 0 0 0 0 0 0 0 0 0 0 0 0 0 0 0 0 0 0 0 0 0 0 0 0 0 0 0 0 0 0 0 0 0 0 0 0 0 0
 0 0 0 0 0 0 0 0 0 0 0 0 0 0 0 0 0 0 0 0 0 0 0 0 0 0 0 0 0 0 0 0 0 0 0 0 0 0 0 0 0 0 0 0 0 0 0 0 0 0 0 0 0 0 0 0 0 0 0 0 0 0 0 0 0 0 0 0 0 0 0 0 0 0 0 0 0 0 0 0 0 0 0 0 0 0 0 0 0 0 0 0 0 0 0 0 0 0 0 0 0 0 0 0 0 0 0 0 0 0 0 0 0 0 0 0 0 0 0 0 0 0 0 0 0 0 0 0 0 0 0 0 0 0 0 0 0 0 0 0 0 0 0 0 0 0 0 0 0 0 0 0 0 0 0 0 0 0 0 0 0 0 0 0 0 0 0 0 0 0 0 0 0 0 0 0 0 0 0 0 0 0 0 0 0 0 0 0 0 0 0 0 0 0 0 0 0 0 0 0 0 0 0 0 0 0 0 0 0 0 0 0 0 0 0 0 0 0 0 0 0 0 0 0 0 0 0 0 0 0 0 0 0 0 0 0 0 0 0 0 0 0 0 0 0 0 0 0 0 0 0 0 0 0 0 0 0 0 0 0 0 0 0 0 0 0 0 0 0 0 0 0 0 0 0 0 0 0 0 0 0 0 0 0 0 0 0 0 0 0 0 0 0 0 0 0 0 0 0 0 0 0 0 0 0 0 0 0 0 0 0 0 0 0 0 0 0 0 0 0 0 0 0 0 0 0 0 0 0 0 0 0 0 0 0 0 0 0 0 0 0 0 0 0 0 0 0 0 0 0 0 0 0 0 0 0 0 0 0 0 0 0 0 0 0 0 0 0 0 0 0 0 0 0 0 0 0 0 0 0 0 0 0 0 0 0 0 0 0 0 0 0 0 0 0 0 0 0 0 0 0 0 0 0 0 0 0 0 0 0 0 0 0 0 0 0 0 0 0 0 0 0 0 0 0 0 0 0 0 0 0 0 0 0 0 0 0 0 0 0 0 0 0 0 0 0 0 0 0 0 0 0 0 0 0 0 0 0 0 0 0 0 0 0 0 0 0 0 0 0 0 0 0 0 0 0 0 0 0 0 0 0 0 0 0 0 0 0 0 0 0 0 0 0 0 0 0 0 0 0 0 0 0 0 0 0 0 0 0 0 0 0 0 0 0 0 0 0 0 0 0 0 0 0 0 0 0 0 0 0 0 0 0 0 0 0 0 0 0 0 0 0 0 0 0 0 0 0 0 0 0 0 0 0 0 0 0 0 0 0 0 0 0 0 0 0 0 0 0 0 0 0 0 0 0 0 0 0 0 0 0 0 0 0 0 0 0 0 0 0 0 0 0 0 0 0 0 0 0 0
 0 0 0 0 0 0 0 0 0 0 0 0 0 0 0 0 0 0 0 0 0 0 0 0 0 0 0 0 0 0 0 0 0 0 0 0 0 0 0 0 0 0 0 0 0 0 0 0 0 0 0 0 0 0 0 0 0 0 0 0 0 0 0 0 0 0 0 0 0 0 0 0 0 0 0 0 0 0 0 0 0 0 0 0 0 0 0 0 0 0 0 0 0 0 0 0 0 0 0 0 0 0 0 0 0 0 0 0 0 0 0 0 0 0 0 0 0 0 0 0 0 0 0 0 0 0 0 0 0 0 0 0 0 0 0 0 0 0 0 0 0 0 0 0 0 0 0 0 0 0 0 0 0 0 0 0 0 0 0 0 0 0 0 0 0 0 0 0 0 0 0 0 0 0 0 0 0 0 0 0 0 0 0 0 0 0 0 0 0 0 0 0 0 0 0 0 0 0 0 0 0 0 0 0 0 0 0 0 0 0 0 0 0 0 0 0 0 0 0 0 0 0 0 0 0 0 0 0 0 0 0 0 0 0 0 0 0 0 0 0 0 0 0 0 0 0 0 0 0 0 0 0 0 0 0 0 0 0 0 0 0 0 0 0 0 0 0 0 0 0 0 0 0 0 0.0004013760189991444 0.001232695067301393 0.002503815805539489 0.004222968593239784 0.006377434823662043 0.008955522440373898 0.01195716671645641 0.01535132061690092 0.01903700083494186 0.02299066260457039 0.02717358060181141 0.03154119849205017 0.03606007248163223 0.04070634767413139 0.04550494253635406 0.05045950412750244 0.05559711903333664 0.06091010570526123 0.06640917062759399 0.07213164865970612 0.07809413224458694 0.08424311131238937 0.09047005325555801 0.09674511849880219 0.1030629575252533 0.1093785017728806 0.1156248450279236 0.1217926740646362 0.1278811395168304 0.1338998377323151 0.1398555636405945 0.1449148505926132 0.147723451256752 0.1474123597145081 0.143463596701622 0.1362904161214828 0.1294758915901184 0.1230020970106125 0.1168519929051399 0.1110093966126442 0.1054589301347733 0.1001859828829765 0.09517668187618256 0.09041784703731537 0.08589695394039154 0.08160210400819778 0.07752200216054916 0.07364590466022491 0.06996361166238785 0.06646542996168137 0.06314215809106827 0.05998504906892776 0.05698579549789429 0.05413650721311569 0.05142968147993088 0.04885819554328918 0.04641528427600861 0.0440945215523243 0.04188979417085648 0.03979530557990074 0.03780553862452507 0.03591526299715042 0.03411950170993805 0.03241352736949921 0.03079285100102425 0.02925320900976658 0.02779054827988148 0.02640102058649063 0.0250809695571661 0.02382692135870457 0.0226355753839016 0.02150379680097103 0.02042860724031925 0.01940717734396458 0.01843681931495667 0.01751497760415077 0.01663922891020775 0.01580726727843285 0.01501690410077572 0.01426605880260468 0.01355275604873896 0.01287511829286814 0.01223136205226183 0.01161979418247938 0.01103880442678928 0.01048686448484659 0.009962521493434906 0.009464395232498646 0.008991175331175327 0.00854161661118269 0.008114535361528397 0.007708808407187462 0.007323367986828089 0.006957199424505234 0.006609339267015457 0.006278872489929199 0.005964928772300482 0.005666682496666908 0.005383348558098078 0.005114180967211723 0.004858471918851137 0.00461554853245616 0.00438477098941803 0.004165532533079386 0.003957255743443966 0.003759393002837896 0.00357142323628068 0.003392852144315839 0.003223209641873837 0.003062049159780145 0.00290894671343267 0.002763499272987247 0.002625324297696352 0.002494058106094599 0.002369355177506804 0.002250887453556061 0.002138343174010515 0.002031425945460796 0.001929854624904692 0.001833361922763288 0.001741693820804358 0.001654609106481075 0.001571878674440086 0.001493284711614251 0.001418620464392006 0.001347689423710108 0.001280304975807667 0.001216289703734219 0.001155475270934403 0.001097701489925385 0.00104281643871218 0.0009906756458804011 0.000941141857765615 0.000894084747415036 0.0008493805071339011 0.0008069114992395043 0.0007665659068152308 0.0007282376172952354 0.0006918257568031549 0.000657234457321465 0.0006243727402761579 0.0005931541090831161 0.0005634963745251298 0.000535321538336575 0.000508555443957448 0.0004831276601180434 0.0004589712771121413 0.0004360227030701935 0.000414221576647833 0.000393510505091399 0.000373834976926446 0.0003551432164385915 0.0003373860672581941 0.0003205167595297098 0.0003044909099116921 0.0002892663760576397 0.0002748030528891832 0.0002610629016999155 0.0002480097464285791 0.0002356092591071501 0.0002238287997897714 0.0002126373583450913 0.0002020054962486029 0.0001919052156154066 0.0001823099592002109 0.0001731944648781791 0.0001645347365410998 0.0001563080004416406 0.0001484926033299416 0.00014106796879787 0.0001340145681751892 0.0001273138332180679 0.0001209481415571645 0.0001149007366620935 0.0001091556987375952 0.0001036979156197049 9.851301729213446e-05 9.358736861031502e-05 8.890799654182047e-05 8.44625974423252e-05 8.023946429602802e-05 7.622749399160966e-05 7.241612183861434e-05 6.87953142914921e-05 6.535554712172598e-05 6.208776903804392e-05 5.898337985854596e-05 5.603421232081018e-05 5.323250297806226e-05 5.05708776472602e-05 4.804233321920037e-05 4.564021583064459e-05 4.335820631240495e-05 4.119029472349212e-05 3.913078035111539e-05 3.71742426068522e-05 3.531553011271171e-05 3.354975342517719e-05 3.187226684531197e-05 3.027865386684425e-05 2.876472171919886e-05 2.732648499659263e-05 2.596016020106617e-05 2.46621530095581e-05 2.342904554097913e-05 2.225759271823335e-05 2.114471317327116e-05 2.008747833315283e-05 1.908310514409095e-05 1.812895061448216e-05 1.722250271996018e-05 1.636137676541694e-05 1.554330810904503e-05 1.476614306739066e-05 1.402783618686954e-05 1.332644478679867e-05 1.266012259293348e-05 1.202711609948892e-05 1.142576002166606e-05 1.085447183868382e-05 1.031174815580016e-05 9.796161066333298e-06 9.306352694693487e-06 8.841035196383018e-06 8.398983482038602e-06 7.979034307936672e-06 7.580082638014574e-06 7.20107846063911e-06 6.841024514869787e-06 6.498973107227357e-06 6.174024292704416e-06 5.865323146281298e-06 5.572057034441968e-06 5.293454250931973e-06 5.028781743021682e-06 4.777342837769538e-06 4.538475877780002e-06 4.311551947466796e-06 4.095974418305559e-06 3.891175765602384e-06 3.696616886372794e-06 3.511785962473368e-06 3.336196641612332e-06 3.169386900481186e-06 3.010917453138973e-06 2.860371523638605e-06 2.717353027037461e-06 2.581485432529007e-06 2.45241108132177e-06 2.329790504518314e-06 2.213301058873185e-06 2.102636017298209e-06 1.997504114115145e-06 1.897628862934653e-06 1.80274741978792e-06 1.712610014692473e-06 1.626979496904823e-06 1.545630539112608e-06 1.468348955313559e-06 1.394931473441829e-06 1.325184939560131e-06 1.258925749425543e-06 1.195979507429001e-06 1.136180571847945e-06 1.079371486412128e-06 1.025402866616787e-06 9.741327176016057e-07 9.254260930902092e-07 8.791548111730663e-07 8.351970564035582e-07 7.934372092677222e-07 7.537653345934814e-07 7.160770678638073e-07 6.802732173127879e-07 6.462595365519519e-07 6.139465540400124e-07 5.832492320223537e-07 5.540867960007745e-07 5.263824505163939e-07 5.000633223062323e-07 4.750601476644079e-07 4.513071303335892e-07 4.287417709747388e-07 4.073046966368565e-07 3.869394618050137e-07 3.67592491556934e-07 3.49212854189318e-07 3.317522043744248e-07 3.151645842081052e-07 2.994063663663837e-07 2.844360551534919e-07 2.702142580801592e-07 2.567035437550658e-07 2.438683566197142e-07 2.316749316833011e-07 2.200911808358796e-07 2.090866217940857e-07 1.986322928360096e-07 0.0001128972362494096 0.0004449152620509267 0.0009831017814576626 0.001708130119368434 0.002591649536043406 0.003607027232646942 0.004751238040626049 0.006020792759954929 0.007409395184367895 0.008915531449019909 0.01053091511130333 0.01224134862422943 0.01404013019055128 0.0159247238188982 0.01789741963148117 0.01994390599429607 0.02204686030745506 0.02417991124093533 0.02633523568511009 0.02850682288408279 0.03068940900266171 0.03288226202130318 0.0350801907479763 0.03728266805410385 0.03948812559247017 0.04170194268226624 0.04391741752624512 0.04613497108221054
 0 0 0 0 0 0 0 0 0 0 0 0 0 0 0 0 0 0 0 0 0 0 0 0 0 0 0 0 0 0 0 0 0 0 0 0 0 0 0 0 0 0 0 0 0 0 0 0 0 0 0 0 0 0 0 0 0 0 0 0 0 0 0 0 0 0 0 0 0 0 0 0 0 0 0 0 0 0 0 0 0 0 0 0 0 0 0 0 0 0 0 0 0 0 0 0 0 0 0 0 0 0 0 0 0 0 0 0 0 0 0 0 0 0 0 0 0 0 0 0 0 0 0 0 0 0 0 0 0 0 0 0 0 0 0 0 0 0 0 0 0 0 0 0 0 0 0 0 0 0 0 0 0 0 0 0 0 0 0 0 0 0 0 0 0 0 0 0 0 0 0 0 0 0 0 0 0 0 0 0 0 0 0 0 0 0 0 0 0 0 0 0 0 0 0 0 0 0 0 0 0 0 0 0 0 0 0 0 0 0 0 0 0 0 0 0 0 0 0 0 0 0 0 0 0 0 0 0 0 0 0 0 0 0 0 0 0 0 0 0 0 0 0 0 0 0 0 0 0 0 0 0 0 0 0 0 0 0 0 0 0 0 0 0 0 0 0 0 0 0 0 0 0 0 0 0 0 0 0 0 0 0 0 0 0 0 0 0 0 0 0 0 0 0 0 0 0 0 0 0 0 0 0 0 0 0 0 0 0 0 0 0 0 0 0 0 0 0 0 0 0 0 0 0 0 0 0 0 0 0 0 0 0 0 0 0 0 0 0 0 0 0 0 0 0 0 0 0 0 0 0 0 0 0 0 0 0 0 0 0 0 0 0 0 0 0 0 0 0 0 0 0 0 0 0 0 0 0 0 0 0 0 0 0 0 0 0 0 0 0 0 0 0 0 0 0 0 0 0 0 0 0 0 0 0 0 0 0 0 0 0 0 0 0 0 0 0 0 0 0 0 0 0 0 0 0 0 0 0 0 0 0 0 0 0 0 0 0 0 0 0 0 0 0 0 0 0 0 0 0 0 0 0 0 0 0 0 0 0 0 0 0 0 0 0 0 0 0 0 0 0 0 0 0 0 0 0 0 0 0 0 0 0 0 0 0 0 0 0 0 0 0 0 0 0 0 0 0 0 0 0 0 0 0 0 0 0 0 0 0 0 0 0 0 0 0 0 0 0 0 0 0 0 0 0 0 0 0 0 0 0 0 0 0 0 0 0 0 0 0 0 0 0 0 0 0 0 0 0 0 0 0 0 0 0 0 0 0 0 0 0 0 0 0 0 0 0 0 0 0 0 0 0 0 0 0 0 0 0 0 0 0 0 0 0 0 0 0 0 0 0 0 0 0 0 0 0 0 0 0
 0 0 0 0 0 0 0 0 0 0 0 0 0 0 0 0 0 0 0 0 0 0 0 0 0 0 0 0 0 0 0 0 0 0 0 0 0 0 0 0 0 0 0 0 0 0 0 0 0 0 0 0 0 0 0 0 0 0 0 0 0 0 0 0 0 0 0 0 0 0 0 0 0 0 0 0 0 0 0 0 0 0 0 0 0 0 0 0 0 0 0 0 0 0 0 0 0 0 0 0 0 0 0 0 0 0 0 0 0 0 0 0 0 0 0 0 0 0 0 0 0 0 0 0 0 0 0 0 0 0 0 0 0 0 0 0 0 0 0 0 0 0 0 0 0 0 0 0 0 0 0 0 0 0 0 0 0 0 0 0 0 0 0 0 0 0 0 0 0 0 0 0 0 0 0 0 0 0 0 0 0 0 0 0 0 0 0 0 0 0 0 0 0 0 0 0 0 0 0 0 0 0 0 0 0 0 0 0 0 0 0 0 0 0 0 0 0 0 0 0 0 0 0 0 0 0 0 0 0 0 0 0 0 0 0 0 0 0 0 0 0 0 0 0 0 0 0 0 0 0 0 0 0 0 0 0 0 0 0 0 0 0 0 0 0 0 0 0 0 0 0 0 0 0 0 0 0 0 0 0 0 0 0 0 0 0 0 0 0 0 0 0 0 0 0 0 0 0 0 0 0 0 0 0 0 0 0 0 0 0 0 0 0 0 0 0 0 0 0 0 0 0 0 0 0 0 0 0 0 0 0 0 0 0 0 0 0 0 0 0 0 0 0 0 0 0 0 0 0 0 0 0 0 0 0 0 0 0 0 0 0 0 0 0 0 0 0 0 0 0 0 0 0 0 0 0 0 0 0 0 0 0 0 0 0 0 0 0 0 0 0 0 0 0 0 0 0 0 0 0 0 0 0 0 0 0 0 0 0 0 0 0 0 0 0 0 0 0 0 0 0 0 0 0 0 0 0 0 0 0 0 0 0 0 0 0 0 0 0 0 0 0 0 0 0 0 0 0 0 0 0 0 0 0 0 0 0 0 0 0 0 0 0 0 0 0 0 0 0 0 0 0 0 0 0 0 0 0 0 0 0 0 0 0 0 0 0 0 0 0 0 0 0 0 0 0 0 0 0 0 0 0 0 0 0 0 0 0 0 0 0 0 0 0 0 0 0 0 0 0 0 0 0 0 0 0 0 0 0 0 0 0 0 0 0 0 0 0 0 0 0 0 0 0 0 0 0 0 0 0 0 0 0 0 0 0 0 0 0 0 0 0 0 0 0 0 0 0 0 0 0 0 0 0 0 0 0 0 0 0 0 0 0 0 0 0 0 0 0 0 0 0 0 0 0 0 0 0 0 0
 0 0 0 0 0 0 0 0 0 0 0 0 0 0 0 0 0 0 0 0 0 0 0 0 0 0 0 0 0 0 0 0 0 0 0 0 0 0 0 0 0 0 0 0 0 0 0 0 0 0 0 0 0 0 0 0 0 0 0 0 0 0 0 0 0 0 0 0 0 0 0 0 0 0 0 0 0 0 0 0 0 0 0 0 0 0 0 0 0 0 0 0 0 0 0 0 0 0 0 0 0 0 0 0 0 0 0 0 0 0 0 0 0 0 0 0 0 0 0 0 0 0 0 0 0 0 0 0 0 0 0 0 0 0 0 0 0 0 0 0 0 0 0 0 0 0 0 0 0 0 0 0 0 0 0 0 0 0 0 0 0 0 0 0 0 0 0 0 0 0 0 0 0 0 0 0 0 0 0 0 0 0 0 0 0 0 0 0 0 0 0 0 0 0 0 0 0 0 0 0 0 0 0 0 0 0 0 0 0 0 0 0 0 0 0 0 0 0 0 0 0 0 0 0 0 0 0 0 0 0 0 0 0 0 0 0 0 0 0 0 0 0 0 0 0 0 0 0 0 0 0 0 0 0 0 0 0 0 0 0 0 0 0 0 0 0 0 0 0 0 0 0 0 0 0 0 0 0 0 0 0 0 0 0 0 0 0 0 0 0 0 0 0 0 0 0 0 0 0 0 0 0 0 0 0 0 0 0 0 0 0 0 0 0 0 0 0 0 0 0 0 0 0 0 0 0 0 0 0 0 0 0 0 0 0 0 0 0 0 0 0 0 0 0 0 0 0 0 0 0 0 0 0 0 0 0 0 0 0 0 0 0 0 0 0 0 0 0 0 0 0 0 0 0 0 0 0 0 0 0 0 0 0 0 0 0 0 0 0 0 0 0 0 0 0 0 0 0 0 0 0 0 0 0 0 0 0 0 0 0 0 0 0 0 0 0 0 0 0 0 0 0 0 0 0 0 0 0 0 0 0 0 0 0 0 0 0 0 0 0 0 0 0 0 0 0 0 0 0 0 0 0 0 0 0 0 0 0 0 0 0 0 0 0 0 0 0 0 0 0 0 0 0 0 0 0 0 0 0 0 0 0 0 0 0 0 0 0 0 0 0 0 0 0 0 0 0 0 0 0 0 0 0 0 0 0 0 0 0 0 0 0 0 0 0 0 0 0 0 0 0 0 0 0 0 0 0 0 0 0 0 0 0 0 0 0 0 0 0 0 0 0 0 0 0 0 0 0 0 0 0 0 0 0 0 0 0 0 0 0 0 0 0 0 0 0 0 0 0 0 0 0 0 0 0 0 0 0 0 0 0 0 0 0 0 0 0 0 0 0 0 0 0 0 0 0 0 0 0 0
 0 0 0 0 0 0 0 0 0 0 0 0 0 0 0 0 0 0 0 0 0 0 0 0 0 0 0 0 0 0 0 0 0 0 0 0 0 0 0 0 0 0 0 0 0 0 0 0 0 0 0 0 0 0 0 0 0 0 0 0 0 0 0 0 0 0 0 0 0 0 0 0 0 0 0 0 0 0 0 0 0 0 0 0 0 0 0 0 0 0 0 0 0 0 0 0 0 0 0 0 0 0 0 0 0 0 0 0 0 0 0 0 0 0 0 0 0 0 0 0 0 0 0 0 0 0 0 0 0 0 0 0 0 0 0 0 0 0 0 0 0 0 0 0 0 0 0 0 0 0 0 0 0 0 0 0 0 0 0 0 0 0 0 0 0 0 0 0 0 0 0 0 0 0 0 0 0 0 0 0 0 0 0 0 0 0 0 0 0 0 0 0 0 0 0 0 0 0 0 0 0 0 0 0 0 0 0 0 0 0 0 0 0 0 0 0 0 0 0 0 0 0 0 0 0 0 0 0 0 0 0 0 0 0 0 0 0 0 0 0 0 0 0 0 0 0 0 0 0 0 0 0 0 0 0 0 0 0 0 0 0 0 0 0 0 0 0 0 0 0 0 0 0 0 9.484280599281192e-05 0.0005940835690125823 0.001501332502812147 0.002838623244315386 0.004618439823389053 0.006836025044322014 0.009465776383876801 0.0124736474826932 0.01586944051086903 0.01958451047539711 0.02357691712677479 0.02777312509715557 0.032162856310606 0.03673603013157845 0.04148252308368683 0.04640200734138489 0.05149666965007782 0.0567489005625248 0.0621769092977047 0.06779253482818604 0.07359994202852249 0.07957858592271805 0.08568131178617477 0.09185231477022171 0.0980774387717247 0.1043673604726791 0.1106675192713737 0.1169133186340332 0.1231129914522171 0.1292785257101059 0.1353814005851746 0.1414348781108856 0.1463862210512161 0.1489653289318085 0.1483546495437622 0.1440531313419342 0.1368504762649536 0.1300079524517059 0.1235075518488884 0.1173321753740311 0.1114655658602715 0.1058922857046127 0.1005976721644402 0.09556778520345688 0.09078939259052277 0.08624992519617081 0.08193743228912354 0.07784055918455124 0.07394853234291077 0.07025110721588135 0.0667385533452034 0.06340162456035614 0.06023154407739639 0.0572199672460556 0.05435897037386894 0.05164102092385292 0.04905897006392479 0.04660602286458015 0.04427572339773178 0.0420619361102581 0.03995883837342262 0.03796089813113213 0.03606285154819489 0.03425971046090126 0.03254672512412071 0.0309193879365921 0.0293734185397625 0.02790474705398083 0.02650951035320759 0.0251840353012085 0.02392483316361904 0.02272859215736389 0.0215921625494957 0.02051255479454994 0.0194869264960289 0.01851258054375648 0.01758695207536221 0.01670760475099087 0.01587222516536713 0.01507861353456974 0.014324682764709 0.01360844820737839 0.01292802579700947 0.01228162460029125 0.01166754309087992 0.01108416635543108 0.01052995771169662 0.01000345963984728 0.009503286331892014 0.009028121829032898 0.008576715365052223 0.008147879503667355 0.007740485481917858 0.007353461347520351 0.006985788233578205 0.006636498961597681 0.006304673850536346 0.005989440251141787 0.005689968355000019 0.005405469797551632 0.005135196261107922 0.004878436215221882 0.004634514451026917 0.004402788821607828 0.004182649310678244 0.003973516635596752 0.003774840850383043 0.003586098784580827 0.003406793810427189 0.003236454213038087 0.003074631560593843 0.002920900005847216 0.002774855121970177 0.00263611227273941 0.002504306612536311 0.002379091223701835 0.002260136650875211 0.002147129736840725 0.002039773156866431 0.001937784487381577 0.001840895274654031 0.00174885056912899 0.001661407994106412 0.001578337629325688 0.001499420730397105 0.001424449728801847 0.001353227300569415 0.001285565900616348 0.001221287646330893 0.001160223269835114 0.001102212117984891 0.001047101570293307 0.0009947464568540454 0.0009450091165490448 0.0008977586403489113 0.0008528706966899335 0.0008102271822281182 0.0007697158143855631 0.0007312300149351358 0.0006946685025468469 0.0006599350599572062 0.0006269383011385798 0.0005955913802608848 0.0005658118170686066 0.000537521205842495 0.0005106451571919024 0.0004851128906011581 0.0004608572344295681 0.0004378143639769405 0.0004159236559644341 0.0003951274848077446 0.0003753711062017828 0.000356602540705353 0.0003387724282220006 0.0003218337951693684 0.0003057421126868576 0.0002904550055973232 0.000275932252407074 0.0002621356397867203 0.0002490288461558521 0.0002365773980272934 0.0002247485244879499 0.0002135110989911482 0.0002028355374932289 0.0001926937547978014 0.0001830590626923367 0.0001739061117405072 0.0001652108039706945 0.0001569502637721598 0.0001491027505835518 0.0001416476152371615 0.0001345652271993458 0.0001278369600186124 0.0001214451112900861 0.0001153728589997627 0.000109604217868764 0.0001041240102495067 9.891780791804194e-05 9.397191752213985e-05 8.927332237362862e-05 8.480965334456414e-05 8.056916703935713e-05 7.654070941498503e-05 7.271367212524638e-05 6.907798524480313e-05 6.562408816535026e-05 6.234288593987003e-05 5.922574200667441e-05 5.626445636153221e-05 5.345123281585984e-05 5.077867172076367e-05 4.823973722523078e-05 4.582775000017136e-05 4.353636177256703e-05 4.135954441153444e-05 3.929156810045242e-05 3.732699042302556e-05 3.546064181136899e-05 3.368761099409312e-05 3.200323044438846e-05 3.040306910406798e-05 2.888291601266246e-05 2.743876939348411e-05 2.606683119665831e-05 2.476348890922964e-05 2.352531373617239e-05 2.234904786746483e-05 2.123159538314212e-05 2.017001497733872e-05 1.91615145013202e-05 1.820343823055737e-05 1.729326686472632e-05 1.642860297579318e-05 1.560717282700352e-05 1.482681454945123e-05 1.408547359460499e-05 1.338120000582421e-05 1.271214023290668e-05 1.207653349410975e-05 1.147270722867688e-05 1.089907163986936e-05 1.035411787597695e-05 9.83641166385496e-06 9.344591489934828e-06 8.877362233761232e-06 8.433494258497376e-06 8.011819772946183e-06 7.611228738824138e-06 7.230667506519239e-06 6.869134267617483e-06 6.525677690660814e-06 6.19939373791567e-06 5.889423846383579e-06 5.5949526540644e-06 5.315204816724872e-06 5.049444553151261e-06 4.796972461917903e-06 4.557123702397803e-06 4.32926754001528e-06 4.112804163014516e-06 3.90716377296485e-06 3.711805675266078e-06 3.526215323290671e-06 3.349904545757454e-06 3.182409272994846e-06 3.023288854819839e-06 2.872124468922266e-06 2.728518211370101e-06 2.592092187114758e-06 2.462487600496388e-06 2.33936316362815e-06 2.222395096396212e-06 2.111275307470351e-06 2.005711621677619e-06 1.90542607469979e-06 1.81015479938651e-06 1.719647116260603e-06 1.633664737710205e-06 1.551981540615088e-06 1.474382429478283e-06 1.400663336426078e-06 1.330630198026483e-06 1.264098727915552e-06 1.200893848363194e-06 1.140849121838983e-06 1.083806637325324e-06 1.029616328196425e-06 9.781355174709461e-07 9.292287472817407e-07 8.827673241285083e-07 8.386289778172795e-07 7.966975203999027e-07 7.568626188003691e-07 7.190195105977182e-07 6.83068549278687e-07 6.489151473942911e-07 6.164693786558928e-07 5.856459210917819e-07 5.563636022998253e-07 5.285453994474665e-07 5.021181550546316e-07 4.770122359332163e-07 4.531616184522136e-07 4.305035474772012e-07 4.089783658400847e-07 3.885294574956788e-07 3.691029917263222e-07 3.506478378767497e-07 3.331154516672541e-07 3.164596762417204e-07 3.006366853242071e-07 2.856048411103984e-07 2.713246090024768e-07 2.577583870788658e-07 2.448704776725208e-07 2.326269594732366e-07 2.20995616473374e-07 2.099458384918762e-07 1.994485501199961e-07 1.894761254561672e-07 1.800023170517306e-07 8.608006464783102e-05 0.0003795686643570662 0.0008567962795495987 0.001502218656241894 0.002299607498571277 0.003231565468013287 0.004296598024666309 0.00547286681830883 0.006765703670680523 0.008171985857188702 0.009686962701380253 0.01130411121994257 0.01300932094454765 0.01478820480406284 0.01663458347320557 0.0185505747795105 0.02052696421742439 0.02255392633378506 0.0246211402118206 0.02671605348587036 0.02884039282798767 0.03097754158079624 0.03311578184366226 0.03526020795106888 0.03741562366485596
 0 0 0 0 0 0 0 0 0 0 0 0 0 0 0 0 0 0 0 0 0 0 0 0 0 0 0 0 0 0 0 0 0 0 0 0 0 0 0 0 0 0 0 0 0 0 0 0 0 0 0 0 0 0 0 0 0 0 0 0 0 0 0 0 0 0 0 0 0 0 0 0 0 0 0 0 0 0 0 0 0 0 0 0 0 0 0 0 0 0 0 0 0 0 0 0 0 0 0 0 0 0 0 0 0 0 0 0 0 0 0 0 0 0 0 0 0 0 0 0 0 0 0 0 0 0 0 0 0 0 0 0 0 0 0 0 0 0 0 0 0 0 0 0 0 0 0 0 0 0 0 0 0 0 0 0 0 0 0 0 0 0 0 0 0 0 0 0 0 0 0 0 0 0 0 0 0 0 0 0 0 0 0 0 0 0 0 0 0 0 0 0 0 0 0 0 0 0 0 0 0 0 0 0 0 0 0 0 0 0 0 0 0 0 0 0 0 0 0 0 0 0 0 0 0 0 0 0 0 0 0 0 0 0 0 0 0 0 0 0 0 0 0 0 0 0 0 0 0 0 0 0 0 0 0 0 0 0 0 0 0 0 0 0 0 0 0 0 0 0 0 0 0 0 0 0 0 0 0 0 0 0 0 0 0 0 0 0 0 0 0 0 0 0 0 0 0 0 0 0 0 0 0 0 0 0 0 0 0 0 0 0 0 0 0 0 0 0 0 0 0 0 0 0 0 0 0 0 0 0 0 0 0 0 0 0 0 0 0 0 0 0 0 0 0 0 0 0 0 0 0 0 0 0 0 0 0 0 0 0 0 0 0 0 0 0 0 0 0 0 0 0 0 0 0 0 0 0 0 0 0 0 0 0 0 0 0 0 0 0 0 0 0 0 0 0 0 0 0 0 0 0 0 0 0 0 0 0 0 0 0 0 0 0 0 0 0 0 0 0 0 0 0 0 0 0 0 0 0 0 0 0 0 0 0 0 0 0 0 0 0 0 0 0 0 0 0 0 0 0 0 0 0 0 0 0 0 0 0 0 0 0 0 0 0 0 0 0 0 0 0 0 0 0 0 0 0 0 0 0 0 0 0 0 0 0 0 0 0 0 0 0 0 0 0 0 0 0 0 0 0 0 0 0 0 0 0 0 0 0 0 0 0 0 0 0 0 0 0 0 0 0 0 0 0 0 0 0 0 0 0 0 0 0 0 0 0 0 0 0 0 0 0 0 0 0 0 0 0 0 0 0 0 0 0 0 0 0 0 0 0 0 0 0 0 0 0 0 0 0 0 0 0 0 0 0 0 0 0 0 0 0 0 0 0 0 0 0 0 0 0 0 0 0 0 0 0 0 0 0
 0 0 0 0 0 0 0 0 0 0 0 0 0 0 0 0 0 0 0 0 0 0 0 0 0 0 0 0 0 0 0 0 0 0 0 0 0 0 0 0 0 0 0 0 0 0 0 0 0 0 0 0 0 0 0 0 0 0 0 0 0 0 0 0 0 0 0 0 0 0 0 0 0 0 0 0 0 0 0 0 0 0 0 0 0 0 0 0 0 0 0 0 0 0 0 0 0 0 0 0 0 0 0 0 0 0 0 0 0 0 0 0 0 0 0 0 0 0 0 0 0 0 0 0 0 0 0 0 0 0 0 0 0 0 0 0 0 0 0 0 0 0 0 0 0 0 0 0 0 0 0 0 0 0 0 0 0 0 0 0 0 0 0 0 0 0 0 0 0 0 0 0 0 0 0 0 0 0 0 0 0 0 0 0 0 0 0 0 0 0 0 0 0 0 0 0 0 0 0 0 0 0 0 0 0 0 0 0 0 0 0 0 0 0 0 0 0 0 0 0 0 0 0 0 0 0 0 0 0 0 0 0 0 0 0 0 0 0 0 0 0 0 0 0 0 0 0 0 0 0 0 0 0 0 0 0 0 0 0 0 0 0 0 0 0 0 0 0 0 0 0 0 0 0 0 0 0 0 0 0 0 0 0 0 0 0 0 0 0 0 0 0 0 0 0 0 0 0 0 0 0 0 0 0 0 0 0 0 0 0 0 0 0 0 0 0 0 0 0 0 0 0 0 0 0 0 0 0 0 0 0 0 0 0 0 0 0 0 0 0 0 0 0 0 0 0 0 0 0 0 0 0 0 0 0 0 0 0 0 0 0 0 0 0 0 0 0 0 0 0 0 0 0 0 0 0 0 0 0 0 0 0 0 0 0 0 0 0 0 0 0 0 0 0 0 0 0 0 0 0 0 0 0 0 0 0 0 0 0 0 0 0 0 0 0 0 0 0 0 0 0 0 0 0 0 0 0 0 0 0 0 0 0 0 0 0 0 0 0 0 0 0 0 0 0 0 0 0 0 0 0 0 0 0 0 0 0 0 0 0 0 0 0 0 0 0 0 0 0 0 0 0 0 0 0 0 0 0 0 0 0 0 0 0 0 0 0 0 0 0 0 0 0 0 0 0 0 0 0 0 0 0 0 0 0 0 0 0 0 0 0 0 0 0 0 0 0 0 0 0 0 0 0 0 0 0 0 0 0 0 0 0 0 0 0 0 0 0 0 0 0 0 0 0 0 0 0 0 0 0 0 0 0 0 0 0 0 0 0 0 0 0 0 0 0 0 0 0 0 0 0 0 0 0 0 0 0 0 0 0 0 0 0 0 0 0 0 0 0 0 0 0 0 0 0 0 0 0 0 0
 0 0 0 0 0 0 0 0 0 0 0 0 0 0 0 0 0 0 0 0 0 0 0 0 0 0 0 0 0 0 0 0 0 0 0 0 0 0 0 0 0 0 0 0 0 0 0 0 0 0 0 0 0 0 0 0 0 0 0 0 0 0 0 0 0 0 0 0 0 0 0 0 0 0 0 0 0 0 0 0 0 0 0 0 0 0 0 0 0 0 0 0 0 0 0 0 0 0 0 0 0 0 0 0 0 0 0 0 0 0 0 0 0 0 0 0 0 0 0 0 0 0 0 0 0 0 0 0 0 0 0 0 0 0 0 0 0 0 0 0 0 0 0 0 0 0 0 0 0 0 0 0 0 0 0 0 0 0 0 0 0 0 0 0 0 0 0 0 0 0 0 0 0 0 0 0 0 0 0 0 0 0 0 0 0 0 0 0 0 0 0 0 0 0 0 0 0 0 0 0 0 0 0 0 0 0 0 0 0 0 0 0 0 0 0 0 0 0 0 0 0 0 0 0 0 0 0 0 0 0 0 0 0 0 0 0 0 0 0 0 0 0 0 0 0 0 0 0 0 0 0 0 0 0 0 0 0 0 0 0 0 0 0 0 0 0 0 0 0 0 0 0 0 0 0 0 0 0 0 0 0 0 0 0 0 0 0 0 0 0 0 0 0 0 0 0 0 0 0 0 0 0 0 0 0 0 0 0 0 0 0 0 0 0 0 0 0 0 0 0 0 0 0 0 0 0 0 0 0 0 0 0 0 0 0 0 0 0 0 0 0 0 0 0 0 0 0 0 0 0 0 0 0 0 0 0 0 0 0 0 0 0 0 0 0 0 0 0 0 0 0 0 0 0 0 0 0 0 0 0 0 0 0 0 0 0 0 0 0 0 0 0 0 0 0 0 0 0 0 0 0 0 0 0 0 0 0 0 0 0 0 0 0 0 0 0 0 0 0 0 0 0 0 0 0 0 0 0 0 0 0 0 0 0 0 0 0 0 0 0 0 0 0 0 0 0 0 0 0 0 0 0 0 0 0 0 0 0 0 0 0 0 0 0 0 0 0 0 0 0 0 0 0 0 0 0 0 0 0 0 0 0 0 0 0 0 0 0 0 0 0 0 0 0 0 0 0 0 0 0 0 0 0 0 0 0 0 0 0 0 0 0 0 0 0 0 0 0 0 0 0 0 0 0 0 0 0 0 0 0 0 0 0 0 0 0 0 0 0 0 0 0 0 0 0 0 0 0 0 0 0 0 0 0 0 0 0 0 0 0 0 0 0 0 0 0 0 0 0 0 0 0 0 0 0 0 0 0 0 0 0 0 0 0 0 0 0 0 0 0 0 0 0 0 0 0 0 0 0 0
 0 0 0 0 0 0 0 0 0 0 0 0 0 0 0 0 0 0 0 0 0 0 0 0 0 0 0 0 0 0 0 0 0 0 0 0 0 0 0 0 0 0 0 0 0 0 0 0 0 0 0 0 0 0 0 0 0 0 0 0 0 0 0 0 0 0 0 0 0 0 0 0 0 0 0 0 0 0 0 0 0 0 0 0 0 0 0 0 0 0 0 0 0 0 0 0 0 0 0 0 0 0 0 0 0 0 0 0 0 0 0 0 0 0 0 0 0 0 0 0 0 0 0 0 0 0 0 0 0 0 0 0 0 0 0 0 0 0 0 0 0 0 0 0 0 0 0 0 0 0 0 0 0 0 0 0 0 0 0 0 0 0 0 0 0 0 0 0 0 0 0 0 0 0 0 0 0 0 0 0 0 0 0 0 0 0 0 0 0 0 0 0 0 0 0 0 0 0 0 0 0 0 0 0 0 0 0 0 0 0 0 0 0 0 0 0 0 0 0 0 0 0 0 0 0 0 0 0 0 0 0 0 0 0 0 0 0 0 0 0 0 0 0 0 0 0 0 0 0 0 0 0 0 0 0 0 0 0 0 0 0 0 0 0 0 0 0 0 0 0 0 0 0 0 0.0001139567684731446 0.00063481112010777 0.001583056291565299 0.00296916370280087 0.004790247417986393 0.007015489507466555 0.009659628383815289 0.01269425079226494 0.01608110405504704 0.01972307078540325 0.02359260618686676 0.02768798731267452 0.03197856247425079 0.03640403598546982 0.0409599244594574 0.04565682634711266 0.05050903558731079 0.05552831664681435 0.06070664897561073 0.06605837494134903 0.07158289104700089 0.07729035615921021 0.08316776901483536 0.08913788199424744 0.09515854716300964 0.1012364774942398 0.1073743104934692 0.1135007217526436 0.1195642575621605 0.1255627125501633 0.131485253572464 0.137347549200058 0.1422960013151169 0.1450153142213821 0.1446642726659775 0.1407222896814346 0.1336861699819565 0.1270018666982651 0.1206517741084099 0.1146191880106926 0.1088882312178612 0.1034438163042068 0.09827162325382233 0.09335803985595703 0.0886901393532753 0.0842556357383728 0.08004285395145416 0.07604071497917175 0.07223867624998093 0.06862673908472061 0.06519540399312973 0.06193563342094421 0.058838851749897 0.05589690804481506 0.05310206115245819 0.05044695734977722 0.04792460799217224 0.04552837833762169 0.04325195774435997 0.04108935967087746 0.0390348918735981 0.03708314895629883 0.03522899001836777 0.03346753865480423 0.03179416060447693 0.03020445257425308 0.02869422920048237 0.02725951746106148 0.02589654177427292 0.02460171468555927 0.0233716294169426 0.02220304869115353 0.02109289541840553 0.02003825083374977 0.01903633773326874 0.01808452047407627 0.01718029379844666 0.01632127910852432 0.01550521515309811 0.01472995430231094 0.01399345695972443 0.0132937841117382 0.01262909453362226 0.01199764013290405 0.01139775849878788 0.01082787103950977 0.01028647739440203 0.009772153571248055 0.009283546358346939 0.008819368667900562 0.008378400467336178 0.00795948039740324 0.007561506237834692 0.007183430716395378 0.006824259180575609 0.006483046337962151 0.006158893927931786 0.005850949324667454 0.005558401811867952 0.005280481651425362 0.005016457755118608 0.004765634890645742 0.004527353215962648 0.004300985485315323 0.004085936117917299 0.003881639335304499 0.003687557298690081 0.003503179410472512 0.003328020451590419 0.003161619417369366 0.00300353835336864 0.002853361424058676 0.002710693283006549 0.002575158607214689 0.002446400700137019 0.002324080560356379 0.002207876648753881 0.002097482793033123 0.001992608653381467 0.001892978209070861 0.001798329292796552 0.00170841277576983 0.001622992102056742 0.00154184247367084 0.001464750384911895 0.001391512807458639 0.001321937190368772 0.001255840295925736 0.001193048316054046 0.001133395940996706 0.001076726126484573 0.001022889860905707 0.0009717453503981233 0.000923158077057451 0.0008770001586526632 0.0008331501740030944 0.0007914926391094923 0.0007519180071540177 0.0007143220864236355 0.0006786059821024537 0.0006446756888180971 0.0006124419160187244 0.0005818197969347239 0.000552728830371052 0.0005250924150459468 0.0004988377913832664 0.000473895895993337 0.0004502010997384787 0.0004276910331100225 0.0004063064698129892 0.0003859911521431059 0.000366691587259993 0.000348357018083334 0.0003309391613584012 0.0003143922076560557 0.0002986725885421038 0.0002837389474734664 0.000269551994279027 0.0002560743887443095 0.0002432706678519025 0.0002311071293661371 0.000219551773625426 0.000208574187126942 0.0001981454843189567 0.0001882382057374343 0.0001788262889022008 0.0001698849810054526 0.0001613907370483503 0.0001533212052891031 0.0001456551399314776 0.0001383723865728825 0.0001314537657890469 0.00012488107313402 0.0001186370209325105 0.000112705172796268 0.0001070699145202525 0.0001017164177028462 9.663059609010816e-05 9.179906919598579e-05 8.720911864656955e-05 8.284866635221988e-05 7.87062308518216e-05 7.477092003682628e-05 7.103237294359133e-05 6.748075247742236e-05 6.410671630874276e-05 6.090138049330562e-05 5.78563121962361e-05 5.496349695022218e-05 5.221532046562061e-05 4.96045540785417e-05 4.712432564701885e-05 4.476810863707215e-05 4.25297039328143e-05 4.040321800857782e-05 3.838305565295741e-05 3.64639017789159e-05 3.464070687186904e-05 3.290867243777029e-05 3.126324008917436e-05 2.97000788123114e-05 2.82150740531506e-05 2.680432044144254e-05 2.546410360082518e-05 2.419089832983445e-05 2.298135404998902e-05 2.183228571084328e-05 2.074067197099794e-05 1.970363882719539e-05 1.871845597634092e-05 1.778253317752387e-05 1.689340570010245e-05 1.604873614269309e-05 1.524629897176055e-05 1.448398415959673e-05 1.375978536088951e-05 1.307179627474397e-05 1.241820609720889e-05 1.179729588329792e-05 1.120743127103196e-05 1.06470597529551e-05 1.011470703815576e-05 9.608971595298499e-06 9.128522833634634e-06 8.672096555528697e-06 8.238491318479646e-06 7.826566616131458e-06 7.435238330799621e-06 7.063476459734375e-06 6.710302841383964e-06 6.374787517415825e-06 6.056048277969239e-06 5.753245659434469e-06 5.465583399200113e-06 5.192304342926946e-06 4.932689080305863e-06 4.686054580815835e-06 4.451751919987146e-06 4.229164460411994e-06 4.017706032755086e-06 3.81682093575364e-06 3.625979843491223e-06 3.444680942266132e-06 3.272446974733612e-06 3.108824557784828e-06 2.953383273052168e-06 2.805714075293508e-06 2.665428382897517e-06 2.532156941015273e-06 2.405549139439245e-06 2.285271648361231e-06 2.171007963625016e-06 2.062457497231662e-06 1.959334667844814e-06 1.861367991295992e-06 1.768299625837244e-06 1.679884690020117e-06 1.595890466887795e-06 1.516095949227747e-06 1.440291157450702e-06 1.368276571156457e-06 1.299862788073369e-06 1.23486961456365e-06 1.173126179310202e-06 1.114469910135085e-06 1.058746420312673e-06 1.005809053822304e-06 9.555185442877701e-07 9.077426170733816e-07 8.623554776931996e-07 8.192376981241978e-07 7.782758189023298e-07 7.393620080620167e-07 7.023938906058902e-07 6.672742074442795e-07 6.339104743346979e-07 6.022149250384246e-07 5.721041702599905e-07 5.434989702735038e-07 5.163240075489739e-07 4.905078299088927e-07 4.659824526243028e-07 4.426833299930877e-07 4.205491563880059e-07 3.995216957264347e-07 3.79545610940113e-07 3.605683218665945e-07 3.425399199841195e-07 3.254129126162297e-07 3.091422797751875e-07 2.936851615231717e-07 2.790009148156969e-07 2.650508577062283e-07 2.517983261896006e-07 2.392084184066334e-07 2.272479946441308e-07 2.158855920697533e-07 2.050913110451802e-07 1.948367440718357e-07 1.850949047366157e-07 0.000183476135134697 0.0005905149737372994 0.001192191382870078 0.001955501735210419 0.00287094758823514 0.003932349849492311 0.005136177875101566 0.006479594390839338 0.007953713648021221 0.009551572613418102 0.01126690022647381 0.0130881080403924 0.01499186642467976 0.01696263439953327 0.01899182796478271 0.02107773907482624 0.02320320159196854 0.02536506578326225 0.02757082507014275 0.02980578504502773 0.03205148875713348 0.03430625423789024 0.03656816110014915 0.03884164988994598 0.04112396761775017 0.04340194165706635
 0 0 0 0 0 0 0 0 0 0 0 0 0 0 0 0 0 0 0 0 0 0 0 0 0 0 0 0 0 0 0 0 0 0 0 0 0 0 0 0 0 0 0 0 0 0 0 0 0 0 0 0 0 0 0 0 0 0 0 0 0 0 0 0 0 0 0 0 0 0 0 0 0 0 0 0 0 0 0 0 0 0 0 0 0 0 0 0 0 0 0 0 0 0 0 0 0 0 0 0 0 0 0 0 0 0 0 0 0 0 0 0 0 0 0 0 0 0 0 0 0 0 0 0 0 0 0 0 0 0 0 0 0 0 0 0 0 0 0 0 0 0 0 0 0 0 0 0 0 0 0 0 0 0 0 0 0 0 0 0 0 0 0 0 0 0 0 0 0 0 0 0 0 0 0 0 0 0 0 0 0 0 0 0 0 0 0 0 0 0 0 0 0 0 0 0 0 0 0 0 0 0 0 0 0 0 0 0 0 0 0 0 0 0 0 0 0 0 0 0 0 0 0 0 0 0 0 0 0 0 0 0 0 0 0 0 0 0 0 0 0 0 0 0 0 0 0 0 0 0 0 0 0 0 0 0 0 0 0 0 0 0 0 0 0 0 0 0 0 0 0 0 0 0 0 0 0 0 0 0 0 0 0 0 0 0 0 0 0 0 0 0 0 0 0 0 0 0 0 0 0 0 0 0 0 0 0 0 0 0 0 0 0 0 0 0 0 0 0 0 0 0 0 0 0 0 0 0 0 0 0 0 0 0 0 0 0 0 0 0 0 0 0 0 0 0 0 0 0 0 0 0 0 0 0 0 0 0 0 0 0 0 0 0 0 0 0 0 0 0 0 0 0 0 0 0 0 0 0 0 0 0 0 0 0 0 0 0 0 0 0 0 0 0 0 0 0 0 0 0 0 0 0 0 0 0 0 0 0 0 0 0 0 0 0 0 0 0 0 0 0 0 0 0 0 0 0 0 0 0 0 0 0 0 0 0 0 0 0 0 0 0 0 0 0 0 0 0 0 0 0 0 0 0 0 0 0 0 0 0 0 0 0 0 0 0 0 0 0 0 0 0 0 0 0 0 0 0 0 0 0 0 0 0 0 0 0 0 0 0 0 0 0 0 0 0 0 0 0 0 0 0 0 0 0 0 0 0 0 0 0 0 0 0 0 0 0 0 0 0 0 0 0 0 0 0 0 0 0 0 0 0 0 0 0 0 0 0 0 0 0 0 0 0 0 0 0 0 0 0 0 0 0 0 0 0 0 0 0 0 0 0 0 0 0 0 0 0 0 0 0 0 0 0 0 0 0 0 0 0 0 0 0 0 0 0 0 0 0 0 0 0 0 0 0 0 0 0 0 0
 0 0 0 0 0 0 0 0 0 0 0 0 0 0 0 0 0 0 0 0 0 0 0 0 0 0 0 0 0 0 0 0 0 0 0 0 0 0 0 0 0 0 0 0 0 0 0 0 0 0 0 0 0 0 0 0 0 0 0 0 0 0 0 0 0 0 0 0 0 0 0 0 0 0 0 0 0 0 0 0 0 0 0 0 0 0 0 0 0 0 0 0 0 0 0 0 0 0 0 0 0 0 0 0 0 0 0 0 0 0 0 0 0 0 0 0 0 0 0 0 0 0 0 0 0 0 0 0 0 0 0 0 0 0 0 0 0 0 0 0 0 0 0 0 0 0 0 0 0 0 0 0 0 0 0 0 0 0 0 0 0 0 0 0 0 0 0 0 0 0 0 0 0 0 0 0 0 0 0 0 0 0 0 0 0 0 0 0 0 0 0 0 0 0 0 0 0 0 0 0 0 0 0 0 0 0 0 0 0 0 0 0 0 0 0 0 0 0 0 0 0 0 0 0 0 0 0 0 0 0 0 0 0 0 0 0 0 0 0 0 0 0 0 0 0 0 0 0 0 0 0 0 0 0 0 0 0 0 0 0 0 0 0 0 0 0 0 0 0 0 0 0 0 0 0 0 0 0 0 0 0 0 0 0 0 0 0 0 0 0 0 0 0 0 0 0 0 0 0 0 0 0 0 0 0 0 0 0 0 0 0 0 0 0 0 0 0 0 0 0 0 0 0 0 0 0 0 0 0 0 0 0 0 0 0 0 0 0 0 0 0 0 0 0 0 0 0 0 0 0 0 0 0 0 0 0 0 0 0 0 0 0 0 0 0 0 0 0 0 0 0 0 0 0 0 0 0 0 0 0 0 0 0 0 0 0 0 0 0 0 0 0 0 0 0 0 0 0 0 0 0 0 0 0 0 0 0 0 0 0 0 0 0 0 0 0 0 0 0 0 0 0 0 0 0 0 0 0 0 0 0 0 0 0 0 0 0 0 0 0 0 0 0 0 0 0 0 0 0 0 0 0 0 0 0 0 0 0 0 0 0 0 0 0 0 0 0 0 0 0 0 0 0 0 0 0 0 0 0 0 0 0 0 0 0 0 0 0 0 0 0 0 0 0 0 0 0 0 0 0 0 0 0 0 0 0 0 0 0 0 0 0 0 0 0 0 0 0 0 0 0 0 0 0 0 0 0 0 0 0 0 0 0 0 0 0 0 0 0 0 0 0 0 0 0 0 0 0 0 0 0 0 0 0 0 0 0 0 0 0 0 0 0 0 0 0 0 0 0 0 0 0 0 0 0 0 0 0 0 0 0 0 0 0 0 0 0 0 0 0 0 0 0 0 0 0 0 0 0 0


# name: r_0_m10_G0_L0p3_D0p7
# type: matrix
# rows: 1
# columns: 14
 0 -10 0.2 0 0.3 0 -3.819509999999999 0 0 0.06959030564669194 0 112.1666666666667 8.256310717667223 0.7




