# Created by Octave 3.8.2, Mon Jun 19 12:45:22 2017 BST <co1ssj@node117>
# name: result
# type: scalar struct
# ndims: 2
 1 1
# length: 3
# name: params
# type: scalar struct
# ndims: 2
 1 1
# length: 18
# name: cleanup
# type: scalar
0


# name: num_runs
# type: scalar
6


# name: dopamine
# type: scalar
0.7


# name: targetCross
# type: scalar
1


# name: targetLuminance
# type: scalar
0.3


# name: targetWidthX
# type: scalar
6


# name: targetWidthY
# type: scalar
2


# name: fixCross
# type: scalar
1


# name: fixLuminance
# type: scalar
0.2


# name: fixWidthX
# type: scalar
6


# name: fixWidthY
# type: scalar
2


# name: fixOn
# type: scalar
0


# name: targetOff
# type: scalar
1


# name: targetOn
# type: scalar
0.2


# name: fixOff
# type: scalar
0.2


# name: targetThetaX
# type: scalar
0


# name: targetThetaY
# type: scalar
-7


# name: exptnum
# type: scalar
0




# name: r_0_m7_G0_L0p3_D0p7_llbn
# type: matrix
# rows: 24
# columns: 600
 0 0 0 0 0 0 0 0 0 0 0 0 0 0 0 0 0 0 0 0 0 0 0 0 0 0 0 0 0 0 0 0 0 0 0 0 0 0 0 0 0 0 0 0 0 0 0 0 0 0 0 0 0 0 0 0 0 0 0 0 0 0 0 0 0 0 0 0 0 0 0 0 0 0 0 0 0 0 0 0 0 0 0 0 0 0 0 0 0 0 0 0 0 0 0 0 0 0 0 0 0 0 0 0 0 0 0 0 0 0 0 0 0 0 0 0 0 0 0 0 0 0 0 0 0 0 0 0 0 0 0 0 0 0 0 0 0 0 0 0 0 0 0 0 0 0 0 0 0 0 0 0 0 0 0 0 0 0 0 0 0 0 0 0 0 0 0 0 0 0 0 0 0 0 0 0 0 0 0 0 0 0 0 0 0 0 0 0 0 0 0 0 0 0 0 0 0 0 0 0 0 0 0 0 0 0 0 0 0 0 0 0 0 0 0 0 0 0 0 0 0 0 0 0 0 0 0 0 0 0 0 0 0 0 0 0 0 0 0 0 0 0 0 0 0 0 0 0 0 0 0 0 0 0 0 0 0 0 0 0 0 0 0 0 0 0 0 0 0 0 0 0 0 0 0 0 0 0 0 0 0 0 0 0 0 0 0 0 0 0 0 0 0 0 0 0 0 0 0 0 0 0 0 0 0 0 0 0 0 0 0 0 0 0 0 0 0 0 0 0 0 0 0 0 0 0 0 0 0 0 0 0 0 0 0 0 0 0 0 0 0 0 0 0 0 0 0 0 0 0 0 0 0 0 0 0 0 0 0 0 0 0 0 0 0 0 0 0 0 0 0 0 0 0 0 0 0 0 0 0 0 0 0 0 0 0 0 0 0 0 0 0 0 0 0 0 0 0 0 0 0 0 0 0 0 0 0 0 0 0 0 0 0 0 0 0 0 0 0 0 0 0 0 0 0 0 0 0 0 0 0 0 0 0 0 0 0 0 0 0 0 0 0 0 0 0 0 0 0 0 0 0 0 0 0 0 0 0 0 0 0 0 0 0 0 0 0 0 0 0 0 0 0 0 0 0 0 0 0 0 0 0 0 0 0 0 0 0 0 0 0 0 0 0 0 0 0 0 0 0 0 0 0 0 0 0 0 0 0 0 0 0 0 0 0 0 0 0 0 0 0 0 0 0 0 0 0 0 0 0 0 0 0 0 0 0 0 0 0 0 0 0 0 0 0 0 0 0 0 0 0 0 0 0 0 0 0 0 0 0 0 0 0 0 0 0 0 0 0 0 0 0 0 0 0 0 0 0 0 0 0 0 0 0 0 0 0 0 0 0 0 0 0 0 0 0 0 0 0 0
 0 0 0 0 0 0 0 0 0 0 0 0 0 0 0 0 0 0 0 0 0 0 0 0 0 0 0 0 0 0 0 0 0 0 0 0 0 0 0 0 0 0 0 0 0 0 0 0 0 0 0 0 0 0 0 0 0 0 0 0 0 0 0 0 0 0 0 0 0 0 0 0 0 0 0 0 0 0 0 0 0 0 0 0 0 0 0 0 0 0 0 0 0 0 0 0 0 0 0 0 0 0 0 0 0 0 0 0 0 0 0 0 0 0 0 0 0 0 0 0 0 0 0 0 0 0 0 0 0 0 0 0 0 0 0 0 0 0 0 0 0 0 0 0 0 0 0 0 0 0 0 0 0 0 0 0 0 0 0 0 0 0 0 0 0 0 0 0 0 0 0 0 0 0 0 0 0 0 0 0 0 0 0 0 0 0 0 0 0 0 0 0 0 0 0 0 0 0 0 0 0 0 0 0 0 0 0 0 0 0 0 0 0 0 0 0 0 0 0 0 0 0 0 0 0 0 0 0 0 0 0 0 0 0 0 0 0 0 0 0 0 0 0 0 0 0 0 0 0 0 0 0 0 0 0 0 0 0 0 0 0 0 0 0 0 0 0 0 0 0 0 0 0 0 7.696178363403305e-05 0.0004191443440504372 0.001003054669126868 0.001818845863454044 0.002839046297594905 0.004041104577481747 0.005406000651419163 0.006914724130183458 0.008562200702726841 0.01034578960388899 0.01224422641098499 0.01425843685865402 0.01638562045991421 0.01860763877630234 0.02090916037559509 0.02326783537864685 0.02568976767361164 0.02817214839160442 0.03070040792226791 0.03327558562159538 0.03588295727968216 0.0385197214782238 0.04117726907134056 0.04385668039321899 0.04655123874545097 0.04926130548119545 0.05198677256703377 0.05473535135388374 0.05749338865280151 0.06024974584579468 0.06300066411495209 0.06574960052967072 0.0685061514377594 0.07127352803945541 0.0740639790892601 0.07685190439224243 0.07961567491292953 0.08235497772693634 0.08507205545902252 0.08777210116386414 0.08995000272989273 0.09070698916912079 0.08946708589792252 0.08589713275432587 0.08160227537155151 0.0775221586227417 0.07364605367183685 0.06996375322341919 0.06646556407213211 0.06314228475093842 0.05998517200350761 0.05698591470718384 0.05413661897182465 0.05142978951334953 0.04885829985141754 0.04641538485884666 0.04409461468458176 0.04188988357782364 0.03979539126157761 0.03780562058091164 0.03591534122824669 0.03411957249045372 0.03241359442472458 0.03079291433095932 0.02925326861441135 0.0277906060218811 0.02640107646584511 0.02508102357387543 0.0238269716501236 0.02263562381267548 0.02150384336709976 0.02042865194380283 0.01940722018480301 0.0184368584305048 0.01751501485705376 0.01663926430046558 0.01580730080604553 0.01501693576574326 0.01426608860492706 0.01355278398841619 0.01287514436990023 0.01223138719797134 0.01161981746554375 0.01103882677853107 0.01048688590526581 0.009962541982531548 0.009464414790272713 0.00899119395762682 0.008541634306311607 0.00811455212533474 0.007708824705332518 0.00732338335365057 0.006957214325666428 0.006609353702515364 0.006278885994106531 0.005964941810816526 0.005666694603860378 0.005383359733968973 0.005114191677421331 0.004858482163399458 0.004615557845681906 0.004384779836982489 0.004165540914982557 0.00395726365968585 0.003759400453418493 0.003571430454030633 0.003392858896404505 0.003223215928301215 0.00306205521337688 0.002908952534198761 0.002763504860922694 0.002625329652801156 0.002494063228368759 0.002369360066950321 0.002250892110168934 0.002138347597792745 0.002031430136412382 0.001929858583025634 0.001833365648053586 0.001741697313264012 0.001654612482525408 0.001571881817653775 0.001493287738412619 0.001418623374775052 0.001347692217677832 0.001280307653360069 0.001216292264871299 0.001155477599240839 0.001097703701816499 0.001042818534187973 0.0009906776249408722 0.0009411437204107642 0.0008940865518525243 0.0008493822533637285 0.0008069131290540099 0.0007665674784220755 0.0007282391306944191 0.0006918271537870169 0.000657235796097666 0.000624374020844698 0.0005931553314439952 0.0005634975386783481 0.0005353226442821324 0.0005085564916953444 0.0004831286787521094 0.0004589722375385463 0.0004360236343927681 0.0004142224497627467 0.0003935113199986517 0.0003738357627298683 0.0003551439731381834 0.0003373867657501251 0.0003205174289178103 0.0003044915501959622 0.0002892669872380793 0.0002748036349657923 0.0002610634546726942 0.0002480102702975273 0.0002356097538722679 0.0002238292654510587 0.0002126377949025482 0.0002020059037022293 0.0001919056085171178 0.0001823103229980916 0.0001731947995722294 0.0001645350566832349 0.0001563083060318604 0.0001484928943682462 0.0001410682452842593 0.0001340148301096633 0.000127314095152542 0.0001209483889397234 0.0001149009694927372 0.0001091559242922813 0.0001036981266224757 9.851322101894766e-05 9.358755778521299e-05 8.890817844076082e-05 8.446277206530795e-05 8.023963164305314e-05 7.622764678671956e-05 7.241626735776663e-05 6.879545253468677e-05 6.535567808896303e-05 6.208789272932336e-05 5.898349627386779e-05 5.60343214601744e-05 5.323260484146886e-05 5.0570975872688e-05 4.804242780664936e-05 4.564030678011477e-05 4.335828998591751e-05 4.119037475902587e-05 3.913085674867034e-05 3.717431536642835e-05 3.531559923430905e-05 3.354981890879571e-05 3.187232869095169e-05 3.027871207450517e-05 2.876477628888097e-05 2.732653774728533e-05 2.596021113276947e-05 2.466220030328259e-05 2.342909101571422e-05 2.225763637397904e-05 2.114475501002744e-05 2.008751653193031e-05 1.908314152387902e-05 1.812898517528083e-05 1.722253546176944e-05 1.63614095072262e-05 1.554333903186489e-05 1.476617217122111e-05 1.402786347171059e-05 1.332647025265032e-05 1.266014714929042e-05 1.202713974635117e-05 1.142578275903361e-05 1.085449366655666e-05 1.03117690741783e-05 9.796180165722035e-06 9.306370884587523e-06 8.841052476782352e-06 8.398999852943234e-06 7.979049769346602e-06 7.580097189929802e-06 7.201092557806987e-06 6.841038157290313e-06 6.498986294900533e-06 6.174037025630241e-06 5.865334969712421e-06 5.572068403125741e-06 5.293465164868394e-06 5.028791747463401e-06 4.777351932716556e-06 4.538484517979668e-06 4.311560132919112e-06 4.095982149010524e-06 3.891183041559998e-06 3.696623934956733e-06 3.511792783683632e-06 3.33620323544892e-06 3.169393039570423e-06 3.010923364854534e-06 2.860377207980491e-06 2.717358256631996e-06 2.581490434749867e-06 2.452415856168955e-06 2.329795051991823e-06 2.213305378973018e-06 2.102640110024367e-06 1.997508206841303e-06 1.897632841973973e-06 1.802751171453565e-06 1.71261365267128e-06 1.626983021196793e-06 1.545633836030902e-06 1.468352138545015e-06 1.394934542986448e-06 1.325187781731074e-06 1.258928364222811e-06 1.195981894852594e-06 1.136182845584699e-06 1.079373760148883e-06 1.025405026666704e-06 9.741347639646847e-07 9.254280257664504e-07 8.791566301624698e-07 8.351988185495429e-07 7.934388577268692e-07 7.537669262092095e-07 7.160786026361166e-07 6.802746952416783e-07 6.462609576374234e-07 6.139479182820651e-07 5.832505394209875e-07 5.540879897125706e-07 5.263835873847711e-07 5.000644023311906e-07 4.750611708459473e-07 4.513081250934192e-07 4.2874270889115e-07 4.073055777098489e-07 3.869402860345872e-07 3.675932589430886e-07 3.492135931537632e-07 0.0001089289871742949 0.0003589974367059767 0.0007304864120669663 0.001223881263285875 0.00183566496707499 0.002553557977080345 0.003364380914717913 0.004253428429365158 0.005219658836722374 0.00625101663172245 0.007342821452766657 0.008495671674609184 0.009710052981972694 0.01098415721207857 0.01231678947806358 0.01369939185678959 0.01512017380446196 0.01656566374003887 0.01803059503436089 0.01951554603874683 0.02102287113666534 0.02255143970251083 0.02408642880618572 0.02563179656863213 0.02717564627528191 0.02871704287827015 0.03025594912469387 0.03179481998085976 0.03331903740763664 0.03483010083436966 0.0363309308886528 0.03782195970416069 0.03930344432592392 0.04078031703829765 0.04224982112646103 0.04371248930692673 0.0451713390648365 0.04662690311670303 0.0480739064514637 0.04951078817248344
 0 0 0 0 0 0 0 0 0 0 0 0 0 0 0 0 0 0 0 0 0 0 0 0 0 0 0 0 0 0 0 0 0 0 0 0 0 0 0 0 0 0 0 0 0 0 0 0 0 0 0 0 0 0 0 0 0 0 0 0 0 0 0 0 0 0 0 0 0 0 0 0 0 0 0 0 0 0 0 0 0 0 0 0 0 0 0 0 0 0 0 0 0 0 0 0 0 0 0 0 0 0 0 0 0 0 0 0 0 0 0 0 0 0 0 0 0 0 0 0 0 0 0 0 0 0 0 0 0 0 0 0 0 0 0 0 0 0 0 0 0 0 0 0 0 0 0 0 0 0 0 0 0 0 0 0 0 0 0 0 0 0 0 0 0 0 0 0 0 0 0 0 0 0 0 0 0 0 0 0 0 0 0 0 0 0 0 0 0 0 0 0 0 0 0 0 0 0 0 0 0 0 0 0 0 0 0 0 0 0 0 0 0 0 0 0 0 0 0 0 0 0 0 0 0 0 0 0 0 0 0 0 0 0 0 0 0 0 0 0 0 0 0 0 0 0 0 0 0 0 0 0 0 0 0 0 0 0 0 0 0 0 0 0 0 0 0 0 0 0 0 0 0 0 0 0 0 0 0 0 0 0 0 0 0 0 0 0 0 0 0 0 0 0 0 0 0 0 0 0 0 0 0 0 0 0 0 0 0 0 0 0 0 0 0 0 0 0 0 0 0 0 0 0 0 0 0 0 0 0 0 0 0 0 0 0 0 0 0 0 0 0 0 0 0 0 0 0 0 0 0 0 0 0 0 0 0 0 0 0 0 0 0 0 0 0 0 0 0 0 0 0 0 0 0 0 0 0 0 0 0 0 0 0 0 0 0 0 0 0 0 0 0 0 0 0 0 0 0 0 0 0 0 0 0 0 0 0 0 0 0 0 0 0 0 0 0 0 0 0 0 0 0 0 0 0 0 0 0 0 0 0 0 0 0 0 0 0 0 0 0 0 0 0 0 0 0 0 0 0 0 0 0 0 0 0 0 0 0 0 0 0 0 0 0 0 0 0 0 0 0 0 0 0 0 0 0 0 0 0 0 0 0 0 0 0 0 0 0 0 0 0 0 0 0 0 0 0 0 0 0 0 0 0 0 0 0 0 0 0 0 0 0 0 0 0 0 0 0 0 0 0 0 0 0 0 0 0 0 0 0 0 0 0 0 0 0 0 0 0 0 0 0 0 0 0 0 0 0 0 0 0 0 0 0 0 0 0 0 0 0 0 0 0 0 0 0 0 0 0 0 0 0 0 0 0 0 0 0 0 0 0 0 0 0 0 0 0 0 0 0 0 0 0 0 0 0 0 0 0
 0 0 0 0 0 0 0 0 0 0 0 0 0 0 0 0 0 0 0 0 0 0 0 0 0 0 0 0 0 0 0 0 0 0 0 0 0 0 0 0 0 0 0 0 0 0 0 0 0 0 0 0 0 0 0 0 0 0 0 0 0 0 0 0 0 0 0 0 0 0 0 0 0 0 0 0 0 0 0 0 0 0 0 0 0 0 0 0 0 0 0 0 0 0 0 0 0 0 0 0 0 0 0 0 0 0 0 0 0 0 0 0 0 0 0 0 0 0 0 0 0 0 0 0 0 0 0 0 0 0 0 0 0 0 0 0 0 0 0 0 0 0 0 0 0 0 0 0 0 0 0 0 0 0 0 0 0 0 0 0 0 0 0 0 0 0 0 0 0 0 0 0 0 0 0 0 0 0 0 0 0 0 0 0 0 0 0 0 0 0 0 0 0 0 0 0 0 0 0 0 0 0 0 0 0 0 0 0 0 0 0 0 0 0 0 0 0 0 0 0 0 0 0 0 0 0 0 0 0 0 0 0 0 0 0 0 0 0 0 0 0 0 0 0 0 0 0 0 0 0 0 0 0 0 0 0 0 0 0 0 0 0 0 0 0 0 0 0 0 0 0 0 0 0 0 0 0 0 0 0 0 0 0 0 0 0 0 0 0 0 0 0 0 0 0 0 0 0 0 0 0 0 0 0 0 0 0 0 0 0 0 0 0 0 0 0 0 0 0 0 0 0 0 0 0 0 0 0 0 0 0 0 0 0 0 0 0 0 0 0 0 0 0 0 0 0 0 0 0 0 0 0 0 0 0 0 0 0 0 0 0 0 0 0 0 0 0 0 0 0 0 0 0 0 0 0 0 0 0 0 0 0 0 0 0 0 0 0 0 0 0 0 0 0 0 0 0 0 0 0 0 0 0 0 0 0 0 0 0 0 0 0 0 0 0 0 0 0 0 0 0 0 0 0 0 0 0 0 0 0 0 0 0 0 0 0 0 0 0 0 0 0 0 0 0 0 0 0 0 0 0 0 0 0 0 0 0 0 0 0 0 0 0 0 0 0 0 0 0 0 0 0 0 0 0 0 0 0 0 0 0 0 0 0 0 0 0 0 0 0 0 0 0 0 0 0 0 0 0 0 0 0 0 0 0 0 0 0 0 0 0 0 0 0 0 0 0 0 0 0 0 0 0 0 0 0 0 0 0 0 0 0 0 0 0 0 0 0 0 0 0 0 0 0 0 0 0 0 0 0 0 0 0 0 0 0 0 0 0 0 0 0 0 0 0 0 0 0 0 0 0 0 0 0 0 0 0 0 0 0 0 0 0 0 0 0 0 0 0 0 0 0 0 0 0 0 0 0 0 0
 0 0 0 0 0 0 0 0 0 0 0 0 0 0 0 0 0 0 0 0 0 0 0 0 0 0 0 0 0 0 0 0 0 0 0 0 0 0 0 0 0 0 0 0 0 0 0 0 0 0 0 0 0 0 0 0 0 0 0 0 0 0 0 0 0 0 0 0 0 0 0 0 0 0 0 0 0 0 0 0 0 0 0 0 0 0 0 0 0 0 0 0 0 0 0 0 0 0 0 0 0 0 0 0 0 0 0 0 0 0 0 0 0 0 0 0 0 0 0 0 0 0 0 0 0 0 0 0 0 0 0 0 0 0 0 0 0 0 0 0 0 0 0 0 0 0 0 0 0 0 0 0 0 0 0 0 0 0 0 0 0 0 0 0 0 0 0 0 0 0 0 0 0 0 0 0 0 0 0 0 0 0 0 0 0 0 0 0 0 0 0 0 0 0 0 0 0 0 0 0 0 0 0 0 0 0 0 0 0 0 0 0 0 0 0 0 0 0 0 0 0 0 0 0 0 0 0 0 0 0 0 0 0 0 0 0 0 0 0 0 0 0 0 0 0 0 0 0 0 0 0 0 0 0 0 0 0 0 0 0 0 0 0 0 0 0 0 0 0 0 0 0 0 0 0 0 0 0 0 0 0 0 0 0 0 0 0 0 0 0 0 0 0 0 0 0 0 0 0 0 0 0 0 0 0 0 0 0 0 0 0 0 0 0 0 0 0 0 0 0 0 0 0 0 0 0 0 0 0 0 0 0 0 0 0 0 0 0 0 0 0 0 0 0 0 0 0 0 0 0 0 0 0 0 0 0 0 0 0 0 0 0 0 0 0 0 0 0 0 0 0 0 0 0 0 0 0 0 0 0 0 0 0 0 0 0 0 0 0 0 0 0 0 0 0 0 0 0 0 0 0 0 0 0 0 0 0 0 0 0 0 0 0 0 0 0 0 0 0 0 0 0 0 0 0 0 0 0 0 0 0 0 0 0 0 0 0 0 0 0 0 0 0 0 0 0 0 0 0 0 0 0 0 0 0 0 0 0 0 0 0 0 0 0 0 0 0 0 0 0 0 0 0 0 0 0 0 0 0 0 0 0 0 0 0 0 0 0 0 0 0 0 0 0 0 0 0 0 0 0 0 0 0 0 0 0 0 0 0 0 0 0 0 0 0 0 0 0 0 0 0 0 0 0 0 0 0 0 0 0 0 0 0 0 0 0 0 0 0 0 0 0 0 0 0 0 0 0 0 0 0 0 0 0 0 0 0 0 0 0 0 0 0 0 0 0 0 0 0 0 0 0 0 0 0 0 0 0 0 0 0 0 0 0 0 0 0 0 0 0 0 0 0 0 0 0 0 0 0 0
 0 0 0 0 0 0 0 0 0 0 0 0 0 0 0 0 0 0 0 0 0 0 0 0 0 0 0 0 0 0 0 0 0 0 0 0 0 0 0 0 0 0 0 0 0 0 0 0 0 0 0 0 0 0 0 0 0 0 0 0 0 0 0 0 0 0 0 0 0 0 0 0 0 0 0 0 0 0 0 0 0 0 0 0 0 0 0 0 0 0 0 0 0 0 0 0 0 0 0 0 0 0 0 0 0 0 0 0 0 0 0 0 0 0 0 0 0 0 0 0 0 0 0 0 0 0 0 0 0 0 0 0 0 0 0 0 0 0 0 0 0 0 0 0 0 0 0 0 0 0 0 0 0 0 0 0 0 0 0 0 0 0 0 0 0 0 0 0 0 0 0 0 0 0 0 0 0 0 0 0 0 0 0 0 0 0 0 0 0 0 0 0 0 0 0 0 0 0 0 0 0 0 0 0 0 0 0 0 0 0 0 0 0 0 0 0 0 0 0 0 0 0 0 0 0 0 0 0 0 0 0 0 0 0 0 0 0 0 0 0 0 0 0 0 0 0 0 0 0 0 0 0 0 0 0 0 0 0 0 0 0 0 0 0 0 0 0 0 0 0 0 0 0 0 0.0002356814075028524 0.0007208382012322545 0.001441047061234713 0.002358595374971628 0.003463881555944681 0.004732041619718075 0.006149301305413246 0.007715561427175999 0.009419653564691544 0.01124342251569033 0.01317961420863867 0.01522262301295996 0.0173757653683424 0.01959735900163651 0.02187169343233109 0.02420469000935555 0.02660240046679974 0.02904306165874004 0.03152637183666229 0.03405744209885597 0.03663359209895134 0.03924815356731415 0.04189606010913849 0.04456705972552299 0.04726237803697586 0.04997928440570831 0.05270621925592422 0.05543109029531479 0.05816058441996574 0.06089223548769951 0.0636342465877533 0.06637293100357056 0.06911437958478928 0.07186485826969147 0.07462881505489349 0.07736977934837341 0.08008766174316406 0.0827871635556221 0.08547067642211914 0.08814016729593277 0.08996015787124634 0.09016492962837219 0.08828271925449371 0.08403288573026657 0.07983124256134033 0.07583968341350555 0.07204769551753998 0.06844530999660492 0.06502304226160049 0.06177189201116562 0.05868329852819443 0.05574913322925568 0.05296167731285095 0.05031359195709229 0.04779791086912155 0.04540801420807838 0.04313761368393898 0.04098073393106461 0.03893169760704041 0.0369851142168045 0.03513585776090622 0.03337906301021576 0.03171011060476303 0.03012460470199585 0.02861837483942509 0.02718745544552803 0.02582808211445808 0.02453667856752872 0.02330984547734261 0.02214435301721096 0.02103713527321815 0.01998527906835079 0.01898601464927197 0.01803671382367611 0.01713487878441811 0.01627813465893269 0.01546422764658928 0.01469101663678885 0.01395646575838327 0.01325864251703024 0.0125957103446126 0.0119659248739481 0.01136762835085392 0.01079924684017897 0.0102592846378684 0.00974632054567337 0.009259004145860672 0.008796053938567638 0.008356250822544098 0.007938438095152378 0.007541516330093145 0.007164440583437681 0.006806218530982733 0.006465907674282789 0.00614261208102107 0.005835481453686953 0.005543707404285669 0.00526652205735445 0.005003196187317371 0.004753036424517632 0.004515384789556265 0.00428961543366313 0.004075134638696909 0.003871378023177385 0.00367780914530158 0.00349391857162118 0.003319222712889314 0.003153261495754123 0.002995598362758756 0.002845818409696221 0.002703527454286814 0.002568351104855537 0.002439933596178889 0.002317936858162284 0.002202040050178766 0.00209193816408515 0.001987341325730085 0.001887974212877452 0.001793575473129749 0.001703896676190197 0.001618701848201454 0.001537766773253679 0.001460878411307931 0.001387834548950195 0.001318442868068814 0.001252520713023841 0.001189894624985754 0.001130399876274168 0.001073879888281226 0.001020185882225633 0.000969176588114351 0.0009207177790813148 0.0008746818639338017 0.0008309477707371116 0.0007894003647379577 0.0007499303319491446 0.0007124338299036026 0.0006768121384084225 0.0006429715431295335 0.0006108229863457382 0.0005802818341180682 0.0005512677598744631 0.0005237043951638043 0.0004975191550329328 0.0004726432089228183 0.0004490110441111028 0.0004265604948159307 0.0004052324802614748 0.0003849708591587842 0.0003657223132904619 0.0003474362019915134 0.0003300643875263631 0.0003135611768811941 0.0002978831180371344 0.0002829889708664268 0.0002688395325094461 0.0002553975500632077 0.0002426276769256219 0.0002304962981725112 0.0002189714869018644 0.0002080229169223458 0.000197621775441803 0.0001877406903076917 0.0001783536572474986 0.0001694359816610813 0.0001609641767572612 0.0001529159635538235 0.0001452701690141112 0.0001380066678393632 0.0001311063388129696 0.0001245510211447254 0.0001183234708150849 0.0001124072950915433 0.0001067869307007641 0.0001014475856209174 9.637520997785032e-05 9.155645238934085e-05 8.697863086126745e-05 8.262969640782103e-05 7.84982112236321e-05 7.457329775206745e-05 7.084463140927255e-05 6.730239692842588e-05 6.393727380782366e-05 6.074041084502824e-05 5.770338975708e-05 5.481822154251859e-05 5.207731010159478e-05 4.947344496031292e-05 4.699977216660045e-05 4.464978337637149e-05 4.241729402565397e-05 4.029642877867445e-05 3.828160697594285e-05 3.636752808233723e-05 3.454914985923097e-05 3.282169200247154e-05 3.118060703855008e-05 2.962157668662257e-05 2.814049730659463e-05 2.673347262316383e-05 2.539679917390458e-05 2.412695903331041e-05 2.292061071784701e-05 2.177458009100519e-05 2.068585126835387e-05 1.965155934158247e-05 1.866898128355388e-05 1.773553231032565e-05 1.684875496721361e-05 1.60063173098024e-05 1.52060010805144e-05 1.4445700799115e-05 1.372341557726031e-05 1.303724457102362e-05 1.238538243342191e-05 1.176611294795293e-05 1.117780720960582e-05 1.061891725839814e-05 1.008797153190244e-05 9.583573046256788e-06 9.1043948486913e-06 8.649175470054615e-06 8.2167171058245e-06 7.805881068634335e-06 7.415586878778413e-06 7.044807716738433e-06 6.692567239952041e-06 6.357938673318131e-06 6.040041625965387e-06 5.738039362768177e-06 5.451137440104503e-06 5.178580522624543e-06 4.919651473755948e-06 4.673669081967091e-06 4.439985787030309e-06 4.217986315779854e-06 4.007087227364536e-06 3.806732820521574e-06 3.616396270444966e-06 3.435576445554034e-06 3.263797680119751e-06 3.100607727901661e-06 2.945577307400526e-06 2.798298510242603e-06 2.658383664311259e-06 2.525464424252277e-06 2.399191089352826e-06 2.279231466673082e-06 2.16526996155153e-06 2.057006440736586e-06 1.954156232386595e-06 1.856448420767265e-06 1.763625959938508e-06 1.675444650572899e-06 1.591672457834648e-06 1.512088829258573e-06 1.436484353689593e-06 1.364660192848532e-06 1.296427171837422e-06 1.2316057791395e-06 1.170025484498183e-06 1.11152417048288e-06 1.055947905115318e-06 1.003150487122184e-06 9.529929911877844e-07 9.053433132066857e-07 8.60076170283719e-07 8.17072361769533e-07 7.762187692605949e-07 7.374078450084198e-07 7.005374413893151e-07 6.65510583530704e-07 6.322350714071945e-07 6.006233093103219e-07 5.70592135318293e-07 5.420625370788912e-07 5.149594244358013e-07 4.892114588983532e-07 4.647508831112646e-07 4.415133503243851e-07 4.194376970190206e-07 3.984658007993858e-07 3.785425235491857e-07 3.596153987928119e-07 3.416346316953423e-07 3.448019197094254e-05 0.0002179079019697383 0.0005454928614199162 0.001001976663246751 0.001576076727360487 0.002262027468532324 0.003052777610719204 0.003926397766917944 0.004869658965617418 0.005871557630598545 0.006932378280907869 0.00805099681019783 0.009226387366652489 0.01045631431043148 0.01174316555261612 0.01308862678706646 0.0144769623875618 0.01589531637728214 0.01734671555459499 0.01882164739072323 0.02031754329800606 0.0218309611082077 0.02335452660918236 0.02488810569047928 0.02643110603094101 0.02797013893723488 0.02950706891715527 0.03103880770504475 0.03256317600607872 0.03408223390579224 0.03559381887316704 0.03708811476826668 0.03856733068823814 0.04003292322158813 0.04148920997977257 0.04293797165155411 0.04438043758273125 0.04581771045923233 0.04724803566932678 0.04866737127304077
 0 0 0 0 0 0 0 0 0 0 0 0 0 0 0 0 0 0 0 0 0 0 0 0 0 0 0 0 0 0 0 0 0 0 0 0 0 0 0 0 0 0 0 0 0 0 0 0 0 0 0 0 0 0 0 0 0 0 0 0 0 0 0 0 0 0 0 0 0 0 0 0 0 0 0 0 0 0 0 0 0 0 0 0 0 0 0 0 0 0 0 0 0 0 0 0 0 0 0 0 0 0 0 0 0 0 0 0 0 0 0 0 0 0 0 0 0 0 0 0 0 0 0 0 0 0 0 0 0 0 0 0 0 0 0 0 0 0 0 0 0 0 0 0 0 0 0 0 0 0 0 0 0 0 0 0 0 0 0 0 0 0 0 0 0 0 0 0 0 0 0 0 0 0 0 0 0 0 0 0 0 0 0 0 0 0 0 0 0 0 0 0 0 0 0 0 0 0 0 0 0 0 0 0 0 0 0 0 0 0 0 0 0 0 0 0 0 0 0 0 0 0 0 0 0 0 0 0 0 0 0 0 0 0 0 0 0 0 0 0 0 0 0 0 0 0 0 0 0 0 0 0 0 0 0 0 0 0 0 0 0 0 0 0 0 0 0 0 0 0 0 0 0 0 0 0 0 0 0 0 0 0 0 0 0 0 0 0 0 0 0 0 0 0 0 0 0 0 0 0 0 0 0 0 0 0 0 0 0 0 0 0 0 0 0 0 0 0 0 0 0 0 0 0 0 0 0 0 0 0 0 0 0 0 0 0 0 0 0 0 0 0 0 0 0 0 0 0 0 0 0 0 0 0 0 0 0 0 0 0 0 0 0 0 0 0 0 0 0 0 0 0 0 0 0 0 0 0 0 0 0 0 0 0 0 0 0 0 0 0 0 0 0 0 0 0 0 0 0 0 0 0 0 0 0 0 0 0 0 0 0 0 0 0 0 0 0 0 0 0 0 0 0 0 0 0 0 0 0 0 0 0 0 0 0 0 0 0 0 0 0 0 0 0 0 0 0 0 0 0 0 0 0 0 0 0 0 0 0 0 0 0 0 0 0 0 0 0 0 0 0 0 0 0 0 0 0 0 0 0 0 0 0 0 0 0 0 0 0 0 0 0 0 0 0 0 0 0 0 0 0 0 0 0 0 0 0 0 0 0 0 0 0 0 0 0 0 0 0 0 0 0 0 0 0 0 0 0 0 0 0 0 0 0 0 0 0 0 0 0 0 0 0 0 0 0 0 0 0 0 0 0 0 0 0 0 0 0 0 0 0 0 0 0 0 0 0 0 0 0 0 0 0 0 0 0 0 0 0 0 0 0 0 0 0 0 0 0 0 0 0 0 0 0 0 0 0 0 0 0
 0 0 0 0 0 0 0 0 0 0 0 0 0 0 0 0 0 0 0 0 0 0 0 0 0 0 0 0 0 0 0 0 0 0 0 0 0 0 0 0 0 0 0 0 0 0 0 0 0 0 0 0 0 0 0 0 0 0 0 0 0 0 0 0 0 0 0 0 0 0 0 0 0 0 0 0 0 0 0 0 0 0 0 0 0 0 0 0 0 0 0 0 0 0 0 0 0 0 0 0 0 0 0 0 0 0 0 0 0 0 0 0 0 0 0 0 0 0 0 0 0 0 0 0 0 0 0 0 0 0 0 0 0 0 0 0 0 0 0 0 0 0 0 0 0 0 0 0 0 0 0 0 0 0 0 0 0 0 0 0 0 0 0 0 0 0 0 0 0 0 0 0 0 0 0 0 0 0 0 0 0 0 0 0 0 0 0 0 0 0 0 0 0 0 0 0 0 0 0 0 0 0 0 0 0 0 0 0 0 0 0 0 0 0 0 0 0 0 0 0 0 0 0 0 0 0 0 0 0 0 0 0 0 0 0 0 0 0 0 0 0 0 0 0 0 0 0 0 0 0 0 0 0 0 0 0 0 0 0 0 0 0 0 0 0 0 0 0 0 0 0 0 0 0 0 0 0 0 0 0 0 0 0 0 0 0 0 0 0 0 0 0 0 0 0 0 0 0 0 0 0 0 0 0 0 0 0 0 0 0 0 0 0 0 0 0 0 0 0 0 0 0 0 0 0 0 0 0 0 0 0 0 0 0 0 0 0 0 0 0 0 0 0 0 0 0 0 0 0 0 0 0 0 0 0 0 0 0 0 0 0 0 0 0 0 0 0 0 0 0 0 0 0 0 0 0 0 0 0 0 0 0 0 0 0 0 0 0 0 0 0 0 0 0 0 0 0 0 0 0 0 0 0 0 0 0 0 0 0 0 0 0 0 0 0 0 0 0 0 0 0 0 0 0 0 0 0 0 0 0 0 0 0 0 0 0 0 0 0 0 0 0 0 0 0 0 0 0 0 0 0 0 0 0 0 0 0 0 0 0 0 0 0 0 0 0 0 0 0 0 0 0 0 0 0 0 0 0 0 0 0 0 0 0 0 0 0 0 0 0 0 0 0 0 0 0 0 0 0 0 0 0 0 0 0 0 0 0 0 0 0 0 0 0 0 0 0 0 0 0 0 0 0 0 0 0 0 0 0 0 0 0 0 0 0 0 0 0 0 0 0 0 0 0 0 0 0 0 0 0 0 0 0 0 0 0 0 0 0 0 0 0 0 0 0 0 0 0 0 0 0 0 0 0 0 0 0 0 0 0 0 0 0 0 0 0 0 0 0 0 0 0 0 0 0 0 0 0 0 0
 0 0 0 0 0 0 0 0 0 0 0 0 0 0 0 0 0 0 0 0 0 0 0 0 0 0 0 0 0 0 0 0 0 0 0 0 0 0 0 0 0 0 0 0 0 0 0 0 0 0 0 0 0 0 0 0 0 0 0 0 0 0 0 0 0 0 0 0 0 0 0 0 0 0 0 0 0 0 0 0 0 0 0 0 0 0 0 0 0 0 0 0 0 0 0 0 0 0 0 0 0 0 0 0 0 0 0 0 0 0 0 0 0 0 0 0 0 0 0 0 0 0 0 0 0 0 0 0 0 0 0 0 0 0 0 0 0 0 0 0 0 0 0 0 0 0 0 0 0 0 0 0 0 0 0 0 0 0 0 0 0 0 0 0 0 0 0 0 0 0 0 0 0 0 0 0 0 0 0 0 0 0 0 0 0 0 0 0 0 0 0 0 0 0 0 0 0 0 0 0 0 0 0 0 0 0 0 0 0 0 0 0 0 0 0 0 0 0 0 0 0 0 0 0 0 0 0 0 0 0 0 0 0 0 0 0 0 0 0 0 0 0 0 0 0 0 0 0 0 0 0 0 0 0 0 0 0 0 0 0 0 0 0 0 0 0 0 0 0 0 0 0 0 0 0 0 0 0 0 0 0 0 0 0 0 0 0 0 0 0 0 0 0 0 0 0 0 0 0 0 0 0 0 0 0 0 0 0 0 0 0 0 0 0 0 0 0 0 0 0 0 0 0 0 0 0 0 0 0 0 0 0 0 0 0 0 0 0 0 0 0 0 0 0 0 0 0 0 0 0 0 0 0 0 0 0 0 0 0 0 0 0 0 0 0 0 0 0 0 0 0 0 0 0 0 0 0 0 0 0 0 0 0 0 0 0 0 0 0 0 0 0 0 0 0 0 0 0 0 0 0 0 0 0 0 0 0 0 0 0 0 0 0 0 0 0 0 0 0 0 0 0 0 0 0 0 0 0 0 0 0 0 0 0 0 0 0 0 0 0 0 0 0 0 0 0 0 0 0 0 0 0 0 0 0 0 0 0 0 0 0 0 0 0 0 0 0 0 0 0 0 0 0 0 0 0 0 0 0 0 0 0 0 0 0 0 0 0 0 0 0 0 0 0 0 0 0 0 0 0 0 0 0 0 0 0 0 0 0 0 0 0 0 0 0 0 0 0 0 0 0 0 0 0 0 0 0 0 0 0 0 0 0 0 0 0 0 0 0 0 0 0 0 0 0 0 0 0 0 0 0 0 0 0 0 0 0 0 0 0 0 0 0 0 0 0 0 0 0 0 0 0 0 0 0 0 0 0 0 0 0 0 0 0 0 0 0 0 0 0 0 0 0 0 0 0 0 0 0 0
 0 0 0 0 0 0 0 0 0 0 0 0 0 0 0 0 0 0 0 0 0 0 0 0 0 0 0 0 0 0 0 0 0 0 0 0 0 0 0 0 0 0 0 0 0 0 0 0 0 0 0 0 0 0 0 0 0 0 0 0 0 0 0 0 0 0 0 0 0 0 0 0 0 0 0 0 0 0 0 0 0 0 0 0 0 0 0 0 0 0 0 0 0 0 0 0 0 0 0 0 0 0 0 0 0 0 0 0 0 0 0 0 0 0 0 0 0 0 0 0 0 0 0 0 0 0 0 0 0 0 0 0 0 0 0 0 0 0 0 0 0 0 0 0 0 0 0 0 0 0 0 0 0 0 0 0 0 0 0 0 0 0 0 0 0 0 0 0 0 0 0 0 0 0 0 0 0 0 0 0 0 0 0 0 0 0 0 0 0 0 0 0 0 0 0 0 0 0 0 0 0 0 0 0 0 0 0 0 0 0 0 0 0 0 0 0 0 0 0 0 0 0 0 0 0 0 0 0 0 0 0 0 0 0 0 0 0 0 0 0 0 0 0 0 0 0 0 0 0 0 0 0 0 0 0 0 0 0 0 0 0 0 0 0 0 0 0 0 0 0 0 0 0 0 8.22043075459078e-05 0.000426685786806047 0.001006491365842521 0.001814159099012613 0.002828529803082347 0.004009014926850796 0.005351456813514233 0.006852434482425451 0.008496875874698162 0.01027742028236389 0.01218310091644526 0.01421498693525791 0.01634569093585014 0.01856791414320469 0.02085130661725998 0.02318749576807022 0.02558516524732113 0.0280308872461319 0.03051867336034775 0.03305003046989441 0.03562074154615402 0.03822790831327438 0.04087615013122559 0.04355940967798233 0.04627299681305885 0.04901303350925446 0.05177145078778267 0.05453143268823624 0.0572967529296875 0.06007599830627441 0.06285606324672699 0.06563521176576614 0.0684247761964798 0.07123252749443054 0.07404571026563644 0.076839879155159 0.07961229979991913 0.08236531913280487 0.08510230481624603 0.08783010393381119 0.09011601656675339 0.09103690087795258 0.09000714123249054 0.08667315542697906 0.08233949542045593 0.07822252064943314 0.07431139796972275 0.07059583067893982 0.06706603616476059 0.06371273100376129 0.06052709370851517 0.05750073865056038 0.05462570115923882 0.0518944151699543 0.0492996945977211 0.04683471098542213 0.04449297487735748 0.04226832464337349 0.04015490785241127 0.03814716264605522 0.03623980283737183 0.03442781418561935 0.03270642459392548 0.03107110410928726 0.02951754815876484 0.02804167009890079 0.02663958631455898 0.02530760690569878 0.02404222637414932 0.0228401143103838 0.0216981079429388 0.02061320282518864 0.01958254352211952 0.01860341615974903 0.01767324469983578 0.01678958162665367 0.01595010235905647 0.01515259686857462 0.0143949668854475 0.01367521844804287 0.01299145724624395 0.0123418839648366 0.01172478962689638 0.01113855000585318 0.01058162283152342 0.01005254127085209 0.009549913927912712 0.009072418324649334 0.008618797175586224 0.008187857456505299 0.007778464816510677 0.00738954171538353 0.007020064629614353 0.006669061258435249 0.006335608195513487 0.006018827669322491 0.00571788614615798 0.005431992001831532 0.005160392262041569 0.004902372602373362 0.004657254088670015 0.004424391314387321 0.00420317193493247 0.00399301340803504 0.003793362760916352 0.003603694727644324 0.003423509886488318 0.003252334427088499 0.003089717589318752 0.002935231663286686 0.00278847012668848 0.002649046713486314 0.002516594482585788 0.002390764653682709 0.002271226374432445 0.002157665090635419 0.00204978184774518 0.001947292708791792 0.001849928055889904 0.001757431658916175 0.001669560093432665 0.001586082042194903 0.001506777945905924 0.001431439071893692 0.001359867164865136 0.00129187386482954 0.001227280125021935 0.001165916095487773 0.001107620308175683 0.001052239327691495 0.0009996274020522833 0.0009496460552327335 0.0009021637379191816 0.0008570555364713073 0.000814202765468508 0.0007734926184639335 0.0007348179933615029 0.0006980770849622786 0.0006631732103414834 0.0006300145760178566 0.0005985138705000281 0.0005685881478711963 0.000540158711373806 0.0005131507641635835 0.0004874932346865535 0.0004631185729522258 0.0004399626341182739 0.0004179645038675517 0.0003970662655774504 0.0003772129421122372 0.0003583522920962423 0.0003404346643947065 0.0003234129399061203 0.0003072422987315804 0.000291880191070959 0.0002772861917037517 0.0002634218835737556 0.0002502507995814085 0.0002377382625127211 0.0002258513559354469 0.0002145587932318449 0.0002038308593910187 0.0001936393091455102 0.0001839573378674686 0.0001747594651533291 0.0001660214911680669 0.0001577204093337059 0.0001498343917774037 0.0001423426729161292 0.0001352255349047482 0.0001284642639802769 0.0001220410485984758 0.0001159389939857647 0.0001101420421036892 0.0001046349425450899 9.940319432644174e-05 9.443303133593872e-05 8.971137867774814e-05 8.522580901626498e-05 8.096452074823901e-05 7.691629434702918e-05 7.307047781068832e-05 6.941695755813271e-05 6.594610749743879e-05 6.264880357775837e-05 5.951636194367893e-05 5.65405425732024e-05 5.371351653593592e-05 5.102784052724019e-05 4.847644959227182e-05 4.605262802215293e-05 4.374999844003469e-05 4.156249997322448e-05 3.948437370127067e-05 3.751015538000502e-05 3.563464633771218e-05 3.385291347512975e-05 3.216026743757538e-05 3.05522553389892e-05 2.902464257203974e-05 2.757341098913457e-05 2.619474071252625e-05 2.488500285835471e-05 2.364075226068962e-05 2.245871473860461e-05 2.133577982021961e-05 2.026899164775386e-05 1.925554170156829e-05 1.82927651621867e-05 1.737812635838054e-05 1.650922058615834e-05 1.568375955685042e-05 1.489957139710896e-05 1.415459246345563e-05 1.344686279480811e-05 1.277451974601718e-05 1.213579344039317e-05 1.152900404122192e-05 1.095255356631242e-05 1.04049258879968e-05 9.884679457172751e-06 9.390445484314114e-06 8.920923391997349e-06 8.474877176922746e-06 8.051133590925019e-06 7.648576684005093e-06 7.266147804330103e-06 6.902840596012538e-06 6.557698725373484e-06 6.22981360720587e-06 5.918323040532414e-06 5.622407115879469e-06 5.341286851034965e-06 5.074222372059012e-06 4.820511094294488e-06 4.579485448630294e-06 4.350511062511941e-06 4.132985395699507e-06 3.926335921278223e-06 3.730019216163782e-06 3.543518232618226e-06 3.366342298249947e-06 3.198025297024287e-06 3.038124077647808e-06 2.886217771447264e-06 2.7419068828749e-06 2.604811470519053e-06 2.474570919730468e-06 2.350842351006577e-06 2.233300165244145e-06 2.121635134244571e-06 2.01555349121918e-06 1.914775793920853e-06 1.819037038330862e-06 1.728085180729977e-06 1.641680910324794e-06 1.559596853439871e-06 1.481617005083535e-06 1.4075361605137e-06 1.337159346803674e-06 1.270301368094806e-06 1.206786350849143e-06 1.146447061728395e-06 1.089124680220266e-06 1.034668457577936e-06 9.829350346990395e-07 9.337882715954038e-07 8.870988494891208e-07 8.427439297520323e-07 8.006067560017982e-07 7.605764267282211e-07 7.22547611076152e-07 6.864202077849768e-07 6.520991746583604e-07 6.194942443471518e-07 5.885195264454524e-07 5.590935643340345e-07 5.311388804329908e-07 5.045819193583156e-07 4.793528205482289e-07 4.553851908895012e-07 4.326159341871971e-07 4.109851374778373e-07 3.904358720774326e-07 3.709140798946464e-07 3.523683744788286e-07 3.347499557548872e-07 3.180124679147411e-07 0.0001261142315343022 0.0004132446774747223 0.0008344196248799562 0.00137342675589025 0.002017927821725607 0.002754899673163891 0.003580461256206036 0.004479594528675079 0.005445541813969612 0.006477391347289085 0.0075766840018332 0.008741492405533791 0.009972047060728073 0.01126708090305328 0.0126272551715374 0.014049356803298 0.01550963521003723 0.01699510030448437 0.01850664615631104 0.02003251947462559 0.02157619781792164 0.02313626930117607 0.02469974383711815 0.02626878768205643 0.02783419564366341 0.02939713560044765 0.03095450811088085 0.03250476345419884 0.03404597565531731 0.03557742014527321 0.03709748014807701 0.0386027917265892 0.04009699448943138 0.04158248379826546 0.04306399449706078 0.04453953355550766 0.04600998759269714 0.04747846722602844
 0 0 0 0 0 0 0 0 0 0 0 0 0 0 0 0 0 0 0 0 0 0 0 0 0 0 0 0 0 0 0 0 0 0 0 0 0 0 0 0 0 0 0 0 0 0 0 0 0 0 0 0 0 0 0 0 0 0 0 0 0 0 0 0 0 0 0 0 0 0 0 0 0 0 0 0 0 0 0 0 0 0 0 0 0 0 0 0 0 0 0 0 0 0 0 0 0 0 0 0 0 0 0 0 0 0 0 0 0 0 0 0 0 0 0 0 0 0 0 0 0 0 0 0 0 0 0 0 0 0 0 0 0 0 0 0 0 0 0 0 0 0 0 0 0 0 0 0 0 0 0 0 0 0 0 0 0 0 0 0 0 0 0 0 0 0 0 0 0 0 0 0 0 0 0 0 0 0 0 0 0 0 0 0 0 0 0 0 0 0 0 0 0 0 0 0 0 0 0 0 0 0 0 0 0 0 0 0 0 0 0 0 0 0 0 0 0 0 0 0 0 0 0 0 0 0 0 0 0 0 0 0 0 0 0 0 0 0 0 0 0 0 0 0 0 0 0 0 0 0 0 0 0 0 0 0 0 0 0 0 0 0 0 0 0 0 0 0 0 0 0 0 0 0 0 0 0 0 0 0 0 0 0 0 0 0 0 0 0 0 0 0 0 0 0 0 0 0 0 0 0 0 0 0 0 0 0 0 0 0 0 0 0 0 0 0 0 0 0 0 0 0 0 0 0 0 0 0 0 0 0 0 0 0 0 0 0 0 0 0 0 0 0 0 0 0 0 0 0 0 0 0 0 0 0 0 0 0 0 0 0 0 0 0 0 0 0 0 0 0 0 0 0 0 0 0 0 0 0 0 0 0 0 0 0 0 0 0 0 0 0 0 0 0 0 0 0 0 0 0 0 0 0 0 0 0 0 0 0 0 0 0 0 0 0 0 0 0 0 0 0 0 0 0 0 0 0 0 0 0 0 0 0 0 0 0 0 0 0 0 0 0 0 0 0 0 0 0 0 0 0 0 0 0 0 0 0 0 0 0 0 0 0 0 0 0 0 0 0 0 0 0 0 0 0 0 0 0 0 0 0 0 0 0 0 0 0 0 0 0 0 0 0 0 0 0 0 0 0 0 0 0 0 0 0 0 0 0 0 0 0 0 0 0 0 0 0 0 0 0 0 0 0 0 0 0 0 0 0 0 0 0 0 0 0 0 0 0 0 0 0 0 0 0 0 0 0 0 0 0 0 0 0 0 0 0 0 0 0 0 0 0 0 0 0 0 0 0 0 0 0 0 0 0 0 0 0 0 0 0 0 0 0 0 0 0 0 0 0 0 0 0 0 0 0 0 0 0 0 0
 0 0 0 0 0 0 0 0 0 0 0 0 0 0 0 0 0 0 0 0 0 0 0 0 0 0 0 0 0 0 0 0 0 0 0 0 0 0 0 0 0 0 0 0 0 0 0 0 0 0 0 0 0 0 0 0 0 0 0 0 0 0 0 0 0 0 0 0 0 0 0 0 0 0 0 0 0 0 0 0 0 0 0 0 0 0 0 0 0 0 0 0 0 0 0 0 0 0 0 0 0 0 0 0 0 0 0 0 0 0 0 0 0 0 0 0 0 0 0 0 0 0 0 0 0 0 0 0 0 0 0 0 0 0 0 0 0 0 0 0 0 0 0 0 0 0 0 0 0 0 0 0 0 0 0 0 0 0 0 0 0 0 0 0 0 0 0 0 0 0 0 0 0 0 0 0 0 0 0 0 0 0 0 0 0 0 0 0 0 0 0 0 0 0 0 0 0 0 0 0 0 0 0 0 0 0 0 0 0 0 0 0 0 0 0 0 0 0 0 0 0 0 0 0 0 0 0 0 0 0 0 0 0 0 0 0 0 0 0 0 0 0 0 0 0 0 0 0 0 0 0 0 0 0 0 0 0 0 0 0 0 0 0 0 0 0 0 0 0 0 0 0 0 0 0 0 0 0 0 0 0 0 0 0 0 0 0 0 0 0 0 0 0 0 0 0 0 0 0 0 0 0 0 0 0 0 0 0 0 0 0 0 0 0 0 0 0 0 0 0 0 0 0 0 0 0 0 0 0 0 0 0 0 0 0 0 0 0 0 0 0 0 0 0 0 0 0 0 0 0 0 0 0 0 0 0 0 0 0 0 0 0 0 0 0 0 0 0 0 0 0 0 0 0 0 0 0 0 0 0 0 0 0 0 0 0 0 0 0 0 0 0 0 0 0 0 0 0 0 0 0 0 0 0 0 0 0 0 0 0 0 0 0 0 0 0 0 0 0 0 0 0 0 0 0 0 0 0 0 0 0 0 0 0 0 0 0 0 0 0 0 0 0 0 0 0 0 0 0 0 0 0 0 0 0 0 0 0 0 0 0 0 0 0 0 0 0 0 0 0 0 0 0 0 0 0 0 0 0 0 0 0 0 0 0 0 0 0 0 0 0 0 0 0 0 0 0 0 0 0 0 0 0 0 0 0 0 0 0 0 0 0 0 0 0 0 0 0 0 0 0 0 0 0 0 0 0 0 0 0 0 0 0 0 0 0 0 0 0 0 0 0 0 0 0 0 0 0 0 0 0 0 0 0 0 0 0 0 0 0 0 0 0 0 0 0 0 0 0 0 0 0 0 0 0 0 0 0 0 0 0 0 0 0 0 0 0 0 0 0 0 0 0 0 0 0 0 0 0 0
 0 0 0 0 0 0 0 0 0 0 0 0 0 0 0 0 0 0 0 0 0 0 0 0 0 0 0 0 0 0 0 0 0 0 0 0 0 0 0 0 0 0 0 0 0 0 0 0 0 0 0 0 0 0 0 0 0 0 0 0 0 0 0 0 0 0 0 0 0 0 0 0 0 0 0 0 0 0 0 0 0 0 0 0 0 0 0 0 0 0 0 0 0 0 0 0 0 0 0 0 0 0 0 0 0 0 0 0 0 0 0 0 0 0 0 0 0 0 0 0 0 0 0 0 0 0 0 0 0 0 0 0 0 0 0 0 0 0 0 0 0 0 0 0 0 0 0 0 0 0 0 0 0 0 0 0 0 0 0 0 0 0 0 0 0 0 0 0 0 0 0 0 0 0 0 0 0 0 0 0 0 0 0 0 0 0 0 0 0 0 0 0 0 0 0 0 0 0 0 0 0 0 0 0 0 0 0 0 0 0 0 0 0 0 0 0 0 0 0 0 0 0 0 0 0 0 0 0 0 0 0 0 0 0 0 0 0 0 0 0 0 0 0 0 0 0 0 0 0 0 0 0 0 0 0 0 0 0 0 0 0 0 0 0 0 0 0 0 0 0 0 0 0 0 0 0 0 0 0 0 0 0 0 0 0 0 0 0 0 0 0 0 0 0 0 0 0 0 0 0 0 0 0 0 0 0 0 0 0 0 0 0 0 0 0 0 0 0 0 0 0 0 0 0 0 0 0 0 0 0 0 0 0 0 0 0 0 0 0 0 0 0 0 0 0 0 0 0 0 0 0 0 0 0 0 0 0 0 0 0 0 0 0 0 0 0 0 0 0 0 0 0 0 0 0 0 0 0 0 0 0 0 0 0 0 0 0 0 0 0 0 0 0 0 0 0 0 0 0 0 0 0 0 0 0 0 0 0 0 0 0 0 0 0 0 0 0 0 0 0 0 0 0 0 0 0 0 0 0 0 0 0 0 0 0 0 0 0 0 0 0 0 0 0 0 0 0 0 0 0 0 0 0 0 0 0 0 0 0 0 0 0 0 0 0 0 0 0 0 0 0 0 0 0 0 0 0 0 0 0 0 0 0 0 0 0 0 0 0 0 0 0 0 0 0 0 0 0 0 0 0 0 0 0 0 0 0 0 0 0 0 0 0 0 0 0 0 0 0 0 0 0 0 0 0 0 0 0 0 0 0 0 0 0 0 0 0 0 0 0 0 0 0 0 0 0 0 0 0 0 0 0 0 0 0 0 0 0 0 0 0 0 0 0 0 0 0 0 0 0 0 0 0 0 0 0 0 0 0 0 0 0 0 0 0 0 0 0 0 0 0 0 0 0 0 0 0 0 0 0
 0 0 0 0 0 0 0 0 0 0 0 0 0 0 0 0 0 0 0 0 0 0 0 0 0 0 0 0 0 0 0 0 0 0 0 0 0 0 0 0 0 0 0 0 0 0 0 0 0 0 0 0 0 0 0 0 0 0 0 0 0 0 0 0 0 0 0 0 0 0 0 0 0 0 0 0 0 0 0 0 0 0 0 0 0 0 0 0 0 0 0 0 0 0 0 0 0 0 0 0 0 0 0 0 0 0 0 0 0 0 0 0 0 0 0 0 0 0 0 0 0 0 0 0 0 0 0 0 0 0 0 0 0 0 0 0 0 0 0 0 0 0 0 0 0 0 0 0 0 0 0 0 0 0 0 0 0 0 0 0 0 0 0 0 0 0 0 0 0 0 0 0 0 0 0 0 0 0 0 0 0 0 0 0 0 0 0 0 0 0 0 0 0 0 0 0 0 0 0 0 0 0 0 0 0 0 0 0 0 0 0 0 0 0 0 0 0 0 0 0 0 0 0 0 0 0 0 0 0 0 0 0 0 0 0 0 0 0 0 0 0 0 0 0 0 0 0 0 0 0 0 0 0 0 0 0 0 0 0 0 0 0 0 0 0 0 0 0 0 0 0 0 0 0 0.0001494269381510094 0.0005415045307017863 0.001175632583908737 0.002028629183769226 0.003073029452934861 0.004293916746973991 0.005678032990545034 0.007204499561339617 0.008863365277647972 0.01063493639230728 0.01251892186701298 0.01450712233781815 0.01660118252038956 0.01878884062170982 0.02106479369103909 0.02339368686079979 0.02578185498714447 0.02822687663137913 0.0307270921766758 0.0332714207470417 0.03584869578480721 0.03845906630158424 0.04109997302293777 0.04376605153083801 0.04645207151770592 0.04915208369493484 0.05186514556407928 0.05459532141685486 0.05732999369502068 0.06007155030965805 0.06280529499053955 0.0655396580696106 0.06827890872955322 0.07102981209754944 0.07379499077796936 0.0765819326043129 0.07935145497322083 0.08210098743438721 0.08483762294054031 0.08756601810455322 0.08981077373027802 0.09066028147935867 0.08953829109668732 0.08610863238573074 0.08180320262908936 0.07771304249763489 0.07382739335298538 0.07013602554798126 0.06662922352552414 0.06329776346683502 0.06013287603855133 0.0571262314915657 0.05426992103457451 0.05155642330646515 0.04897860065102577 0.04652966931462288 0.04420318454504013 0.04199302569031715 0.03989337384700775 0.0378987044095993 0.03600376844406128 0.03420358151197433 0.03249340131878853 0.03086873143911362 0.02932529523968697 0.0278590302914381 0.02646607905626297 0.02514277584850788 0.02388563752174377 0.02269135601818562 0.02155678905546665 0.02047894895076752 0.01945500075817108 0.01848225109279156 0.01755813881754875 0.01668023131787777 0.01584621891379356 0.01505390834063292 0.01430121250450611 0.01358615234494209 0.01290684472769499 0.01226150244474411 0.01164842769503593 0.01106600649654865 0.01051270589232445 0.009987070225179195 0.009487716481089592 0.009013330563902855 0.008562663570046425 0.008134530857205391 0.007727804128080606 0.007341413758695126 0.006974343210458755 0.006625626236200333 0.006294345017522573 0.005979627836495638 0.005680646281689405 0.005396613851189613 0.005126783158630133 0.004870444070547819 0.004626921843737364 0.004395575728267431 0.00417579710483551 0.003967007156461477 0.003768656868487597 0.003580224001780152 0.003401212859898806 0.003231152193620801 0.003069594502449036 0.002916114870458841 0.002770309103652835 0.002631793729960918 0.00250020413659513 0.002375193871557713 0.002256434177979827 0.002143612364307046 0.002036431804299355 0.001934610190801322 0.001837879652157426 0.001745985704474151 0.001658686436712742 0.001575752161443233 0.001496964599937201 0.001422116416506469 0.001351010636426508 0.00128346006385982 0.001219287049025297 0.001158322673290968 0.001100406516343355 0.001045386190526187 0.000993116875179112 0.0009434610255993903 0.0008962879655882716 0.0008514735382050276 0.0008088998729363084 0.0007684548618271947 0.0007300321012735367 0.0006935304845683277 0.0006588539690710604 0.0006259112851694226 0.0005946157034486532 0.0005648849182762206 0.0005366406985558569 0.000509808654896915 0.000484318210510537 0.0004601023101713508 0.0004370971873868257 0.000415242335293442 0.0003944802156183869 0.000374756200471893 0.0003560183977242559 0.0003382174763828516 0.0003213066083844751 0.0003052412648685277 0.0002899792161770165 0.0002754802699200809 0.0002617062418721616 0.0002486209268681705 0.000236189880524762 0.0002243803901365027 0.0002131613728124648 0.0002025033027166501 0.0001923781383084133 0.0001827592350309715 0.0001736212725518271 0.0001649402111070231 0.0001566932041896507 0.0001488585403421894 0.0001414156140526757 0.0001343448384432122 0.0001276276016142219 0.0001212462229887024 0.00011518390965648 0.0001094247127184644 0.0001039534763549455 9.875580144580454e-05 9.381800919072703e-05 8.91271120053716e-05 8.467075531370938e-05 8.043721754802391e-05 7.641535921720788e-05 7.259459380293265e-05 6.896486593177542e-05 6.551662227138877e-05 6.224078970262781e-05 5.912874985369854e-05 5.617231363430619e-05 5.336369940778241e-05 5.069551480119117e-05 4.816073851543479e-05 4.575270213535987e-05 4.346506830188446e-05 4.129181616008282e-05 3.92272268072702e-05 3.726586510310881e-05 3.540257239365019e-05 3.363244468346238e-05 3.19508217216935e-05 3.035327972611412e-05 2.883561501221266e-05 2.739383489824831e-05 2.60241431533359e-05 2.472293635946698e-05 2.34867893595947e-05 2.231244980066549e-05 2.119682721968275e-05 2.013698576774914e-05 1.913013693410903e-05 1.817363045120146e-05 1.726494883769192e-05 1.640170194150414e-05 1.55816160258837e-05 1.48025355883874e-05 1.406240880896803e-05 1.33592884594691e-05 1.26913237181725e-05 1.20567574413144e-05 1.145391979662236e-05 1.088122371584177e-05 1.03371621662518e-05 9.82030360319186e-06 9.329288332082797e-06 8.862823960953392e-06 8.419682671956252e-06 7.998698492883705e-06 7.59876365918899e-06 7.218825430754805e-06 6.857884272903902e-06 6.51499021842028e-06 6.189240593812428e-06 5.879778655071277e-06 5.585789949691389e-06 5.306500497681554e-06 5.041175427322742e-06 4.78911670143134e-06 4.549660843622405e-06 4.32217802881496e-06 4.106069354747888e-06 3.900765932485228e-06 3.705727522174129e-06 3.52044116880279e-06 3.344419155837386e-06 3.177198095727363e-06 3.018338247784413e-06 2.867421244445723e-06 2.724050091273966e-06 2.587847575341584e-06 2.458455128362402e-06 2.335532371944282e-06 2.218755753347068e-06 2.107817863361561e-06 2.002426981562166e-06 1.902305598378007e-06 1.807190301406081e-06 1.716830752229725e-06 1.630989231671265e-06 1.549439730297308e-06 1.471967721045075e-06 1.398369363414531e-06 1.328450935034198e-06 1.262028376913804e-06 1.198926952383772e-06 1.13898056497419e-06 1.082031531041139e-06 1.027930011332501e-06 9.765335562406108e-07 9.277068784285802e-07 8.813215117697837e-07 8.37255413443927e-07 7.95392622876534e-07 7.556229775218526e-07 7.1784182864576e-07 6.819497571086686e-07 6.478522891484317e-07 6.154596690066683e-07 5.846866883985058e-07 5.554523454520677e-07 5.276797310216352e-07 5.012957444705535e-07 4.762309515626839e-07 4.52419413932148e-07 4.297984332879423e-07 4.08308522992229e-07 3.878930954215321e-07 3.684984335450281e-07 3.500735203942895e-07 8.894069469533861e-05 0.0003154867445118725 0.0006625839741900563 0.001128556672483683 0.001703335903584957 0.002385061699897051 0.003162910230457783 0.004035529680550098 0.005003865342587233 0.006052711047232151 0.007180624641478062 0.008378945291042328 0.009645634330809116 0.01098707597702742 0.01238673180341721 0.01383044011890888 0.01531185396015644 0.01682903058826923 0.01837660372257233 0.0199394766241312 0.02151420712471008 0.0230975728482008 0.02467767149209976 0.02625620365142822 0.02783853560686111 0.02942594513297081 0.03102116100490093 0.03261386230587959 0.03420566394925117 0.0357949510216713 0.03738377615809441 0.03897151723504066 0.040557861328125 0.04214242845773697 0.04372657462954521 0.0453110970556736 0.04689947888255119 0.04849155992269516 0.05008567124605179 0.05167620256543159
 0 0 0 0 0 0 0 0 0 0 0 0 0 0 0 0 0 0 0 0 0 0 0 0 0 0 0 0 0 0 0 0 0 0 0 0 0 0 0 0 0 0 0 0 0 0 0 0 0 0 0 0 0 0 0 0 0 0 0 0 0 0 0 0 0 0 0 0 0 0 0 0 0 0 0 0 0 0 0 0 0 0 0 0 0 0 0 0 0 0 0 0 0 0 0 0 0 0 0 0 0 0 0 0 0 0 0 0 0 0 0 0 0 0 0 0 0 0 0 0 0 0 0 0 0 0 0 0 0 0 0 0 0 0 0 0 0 0 0 0 0 0 0 0 0 0 0 0 0 0 0 0 0 0 0 0 0 0 0 0 0 0 0 0 0 0 0 0 0 0 0 0 0 0 0 0 0 0 0 0 0 0 0 0 0 0 0 0 0 0 0 0 0 0 0 0 0 0 0 0 0 0 0 0 0 0 0 0 0 0 0 0 0 0 0 0 0 0 0 0 0 0 0 0 0 0 0 0 0 0 0 0 0 0 0 0 0 0 0 0 0 0 0 0 0 0 0 0 0 0 0 0 0 0 0 0 0 0 0 0 0 0 0 0 0 0 0 0 0 0 0 0 0 0 0 0 0 0 0 0 0 0 0 0 0 0 0 0 0 0 0 0 0 0 0 0 0 0 0 0 0 0 0 0 0 0 0 0 0 0 0 0 0 0 0 0 0 0 0 0 0 0 0 0 0 0 0 0 0 0 0 0 0 0 0 0 0 0 0 0 0 0 0 0 0 0 0 0 0 0 0 0 0 0 0 0 0 0 0 0 0 0 0 0 0 0 0 0 0 0 0 0 0 0 0 0 0 0 0 0 0 0 0 0 0 0 0 0 0 0 0 0 0 0 0 0 0 0 0 0 0 0 0 0 0 0 0 0 0 0 0 0 0 0 0 0 0 0 0 0 0 0 0 0 0 0 0 0 0 0 0 0 0 0 0 0 0 0 0 0 0 0 0 0 0 0 0 0 0 0 0 0 0 0 0 0 0 0 0 0 0 0 0 0 0 0 0 0 0 0 0 0 0 0 0 0 0 0 0 0 0 0 0 0 0 0 0 0 0 0 0 0 0 0 0 0 0 0 0 0 0 0 0 0 0 0 0 0 0 0 0 0 0 0 0 0 0 0 0 0 0 0 0 0 0 0 0 0 0 0 0 0 0 0 0 0 0 0 0 0 0 0 0 0 0 0 0 0 0 0 0 0 0 0 0 0 0 0 0 0 0 0 0 0 0 0 0 0 0 0 0 0 0 0 0 0 0 0 0 0 0 0 0 0 0 0 0 0 0 0 0 0 0 0 0 0 0 0 0 0
 0 0 0 0 0 0 0 0 0 0 0 0 0 0 0 0 0 0 0 0 0 0 0 0 0 0 0 0 0 0 0 0 0 0 0 0 0 0 0 0 0 0 0 0 0 0 0 0 0 0 0 0 0 0 0 0 0 0 0 0 0 0 0 0 0 0 0 0 0 0 0 0 0 0 0 0 0 0 0 0 0 0 0 0 0 0 0 0 0 0 0 0 0 0 0 0 0 0 0 0 0 0 0 0 0 0 0 0 0 0 0 0 0 0 0 0 0 0 0 0 0 0 0 0 0 0 0 0 0 0 0 0 0 0 0 0 0 0 0 0 0 0 0 0 0 0 0 0 0 0 0 0 0 0 0 0 0 0 0 0 0 0 0 0 0 0 0 0 0 0 0 0 0 0 0 0 0 0 0 0 0 0 0 0 0 0 0 0 0 0 0 0 0 0 0 0 0 0 0 0 0 0 0 0 0 0 0 0 0 0 0 0 0 0 0 0 0 0 0 0 0 0 0 0 0 0 0 0 0 0 0 0 0 0 0 0 0 0 0 0 0 0 0 0 0 0 0 0 0 0 0 0 0 0 0 0 0 0 0 0 0 0 0 0 0 0 0 0 0 0 0 0 0 0 0 0 0 0 0 0 0 0 0 0 0 0 0 0 0 0 0 0 0 0 0 0 0 0 0 0 0 0 0 0 0 0 0 0 0 0 0 0 0 0 0 0 0 0 0 0 0 0 0 0 0 0 0 0 0 0 0 0 0 0 0 0 0 0 0 0 0 0 0 0 0 0 0 0 0 0 0 0 0 0 0 0 0 0 0 0 0 0 0 0 0 0 0 0 0 0 0 0 0 0 0 0 0 0 0 0 0 0 0 0 0 0 0 0 0 0 0 0 0 0 0 0 0 0 0 0 0 0 0 0 0 0 0 0 0 0 0 0 0 0 0 0 0 0 0 0 0 0 0 0 0 0 0 0 0 0 0 0 0 0 0 0 0 0 0 0 0 0 0 0 0 0 0 0 0 0 0 0 0 0 0 0 0 0 0 0 0 0 0 0 0 0 0 0 0 0 0 0 0 0 0 0 0 0 0 0 0 0 0 0 0 0 0 0 0 0 0 0 0 0 0 0 0 0 0 0 0 0 0 0 0 0 0 0 0 0 0 0 0 0 0 0 0 0 0 0 0 0 0 0 0 0 0 0 0 0 0 0 0 0 0 0 0 0 0 0 0 0 0 0 0 0 0 0 0 0 0 0 0 0 0 0 0 0 0 0 0 0 0 0 0 0 0 0 0 0 0 0 0 0 0 0 0 0 0 0 0 0 0 0 0 0 0 0 0 0 0 0 0 0 0 0 0 0 0 0
 0 0 0 0 0 0 0 0 0 0 0 0 0 0 0 0 0 0 0 0 0 0 0 0 0 0 0 0 0 0 0 0 0 0 0 0 0 0 0 0 0 0 0 0 0 0 0 0 0 0 0 0 0 0 0 0 0 0 0 0 0 0 0 0 0 0 0 0 0 0 0 0 0 0 0 0 0 0 0 0 0 0 0 0 0 0 0 0 0 0 0 0 0 0 0 0 0 0 0 0 0 0 0 0 0 0 0 0 0 0 0 0 0 0 0 0 0 0 0 0 0 0 0 0 0 0 0 0 0 0 0 0 0 0 0 0 0 0 0 0 0 0 0 0 0 0 0 0 0 0 0 0 0 0 0 0 0 0 0 0 0 0 0 0 0 0 0 0 0 0 0 0 0 0 0 0 0 0 0 0 0 0 0 0 0 0 0 0 0 0 0 0 0 0 0 0 0 0 0 0 0 0 0 0 0 0 0 0 0 0 0 0 0 0 0 0 0 0 0 0 0 0 0 0 0 0 0 0 0 0 0 0 0 0 0 0 0 0 0 0 0 0 0 0 0 0 0 0 0 0 0 0 0 0 0 0 0 0 0 0 0 0 0 0 0 0 0 0 0 0 0 0 0 0 0 0 0 0 0 0 0 0 0 0 0 0 0 0 0 0 0 0 0 0 0 0 0 0 0 0 0 0 0 0 0 0 0 0 0 0 0 0 0 0 0 0 0 0 0 0 0 0 0 0 0 0 0 0 0 0 0 0 0 0 0 0 0 0 0 0 0 0 0 0 0 0 0 0 0 0 0 0 0 0 0 0 0 0 0 0 0 0 0 0 0 0 0 0 0 0 0 0 0 0 0 0 0 0 0 0 0 0 0 0 0 0 0 0 0 0 0 0 0 0 0 0 0 0 0 0 0 0 0 0 0 0 0 0 0 0 0 0 0 0 0 0 0 0 0 0 0 0 0 0 0 0 0 0 0 0 0 0 0 0 0 0 0 0 0 0 0 0 0 0 0 0 0 0 0 0 0 0 0 0 0 0 0 0 0 0 0 0 0 0 0 0 0 0 0 0 0 0 0 0 0 0 0 0 0 0 0 0 0 0 0 0 0 0 0 0 0 0 0 0 0 0 0 0 0 0 0 0 0 0 0 0 0 0 0 0 0 0 0 0 0 0 0 0 0 0 0 0 0 0 0 0 0 0 0 0 0 0 0 0 0 0 0 0 0 0 0 0 0 0 0 0 0 0 0 0 0 0 0 0 0 0 0 0 0 0 0 0 0 0 0 0 0 0 0 0 0 0 0 0 0 0 0 0 0 0 0 0 0 0 0 0 0 0 0 0 0 0 0 0 0 0 0 0 0 0
 0 0 0 0 0 0 0 0 0 0 0 0 0 0 0 0 0 0 0 0 0 0 0 0 0 0 0 0 0 0 0 0 0 0 0 0 0 0 0 0 0 0 0 0 0 0 0 0 0 0 0 0 0 0 0 0 0 0 0 0 0 0 0 0 0 0 0 0 0 0 0 0 0 0 0 0 0 0 0 0 0 0 0 0 0 0 0 0 0 0 0 0 0 0 0 0 0 0 0 0 0 0 0 0 0 0 0 0 0 0 0 0 0 0 0 0 0 0 0 0 0 0 0 0 0 0 0 0 0 0 0 0 0 0 0 0 0 0 0 0 0 0 0 0 0 0 0 0 0 0 0 0 0 0 0 0 0 0 0 0 0 0 0 0 0 0 0 0 0 0 0 0 0 0 0 0 0 0 0 0 0 0 0 0 0 0 0 0 0 0 0 0 0 0 0 0 0 0 0 0 0 0 0 0 0 0 0 0 0 0 0 0 0 0 0 0 0 0 0 0 0 0 0 0 0 0 0 0 0 0 0 0 0 0 0 0 0 0 0 0 0 0 0 0 0 0 0 0 0 0 0 0 0 0 0 0 0 0 0 0 0 0 0 0 0 0 0 0 0 0 0 0 0 0 9.923259494826198e-05 0.0004459858464542776 0.001033157226629555 0.001833474263548851 0.002822532318532467 0.003979046829044819 0.005304903723299503 0.006785387173295021 0.00842223409563303 0.01018666662275791 0.0120654609054327 0.01405514776706696 0.0161651037633419 0.01836786605417728 0.02063564211130142 0.02295891940593719 0.02534221671521664 0.02777606062591076 0.03025313094258308 0.03277363628149033 0.03533120825886726 0.03793760389089584 0.04059549048542976 0.04329522326588631 0.04603013768792152 0.04878104478120804 0.05154648795723915 0.05432397872209549 0.0571051724255085 0.05989246070384979 0.06269140541553497 0.06549020856618881 0.06829550862312317 0.0711151510477066 0.07392174750566483 0.07671105116605759 0.07947836816310883 0.08222925662994385 0.0849686786532402 0.08769702911376953 0.09010060876607895 0.09119381010532379 0.09036200493574142 0.08724553883075714 0.08288326114416122 0.07873909920454025 0.07480214536190033 0.07106203585863113 0.06750893592834473 0.06413348764181137 0.06092681363224983 0.0578804723918438 0.05498644709587097 0.0522371232509613 0.04962526634335518 0.04714400321245193 0.04478680342435837 0.04254746437072754 0.04042009264230728 0.03839908912777901 0.03647913411259651 0.03465517610311508 0.0329224169254303 0.03127629682421684 0.02971248142421246 0.02822685800492764 0.026815515011549 0.02547473832964897 0.02420100197196007 0.02299095131456852 0.02184140309691429 0.02074933238327503 0.01971186511218548 0.01872627250850201 0.01778995804488659 0.01690045930445194 0.01605543680489063 0.01525266468524933 0.01449003163725138 0.01376552972942591 0.01307725347578526 0.01242339052259922 0.01180222071707249 0.01121210958808661 0.01065150368958712 0.0101189287379384 0.009612982161343098 0.009132333099842072 0.008675716817378998 0.008241930976510048 0.007829834707081318 0.007438343018293381 0.007066425867378712 0.00671310443431139 0.006377449259161949 0.006058576982468367 0.005755648016929626 0.005467865616083145 0.005194472149014473 0.004934748634696007 0.004688011016696692 0.004453610628843307 0.004230930004268885 0.00401938334107399 0.00381841417402029 0.003627493511885405 0.003446118906140327 0.003273813053965569 0.00311012240126729 0.002954616211354733 0.002806885400786996 0.002666541142389178 0.002533214166760445 0.002406553365290165 0.002286225790157914 0.002171914558857679 0.00206331885419786 0.001960152992978692 0.001862145378254354 0.001769038150086999 0.001680586254224181 0.001596556976437569 0.00151672912761569 0.00144089269451797 0.001368848024867475 0.001300405594520271 0.001235385308973491 0.001173616037704051 0.001114935264922678 0.001059188507497311 0.001006229082122445 0.000955917639657855 0.0009081217576749623 0.0008627156494185328 0.0008195798727683723 0.0007786008645780385 0.0007396708242595196 0.000702687306329608 0.0006675529293715954 0.0006341752596199512 0.0006024665199220181 0.000572343182284385 0.0005437260260805488 0.0005165397305972874 0.0004907127586193383 0.0004661771235987544 0.0004428682732395828 0.0004207248566672206 0.0003996886080130935 0.0003797041717916727 0.000360718957381323 0.0003426830226089805 0.00032554887002334 0.0003092714177910239 0.0002938078541774303 0.0002791174629237503 0.0002651615941431373 0.000251903518801555 0.0002393083414062858 0.0002273429272463545 0.0002159757859772071 0.0002051769988611341 0.0001949181460076943 0.0001851722336141393 0.0001759136212058365 0.0001671179343247786 0.0001587620354257524 0.0001508239365648478 0.000143282741191797 0.0001361186004942283 0.0001293126697419211 0.0001228470355272293 0.0001167046866612509 0.0001108694559661672 0.0001053259838954546 0.0001000596821540967 9.505669731879607e-05 9.03038599062711e-05 8.578866982134059e-05 8.149923814926296e-05 7.742427987977862e-05 7.355306297540665e-05 6.987540837144479e-05 6.638163904426619e-05 6.306255818344653e-05 5.990943100186996e-05 5.691395926987752e-05 5.406825948739424e-05 5.136484833201393e-05 4.879660627921112e-05 4.635677760234103e-05 4.403893763083033e-05 4.183698911219835e-05 3.97451403841842e-05 3.775788354687393e-05 3.586999082472175e-05 3.407649273867719e-05 3.237266719224863e-05 3.075403219554573e-05 2.921633131336421e-05 2.775551547529176e-05 2.636773933772929e-05 2.504935218894389e-05 2.379688521614298e-05 2.260704059153795e-05 2.147668783436529e-05 2.040285289695021e-05 1.938271088874899e-05 1.84135751624126e-05 1.749289731378667e-05 1.661825262999628e-05 1.578734008944593e-05 1.499797326687258e-05 1.424807487637736e-05 1.353567131445743e-05 1.285888811253244e-05 1.221594357048161e-05 1.160514602815965e-05 1.102488840842852e-05 1.047364366968395e-05 9.949961167876609e-06 9.452463018533308e-06 8.979839549283497e-06 8.530847480869852e-06 8.10430537967477e-06 7.699090019741561e-06 7.314135473279748e-06 6.948428563191555e-06 6.601007044082507e-06 6.270956873777322e-06 5.957409030088456e-06 5.659538601321401e-06 5.376561603043228e-06 5.107733613840537e-06 4.852347046835348e-06 4.609729785443051e-06 4.379243364383001e-06 4.160281150689116e-06 3.952266979467822e-06 3.754653562282328e-06 3.566920895536896e-06 3.388574896234786e-06 3.219146037736209e-06 3.058188667637296e-06 2.905279188780696e-06 2.760015149760875e-06 2.622014335429412e-06 2.490913630026625e-06 2.366367880313192e-06 2.248049440822797e-06 2.13564703699376e-06 2.028864628300653e-06 1.927421408254304e-06 1.831050326472905e-06 1.739497861308337e-06 1.652522996664629e-06 1.569896880937449e-06 1.491402031206235e-06 1.416831878486846e-06 1.345990312984213e-06 1.278690774597635e-06 1.214756252920779e-06 1.154018491433817e-06 1.096317532756075e-06 1.041501604959194e-06 9.894265531329438e-07 9.399552141076128e-07 8.929574732974288e-07 8.483095825795317e-07 8.058941034505551e-07 7.655993954358564e-07 7.273194455592602e-07 6.909534704391262e-07 6.564058026015118e-07 6.235854925762396e-07 5.924061952100601e-07 5.627858854495571e-07 5.346465741240536e-07 5.079142511021928e-07 4.82518544231425e-07 4.5839260565117e-07 4.354729696842696e-07 4.136993254633126e-07 3.930143464003777e-07 3.733636333436152e-07 3.546954587818618e-07 3.369606815795123e-07 2.876172038668301e-05 0.0002131682995241135 0.0005459371022880077 0.001007267157547176 0.001577207702212036 0.002257014624774456 0.003044551238417625 0.003937586210668087 0.004925938788801432 0.006006945855915546 0.007172204088419676 0.008413112722337246 0.009706485085189342 0.01104599516838789 0.01243367046117783 0.01387216988950968 0.01534901931881905 0.01684890501201153 0.01837105676531792 0.01991528645157814 0.02147885039448738 0.02305175177752972 0.02462155744433403 0.02619113586843014 0.02776157483458519 0.02933510392904282 0.03091361373662949 0.03250023722648621 0.03408725932240486 0.035674799233675 0.03725908324122429 0.03884170576930046 0.04042083770036697 0.04200392216444016 0.04359133169054985 0.04518058151006699 0.04677271842956543 0.04836700111627579 0.04995825886726379
 0 0 0 0 0 0 0 0 0 0 0 0 0 0 0 0 0 0 0 0 0 0 0 0 0 0 0 0 0 0 0 0 0 0 0 0 0 0 0 0 0 0 0 0 0 0 0 0 0 0 0 0 0 0 0 0 0 0 0 0 0 0 0 0 0 0 0 0 0 0 0 0 0 0 0 0 0 0 0 0 0 0 0 0 0 0 0 0 0 0 0 0 0 0 0 0 0 0 0 0 0 0 0 0 0 0 0 0 0 0 0 0 0 0 0 0 0 0 0 0 0 0 0 0 0 0 0 0 0 0 0 0 0 0 0 0 0 0 0 0 0 0 0 0 0 0 0 0 0 0 0 0 0 0 0 0 0 0 0 0 0 0 0 0 0 0 0 0 0 0 0 0 0 0 0 0 0 0 0 0 0 0 0 0 0 0 0 0 0 0 0 0 0 0 0 0 0 0 0 0 0 0 0 0 0 0 0 0 0 0 0 0 0 0 0 0 0 0 0 0 0 0 0 0 0 0 0 0 0 0 0 0 0 0 0 0 0 0 0 0 0 0 0 0 0 0 0 0 0 0 0 0 0 0 0 0 0 0 0 0 0 0 0 0 0 0 0 0 0 0 0 0 0 0 0 0 0 0 0 0 0 0 0 0 0 0 0 0 0 0 0 0 0 0 0 0 0 0 0 0 0 0 0 0 0 0 0 0 0 0 0 0 0 0 0 0 0 0 0 0 0 0 0 0 0 0 0 0 0 0 0 0 0 0 0 0 0 0 0 0 0 0 0 0 0 0 0 0 0 0 0 0 0 0 0 0 0 0 0 0 0 0 0 0 0 0 0 0 0 0 0 0 0 0 0 0 0 0 0 0 0 0 0 0 0 0 0 0 0 0 0 0 0 0 0 0 0 0 0 0 0 0 0 0 0 0 0 0 0 0 0 0 0 0 0 0 0 0 0 0 0 0 0 0 0 0 0 0 0 0 0 0 0 0 0 0 0 0 0 0 0 0 0 0 0 0 0 0 0 0 0 0 0 0 0 0 0 0 0 0 0 0 0 0 0 0 0 0 0 0 0 0 0 0 0 0 0 0 0 0 0 0 0 0 0 0 0 0 0 0 0 0 0 0 0 0 0 0 0 0 0 0 0 0 0 0 0 0 0 0 0 0 0 0 0 0 0 0 0 0 0 0 0 0 0 0 0 0 0 0 0 0 0 0 0 0 0 0 0 0 0 0 0 0 0 0 0 0 0 0 0 0 0 0 0 0 0 0 0 0 0 0 0 0 0 0 0 0 0 0 0 0 0 0 0 0 0 0 0 0 0 0 0 0 0 0 0 0 0 0 0 0 0 0 0 0 0 0 0 0
 0 0 0 0 0 0 0 0 0 0 0 0 0 0 0 0 0 0 0 0 0 0 0 0 0 0 0 0 0 0 0 0 0 0 0 0 0 0 0 0 0 0 0 0 0 0 0 0 0 0 0 0 0 0 0 0 0 0 0 0 0 0 0 0 0 0 0 0 0 0 0 0 0 0 0 0 0 0 0 0 0 0 0 0 0 0 0 0 0 0 0 0 0 0 0 0 0 0 0 0 0 0 0 0 0 0 0 0 0 0 0 0 0 0 0 0 0 0 0 0 0 0 0 0 0 0 0 0 0 0 0 0 0 0 0 0 0 0 0 0 0 0 0 0 0 0 0 0 0 0 0 0 0 0 0 0 0 0 0 0 0 0 0 0 0 0 0 0 0 0 0 0 0 0 0 0 0 0 0 0 0 0 0 0 0 0 0 0 0 0 0 0 0 0 0 0 0 0 0 0 0 0 0 0 0 0 0 0 0 0 0 0 0 0 0 0 0 0 0 0 0 0 0 0 0 0 0 0 0 0 0 0 0 0 0 0 0 0 0 0 0 0 0 0 0 0 0 0 0 0 0 0 0 0 0 0 0 0 0 0 0 0 0 0 0 0 0 0 0 0 0 0 0 0 0 0 0 0 0 0 0 0 0 0 0 0 0 0 0 0 0 0 0 0 0 0 0 0 0 0 0 0 0 0 0 0 0 0 0 0 0 0 0 0 0 0 0 0 0 0 0 0 0 0 0 0 0 0 0 0 0 0 0 0 0 0 0 0 0 0 0 0 0 0 0 0 0 0 0 0 0 0 0 0 0 0 0 0 0 0 0 0 0 0 0 0 0 0 0 0 0 0 0 0 0 0 0 0 0 0 0 0 0 0 0 0 0 0 0 0 0 0 0 0 0 0 0 0 0 0 0 0 0 0 0 0 0 0 0 0 0 0 0 0 0 0 0 0 0 0 0 0 0 0 0 0 0 0 0 0 0 0 0 0 0 0 0 0 0 0 0 0 0 0 0 0 0 0 0 0 0 0 0 0 0 0 0 0 0 0 0 0 0 0 0 0 0 0 0 0 0 0 0 0 0 0 0 0 0 0 0 0 0 0 0 0 0 0 0 0 0 0 0 0 0 0 0 0 0 0 0 0 0 0 0 0 0 0 0 0 0 0 0 0 0 0 0 0 0 0 0 0 0 0 0 0 0 0 0 0 0 0 0 0 0 0 0 0 0 0 0 0 0 0 0 0 0 0 0 0 0 0 0 0 0 0 0 0 0 0 0 0 0 0 0 0 0 0 0 0 0 0 0 0 0 0 0 0 0 0 0 0 0 0 0 0 0 0 0 0 0 0 0 0 0 0 0 0 0 0
 0 0 0 0 0 0 0 0 0 0 0 0 0 0 0 0 0 0 0 0 0 0 0 0 0 0 0 0 0 0 0 0 0 0 0 0 0 0 0 0 0 0 0 0 0 0 0 0 0 0 0 0 0 0 0 0 0 0 0 0 0 0 0 0 0 0 0 0 0 0 0 0 0 0 0 0 0 0 0 0 0 0 0 0 0 0 0 0 0 0 0 0 0 0 0 0 0 0 0 0 0 0 0 0 0 0 0 0 0 0 0 0 0 0 0 0 0 0 0 0 0 0 0 0 0 0 0 0 0 0 0 0 0 0 0 0 0 0 0 0 0 0 0 0 0 0 0 0 0 0 0 0 0 0 0 0 0 0 0 0 0 0 0 0 0 0 0 0 0 0 0 0 0 0 0 0 0 0 0 0 0 0 0 0 0 0 0 0 0 0 0 0 0 0 0 0 0 0 0 0 0 0 0 0 0 0 0 0 0 0 0 0 0 0 0 0 0 0 0 0 0 0 0 0 0 0 0 0 0 0 0 0 0 0 0 0 0 0 0 0 0 0 0 0 0 0 0 0 0 0 0 0 0 0 0 0 0 0 0 0 0 0 0 0 0 0 0 0 0 0 0 0 0 0 0 0 0 0 0 0 0 0 0 0 0 0 0 0 0 0 0 0 0 0 0 0 0 0 0 0 0 0 0 0 0 0 0 0 0 0 0 0 0 0 0 0 0 0 0 0 0 0 0 0 0 0 0 0 0 0 0 0 0 0 0 0 0 0 0 0 0 0 0 0 0 0 0 0 0 0 0 0 0 0 0 0 0 0 0 0 0 0 0 0 0 0 0 0 0 0 0 0 0 0 0 0 0 0 0 0 0 0 0 0 0 0 0 0 0 0 0 0 0 0 0 0 0 0 0 0 0 0 0 0 0 0 0 0 0 0 0 0 0 0 0 0 0 0 0 0 0 0 0 0 0 0 0 0 0 0 0 0 0 0 0 0 0 0 0 0 0 0 0 0 0 0 0 0 0 0 0 0 0 0 0 0 0 0 0 0 0 0 0 0 0 0 0 0 0 0 0 0 0 0 0 0 0 0 0 0 0 0 0 0 0 0 0 0 0 0 0 0 0 0 0 0 0 0 0 0 0 0 0 0 0 0 0 0 0 0 0 0 0 0 0 0 0 0 0 0 0 0 0 0 0 0 0 0 0 0 0 0 0 0 0 0 0 0 0 0 0 0 0 0 0 0 0 0 0 0 0 0 0 0 0 0 0 0 0 0 0 0 0 0 0 0 0 0 0 0 0 0 0 0 0 0 0 0 0 0 0 0 0 0 0 0 0 0 0 0 0 0 0 0 0 0 0 0 0 0
 0 0 0 0 0 0 0 0 0 0 0 0 0 0 0 0 0 0 0 0 0 0 0 0 0 0 0 0 0 0 0 0 0 0 0 0 0 0 0 0 0 0 0 0 0 0 0 0 0 0 0 0 0 0 0 0 0 0 0 0 0 0 0 0 0 0 0 0 0 0 0 0 0 0 0 0 0 0 0 0 0 0 0 0 0 0 0 0 0 0 0 0 0 0 0 0 0 0 0 0 0 0 0 0 0 0 0 0 0 0 0 0 0 0 0 0 0 0 0 0 0 0 0 0 0 0 0 0 0 0 0 0 0 0 0 0 0 0 0 0 0 0 0 0 0 0 0 0 0 0 0 0 0 0 0 0 0 0 0 0 0 0 0 0 0 0 0 0 0 0 0 0 0 0 0 0 0 0 0 0 0 0 0 0 0 0 0 0 0 0 0 0 0 0 0 0 0 0 0 0 0 0 0 0 0 0 0 0 0 0 0 0 0 0 0 0 0 0 0 0 0 0 0 0 0 0 0 0 0 0 0 0 0 0 0 0 0 0 0 0 0 0 0 0 0 0 0 0 0 0 0 0 0 0 0 0 0 0 0 0 0 0 0 0 0 0 0 0 0 0 0 0 0 0 0.0001018800976453349 0.0004432978457771242 0.001016259309835732 0.00181228166911751 0.00280199246481061 0.003978562541306019 0.005318040959537029 0.006802965421229601 0.008407270535826683 0.01012402772903442 0.01195015944540501 0.01388080790638924 0.01591173559427261 0.01804107613861561 0.02026335708796978 0.02255494520068169 0.02489425987005234 0.02728725969791412 0.02974305301904678 0.03225268796086311 0.03480823338031769 0.03739649057388306 0.04002050310373306 0.04265963286161423 0.04531285166740417 0.04797350987792015 0.05064268782734871 0.05332022905349731 0.05601446703076363 0.05872593075037003 0.06143693253397942 0.06415257602930069 0.06686615198850632 0.06958169490098953 0.07230202853679657 0.075027234852314 0.07774531096220016 0.08043989539146423 0.08310656994581223 0.08574800193309784 0.08831631392240524 0.08976508677005768 0.08943957835435867 0.08691556751728058 0.08256979286670685 0.0784413069486618 0.07451923936605453 0.0707932785153389 0.06725361198186874 0.06389093399047852 0.06069638580083847 0.05766156688332558 0.05477849021553993 0.05203956738114357 0.04943758994340897 0.04696571081876755 0.0446174256503582 0.04238655418157578 0.0402672253549099 0.03825386241078377 0.03634116798639297 0.0345241092145443 0.03279790282249451 0.03115800768136978 0.02960010804235935 0.02812010236084461 0.02671409770846367 0.025378393009305 0.02410947345197201 0.02290399931371212 0.0217587985098362 0.02067085914313793 0.01963731646537781 0.01865545101463795 0.01772267930209637 0.01683654449880123 0.01599471643567085 0.0151949804276228 0.01443523168563843 0.01371346972882748 0.01302779652178288 0.01237640716135502 0.01175758708268404 0.01116970740258694 0.01061122212558985 0.01008066069334745 0.009576627984642982 0.009097796864807606 0.008642907254397869 0.008210761472582817 0.007800223305821419 0.007410211954265833 0.007039701566100121 0.006687716580927372 0.006353330798447132 0.006035664118826389 0.005733881145715714 0.00544718699529767 0.005174827761948109 0.004916086327284575 0.004670281894505024 0.004436767660081387 0.004214929416775703 0.004004182759672403 0.00380397355183959 0.003613774897530675 0.003433086210861802 0.003261431818827987 0.003098360262811184 0.002943442203104496 0.002796270186081529 0.002656456781551242 0.002523633884266019 0.002397452248260379 0.002277579624205828 0.002163700759410858 0.002055515768006444 0.001952740014530718 0.001855103066191077 0.001762347877956927 0.001674230443313718 0.001590518979355693 0.001510992995463312 0.001435443293303251 0.001363671151921153 0.001295487629249692 0.001230713212862611 0.001169177587144077 0.001110718701966107 0.001055182772688568 0.001002423581667244 0.0009523024200461805 0.0009046872728504241 0.0008594529354013503 0.0008164803148247302 0.0007756563136354089 0.0007368734804913402 0.0007000297773629427 0.0006650282884947956 0.0006317768711596727 0.0006001880392432213 0.0005701786139979959 0.0005416696658357978 0.0005145861650817096 0.0004888568655587733 0.0004644140135496855 0.0004411933186929673 0.0004191336629446596 0.0003981769841630012 0.0003782681305892766 0.0003593547153286636 0.0003413869708310813 0.0003243176324758679 0.0003081017639487982 0.0002926966699305922 0.0002780618378892541 0.0002641587343532592 0.0002509508049115539 0.0002384032704867423 0.0002264831127831712 0.0002151589578716084 0.0002044010034296662 0.0001941809605341405 0.0001844719081418589 0.0001752483076415956 0.0001664858864387497 0.0001581615942995995 0.0001502535160398111 0.0001427408424206078 0.0001356037973891944 0.0001288236089749262 0.000122382421977818 0.0001162632979685441 0.0001104501352529041 0.000104927625216078 9.968124504666775e-05 9.469718497712165e-05 8.996232645586133e-05 8.546421304345131e-05 8.11909994808957e-05 7.71314516896382e-05 7.327488128794357e-05 6.961113831494004e-05 6.613058212678879e-05 6.282405229285359e-05 5.968285040580668e-05 5.669870733981952e-05 5.386377233662643e-05 5.117058390169404e-05 4.861205525230616e-05 4.618145248969086e-05 4.387238004710525e-05 4.167876249994151e-05 3.959482273785397e-05 3.761508196475916e-05 3.57343269570265e-05 3.394761006347835e-05 3.225023101549596e-05 3.06377187371254e-05 2.910583316406701e-05 2.765054159681313e-05 2.626801506266929e-05 2.495461376383901e-05 2.370688343944494e-05 2.252153899462428e-05 2.139546268153936e-05 2.032568954746239e-05 1.930940561578609e-05 1.834393515309785e-05 1.74267388501903e-05 1.655540108913556e-05 1.572763176227454e-05 1.49412499013124e-05 1.419418731529731e-05 1.348447767668404e-05 1.281025379284984e-05 1.216974123963155e-05 1.156125381385209e-05 1.098319080483634e-05 1.043403153744293e-05 9.912329915096052e-06 9.41671351029072e-06 8.945878107624594e-06 8.498584065819159e-06 8.07365449873032e-06 7.669971637369599e-06 7.286473191925324e-06 6.922149623278528e-06 6.576042324013542e-06 6.24723998043919e-06 5.934878117841436e-06 5.638134098262526e-06 5.35622757524834e-06 5.088416401122231e-06 4.833995717490325e-06 4.592296136252116e-06 4.362681465863716e-06 4.144547347095795e-06 3.937319888791535e-06 3.740453848877223e-06 3.5534312701202e-06 3.375759661139455e-06 3.206971769031952e-06 3.046623078262201e-06 2.894291810662253e-06 2.749577106442302e-06 2.612098342069658e-06 2.481493538653012e-06 2.357418907195097e-06 2.239547939097974e-06 2.127570496668341e-06 2.021191903622821e-06 1.920132262966945e-06 1.824125661187281e-06 1.732919372443575e-06 1.646273403821397e-06 1.563959699524275e-06 1.485761686126352e-06 1.411473590451351e-06 1.34089987113839e-06 1.273854877581471e-06 1.210162167808448e-06 1.149654053733684e-06 1.092171373784367e-06 1.037562810779491e-06 9.856846645561745e-07 9.364004540657334e-07 8.895804057829082e-07 8.451013968624466e-07 8.028463298614952e-07 7.627040190527623e-07 7.245687925205857e-07 6.883403784740949e-07 6.539233368130226e-07 6.212271728145424e-07 5.901658255424991e-07 5.606575541605707e-07 5.326246537151746e-07 5.059933982920484e-07 4.806937567991554e-07 4.566590803278814e-07 4.338261305747437e-07 4.121348240460065e-07 3.915280899491336e-07 3.719516712408222e-07 7.875264418544248e-05 0.0002958194236271083 0.0006403678562492132 0.001106238458305597 0.001689605880528688 0.002380004618316889 0.003173171542584896 0.004048702772706747 0.005000817589461803 0.006016958970576525 0.007099379785358906 0.008247525431215763 0.009458959102630615 0.01073379255831242 0.01206686720252037 0.0134482653811574 0.01486066356301308 0.01630447432398796 0.01778003573417664 0.0192800909280777 0.02080588601529598 0.02234941720962524 0.02389853075146675 0.02545616775751114 0.02701781317591667 0.02857341058552265 0.03012547269463539 0.03167523816227913 0.03322266414761543 0.03475860133767128 0.03628404811024666 0.03779783844947815 0.0393025130033493 0.0407998189330101 0.04228878021240234 0.04377203434705734 0.04524945095181465 0.04672218859195709 0.04819099232554436 0.04965811967849731 0.05112336948513985
 0 0 0 0 0 0 0 0 0 0 0 0 0 0 0 0 0 0 0 0 0 0 0 0 0 0 0 0 0 0 0 0 0 0 0 0 0 0 0 0 0 0 0 0 0 0 0 0 0 0 0 0 0 0 0 0 0 0 0 0 0 0 0 0 0 0 0 0 0 0 0 0 0 0 0 0 0 0 0 0 0 0 0 0 0 0 0 0 0 0 0 0 0 0 0 0 0 0 0 0 0 0 0 0 0 0 0 0 0 0 0 0 0 0 0 0 0 0 0 0 0 0 0 0 0 0 0 0 0 0 0 0 0 0 0 0 0 0 0 0 0 0 0 0 0 0 0 0 0 0 0 0 0 0 0 0 0 0 0 0 0 0 0 0 0 0 0 0 0 0 0 0 0 0 0 0 0 0 0 0 0 0 0 0 0 0 0 0 0 0 0 0 0 0 0 0 0 0 0 0 0 0 0 0 0 0 0 0 0 0 0 0 0 0 0 0 0 0 0 0 0 0 0 0 0 0 0 0 0 0 0 0 0 0 0 0 0 0 0 0 0 0 0 0 0 0 0 0 0 0 0 0 0 0 0 0 0 0 0 0 0 0 0 0 0 0 0 0 0 0 0 0 0 0 0 0 0 0 0 0 0 0 0 0 0 0 0 0 0 0 0 0 0 0 0 0 0 0 0 0 0 0 0 0 0 0 0 0 0 0 0 0 0 0 0 0 0 0 0 0 0 0 0 0 0 0 0 0 0 0 0 0 0 0 0 0 0 0 0 0 0 0 0 0 0 0 0 0 0 0 0 0 0 0 0 0 0 0 0 0 0 0 0 0 0 0 0 0 0 0 0 0 0 0 0 0 0 0 0 0 0 0 0 0 0 0 0 0 0 0 0 0 0 0 0 0 0 0 0 0 0 0 0 0 0 0 0 0 0 0 0 0 0 0 0 0 0 0 0 0 0 0 0 0 0 0 0 0 0 0 0 0 0 0 0 0 0 0 0 0 0 0 0 0 0 0 0 0 0 0 0 0 0 0 0 0 0 0 0 0 0 0 0 0 0 0 0 0 0 0 0 0 0 0 0 0 0 0 0 0 0 0 0 0 0 0 0 0 0 0 0 0 0 0 0 0 0 0 0 0 0 0 0 0 0 0 0 0 0 0 0 0 0 0 0 0 0 0 0 0 0 0 0 0 0 0 0 0 0 0 0 0 0 0 0 0 0 0 0 0 0 0 0 0 0 0 0 0 0 0 0 0 0 0 0 0 0 0 0 0 0 0 0 0 0 0 0 0 0 0 0 0 0 0 0 0 0 0 0 0 0 0 0 0 0 0 0 0 0 0 0 0 0 0 0 0 0 0 0 0
 0 0 0 0 0 0 0 0 0 0 0 0 0 0 0 0 0 0 0 0 0 0 0 0 0 0 0 0 0 0 0 0 0 0 0 0 0 0 0 0 0 0 0 0 0 0 0 0 0 0 0 0 0 0 0 0 0 0 0 0 0 0 0 0 0 0 0 0 0 0 0 0 0 0 0 0 0 0 0 0 0 0 0 0 0 0 0 0 0 0 0 0 0 0 0 0 0 0 0 0 0 0 0 0 0 0 0 0 0 0 0 0 0 0 0 0 0 0 0 0 0 0 0 0 0 0 0 0 0 0 0 0 0 0 0 0 0 0 0 0 0 0 0 0 0 0 0 0 0 0 0 0 0 0 0 0 0 0 0 0 0 0 0 0 0 0 0 0 0 0 0 0 0 0 0 0 0 0 0 0 0 0 0 0 0 0 0 0 0 0 0 0 0 0 0 0 0 0 0 0 0 0 0 0 0 0 0 0 0 0 0 0 0 0 0 0 0 0 0 0 0 0 0 0 0 0 0 0 0 0 0 0 0 0 0 0 0 0 0 0 0 0 0 0 0 0 0 0 0 0 0 0 0 0 0 0 0 0 0 0 0 0 0 0 0 0 0 0 0 0 0 0 0 0 0 0 0 0 0 0 0 0 0 0 0 0 0 0 0 0 0 0 0 0 0 0 0 0 0 0 0 0 0 0 0 0 0 0 0 0 0 0 0 0 0 0 0 0 0 0 0 0 0 0 0 0 0 0 0 0 0 0 0 0 0 0 0 0 0 0 0 0 0 0 0 0 0 0 0 0 0 0 0 0 0 0 0 0 0 0 0 0 0 0 0 0 0 0 0 0 0 0 0 0 0 0 0 0 0 0 0 0 0 0 0 0 0 0 0 0 0 0 0 0 0 0 0 0 0 0 0 0 0 0 0 0 0 0 0 0 0 0 0 0 0 0 0 0 0 0 0 0 0 0 0 0 0 0 0 0 0 0 0 0 0 0 0 0 0 0 0 0 0 0 0 0 0 0 0 0 0 0 0 0 0 0 0 0 0 0 0 0 0 0 0 0 0 0 0 0 0 0 0 0 0 0 0 0 0 0 0 0 0 0 0 0 0 0 0 0 0 0 0 0 0 0 0 0 0 0 0 0 0 0 0 0 0 0 0 0 0 0 0 0 0 0 0 0 0 0 0 0 0 0 0 0 0 0 0 0 0 0 0 0 0 0 0 0 0 0 0 0 0 0 0 0 0 0 0 0 0 0 0 0 0 0 0 0 0 0 0 0 0 0 0 0 0 0 0 0 0 0 0 0 0 0 0 0 0 0 0 0 0 0 0 0 0 0 0 0 0 0 0 0 0 0 0 0 0 0


# name: r_0_m7_G0_L0p3_D0p7
# type: matrix
# rows: 1
# columns: 14
 0 -7 0.2 0 0.3 0 -1.961688333333333 0 0 0.02305166147301898 0 117 0 0.7




