# Created by Octave 3.8.2, Mon Jun 19 12:45:18 2017 BST <co1ssj@node117>
# name: result
# type: scalar struct
# ndims: 2
 1 1
# length: 3
# name: params
# type: scalar struct
# ndims: 2
 1 1
# length: 18
# name: cleanup
# type: scalar
0


# name: num_runs
# type: scalar
6


# name: dopamine
# type: scalar
0.7


# name: targetCross
# type: scalar
1


# name: targetLuminance
# type: scalar
0.3


# name: targetWidthX
# type: scalar
6


# name: targetWidthY
# type: scalar
2


# name: fixCross
# type: scalar
1


# name: fixLuminance
# type: scalar
0.2


# name: fixWidthX
# type: scalar
6


# name: fixWidthY
# type: scalar
2


# name: fixOn
# type: scalar
0


# name: targetOff
# type: scalar
1


# name: targetOn
# type: scalar
0.2


# name: fixOff
# type: scalar
0.2


# name: targetThetaX
# type: scalar
0


# name: targetThetaY
# type: scalar
-15


# name: exptnum
# type: scalar
0




# name: r_0_m15_G0_L0p3_D0p7_llbn
# type: matrix
# rows: 24
# columns: 600
 0 0 0 0 0 0 0 0 0 0 0 0 0 0 0 0 0 0 0 0 0 0 0 0 0 0 0 0 0 0 0 0 0 0 0 0 0 0 0 0 0 0 0 0 0 0 0 0 0 0 0 0 0 0 0 0 0 0 0 0 0 0 0 0 0 0 0 0 0 0 0 0 0 0 0 0 0 0 0 0 0 0 0 0 0 0 0 0 0 0 0 0 0 0 0 0 0 0 0 0 0 0 0 0 0 0 0 0 0 0 0 0 0 0 0 0 0 0 0 0 0 0 0 0 0 0 0 0 0 0 0 0 0 0 0 0 0 0 0 0 0 0 0 0 0 0 0 0 0 0 0 0 0 0 0 0 0 0 0 0 0 0 0 0 0 0 0 0 0 0 0 0 0 0 0 0 0 0 0 0 0 0 0 0 0 0 0 0 0 0 0 0 0 0 0 0 0 0 0 0 0 0 0 0 0 0 0 0 0 0 0 0 0 0 0 0 0 0 0 0 0 0 0 0 0 0 0 0 0 0 0 0 0 0 0 0 0 0 0 0 0 0 0 0 0 0 0 0 0 0 0 0 0 0 0 0 0 0 0 0 0 0 0 0 0 0 0 0 0 0 0 0 0 0 0 0 0 0 0 0 0 0 0 0 0 0 0 0 0 0 0 0 0 0 0 0 0 0 0 0 0 0 0 0 0 0 0 0 0 0 0 0 0 0 0 0 0 0 0 0 0 0 0 0 0 0 0 0 0 0 0 0 0 0 0 0 0 0 0 0 0 0 0 0 0 0 0 0 0 0 0 0 0 0 0 0 0 0 0 0 0 0 0 0 0 0 0 0 0 0 0 0 0 0 0 0 0 0 0 0 0 0 0 0 0 0 0 0 0 0 0 0 0 0 0 0 0 0 0 0 0 0 0 0 0 0 0 0 0 0 0 0 0 0 0 0 0 0 0 0 0 0 0 0 0 0 0 0 0 0 0 0 0 0 0 0 0 0 0 0 0 0 0 0 0 0 0 0 0 0 0 0 0 0 0 0 0 0 0 0 0 0 0 0 0 0 0 0 0 0 0 0 0 0 0 0 0 0 0 0 0 0 0 0 0 0 0 0 0 0 0 0 0 0 0 0 0 0 0 0 0 0 0 0 0 0 0 0 0 0 0 0 0 0 0 0 0 0 0 0 0 0 0 0 0 0 0 0 0 0 0 0 0 0 0 0 0 0 0 0 0 0 0 0 0 0 0 0 0 0 0 0 0 0 0 0 0 0 0 0 0 0 0 0 0 0 0 0 0 0 0 0 0 0 0 0 0 0 0 0 0 0 0 0 0 0 0 0 0 0 0 0 0 0 0 0 0 0 0 0
 0 0 0 0 0 0 0 0 0 0 0 0 0 0 0 0 0 0 0 0 0 0 0 0 0 0 0 0 0 0 0 0 0 0 0 0 0 0 0 0 0 0 0 0 0 0 0 0 0 0 0 0 0 0 0 0 0 0 0 0 0 0 0 0 0 0 0 0 0 0 0 0 0 0 0 0 0 0 0 0 0 0 0 0 0 0 0 0 0 0 0 0 0 0 0 0 0 0 0 0 0 0 0 0 0 0 0 0 0 0 0 0 0 0 0 0 0 0 0 0 0 0 0 0 0 0 0 0 0 0 0 0 0 0 0 0 0 0 0 0 0 0 0 0 0 0 0 0 0 0 0 0 0 0 0 0 0 0 0 0 0 0 0 0 0 0 0 0 0 0 0 0 0 0 0 0 0 0 0 0 0 0 0 0 0 0 0 0 0 0 0 0 0 0 0 0 0 0 0 0 0 0 0 0 0 0 0 0 0 0 0 0 0 0 0 0 0 0 0 0 0 0 0 0 0 0 0 0 0 0 0 0 0 0 0 0 0 0 0 0 0 0 0 0 0 0 0 0 0 0 0 0 0 0 0 0 0 0 0 0 0 0 0 0 0 0 0 0 0 0 0 0 0 0 0 0 0 0 0 0 0 0 0 0 0 0 0 0 0.000352604576619342 0.001135042170062661 0.002386035397648811 0.004135300870984793 0.006377447862178087 0.009148438461124897 0.01251271180808544 0.01650552824139595 0.02116014622151852 0.02651732787489891 0.03257713094353676 0.03937054052948952 0.04691710695624352 0.05520983412861824 0.06409113854169846 0.07344017177820206 0.08327468484640121 0.09361747652292252 0.1043721437454224 0.1154192835092545 0.1267888993024826 0.1385252922773361 0.1505993157625198 0.1629899442195892 0.1756004691123962 0.188445657491684 0.2015570551156998 0.2149558961391449 0.228571891784668 0.2401264905929565 0.2478355318307877 0.2505204975605011 0.2474030405282974 0.237890213727951 0.2259957045316696 0.2146959155797958 0.203961119055748 0.1937630623579025 0.1840749084949493 0.1748711615800858 0.1661276072263718 0.1578212231397629 0.1499301642179489 0.1424336582422256 0.1353119760751724 0.1285463720560074 0.1221190541982651 0.1160131022334099 0.1102124452590942 0.1047018244862556 0.09946673363447189 0.09449339658021927 0.08976873010396957 0.08528029173612595 0.08101627975702286 0.07696546614170074 0.07311719655990601 0.06946133822202682 0.06598827242851257 0.06268885731697083 0.05955441296100616 0.0565766915678978 0.05374785512685776 0.05106046050786972 0.0485074371099472 0.04608206450939178 0.0437779612839222 0.04158906266093254 0.0395096093416214 0.03753412887454033 0.03565742075443268 0.03387454897165298 0.03218082338571548 0.03057178296148777 0.02904319390654564 0.0275910347700119 0.02621148340404034 0.02490090951323509 0.02365586347877979 0.02247307077050209 0.02134941704571247 0.0202819462865591 0.01926784962415695 0.01830445788800716 0.01738923415541649 0.01651977188885212 0.0156937837600708 0.01490909419953823 0.01416363939642906 0.01345545705407858 0.01278268452733755 0.01214355044066906 0.01153637282550335 0.01095955446362495 0.01041157636791468 0.009890997782349586 0.00939644780009985 0.008926625363528728 0.008480293676257133 0.008056279271841049 0.007653465494513512 0.007270792033523321 0.006907252594828606 0.00656188977882266 0.006233795080333948 0.0059221051633358 0.005625999998301268 0.005344700068235397 0.00507746497169137 0.004823591560125351 0.004582412075251341 0.004353291355073452 0.004135626833885908 0.003928845282644033 0.003732403041794896 0.003545782994478941 0.003368493868038058 0.003200069069862366 0.00304006552323699 0.002888062270358205 0.002743659075349569 0.002606476191431284 0.002476152498275042 0.002352344803512096 0.00223472760990262 0.002122991252690554 0.002016841666772962 0.001915999571792781 0.001820199540816247 0.001729189534671605 0.001642730087041855 0.001560593605972826 0.001482563908211887 0.001408435753546655 0.001338013913482428 0.001271113171242177 0.001207557506859303 0.001147179631516337 0.001089820638298988 0.001035329652950168 0.0009835631353780627 0.0009343849960714579 0.0008876657229848206 0.0008432824397459626 0.0008011183235794306 0.0007610624306835234 0.0007230092887766659 0.0006868588388897479 0.0006525159114971757 0.0006198901101015508 0.0005888955784030259 0.000559450825676322 0.0005314782611094415 0.0005049043684266508 0.0004796591529157013 0.0004556761996354908 0.0004328923823777586 0.0004112477763555944 0.0003906853962689638 0.0003711511380970478 0.0003525935753714293 0.0003349639009684324 0.0003182156942784786 0.0003023049212060869 0.0002871896722353995 0.0002728301915340126 0.0002591886732261628 0.000246229232288897 0.0002339177735848352 0.0002222218899987638 0.0002111107896780595 0.0002005552523769438 0.0001905274839373305 0.0001810011162888259 0.0001719510619295761 0.0001633535139262676 0.0001551858440507203 0.0001474265591241419 0.0001400552282575518 0.0001330524682998657 0.0001263998419744894 0.0001200798506033607 0.0001140758613473736 0.0001083720708265901 0.0001029534687404521 9.780579421203583e-05 9.291550668422133e-05 8.826973498798907e-05 8.385624823858961e-05 7.966343400767073e-05 7.568026194348931e-05 7.189624739112332e-05 6.830143684055656e-05 6.488636427093297e-05 6.164204387459904e-05 5.855994095327333e-05 5.563194281421602e-05 5.285034421831369e-05 5.020782555220649e-05 4.769743463839404e-05 4.531256126938388e-05 4.304693356971256e-05 4.089458525413647e-05 3.884985562763177e-05 3.690736411954276e-05 3.506199573166668e-05 3.330889740027487e-05 3.164345253026113e-05 3.006127917615231e-05 2.855821549019311e-05 2.71303051704308e-05 2.577379018475767e-05 2.448509985697456e-05 2.326084540982265e-05 2.209780359407887e-05 2.099291305057704e-05 1.994326703425031e-05 1.894610431918409e-05 1.799879828467965e-05 1.709885873424355e-05 1.624391552468296e-05 1.54317203850951e-05 1.466013418394141e-05 1.392712783854222e-05 1.323077140114037e-05 1.25692331494065e-05 1.19407714009867e-05 1.134373269451316e-05 1.077654633263592e-05 1.023771892505465e-05 9.725832569529302e-06 9.239541213901248e-06 8.777564289630391e-06 8.338685802300461e-06 7.921751603134908e-06 7.525663932028692e-06 7.149380508053582e-06 6.791911346226698e-06 6.452315574279055e-06 6.129699613666162e-06 5.823214451083913e-06 5.532053819479188e-06 5.255451014818391e-06 4.992678441340104e-06 4.743044428323628e-06 4.505892320594285e-06 4.280597750039306e-06 4.066567726113135e-06 3.863239271595376e-06 3.670077376227709e-06 3.48657340509817e-06 3.312244643893791e-06 3.146632479911204e-06 2.989300810440909e-06 2.839835815393599e-06 2.697844138310757e-06 2.562951976869954e-06 2.434804400763824e-06 2.313064214831684e-06 2.197411049564835e-06 2.087540451611858e-06 1.983163429031265e-06 1.884005314423121e-06 1.789805082808016e-06 1.70031478319288e-06 1.615299083823629e-06 1.53453413531679e-06 1.45780745697266e-06 1.384917140967445e-06 1.315671283919073e-06 1.249887759513513e-06 1.187393422696914e-06 1.128023768615094e-06 1.071622591553023e-06 1.018041416500637e-06 9.671393854659982e-07 9.187824048240145e-07 8.728432590032753e-07 8.292010988952825e-07 7.877410439505184e-07 7.48354011648189e-07 7.109363195922924e-07 6.753895149813616e-07 6.416200335479516e-07 6.095390290283831e-07 5.790620889456477e-07 5.501090072357329e-07 5.226035568739462e-07 4.96473376188078e-07 4.71649713063016e-07 4.480672259887797e-07 4.256638703736826e-07 4.043806711706566e-07 3.841616376121237e-07 3.649535642580304e-07 3.467058888872998e-07 3.293706072327041e-07 3.129020740288979e-07 2.972569745907094e-07 2.82394125861174e-07 2.682744195681153e-07 2.548607085373078e-07 2.421176645839296e-07 2.300117785125622e-07 2.185111895869341e-07 2.075856286865019e-07 1.972063472521768e-07 1.873460320211962e-07 1.7797873397285e-07 1.690797972742075e-07 1.60625802436698e-07 1.525945094726922e-07
 0 0 0 0 0 0 0 0 0 0 0 0 0 0 0 0 0 0 0 0 0 0 0 0 0 0 0 0 0 0 0 0 0 0 0 0 0 0 0 0 0 0 0 0 0 0 0 0 0 0 0 0 0 0 0 0 0 0 0 0 0 0 0 0 0 0 0 0 0 0 0 0 0 0 0 0 0 0 0 0 0 0 0 0 0 0 0 0 0 0 0 0 0 0 0 0 0 0 0 0 0 0 0 0 0 0 0 0 0 0 0 0 0 0 0 0 0 0 0 0 0 0 0 0 0 0 0 0 0 0 0 0 0 0 0 0 0 0 0 0 0 0 0 0 0 0 0 0 0 0 0 0 0 0 0 0 0 0 0 0 0 0 0 0 0 0 0 0 0 0 0 0 0 0 0 0 0 0 0 0 0 0 0 0 0 0 0 0 0 0 0 0 0 0 0 0 0 0 0 0 0 0 0 0 0 0 0 0 0 0 0 0 0 0 0 0 0 0 0 0 0 0 0 0 0 0 0 0 0 0 0 0 0 0 0 0 0 0 0 0 0 0 0 0 0 0 0 0 0 0 0 0 0 0 0 0 0 0 0 0 0 0 0 0 0 0 0 0 0 0 0 0 0 0 0 0 0 0 0 0 0 0 0 0 0 0 0 0 0 0 0 0 0 0 0 0 0 0 0 0 0 0 0 0 0 0 0 0 0 0 0 0 0 0 0 0 0 0 0 0 0 0 0 0 0 0 0 0 0 0 0 0 0 0 0 0 0 0 0 0 0 0 0 0 0 0 0 0 0 0 0 0 0 0 0 0 0 0 0 0 0 0 0 0 0 0 0 0 0 0 0 0 0 0 0 0 0 0 0 0 0 0 0 0 0 0 0 0 0 0 0 0 0 0 0 0 0 0 0 0 0 0 0 0 0 0 0 0 0 0 0 0 0 0 0 0 0 0 0 0 0 0 0 0 0 0 0 0 0 0 0 0 0 0 0 0 0 0 0 0 0 0 0 0 0 0 0 0 0 0 0 0 0 0 0 0 0 0 0 0 0 0 0 0 0 0 0 0 0 0 0 0 0 0 0 0 0 0 0 0 0 0 0 0 0 0 0 0 0 0 0 0 0 0 0 0 0 0 0 0 0 0 0 0 0 0 0 0 0 0 0 0 0 0 0 0 0 0 0 0 0 0 0 0 0 0 0 0 0 0 0 0 0 0 0 0 0 0 0 0 0 0 0 0 0 0 0 0 0 0 0 0 0 0 0 0 0 0 0 0 0 0 0 0 0 0 0 0 0 0 0 0 0 0 0 0 0 0 0 0 0 0 0 0 0 0 0 0 0 0 0 0 0 0 0 0 0 0 0 0
 0 0 0 0 0 0 0 0 0 0 0 0 0 0 0 0 0 0 0 0 0 0 0 0 0 0 0 0 0 0 0 0 0 0 0 0 0 0 0 0 0 0 0 0 0 0 0 0 0 0 0 0 0 0 0 0 0 0 0 0 0 0 0 0 0 0 0 0 0 0 0 0 0 0 0 0 0 0 0 0 0 0 0 0 0 0 0 0 0 0 0 0 0 0 0 0 0 0 0 0 0 0 0 0 0 0 0 0 0 0 0 0 0 0 0 0 0 0 0 0 0 0 0 0 0 0 0 0 0 0 0 0 0 0 0 0 0 0 0 0 0 0 0 0 0 0 0 0 0 0 0 0 0 0 0 0 0 0 0 0 0 0 0 0 0 0 0 0 0 0 0 0 0 0 0 0 0 0 0 0 0 0 0 0 0 0 0 0 0 0 0 0 0 0 0 0 0 0 0 0 0 0 0 0 0 0 0 0 0 0 0 0 0 0 0 0 0 0 0 0 0 0 0 0 0 0 0 0 0 0 0 0 0 0 0 0 0 0 0 0 0 0 0 0 0 0 0 0 0 0 0 0 0 0 0 0 0 0 0 0 0 0 0 0 0 0 0 0 0 0 0 0 0 0 0 0 0 0 0 0 0 0 0 0 0 0 0 0 0 0 0 0 0 0 0 0 0 0 0 0 0 0 0 0 0 0 0 0 0 0 0 0 0 0 0 0 0 0 0 0 0 0 0 0 0 0 0 0 0 0 0 0 0 0 0 0 0 0 0 0 0 0 0 0 0 0 0 0 0 0 0 0 0 0 0 0 0 0 0 0 0 0 0 0 0 0 0 0 0 0 0 0 0 0 0 0 0 0 0 0 0 0 0 0 0 0 0 0 0 0 0 0 0 0 0 0 0 0 0 0 0 0 0 0 0 0 0 0 0 0 0 0 0 0 0 0 0 0 0 0 0 0 0 0 0 0 0 0 0 0 0 0 0 0 0 0 0 0 0 0 0 0 0 0 0 0 0 0 0 0 0 0 0 0 0 0 0 0 0 0 0 0 0 0 0 0 0 0 0 0 0 0 0 0 0 0 0 0 0 0 0 0 0 0 0 0 0 0 0 0 0 0 0 0 0 0 0 0 0 0 0 0 0 0 0 0 0 0 0 0 0 0 0 0 0 0 0 0 0 0 0 0 0 0 0 0 0 0 0 0 0 0 0 0 0 0 0 0 0 0 0 0 0 0 0 0 0 0 0 0 0 0 0 0 0 0 0 0 0 0 0 0 0 0 0 0 0 0 0 0 0 0 0 0 0 0 0 0 0 0 0 0 0 0 0 0 0 0 0 0 0 0 0 0 0 0 0 0 0 0
 0 0 0 0 0 0 0 0 0 0 0 0 0 0 0 0 0 0 0 0 0 0 0 0 0 0 0 0 0 0 0 0 0 0 0 0 0 0 0 0 0 0 0 0 0 0 0 0 0 0 0 0 0 0 0 0 0 0 0 0 0 0 0 0 0 0 0 0 0 0 0 0 0 0 0 0 0 0 0 0 0 0 0 0 0 0 0 0 0 0 0 0 0 0 0 0 0 0 0 0 0 0 0 0 0 0 0 0 0 0 0 0 0 0 0 0 0 0 0 0 0 0 0 0 0 0 0 0 0 0 0 0 0 0 0 0 0 0 0 0 0 0 0 0 0 0 0 0 0 0 0 0 0 0 0 0 0 0 0 0 0 0 0 0 0 0 0 0 0 0 0 0 0 0 0 0 0 0 0 0 0 0 0 0 0 0 0 0 0 0 0 0 0 0 0 0 0 0 0 0 0 0 0 0 0 0 0 0 0 0 0 0 0 0 0 0 0 0 0 0 0 0 0 0 0 0 0 0 0 0 0 0 0 0 0 0 0 0 0 0 0 0 0 0 0 0 0 0 0 0 0 0 0 0 0 0 0 0 0 0 0 0 0 0 0 0 0 0 0 0 0 0 0 0 0 0 0 0 0 0 0 0 0 0 0 0 0 0 0 0 0 0 0 0 0 0 0 0 0 0 0 0 0 0 0 0 0 0 0 0 0 0 0 0 0 0 0 0 0 0 0 0 0 0 0 0 0 0 0 0 0 0 0 0 0 0 0 0 0 0 0 0 0 0 0 0 0 0 0 0 0 0 0 0 0 0 0 0 0 0 0 0 0 0 0 0 0 0 0 0 0 0 0 0 0 0 0 0 0 0 0 0 0 0 0 0 0 0 0 0 0 0 0 0 0 0 0 0 0 0 0 0 0 0 0 0 0 0 0 0 0 0 0 0 0 0 0 0 0 0 0 0 0 0 0 0 0 0 0 0 0 0 0 0 0 0 0 0 0 0 0 0 0 0 0 0 0 0 0 0 0 0 0 0 0 0 0 0 0 0 0 0 0 0 0 0 0 0 0 0 0 0 0 0 0 0 0 0 0 0 0 0 0 0 0 0 0 0 0 0 0 0 0 0 0 0 0 0 0 0 0 0 0 0 0 0 0 0 0 0 0 0 0 0 0 0 0 0 0 0 0 0 0 0 0 0 0 0 0 0 0 0 0 0 0 0 0 0 0 0 0 0 0 0 0 0 0 0 0 0 0 0 0 0 0 0 0 0 0 0 0 0 0 0 0 0 0 0 0 0 0 0 0 0 0 0 0 0 0 0 0 0 0 0 0 0 0 0 0 0 0 0 0 0 0 0 0 0 0 0
 0 0 0 0 0 0 0 0 0 0 0 0 0 0 0 0 0 0 0 0 0 0 0 0 0 0 0 0 0 0 0 0 0 0 0 0 0 0 0 0 0 0 0 0 0 0 0 0 0 0 0 0 0 0 0 0 0 0 0 0 0 0 0 0 0 0 0 0 0 0 0 0 0 0 0 0 0 0 0 0 0 0 0 0 0 0 0 0 0 0 0 0 0 0 0 0 0 0 0 0 0 0 0 0 0 0 0 0 0 0 0 0 0 0 0 0 0 0 0 0 0 0 0 0 0 0 0 0 0 0 0 0 0 0 0 0 0 0 0 0 0 0 0 0 0 0 0 0 0 0 0 0 0 0 0 0 0 0 0 0 0 0 0 0 0 0 0 0 0 0 0 0 0 0 0 0 0 0 0 0 0 0 0 0 0 0 0 0 0 0 0 0 0 0 0 0 0 0 0 0 0 0 0 0 0 0 0 0 0 0 0 0 0 0 0 0 0 0 0 0 0 0 0 0 0 0 0 0 0 0 0 0 0 0 0 0 0 0 0 0 0 0 0 0 0 0 0 0 0 0 0 0 0 0 0 0 0 0 0 0 0 0 0 0 0 0 0 0 0 0 0 0 0 0 0 0 0 0 0 0 0 0 0 0 0 0 0 0 0 0.0003478935977909714 0.00109250855166465 0.002247078809887171 0.003861926728859544 0.005990952253341675 0.008637786842882633 0.01186802983283997 0.01569079048931599 0.02016581594944 0.02532815374433994 0.03118161112070084 0.03774312138557434 0.04503016918897629 0.05304226279258728 0.06163332611322403 0.07066863030195236 0.0802096426486969 0.09028279036283493 0.1008914411067963 0.1119111925363541 0.1232182309031487 0.1348167061805725 0.1467733383178711 0.159049853682518 0.1715352088212967 0.1842351704835892 0.1971916407346725 0.2104137539863586 0.2237542271614075 0.2358394265174866 0.2445979863405228 0.2487227767705917 0.2472880184650421 0.2397325336933136 0.2277459055185318 0.2163586169481277 0.2055406868457794 0.1952636539936066 0.1855004727840424 0.1762254536151886 0.1674141883850098 0.159043475985527 0.1510913074016571 0.1435367465019226 0.136359915137291 0.1295419186353683 0.123064823448658 0.1169115826487541 0.1110660061240196 0.1055127084255219 0.1002370715141296 0.09522521495819092 0.09046395123004913 0.08594075590372086 0.0816437155008316 0.07756152749061584 0.07368344813585281 0.06999927759170532 0.06649931520223618 0.06317435204982758 0.06001563370227814 0.05701485276222229 0.05416411161422729 0.05145590752363205 0.0488831102848053 0.04643895477056503 0.04411700740456581 0.04191115871071815 0.03981560096144676 0.03782482072710991 0.03593358024954796 0.03413690254092216 0.03243005648255348 0.03080855309963226 0.02926812507212162 0.02780471928417683 0.02641448378562927 0.02509376034140587 0.023839071393013 0.02264711819589138 0.02151476219296455 0.0204390250146389 0.01941707357764244 0.01844622008502483 0.01752390898764133 0.0166477132588625 0.01581532694399357 0.01502456050366163 0.01427333243191242 0.01355966553092003 0.01288168225437403 0.01223759818822145 0.01162571832537651 0.01104443240910769 0.01049221120774746 0.009967600926756859 0.009469220414757729 0.008995759300887585 0.008545971475541592 0.008118673227727413 0.007712739519774914 0.007327102590352297 0.006960747297853231 0.006612709723412991 0.006282074376940727 0.005967970471829176 0.005669571924954653 0.00538609316572547 0.005116788670420647 0.004860949236899614 0.004617901984602213 0.004387007094919682 0.004167656879872084 0.003959273919463158 0.003761310130357742 0.003573244670405984 0.003394582541659474 0.003224853426218033 0.003063610754907131 0.002910430310294032 0.002764908829703927 0.002626663306728005 0.00249533005990088 0.002370563568547368 0.002252035308629274 0.002139433519914746 0.002032461808994412 0.001930838683620095 0.001834296737797558 0.001742581953294575 0.001655452884733677 0.001572680193930864 0.001494046184234321 0.001419343869201839 0.001348376623354852 0.001280957832932472 0.001216909964568913 0.001156064448878169 0.001098261214792728 0.001043348107486963 0.0009911806555464864 0.0009416216053068638 0.0008945405133999884 0.0008498135139234364 0.0008073228527791798 0.0007669567130506039 0.0007286088657565415 0.0006921784370206296 0.0006575695006176829 0.0006246910197660327 0.0005934564396739006 0.0005637836293317378 0.0005355944740585983 0.0005088147590868175 0.0004833740240428597 0.0004592053301166743 0.000436245056334883 0.000414432812249288 0.0003937111760023981 0.0003740256070159376 0.0003553243295755237 0.0003375581000000238 0.0003206802066415548 0.0003046462079510093 0.0002894139033742249 0.0002749432169366628 0.0002611960517242551 0.0002481362607795745 0.0002357294433750212 0.0002239429741166532 0.0002127458283212036 0.0002021085383603349 0.0001920031063491479 0.0001824029459385201 0.0001732827950036153 0.0001646186574362218 0.0001563877303851768 0.0001485683460487053 0.0001411399280186743 0.0001340829330729321 0.0001273787929676473 0.000121009856229648 0.0001149593663285486 0.0001092113961931318 0.0001037508263834752 9.856328688329086e-05 9.363512072013691e-05 8.89533621375449e-05 8.450569293927401e-05 8.028040610952303e-05 7.626638398505747e-05 7.245306187542155e-05 6.883040623506531e-05 6.538888555951416e-05 6.211944128153846e-05 5.901346958125941e-05 5.60627959202975e-05 5.325965685187839e-05 5.059667455498129e-05 4.806684228242375e-05 4.566349889500998e-05 4.338032522355206e-05 4.121130768908188e-05 3.91507419408299e-05 3.719320375239477e-05 3.533354174578562e-05 3.356686647748575e-05 3.188852133462206e-05 3.029409526789095e-05 2.877939004974905e-05 2.734042027441319e-05 2.597339880594518e-05 2.467472950229421e-05 2.344099266338162e-05 2.226894321211148e-05 2.115549614245538e-05 2.00977210624842e-05 1.909283491841052e-05 1.813819289964158e-05 1.723128298181109e-05 1.63697186508216e-05 1.555123344587628e-05 1.477367186453193e-05 1.403498845320428e-05 1.333323871222092e-05 1.266657636733726e-05 1.203324791276827e-05 1.143158533523092e-05 1.086000611394411e-05 1.031700594467111e-05 9.801156011235435e-06 9.311098438047338e-06 8.845543561619706e-06 8.403266292589251e-06 7.983103387232404e-06 7.583947990497109e-06 7.204750545497518e-06 6.844512881798437e-06 6.502287305920618e-06 6.177172963361954e-06 5.868314474355429e-06 5.574898750637658e-06 5.296153631206835e-06 5.031346063333331e-06 4.779778919328237e-06 4.540790087048663e-06 4.313750650908332e-06 4.098063072888181e-06 3.893159828294301e-06 3.698501814142219e-06 3.513576757541159e-06 3.337897851451999e-06 3.171002845192561e-06 3.012452680195565e-06 2.861830125766573e-06 2.718738642215612e-06 2.582801698736148e-06 2.453661636536708e-06 2.330978531972505e-06 2.21442951442441e-06 2.103708084177924e-06 1.998522748181131e-06 1.898596565297339e-06 1.803666691557737e-06 1.71348335697985e-06 1.627809183446516e-06 1.546418729958532e-06 1.469097810513631e-06 1.395642925672291e-06 1.325860807810386e-06 1.259567738998157e-06 1.19658932362654e-06 1.136759806286136e-06 1.079921844393539e-06 1.025925712383469e-06 9.746294153956114e-07 9.258979503101727e-07 8.796030783742026e-07 8.356229272976634e-07 7.938417638797546e-07 7.541496529483993e-07 7.164421731431503e-07 6.806200758546765e-07 6.46589057851088e-07 6.142595907476789e-07 5.835466367898334e-07 5.543693077925127e-07 5.266508651402546e-07 5.003183218832419e-07 4.753024143155926e-07 4.515372893365566e-07 4.289604191853869e-07 4.075124024893739e-07 3.87136793733589e-07 3.677799611523369e-07 3.493909730423184e-07 3.319214272323734e-07 3.15325365818353e-07 2.995591046328627e-07 2.845811479801341e-07 2.703521033708967e-07 2.568345109921211e-07 2.439927868636005e-07 2.317931517836769e-07 2.202034892206939e-07 2.091933168912874e-07 1.987336446518384e-07 1.887969602876183e-07 1.79357115825951e-07 1.703892564819398e-07 1.618697922367573e-07
 0 0 0 0 0 0 0 0 0 0 0 0 0 0 0 0 0 0 0 0 0 0 0 0 0 0 0 0 0 0 0 0 0 0 0 0 0 0 0 0 0 0 0 0 0 0 0 0 0 0 0 0 0 0 0 0 0 0 0 0 0 0 0 0 0 0 0 0 0 0 0 0 0 0 0 0 0 0 0 0 0 0 0 0 0 0 0 0 0 0 0 0 0 0 0 0 0 0 0 0 0 0 0 0 0 0 0 0 0 0 0 0 0 0 0 0 0 0 0 0 0 0 0 0 0 0 0 0 0 0 0 0 0 0 0 0 0 0 0 0 0 0 0 0 0 0 0 0 0 0 0 0 0 0 0 0 0 0 0 0 0 0 0 0 0 0 0 0 0 0 0 0 0 0 0 0 0 0 0 0 0 0 0 0 0 0 0 0 0 0 0 0 0 0 0 0 0 0 0 0 0 0 0 0 0 0 0 0 0 0 0 0 0 0 0 0 0 0 0 0 0 0 0 0 0 0 0 0 0 0 0 0 0 0 0 0 0 0 0 0 0 0 0 0 0 0 0 0 0 0 0 0 0 0 0 0 0 0 0 0 0 0 0 0 0 0 0 0 0 0 0 0 0 0 0 0 0 0 0 0 0 0 0 0 0 0 0 0 0 0 0 0 0 0 0 0 0 0 0 0 0 0 0 0 0 0 0 0 0 0 0 0 0 0 0 0 0 0 0 0 0 0 0 0 0 0 0 0 0 0 0 0 0 0 0 0 0 0 0 0 0 0 0 0 0 0 0 0 0 0 0 0 0 0 0 0 0 0 0 0 0 0 0 0 0 0 0 0 0 0 0 0 0 0 0 0 0 0 0 0 0 0 0 0 0 0 0 0 0 0 0 0 0 0 0 0 0 0 0 0 0 0 0 0 0 0 0 0 0 0 0 0 0 0 0 0 0 0 0 0 0 0 0 0 0 0 0 0 0 0 0 0 0 0 0 0 0 0 0 0 0 0 0 0 0 0 0 0 0 0 0 0 0 0 0 0 0 0 0 0 0 0 0 0 0 0 0 0 0 0 0 0 0 0 0 0 0 0 0 0 0 0 0 0 0 0 0 0 0 0 0 0 0 0 0 0 0 0 0 0 0 0 0 0 0 0 0 0 0 0 0 0 0 0 0 0 0 0 0 0 0 0 0 0 0 0 0 0 0 0 0 0 0 0 0 0 0 0 0 0 0 0 0 0 0 0 0 0 0 0 0 0 0 0 0 0 0 0 0 0 0 0 0 0 0 0 0 0 0 0 0 0 0 0 0 0 0 0 0 0 0 0 0 0 0 0 0 0 0 0 0 0 0 0 0 0 0 0 0 0
 0 0 0 0 0 0 0 0 0 0 0 0 0 0 0 0 0 0 0 0 0 0 0 0 0 0 0 0 0 0 0 0 0 0 0 0 0 0 0 0 0 0 0 0 0 0 0 0 0 0 0 0 0 0 0 0 0 0 0 0 0 0 0 0 0 0 0 0 0 0 0 0 0 0 0 0 0 0 0 0 0 0 0 0 0 0 0 0 0 0 0 0 0 0 0 0 0 0 0 0 0 0 0 0 0 0 0 0 0 0 0 0 0 0 0 0 0 0 0 0 0 0 0 0 0 0 0 0 0 0 0 0 0 0 0 0 0 0 0 0 0 0 0 0 0 0 0 0 0 0 0 0 0 0 0 0 0 0 0 0 0 0 0 0 0 0 0 0 0 0 0 0 0 0 0 0 0 0 0 0 0 0 0 0 0 0 0 0 0 0 0 0 0 0 0 0 0 0 0 0 0 0 0 0 0 0 0 0 0 0 0 0 0 0 0 0 0 0 0 0 0 0 0 0 0 0 0 0 0 0 0 0 0 0 0 0 0 0 0 0 0 0 0 0 0 0 0 0 0 0 0 0 0 0 0 0 0 0 0 0 0 0 0 0 0 0 0 0 0 0 0 0 0 0 0 0 0 0 0 0 0 0 0 0 0 0 0 0 0 0 0 0 0 0 0 0 0 0 0 0 0 0 0 0 0 0 0 0 0 0 0 0 0 0 0 0 0 0 0 0 0 0 0 0 0 0 0 0 0 0 0 0 0 0 0 0 0 0 0 0 0 0 0 0 0 0 0 0 0 0 0 0 0 0 0 0 0 0 0 0 0 0 0 0 0 0 0 0 0 0 0 0 0 0 0 0 0 0 0 0 0 0 0 0 0 0 0 0 0 0 0 0 0 0 0 0 0 0 0 0 0 0 0 0 0 0 0 0 0 0 0 0 0 0 0 0 0 0 0 0 0 0 0 0 0 0 0 0 0 0 0 0 0 0 0 0 0 0 0 0 0 0 0 0 0 0 0 0 0 0 0 0 0 0 0 0 0 0 0 0 0 0 0 0 0 0 0 0 0 0 0 0 0 0 0 0 0 0 0 0 0 0 0 0 0 0 0 0 0 0 0 0 0 0 0 0 0 0 0 0 0 0 0 0 0 0 0 0 0 0 0 0 0 0 0 0 0 0 0 0 0 0 0 0 0 0 0 0 0 0 0 0 0 0 0 0 0 0 0 0 0 0 0 0 0 0 0 0 0 0 0 0 0 0 0 0 0 0 0 0 0 0 0 0 0 0 0 0 0 0 0 0 0 0 0 0 0 0 0 0 0 0 0 0 0 0 0 0 0 0 0 0 0 0 0 0 0 0 0 0
 0 0 0 0 0 0 0 0 0 0 0 0 0 0 0 0 0 0 0 0 0 0 0 0 0 0 0 0 0 0 0 0 0 0 0 0 0 0 0 0 0 0 0 0 0 0 0 0 0 0 0 0 0 0 0 0 0 0 0 0 0 0 0 0 0 0 0 0 0 0 0 0 0 0 0 0 0 0 0 0 0 0 0 0 0 0 0 0 0 0 0 0 0 0 0 0 0 0 0 0 0 0 0 0 0 0 0 0 0 0 0 0 0 0 0 0 0 0 0 0 0 0 0 0 0 0 0 0 0 0 0 0 0 0 0 0 0 0 0 0 0 0 0 0 0 0 0 0 0 0 0 0 0 0 0 0 0 0 0 0 0 0 0 0 0 0 0 0 0 0 0 0 0 0 0 0 0 0 0 0 0 0 0 0 0 0 0 0 0 0 0 0 0 0 0 0 0 0 0 0 0 0 0 0 0 0 0 0 0 0 0 0 0 0 0 0 0 0 0 0 0 0 0 0 0 0 0 0 0 0 0 0 0 0 0 0 0 0 0 0 0 0 0 0 0 0 0 0 0 0 0 0 0 0 0 0 0 0 0 0 0 0 0 0 0 0 0 0 0 0 0 0 0 0 0 0 0 0 0 0 0 0 0 0 0 0 0 0 0 0 0 0 0 0 0 0 0 0 0 0 0 0 0 0 0 0 0 0 0 0 0 0 0 0 0 0 0 0 0 0 0 0 0 0 0 0 0 0 0 0 0 0 0 0 0 0 0 0 0 0 0 0 0 0 0 0 0 0 0 0 0 0 0 0 0 0 0 0 0 0 0 0 0 0 0 0 0 0 0 0 0 0 0 0 0 0 0 0 0 0 0 0 0 0 0 0 0 0 0 0 0 0 0 0 0 0 0 0 0 0 0 0 0 0 0 0 0 0 0 0 0 0 0 0 0 0 0 0 0 0 0 0 0 0 0 0 0 0 0 0 0 0 0 0 0 0 0 0 0 0 0 0 0 0 0 0 0 0 0 0 0 0 0 0 0 0 0 0 0 0 0 0 0 0 0 0 0 0 0 0 0 0 0 0 0 0 0 0 0 0 0 0 0 0 0 0 0 0 0 0 0 0 0 0 0 0 0 0 0 0 0 0 0 0 0 0 0 0 0 0 0 0 0 0 0 0 0 0 0 0 0 0 0 0 0 0 0 0 0 0 0 0 0 0 0 0 0 0 0 0 0 0 0 0 0 0 0 0 0 0 0 0 0 0 0 0 0 0 0 0 0 0 0 0 0 0 0 0 0 0 0 0 0 0 0 0 0 0 0 0 0 0 0 0 0 0 0 0 0 0 0 0 0 0 0 0 0 0 0 0
 0 0 0 0 0 0 0 0 0 0 0 0 0 0 0 0 0 0 0 0 0 0 0 0 0 0 0 0 0 0 0 0 0 0 0 0 0 0 0 0 0 0 0 0 0 0 0 0 0 0 0 0 0 0 0 0 0 0 0 0 0 0 0 0 0 0 0 0 0 0 0 0 0 0 0 0 0 0 0 0 0 0 0 0 0 0 0 0 0 0 0 0 0 0 0 0 0 0 0 0 0 0 0 0 0 0 0 0 0 0 0 0 0 0 0 0 0 0 0 0 0 0 0 0 0 0 0 0 0 0 0 0 0 0 0 0 0 0 0 0 0 0 0 0 0 0 0 0 0 0 0 0 0 0 0 0 0 0 0 0 0 0 0 0 0 0 0 0 0 0 0 0 0 0 0 0 0 0 0 0 0 0 0 0 0 0 0 0 0 0 0 0 0 0 0 0 0 0 0 0 0 0 0 0 0 0 0 0 0 0 0 0 0 0 0 0 0 0 0 0 0 0 0 0 0 0 0 0 0 0 0 0 0 0 0 0 0 0 0 0 0 0 0 0 0 0 0 0 0 0 0 0 0 0 0 0 0 0 0 0 0 0 0 0 0 0 0 0 0 0 0 0 0 0 0 0 0 0 0 0 0 0 0 0 0 0 0.0004152052570134401 0.001255797920748591 0.002531186677515507 0.004266979172825813 0.006508989725261927 0.009282490238547325 0.01260603219270706 0.0165328960865736 0.02110656164586544 0.02637927606701851 0.03237485140562057 0.03910331055521965 0.0465690866112709 0.054756760597229 0.06343622505664825 0.07259144634008408 0.08224130421876907 0.0923779308795929 0.1029840707778931 0.1138503775000572 0.1249990612268448 0.1364493668079376 0.1482181549072266 0.1601655781269073 0.1723560243844986 0.1847905665636063 0.1974914968013763 0.2104687392711639 0.2236985713243484 0.235019639134407 0.2426471263170242 0.2454256266355515 0.2425551563501358 0.2335357964038849 0.2218590080738068 0.2107660621404648 0.200227752327919 0.1902163624763489 0.1807055473327637 0.1716702729463577 0.1630867570638657 0.1549324244260788 0.1471858024597168 0.1398265063762665 0.132835179567337 0.1261934190988541 0.1198837459087372 0.1138895601034164 0.1081950813531876 0.1027853265404701 0.09764605760574341 0.092763751745224 0.0881255641579628 0.08371928334236145 0.07953331619501114 0.07555665075778961 0.07177881896495819 0.06818987429141998 0.06478038430213928 0.0615413635969162 0.05846429616212845 0.05554108321666718 0.05276402831077576 0.05012582615017891 0.0476195365190506 0.04523855820298195 0.04297662898898125 0.04082779586315155 0.03878640756011009 0.03684708848595619 0.03500473499298096 0.03325449675321579 0.03159177303314209 0.03001218475401402 0.02851157635450363 0.02708599716424942 0.02573169767856598 0.02444511279463768 0.02322285622358322 0.02206171303987503 0.02095862664282322 0.01991069503128529 0.01891515962779522 0.0179694015532732 0.01707093231379986 0.01621738635003567 0.01540651731193066 0.01463619153946638 0.0139043815433979 0.01320916227996349 0.01254870370030403 0.01192126888781786 0.01132520567625761 0.01075894571840763 0.01022099889814854 0.009709948673844337 0.009224451147019863 0.008763228543102741 0.008325067348778248 0.007908813655376434 0.007513373158872128 0.007137704640626907 0.006780819501727819 0.006441778503358364 0.00611968943849206 0.005813704803586006 0.005523019470274448 0.00524686835706234 0.00498452503234148 0.004735298920422792 0.00449853390455246 0.004273607395589352 0.004059927072376013 0.003856930648908019 0.003664084011688828 0.003480879822745919 0.003306835889816284 0.003141494002193213 0.002984419232234359 0.002835198305547237 0.002693438436836004 0.002558766398578882 0.002430828055366874 0.002309286734089255 0.002193822292611003 0.002084131119772792 0.001979924505576491 0.001880928291939199 0.001786881824955344 0.001697537722066045 0.00161266082432121 0.001532027730718255 0.00145542633254081 0.001382654998451471 0.001313522225245833 0.001247846055775881 0.001185453729704022 0.001126181101426482 0.00106987205799669 0.001016378402709961 0.0009655595058575273 0.0009172815480269492 0.0008714174618944526 0.0008278465829789639 0.0007864542421884835 0.0007471315329894423 0.0007097749621607363 0.0006742862169630826 0.0006405719323083758 0.0006085433415137231 0.0005781161598861217 0.0005492103518918157 0.000521749840117991 0.0004956623306497931 0.0004708792257588357 0.0004473352746572345 0.0004249685152899474 0.0004037200997117907 0.0003835340903606266 0.0003643573727458715 0.0003461395099293441 0.0003288325387984514 0.0003123909118585289 0.0002967713517136872 0.000281932792859152 0.0002678361488506198 0.0002544443414080888 0.0002417221257928759 0.0002296360180480406 0.0002181542222388089 0.0002072465140372515 0.0001968841825146228 0.0001870399719337001 0.000177687979885377 0.0001688035845290869 0.000160363400937058 0.000152345237438567 0.0001447279792046174 0.0001374915736960247 0.0001306170015595853 0.00012408614566084 0.0001178818347398192 0.0001119877415476367 0.0001063883537426591 0.0001010689375107177 9.60154939093627e-05 9.121472248807549e-05 8.66539849084802e-05 8.232128311647102e-05 7.820521568646654e-05 7.429495599353686e-05 7.05802085576579e-05 6.70511944917962e-05 6.369863694999367e-05 6.051370655768551e-05 5.748802141170017e-05 5.461362161440775e-05 5.188294016988948e-05 4.928879207000136e-05 4.68243524665013e-05 4.448313484317623e-05 4.225897646392696e-05 4.014602745883167e-05 3.813872535829432e-05 3.623178781708702e-05 3.442019806243479e-05 3.269918670412153e-05 3.106422809651121e-05 2.951101669168565e-05 2.803546522045508e-05 2.663369195943233e-05 2.5302007998107e-05 2.403690814389847e-05 2.283506182720885e-05 2.169330946344417e-05 2.060864426312037e-05 1.957821223186329e-05 1.859930125647224e-05 1.766933564795181e-05 1.678586886555422e-05 1.594657624082174e-05 1.514924770162906e-05 1.43917850436992e-05 1.367219556414057e-05 1.298858569498407e-05 1.23391564557096e-05 1.172219890577253e-05 1.113608868763549e-05 1.057928420777898e-05 1.005032027023844e-05 9.547804438625462e-06 9.070414307643659e-06 8.616893865109887e-06 8.186048944480717e-06 7.776746315357741e-06 7.387909136014059e-06 7.018513770162826e-06 6.667587967967847e-06 6.334208592306823e-06 6.017497980792541e-06 5.716623036278179e-06 5.430792043625843e-06 5.159252395969816e-06 4.901289685221855e-06 4.656225428334437e-06 4.423414338816656e-06 4.202243417239515e-06 3.992131041741231e-06 3.792524466916802e-06 3.602898232202278e-06 3.422753252380062e-06 3.251615680710529e-06 3.089034862568951e-06 2.93458310807182e-06 2.787853873087442e-06 2.648461077114916e-06 2.516037966415752e-06 2.390235977145494e-06 2.270724280606373e-06 2.157187964257901e-06 2.049328486464219e-06 1.946862084878376e-06 1.849518980634457e-06 1.757043037287076e-06 1.669190851316671e-06 1.585731297382154e-06 1.506444732513046e-06 1.431122541362129e-06 1.359566454084415e-06 1.291588091589801e-06 1.227008738169388e-06 1.165658318313945e-06 1.107375396713906e-06 1.052006609825185e-06 9.994063248086604e-07 9.494360142525693e-07 9.019641993290861e-07 8.568659950469737e-07 8.140227123476507e-07 7.733215738880972e-07 7.346554866671795e-07 6.979227009651368e-07 6.630265829699056e-07 6.298752737166069e-07 5.983815185572894e-07 5.68462439787254e-07 5.400393092713784e-07 5.13037321070442e-07 4.873854777542874e-07 4.630161924978893e-07 4.39865374346482e-07 4.178721155767562e-07 3.969785211666021e-07 3.77129595108272e-07 3.582731267215422e-07 3.403594632800377e-07 3.23341481589523e-07 3.071744174576452e-07 2.918156951636774e-07 2.772248990368098e-07 2.633636597693112e-07 2.50195483886273e-07 2.376857111130448e-07 2.258014291101063e-07 2.145113597862291e-07 2.03785788244204e-07 1.935964917265665e-07 1.839166685613236e-07 1.747208386859711e-07 1.65984801014929e-07 1.57685562385268e-07 1.498012807132909e-07 1.423112223619682e-07 1.351956626649553e-07
 0 0 0 0 0 0 0 0 0 0 0 0 0 0 0 0 0 0 0 0 0 0 0 0 0 0 0 0 0 0 0 0 0 0 0 0 0 0 0 0 0 0 0 0 0 0 0 0 0 0 0 0 0 0 0 0 0 0 0 0 0 0 0 0 0 0 0 0 0 0 0 0 0 0 0 0 0 0 0 0 0 0 0 0 0 0 0 0 0 0 0 0 0 0 0 0 0 0 0 0 0 0 0 0 0 0 0 0 0 0 0 0 0 0 0 0 0 0 0 0 0 0 0 0 0 0 0 0 0 0 0 0 0 0 0 0 0 0 0 0 0 0 0 0 0 0 0 0 0 0 0 0 0 0 0 0 0 0 0 0 0 0 0 0 0 0 0 0 0 0 0 0 0 0 0 0 0 0 0 0 0 0 0 0 0 0 0 0 0 0 0 0 0 0 0 0 0 0 0 0 0 0 0 0 0 0 0 0 0 0 0 0 0 0 0 0 0 0 0 0 0 0 0 0 0 0 0 0 0 0 0 0 0 0 0 0 0 0 0 0 0 0 0 0 0 0 0 0 0 0 0 0 0 0 0 0 0 0 0 0 0 0 0 0 0 0 0 0 0 0 0 0 0 0 0 0 0 0 0 0 0 0 0 0 0 0 0 0 0 0 0 0 0 0 0 0 0 0 0 0 0 0 0 0 0 0 0 0 0 0 0 0 0 0 0 0 0 0 0 0 0 0 0 0 0 0 0 0 0 0 0 0 0 0 0 0 0 0 0 0 0 0 0 0 0 0 0 0 0 0 0 0 0 0 0 0 0 0 0 0 0 0 0 0 0 0 0 0 0 0 0 0 0 0 0 0 0 0 0 0 0 0 0 0 0 0 0 0 0 0 0 0 0 0 0 0 0 0 0 0 0 0 0 0 0 0 0 0 0 0 0 0 0 0 0 0 0 0 0 0 0 0 0 0 0 0 0 0 0 0 0 0 0 0 0 0 0 0 0 0 0 0 0 0 0 0 0 0 0 0 0 0 0 0 0 0 0 0 0 0 0 0 0 0 0 0 0 0 0 0 0 0 0 0 0 0 0 0 0 0 0 0 0 0 0 0 0 0 0 0 0 0 0 0 0 0 0 0 0 0 0 0 0 0 0 0 0 0 0 0 0 0 0 0 0 0 0 0 0 0 0 0 0 0 0 0 0 0 0 0 0 0 0 0 0 0 0 0 0 0 0 0 0 0 0 0 0 0 0 0 0 0 0 0 0 0 0 0 0 0 0 0 0 0 0 0 0 0 0 0 0 0 0 0 0 0 0 0 0 0 0 0 0 0 0 0 0 0 0 0 0 0 0 0 0 0 0 0 0 0
 0 0 0 0 0 0 0 0 0 0 0 0 0 0 0 0 0 0 0 0 0 0 0 0 0 0 0 0 0 0 0 0 0 0 0 0 0 0 0 0 0 0 0 0 0 0 0 0 0 0 0 0 0 0 0 0 0 0 0 0 0 0 0 0 0 0 0 0 0 0 0 0 0 0 0 0 0 0 0 0 0 0 0 0 0 0 0 0 0 0 0 0 0 0 0 0 0 0 0 0 0 0 0 0 0 0 0 0 0 0 0 0 0 0 0 0 0 0 0 0 0 0 0 0 0 0 0 0 0 0 0 0 0 0 0 0 0 0 0 0 0 0 0 0 0 0 0 0 0 0 0 0 0 0 0 0 0 0 0 0 0 0 0 0 0 0 0 0 0 0 0 0 0 0 0 0 0 0 0 0 0 0 0 0 0 0 0 0 0 0 0 0 0 0 0 0 0 0 0 0 0 0 0 0 0 0 0 0 0 0 0 0 0 0 0 0 0 0 0 0 0 0 0 0 0 0 0 0 0 0 0 0 0 0 0 0 0 0 0 0 0 0 0 0 0 0 0 0 0 0 0 0 0 0 0 0 0 0 0 0 0 0 0 0 0 0 0 0 0 0 0 0 0 0 0 0 0 0 0 0 0 0 0 0 0 0 0 0 0 0 0 0 0 0 0 0 0 0 0 0 0 0 0 0 0 0 0 0 0 0 0 0 0 0 0 0 0 0 0 0 0 0 0 0 0 0 0 0 0 0 0 0 0 0 0 0 0 0 0 0 0 0 0 0 0 0 0 0 0 0 0 0 0 0 0 0 0 0 0 0 0 0 0 0 0 0 0 0 0 0 0 0 0 0 0 0 0 0 0 0 0 0 0 0 0 0 0 0 0 0 0 0 0 0 0 0 0 0 0 0 0 0 0 0 0 0 0 0 0 0 0 0 0 0 0 0 0 0 0 0 0 0 0 0 0 0 0 0 0 0 0 0 0 0 0 0 0 0 0 0 0 0 0 0 0 0 0 0 0 0 0 0 0 0 0 0 0 0 0 0 0 0 0 0 0 0 0 0 0 0 0 0 0 0 0 0 0 0 0 0 0 0 0 0 0 0 0 0 0 0 0 0 0 0 0 0 0 0 0 0 0 0 0 0 0 0 0 0 0 0 0 0 0 0 0 0 0 0 0 0 0 0 0 0 0 0 0 0 0 0 0 0 0 0 0 0 0 0 0 0 0 0 0 0 0 0 0 0 0 0 0 0 0 0 0 0 0 0 0 0 0 0 0 0 0 0 0 0 0 0 0 0 0 0 0 0 0 0 0 0 0 0 0 0 0 0 0 0 0 0 0 0 0 0 0 0 0 0 0 0
 0 0 0 0 0 0 0 0 0 0 0 0 0 0 0 0 0 0 0 0 0 0 0 0 0 0 0 0 0 0 0 0 0 0 0 0 0 0 0 0 0 0 0 0 0 0 0 0 0 0 0 0 0 0 0 0 0 0 0 0 0 0 0 0 0 0 0 0 0 0 0 0 0 0 0 0 0 0 0 0 0 0 0 0 0 0 0 0 0 0 0 0 0 0 0 0 0 0 0 0 0 0 0 0 0 0 0 0 0 0 0 0 0 0 0 0 0 0 0 0 0 0 0 0 0 0 0 0 0 0 0 0 0 0 0 0 0 0 0 0 0 0 0 0 0 0 0 0 0 0 0 0 0 0 0 0 0 0 0 0 0 0 0 0 0 0 0 0 0 0 0 0 0 0 0 0 0 0 0 0 0 0 0 0 0 0 0 0 0 0 0 0 0 0 0 0 0 0 0 0 0 0 0 0 0 0 0 0 0 0 0 0 0 0 0 0 0 0 0 0 0 0 0 0 0 0 0 0 0 0 0 0 0 0 0 0 0 0 0 0 0 0 0 0 0 0 0 0 0 0 0 0 0 0 0 0 0 0 0 0 0 0 0 0 0 0 0 0 0 0 0 0 0 0 0 0 0 0 0 0 0 0 0 0 0 0 0 0 0 0 0 0 0 0 0 0 0 0 0 0 0 0 0 0 0 0 0 0 0 0 0 0 0 0 0 0 0 0 0 0 0 0 0 0 0 0 0 0 0 0 0 0 0 0 0 0 0 0 0 0 0 0 0 0 0 0 0 0 0 0 0 0 0 0 0 0 0 0 0 0 0 0 0 0 0 0 0 0 0 0 0 0 0 0 0 0 0 0 0 0 0 0 0 0 0 0 0 0 0 0 0 0 0 0 0 0 0 0 0 0 0 0 0 0 0 0 0 0 0 0 0 0 0 0 0 0 0 0 0 0 0 0 0 0 0 0 0 0 0 0 0 0 0 0 0 0 0 0 0 0 0 0 0 0 0 0 0 0 0 0 0 0 0 0 0 0 0 0 0 0 0 0 0 0 0 0 0 0 0 0 0 0 0 0 0 0 0 0 0 0 0 0 0 0 0 0 0 0 0 0 0 0 0 0 0 0 0 0 0 0 0 0 0 0 0 0 0 0 0 0 0 0 0 0 0 0 0 0 0 0 0 0 0 0 0 0 0 0 0 0 0 0 0 0 0 0 0 0 0 0 0 0 0 0 0 0 0 0 0 0 0 0 0 0 0 0 0 0 0 0 0 0 0 0 0 0 0 0 0 0 0 0 0 0 0 0 0 0 0 0 0 0 0 0 0 0 0 0 0 0 0 0 0 0 0 0 0 0 0 0
 0 0 0 0 0 0 0 0 0 0 0 0 0 0 0 0 0 0 0 0 0 0 0 0 0 0 0 0 0 0 0 0 0 0 0 0 0 0 0 0 0 0 0 0 0 0 0 0 0 0 0 0 0 0 0 0 0 0 0 0 0 0 0 0 0 0 0 0 0 0 0 0 0 0 0 0 0 0 0 0 0 0 0 0 0 0 0 0 0 0 0 0 0 0 0 0 0 0 0 0 0 0 0 0 0 0 0 0 0 0 0 0 0 0 0 0 0 0 0 0 0 0 0 0 0 0 0 0 0 0 0 0 0 0 0 0 0 0 0 0 0 0 0 0 0 0 0 0 0 0 0 0 0 0 0 0 0 0 0 0 0 0 0 0 0 0 0 0 0 0 0 0 0 0 0 0 0 0 0 0 0 0 0 0 0 0 0 0 0 0 0 0 0 0 0 0 0 0 0 0 0 0 0 0 0 0 0 0 0 0 0 0 0 0 0 0 0 0 0 0 0 0 0 0 0 0 0 0 0 0 0 0 0 0 0 0 0 0 0 0 0 0 0 0 0 0 0 0 0 0 0 0 0 0 0 0 0 0 0 0 0 0 0 0 0 0 0 0 0 0 0 0 0 0 0 0 0 0 0 0 0 0 0 0 0 0 0 0 0.000303497799905017 0.001013941946439445 0.00215634610503912 0.003761418862268329 0.005844938568770885 0.008427952416241169 0.01151470653712749 0.01515300665050745 0.0193694606423378 0.02416980266571045 0.02962000668048859 0.03576810285449028 0.04264192655682564 0.0502646341919899 0.05848950520157814 0.06716127693653107 0.07629445940256119 0.08589631319046021 0.09601081162691116 0.1066122874617577 0.1174932643771172 0.1286510676145554 0.1401492357254028 0.1520131230354309 0.1640325933694839 0.1762174367904663 0.1885801255702972 0.2011826932430267 0.2140282094478607 0.2265322804450989 0.2363008856773376 0.2418151050806046 0.2420531362295151 0.2364262491464615 0.2246049344539642 0.2133746892213821 0.2027059495449066 0.1925706565380096 0.182942122220993 0.1737950146198273 0.1651052683591843 0.1568500101566315 0.1490075141191483 0.1415571421384811 0.134479284286499 0.1277553141117096 0.1213675513863564 0.1152991726994514 0.1095342114567757 0.1040574982762337 0.09885462373495102 0.09391189366579056 0.08921629935503006 0.08475548774003983 0.0805177167057991 0.0764918327331543 0.07266724109649658 0.06903387606143951 0.06558218598365784 0.062303077429533 0.05918792262673378 0.05622852593660355 0.05341710150241852 0.05074624717235565 0.04820893332362175 0.04579848796129227 0.04350856319069862 0.04133313521742821 0.03926647827029228 0.03730315342545509 0.03543799743056297 0.03366609662771225 0.03198279067873955 0.03038365021348 0.02886446751654148 0.0274212434887886 0.02605018205940723 0.02474767342209816 0.0235102903097868 0.02233477495610714 0.02121803537011147 0.02015713416039944 0.01914927735924721 0.01819181442260742 0.01728222332894802 0.01641811244189739 0.01559720654040575 0.01481734588742256 0.01407647877931595 0.01337265502661467 0.0127040222287178 0.01206882111728191 0.01146537996828556 0.01089211087673903 0.01034750510007143 0.009830130264163017 0.009338623844087124 0.008871692232787609 0.00842810794711113 0.008006702177226543 0.007606367114931345 0.007226048968732357 0.006864746566861868 0.006521509028971195 0.006195433437824249 0.005885661579668522 0.005591378547251225 0.005311809480190277 0.005046219099313021 0.004793907981365919 0.004554212559014559 0.004326501861214638 0.004110176581889391 0.003904667682945728 0.003709434298798442 0.003523962572216988 0.003347764490172267 0.003180376254022121 0.003021357348188758 0.00287028937600553 0.002726774895563722 0.002590436255559325 0.002460914431139827 0.002337868791073561 0.002220975235104561 0.002109926426783204 0.002004430163651705 0.001904208678752184 0.001808998291380703 0.00171854835934937 0.001632620929740369 0.001550989923998713 0.00147344043944031 0.001399768400005996 0.00132977997418493 0.001263290992937982 0.001200126484036446 0.001140120206400752 0.001083114184439182 0.001028958475217223 0.0009775105863809586 0.0009286350687034428 0.0008822033414617181 0.0008380931685678661 0.0007961884839460254 0.0007563790422864258 0.0007185600697994232 0.0006826320895925164 0.0006485005142167211 0.0006160754710435867 0.0005852716858498752 0.000556008075363934 0.0005282076890580356 0.0005017973016947508 0.0004767074424307793 0.0004528720746748149 0.0004302284796722233 0.0004087170527782291 0.000388281187042594 0.0003688671276904643 0.000350423768395558 0.0003329025930725038 0.0003162574721500278 0.0003004446043632925 0.0002854223712347448 0.0002711512497626245 0.0002575936960056424 0.0002447139995638281 0.0002324782981304452 0.0002208543883170933 0.0002098116674460471 0.0001993210898945108 0.000189355036127381 0.0001798872835934162 0.0001708929194137454 0.000162348267622292 0.0001542308600619435 0.0001465193199692294 0.0001391933474224061 0.0001322336756857112 0.0001256219984497875 0.0001193408970721066 0.0001133738551288843 0.0001077051638276316 0.0001023199074552394 9.720391244627535e-05 9.234371827915311e-05 8.772653382038698e-05 8.334020822076127e-05 7.917319453554228e-05 7.521453517256305e-05 7.145381096052006e-05 6.788111932110041e-05 6.448705971706659e-05 6.126270454842597e-05 5.819957004860044e-05 5.528959081857465e-05 5.25251125509385e-05 4.989885565009899e-05 4.740391159430146e-05 4.503371746977791e-05 4.278203050489537e-05 4.06429280701559e-05 3.861078221234493e-05 3.668024146463722e-05 3.484623084659688e-05 3.31039191223681e-05 3.144872243865393e-05 2.987628613482229e-05 2.838247200998012e-05 2.696334922802635e-05 2.561518158472609e-05 2.433442205074243e-05 2.311770003871061e-05 2.196181594626978e-05 2.086372478515841e-05 1.982053800020367e-05 1.88295107363956e-05 1.788803456292953e-05 1.699363201623783e-05 1.61439511430217e-05 1.533675276732538e-05 1.456991503800964e-05 1.384141887683654e-05 1.314934797846945e-05 1.249188062502071e-05 1.186728695756756e-05 1.127392260968918e-05 1.071022688847734e-05 1.017471549857873e-05 9.665979632700328e-06 9.182680514641106e-06 8.723546670807991e-06 8.287369382742327e-06 7.873000868130475e-06 7.479350642825011e-06 7.105383247107966e-06 6.75011415296467e-06 6.412608399841702e-06 6.091977866162779e-06 5.787378995592007e-06 5.498010068549775e-06 5.223109383223346e-06 4.961953891324811e-06 4.71385601485963e-06 4.478163191379281e-06 4.254255145497154e-06 4.041542524646502e-06 3.839465534838382e-06 3.647492349045933e-06 3.46511774296232e-06 3.291861958132358e-06 3.127268882963108e-06 2.97090537060285e-06 2.822360102072707e-06 2.681241994650918e-06 2.547179974499159e-06 2.419820930299466e-06 2.298829940627911e-06 2.183888454965199e-06 2.074694066322991e-06 1.970959374375525e-06 1.872411417025432e-06 1.77879087459587e-06 1.689851387709496e-06 1.60535887516744e-06 1.525090965515119e-06 1.448836428608047e-06 1.376394607177645e-06 1.307574848397053e-06 1.242196049133781e-06 1.180086201202357e-06 1.121081936616974e-06 1.065027845470468e-06 1.011776475934312e-06 9.611876521375962e-07 9.131282467933488e-07 8.674718401380233e-07 8.240982651841477e-07 7.828933803466498e-07 7.43748728382343e-07 7.065613090162515e-07 6.71233237881097e-07 6.376715759870422e-07 6.057879886611772e-07 5.754985750172636e-07 5.467236405820586e-07 5.193874699216394e-07 4.934180992677284e-07 4.687472028308548e-07 4.453098370049702e-07 4.2304435510232e-07 4.018921231363493e-07 3.817975198217027e-07 3.627076523571304e-07 3.445722711603594e-07 3.273436561812559e-07 3.109764747932786e-07 2.954276396849309e-07 2.806562520163425e-07 2.666234308890125e-07 2.53292256502391e-07 2.406276564670407e-07 2.28596277906945e-07 2.171664590377986e-07 2.063081296910241e-07 1.959927260486438e-07 1.861930911672971e-07 1.768834323456758e-07 1.680392642811057e-07 1.596372953827085e-07 1.516554277714022e-07
 0 0 0 0 0 0 0 0 0 0 0 0 0 0 0 0 0 0 0 0 0 0 0 0 0 0 0 0 0 0 0 0 0 0 0 0 0 0 0 0 0 0 0 0 0 0 0 0 0 0 0 0 0 0 0 0 0 0 0 0 0 0 0 0 0 0 0 0 0 0 0 0 0 0 0 0 0 0 0 0 0 0 0 0 0 0 0 0 0 0 0 0 0 0 0 0 0 0 0 0 0 0 0 0 0 0 0 0 0 0 0 0 0 0 0 0 0 0 0 0 0 0 0 0 0 0 0 0 0 0 0 0 0 0 0 0 0 0 0 0 0 0 0 0 0 0 0 0 0 0 0 0 0 0 0 0 0 0 0 0 0 0 0 0 0 0 0 0 0 0 0 0 0 0 0 0 0 0 0 0 0 0 0 0 0 0 0 0 0 0 0 0 0 0 0 0 0 0 0 0 0 0 0 0 0 0 0 0 0 0 0 0 0 0 0 0 0 0 0 0 0 0 0 0 0 0 0 0 0 0 0 0 0 0 0 0 0 0 0 0 0 0 0 0 0 0 0 0 0 0 0 0 0 0 0 0 0 0 0 0 0 0 0 0 0 0 0 0 0 0 0 0 0 0 0 0 0 0 0 0 0 0 0 0 0 0 0 0 0 0 0 0 0 0 0 0 0 0 0 0 0 0 0 0 0 0 0 0 0 0 0 0 0 0 0 0 0 0 0 0 0 0 0 0 0 0 0 0 0 0 0 0 0 0 0 0 0 0 0 0 0 0 0 0 0 0 0 0 0 0 0 0 0 0 0 0 0 0 0 0 0 0 0 0 0 0 0 0 0 0 0 0 0 0 0 0 0 0 0 0 0 0 0 0 0 0 0 0 0 0 0 0 0 0 0 0 0 0 0 0 0 0 0 0 0 0 0 0 0 0 0 0 0 0 0 0 0 0 0 0 0 0 0 0 0 0 0 0 0 0 0 0 0 0 0 0 0 0 0 0 0 0 0 0 0 0 0 0 0 0 0 0 0 0 0 0 0 0 0 0 0 0 0 0 0 0 0 0 0 0 0 0 0 0 0 0 0 0 0 0 0 0 0 0 0 0 0 0 0 0 0 0 0 0 0 0 0 0 0 0 0 0 0 0 0 0 0 0 0 0 0 0 0 0 0 0 0 0 0 0 0 0 0 0 0 0 0 0 0 0 0 0 0 0 0 0 0 0 0 0 0 0 0 0 0 0 0 0 0 0 0 0 0 0 0 0 0 0 0 0 0 0 0 0 0 0 0 0 0 0 0 0 0 0 0 0 0 0 0 0 0 0 0 0 0 0 0 0 0 0 0 0 0 0 0 0 0 0 0 0
 0 0 0 0 0 0 0 0 0 0 0 0 0 0 0 0 0 0 0 0 0 0 0 0 0 0 0 0 0 0 0 0 0 0 0 0 0 0 0 0 0 0 0 0 0 0 0 0 0 0 0 0 0 0 0 0 0 0 0 0 0 0 0 0 0 0 0 0 0 0 0 0 0 0 0 0 0 0 0 0 0 0 0 0 0 0 0 0 0 0 0 0 0 0 0 0 0 0 0 0 0 0 0 0 0 0 0 0 0 0 0 0 0 0 0 0 0 0 0 0 0 0 0 0 0 0 0 0 0 0 0 0 0 0 0 0 0 0 0 0 0 0 0 0 0 0 0 0 0 0 0 0 0 0 0 0 0 0 0 0 0 0 0 0 0 0 0 0 0 0 0 0 0 0 0 0 0 0 0 0 0 0 0 0 0 0 0 0 0 0 0 0 0 0 0 0 0 0 0 0 0 0 0 0 0 0 0 0 0 0 0 0 0 0 0 0 0 0 0 0 0 0 0 0 0 0 0 0 0 0 0 0 0 0 0 0 0 0 0 0 0 0 0 0 0 0 0 0 0 0 0 0 0 0 0 0 0 0 0 0 0 0 0 0 0 0 0 0 0 0 0 0 0 0 0 0 0 0 0 0 0 0 0 0 0 0 0 0 0 0 0 0 0 0 0 0 0 0 0 0 0 0 0 0 0 0 0 0 0 0 0 0 0 0 0 0 0 0 0 0 0 0 0 0 0 0 0 0 0 0 0 0 0 0 0 0 0 0 0 0 0 0 0 0 0 0 0 0 0 0 0 0 0 0 0 0 0 0 0 0 0 0 0 0 0 0 0 0 0 0 0 0 0 0 0 0 0 0 0 0 0 0 0 0 0 0 0 0 0 0 0 0 0 0 0 0 0 0 0 0 0 0 0 0 0 0 0 0 0 0 0 0 0 0 0 0 0 0 0 0 0 0 0 0 0 0 0 0 0 0 0 0 0 0 0 0 0 0 0 0 0 0 0 0 0 0 0 0 0 0 0 0 0 0 0 0 0 0 0 0 0 0 0 0 0 0 0 0 0 0 0 0 0 0 0 0 0 0 0 0 0 0 0 0 0 0 0 0 0 0 0 0 0 0 0 0 0 0 0 0 0 0 0 0 0 0 0 0 0 0 0 0 0 0 0 0 0 0 0 0 0 0 0 0 0 0 0 0 0 0 0 0 0 0 0 0 0 0 0 0 0 0 0 0 0 0 0 0 0 0 0 0 0 0 0 0 0 0 0 0 0 0 0 0 0 0 0 0 0 0 0 0 0 0 0 0 0 0 0 0 0 0 0 0 0 0 0 0 0 0 0 0 0 0 0 0 0 0 0 0
 0 0 0 0 0 0 0 0 0 0 0 0 0 0 0 0 0 0 0 0 0 0 0 0 0 0 0 0 0 0 0 0 0 0 0 0 0 0 0 0 0 0 0 0 0 0 0 0 0 0 0 0 0 0 0 0 0 0 0 0 0 0 0 0 0 0 0 0 0 0 0 0 0 0 0 0 0 0 0 0 0 0 0 0 0 0 0 0 0 0 0 0 0 0 0 0 0 0 0 0 0 0 0 0 0 0 0 0 0 0 0 0 0 0 0 0 0 0 0 0 0 0 0 0 0 0 0 0 0 0 0 0 0 0 0 0 0 0 0 0 0 0 0 0 0 0 0 0 0 0 0 0 0 0 0 0 0 0 0 0 0 0 0 0 0 0 0 0 0 0 0 0 0 0 0 0 0 0 0 0 0 0 0 0 0 0 0 0 0 0 0 0 0 0 0 0 0 0 0 0 0 0 0 0 0 0 0 0 0 0 0 0 0 0 0 0 0 0 0 0 0 0 0 0 0 0 0 0 0 0 0 0 0 0 0 0 0 0 0 0 0 0 0 0 0 0 0 0 0 0 0 0 0 0 0 0 0 0 0 0 0 0 0 0 0 0 0 0 0 0 0 0 0 0 0 0 0 0 0 0 0 0 0 0 0 0 0 0 0 0 0 0 0 0 0 0 0 0 0 0 0 0 0 0 0 0 0 0 0 0 0 0 0 0 0 0 0 0 0 0 0 0 0 0 0 0 0 0 0 0 0 0 0 0 0 0 0 0 0 0 0 0 0 0 0 0 0 0 0 0 0 0 0 0 0 0 0 0 0 0 0 0 0 0 0 0 0 0 0 0 0 0 0 0 0 0 0 0 0 0 0 0 0 0 0 0 0 0 0 0 0 0 0 0 0 0 0 0 0 0 0 0 0 0 0 0 0 0 0 0 0 0 0 0 0 0 0 0 0 0 0 0 0 0 0 0 0 0 0 0 0 0 0 0 0 0 0 0 0 0 0 0 0 0 0 0 0 0 0 0 0 0 0 0 0 0 0 0 0 0 0 0 0 0 0 0 0 0 0 0 0 0 0 0 0 0 0 0 0 0 0 0 0 0 0 0 0 0 0 0 0 0 0 0 0 0 0 0 0 0 0 0 0 0 0 0 0 0 0 0 0 0 0 0 0 0 0 0 0 0 0 0 0 0 0 0 0 0 0 0 0 0 0 0 0 0 0 0 0 0 0 0 0 0 0 0 0 0 0 0 0 0 0 0 0 0 0 0 0 0 0 0 0 0 0 0 0 0 0 0 0 0 0 0 0 0 0 0 0 0 0 0 0 0 0 0 0 0 0 0 0 0 0 0 0 0 0 0 0 0
 0 0 0 0 0 0 0 0 0 0 0 0 0 0 0 0 0 0 0 0 0 0 0 0 0 0 0 0 0 0 0 0 0 0 0 0 0 0 0 0 0 0 0 0 0 0 0 0 0 0 0 0 0 0 0 0 0 0 0 0 0 0 0 0 0 0 0 0 0 0 0 0 0 0 0 0 0 0 0 0 0 0 0 0 0 0 0 0 0 0 0 0 0 0 0 0 0 0 0 0 0 0 0 0 0 0 0 0 0 0 0 0 0 0 0 0 0 0 0 0 0 0 0 0 0 0 0 0 0 0 0 0 0 0 0 0 0 0 0 0 0 0 0 0 0 0 0 0 0 0 0 0 0 0 0 0 0 0 0 0 0 0 0 0 0 0 0 0 0 0 0 0 0 0 0 0 0 0 0 0 0 0 0 0 0 0 0 0 0 0 0 0 0 0 0 0 0 0 0 0 0 0 0 0 0 0 0 0 0 0 0 0 0 0 0 0 0 0 0 0 0 0 0 0 0 0 0 0 0 0 0 0 0 0 0 0 0 0 0 0 0 0 0 0 0 0 0 0 0 0 0 0 0 0 0 0 0 0 0 0 0 0 0 0 0 0 0 0 0 0 0 0 0 0 0 0 0 0 0 0 0 0 0 0 0 0 0.000366311869584024 0.001137147191911936 0.00233885645866394 0.004032520111650229 0.006230605766177177 0.008944371715188026 0.01219836808741093 0.01603058539330959 0.02045913226902485 0.02552928030490875 0.03129708021879196 0.03775239363312721 0.04492557048797607 0.05285137891769409 0.06131897494196892 0.07025890797376633 0.07975281774997711 0.08979268372058868 0.1003912463784218 0.1114574670791626 0.1228092834353447 0.1344645470380783 0.1464406549930573 0.1586117893457413 0.1709593832492828 0.1835256069898605 0.1963460296392441 0.2094311267137527 0.2228255271911621 0.2349778413772583 0.2438196092844009 0.2480227798223495 0.2466938346624374 0.2392261773347855 0.227264866232872 0.2159016281366348 0.2051065415143967 0.1948512196540833 0.1851086616516113 0.1758532226085663 0.1670605540275574 0.1587075293064117 0.1507721543312073 0.1432335525751114 0.1360718756914139 0.1292682886123657 0.1228048726916313 0.1166646257042885 0.1108313947916031 0.1052898243069649 0.1000253334641457 0.09502406418323517 0.09027285873889923 0.08575921505689621 0.08147125691175461 0.07739769667387009 0.07352781295776367 0.06985142081975937 0.06635884940624237 0.06304090470075607 0.05988885834813118 0.05689441412687302 0.05404969304800034 0.05134720727801323 0.04877984523773193 0.04634085297584534 0.04402381181716919 0.04182261973619461 0.03973148763179779 0.0377449132502079 0.0358576662838459 0.03406478464603424 0.03236154466867447 0.03074346669018269 0.02920629270374775 0.02774597890675068 0.02635868079960346 0.02504074759781361 0.02378871105611324 0.02259927615523338 0.02146931178867817 0.02039584703743458 0.01937605440616608 0.01840725168585777 0.01748688891530037 0.01661254465579987 0.01578191667795181 0.01499282103031874 0.01424317993223667 0.01353102084249258 0.01285446994006634 0.01221174653619528 0.0116011593490839 0.01102110184729099 0.01047004666179419 0.009946544654667377 0.009449217468500137 0.00897675659507513 0.008527918718755245 0.008101522922515869 0.007696446962654591 0.007311624474823475 0.006946043111383915 0.006598740816116333 0.006268803961575031 0.005955363623797894 0.005657595582306385 0.00537471566349268 0.005105979740619659 0.004850680939853191 0.004608146846294403 0.004377739503979683 0.004158852621912956 0.003950910177081823 0.00375336455181241 0.003565696300938725 0.003387411590665579 0.003218041034415364 0.003057138994336128 0.002904281951487064 0.002759067807346582 0.002621114486828446 0.002490058774128556 0.002365555847063661 0.002247278112918139 0.002134914277121425 0.002028168644756079 0.00192676018923521 0.001830422203056514 0.001738901133649051 0.001651956117711961 0.001569358282722533 0.001490890397690237 0.00141634582541883 0.001345528522506356 0.001278252108022571 0.001214339514262974 0.001153622521087527 0.001095941406674683 0.001041144365444779 0.0009890871588140726 0.0009396328241564333 0.0008926512091420591 0.0008480186224915087 0.0008056177175603807 0.000765336852055043 0.0007270700298249722 0.0006907165516167879 0.0006561807240359485 0.000623371684923768 0.0005922031123191118 0.0005625929334200919 0.000534463266376406 0.0005077401292510331 0.0004823531198780984 0.0004582354740705341 0.0004353236872702837 0.0004135575145483017 0.0003928796504624188 0.0003732356708496809 0.0003545738873071969 0.0003368452016729861 0.0003200029314029962 0.0003040027804672718 0.0002888026356231421 0.0002743625082075596 0.0002606443886179477 0.0002476121590007097 0.0002352315495954826 0.0002234699786640704 0.0002122964797308668 0.0002016816579271108 0.0001915975735755637 0.0001820176985347643 0.0001729168143356219 0.0001642709685256705 0.0001560574164614081 0.0001482545485487208 0.0001408418174833059 0.0001337997236987576 0.00012710974260699 0.0001207542518386617 0.0001147165385191329 0.0001089807119569741 0.000103531674540136 9.835509263211861e-05 9.343733836431056e-05 8.876547508407384e-05 8.432719914708287e-05 8.011083991732448e-05 7.610529428347945e-05 7.230002665892243e-05 6.868502532597631e-05 6.525077333208174e-05 6.198823393788189e-05 5.888882151339203e-05 5.594437971012667e-05 5.314715963322669e-05 5.048980165156536e-05 4.796530993189663e-05 4.556704516289756e-05 4.328869181335904e-05 4.112425813218579e-05 3.906804340658709e-05 3.711464160005562e-05 3.525890861055814e-05 3.349596227053553e-05 3.182116415700875e-05 3.023010503966361e-05 2.871859942388255e-05 2.728266917984001e-05 2.591853626654483e-05 2.462260999891441e-05 2.33914797718171e-05 2.222190596512519e-05 2.111081084876787e-05 2.005526948778424e-05 1.90525061043445e-05 1.80998813448241e-05 1.719488682283554e-05 1.6335143300239e-05 1.551838613522705e-05 1.474246710131411e-05 1.400534347339999e-05 1.330507620878052e-05 1.26398226711899e-05 1.200783117383253e-05 1.140743916039355e-05 1.083706683857599e-05 1.029521354212193e-05 9.780453183338977e-06 9.291430615121499e-06 8.826858902466483e-06 8.385515684494749e-06 7.966239536472131e-06 7.567927696072729e-06 7.189531515905401e-06 6.830055099271704e-06 6.488552571681794e-06 6.164124897622969e-06 5.855918516317615e-06 5.563122613239102e-06 5.284966391627677e-06 5.020718162995763e-06 4.769682163896505e-06 4.531198101176415e-06 4.304638423491269e-06 4.089406502316706e-06 3.884936177200871e-06 3.690689482027665e-06 3.506155053401017e-06 3.330847221150179e-06 3.164304871461354e-06 3.006089627888286e-06 2.85578516923124e-06 2.712995865294943e-06 2.577346094767563e-06 2.448478880978655e-06 2.326054982404457e-06 2.209752210546867e-06 2.099264520438737e-06 1.994301328522852e-06 1.894586262096709e-06 1.799856931938848e-06 1.709864136500983e-06 1.624370952413301e-06 1.543152393423952e-06 1.465994728278019e-06 1.39269502597017e-06 1.323060246249952e-06 1.256907239621796e-06 1.194061837850313e-06 1.134358740273456e-06 1.077640831681492e-06 1.023758841256495e-06 9.725708878249861e-07 9.239423661711044e-07 8.777452649155748e-07 8.338579959854542e-07 7.921651103970362e-07 7.525568435085006e-07 7.149290013330756e-07 6.791825626351056e-07 6.452234515563759e-07 6.129622533990187e-07 5.823141577820934e-07 5.531984470508178e-07 5.255385531199863e-07 4.992616027266195e-07 4.742985311168013e-07 4.505835988766194e-07 4.280544203538739e-07 4.06651707862693e-07 3.863191295749857e-07 3.670031674118945e-07 3.486530033569579e-07 3.312203489258536e-07 3.146593314795609e-07 2.989263521158136e-07 2.839800288256811e-07 2.697810259633115e-07 2.562919689808041e-07 2.434773591630801e-07 2.313034883627552e-07 2.197383111024465e-07 2.087514019422088e-07 1.983138275818419e-07 1.883981326500361e-07 1.789782260175343e-07 1.700293097428585e-07 1.615278506506002e-07 1.534514524337283e-07 1.457788840752983e-07 1.384899377399051e-07
 0 0 0 0 0 0 0 0 0 0 0 0 0 0 0 0 0 0 0 0 0 0 0 0 0 0 0 0 0 0 0 0 0 0 0 0 0 0 0 0 0 0 0 0 0 0 0 0 0 0 0 0 0 0 0 0 0 0 0 0 0 0 0 0 0 0 0 0 0 0 0 0 0 0 0 0 0 0 0 0 0 0 0 0 0 0 0 0 0 0 0 0 0 0 0 0 0 0 0 0 0 0 0 0 0 0 0 0 0 0 0 0 0 0 0 0 0 0 0 0 0 0 0 0 0 0 0 0 0 0 0 0 0 0 0 0 0 0 0 0 0 0 0 0 0 0 0 0 0 0 0 0 0 0 0 0 0 0 0 0 0 0 0 0 0 0 0 0 0 0 0 0 0 0 0 0 0 0 0 0 0 0 0 0 0 0 0 0 0 0 0 0 0 0 0 0 0 0 0 0 0 0 0 0 0 0 0 0 0 0 0 0 0 0 0 0 0 0 0 0 0 0 0 0 0 0 0 0 0 0 0 0 0 0 0 0 0 0 0 0 0 0 0 0 0 0 0 0 0 0 0 0 0 0 0 0 0 0 0 0 0 0 0 0 0 0 0 0 0 0 0 0 0 0 0 0 0 0 0 0 0 0 0 0 0 0 0 0 0 0 0 0 0 0 0 0 0 0 0 0 0 0 0 0 0 0 0 0 0 0 0 0 0 0 0 0 0 0 0 0 0 0 0 0 0 0 0 0 0 0 0 0 0 0 0 0 0 0 0 0 0 0 0 0 0 0 0 0 0 0 0 0 0 0 0 0 0 0 0 0 0 0 0 0 0 0 0 0 0 0 0 0 0 0 0 0 0 0 0 0 0 0 0 0 0 0 0 0 0 0 0 0 0 0 0 0 0 0 0 0 0 0 0 0 0 0 0 0 0 0 0 0 0 0 0 0 0 0 0 0 0 0 0 0 0 0 0 0 0 0 0 0 0 0 0 0 0 0 0 0 0 0 0 0 0 0 0 0 0 0 0 0 0 0 0 0 0 0 0 0 0 0 0 0 0 0 0 0 0 0 0 0 0 0 0 0 0 0 0 0 0 0 0 0 0 0 0 0 0 0 0 0 0 0 0 0 0 0 0 0 0 0 0 0 0 0 0 0 0 0 0 0 0 0 0 0 0 0 0 0 0 0 0 0 0 0 0 0 0 0 0 0 0 0 0 0 0 0 0 0 0 0 0 0 0 0 0 0 0 0 0 0 0 0 0 0 0 0 0 0 0 0 0 0 0 0 0 0 0 0 0 0 0 0 0 0 0 0 0 0 0 0 0 0 0 0 0 0 0 0 0 0 0 0 0 0 0 0 0 0
 0 0 0 0 0 0 0 0 0 0 0 0 0 0 0 0 0 0 0 0 0 0 0 0 0 0 0 0 0 0 0 0 0 0 0 0 0 0 0 0 0 0 0 0 0 0 0 0 0 0 0 0 0 0 0 0 0 0 0 0 0 0 0 0 0 0 0 0 0 0 0 0 0 0 0 0 0 0 0 0 0 0 0 0 0 0 0 0 0 0 0 0 0 0 0 0 0 0 0 0 0 0 0 0 0 0 0 0 0 0 0 0 0 0 0 0 0 0 0 0 0 0 0 0 0 0 0 0 0 0 0 0 0 0 0 0 0 0 0 0 0 0 0 0 0 0 0 0 0 0 0 0 0 0 0 0 0 0 0 0 0 0 0 0 0 0 0 0 0 0 0 0 0 0 0 0 0 0 0 0 0 0 0 0 0 0 0 0 0 0 0 0 0 0 0 0 0 0 0 0 0 0 0 0 0 0 0 0 0 0 0 0 0 0 0 0 0 0 0 0 0 0 0 0 0 0 0 0 0 0 0 0 0 0 0 0 0 0 0 0 0 0 0 0 0 0 0 0 0 0 0 0 0 0 0 0 0 0 0 0 0 0 0 0 0 0 0 0 0 0 0 0 0 0 0 0 0 0 0 0 0 0 0 0 0 0 0 0 0 0 0 0 0 0 0 0 0 0 0 0 0 0 0 0 0 0 0 0 0 0 0 0 0 0 0 0 0 0 0 0 0 0 0 0 0 0 0 0 0 0 0 0 0 0 0 0 0 0 0 0 0 0 0 0 0 0 0 0 0 0 0 0 0 0 0 0 0 0 0 0 0 0 0 0 0 0 0 0 0 0 0 0 0 0 0 0 0 0 0 0 0 0 0 0 0 0 0 0 0 0 0 0 0 0 0 0 0 0 0 0 0 0 0 0 0 0 0 0 0 0 0 0 0 0 0 0 0 0 0 0 0 0 0 0 0 0 0 0 0 0 0 0 0 0 0 0 0 0 0 0 0 0 0 0 0 0 0 0 0 0 0 0 0 0 0 0 0 0 0 0 0 0 0 0 0 0 0 0 0 0 0 0 0 0 0 0 0 0 0 0 0 0 0 0 0 0 0 0 0 0 0 0 0 0 0 0 0 0 0 0 0 0 0 0 0 0 0 0 0 0 0 0 0 0 0 0 0 0 0 0 0 0 0 0 0 0 0 0 0 0 0 0 0 0 0 0 0 0 0 0 0 0 0 0 0 0 0 0 0 0 0 0 0 0 0 0 0 0 0 0 0 0 0 0 0 0 0 0 0 0 0 0 0 0 0 0 0 0 0 0 0 0 0 0 0 0 0 0 0 0 0 0 0 0 0 0 0 0 0 0
 0 0 0 0 0 0 0 0 0 0 0 0 0 0 0 0 0 0 0 0 0 0 0 0 0 0 0 0 0 0 0 0 0 0 0 0 0 0 0 0 0 0 0 0 0 0 0 0 0 0 0 0 0 0 0 0 0 0 0 0 0 0 0 0 0 0 0 0 0 0 0 0 0 0 0 0 0 0 0 0 0 0 0 0 0 0 0 0 0 0 0 0 0 0 0 0 0 0 0 0 0 0 0 0 0 0 0 0 0 0 0 0 0 0 0 0 0 0 0 0 0 0 0 0 0 0 0 0 0 0 0 0 0 0 0 0 0 0 0 0 0 0 0 0 0 0 0 0 0 0 0 0 0 0 0 0 0 0 0 0 0 0 0 0 0 0 0 0 0 0 0 0 0 0 0 0 0 0 0 0 0 0 0 0 0 0 0 0 0 0 0 0 0 0 0 0 0 0 0 0 0 0 0 0 0 0 0 0 0 0 0 0 0 0 0 0 0 0 0 0 0 0 0 0 0 0 0 0 0 0 0 0 0 0 0 0 0 0 0 0 0 0 0 0 0 0 0 0 0 0 0 0 0 0 0 0 0 0 0 0 0 0 0 0 0 0 0 0 0 0 0 0 0 0 0 0 0 0 0 0 0 0 0 0 0 0 0 0 0 0 0 0 0 0 0 0 0 0 0 0 0 0 0 0 0 0 0 0 0 0 0 0 0 0 0 0 0 0 0 0 0 0 0 0 0 0 0 0 0 0 0 0 0 0 0 0 0 0 0 0 0 0 0 0 0 0 0 0 0 0 0 0 0 0 0 0 0 0 0 0 0 0 0 0 0 0 0 0 0 0 0 0 0 0 0 0 0 0 0 0 0 0 0 0 0 0 0 0 0 0 0 0 0 0 0 0 0 0 0 0 0 0 0 0 0 0 0 0 0 0 0 0 0 0 0 0 0 0 0 0 0 0 0 0 0 0 0 0 0 0 0 0 0 0 0 0 0 0 0 0 0 0 0 0 0 0 0 0 0 0 0 0 0 0 0 0 0 0 0 0 0 0 0 0 0 0 0 0 0 0 0 0 0 0 0 0 0 0 0 0 0 0 0 0 0 0 0 0 0 0 0 0 0 0 0 0 0 0 0 0 0 0 0 0 0 0 0 0 0 0 0 0 0 0 0 0 0 0 0 0 0 0 0 0 0 0 0 0 0 0 0 0 0 0 0 0 0 0 0 0 0 0 0 0 0 0 0 0 0 0 0 0 0 0 0 0 0 0 0 0 0 0 0 0 0 0 0 0 0 0 0 0 0 0 0 0 0 0 0 0 0 0 0 0 0 0 0 0 0 0 0 0 0 0 0 0 0 0 0 0
 0 0 0 0 0 0 0 0 0 0 0 0 0 0 0 0 0 0 0 0 0 0 0 0 0 0 0 0 0 0 0 0 0 0 0 0 0 0 0 0 0 0 0 0 0 0 0 0 0 0 0 0 0 0 0 0 0 0 0 0 0 0 0 0 0 0 0 0 0 0 0 0 0 0 0 0 0 0 0 0 0 0 0 0 0 0 0 0 0 0 0 0 0 0 0 0 0 0 0 0 0 0 0 0 0 0 0 0 0 0 0 0 0 0 0 0 0 0 0 0 0 0 0 0 0 0 0 0 0 0 0 0 0 0 0 0 0 0 0 0 0 0 0 0 0 0 0 0 0 0 0 0 0 0 0 0 0 0 0 0 0 0 0 0 0 0 0 0 0 0 0 0 0 0 0 0 0 0 0 0 0 0 0 0 0 0 0 0 0 0 0 0 0 0 0 0 0 0 0 0 0 0 0 0 0 0 0 0 0 0 0 0 0 0 0 0 0 0 0 0 0 0 0 0 0 0 0 0 0 0 0 0 0 0 0 0 0 0 0 0 0 0 0 0 0 0 0 0 0 0 0 0 0 0 0 0 0 0 0 0 0 0 0 0 0 0 0 0 0 0 0 0 0 0 0 0 0 0 0 0 0 0 0 0 0 0 0 0.0003900235751643777 0.00117757311090827 0.002369803143665195 0.00400120671838522 0.006126475054770708 0.008760170079767704 0.01191700249910355 0.01561930123716593 0.01991470158100128 0.02485465444624424 0.03046709299087524 0.03678502887487411 0.0438261590898037 0.05161884054541588 0.06003157794475555 0.06889823079109192 0.07822646945714951 0.08807390928268433 0.09843175113201141 0.1092321574687958 0.1202695369720459 0.131571888923645 0.1431684643030167 0.1550042778253555 0.1670004576444626 0.1791804134845734 0.191562220454216 0.2042009830474854 0.2170626819133759 0.2291453629732132 0.2382146120071411 0.2428326457738876 0.2420841604471207 0.2353627979755402 0.2235946655273438 0.2124149352312088 0.2017941921949387 0.1917044818401337 0.1821192502975464 0.1730132848024368 0.1643626242876053 0.1561444997787476 0.1483372747898102 0.140920415520668 0.1338744014501572 0.1271806806325912 0.1208216473460197 0.114780567586422 0.1090415418148041 0.1035894677042961 0.0984099954366684 0.09348949790000916 0.08881502598524094 0.08437427133321762 0.08015555888414383 0.07614777982234955 0.07234039157629013 0.06872337311506271 0.06528720259666443 0.06202284246683121 0.0589217022061348 0.05597561597824097 0.05317683517932892 0.05051799491047859 0.04799209535121918 0.04559249058365822 0.04331286624073982 0.04114722460508347 0.0390898622572422 0.03713537007570267 0.03527860343456268 0.03351467475295067 0.03183894231915474 0.03024699538946152 0.02873464487493038 0.02729791216552258 0.02593301609158516 0.02463636547327042 0.02340454794466496 0.02223432064056396 0.02112260460853577 0.02006647363305092 0.01906315051019192 0.018109992146492 0.01720449328422546 0.01634426787495613 0.01552705466747284 0.01475070230662823 0.01401316747069359 0.01331250928342342 0.01264688372612 0.01201453991234303 0.0114138126373291 0.01084312237799168 0.01030096597969532 0.009785917587578297 0.00929662212729454 0.008831790648400784 0.008390201255679131 0.007970690727233887 0.007572156377136707 0.007193548604846001 0.006833871360868216 0.006492177955806255 0.006167569197714329 0.005859190598130226 0.005566230975091457 0.005287919193506241 0.005023523233830929 0.004772346932440996 0.004533729515969753 0.004307042807340622 0.004091690760105848 0.003887106198817492 0.003692750819027424 0.003508113324642181 0.003332707565277815 0.003166072070598602 0.003007768420502543 0.002857380080968142 0.002714511007070541 0.002578785410150886 0.002449846128001809 0.002327353926375508 0.002210986334830523 0.002100436948239803 0.001995415193960071 0.001895644469186664 0.001800862257368863 0.001710819196887314 0.001625278266146779 0.001544014317914844 0.001466813613660634 0.001393472892232239 0.001323799253441393 0.001257609343156219 0.00119472888763994 0.001134992460720241 0.001078242785297334 0.001024330616928637 0.0009731141035445035 0.000924458377994597 0.0008782354416325688 0.0008343236986547709 0.0007926074904389679 0.0007529770955443382 0.0007153282640501857 0.0006795618683099747 0.0006455837865360081 0.0006133046117611229 0.0005826393608003855 0.0005535074160434306 0.0005258320597931743 0.0004995404742658138 0.0004745634505525231 0.0004508352722041309 0.0004282935115043074 0.0004068788257427514 0.000386534899007529 0.0003672081511467695 0.000348847737768665 0.0003314053465146571 0.0003148350806441158 0.0002990933135151863 0.0002841386594809592 0.0002699317410588264 0.0002564351598266512 0.0002436134091112763 0.000231432743021287 0.0002198611036874354 0.0002088680485030636 0.0001984246482606977 0.0001885034143924713 0.0001790782407624647 0.0001701243309071288 0.0001616181107237935 0.0001535371993668377 0.0001458603364881128 0.0001385673240292817 0.0001316389534622431 0.0001250570057891309 0.0001188041569548659 0.0001128639487433247 0.0001072207523975521 0.0001018597176880576 9.676672925706953e-05 9.192839206662029e-05 8.733197319088504e-05 8.296537271235138e-05 7.881710189394653e-05 7.48762467992492e-05 7.113243191270158e-05 6.757581286365166e-05 6.419702549465001e-05 6.098717494751327e-05 5.793781747343019e-05 5.504092769115232e-05 5.22888803971e-05 4.967443601344712e-05 4.719071512226947e-05 4.483118027565069e-05 4.25896214437671e-05 4.046014146297239e-05 3.843713420792483e-05 3.651527731562965e-05 3.468951399554498e-05 3.295503847766668e-05 3.130728509859182e-05 2.974192102556117e-05 2.825482442858629e-05 2.684208266146015e-05 2.549997770984191e-05 2.422497891529929e-05 2.301373024238274e-05 2.186304300266784e-05 2.076989039778709e-05 1.97313966054935e-05 1.874482768471353e-05 1.780758611857891e-05 1.691720717644785e-05 1.607134618097916e-05 1.526777850813232e-05 1.450438958272571e-05 1.37791703309631e-05 1.309021172346547e-05 1.24357011372922e-05 1.181391598947812e-05 1.122322009905474e-05 1.066205913957674e-05 1.012895609164843e-05 9.622508514439687e-06 9.141383088717703e-06 8.684313797857612e-06 8.250098289863672e-06 7.837593329895753e-06 7.445713890774641e-06 7.073428150761174e-06 6.719756584061543e-06 6.383768777595833e-06 6.064580247766571e-06 5.76135107621667e-06 5.473283636092674e-06 5.199619408813305e-06 4.93963852932211e-06 4.692656602856005e-06 4.458023795450572e-06 4.235122560203308e-06 4.02336627303157e-06 3.822197868430521e-06 3.63108802048373e-06 3.449533551247441e-06 3.277056976003223e-06 3.113204229521216e-06 2.957543983939104e-06 2.809666739267414e-06 2.669183459147462e-06 2.535724206609302e-06 2.408937916698051e-06 2.288491032231832e-06 2.174066594307078e-06 2.065363332803827e-06 1.962095211638371e-06 1.863990405581717e-06 1.770790845512238e-06 1.682251308920968e-06 1.598138737790578e-06 1.518231783848023e-06 1.442320240130357e-06 1.370204245176865e-06 1.301694055655389e-06 1.236609364241303e-06 1.174778844870161e-06 1.116039925364021e-06 1.060237877936743e-06 1.007225932880829e-06 9.56864596446394e-07 9.090213666240743e-07 8.63570278397674e-07 8.203917900573288e-07 7.79372214765317e-07 7.404036068692221e-07 7.033834208414191e-07 6.682142270619806e-07 6.348035412884201e-07 6.03063369908341e-07 5.729102099394368e-07 5.442647079689777e-07 5.170514896235545e-07 4.911989321954024e-07 4.666389941121452e-07 4.433070444065379e-07 4.21141692186211e-07 4.000846161034133e-07 3.800803938247554e-07 3.610763883443724e-07 3.430225774536666e-07 3.258714400544704e-07 3.095778708939179e-07 2.940989816124784e-07 2.793940439005382e-07 2.654243473898532e-07 2.521531428101298e-07 2.39545499880478e-07 2.275682220442832e-07 2.161898180474964e-07 2.05380331408378e-07 1.951113119957881e-07 1.853557449749133e-07 1.76087951331283e-07 1.672835594490607e-07 1.589193772133513e-07 1.509734062210555e-07 1.434247423048873e-07
 0 0 0 0 0 0 0 0 0 0 0 0 0 0 0 0 0 0 0 0 0 0 0 0 0 0 0 0 0 0 0 0 0 0 0 0 0 0 0 0 0 0 0 0 0 0 0 0 0 0 0 0 0 0 0 0 0 0 0 0 0 0 0 0 0 0 0 0 0 0 0 0 0 0 0 0 0 0 0 0 0 0 0 0 0 0 0 0 0 0 0 0 0 0 0 0 0 0 0 0 0 0 0 0 0 0 0 0 0 0 0 0 0 0 0 0 0 0 0 0 0 0 0 0 0 0 0 0 0 0 0 0 0 0 0 0 0 0 0 0 0 0 0 0 0 0 0 0 0 0 0 0 0 0 0 0 0 0 0 0 0 0 0 0 0 0 0 0 0 0 0 0 0 0 0 0 0 0 0 0 0 0 0 0 0 0 0 0 0 0 0 0 0 0 0 0 0 0 0 0 0 0 0 0 0 0 0 0 0 0 0 0 0 0 0 0 0 0 0 0 0 0 0 0 0 0 0 0 0 0 0 0 0 0 0 0 0 0 0 0 0 0 0 0 0 0 0 0 0 0 0 0 0 0 0 0 0 0 0 0 0 0 0 0 0 0 0 0 0 0 0 0 0 0 0 0 0 0 0 0 0 0 0 0 0 0 0 0 0 0 0 0 0 0 0 0 0 0 0 0 0 0 0 0 0 0 0 0 0 0 0 0 0 0 0 0 0 0 0 0 0 0 0 0 0 0 0 0 0 0 0 0 0 0 0 0 0 0 0 0 0 0 0 0 0 0 0 0 0 0 0 0 0 0 0 0 0 0 0 0 0 0 0 0 0 0 0 0 0 0 0 0 0 0 0 0 0 0 0 0 0 0 0 0 0 0 0 0 0 0 0 0 0 0 0 0 0 0 0 0 0 0 0 0 0 0 0 0 0 0 0 0 0 0 0 0 0 0 0 0 0 0 0 0 0 0 0 0 0 0 0 0 0 0 0 0 0 0 0 0 0 0 0 0 0 0 0 0 0 0 0 0 0 0 0 0 0 0 0 0 0 0 0 0 0 0 0 0 0 0 0 0 0 0 0 0 0 0 0 0 0 0 0 0 0 0 0 0 0 0 0 0 0 0 0 0 0 0 0 0 0 0 0 0 0 0 0 0 0 0 0 0 0 0 0 0 0 0 0 0 0 0 0 0 0 0 0 0 0 0 0 0 0 0 0 0 0 0 0 0 0 0 0 0 0 0 0 0 0 0 0 0 0 0 0 0 0 0 0 0 0 0 0 0 0 0 0 0 0 0 0 0 0 0 0 0 0 0 0 0 0 0 0 0 0 0 0 0 0 0 0 0 0 0 0 0 0 0 0 0
 0 0 0 0 0 0 0 0 0 0 0 0 0 0 0 0 0 0 0 0 0 0 0 0 0 0 0 0 0 0 0 0 0 0 0 0 0 0 0 0 0 0 0 0 0 0 0 0 0 0 0 0 0 0 0 0 0 0 0 0 0 0 0 0 0 0 0 0 0 0 0 0 0 0 0 0 0 0 0 0 0 0 0 0 0 0 0 0 0 0 0 0 0 0 0 0 0 0 0 0 0 0 0 0 0 0 0 0 0 0 0 0 0 0 0 0 0 0 0 0 0 0 0 0 0 0 0 0 0 0 0 0 0 0 0 0 0 0 0 0 0 0 0 0 0 0 0 0 0 0 0 0 0 0 0 0 0 0 0 0 0 0 0 0 0 0 0 0 0 0 0 0 0 0 0 0 0 0 0 0 0 0 0 0 0 0 0 0 0 0 0 0 0 0 0 0 0 0 0 0 0 0 0 0 0 0 0 0 0 0 0 0 0 0 0 0 0 0 0 0 0 0 0 0 0 0 0 0 0 0 0 0 0 0 0 0 0 0 0 0 0 0 0 0 0 0 0 0 0 0 0 0 0 0 0 0 0 0 0 0 0 0 0 0 0 0 0 0 0 0 0 0 0 0 0 0 0 0 0 0 0 0 0 0 0 0 0 0 0 0 0 0 0 0 0 0 0 0 0 0 0 0 0 0 0 0 0 0 0 0 0 0 0 0 0 0 0 0 0 0 0 0 0 0 0 0 0 0 0 0 0 0 0 0 0 0 0 0 0 0 0 0 0 0 0 0 0 0 0 0 0 0 0 0 0 0 0 0 0 0 0 0 0 0 0 0 0 0 0 0 0 0 0 0 0 0 0 0 0 0 0 0 0 0 0 0 0 0 0 0 0 0 0 0 0 0 0 0 0 0 0 0 0 0 0 0 0 0 0 0 0 0 0 0 0 0 0 0 0 0 0 0 0 0 0 0 0 0 0 0 0 0 0 0 0 0 0 0 0 0 0 0 0 0 0 0 0 0 0 0 0 0 0 0 0 0 0 0 0 0 0 0 0 0 0 0 0 0 0 0 0 0 0 0 0 0 0 0 0 0 0 0 0 0 0 0 0 0 0 0 0 0 0 0 0 0 0 0 0 0 0 0 0 0 0 0 0 0 0 0 0 0 0 0 0 0 0 0 0 0 0 0 0 0 0 0 0 0 0 0 0 0 0 0 0 0 0 0 0 0 0 0 0 0 0 0 0 0 0 0 0 0 0 0 0 0 0 0 0 0 0 0 0 0 0 0 0 0 0 0 0 0 0 0 0 0 0 0 0 0 0 0 0 0 0 0 0 0 0 0 0 0 0 0 0 0 0 0 0 0


# name: r_0_m15_G0_L0p3_D0p7
# type: matrix
# rows: 1
# columns: 14
 0 -15 0.2 0 0.3 0 -6.903488333333333 0 0 0.1031605369153665 0 119.3333333333333 1.211060141638997 0.7




