# Created by Octave 3.8.2, Mon Jun 19 12:45:22 2017 BST <co1ssj@node117>
# name: result
# type: scalar struct
# ndims: 2
 1 1
# length: 3
# name: params
# type: scalar struct
# ndims: 2
 1 1
# length: 18
# name: cleanup
# type: scalar
0


# name: num_runs
# type: scalar
6


# name: dopamine
# type: scalar
0.7


# name: targetCross
# type: scalar
1


# name: targetLuminance
# type: scalar
0.3


# name: targetWidthX
# type: scalar
6


# name: targetWidthY
# type: scalar
2


# name: fixCross
# type: scalar
1


# name: fixLuminance
# type: scalar
0.2


# name: fixWidthX
# type: scalar
6


# name: fixWidthY
# type: scalar
2


# name: fixOn
# type: scalar
0


# name: targetOff
# type: scalar
1


# name: targetOn
# type: scalar
0.2


# name: fixOff
# type: scalar
0.2


# name: targetThetaX
# type: scalar
0


# name: targetThetaY
# type: scalar
-9


# name: exptnum
# type: scalar
0




# name: r_0_m9_G0_L0p3_D0p7_llbn
# type: matrix
# rows: 24
# columns: 600
 0 0 0 0 0 0 0 0 0 0 0 0 0 0 0 0 0 0 0 0 0 0 0 0 0 0 0 0 0 0 0 0 0 0 0 0 0 0 0 0 0 0 0 0 0 0 0 0 0 0 0 0 0 0 0 0 0 0 0 0 0 0 0 0 0 0 0 0 0 0 0 0 0 0 0 0 0 0 0 0 0 0 0 0 0 0 0 0 0 0 0 0 0 0 0 0 0 0 0 0 0 0 0 0 0 0 0 0 0 0 0 0 0 0 0 0 0 0 0 0 0 0 0 0 0 0 0 0 0 0 0 0 0 0 0 0 0 0 0 0 0 0 0 0 0 0 0 0 0 0 0 0 0 0 0 0 0 0 0 0 0 0 0 0 0 0 0 0 0 0 0 0 0 0 0 0 0 0 0 0 0 0 0 0 0 0 0 0 0 0 0 0 0 0 0 0 0 0 0 0 0 0 0 0 0 0 0 0 0 0 0 0 0 0 0 0 0 0 0 0 0 0 0 0 0 0 0 0 0 0 0 0 0 0 0 0 0 0 0 0 0 0 0 0 0 0 0 0 0 0 0 0 0 0 0 0 0 0 0 0 0 0 0 0 0 0 0 0 0 0 0 0 0 0 0 0 0 0 0 0 0 0 0 0 0 0 0 0 0 0 0 0 0 0 0 0 0 0 0 0 0 0 0 0 0 0 0 0 0 0 0 0 0 0 0 0 0 0 0 0 0 0 0 0 0 0 0 0 0 0 0 0 0 0 0 0 0 0 0 0 0 0 0 0 0 0 0 0 0 0 0 0 0 0 0 0 0 0 0 0 0 0 0 0 0 0 0 0 0 0 0 0 0 0 0 0 0 0 0 0 0 0 0 0 0 0 0 0 0 0 0 0 0 0 0 0 0 0 0 0 0 0 0 0 0 0 0 0 0 0 0 0 0 0 0 0 0 0 0 0 0 0 0 0 0 0 0 0 0 0 0 0 0 0 0 0 0 0 0 0 0 0 0 0 0 0 0 0 0 0 0 0 0 0 0 0 0 0 0 0 0 0 0 0 0 0 0 0 0 0 0 0 0 0 0 0 0 0 0 0 0 0 0 0 0 0 0 0 0 0 0 0 0 0 0 0 0 0 0 0 0 0 0 0 0 0 0 0 0 0 0 0 0 0 0 0 0 0 0 0 0 0 0 0 0 0 0 0 0 0 0 0 0 0 0 0 0 0 0 0 0 0 0 0 0 0 0 0 0 0 0 0 0 0 0 0 0 0 0 0 0 0 0 0 0 0 0 0 0 0 0 0 0 0 0 0 0 0 0 0 0 0 0 0 0 0 0 0 0 0 0 0 0 0 0 0 0 0 0 0
 0 0 0 0 0 0 0 0 0 0 0 0 0 0 0 0 0 0 0 0 0 0 0 0 0 0 0 0 0 0 0 0 0 0 0 0 0 0 0 0 0 0 0 0 0 0 0 0 0 0 0 0 0 0 0 0 0 0 0 0 0 0 0 0 0 0 0 0 0 0 0 0 0 0 0 0 0 0 0 0 0 0 0 0 0 0 0 0 0 0 0 0 0 0 0 0 0 0 0 0 0 0 0 0 0 0 0 0 0 0 0 0 0 0 0 0 0 0 0 0 0 0 0 0 0 0 0 0 0 0 0 0 0 0 0 0 0 0 0 0 0 0 0 0 0 0 0 0 0 0 0 0 0 0 0 0 0 0 0 0 0 0 0 0 0 0 0 0 0 0 0 0 0 0 0 0 0 0 0 0 0 0 0 0 0 0 0 0 0 0 0 0 0 0 0 0 0 0 0 0 0 0 0 0 0 0 0 0 0 0 0 0 0 0 0 0 0 0 0 0 0 0 0 0 0 0 0 0 0 0 0 0 0 0 0 0 0 0 0 0 0 0 0 0 0 0 0 0 0 0 0 0 0 0 0 0 0 0 0 0 0 0 0 0 0 0 0 0 0 0 0 0 0 2.153463901777286e-05 0.0004129124281462282 0.001175516983494163 0.002324673347175121 0.003860858036205173 0.005747643765062094 0.007952537387609482 0.01044074073433876 0.01315401494503021 0.01611757092177868 0.01931881532073021 0.02276064082980156 0.02643091976642609 0.0302954874932766 0.03434082865715027 0.03854029625654221 0.04282589256763458 0.04716522619128227 0.05155908316373825 0.05600525066256523 0.06051689013838768 0.06510049849748611 0.06974772363901138 0.07446055859327316 0.07922325283288956 0.08404145389795303 0.08887040615081787 0.09369836747646332 0.09852682799100876 0.1033604964613914 0.1082153916358948 0.1130839437246323 0.1179497390985489 0.1228144317865372 0.1265833824872971 0.1282169371843338 0.1270121335983276 0.1225224360823631 0.1163963153958321 0.1105765029788017 0.1050476804375648 0.09979529678821564 0.0948055312037468 0.09006525576114655 0.08556199073791504 0.08128388971090317 0.07721969485282898 0.07335870712995529 0.0696907714009285 0.06620623171329498 0.06289592385292053 0.05975112691521645 0.05676357075572014 0.05392539128661156 0.05122912302613258 0.04866766557097435 0.04623428359627724 0.04392256960272789 0.04172644019126892 0.03964011743664742 0.03765811026096344 0.03577520325779915 0.03398644179105759 0.0322871208190918 0.03067276440560818 0.02913912571966648 0.02768217027187347 0.02629806101322174 0.02498315833508968 0.02373399958014488 0.02254729904234409 0.02141993492841721 0.02034893818199635 0.01933149062097073 0.0183649156242609 0.01744667068123817 0.01657433807849884 0.0157456211745739 0.01495833974331617 0.01421042252331972 0.01349990162998438 0.01282490696758032 0.01218366157263517 0.01157447881996632 0.01099575497210026 0.0104459673166275 0.009923668578267097 0.009427485056221485 0.008956111036241055 0.008508305065333843 0.008082889951765537 0.007678745314478874 0.00729480804875493 0.006930067669600248 0.006583564449101686 0.006254386156797409 0.005941666662693024 0.005644583143293858 0.005362354218959808 0.005094236694276333 0.004839524626731873 0.004597548395395279 0.004367670975625515 0.004149287473410368 0.0039418232627213 0.003744732122868299 0.003557495540007949 0.003379620844498277 0.003210639813914895 0.003050107741728425 0.002897602273151278 0.00275272224098444 0.00261508603580296 0.002484331838786602 0.002360115293413401 0.002242109505459666 0.002130004111677408 0.002023503882810473 0.001922328723594546 0.001826212275773287 0.001734901685267687 0.001648156554438174 0.001565748709253967 0.001487461267970502 0.001413088175468147 0.001342433737590909 0.001275312039069831 0.001211546477861702 0.001150969183072448 0.001093420665711164 0.001038749585859478 0.0009868120541796088 0.0009374714572913945 0.0008905978756956756 0.0008460679673589766 0.0008037645602598786 0.0007635763613507152 0.0007253975491039455 0.000689127657096833 0.0006546712829731405 0.0006219377391971648 0.0005908408784307539 0.0005612988607026637 0.0005332339205779135 0.0005065722507424653 0.0004812436527572572 0.0004571814788505435 0.0004343223990872502 0.0004126062849536538 0.0003919759765267372 0.0003723771660588682 0.0003537583106663078 0.000336070399498567 0.0003192668664269149 0.0003033035318367183 0.0002881383406929672 0.0002737314207479358 0.000260044849710539 0.0002470425970386714 0.0002346904657315463 0.0002229559468105435 0.0002118081465596333 0.0002012177428696305 0.0001911568542709574 0.0001815990108298138 0.0001725190668366849 0.0001638931134948507 0.00015569846436847 0.0001479135389672592 0.000140517862746492 0.0001334919652435929 0.0001268173655262217 0.0001204764994326979 0.0001144526759162545 0.0001087300406652503 0.0001032935397233814 9.812886128202081e-05 9.322242112830281e-05 8.856129716150463e-05 8.413322939304635e-05 7.992656901478767e-05 7.593024201923981e-05 7.213372737169266e-05 6.852704245829955e-05 6.510069215437397e-05 6.184565427247435e-05 5.875337228644639e-05 5.581570439971983e-05 5.30249199073296e-05 5.037367373006418e-05 4.785499186255038e-05 4.546224226942286e-05 4.318913124734536e-05 4.102967432118021e-05 3.897818896803074e-05 3.702928006532602e-05 3.517781442496926e-05 3.341892443131655e-05 3.174797893734649e-05 3.016057962668128e-05 2.86525500996504e-05 2.72199231403647e-05 2.585892616480123e-05 2.456597940181382e-05 2.333768134121783e-05 2.217079781985376e-05 2.106225838360842e-05 2.000914537347853e-05 1.900868846860249e-05 1.805825377232395e-05 1.715534017421305e-05 1.629757389309816e-05 1.548269574414007e-05 1.470856113883201e-05 1.3973132809042e-05 1.327447625953937e-05 1.261075249203714e-05 1.19802152767079e-05 1.138120478572091e-05 1.081214486475801e-05 1.027153757604538e-05 9.757960469869431e-06 9.270062037103344e-06 8.806558980722912e-06 8.366230758838356e-06 7.947919584694318e-06 7.550523605459603e-06 7.17299735697452e-06 6.814347671024734e-06 6.473630492109805e-06 6.149949058453785e-06 5.842451628268464e-06 5.550329206016613e-06 5.272812813927885e-06 5.009172127756756e-06 4.758713657793123e-06 4.520778020378202e-06 4.294739028409822e-06 4.080001872353023e-06 3.876001755998004e-06 3.682201622723369e-06 3.498091473375098e-06 3.323187002024497e-06 3.157027549605118e-06 2.99917610391276e-06 2.849217253242387e-06 2.706756276893429e-06 2.571418463048758e-06 2.442847517158953e-06 2.320705107194954e-06 2.20466995415336e-06 2.094436467814376e-06 1.989714746741811e-06 1.890228986667353e-06 1.795717480490566e-06 1.705931595097354e-06 1.620634975552093e-06 1.539603204037121e-06 1.462623004044872e-06 1.389491899317363e-06 1.320017304351495e-06 1.254016410712211e-06 1.19131561859831e-06 1.13174985472142e-06 1.075162344932323e-06 1.021404273160442e-06 9.703340992928133e-07 9.218173886438308e-07 8.757265277381521e-07 8.319402127199282e-07 7.903432219791284e-07 7.508260750910267e-07 7.132847485991078e-07 6.776205054848106e-07 6.437394972635957e-07 6.115525366112706e-07 5.809749268337328e-07 5.519261776498752e-07 5.24329891504749e-07 4.9811342250905e-07 4.732077627522813e-07 4.495473717724963e-07 4.270700060260424e-07 4.057164915138856e-07 3.854306669381913e-07 3.661591279069398e-07 3.478511700905074e-07 3.304586186914094e-07 3.139356863357534e-07 2.98238887808111e-07 2.833269547863893e-07 2.691606084681553e-07 4.828851160709746e-05 0.0003186496323905885 0.000791922677308321 0.001445277594029903 0.002256749663501978 0.003216496668756008 0.004317104816436768 0.005547864362597466 0.006891370750963688 0.008343471214175224 0.00989852100610733 0.01154589466750622 0.01327335089445114 0.01507775671780109 0.01695714704692364 0.01890616491436958 0.02090645767748356 0.02295677363872528 0.02504515647888184 0.02716100588440895 0.02929264307022095 0.03142993524670601 0.03356849029660225 0.03570908308029175 0.03785187378525734 0.03999845311045647 0.04215022921562195 0.04429251328110695 0.04642744734883308 0.04855890199542046 0.05069093778729439 0.05282403156161308 0.054958775639534 0.0571022555232048 0.05925460159778595
 0 0 0 0 0 0 0 0 0 0 0 0 0 0 0 0 0 0 0 0 0 0 0 0 0 0 0 0 0 0 0 0 0 0 0 0 0 0 0 0 0 0 0 0 0 0 0 0 0 0 0 0 0 0 0 0 0 0 0 0 0 0 0 0 0 0 0 0 0 0 0 0 0 0 0 0 0 0 0 0 0 0 0 0 0 0 0 0 0 0 0 0 0 0 0 0 0 0 0 0 0 0 0 0 0 0 0 0 0 0 0 0 0 0 0 0 0 0 0 0 0 0 0 0 0 0 0 0 0 0 0 0 0 0 0 0 0 0 0 0 0 0 0 0 0 0 0 0 0 0 0 0 0 0 0 0 0 0 0 0 0 0 0 0 0 0 0 0 0 0 0 0 0 0 0 0 0 0 0 0 0 0 0 0 0 0 0 0 0 0 0 0 0 0 0 0 0 0 0 0 0 0 0 0 0 0 0 0 0 0 0 0 0 0 0 0 0 0 0 0 0 0 0 0 0 0 0 0 0 0 0 0 0 0 0 0 0 0 0 0 0 0 0 0 0 0 0 0 0 0 0 0 0 0 0 0 0 0 0 0 0 0 0 0 0 0 0 0 0 0 0 0 0 0 0 0 0 0 0 0 0 0 0 0 0 0 0 0 0 0 0 0 0 0 0 0 0 0 0 0 0 0 0 0 0 0 0 0 0 0 0 0 0 0 0 0 0 0 0 0 0 0 0 0 0 0 0 0 0 0 0 0 0 0 0 0 0 0 0 0 0 0 0 0 0 0 0 0 0 0 0 0 0 0 0 0 0 0 0 0 0 0 0 0 0 0 0 0 0 0 0 0 0 0 0 0 0 0 0 0 0 0 0 0 0 0 0 0 0 0 0 0 0 0 0 0 0 0 0 0 0 0 0 0 0 0 0 0 0 0 0 0 0 0 0 0 0 0 0 0 0 0 0 0 0 0 0 0 0 0 0 0 0 0 0 0 0 0 0 0 0 0 0 0 0 0 0 0 0 0 0 0 0 0 0 0 0 0 0 0 0 0 0 0 0 0 0 0 0 0 0 0 0 0 0 0 0 0 0 0 0 0 0 0 0 0 0 0 0 0 0 0 0 0 0 0 0 0 0 0 0 0 0 0 0 0 0 0 0 0 0 0 0 0 0 0 0 0 0 0 0 0 0 0 0 0 0 0 0 0 0 0 0 0 0 0 0 0 0 0 0 0 0 0 0 0 0 0 0 0 0 0 0 0 0 0 0 0 0 0 0 0 0 0 0 0 0 0 0 0 0 0 0 0 0 0 0 0 0 0 0 0 0 0 0 0 0 0 0 0 0 0 0 0 0 0 0 0 0 0
 0 0 0 0 0 0 0 0 0 0 0 0 0 0 0 0 0 0 0 0 0 0 0 0 0 0 0 0 0 0 0 0 0 0 0 0 0 0 0 0 0 0 0 0 0 0 0 0 0 0 0 0 0 0 0 0 0 0 0 0 0 0 0 0 0 0 0 0 0 0 0 0 0 0 0 0 0 0 0 0 0 0 0 0 0 0 0 0 0 0 0 0 0 0 0 0 0 0 0 0 0 0 0 0 0 0 0 0 0 0 0 0 0 0 0 0 0 0 0 0 0 0 0 0 0 0 0 0 0 0 0 0 0 0 0 0 0 0 0 0 0 0 0 0 0 0 0 0 0 0 0 0 0 0 0 0 0 0 0 0 0 0 0 0 0 0 0 0 0 0 0 0 0 0 0 0 0 0 0 0 0 0 0 0 0 0 0 0 0 0 0 0 0 0 0 0 0 0 0 0 0 0 0 0 0 0 0 0 0 0 0 0 0 0 0 0 0 0 0 0 0 0 0 0 0 0 0 0 0 0 0 0 0 0 0 0 0 0 0 0 0 0 0 0 0 0 0 0 0 0 0 0 0 0 0 0 0 0 0 0 0 0 0 0 0 0 0 0 0 0 0 0 0 0 0 0 0 0 0 0 0 0 0 0 0 0 0 0 0 0 0 0 0 0 0 0 0 0 0 0 0 0 0 0 0 0 0 0 0 0 0 0 0 0 0 0 0 0 0 0 0 0 0 0 0 0 0 0 0 0 0 0 0 0 0 0 0 0 0 0 0 0 0 0 0 0 0 0 0 0 0 0 0 0 0 0 0 0 0 0 0 0 0 0 0 0 0 0 0 0 0 0 0 0 0 0 0 0 0 0 0 0 0 0 0 0 0 0 0 0 0 0 0 0 0 0 0 0 0 0 0 0 0 0 0 0 0 0 0 0 0 0 0 0 0 0 0 0 0 0 0 0 0 0 0 0 0 0 0 0 0 0 0 0 0 0 0 0 0 0 0 0 0 0 0 0 0 0 0 0 0 0 0 0 0 0 0 0 0 0 0 0 0 0 0 0 0 0 0 0 0 0 0 0 0 0 0 0 0 0 0 0 0 0 0 0 0 0 0 0 0 0 0 0 0 0 0 0 0 0 0 0 0 0 0 0 0 0 0 0 0 0 0 0 0 0 0 0 0 0 0 0 0 0 0 0 0 0 0 0 0 0 0 0 0 0 0 0 0 0 0 0 0 0 0 0 0 0 0 0 0 0 0 0 0 0 0 0 0 0 0 0 0 0 0 0 0 0 0 0 0 0 0 0 0 0 0 0 0 0 0 0 0 0 0 0 0 0 0 0 0 0 0 0 0 0 0 0 0 0
 0 0 0 0 0 0 0 0 0 0 0 0 0 0 0 0 0 0 0 0 0 0 0 0 0 0 0 0 0 0 0 0 0 0 0 0 0 0 0 0 0 0 0 0 0 0 0 0 0 0 0 0 0 0 0 0 0 0 0 0 0 0 0 0 0 0 0 0 0 0 0 0 0 0 0 0 0 0 0 0 0 0 0 0 0 0 0 0 0 0 0 0 0 0 0 0 0 0 0 0 0 0 0 0 0 0 0 0 0 0 0 0 0 0 0 0 0 0 0 0 0 0 0 0 0 0 0 0 0 0 0 0 0 0 0 0 0 0 0 0 0 0 0 0 0 0 0 0 0 0 0 0 0 0 0 0 0 0 0 0 0 0 0 0 0 0 0 0 0 0 0 0 0 0 0 0 0 0 0 0 0 0 0 0 0 0 0 0 0 0 0 0 0 0 0 0 0 0 0 0 0 0 0 0 0 0 0 0 0 0 0 0 0 0 0 0 0 0 0 0 0 0 0 0 0 0 0 0 0 0 0 0 0 0 0 0 0 0 0 0 0 0 0 0 0 0 0 0 0 0 0 0 0 0 0 0 0 0 0 0 0 0 0 0 0 0 0 0 0 0 0 0 0 0 0 0 0 0 0 0 0 0 0 0 0 0 0 0 0 0 0 0 0 0 0 0 0 0 0 0 0 0 0 0 0 0 0 0 0 0 0 0 0 0 0 0 0 0 0 0 0 0 0 0 0 0 0 0 0 0 0 0 0 0 0 0 0 0 0 0 0 0 0 0 0 0 0 0 0 0 0 0 0 0 0 0 0 0 0 0 0 0 0 0 0 0 0 0 0 0 0 0 0 0 0 0 0 0 0 0 0 0 0 0 0 0 0 0 0 0 0 0 0 0 0 0 0 0 0 0 0 0 0 0 0 0 0 0 0 0 0 0 0 0 0 0 0 0 0 0 0 0 0 0 0 0 0 0 0 0 0 0 0 0 0 0 0 0 0 0 0 0 0 0 0 0 0 0 0 0 0 0 0 0 0 0 0 0 0 0 0 0 0 0 0 0 0 0 0 0 0 0 0 0 0 0 0 0 0 0 0 0 0 0 0 0 0 0 0 0 0 0 0 0 0 0 0 0 0 0 0 0 0 0 0 0 0 0 0 0 0 0 0 0 0 0 0 0 0 0 0 0 0 0 0 0 0 0 0 0 0 0 0 0 0 0 0 0 0 0 0 0 0 0 0 0 0 0 0 0 0 0 0 0 0 0 0 0 0 0 0 0 0 0 0 0 0 0 0 0 0 0 0 0 0 0 0 0 0 0 0 0 0 0 0 0 0 0 0 0 0 0 0 0 0 0 0 0 0 0
 0 0 0 0 0 0 0 0 0 0 0 0 0 0 0 0 0 0 0 0 0 0 0 0 0 0 0 0 0 0 0 0 0 0 0 0 0 0 0 0 0 0 0 0 0 0 0 0 0 0 0 0 0 0 0 0 0 0 0 0 0 0 0 0 0 0 0 0 0 0 0 0 0 0 0 0 0 0 0 0 0 0 0 0 0 0 0 0 0 0 0 0 0 0 0 0 0 0 0 0 0 0 0 0 0 0 0 0 0 0 0 0 0 0 0 0 0 0 0 0 0 0 0 0 0 0 0 0 0 0 0 0 0 0 0 0 0 0 0 0 0 0 0 0 0 0 0 0 0 0 0 0 0 0 0 0 0 0 0 0 0 0 0 0 0 0 0 0 0 0 0 0 0 0 0 0 0 0 0 0 0 0 0 0 0 0 0 0 0 0 0 0 0 0 0 0 0 0 0 0 0 0 0 0 0 0 0 0 0 0 0 0 0 0 0 0 0 0 0 0 0 0 0 0 0 0 0 0 0 0 0 0 0 0 0 0 0 0 0 0 0 0 0 0 0 0 0 0 0 0 0 0 0 0 0 0 0 0 0 0 0 0 0 0 0 0 0 0 0 0 0 0 0 0.000347916065948084 0.001076241955161095 0.002195610664784908 0.003680720692500472 0.005521270912140608 0.007669464685022831 0.01007621455937624 0.0127069279551506 0.01555776409804821 0.01862921565771103 0.02193430811166763 0.02545967698097229 0.02920329757034779 0.03314047306776047 0.03722324594855309 0.04142444580793381 0.04569514468312263 0.04999705776572227 0.0543372742831707 0.05872661992907524 0.06317560374736786 0.06770908832550049 0.07230734080076218 0.0769820511341095 0.08170903474092484 0.08647868782281876 0.09130540490150452 0.0961504653096199 0.1009991317987442 0.1058576256036758 0.110715463757515 0.1155491694808006 0.1203716397285461 0.1245250180363655 0.1267933696508408 0.1263757795095444 0.1228102669119835 0.1166697517037392 0.1108362674713135 0.1052944511175156 0.1000297293066978 0.09502824395895004 0.09027682989835739 0.08576298505067825 0.08147483319044113 0.07740109413862228 0.07353103905916214 0.0698544904589653 0.06636176258325577 0.06304367631673813 0.05989149212837219 0.05689691752195358 0.05405206978321075 0.0513494648039341 0.04878199100494385 0.0463428907096386 0.04402574524283409 0.04182445630431175 0.03973323479294777 0.03774657472968102 0.03585924580693245 0.03406628221273422 0.03236296772956848 0.03074481897056103 0.02920757792890072 0.02774719893932343 0.02635983936488628 0.02504184655845165 0.02378975413739681 0.02260026708245277 0.02147025428712368 0.02039674110710621 0.01937690377235413 0.01840805821120739 0.0174876544624567 0.01661327108740807 0.01578260771930218 0.01499347761273384 0.01424380391836166 0.01353161409497261 0.01285503339022398 0.01221228204667568 0.01160166785120964 0.01102158427238464 0.0104705048725009 0.009946979582309723 0.009449630975723267 0.008977149613201618 0.008528292179107666 0.008101877756416798 0.007696784101426601 0.007311944849789143 0.006946347653865814 0.006599030457437038 0.006269078701734543 0.005955624859780073 0.00565784377977252 0.005374951753765345 0.005106204189360142 0.004850894212722778 0.004608349408954382 0.004377931822091341 0.004159035161137581 0.003951083403080702 0.003753529163077474 0.003565852763131261 0.00338756013661623 0.003218182129785419 0.003057273104786873 0.002904409542679787 0.002759189112111926 0.002621229737997055 0.002490168204531074 0.00236565968953073 0.002247376600280404 0.002135007875040174 0.002028257586061954 0.001926844706758857 0.001830502413213253 0.001738977269269526 0.001652028411626816 0.001569426967762411 0.00149095559027046 0.001416407758370042 0.001345587428659201 0.001278308103792369 0.001214392716065049 0.0011536730453372 0.001095989369787276 0.001041189883835614 0.0009891303488984704 0.0009396738605573773 0.0008926901500672102 0.0008480556425638497 0.0008056528749875724 0.0007653702050447464 0.0007271016947925091 0.0006907465867698193 0.0006562092457897961 0.0006233988096937537 0.0005922288401052356 0.0005626173806376755 0.0005344864912331104 0.0005077621899545193 0.0004823740746360272 0.0004582553810905665 0.0004353426047600806 0.0004135754716116935 0.0003928967053070664 0.0003732518816832453 0.0003545892832335085 0.0003368598117958754 0.000320016813930124 0.0003040159645024687 0.000288815179374069 0.0002743744116742164 0.0002606556809041649 0.0002476228983141482 0.0002352417504880577 0.0002234796702396125 0.0002123056910932064 0.000201690403628163 0.0001916058827191591 0.0001820255856728181 0.0001729243085719645 0.0001642780989641324 0.0001560641976539046 0.0001482609950471669 0.0001408479438396171 0.0001338055444648489 0.0001271152723347768 0.0001207595050800592 0.0001147215298260562 0.0001089854558813386 0.0001035361856338568 9.835937817115337e-05 9.344141290057451e-05 8.876934589352459e-05 8.433088078163564e-05 8.011433965293691e-05 7.610861939610913e-05 7.23031917004846e-05 6.868803029647097e-05 6.52536255074665e-05 6.199094059411436e-05 5.889139356440865e-05 5.594682443188503e-05 5.314948430168442e-05 5.049200990470126e-05 4.796740904566832e-05 4.556903877528384e-05 4.329058720031753e-05 4.11260589316953e-05 3.906975689460523e-05 3.711626777658239e-05 3.526045475155115e-05 3.349743201397359e-05 3.182256114087068e-05 3.02314329019282e-05 2.871986180252861e-05 2.728386789385695e-05 2.591967495391145e-05 2.462369047862012e-05 2.33925056818407e-05 2.222288094344549e-05 2.111173671437427e-05 2.005614987865556e-05 1.905334283947013e-05 1.810067624319345e-05 1.719564170343801e-05 1.633585998206399e-05 1.551906643726397e-05 1.474311284255236e-05 1.400595738232369e-05 1.330565919488436e-05 1.264037655346328e-05 1.200835777126485e-05 1.140794029197423e-05 1.083754341379972e-05 1.029566647048341e-05 9.780883374332916e-06 9.291838978242595e-06 8.82724725670414e-06 8.385884939343669e-06 7.966590601427015e-06 7.568261025880929e-06 7.189848020061618e-06 6.830355687270639e-06 6.4888376982708e-06 6.164395927044097e-06 5.856176358065568e-06 5.56336772206123e-06 5.285199222271331e-06 5.020939170208294e-06 4.769892257172614e-06 4.531397735263454e-06 4.304828053136589e-06 4.089586582267657e-06 3.885107162204804e-06 3.690851826831931e-06 3.506309212752967e-06 3.330993649797165e-06 3.164444024150725e-06 3.006221731993719e-06 2.855910679500084e-06 2.71311523647455e-06 2.577459554231609e-06 2.448586656100815e-06 2.326157300558407e-06 2.209849526479957e-06 2.099357061524643e-06 1.994389094761573e-06 1.894669594548759e-06 1.79993617166474e-06 1.709939397187554e-06 1.624442461434228e-06 1.54322037815291e-06 1.466059302401845e-06 1.392756303175702e-06 1.323118453910865e-06 1.256962491424929e-06 1.194114361169341e-06 1.134408648795215e-06 1.077688239092822e-06 1.023803861244232e-06 9.726136340759695e-07 9.23982952372171e-07 8.777838047535624e-07 8.338946031472005e-07 7.92199898569379e-07 7.525899263782776e-07 7.149604357437056e-07 6.792124054300075e-07 6.452517595789686e-07 6.129891971795587e-07 5.823397373205808e-07 5.532227760340902e-07 5.255616315480438e-07 4.992835442862997e-07 4.743193642298138e-07 4.506034088080924e-07 4.280732355255168e-07 4.066695851179247e-07 3.863360973355157e-07 3.670192825211416e-07 3.486683226583409e-07 3.31234900841082e-07 3.146731444303441e-07 2.989394829455705e-07 2.83992505956121e-07 0.0001196886078105308 0.0004522502131294459 0.0009819709230214357 0.001697560073807836 0.002558714244514704 0.003557697869837284 0.004685226362198591 0.00594401778653264 0.00733249681070447 0.008838490583002567 0.0104628661647439 0.01219316199421883 0.01403372921049595 0.01595359854400158 0.0179272573441267 0.01994037441909313 0.0219853837043047 0.02406301908195019 0.02617792971432209 0.02832657098770142 0.03050060011446476 0.03269532322883606 0.03489390760660172 0.03709842264652252 0.03930659592151642 0.04152465984225273 0.04374954476952553 0.04597510024905205 0.04820171743631363 0.05042991787195206 0.05266392603516579 0.05490539968013763 0.05715693160891533 0.05942235887050629 0.06170401349663734 0.06399480253458023 0.06629017740488052
 0 0 0 0 0 0 0 0 0 0 0 0 0 0 0 0 0 0 0 0 0 0 0 0 0 0 0 0 0 0 0 0 0 0 0 0 0 0 0 0 0 0 0 0 0 0 0 0 0 0 0 0 0 0 0 0 0 0 0 0 0 0 0 0 0 0 0 0 0 0 0 0 0 0 0 0 0 0 0 0 0 0 0 0 0 0 0 0 0 0 0 0 0 0 0 0 0 0 0 0 0 0 0 0 0 0 0 0 0 0 0 0 0 0 0 0 0 0 0 0 0 0 0 0 0 0 0 0 0 0 0 0 0 0 0 0 0 0 0 0 0 0 0 0 0 0 0 0 0 0 0 0 0 0 0 0 0 0 0 0 0 0 0 0 0 0 0 0 0 0 0 0 0 0 0 0 0 0 0 0 0 0 0 0 0 0 0 0 0 0 0 0 0 0 0 0 0 0 0 0 0 0 0 0 0 0 0 0 0 0 0 0 0 0 0 0 0 0 0 0 0 0 0 0 0 0 0 0 0 0 0 0 0 0 0 0 0 0 0 0 0 0 0 0 0 0 0 0 0 0 0 0 0 0 0 0 0 0 0 0 0 0 0 0 0 0 0 0 0 0 0 0 0 0 0 0 0 0 0 0 0 0 0 0 0 0 0 0 0 0 0 0 0 0 0 0 0 0 0 0 0 0 0 0 0 0 0 0 0 0 0 0 0 0 0 0 0 0 0 0 0 0 0 0 0 0 0 0 0 0 0 0 0 0 0 0 0 0 0 0 0 0 0 0 0 0 0 0 0 0 0 0 0 0 0 0 0 0 0 0 0 0 0 0 0 0 0 0 0 0 0 0 0 0 0 0 0 0 0 0 0 0 0 0 0 0 0 0 0 0 0 0 0 0 0 0 0 0 0 0 0 0 0 0 0 0 0 0 0 0 0 0 0 0 0 0 0 0 0 0 0 0 0 0 0 0 0 0 0 0 0 0 0 0 0 0 0 0 0 0 0 0 0 0 0 0 0 0 0 0 0 0 0 0 0 0 0 0 0 0 0 0 0 0 0 0 0 0 0 0 0 0 0 0 0 0 0 0 0 0 0 0 0 0 0 0 0 0 0 0 0 0 0 0 0 0 0 0 0 0 0 0 0 0 0 0 0 0 0 0 0 0 0 0 0 0 0 0 0 0 0 0 0 0 0 0 0 0 0 0 0 0 0 0 0 0 0 0 0 0 0 0 0 0 0 0 0 0 0 0 0 0 0 0 0 0 0 0 0 0 0 0 0 0 0 0 0 0 0 0 0 0 0 0 0 0 0 0 0 0 0 0 0 0 0 0 0 0 0 0 0 0 0 0 0 0 0 0 0 0
 0 0 0 0 0 0 0 0 0 0 0 0 0 0 0 0 0 0 0 0 0 0 0 0 0 0 0 0 0 0 0 0 0 0 0 0 0 0 0 0 0 0 0 0 0 0 0 0 0 0 0 0 0 0 0 0 0 0 0 0 0 0 0 0 0 0 0 0 0 0 0 0 0 0 0 0 0 0 0 0 0 0 0 0 0 0 0 0 0 0 0 0 0 0 0 0 0 0 0 0 0 0 0 0 0 0 0 0 0 0 0 0 0 0 0 0 0 0 0 0 0 0 0 0 0 0 0 0 0 0 0 0 0 0 0 0 0 0 0 0 0 0 0 0 0 0 0 0 0 0 0 0 0 0 0 0 0 0 0 0 0 0 0 0 0 0 0 0 0 0 0 0 0 0 0 0 0 0 0 0 0 0 0 0 0 0 0 0 0 0 0 0 0 0 0 0 0 0 0 0 0 0 0 0 0 0 0 0 0 0 0 0 0 0 0 0 0 0 0 0 0 0 0 0 0 0 0 0 0 0 0 0 0 0 0 0 0 0 0 0 0 0 0 0 0 0 0 0 0 0 0 0 0 0 0 0 0 0 0 0 0 0 0 0 0 0 0 0 0 0 0 0 0 0 0 0 0 0 0 0 0 0 0 0 0 0 0 0 0 0 0 0 0 0 0 0 0 0 0 0 0 0 0 0 0 0 0 0 0 0 0 0 0 0 0 0 0 0 0 0 0 0 0 0 0 0 0 0 0 0 0 0 0 0 0 0 0 0 0 0 0 0 0 0 0 0 0 0 0 0 0 0 0 0 0 0 0 0 0 0 0 0 0 0 0 0 0 0 0 0 0 0 0 0 0 0 0 0 0 0 0 0 0 0 0 0 0 0 0 0 0 0 0 0 0 0 0 0 0 0 0 0 0 0 0 0 0 0 0 0 0 0 0 0 0 0 0 0 0 0 0 0 0 0 0 0 0 0 0 0 0 0 0 0 0 0 0 0 0 0 0 0 0 0 0 0 0 0 0 0 0 0 0 0 0 0 0 0 0 0 0 0 0 0 0 0 0 0 0 0 0 0 0 0 0 0 0 0 0 0 0 0 0 0 0 0 0 0 0 0 0 0 0 0 0 0 0 0 0 0 0 0 0 0 0 0 0 0 0 0 0 0 0 0 0 0 0 0 0 0 0 0 0 0 0 0 0 0 0 0 0 0 0 0 0 0 0 0 0 0 0 0 0 0 0 0 0 0 0 0 0 0 0 0 0 0 0 0 0 0 0 0 0 0 0 0 0 0 0 0 0 0 0 0 0 0 0 0 0 0 0 0 0 0 0 0 0 0 0 0 0 0 0 0 0 0 0 0 0 0
 0 0 0 0 0 0 0 0 0 0 0 0 0 0 0 0 0 0 0 0 0 0 0 0 0 0 0 0 0 0 0 0 0 0 0 0 0 0 0 0 0 0 0 0 0 0 0 0 0 0 0 0 0 0 0 0 0 0 0 0 0 0 0 0 0 0 0 0 0 0 0 0 0 0 0 0 0 0 0 0 0 0 0 0 0 0 0 0 0 0 0 0 0 0 0 0 0 0 0 0 0 0 0 0 0 0 0 0 0 0 0 0 0 0 0 0 0 0 0 0 0 0 0 0 0 0 0 0 0 0 0 0 0 0 0 0 0 0 0 0 0 0 0 0 0 0 0 0 0 0 0 0 0 0 0 0 0 0 0 0 0 0 0 0 0 0 0 0 0 0 0 0 0 0 0 0 0 0 0 0 0 0 0 0 0 0 0 0 0 0 0 0 0 0 0 0 0 0 0 0 0 0 0 0 0 0 0 0 0 0 0 0 0 0 0 0 0 0 0 0 0 0 0 0 0 0 0 0 0 0 0 0 0 0 0 0 0 0 0 0 0 0 0 0 0 0 0 0 0 0 0 0 0 0 0 0 0 0 0 0 0 0 0 0 0 0 0 0 0 0 0 0 0 0 0 0 0 0 0 0 0 0 0 0 0 0 0 0 0 0 0 0 0 0 0 0 0 0 0 0 0 0 0 0 0 0 0 0 0 0 0 0 0 0 0 0 0 0 0 0 0 0 0 0 0 0 0 0 0 0 0 0 0 0 0 0 0 0 0 0 0 0 0 0 0 0 0 0 0 0 0 0 0 0 0 0 0 0 0 0 0 0 0 0 0 0 0 0 0 0 0 0 0 0 0 0 0 0 0 0 0 0 0 0 0 0 0 0 0 0 0 0 0 0 0 0 0 0 0 0 0 0 0 0 0 0 0 0 0 0 0 0 0 0 0 0 0 0 0 0 0 0 0 0 0 0 0 0 0 0 0 0 0 0 0 0 0 0 0 0 0 0 0 0 0 0 0 0 0 0 0 0 0 0 0 0 0 0 0 0 0 0 0 0 0 0 0 0 0 0 0 0 0 0 0 0 0 0 0 0 0 0 0 0 0 0 0 0 0 0 0 0 0 0 0 0 0 0 0 0 0 0 0 0 0 0 0 0 0 0 0 0 0 0 0 0 0 0 0 0 0 0 0 0 0 0 0 0 0 0 0 0 0 0 0 0 0 0 0 0 0 0 0 0 0 0 0 0 0 0 0 0 0 0 0 0 0 0 0 0 0 0 0 0 0 0 0 0 0 0 0 0 0 0 0 0 0 0 0 0 0 0 0 0 0 0 0 0 0 0 0 0 0 0 0 0 0 0 0 0
 0 0 0 0 0 0 0 0 0 0 0 0 0 0 0 0 0 0 0 0 0 0 0 0 0 0 0 0 0 0 0 0 0 0 0 0 0 0 0 0 0 0 0 0 0 0 0 0 0 0 0 0 0 0 0 0 0 0 0 0 0 0 0 0 0 0 0 0 0 0 0 0 0 0 0 0 0 0 0 0 0 0 0 0 0 0 0 0 0 0 0 0 0 0 0 0 0 0 0 0 0 0 0 0 0 0 0 0 0 0 0 0 0 0 0 0 0 0 0 0 0 0 0 0 0 0 0 0 0 0 0 0 0 0 0 0 0 0 0 0 0 0 0 0 0 0 0 0 0 0 0 0 0 0 0 0 0 0 0 0 0 0 0 0 0 0 0 0 0 0 0 0 0 0 0 0 0 0 0 0 0 0 0 0 0 0 0 0 0 0 0 0 0 0 0 0 0 0 0 0 0 0 0 0 0 0 0 0 0 0 0 0 0 0 0 0 0 0 0 0 0 0 0 0 0 0 0 0 0 0 0 0 0 0 0 0 0 0 0 0 0 0 0 0 0 0 0 0 0 0 0 0 0 0 0 0 0 0 0 0 0 0 0 0 0 0 0 0 0 0 0 0 0 5.615771442535333e-05 0.000479590700706467 0.001276127994060516 0.002461246447637677 0.004011193756014109 0.005888752173632383 0.008072588592767715 0.01050582993775606 0.01315283961594105 0.01602573320269585 0.01912637799978256 0.02246544882655144 0.02602026052772999 0.0297619104385376 0.03368749096989632 0.03776636347174644 0.04195914044976234 0.04619259014725685 0.05046894773840904 0.05478639900684357 0.05915993452072144 0.06359872967004776 0.06810590624809265 0.07267040014266968 0.07730268687009811 0.08199886977672577 0.08674996346235275 0.09150557219982147 0.09627290815114975 0.1010564118623734 0.1058508604764938 0.1106672137975693 0.1155069693922997 0.1203627437353134 0.1244158297777176 0.1265209764242172 0.1259377598762512 0.1222019866108894 0.1160918846726418 0.1102872937917709 0.1047729253768921 0.0995342805981636 0.09455756843090057 0.0898296907544136 0.08533820509910583 0.08107129484415054 0.07701773196458817 0.07316684722900391 0.06950850784778595 0.06603308022022247 0.06273142993450165 0.05959485843777657 0.05661511421203613 0.05378435924649239 0.0510951429605484 0.0485403873026371 0.04611336812376976 0.04380770027637482 0.04161731526255608 0.03953645005822182 0.0375596284866333 0.03568164631724358 0.03389756381511688 0.03220268711447716 0.03059255331754684 0.02906292490661144 0.02760977856814861 0.02622929029166698 0.02491782605648041 0.02367193438112736 0.02248833701014519 0.02136391960084438 0.02029572427272797 0.0192809384316206 0.01831689104437828 0.01740104705095291 0.01653099432587624 0.015704445540905 0.01491922326385975 0.01417326182126999 0.013464598916471 0.01279136911034584 0.01215180102735758 0.01154421083629131 0.010967000387609 0.01041865069419146 0.009897718206048012 0.009402832016348839 0.008932690136134624 0.008486055769026279 0.008061752654612064 0.00765866506844759 0.007275731768459082 0.006911945063620806 0.006566348019987345 0.006238030735403299 0.005926129408180714 0.005629823077470064 0.00534833176061511 0.005080915056169033 0.00482686934992671 0.004585525952279568 0.004356249701231718 0.00413843709975481 0.003931515384465456 0.003734939731657505 0.003548192791640759 0.003370783058926463 0.003202243940904737 0.003042131662368774 0.002890025032684207 0.002745523815974593 0.002608247566968203 0.002477835165336728 0.002353943418711424 0.002236246131360531 0.002124433871358633 0.002018212107941508 0.001917301444336772 0.001821436337195337 0.001730364514514804 0.001643846277147532 0.001561653916724026 0.001483571249991655 0.001409392687492073 0.001338923000730574 0.001271976856514812 0.001208378002047539 0.001147959148511291 0.001090561156161129 0.001036033150739968 0.0009842314757406712 0.000935019925236702 0.0008882689289748669 0.0008438554941676557 0.0008016627398319542 0.0007615796057507396 0.0007235006196424365 0.000687325606122613 0.0006529593374580145 0.0006203113589435816 0.0005892958142794669 0.0005598310381174088 0.0005318394978530705 0.0005052475025877357 0.0004799851158168167 0.0004559858643915504 0.0004331865638960153 0.00041152723133564 0.0003909508814103901 0.0003714033518917859 0.0003528331872075796 0.0003351915220264345 0.0003184319357387722 0.0003025103360414505 0.0002873848134186119 0.0002730155829340219 0.0002593648096080869 0.0002463965793140233 0.0002340767532587051 0.0002223729097750038 0.000211254257010296 0.0002006915456149727 0.0001906569668790326 0.0001811241236282513 0.0001720679138088599 0.0001634645159356296 0.0001552912872284651 0.0001475267199566588 0.0001401503832312301 0.0001331428647972643 0.0001264857273781672 0.0001201614431920461 0.0001141533721238375 0.0001084457035176456 0.0001030234197969548 9.787224553292617e-05 9.297863289248198e-05 8.832970343064517e-05 8.391321898670867e-05 7.971755985636264e-05 7.573168113594875e-05 7.194509817054495e-05 6.834784289821982e-05 6.493044929811731e-05 6.168392428662628e-05 5.859972952748649e-05 5.56697414140217e-05 5.28862547071185e-05 5.024194251745939e-05 4.772984539158642e-05 4.53433531220071e-05 4.307618655730039e-05 4.092237577424385e-05 3.887625643983483e-05 3.693244434543885e-05 3.508582085487433e-05 3.333152926643379e-05 3.166495298501104e-05 3.008170460816473e-05 2.857761865016073e-05 2.714873699005693e-05 2.57912997767562e-05 2.450173451506998e-05 2.327664697077125e-05 2.211281389463693e-05 2.100717392750084e-05 1.995681486732792e-05 1.895897366921417e-05 1.801102553145029e-05 1.711047480057459e-05 1.625495133339427e-05 1.544220322102774e-05 1.467009315092582e-05 1.393658840243006e-05 1.323975902778329e-05 1.257777148566674e-05 1.194888318423182e-05 1.135143884312129e-05 1.078386685549049e-05 1.024467383103911e-05 9.732440048537683e-06 9.245817636838183e-06 8.783526936895214e-06 8.344350135303102e-06 7.927132173790596e-06 7.530775747000007e-06 7.154236755013699e-06 6.796524758101441e-06 6.456698429246899e-06 6.133863280410878e-06 5.827170298289275e-06 5.535811851586914e-06 5.2590212362702e-06 4.996069947083015e-06 4.746266313304659e-06 4.508952770265751e-06 4.283504949853523e-06 4.069329861522419e-06 3.865863163809991e-06 3.672570073831594e-06 3.488941501927911e-06 3.314494506412302e-06 3.148769792460371e-06 2.991331257362617e-06 2.841764626282384e-06 2.699676315387478e-06 2.564692522355472e-06 2.436457862131647e-06 2.314634912181646e-06 2.198903075623093e-06 2.088957899104571e-06 1.98450993593724e-06 1.885284405034326e-06 1.791020167729585e-06 1.701469159343105e-06 1.616395707060292e-06 1.535575961497671e-06 1.458797214581864e-06 1.385857331115403e-06 1.316564521403052e-06 1.250736318070267e-06 1.18819946237636e-06 1.128789449467149e-06 1.072349959940766e-06 1.018732518787147e-06 9.677959269538405e-07 9.194061476591742e-07 8.734358516448992e-07 8.297640761156799e-07 7.882758836785797e-07 7.488620781259669e-07 7.114189770618395e-07 6.758480139978928e-07 6.42055624666682e-07 6.099528491176898e-07 5.79455218030489e-07 5.504824684976484e-07 5.229583166510565e-07 4.968104008185037e-07 4.719698836197495e-07 4.483713951231039e-07 4.259528338934615e-07 4.046551964620448e-07 3.844224352178571e-07 3.652013162991352e-07 3.46941249063093e-07 3.295941723990836e-07 3.131144694634713e-07 2.974587403059559e-07 2.825858018695726e-07 0.0001875328016467392 0.0005958708934485912 0.001208548899739981 0.001991285942494869 0.002909147646278143 0.003955627325922251 0.005134270060807467 0.006434896029531956 0.007851012982428074 0.009379507042467594 0.0110192559659481 0.01277223136276007 0.01462830416858196 0.0165676549077034 0.0185822881758213 0.02065790630877018 0.02277544140815735 0.02493300661444664 0.02711905166506767 0.02933383733034134 0.03155194595456123 0.0337803065776825 0.03601826727390289 0.03825025632977486 0.04047568887472153 0.04269694536924362 0.04491534829139709 0.04713539406657219 0.04935922101140022 0.05159217119216919 0.05383863672614098 0.05610246583819389 0.05838658660650253 0.06070001050829887 0.06304029375314713 0.0653841644525528
 0 0 0 0 0 0 0 0 0 0 0 0 0 0 0 0 0 0 0 0 0 0 0 0 0 0 0 0 0 0 0 0 0 0 0 0 0 0 0 0 0 0 0 0 0 0 0 0 0 0 0 0 0 0 0 0 0 0 0 0 0 0 0 0 0 0 0 0 0 0 0 0 0 0 0 0 0 0 0 0 0 0 0 0 0 0 0 0 0 0 0 0 0 0 0 0 0 0 0 0 0 0 0 0 0 0 0 0 0 0 0 0 0 0 0 0 0 0 0 0 0 0 0 0 0 0 0 0 0 0 0 0 0 0 0 0 0 0 0 0 0 0 0 0 0 0 0 0 0 0 0 0 0 0 0 0 0 0 0 0 0 0 0 0 0 0 0 0 0 0 0 0 0 0 0 0 0 0 0 0 0 0 0 0 0 0 0 0 0 0 0 0 0 0 0 0 0 0 0 0 0 0 0 0 0 0 0 0 0 0 0 0 0 0 0 0 0 0 0 0 0 0 0 0 0 0 0 0 0 0 0 0 0 0 0 0 0 0 0 0 0 0 0 0 0 0 0 0 0 0 0 0 0 0 0 0 0 0 0 0 0 0 0 0 0 0 0 0 0 0 0 0 0 0 0 0 0 0 0 0 0 0 0 0 0 0 0 0 0 0 0 0 0 0 0 0 0 0 0 0 0 0 0 0 0 0 0 0 0 0 0 0 0 0 0 0 0 0 0 0 0 0 0 0 0 0 0 0 0 0 0 0 0 0 0 0 0 0 0 0 0 0 0 0 0 0 0 0 0 0 0 0 0 0 0 0 0 0 0 0 0 0 0 0 0 0 0 0 0 0 0 0 0 0 0 0 0 0 0 0 0 0 0 0 0 0 0 0 0 0 0 0 0 0 0 0 0 0 0 0 0 0 0 0 0 0 0 0 0 0 0 0 0 0 0 0 0 0 0 0 0 0 0 0 0 0 0 0 0 0 0 0 0 0 0 0 0 0 0 0 0 0 0 0 0 0 0 0 0 0 0 0 0 0 0 0 0 0 0 0 0 0 0 0 0 0 0 0 0 0 0 0 0 0 0 0 0 0 0 0 0 0 0 0 0 0 0 0 0 0 0 0 0 0 0 0 0 0 0 0 0 0 0 0 0 0 0 0 0 0 0 0 0 0 0 0 0 0 0 0 0 0 0 0 0 0 0 0 0 0 0 0 0 0 0 0 0 0 0 0 0 0 0 0 0 0 0 0 0 0 0 0 0 0 0 0 0 0 0 0 0 0 0 0 0 0 0 0 0 0 0 0 0 0 0 0 0 0 0 0 0 0 0 0 0 0 0 0 0 0 0 0 0 0 0 0 0 0 0 0
 0 0 0 0 0 0 0 0 0 0 0 0 0 0 0 0 0 0 0 0 0 0 0 0 0 0 0 0 0 0 0 0 0 0 0 0 0 0 0 0 0 0 0 0 0 0 0 0 0 0 0 0 0 0 0 0 0 0 0 0 0 0 0 0 0 0 0 0 0 0 0 0 0 0 0 0 0 0 0 0 0 0 0 0 0 0 0 0 0 0 0 0 0 0 0 0 0 0 0 0 0 0 0 0 0 0 0 0 0 0 0 0 0 0 0 0 0 0 0 0 0 0 0 0 0 0 0 0 0 0 0 0 0 0 0 0 0 0 0 0 0 0 0 0 0 0 0 0 0 0 0 0 0 0 0 0 0 0 0 0 0 0 0 0 0 0 0 0 0 0 0 0 0 0 0 0 0 0 0 0 0 0 0 0 0 0 0 0 0 0 0 0 0 0 0 0 0 0 0 0 0 0 0 0 0 0 0 0 0 0 0 0 0 0 0 0 0 0 0 0 0 0 0 0 0 0 0 0 0 0 0 0 0 0 0 0 0 0 0 0 0 0 0 0 0 0 0 0 0 0 0 0 0 0 0 0 0 0 0 0 0 0 0 0 0 0 0 0 0 0 0 0 0 0 0 0 0 0 0 0 0 0 0 0 0 0 0 0 0 0 0 0 0 0 0 0 0 0 0 0 0 0 0 0 0 0 0 0 0 0 0 0 0 0 0 0 0 0 0 0 0 0 0 0 0 0 0 0 0 0 0 0 0 0 0 0 0 0 0 0 0 0 0 0 0 0 0 0 0 0 0 0 0 0 0 0 0 0 0 0 0 0 0 0 0 0 0 0 0 0 0 0 0 0 0 0 0 0 0 0 0 0 0 0 0 0 0 0 0 0 0 0 0 0 0 0 0 0 0 0 0 0 0 0 0 0 0 0 0 0 0 0 0 0 0 0 0 0 0 0 0 0 0 0 0 0 0 0 0 0 0 0 0 0 0 0 0 0 0 0 0 0 0 0 0 0 0 0 0 0 0 0 0 0 0 0 0 0 0 0 0 0 0 0 0 0 0 0 0 0 0 0 0 0 0 0 0 0 0 0 0 0 0 0 0 0 0 0 0 0 0 0 0 0 0 0 0 0 0 0 0 0 0 0 0 0 0 0 0 0 0 0 0 0 0 0 0 0 0 0 0 0 0 0 0 0 0 0 0 0 0 0 0 0 0 0 0 0 0 0 0 0 0 0 0 0 0 0 0 0 0 0 0 0 0 0 0 0 0 0 0 0 0 0 0 0 0 0 0 0 0 0 0 0 0 0 0 0 0 0 0 0 0 0 0 0 0 0 0 0 0 0 0 0 0 0 0 0 0 0
 0 0 0 0 0 0 0 0 0 0 0 0 0 0 0 0 0 0 0 0 0 0 0 0 0 0 0 0 0 0 0 0 0 0 0 0 0 0 0 0 0 0 0 0 0 0 0 0 0 0 0 0 0 0 0 0 0 0 0 0 0 0 0 0 0 0 0 0 0 0 0 0 0 0 0 0 0 0 0 0 0 0 0 0 0 0 0 0 0 0 0 0 0 0 0 0 0 0 0 0 0 0 0 0 0 0 0 0 0 0 0 0 0 0 0 0 0 0 0 0 0 0 0 0 0 0 0 0 0 0 0 0 0 0 0 0 0 0 0 0 0 0 0 0 0 0 0 0 0 0 0 0 0 0 0 0 0 0 0 0 0 0 0 0 0 0 0 0 0 0 0 0 0 0 0 0 0 0 0 0 0 0 0 0 0 0 0 0 0 0 0 0 0 0 0 0 0 0 0 0 0 0 0 0 0 0 0 0 0 0 0 0 0 0 0 0 0 0 0 0 0 0 0 0 0 0 0 0 0 0 0 0 0 0 0 0 0 0 0 0 0 0 0 0 0 0 0 0 0 0 0 0 0 0 0 0 0 0 0 0 0 0 0 0 0 0 0 0 0 0 0 0 0 0 0 0 0 0 0 0 0 0 0 0 0 0 0 0 0 0 0 0 0 0 0 0 0 0 0 0 0 0 0 0 0 0 0 0 0 0 0 0 0 0 0 0 0 0 0 0 0 0 0 0 0 0 0 0 0 0 0 0 0 0 0 0 0 0 0 0 0 0 0 0 0 0 0 0 0 0 0 0 0 0 0 0 0 0 0 0 0 0 0 0 0 0 0 0 0 0 0 0 0 0 0 0 0 0 0 0 0 0 0 0 0 0 0 0 0 0 0 0 0 0 0 0 0 0 0 0 0 0 0 0 0 0 0 0 0 0 0 0 0 0 0 0 0 0 0 0 0 0 0 0 0 0 0 0 0 0 0 0 0 0 0 0 0 0 0 0 0 0 0 0 0 0 0 0 0 0 0 0 0 0 0 0 0 0 0 0 0 0 0 0 0 0 0 0 0 0 0 0 0 0 0 0 0 0 0 0 0 0 0 0 0 0 0 0 0 0 0 0 0 0 0 0 0 0 0 0 0 0 0 0 0 0 0 0 0 0 0 0 0 0 0 0 0 0 0 0 0 0 0 0 0 0 0 0 0 0 0 0 0 0 0 0 0 0 0 0 0 0 0 0 0 0 0 0 0 0 0 0 0 0 0 0 0 0 0 0 0 0 0 0 0 0 0 0 0 0 0 0 0 0 0 0 0 0 0 0 0 0 0 0 0 0 0 0 0 0 0 0 0 0 0 0 0 0 0 0
 0 0 0 0 0 0 0 0 0 0 0 0 0 0 0 0 0 0 0 0 0 0 0 0 0 0 0 0 0 0 0 0 0 0 0 0 0 0 0 0 0 0 0 0 0 0 0 0 0 0 0 0 0 0 0 0 0 0 0 0 0 0 0 0 0 0 0 0 0 0 0 0 0 0 0 0 0 0 0 0 0 0 0 0 0 0 0 0 0 0 0 0 0 0 0 0 0 0 0 0 0 0 0 0 0 0 0 0 0 0 0 0 0 0 0 0 0 0 0 0 0 0 0 0 0 0 0 0 0 0 0 0 0 0 0 0 0 0 0 0 0 0 0 0 0 0 0 0 0 0 0 0 0 0 0 0 0 0 0 0 0 0 0 0 0 0 0 0 0 0 0 0 0 0 0 0 0 0 0 0 0 0 0 0 0 0 0 0 0 0 0 0 0 0 0 0 0 0 0 0 0 0 0 0 0 0 0 0 0 0 0 0 0 0 0 0 0 0 0 0 0 0 0 0 0 0 0 0 0 0 0 0 0 0 0 0 0 0 0 0 0 0 0 0 0 0 0 0 0 0 0 0 0 0 0 0 0 0 0 0 0 0 0 0 0 0 0 0 0 0 0 0 0 0 0.0002041261905105785 0.0007695390959270298 0.001707797404378653 0.003024101257324219 0.004700129386037588 0.006710016634315252 0.009045719169080257 0.01163746137171984 0.01446377113461494 0.01754157990217209 0.02086041122674942 0.02442692406475544 0.0282258465886116 0.03222298622131348 0.03640520200133324 0.04070626199245453 0.04506188631057739 0.04947096481919289 0.05393937230110168 0.05846618860960007 0.06306082010269165 0.06773147732019424 0.07247010618448257 0.07728368043899536 0.08216796815395355 0.08708030730485916 0.09200188517570496 0.09693101048469543 0.1018723547458649 0.1068294793367386 0.1118062138557434 0.1167673766613007 0.1217293813824654 0.1262022852897644 0.1288881599903107 0.1289354860782623 0.1258331835269928 0.1195415258407593 0.1135644465684891 0.1078862249851227 0.1024919152259827 0.09736731648445129 0.09249895066022873 0.08787400275468826 0.08348030596971512 0.07930628955364227 0.07534097135066986 0.07157392054796219 0.06799522787332535 0.06459546834230423 0.06136569380760193 0.05829741060733795 0.05538253858685493 0.05261341109871864 0.04998274147510529 0.04748360440135002 0.04510942474007607 0.0428539551794529 0.04071125760674477 0.0386756956577301 0.03674191236495972 0.03490481525659561 0.03315957635641098 0.03150159865617752 0.02992651797831059 0.02843019179999828 0.02700868248939514 0.02565824799239635 0.02437533624470234 0.02315657027065754 0.02199874259531498 0.02089880593121052 0.01985386572778225 0.01886117272078991 0.01791811361908913 0.01702220737934113 0.01617109775543213 0.01536254305392504 0.01459441613405943 0.01386469509452581 0.01317146047949791 0.01251288782805204 0.01188724301755428 0.01129288040101528 0.01072823628783226 0.01019182428717613 0.009682233445346355 0.009198121726512909 0.008738216012716293 0.008301305584609509 0.007886240258812904 0.007491928059607744 0.007117331493645906 0.006761464755982161 0.006423391401767731 0.006102222017943859 0.005797110963612795 0.005507255438715219 0.005231892690062523 0.004970298148691654 0.004721783101558685 0.004485693760216236 0.004261408932507038 0.004048338625580072 0.003845921717584133 0.003653625724837184 0.003470944473519921 0.0032973971683532 0.003132527228444815 0.002975900890305638 0.00282710581086576 0.002685750601813197 0.002551462966948748 0.002423889935016632 0.002302695531398058 0.002187560778111219 0.002078182762488723 0.001974273705855012 0.001875560032203794 0.001781782018952072 0.001692692865617573 0.001608058228157461 0.001527655287645757 0.001451272517442703 0.001378708868287504 0.001309773419052362 0.001244284794665873 0.00118207058403641 0.001122967107221484 0.001066818716935813 0.001013477798551321 0.0009628038969822228 0.0009146637166850269 0.0008689305395819247 0.0008254839922301471 0.0007842098129913211 0.0007449993281625211 0.0007077493355609477 0.0006723618716932833 0.0006387438043020666 0.000606806599535048 0.0005764662637375295 0.0005476429359987378 0.0005202607717365026 0.0004942477098666131 0.0004695353272836655 0.0004460585478227586 0.000423755613155663 0.0004025678208563477 0.0003824394370894879 0.000363317463779822 0.0003451515804044902 0.0003278939984738827 0.0003114992869086564 0.0002959243138320744 0.0002811281010508537 0.0002670717076398432 0.0002537181135267019 0.0002410322049399838 0.0002289805997861549 0.0002175315748900175 0.0002066549932351336 0.0001963222457561642 0.0001865061349235475 0.0001771808310877532 0.0001683217851677909 0.0001599056995473802 0.0001519104116596282 0.0001443148939870298 0.0001370991521980613 0.0001302441960433498 0.000123731981148012 0.0001175453799078241 0.0001116681087296456 0.0001060847062035464 0.0001007804676191881 9.574144496582448e-05 9.095437417272478e-05 8.640665328130126e-05 8.20863206172362e-05 7.798200385877863e-05 7.40829054848291e-05 7.0378759119194e-05 6.685982225462794e-05 6.351683259708807e-05 6.034098987584002e-05 5.732394129154272e-05 5.445774513646029e-05 5.173485624254681e-05 4.914811506750993e-05 4.669070767704397e-05 4.435617302078754e-05 4.213836291455664e-05 4.003144567832351e-05 3.802987339440733e-05 3.612837826949544e-05 3.432195808272809e-05 3.260586163378321e-05 3.097556691500358e-05 2.942678838735446e-05 2.79554496955825e-05 2.655767639225814e-05 2.522979229979683e-05 2.396830313955434e-05 2.27698874368798e-05 2.163139288313687e-05 2.054982360277791e-05 1.952233287738636e-05 1.854621586971916e-05 1.761890598572791e-05 1.673796032264363e-05 1.590106148796622e-05 1.510600850451738e-05 1.435070771549363e-05 1.36331727844663e-05 1.29515137814451e-05 1.230393809237285e-05 1.168874132417841e-05 1.110430457629263e-05 1.054908898368012e-05 1.002163480734453e-05 9.52055324887624e-06 9.044525540957693e-06 8.592299309384543e-06 8.162684025592171e-06 7.754550097160973e-06 7.366822501353454e-06 6.998481239861576e-06 6.6485572460806e-06 6.316129201877629e-06 6.00032262809691e-06 5.700306701328373e-06 5.415291525423527e-06 5.14452676725341e-06 4.887300292466534e-06 4.64293543700478e-06 4.410788733366644e-06 4.190249455859885e-06 3.98073689211742e-06 3.781700115723652e-06 3.592615030356683e-06 3.412984369788319e-06 3.242335196773638e-06 3.08021844830364e-06 2.926207571363193e-06 2.779897158688982e-06 2.640902266648482e-06 2.508857050997904e-06 2.383414084761171e-06 2.264243448735215e-06 2.151031367247924e-06 2.043479753410793e-06 1.941305754371569e-06 1.844240500759042e-06 1.752028424562013e-06 1.664427031755622e-06 1.581205651746131e-06 1.50214532368409e-06 1.427038114343304e-06 1.355686208626139e-06 1.287901909563516e-06 1.223506842507049e-06 1.162331500381697e-06 1.104214902625245e-06 1.049004140440957e-06 9.965539220502251e-07 9.467262316320557e-07 8.993899314191367e-07 8.544204206373252e-07 8.116994081319717e-07 7.711144576205697e-07 7.325587603190797e-07 6.959307938814163e-07 6.611342655560293e-07 6.28077543751715e-07 5.966736580376164e-07 5.668399580827099e-07 5.384979431255488e-07 5.115730346005876e-07 4.859944056079257e-07 4.616946966962132e-07 4.386099590192316e-07 4.166794553839281e-07 3.958454897201591e-07 3.760532081287238e-07 3.572505420379457e-07 3.393880092517065e-07 3.224186002626084e-07 3.062976645651361e-07 2.9098276854711e-07 2.764336386462674e-07 2.626119623982959e-07 2.494813600151247e-07 0.0001225590385729447 0.0004715414252132177 0.00101924838963896 0.001726436195895076 0.002582165645435452 0.003584296442568302 0.004719839431345463 0.00597656611353159 0.007352544460445642 0.008846471086144447 0.01044799480587244 0.01214312762022018 0.01392114069312811 0.0157802551984787 0.01771320588886738 0.01971440017223358 0.02177222073078156 0.02386756613850594 0.02599073760211468 0.02813144959509373 0.03026991337537766 0.03240864723920822 0.03455087170004845 0.0367019958794117 0.03886693716049194 0.04103388264775276 0.04320579022169113 0.04538632184267044 0.04757107794284821 0.04976080730557442 0.05196052044630051 0.05417373031377792 0.05640557408332825
 0 0 0 0 0 0 0 0 0 0 0 0 0 0 0 0 0 0 0 0 0 0 0 0 0 0 0 0 0 0 0 0 0 0 0 0 0 0 0 0 0 0 0 0 0 0 0 0 0 0 0 0 0 0 0 0 0 0 0 0 0 0 0 0 0 0 0 0 0 0 0 0 0 0 0 0 0 0 0 0 0 0 0 0 0 0 0 0 0 0 0 0 0 0 0 0 0 0 0 0 0 0 0 0 0 0 0 0 0 0 0 0 0 0 0 0 0 0 0 0 0 0 0 0 0 0 0 0 0 0 0 0 0 0 0 0 0 0 0 0 0 0 0 0 0 0 0 0 0 0 0 0 0 0 0 0 0 0 0 0 0 0 0 0 0 0 0 0 0 0 0 0 0 0 0 0 0 0 0 0 0 0 0 0 0 0 0 0 0 0 0 0 0 0 0 0 0 0 0 0 0 0 0 0 0 0 0 0 0 0 0 0 0 0 0 0 0 0 0 0 0 0 0 0 0 0 0 0 0 0 0 0 0 0 0 0 0 0 0 0 0 0 0 0 0 0 0 0 0 0 0 0 0 0 0 0 0 0 0 0 0 0 0 0 0 0 0 0 0 0 0 0 0 0 0 0 0 0 0 0 0 0 0 0 0 0 0 0 0 0 0 0 0 0 0 0 0 0 0 0 0 0 0 0 0 0 0 0 0 0 0 0 0 0 0 0 0 0 0 0 0 0 0 0 0 0 0 0 0 0 0 0 0 0 0 0 0 0 0 0 0 0 0 0 0 0 0 0 0 0 0 0 0 0 0 0 0 0 0 0 0 0 0 0 0 0 0 0 0 0 0 0 0 0 0 0 0 0 0 0 0 0 0 0 0 0 0 0 0 0 0 0 0 0 0 0 0 0 0 0 0 0 0 0 0 0 0 0 0 0 0 0 0 0 0 0 0 0 0 0 0 0 0 0 0 0 0 0 0 0 0 0 0 0 0 0 0 0 0 0 0 0 0 0 0 0 0 0 0 0 0 0 0 0 0 0 0 0 0 0 0 0 0 0 0 0 0 0 0 0 0 0 0 0 0 0 0 0 0 0 0 0 0 0 0 0 0 0 0 0 0 0 0 0 0 0 0 0 0 0 0 0 0 0 0 0 0 0 0 0 0 0 0 0 0 0 0 0 0 0 0 0 0 0 0 0 0 0 0 0 0 0 0 0 0 0 0 0 0 0 0 0 0 0 0 0 0 0 0 0 0 0 0 0 0 0 0 0 0 0 0 0 0 0 0 0 0 0 0 0 0 0 0 0 0 0 0 0 0 0 0 0 0 0 0 0 0 0 0 0 0 0 0 0 0 0 0 0 0 0
 0 0 0 0 0 0 0 0 0 0 0 0 0 0 0 0 0 0 0 0 0 0 0 0 0 0 0 0 0 0 0 0 0 0 0 0 0 0 0 0 0 0 0 0 0 0 0 0 0 0 0 0 0 0 0 0 0 0 0 0 0 0 0 0 0 0 0 0 0 0 0 0 0 0 0 0 0 0 0 0 0 0 0 0 0 0 0 0 0 0 0 0 0 0 0 0 0 0 0 0 0 0 0 0 0 0 0 0 0 0 0 0 0 0 0 0 0 0 0 0 0 0 0 0 0 0 0 0 0 0 0 0 0 0 0 0 0 0 0 0 0 0 0 0 0 0 0 0 0 0 0 0 0 0 0 0 0 0 0 0 0 0 0 0 0 0 0 0 0 0 0 0 0 0 0 0 0 0 0 0 0 0 0 0 0 0 0 0 0 0 0 0 0 0 0 0 0 0 0 0 0 0 0 0 0 0 0 0 0 0 0 0 0 0 0 0 0 0 0 0 0 0 0 0 0 0 0 0 0 0 0 0 0 0 0 0 0 0 0 0 0 0 0 0 0 0 0 0 0 0 0 0 0 0 0 0 0 0 0 0 0 0 0 0 0 0 0 0 0 0 0 0 0 0 0 0 0 0 0 0 0 0 0 0 0 0 0 0 0 0 0 0 0 0 0 0 0 0 0 0 0 0 0 0 0 0 0 0 0 0 0 0 0 0 0 0 0 0 0 0 0 0 0 0 0 0 0 0 0 0 0 0 0 0 0 0 0 0 0 0 0 0 0 0 0 0 0 0 0 0 0 0 0 0 0 0 0 0 0 0 0 0 0 0 0 0 0 0 0 0 0 0 0 0 0 0 0 0 0 0 0 0 0 0 0 0 0 0 0 0 0 0 0 0 0 0 0 0 0 0 0 0 0 0 0 0 0 0 0 0 0 0 0 0 0 0 0 0 0 0 0 0 0 0 0 0 0 0 0 0 0 0 0 0 0 0 0 0 0 0 0 0 0 0 0 0 0 0 0 0 0 0 0 0 0 0 0 0 0 0 0 0 0 0 0 0 0 0 0 0 0 0 0 0 0 0 0 0 0 0 0 0 0 0 0 0 0 0 0 0 0 0 0 0 0 0 0 0 0 0 0 0 0 0 0 0 0 0 0 0 0 0 0 0 0 0 0 0 0 0 0 0 0 0 0 0 0 0 0 0 0 0 0 0 0 0 0 0 0 0 0 0 0 0 0 0 0 0 0 0 0 0 0 0 0 0 0 0 0 0 0 0 0 0 0 0 0 0 0 0 0 0 0 0 0 0 0 0 0 0 0 0 0 0 0 0 0 0 0 0 0 0 0 0 0 0 0 0 0 0
 0 0 0 0 0 0 0 0 0 0 0 0 0 0 0 0 0 0 0 0 0 0 0 0 0 0 0 0 0 0 0 0 0 0 0 0 0 0 0 0 0 0 0 0 0 0 0 0 0 0 0 0 0 0 0 0 0 0 0 0 0 0 0 0 0 0 0 0 0 0 0 0 0 0 0 0 0 0 0 0 0 0 0 0 0 0 0 0 0 0 0 0 0 0 0 0 0 0 0 0 0 0 0 0 0 0 0 0 0 0 0 0 0 0 0 0 0 0 0 0 0 0 0 0 0 0 0 0 0 0 0 0 0 0 0 0 0 0 0 0 0 0 0 0 0 0 0 0 0 0 0 0 0 0 0 0 0 0 0 0 0 0 0 0 0 0 0 0 0 0 0 0 0 0 0 0 0 0 0 0 0 0 0 0 0 0 0 0 0 0 0 0 0 0 0 0 0 0 0 0 0 0 0 0 0 0 0 0 0 0 0 0 0 0 0 0 0 0 0 0 0 0 0 0 0 0 0 0 0 0 0 0 0 0 0 0 0 0 0 0 0 0 0 0 0 0 0 0 0 0 0 0 0 0 0 0 0 0 0 0 0 0 0 0 0 0 0 0 0 0 0 0 0 0 0 0 0 0 0 0 0 0 0 0 0 0 0 0 0 0 0 0 0 0 0 0 0 0 0 0 0 0 0 0 0 0 0 0 0 0 0 0 0 0 0 0 0 0 0 0 0 0 0 0 0 0 0 0 0 0 0 0 0 0 0 0 0 0 0 0 0 0 0 0 0 0 0 0 0 0 0 0 0 0 0 0 0 0 0 0 0 0 0 0 0 0 0 0 0 0 0 0 0 0 0 0 0 0 0 0 0 0 0 0 0 0 0 0 0 0 0 0 0 0 0 0 0 0 0 0 0 0 0 0 0 0 0 0 0 0 0 0 0 0 0 0 0 0 0 0 0 0 0 0 0 0 0 0 0 0 0 0 0 0 0 0 0 0 0 0 0 0 0 0 0 0 0 0 0 0 0 0 0 0 0 0 0 0 0 0 0 0 0 0 0 0 0 0 0 0 0 0 0 0 0 0 0 0 0 0 0 0 0 0 0 0 0 0 0 0 0 0 0 0 0 0 0 0 0 0 0 0 0 0 0 0 0 0 0 0 0 0 0 0 0 0 0 0 0 0 0 0 0 0 0 0 0 0 0 0 0 0 0 0 0 0 0 0 0 0 0 0 0 0 0 0 0 0 0 0 0 0 0 0 0 0 0 0 0 0 0 0 0 0 0 0 0 0 0 0 0 0 0 0 0 0 0 0 0 0 0 0 0 0 0 0 0 0 0 0 0 0 0 0 0 0 0 0 0 0
 0 0 0 0 0 0 0 0 0 0 0 0 0 0 0 0 0 0 0 0 0 0 0 0 0 0 0 0 0 0 0 0 0 0 0 0 0 0 0 0 0 0 0 0 0 0 0 0 0 0 0 0 0 0 0 0 0 0 0 0 0 0 0 0 0 0 0 0 0 0 0 0 0 0 0 0 0 0 0 0 0 0 0 0 0 0 0 0 0 0 0 0 0 0 0 0 0 0 0 0 0 0 0 0 0 0 0 0 0 0 0 0 0 0 0 0 0 0 0 0 0 0 0 0 0 0 0 0 0 0 0 0 0 0 0 0 0 0 0 0 0 0 0 0 0 0 0 0 0 0 0 0 0 0 0 0 0 0 0 0 0 0 0 0 0 0 0 0 0 0 0 0 0 0 0 0 0 0 0 0 0 0 0 0 0 0 0 0 0 0 0 0 0 0 0 0 0 0 0 0 0 0 0 0 0 0 0 0 0 0 0 0 0 0 0 0 0 0 0 0 0 0 0 0 0 0 0 0 0 0 0 0 0 0 0 0 0 0 0 0 0 0 0 0 0 0 0 0 0 0 0 0 0 0 0 0 0 0 0 0 0 0 0 0 0 0 0 0 0 0 0 0 0 0.0001675818639341742 0.0007108101854100823 0.00164273870177567 0.002933580428361893 0.004589158110320568 0.006559695117175579 0.008780371397733688 0.01121938042342663 0.01387505698949099 0.0167479682713747 0.01985305547714233 0.02319249324500561 0.02676033414900303 0.03054392337799072 0.03452323749661446 0.03865776211023331 0.0428779236972332 0.04713201895356178 0.05141881853342056 0.05575491860508919 0.06015497073531151 0.06461768597364426 0.06915293633937836 0.07376143336296082 0.07842554152011871 0.08315090090036392 0.08793827891349792 0.09273368865251541 0.09752117097377777 0.1023154109716415 0.1071117520332336 0.1119154319167137 0.116736114025116 0.1215619072318077 0.1252771466970444 0.1268506348133087 0.1256013959646225 0.1211180984973907 0.1150621920824051 0.109309084713459 0.103843629360199 0.09865144640207291 0.09371887147426605 0.08903292566537857 0.08458127826452255 0.08035221695899963 0.07633460313081741 0.07251787185668945 0.0688919797539711 0.06544738262891769 0.06217501312494278 0.05906626209616661 0.05611294880509377 0.05330730229616165 0.05064193904399872 0.04810984060168266 0.04570434987545013 0.04341913387179375 0.04124817624688148 0.03918576613068581 0.03722647950053215 0.03536515682935715 0.03359689936041832 0.03191705420613289 0.03032120130956173 0.02880514040589333 0.02736488357186317 0.02599664032459259 0.02469680830836296 0.0234619677066803 0.02228887006640434 0.02117442712187767 0.02011570520699024 0.01910991966724396 0.01815442368388176 0.01724670268595219 0.01638436689972878 0.01556514855474234 0.01478689070791006 0.01404754631221294 0.01334516890347004 0.01267791073769331 0.01204401534050703 0.01144181471318007 0.01086972374469042 0.01032623741775751 0.009809925220906734 0.009319429285824299 0.008853457868099213 0.008410785347223282 0.007990245707333088 0.007590733468532562 0.007211196701973677 0.006850637029856443 0.006508104968816042 0.006182699929922819 0.005873565096408129 0.005579886958003044 0.005300892516970634 0.005035847891122103 0.004784055519849062 0.004544852767139673 0.004317610058933496 0.004101729486137629 0.003896642941981554 0.003701810725033283 0.00351672014221549 0.003340884111821651 0.003173839999362826 0.003015147987753153 0.00286439061164856 0.00272117112763226 0.002585112582892179 0.002455856883898377 0.002333064097911119 0.00221641082316637 0.002105590188875794 0.002000310691073537 0.001900295144878328 0.001805280335247517 0.001715016318485141 0.001629265490919352 0.001547802239656448 0.001470412127673626 0.001396891544573009 0.001327047008089721 0.001260694698430598 0.001197659992612898 0.00113777699880302 0.001080888090655208 0.001026843674480915 0.0009755014907568693 0.0009267264395020902 0.0008803901146166027 0.0008363706292584538 0.0007945520919747651 0.0007548244902864099 0.0007170832832343876 0.0006812291103415191 0.0006471676751971245 0.0006148092797957361 0.0005840688245370984 0.0005548654007725418 0.0005271221161819994 0.0005007660365663469 0.0004757277201861143 0.0004519413341768086 0.0004293442761991173 0.0004078770580235869 0.0003874832182191312 0.0003681090602185577 0.0003497035941109061 0.0003322184202261269 0.0003156074963044375 0.0002998271083924919 0.0002848357544280589 0.000270593969617039 0.000257064268225804 0.0002442110562697053 0.000232000500545837 0.0002204004704253748 0.0002093804505420849 0.0001989114243770018 0.0001889658597065136 0.0001795175630832091 0.0001705416798358783 0.0001620145922061056 0.0001539138611406088 0.0001462181680835783 0.0001389072567690164 0.000131961889564991 0.0001253637892659754 0.0001190956027130596 0.0001131408207584172 0.0001074837782653049 0.0001021095886244439 9.700410737423226e-05 9.215390309691429e-05 8.754620648687705e-05 8.316889579873532e-05 7.901045319158584e-05 7.505992834921926e-05 7.130693120416254e-05 6.77415810059756e-05 6.435449904529378e-05 6.113677227403969e-05 5.807993511552922e-05 5.51759367226623e-05 5.241714097792283e-05 4.979628283763304e-05 4.730646833195351e-05 4.494114546105266e-05 4.269408964319155e-05 4.055938552482985e-05 3.853141606668942e-05 3.660484435386024e-05 3.477460268186405e-05 3.303587436676025e-05 3.138407919323072e-05 2.981487523356918e-05 2.832413156284019e-05 2.69079246209003e-05 2.556252911745105e-05 2.428440348012373e-05 2.307018257852178e-05 2.191667408624198e-05 2.082084029098041e-05 1.977979809453245e-05 1.879080809885636e-05 1.785126733011566e-05 1.695870378171094e-05 1.611076913832221e-05 1.530523149995133e-05 1.453996992495377e-05 1.381297170155449e-05 1.312232325290097e-05 1.246620740857907e-05 1.184289703815011e-05 1.125075232266681e-05 1.068821438821033e-05 1.015380348690087e-05 9.646113539929502e-06 9.163807590084616e-06 8.70561689225724e-06 8.270336365967523e-06 7.856819138396531e-06 7.463978363375645e-06 7.090779490681598e-06 6.736240720783826e-06 6.399428457370959e-06 6.079456852603471e-06 5.77548416913487e-06 5.486710051627597e-06 5.21237461725832e-06 4.951755727233831e-06 4.704168077296345e-06 4.46895955974469e-06 4.24551171818166e-06 4.03323610953521e-06 3.831574304058449e-06 3.639995611592894e-06 3.457995717326412e-06 3.285095999672194e-06 3.120841256532003e-06 2.964799250548822e-06 2.8165593448648e-06 2.675731366252876e-06 2.541944695622078e-06 2.41484735852282e-06 2.294104888278525e-06 2.179399643864599e-06 2.070429673040053e-06 1.966908257600153e-06 1.86856289019488e-06 1.775134705894743e-06 1.686378027443425e-06 1.60205911470257e-06 1.521956164651783e-06 1.445858401893929e-06 1.373565510220942e-06 1.304887291553314e-06 1.239642870132229e-06 1.177660692519567e-06 1.118777618103195e-06 1.0628386917233e-06 1.00969680261187e-06 9.592120022716699e-07 9.112513907894026e-07 8.656888326186163e-07 8.224043881455145e-07 7.812841431587003e-07 7.422199246320815e-07 7.05108902820939e-07 6.698534775750886e-07 6.363608235915308e-07 6.045427767276124e-07 5.743156634707702e-07 5.455999030345993e-07 5.183198936720146e-07 4.924038989884139e-07 4.677837068811641e-07 4.44394515852764e-07 4.221747929022968e-07 4.010660461517546e-07 3.810127395809104e-07 3.619620940753521e-07 3.438640021613537e-07 3.266708006322006e-07 3.103372705481888e-07 2.948204098629503e-07 2.800793765800336e-07 2.660754034877755e-07 0.0002291713462909684 0.0006743916892446578 0.001309702754952013 0.002113829832524061 0.003062733449041843 0.004148747771978378 0.005364988930523396 0.00671107042580843 0.008181818760931492 0.009772527031600475 0.01146727614104748 0.0132654644548893 0.01516392640769482 0.01713321730494499 0.01914896629750729 0.02120140753686428 0.02329094894230366 0.02542050741612911 0.02757558785378933 0.02975624054670334 0.03195621073246002 0.03416848927736282 0.03639019653201103 0.03861701115965843 0.0408388152718544 0.04305548965930939 0.04527085646986961 0.04748649522662163 0.04970908537507057 0.05193859338760376 0.0541769452393055 0.05642861127853394 0.05869755521416664 0.06098728999495506 0.06329739093780518
 0 0 0 0 0 0 0 0 0 0 0 0 0 0 0 0 0 0 0 0 0 0 0 0 0 0 0 0 0 0 0 0 0 0 0 0 0 0 0 0 0 0 0 0 0 0 0 0 0 0 0 0 0 0 0 0 0 0 0 0 0 0 0 0 0 0 0 0 0 0 0 0 0 0 0 0 0 0 0 0 0 0 0 0 0 0 0 0 0 0 0 0 0 0 0 0 0 0 0 0 0 0 0 0 0 0 0 0 0 0 0 0 0 0 0 0 0 0 0 0 0 0 0 0 0 0 0 0 0 0 0 0 0 0 0 0 0 0 0 0 0 0 0 0 0 0 0 0 0 0 0 0 0 0 0 0 0 0 0 0 0 0 0 0 0 0 0 0 0 0 0 0 0 0 0 0 0 0 0 0 0 0 0 0 0 0 0 0 0 0 0 0 0 0 0 0 0 0 0 0 0 0 0 0 0 0 0 0 0 0 0 0 0 0 0 0 0 0 0 0 0 0 0 0 0 0 0 0 0 0 0 0 0 0 0 0 0 0 0 0 0 0 0 0 0 0 0 0 0 0 0 0 0 0 0 0 0 0 0 0 0 0 0 0 0 0 0 0 0 0 0 0 0 0 0 0 0 0 0 0 0 0 0 0 0 0 0 0 0 0 0 0 0 0 0 0 0 0 0 0 0 0 0 0 0 0 0 0 0 0 0 0 0 0 0 0 0 0 0 0 0 0 0 0 0 0 0 0 0 0 0 0 0 0 0 0 0 0 0 0 0 0 0 0 0 0 0 0 0 0 0 0 0 0 0 0 0 0 0 0 0 0 0 0 0 0 0 0 0 0 0 0 0 0 0 0 0 0 0 0 0 0 0 0 0 0 0 0 0 0 0 0 0 0 0 0 0 0 0 0 0 0 0 0 0 0 0 0 0 0 0 0 0 0 0 0 0 0 0 0 0 0 0 0 0 0 0 0 0 0 0 0 0 0 0 0 0 0 0 0 0 0 0 0 0 0 0 0 0 0 0 0 0 0 0 0 0 0 0 0 0 0 0 0 0 0 0 0 0 0 0 0 0 0 0 0 0 0 0 0 0 0 0 0 0 0 0 0 0 0 0 0 0 0 0 0 0 0 0 0 0 0 0 0 0 0 0 0 0 0 0 0 0 0 0 0 0 0 0 0 0 0 0 0 0 0 0 0 0 0 0 0 0 0 0 0 0 0 0 0 0 0 0 0 0 0 0 0 0 0 0 0 0 0 0 0 0 0 0 0 0 0 0 0 0 0 0 0 0 0 0 0 0 0 0 0 0 0 0 0 0 0 0 0 0 0 0 0 0 0 0 0 0 0 0 0 0 0 0 0
 0 0 0 0 0 0 0 0 0 0 0 0 0 0 0 0 0 0 0 0 0 0 0 0 0 0 0 0 0 0 0 0 0 0 0 0 0 0 0 0 0 0 0 0 0 0 0 0 0 0 0 0 0 0 0 0 0 0 0 0 0 0 0 0 0 0 0 0 0 0 0 0 0 0 0 0 0 0 0 0 0 0 0 0 0 0 0 0 0 0 0 0 0 0 0 0 0 0 0 0 0 0 0 0 0 0 0 0 0 0 0 0 0 0 0 0 0 0 0 0 0 0 0 0 0 0 0 0 0 0 0 0 0 0 0 0 0 0 0 0 0 0 0 0 0 0 0 0 0 0 0 0 0 0 0 0 0 0 0 0 0 0 0 0 0 0 0 0 0 0 0 0 0 0 0 0 0 0 0 0 0 0 0 0 0 0 0 0 0 0 0 0 0 0 0 0 0 0 0 0 0 0 0 0 0 0 0 0 0 0 0 0 0 0 0 0 0 0 0 0 0 0 0 0 0 0 0 0 0 0 0 0 0 0 0 0 0 0 0 0 0 0 0 0 0 0 0 0 0 0 0 0 0 0 0 0 0 0 0 0 0 0 0 0 0 0 0 0 0 0 0 0 0 0 0 0 0 0 0 0 0 0 0 0 0 0 0 0 0 0 0 0 0 0 0 0 0 0 0 0 0 0 0 0 0 0 0 0 0 0 0 0 0 0 0 0 0 0 0 0 0 0 0 0 0 0 0 0 0 0 0 0 0 0 0 0 0 0 0 0 0 0 0 0 0 0 0 0 0 0 0 0 0 0 0 0 0 0 0 0 0 0 0 0 0 0 0 0 0 0 0 0 0 0 0 0 0 0 0 0 0 0 0 0 0 0 0 0 0 0 0 0 0 0 0 0 0 0 0 0 0 0 0 0 0 0 0 0 0 0 0 0 0 0 0 0 0 0 0 0 0 0 0 0 0 0 0 0 0 0 0 0 0 0 0 0 0 0 0 0 0 0 0 0 0 0 0 0 0 0 0 0 0 0 0 0 0 0 0 0 0 0 0 0 0 0 0 0 0 0 0 0 0 0 0 0 0 0 0 0 0 0 0 0 0 0 0 0 0 0 0 0 0 0 0 0 0 0 0 0 0 0 0 0 0 0 0 0 0 0 0 0 0 0 0 0 0 0 0 0 0 0 0 0 0 0 0 0 0 0 0 0 0 0 0 0 0 0 0 0 0 0 0 0 0 0 0 0 0 0 0 0 0 0 0 0 0 0 0 0 0 0 0 0 0 0 0 0 0 0 0 0 0 0 0 0 0 0 0 0 0 0 0 0 0 0 0 0 0 0 0 0 0 0 0 0 0 0 0 0
 0 0 0 0 0 0 0 0 0 0 0 0 0 0 0 0 0 0 0 0 0 0 0 0 0 0 0 0 0 0 0 0 0 0 0 0 0 0 0 0 0 0 0 0 0 0 0 0 0 0 0 0 0 0 0 0 0 0 0 0 0 0 0 0 0 0 0 0 0 0 0 0 0 0 0 0 0 0 0 0 0 0 0 0 0 0 0 0 0 0 0 0 0 0 0 0 0 0 0 0 0 0 0 0 0 0 0 0 0 0 0 0 0 0 0 0 0 0 0 0 0 0 0 0 0 0 0 0 0 0 0 0 0 0 0 0 0 0 0 0 0 0 0 0 0 0 0 0 0 0 0 0 0 0 0 0 0 0 0 0 0 0 0 0 0 0 0 0 0 0 0 0 0 0 0 0 0 0 0 0 0 0 0 0 0 0 0 0 0 0 0 0 0 0 0 0 0 0 0 0 0 0 0 0 0 0 0 0 0 0 0 0 0 0 0 0 0 0 0 0 0 0 0 0 0 0 0 0 0 0 0 0 0 0 0 0 0 0 0 0 0 0 0 0 0 0 0 0 0 0 0 0 0 0 0 0 0 0 0 0 0 0 0 0 0 0 0 0 0 0 0 0 0 0 0 0 0 0 0 0 0 0 0 0 0 0 0 0 0 0 0 0 0 0 0 0 0 0 0 0 0 0 0 0 0 0 0 0 0 0 0 0 0 0 0 0 0 0 0 0 0 0 0 0 0 0 0 0 0 0 0 0 0 0 0 0 0 0 0 0 0 0 0 0 0 0 0 0 0 0 0 0 0 0 0 0 0 0 0 0 0 0 0 0 0 0 0 0 0 0 0 0 0 0 0 0 0 0 0 0 0 0 0 0 0 0 0 0 0 0 0 0 0 0 0 0 0 0 0 0 0 0 0 0 0 0 0 0 0 0 0 0 0 0 0 0 0 0 0 0 0 0 0 0 0 0 0 0 0 0 0 0 0 0 0 0 0 0 0 0 0 0 0 0 0 0 0 0 0 0 0 0 0 0 0 0 0 0 0 0 0 0 0 0 0 0 0 0 0 0 0 0 0 0 0 0 0 0 0 0 0 0 0 0 0 0 0 0 0 0 0 0 0 0 0 0 0 0 0 0 0 0 0 0 0 0 0 0 0 0 0 0 0 0 0 0 0 0 0 0 0 0 0 0 0 0 0 0 0 0 0 0 0 0 0 0 0 0 0 0 0 0 0 0 0 0 0 0 0 0 0 0 0 0 0 0 0 0 0 0 0 0 0 0 0 0 0 0 0 0 0 0 0 0 0 0 0 0 0 0 0 0 0 0 0 0 0 0 0 0 0 0 0 0 0 0 0 0 0 0
 0 0 0 0 0 0 0 0 0 0 0 0 0 0 0 0 0 0 0 0 0 0 0 0 0 0 0 0 0 0 0 0 0 0 0 0 0 0 0 0 0 0 0 0 0 0 0 0 0 0 0 0 0 0 0 0 0 0 0 0 0 0 0 0 0 0 0 0 0 0 0 0 0 0 0 0 0 0 0 0 0 0 0 0 0 0 0 0 0 0 0 0 0 0 0 0 0 0 0 0 0 0 0 0 0 0 0 0 0 0 0 0 0 0 0 0 0 0 0 0 0 0 0 0 0 0 0 0 0 0 0 0 0 0 0 0 0 0 0 0 0 0 0 0 0 0 0 0 0 0 0 0 0 0 0 0 0 0 0 0 0 0 0 0 0 0 0 0 0 0 0 0 0 0 0 0 0 0 0 0 0 0 0 0 0 0 0 0 0 0 0 0 0 0 0 0 0 0 0 0 0 0 0 0 0 0 0 0 0 0 0 0 0 0 0 0 0 0 0 0 0 0 0 0 0 0 0 0 0 0 0 0 0 0 0 0 0 0 0 0 0 0 0 0 0 0 0 0 0 0 0 0 0 0 0 0 0 0 0 0 0 0 0 0 0 0 0 0 0 0 0 0 0 8.51132717798464e-05 0.0005352722946554422 0.001363697228953242 0.002588982228189707 0.004182569216936827 0.006110332906246185 0.00835583359003067 0.01086798682808876 0.01361845433712006 0.01661883480846882 0.01985989883542061 0.02332179993391037 0.02701529674232006 0.03093278408050537 0.03501540049910545 0.03921834379434586 0.04347644373774529 0.04779292270541191 0.05217352509498596 0.05661566182971001 0.06112531200051308 0.06569965928792953 0.07032863050699234 0.07500029355287552 0.0797201469540596 0.08447554707527161 0.08925977349281311 0.09405253827571869 0.09884640574455261 0.1036457866430283 0.1084418743848801 0.1132421344518661 0.1180640757083893 0.122877262532711 0.1263678520917892 0.1275688260793686 0.1258540004491806 0.120839960873127 0.1147979646921158 0.1090580672025681 0.1036051660776138 0.09842491149902344 0.0935036689043045 0.08882848918437958 0.08438706398010254 0.08016771078109741 0.07615932822227478 0.0723513588309288 0.06873378902673721 0.06529709696769714 0.06203224137425423 0.05893062800168991 0.05598409473896027 0.05318488925695419 0.05052564293146133 0.04799935966730118 0.04559939354658127 0.04331942275166512 0.04115345329046249 0.03909578174352646 0.03714099153876305 0.03528394177556038 0.03351974487304688 0.03184375911951065 0.03025157190859318 0.02873899415135384 0.02730204537510872 0.02593694254755974 0.02464009448885918 0.02340808883309364 0.02223768457770348 0.02112580090761185 0.02006951160728931 0.01906603574752808 0.01811273396015167 0.01720709726214409 0.01634674146771431 0.01552940439432859 0.01475293375551701 0.01401528716087341 0.01331452280282974 0.01264879666268826 0.0120163569226861 0.01141553930938244 0.01084476243704557 0.01030252408236265 0.009787397459149361 0.009298027493059635 0.008833126164972782 0.008391469717025757 0.007971895858645439 0.00757330097258091 0.007194635923951864 0.006834904197603464 0.006493159104138613 0.006168500985950232 0.005860075820237398 0.005567071959376335 0.005288718268275261 0.00502428226172924 0.004773068241775036 0.00453441496938467 0.004307694267481565 0.00409230962395668 0.003887694096192718 0.003693309379741549 0.003508643945679069 0.003333211643621325 0.003166551003232598 0.003008223371580243 0.002857812214642763 0.002714921720325947 0.002579175634309649 0.002450216794386506 0.002327705966308713 0.002211320679634809 0.002100754529237747 0.001995716709643602 0.001895930850878358 0.001801134319975972 0.00171107763890177 0.001625523786060512 0.001544247614219785 0.001467035268433392 0.001393683487549424 0.001323999371379614 0.001257799449376762 0.001194909447804093 0.001135163940489292 0.001078405766747892 0.001024485449306667 0.0009732611943036318 0.0009245981345884502 0.0008783682133071125 0.0008344497764483094 0.0007927272818051279 0.0007530908915214241 0.000715436355676502 0.000679664546623826 0.0006456813425756991 0.0006133972783572972 0.0005827274289913476 0.0005535910604521632 0.0005259115132503211 0.0004996159113943577 0.0004746351041831076 0.0004509033460635692 0.0004283581802155823 0.0004069402639288455 0.0003865932521875948 0.0003672635939437896 0.0003489004157017916 0.0003314554051030427 0.0003148826363030821 0.0002991385117638856 0.0002841815876308829 0.0002699725155252963 0.0002564738970249891 0.0002436501963529736 0.0002314676821697503 0.0002198942966060713 0.0002088995825033635 0.0001984545961022377 0.0001885318633867428 0.0001791052636690438 0.0001701500004855916 0.0001616424997337162 0.0001535603805677965 0.0001458823680877686 0.0001385882496833801 0.000131658831378445 0.0001250758941750973 0.0001188220994663425 0.0001128809963120148 0.0001072369486792013 0.000101875099062454 9.678134665591642e-05 9.194228186970577e-05 8.734516450203955e-05 8.297790918732062e-05 7.882901263656095e-05 7.488756091333926e-05 7.114318577805534e-05 6.758602830814198e-05 6.420672434614971e-05 6.099638994783163e-05 5.794657045044005e-05 5.504924047272652e-05 5.22967784490902e-05 4.968194116372615e-05 4.719784556073137e-05 4.48379541921895e-05 4.259605702827685e-05 4.04662532673683e-05 3.844294042210095e-05 3.65207924915012e-05 3.46947526850272e-05 3.296001523267478e-05 3.131201447104104e-05 2.974641392938793e-05 2.825909359671641e-05 2.684613900783006e-05 2.550383214838803e-05 2.422864054096863e-05 2.301720815012231e-05 2.186634810641408e-05 2.077302997349761e-05 1.973437792912591e-05 1.874765985121485e-05 1.781027640390676e-05 1.691976285655983e-05 1.60737745318329e-05 1.527008498669602e-05 1.450658055546228e-05 1.378125125484075e-05 1.309218896494713e-05 1.243757924385136e-05 1.1815700418083e-05 1.122491539717885e-05 1.066366985469358e-05 1.013048677123152e-05 9.623962796467822e-06 9.142764611169696e-06 8.685626198712271e-06 8.251345207099803e-06 7.838778401492164e-06 7.446839390468085e-06 7.074497261783108e-06 6.720772489643423e-06 6.384733751474414e-06 6.065497018425958e-06 5.762222372140968e-06 5.474111276271287e-06 5.200405666982988e-06 4.940385224472266e-06 4.693366008723387e-06 4.458697731024586e-06 4.235762844473356e-06 4.023974724987056e-06 3.822775852313498e-06 3.631637127909926e-06 3.450055373832583e-06 3.277552650615689e-06 3.113675120403059e-06 2.957991455332376e-06 2.810091928040492e-06 2.669587274795049e-06 2.53610801337345e-06 2.409302624073462e-06 2.288837549713207e-06 2.174395604015444e-06 2.065675744233886e-06 1.962391934284824e-06 1.864272348939267e-06 1.77105869170191e-06 1.682505740063789e-06 1.598380436007574e-06 1.518461431260221e-06 1.442538405171945e-06 1.370411496282031e-06 1.301890961258323e-06 1.236796379089355e-06 1.17495653739752e-06 1.116208750318037e-06 1.060398290064768e-06 1.007378386930213e-06 9.570094334776513e-07 9.091589845411363e-07 8.637010182610538e-07 8.205159929275396e-07 7.794901648594532e-07 7.405156452477968e-07 7.034898885649454e-07 6.683154083475529e-07 6.348996635097137e-07 6.031546604390314e-07 5.729969529966183e-07 5.443471309263259e-07 5.171297630113258e-07 4.912732833872724e-07 4.667096220600797e-07 4.433741480625031e-07 4.212054420804634e-07 4.001451827662095e-07 3.801379193646426e-07 3.611310148698976e-07 3.430744754950865e-07 3.259207517203322e-07 3.096247098710592e-07 2.94143461587737e-07 2.794362785607518e-07 0.0001697085244813934 0.0005731925484724343 0.001193518051877618 0.001994679216295481 0.002954134717583656 0.00405413843691349 0.005293094087392092 0.006670278962701559 0.008169316686689854 0.009791127406060696 0.01152146328240633 0.01334880385547876 0.01526714768260717 0.01727760955691338 0.01936511509120464 0.02151157520711422 0.02369002252817154 0.02588950283825397 0.0281141996383667 0.03035495430231094 0.03260228410363197 0.03485143929719925 0.03710415959358215 0.03936287015676498 0.04162611067295074 0.04389001429080963 0.0461556613445282 0.04842598363757133 0.05070379748940468 0.05299726128578186 0.05530920624732971 0.05764049664139748 0.05999623239040375 0.06237514317035675 0.06476953625679016 0.0671718642115593
 0 0 0 0 0 0 0 0 0 0 0 0 0 0 0 0 0 0 0 0 0 0 0 0 0 0 0 0 0 0 0 0 0 0 0 0 0 0 0 0 0 0 0 0 0 0 0 0 0 0 0 0 0 0 0 0 0 0 0 0 0 0 0 0 0 0 0 0 0 0 0 0 0 0 0 0 0 0 0 0 0 0 0 0 0 0 0 0 0 0 0 0 0 0 0 0 0 0 0 0 0 0 0 0 0 0 0 0 0 0 0 0 0 0 0 0 0 0 0 0 0 0 0 0 0 0 0 0 0 0 0 0 0 0 0 0 0 0 0 0 0 0 0 0 0 0 0 0 0 0 0 0 0 0 0 0 0 0 0 0 0 0 0 0 0 0 0 0 0 0 0 0 0 0 0 0 0 0 0 0 0 0 0 0 0 0 0 0 0 0 0 0 0 0 0 0 0 0 0 0 0 0 0 0 0 0 0 0 0 0 0 0 0 0 0 0 0 0 0 0 0 0 0 0 0 0 0 0 0 0 0 0 0 0 0 0 0 0 0 0 0 0 0 0 0 0 0 0 0 0 0 0 0 0 0 0 0 0 0 0 0 0 0 0 0 0 0 0 0 0 0 0 0 0 0 0 0 0 0 0 0 0 0 0 0 0 0 0 0 0 0 0 0 0 0 0 0 0 0 0 0 0 0 0 0 0 0 0 0 0 0 0 0 0 0 0 0 0 0 0 0 0 0 0 0 0 0 0 0 0 0 0 0 0 0 0 0 0 0 0 0 0 0 0 0 0 0 0 0 0 0 0 0 0 0 0 0 0 0 0 0 0 0 0 0 0 0 0 0 0 0 0 0 0 0 0 0 0 0 0 0 0 0 0 0 0 0 0 0 0 0 0 0 0 0 0 0 0 0 0 0 0 0 0 0 0 0 0 0 0 0 0 0 0 0 0 0 0 0 0 0 0 0 0 0 0 0 0 0 0 0 0 0 0 0 0 0 0 0 0 0 0 0 0 0 0 0 0 0 0 0 0 0 0 0 0 0 0 0 0 0 0 0 0 0 0 0 0 0 0 0 0 0 0 0 0 0 0 0 0 0 0 0 0 0 0 0 0 0 0 0 0 0 0 0 0 0 0 0 0 0 0 0 0 0 0 0 0 0 0 0 0 0 0 0 0 0 0 0 0 0 0 0 0 0 0 0 0 0 0 0 0 0 0 0 0 0 0 0 0 0 0 0 0 0 0 0 0 0 0 0 0 0 0 0 0 0 0 0 0 0 0 0 0 0 0 0 0 0 0 0 0 0 0 0 0 0 0 0 0 0 0 0 0 0 0 0 0 0 0 0 0 0 0 0 0 0 0 0 0
 0 0 0 0 0 0 0 0 0 0 0 0 0 0 0 0 0 0 0 0 0 0 0 0 0 0 0 0 0 0 0 0 0 0 0 0 0 0 0 0 0 0 0 0 0 0 0 0 0 0 0 0 0 0 0 0 0 0 0 0 0 0 0 0 0 0 0 0 0 0 0 0 0 0 0 0 0 0 0 0 0 0 0 0 0 0 0 0 0 0 0 0 0 0 0 0 0 0 0 0 0 0 0 0 0 0 0 0 0 0 0 0 0 0 0 0 0 0 0 0 0 0 0 0 0 0 0 0 0 0 0 0 0 0 0 0 0 0 0 0 0 0 0 0 0 0 0 0 0 0 0 0 0 0 0 0 0 0 0 0 0 0 0 0 0 0 0 0 0 0 0 0 0 0 0 0 0 0 0 0 0 0 0 0 0 0 0 0 0 0 0 0 0 0 0 0 0 0 0 0 0 0 0 0 0 0 0 0 0 0 0 0 0 0 0 0 0 0 0 0 0 0 0 0 0 0 0 0 0 0 0 0 0 0 0 0 0 0 0 0 0 0 0 0 0 0 0 0 0 0 0 0 0 0 0 0 0 0 0 0 0 0 0 0 0 0 0 0 0 0 0 0 0 0 0 0 0 0 0 0 0 0 0 0 0 0 0 0 0 0 0 0 0 0 0 0 0 0 0 0 0 0 0 0 0 0 0 0 0 0 0 0 0 0 0 0 0 0 0 0 0 0 0 0 0 0 0 0 0 0 0 0 0 0 0 0 0 0 0 0 0 0 0 0 0 0 0 0 0 0 0 0 0 0 0 0 0 0 0 0 0 0 0 0 0 0 0 0 0 0 0 0 0 0 0 0 0 0 0 0 0 0 0 0 0 0 0 0 0 0 0 0 0 0 0 0 0 0 0 0 0 0 0 0 0 0 0 0 0 0 0 0 0 0 0 0 0 0 0 0 0 0 0 0 0 0 0 0 0 0 0 0 0 0 0 0 0 0 0 0 0 0 0 0 0 0 0 0 0 0 0 0 0 0 0 0 0 0 0 0 0 0 0 0 0 0 0 0 0 0 0 0 0 0 0 0 0 0 0 0 0 0 0 0 0 0 0 0 0 0 0 0 0 0 0 0 0 0 0 0 0 0 0 0 0 0 0 0 0 0 0 0 0 0 0 0 0 0 0 0 0 0 0 0 0 0 0 0 0 0 0 0 0 0 0 0 0 0 0 0 0 0 0 0 0 0 0 0 0 0 0 0 0 0 0 0 0 0 0 0 0 0 0 0 0 0 0 0 0 0 0 0 0 0 0 0 0 0 0 0 0 0 0 0 0 0 0 0 0 0 0 0 0 0 0 0 0 0 0 0


# name: r_0_m9_G0_L0p3_D0p7
# type: matrix
# rows: 1
# columns: 14
 0 -9 0.2 0 0.3 0 -3.151778333333333 0 0 0.03464837740308586 0 109.8333333333333 0.408248290463863 0.7




