# Created by Octave 3.8.2, Mon Jun 19 12:45:18 2017 BST <co1ssj@node117>
# name: result
# type: scalar struct
# ndims: 2
 1 1
# length: 3
# name: params
# type: scalar struct
# ndims: 2
 1 1
# length: 18
# name: cleanup
# type: scalar
0


# name: num_runs
# type: scalar
6


# name: dopamine
# type: scalar
0.7


# name: targetCross
# type: scalar
1


# name: targetLuminance
# type: scalar
0.3


# name: targetWidthX
# type: scalar
6


# name: targetWidthY
# type: scalar
2


# name: fixCross
# type: scalar
1


# name: fixLuminance
# type: scalar
0.2


# name: fixWidthX
# type: scalar
6


# name: fixWidthY
# type: scalar
2


# name: fixOn
# type: scalar
0


# name: targetOff
# type: scalar
1


# name: targetOn
# type: scalar
0.2


# name: fixOff
# type: scalar
0.2


# name: targetThetaX
# type: scalar
0


# name: targetThetaY
# type: scalar
-13


# name: exptnum
# type: scalar
0




# name: r_0_m13_G0_L0p3_D0p7_llbn
# type: matrix
# rows: 24
# columns: 600
 0 0 0 0 0 0 0 0 0 0 0 0 0 0 0 0 0 0 0 0 0 0 0 0 0 0 0 0 0 0 0 0 0 0 0 0 0 0 0 0 0 0 0 0 0 0 0 0 0 0 0 0 0 0 0 0 0 0 0 0 0 0 0 0 0 0 0 0 0 0 0 0 0 0 0 0 0 0 0 0 0 0 0 0 0 0 0 0 0 0 0 0 0 0 0 0 0 0 0 0 0 0 0 0 0 0 0 0 0 0 0 0 0 0 0 0 0 0 0 0 0 0 0 0 0 0 0 0 0 0 0 0 0 0 0 0 0 0 0 0 0 0 0 0 0 0 0 0 0 0 0 0 0 0 0 0 0 0 0 0 0 0 0 0 0 0 0 0 0 0 0 0 0 0 0 0 0 0 0 0 0 0 0 0 0 0 0 0 0 0 0 0 0 0 0 0 0 0 0 0 0 0 0 0 0 0 0 0 0 0 0 0 0 0 0 0 0 0 0 0 0 0 0 0 0 0 0 0 0 0 0 0 0 0 0 0 0 0 0 0 0 0 0 0 0 0 0 0 0 0 0 0 0 0 0 0 0 0 0 0 0 0 0 0 0 0 0 0 0 0 0 0 0 0 0 0 0 0 0 0 0 0 0 0 0 0 0 0 0 0 0 0 0 0 0 0 0 0 0 0 0 0 0 0 0 0 0 0 0 0 0 0 0 0 0 0 0 0 0 0 0 0 0 0 0 0 0 0 0 0 0 0 0 0 0 0 0 0 0 0 0 0 0 0 0 0 0 0 0 0 0 0 0 0 0 0 0 0 0 0 0 0 0 0 0 0 0 0 0 0 0 0 0 0 0 0 0 0 0 0 0 0 0 0 0 0 0 0 0 0 0 0 0 0 0 0 0 0 0 0 0 0 0 0 0 0 0 0 0 0 0 0 0 0 0 0 0 0 0 0 0 0 0 0 0 0 0 0 0 0 0 0 0 0 0 0 0 0 0 0 0 0 0 0 0 0 0 0 0 0 0 0 0 0 0 0 0 0 0 0 0 0 0 0 0 0 0 0 0 0 0 0 0 0 0 0 0 0 0 0 0 0 0 0 0 0 0 0 0 0 0 0 0 0 0 0 0 0 0 0 0 0 0 0 0 0 0 0 0 0 0 0 0 0 0 0 0 0 0 0 0 0 0 0 0 0 0 0 0 0 0 0 0 0 0 0 0 0 0 0 0 0 0 0 0 0 0 0 0 0 0 0 0 0 0 0 0 0 0 0 0 0 0 0 0 0 0 0 0 0 0 0 0 0 0 0 0 0 0 0 0 0 0 0 0 0 0 0 0 0 0 0 0 0 0 0 0 0 0 0
 0 0 0 0 0 0 0 0 0 0 0 0 0 0 0 0 0 0 0 0 0 0 0 0 0 0 0 0 0 0 0 0 0 0 0 0 0 0 0 0 0 0 0 0 0 0 0 0 0 0 0 0 0 0 0 0 0 0 0 0 0 0 0 0 0 0 0 0 0 0 0 0 0 0 0 0 0 0 0 0 0 0 0 0 0 0 0 0 0 0 0 0 0 0 0 0 0 0 0 0 0 0 0 0 0 0 0 0 0 0 0 0 0 0 0 0 0 0 0 0 0 0 0 0 0 0 0 0 0 0 0 0 0 0 0 0 0 0 0 0 0 0 0 0 0 0 0 0 0 0 0 0 0 0 0 0 0 0 0 0 0 0 0 0 0 0 0 0 0 0 0 0 0 0 0 0 0 0 0 0 0 0 0 0 0 0 0 0 0 0 0 0 0 0 0 0 0 0 0 0 0 0 0 0 0 0 0 0 0 0 0 0 0 0 0 0 0 0 0 0 0 0 0 0 0 0 0 0 0 0 0 0 0 0 0 0 0 0 0 0 0 0 0 0 0 0 0 0 0 0 0 0 0 0 0 0 0 0 0 0 0 0 0 0 0 0 0 0 0 0 0 0 0 0 0 0 0 0 0 0 0.0003488077491056174 0.001088810502551496 0.002241435460746288 0.003856085939332843 0.005943367257714272 0.00851752981543541 0.01159692835062742 0.01525073032826185 0.01952177844941616 0.02439169771969318 0.02982887625694275 0.03586186096072197 0.0425088033080101 0.0496610626578331 0.05723829194903374 0.06518010050058365 0.07345647364854813 0.0820319801568985 0.09076778590679169 0.09961462765932083 0.1085466593503952 0.1175315827131271 0.1265779286623001 0.1357002258300781 0.1449087262153625 0.1542052179574966 0.1636029630899429 0.1731225252151489 0.182784765958786 0.1926201730966568 0.2005801200866699 0.205162301659584 0.2053997218608856 0.2006226032972336 0.1905914694070816 0.1810618937015533 0.1720087975263596 0.1634083539247513 0.1552379429340363 0.1474760472774506 0.1401022374629974 0.1330971270799637 0.1264422684907913 0.1201201528310776 0.1141141429543495 0.1084084361791611 0.1029880121350288 0.09783861041069031 0.09294667840003967 0.08829934149980545 0.08388437330722809 0.07969015836715698 0.07570564746856689 0.07192036509513855 0.06832434982061386 0.06490813195705414 0.06166272610425949 0.05857959017157555 0.05565061047673225 0.0528680793941021 0.0502246767282486 0.04771344363689423 0.04532777145504951 0.04306138306856155 0.04090831428766251 0.03886289894580841 0.03691975399851799 0.03507376462221146 0.03332007676362991 0.03165407478809357 0.03007137030363083 0.02856780216097832 0.02713941223919392 0.02578244172036648 0.02449331991374493 0.02326865307986736 0.02210522070527077 0.0209999606013298 0.01994996331632137 0.01895246468484402 0.01800484210252762 0.01710459962487221 0.01624936982989311 0.01543690171092749 0.01466505695134401 0.01393180433660746 0.01323521416634321 0.01257345359772444 0.0119447810575366 0.01134754158556461 0.01078016497194767 0.01024115644395351 0.009729098528623581 0.009242643602192402 0.008780511096119881 0.008341485634446144 0.007924411445856094 0.007528190966695547 0.00715178158134222 0.006794192362576723 0.006454482674598694 0.006131758447736502 0.005825170315802097 0.005533911753445864 0.005257216282188892 0.004994355607777834 0.004744637757539749 0.004507405683398247 0.004282035399228334 0.004067933652549982 0.003864536993205547 0.00367131014354527 0.00348774460144341 0.003313357476145029 0.003147689625620842 0.002990305190905929 0.002840789966285229 0.002698750467970967 0.00256381300278008 0.002435622271150351 0.002313841134309769 0.002198148984462023 0.002088241511955857 0.001983829541131854 0.001884638098999858 0.001790406182408333 0.001700885826721787 0.001615841523744166 0.001535049406811595 0.001458296901546419 0.001385382027365267 0.00131611293181777 0.001250307308509946 0.001187791931442916 0.00112840230576694 0.001071982202120125 0.001018383074551821 0.0009674639441072941 0.0009190907585434616 0.0008731362177059054 0.0008294794242829084 0.0007880054763518274 0.0007486051763407886 0.0007111749146133661 0.0006756161455996335 0.0006418353295885026 0.0006097435834817588 0.0005792563897557557 0.0005502935964614153 0.0005227788933552802 0.0004966399283148348 0.00047180792898871 0.0004482175281737 0.0004258066473994404 0.000404516322305426 0.0003842904989141971 0.0003650759754236788 0.0003468221693765372 0.0003294810594525188 0.0003130070108454674 0.0002973566588480026 0.0002824888215400279 0.0002683643833734095 0.0002549461787566543 0.0002421988756395876 0.0002300889318576083 0.000218584478716366 0.0002076552482321858 0.0001972724858205765 0.0001874088629847392 0.0001780384191079065 0.0001691365032456815 0.0001606796722626314 0.0001526456908322871 0.0001450134004699066 0.0001377627340843901 0.0001308745995629579 0.0001243308652192354 0.0001181143234134652 0.0001122086105169728 0.0001065981778083369 0.0001012682696455158 9.620485798222944e-05 9.139461326412857e-05 8.682488260092214e-05 8.248363883467391e-05 7.835945871192962e-05 7.44414865039289e-05 7.071941217873245e-05 6.718344229739159e-05 6.382427091011778e-05 6.063305772840977e-05 5.76014062971808e-05 5.472133489092812e-05 5.198526923777536e-05 4.938600613968447e-05 4.691670619649813e-05 4.457087197806686e-05 4.234232983435504e-05 4.022521170554683e-05 3.821395148406737e-05 3.630325227277353e-05 3.448809002293274e-05 3.276368443039246e-05 3.112549893558025e-05 2.956922435259912e-05 2.809076249832287e-05 2.668622437340673e-05 2.535191379138269e-05 2.408431828371249e-05 2.288010182383005e-05 2.173609755118378e-05 2.064929321932141e-05 1.961682937690057e-05 1.863598845375236e-05 1.770418930391315e-05 1.681897992966697e-05 1.597803020558786e-05 1.517912824056111e-05 1.442017219233094e-05 1.369916390103754e-05 1.301420525123831e-05 1.236349453392904e-05 1.1745320080081e-05 1.115805389417801e-05 1.060015165421646e-05 1.007014361675829e-05 9.566636435920373e-06 9.088304977922235e-06 8.633889592601918e-06 8.202195203921292e-06 7.792085852997843e-06 7.402481514873216e-06 7.032357643765863e-06 6.680739716102835e-06 6.346702775772428e-06 6.02936779614538e-06 5.727899406338111e-06 5.441504526970675e-06 5.169429186935304e-06 4.910957613901701e-06 4.66540950583294e-06 4.432139121490764e-06 4.210532097204123e-06 4.000005446869181e-06 3.80000528821256e-06 3.610005023801932e-06 3.429504886298673e-06 3.258029664721107e-06 3.095128249697154e-06 2.940371814474929e-06 2.793353132801712e-06 2.653685442055576e-06 2.521001079003327e-06 2.39495102505316e-06 2.275203542012605e-06 2.161443262593821e-06 2.0533711904136e-06 1.950702653630287e-06 1.853167532317457e-06 1.760509121595533e-06 1.67248367688444e-06 1.588859504408902e-06 1.509416506451089e-06 1.43394572660327e-06 1.362248440273106e-06 1.294136040996818e-06 1.229429244631319e-06 1.167957748293702e-06 1.109559889300726e-06 1.054081849360955e-06 1.001377768261591e-06 9.513088912171952e-07 9.037434551828483e-07 8.585562909502187e-07 8.156284820870496e-07 7.748470807200647e-07 7.361047096310358e-07 6.992994485699455e-07 6.643344931944739e-07 6.311177571660664e-07 5.995618721499341e-07 5.695837899111211e-07 5.411046117842488e-07 5.140493612998398e-07 4.883468704974803e-07 4.639295241304353e-07 4.407330607136828e-07 4.186964019936568e-07 3.977615961048286e-07 3.778735049309034e-07 3.589798325265292e-07 3.410308409002027e-07 3.239792931708507e-07 3.07780339880992e-07 2.923913200447714e-07 2.777717611479602e-07 2.638831801959896e-07 2.50689026870532e-07 2.381545698426635e-07 2.262468399294448e-07 2.14934502196229e-07 2.041877706915329e-07 1.939783800253281e-07 1.84279457471348e-07 1.750654803345242e-07 1.663122048967125e-07 1.579965953624196e-07 1.500967670153841e-07 1.425919293751576e-07 1.354623293536861e-07 1.286892086227454e-07 1.222547467705226e-07 1.161420115636247e-07 0.0001993030746234581 0.0007090284489095211 0.001515171723440289 0.002597045619040728 0.00392543151974678 0.005475649610161781
 0 0 0 0 0 0 0 0 0 0 0 0 0 0 0 0 0 0 0 0 0 0 0 0 0 0 0 0 0 0 0 0 0 0 0 0 0 0 0 0 0 0 0 0 0 0 0 0 0 0 0 0 0 0 0 0 0 0 0 0 0 0 0 0 0 0 0 0 0 0 0 0 0 0 0 0 0 0 0 0 0 0 0 0 0 0 0 0 0 0 0 0 0 0 0 0 0 0 0 0 0 0 0 0 0 0 0 0 0 0 0 0 0 0 0 0 0 0 0 0 0 0 0 0 0 0 0 0 0 0 0 0 0 0 0 0 0 0 0 0 0 0 0 0 0 0 0 0 0 0 0 0 0 0 0 0 0 0 0 0 0 0 0 0 0 0 0 0 0 0 0 0 0 0 0 0 0 0 0 0 0 0 0 0 0 0 0 0 0 0 0 0 0 0 0 0 0 0 0 0 0 0 0 0 0 0 0 0 0 0 0 0 0 0 0 0 0 0 0 0 0 0 0 0 0 0 0 0 0 0 0 0 0 0 0 0 0 0 0 0 0 0 0 0 0 0 0 0 0 0 0 0 0 0 0 0 0 0 0 0 0 0 0 0 0 0 0 0 0 0 0 0 0 0 0 0 0 0 0 0 0 0 0 0 0 0 0 0 0 0 0 0 0 0 0 0 0 0 0 0 0 0 0 0 0 0 0 0 0 0 0 0 0 0 0 0 0 0 0 0 0 0 0 0 0 0 0 0 0 0 0 0 0 0 0 0 0 0 0 0 0 0 0 0 0 0 0 0 0 0 0 0 0 0 0 0 0 0 0 0 0 0 0 0 0 0 0 0 0 0 0 0 0 0 0 0 0 0 0 0 0 0 0 0 0 0 0 0 0 0 0 0 0 0 0 0 0 0 0 0 0 0 0 0 0 0 0 0 0 0 0 0 0 0 0 0 0 0 0 0 0 0 0 0 0 0 0 0 0 0 0 0 0 0 0 0 0 0 0 0 0 0 0 0 0 0 0 0 0 0 0 0 0 0 0 0 0 0 0 0 0 0 0 0 0 0 0 0 0 0 0 0 0 0 0 0 0 0 0 0 0 0 0 0 0 0 0 0 0 0 0 0 0 0 0 0 0 0 0 0 0 0 0 0 0 0 0 0 0 0 0 0 0 0 0 0 0 0 0 0 0 0 0 0 0 0 0 0 0 0 0 0 0 0 0 0 0 0 0 0 0 0 0 0 0 0 0 0 0 0 0 0 0 0 0 0 0 0 0 0 0 0 0 0 0 0 0 0 0 0 0 0 0 0 0 0 0 0 0 0 0 0 0 0 0 0 0 0 0 0 0 0 0 0 0 0 0 0 0 0
 0 0 0 0 0 0 0 0 0 0 0 0 0 0 0 0 0 0 0 0 0 0 0 0 0 0 0 0 0 0 0 0 0 0 0 0 0 0 0 0 0 0 0 0 0 0 0 0 0 0 0 0 0 0 0 0 0 0 0 0 0 0 0 0 0 0 0 0 0 0 0 0 0 0 0 0 0 0 0 0 0 0 0 0 0 0 0 0 0 0 0 0 0 0 0 0 0 0 0 0 0 0 0 0 0 0 0 0 0 0 0 0 0 0 0 0 0 0 0 0 0 0 0 0 0 0 0 0 0 0 0 0 0 0 0 0 0 0 0 0 0 0 0 0 0 0 0 0 0 0 0 0 0 0 0 0 0 0 0 0 0 0 0 0 0 0 0 0 0 0 0 0 0 0 0 0 0 0 0 0 0 0 0 0 0 0 0 0 0 0 0 0 0 0 0 0 0 0 0 0 0 0 0 0 0 0 0 0 0 0 0 0 0 0 0 0 0 0 0 0 0 0 0 0 0 0 0 0 0 0 0 0 0 0 0 0 0 0 0 0 0 0 0 0 0 0 0 0 0 0 0 0 0 0 0 0 0 0 0 0 0 0 0 0 0 0 0 0 0 0 0 0 0 0 0 0 0 0 0 0 0 0 0 0 0 0 0 0 0 0 0 0 0 0 0 0 0 0 0 0 0 0 0 0 0 0 0 0 0 0 0 0 0 0 0 0 0 0 0 0 0 0 0 0 0 0 0 0 0 0 0 0 0 0 0 0 0 0 0 0 0 0 0 0 0 0 0 0 0 0 0 0 0 0 0 0 0 0 0 0 0 0 0 0 0 0 0 0 0 0 0 0 0 0 0 0 0 0 0 0 0 0 0 0 0 0 0 0 0 0 0 0 0 0 0 0 0 0 0 0 0 0 0 0 0 0 0 0 0 0 0 0 0 0 0 0 0 0 0 0 0 0 0 0 0 0 0 0 0 0 0 0 0 0 0 0 0 0 0 0 0 0 0 0 0 0 0 0 0 0 0 0 0 0 0 0 0 0 0 0 0 0 0 0 0 0 0 0 0 0 0 0 0 0 0 0 0 0 0 0 0 0 0 0 0 0 0 0 0 0 0 0 0 0 0 0 0 0 0 0 0 0 0 0 0 0 0 0 0 0 0 0 0 0 0 0 0 0 0 0 0 0 0 0 0 0 0 0 0 0 0 0 0 0 0 0 0 0 0 0 0 0 0 0 0 0 0 0 0 0 0 0 0 0 0 0 0 0 0 0 0 0 0 0 0 0 0 0 0 0 0 0 0 0 0 0 0 0 0 0 0 0 0 0 0 0 0 0 0 0 0 0 0 0 0 0 0 0 0 0
 0 0 0 0 0 0 0 0 0 0 0 0 0 0 0 0 0 0 0 0 0 0 0 0 0 0 0 0 0 0 0 0 0 0 0 0 0 0 0 0 0 0 0 0 0 0 0 0 0 0 0 0 0 0 0 0 0 0 0 0 0 0 0 0 0 0 0 0 0 0 0 0 0 0 0 0 0 0 0 0 0 0 0 0 0 0 0 0 0 0 0 0 0 0 0 0 0 0 0 0 0 0 0 0 0 0 0 0 0 0 0 0 0 0 0 0 0 0 0 0 0 0 0 0 0 0 0 0 0 0 0 0 0 0 0 0 0 0 0 0 0 0 0 0 0 0 0 0 0 0 0 0 0 0 0 0 0 0 0 0 0 0 0 0 0 0 0 0 0 0 0 0 0 0 0 0 0 0 0 0 0 0 0 0 0 0 0 0 0 0 0 0 0 0 0 0 0 0 0 0 0 0 0 0 0 0 0 0 0 0 0 0 0 0 0 0 0 0 0 0 0 0 0 0 0 0 0 0 0 0 0 0 0 0 0 0 0 0 0 0 0 0 0 0 0 0 0 0 0 0 0 0 0 0 0 0 0 0 0 0 0 0 0 0 0 0 0 0 0 0 0 0 0 0 0 0 0 0 0 0 0 0 0 0 0 0 0 0 0 0 0 0 0 0 0 0 0 0 0 0 0 0 0 0 0 0 0 0 0 0 0 0 0 0 0 0 0 0 0 0 0 0 0 0 0 0 0 0 0 0 0 0 0 0 0 0 0 0 0 0 0 0 0 0 0 0 0 0 0 0 0 0 0 0 0 0 0 0 0 0 0 0 0 0 0 0 0 0 0 0 0 0 0 0 0 0 0 0 0 0 0 0 0 0 0 0 0 0 0 0 0 0 0 0 0 0 0 0 0 0 0 0 0 0 0 0 0 0 0 0 0 0 0 0 0 0 0 0 0 0 0 0 0 0 0 0 0 0 0 0 0 0 0 0 0 0 0 0 0 0 0 0 0 0 0 0 0 0 0 0 0 0 0 0 0 0 0 0 0 0 0 0 0 0 0 0 0 0 0 0 0 0 0 0 0 0 0 0 0 0 0 0 0 0 0 0 0 0 0 0 0 0 0 0 0 0 0 0 0 0 0 0 0 0 0 0 0 0 0 0 0 0 0 0 0 0 0 0 0 0 0 0 0 0 0 0 0 0 0 0 0 0 0 0 0 0 0 0 0 0 0 0 0 0 0 0 0 0 0 0 0 0 0 0 0 0 0 0 0 0 0 0 0 0 0 0 0 0 0 0 0 0 0 0 0 0 0 0 0 0 0 0 0 0 0 0 0 0 0 0 0 0 0 0 0 0 0 0 0 0
 0 0 0 0 0 0 0 0 0 0 0 0 0 0 0 0 0 0 0 0 0 0 0 0 0 0 0 0 0 0 0 0 0 0 0 0 0 0 0 0 0 0 0 0 0 0 0 0 0 0 0 0 0 0 0 0 0 0 0 0 0 0 0 0 0 0 0 0 0 0 0 0 0 0 0 0 0 0 0 0 0 0 0 0 0 0 0 0 0 0 0 0 0 0 0 0 0 0 0 0 0 0 0 0 0 0 0 0 0 0 0 0 0 0 0 0 0 0 0 0 0 0 0 0 0 0 0 0 0 0 0 0 0 0 0 0 0 0 0 0 0 0 0 0 0 0 0 0 0 0 0 0 0 0 0 0 0 0 0 0 0 0 0 0 0 0 0 0 0 0 0 0 0 0 0 0 0 0 0 0 0 0 0 0 0 0 0 0 0 0 0 0 0 0 0 0 0 0 0 0 0 0 0 0 0 0 0 0 0 0 0 0 0 0 0 0 0 0 0 0 0 0 0 0 0 0 0 0 0 0 0 0 0 0 0 0 0 0 0 0 0 0 0 0 0 0 0 0 0 0 0 0 0 0 0 0 0 0 0 0 0 0 0 0 0 0 0 0 0 0 0 0 0 0 0 0 0 0 0 0 0.0001098895081668161 0.0005697411834262311 0.001421677181497216 0.002684882842004299 0.004389068577438593 0.006544375792145729 0.009172149933874607 0.01231471076607704 0.01601268164813519 0.02032181620597839 0.02514818869531155 0.03052682429552078 0.03648987412452698 0.04304767400026321 0.05008513107895851 0.05751967430114746 0.0653117448091507 0.07346218824386597 0.08189814537763596 0.09058510512113571 0.09941154718399048 0.1083327755331993 0.1173088476061821 0.1263595670461655 0.1355080753564835 0.1447165459394455 0.1540187299251556 0.1634407490491867 0.1729897558689117 0.1827005445957184 0.1925551742315292 0.2004331946372986 0.2048309445381165 0.2048014551401138 0.1997153013944626 0.1897295415401459 0.1802430599927902 0.1712309122085571 0.1626693606376648 0.1545358896255493 0.1468091011047363 0.139468640089035 0.1324952095746994 0.1258704513311386 0.1195769309997559 0.1135980859398842 0.1079181805253029 0.1025222688913345 0.09739615768194199 0.09252634644508362 0.08790002763271332 0.08350502699613571 0.07932977378368378 0.07536328583955765 0.07159512490034103 0.06801536679267883 0.06461460143327713 0.06138387322425842 0.05831468105316162 0.05539894849061966 0.05262900143861771 0.04999755322933197 0.04749767482280731 0.04512279108166695 0.04286665096879005 0.04072332009673119 0.03868715465068817 0.03675279766321182 0.03491515666246414 0.03316939994692802 0.03151093050837517 0.02993538416922092 0.02843861468136311 0.02701668441295624 0.02566584944725037 0.02438255771994591 0.02316343039274216 0.02200525812804699 0.02090499550104141 0.01985974609851837 0.01886675879359245 0.01792342029511929 0.01702724955976009 0.0161758866161108 0.01536709256470203 0.01459873840212822 0.01386880129575729 0.0131753608584404 0.01251659262925386 0.01189076341688633 0.0112962257117033 0.01073141396045685 0.01019484363496304 0.009685100987553596 0.009200845845043659 0.008740803226828575 0.008303763344883919 0.007888575084507465 0.007494146469980478 0.007119439076632261 0.006763467099517584 0.006425293628126383 0.006104028783738613 0.005798827391117811 0.005508886184543371 0.005233441945165396 0.004971769638359547 0.004723181016743183 0.004487021826207638 0.004262670874595642 0.004049537237733603 0.003847060259431601 0.003654707223176956 0.003471971955150366 0.003298373427242041 0.003133454825729132 0.002976782154291868 0.002827943069860339 0.002686545951291919 0.002552218735218048 0.002424607751891017 0.002303377259522676 0.002188208512961864 0.0020787981338799 0.001974858343601227 0.00187611544970423 0.001782309729605913 0.001693194266408682 0.001608534599654377 0.00152810791041702 0.001451702555641532 0.001379117369651794 0.001310161547735333 0.001244653481990099 0.001182420761324465 0.001123299705795944 0.001067134668119252 0.001013777917250991 0.000963088998105377 0.0009149345569312572 0.0008691878174431622 0.0008257284061983228 0.0007844420033507049 0.0007452198769897223 0.0007079588831402361 0.0006725609418936074 0.0006389329209923744 0.0006069862865842879 0.0005766369868069887 0.0005478051607497036 0.0005204149056226015 0.0004943941603414714 0.0004696744435932487 0.0004461907083168626 0.0004238811670802534 0.0004026871174573898 0.0003825527674052864 0.0003634251188486814 0.0003452538512647152 0.0003279911470599473 0.0003115916042588651 0.000296012032777071 0.0002812114253174514 0.0002671508409548551 0.0002537932887207717 0.0002411036257399246 0.0002290484408149496 0.0002175960253225639 0.0002067162276944146 0.000196380409761332 0.0001865613885456696 0.0001772333198459819 0.0001683716545812786 0.0001599530660314485 0.0001519554061815143 0.0001443576329620555 0.0001371397520415485 0.000130282758618705 0.000123768622870557 0.0001175801880890504 0.0001117011779570021 0.0001061161165125668 0.0001008103135973215 9.576979937264696e-05 9.098130976781249e-05 8.643224282423034e-05 8.211062959162518e-05 7.800509774824604e-05 7.410484249703586e-05 7.039959746180102e-05 6.687962013529614e-05 6.353564094752073e-05 6.035885962774046e-05 5.734091610065661e-05 5.447386865853332e-05 5.175017577130347e-05 4.91626669827383e-05 4.670453199651092e-05 4.436930612428114e-05 4.215084118186496e-05 4.004329821327701e-05 3.804113293881528e-05 3.61390775651671e-05 3.43321225955151e-05 3.261551682953723e-05 3.098474189755507e-05 2.943550498457626e-05 2.796372973534744e-05 2.656554352142848e-05 2.5237266527256e-05 2.397540265519638e-05 2.277663224958815e-05 2.163780118280556e-05 2.055591176031157e-05 1.952811544470023e-05 1.855170921771787e-05 1.762412284733728e-05 1.674291706876829e-05 1.5905770851532e-05 1.51104823089554e-05 1.435495778423501e-05 1.363721003144747e-05 1.295534912060248e-05 1.230758152814815e-05 1.169220286101336e-05 1.110759239963954e-05 1.055221309798071e-05 1.002460248855641e-05 9.523372682451736e-06 9.047204002854414e-06 8.594844075560104e-06 8.165101462509483e-06 7.756846571282949e-06 7.369004379143007e-06 7.000553978286916e-06 6.650526302109938e-06 6.318000032479176e-06 6.002100235491525e-06 5.701995178242214e-06 5.416895419330103e-06 5.146050625626231e-06 4.888748208031757e-06 4.644310592993861e-06 4.412095222505741e-06 4.191490461380454e-06 3.981916051998269e-06 3.782820158448885e-06 3.593679139157757e-06 3.413995273149339e-06 3.243295395805035e-06 3.081130671489518e-06 2.927074092440307e-06 2.780720478767762e-06 2.641684432092006e-06 2.509600108169252e-06 2.384120080023422e-06 2.264913973704097e-06 2.151668240912841e-06 2.044084794761147e-06 1.94188055502309e-06 1.844786538640619e-06 1.752547177602537e-06 1.664919864197145e-06 1.581673814143869e-06 1.502590066593257e-06 1.427460574632278e-06 1.356087523163296e-06 1.288283101530396e-06 1.223868935085193e-06 1.162675516752643e-06 1.104541752283694e-06 1.049314619194774e-06 9.968489393941127e-07 9.470064696870395e-07 8.996561291496619e-07 8.546733170078369e-07 8.119396284200775e-07 7.71342627103877e-07 7.32775504275196e-07 6.96136737587949e-07 6.613299206037482e-07 6.282634217313898e-07 5.968502705400169e-07 5.67007759855187e-07 5.386573889154533e-07 5.117245223118516e-07 4.861382763010624e-07 4.618313482751546e-07 4.387397893879097e-07 4.168028056028561e-07 3.959626724281406e-07 3.761645359645627e-07 3.573562992187362e-07 3.39488479994543e-07 3.225140687845851e-07 3.063883582399285e-07 2.91068943170103e-07 2.765154931694269e-07 2.626897241952975e-07 2.495552280379343e-07 2.370774723203795e-07 2.252236015465314e-07 2.139624228902903e-07 2.03264306719575e-07 1.931010871203398e-07 1.834460334748655e-07 1.742737367749214e-07 1.655600527783463e-07 1.572820451656298e-07 1.494179429073483e-07 1.419470407881818e-07 1.34849685196059e-07 1.281072030678843e-07 1.217018450461183e-07 1.156167499516414e-07 8.442723628832027e-05 0.0004915046156384051 0.00120031856931746 0.002172897104173899 0.003391146659851074
 0 0 0 0 0 0 0 0 0 0 0 0 0 0 0 0 0 0 0 0 0 0 0 0 0 0 0 0 0 0 0 0 0 0 0 0 0 0 0 0 0 0 0 0 0 0 0 0 0 0 0 0 0 0 0 0 0 0 0 0 0 0 0 0 0 0 0 0 0 0 0 0 0 0 0 0 0 0 0 0 0 0 0 0 0 0 0 0 0 0 0 0 0 0 0 0 0 0 0 0 0 0 0 0 0 0 0 0 0 0 0 0 0 0 0 0 0 0 0 0 0 0 0 0 0 0 0 0 0 0 0 0 0 0 0 0 0 0 0 0 0 0 0 0 0 0 0 0 0 0 0 0 0 0 0 0 0 0 0 0 0 0 0 0 0 0 0 0 0 0 0 0 0 0 0 0 0 0 0 0 0 0 0 0 0 0 0 0 0 0 0 0 0 0 0 0 0 0 0 0 0 0 0 0 0 0 0 0 0 0 0 0 0 0 0 0 0 0 0 0 0 0 0 0 0 0 0 0 0 0 0 0 0 0 0 0 0 0 0 0 0 0 0 0 0 0 0 0 0 0 0 0 0 0 0 0 0 0 0 0 0 0 0 0 0 0 0 0 0 0 0 0 0 0 0 0 0 0 0 0 0 0 0 0 0 0 0 0 0 0 0 0 0 0 0 0 0 0 0 0 0 0 0 0 0 0 0 0 0 0 0 0 0 0 0 0 0 0 0 0 0 0 0 0 0 0 0 0 0 0 0 0 0 0 0 0 0 0 0 0 0 0 0 0 0 0 0 0 0 0 0 0 0 0 0 0 0 0 0 0 0 0 0 0 0 0 0 0 0 0 0 0 0 0 0 0 0 0 0 0 0 0 0 0 0 0 0 0 0 0 0 0 0 0 0 0 0 0 0 0 0 0 0 0 0 0 0 0 0 0 0 0 0 0 0 0 0 0 0 0 0 0 0 0 0 0 0 0 0 0 0 0 0 0 0 0 0 0 0 0 0 0 0 0 0 0 0 0 0 0 0 0 0 0 0 0 0 0 0 0 0 0 0 0 0 0 0 0 0 0 0 0 0 0 0 0 0 0 0 0 0 0 0 0 0 0 0 0 0 0 0 0 0 0 0 0 0 0 0 0 0 0 0 0 0 0 0 0 0 0 0 0 0 0 0 0 0 0 0 0 0 0 0 0 0 0 0 0 0 0 0 0 0 0 0 0 0 0 0 0 0 0 0 0 0 0 0 0 0 0 0 0 0 0 0 0 0 0 0 0 0 0 0 0 0 0 0 0 0 0 0 0 0 0 0 0 0 0 0 0 0 0 0 0 0 0 0 0 0 0 0 0 0 0 0 0 0 0 0 0
 0 0 0 0 0 0 0 0 0 0 0 0 0 0 0 0 0 0 0 0 0 0 0 0 0 0 0 0 0 0 0 0 0 0 0 0 0 0 0 0 0 0 0 0 0 0 0 0 0 0 0 0 0 0 0 0 0 0 0 0 0 0 0 0 0 0 0 0 0 0 0 0 0 0 0 0 0 0 0 0 0 0 0 0 0 0 0 0 0 0 0 0 0 0 0 0 0 0 0 0 0 0 0 0 0 0 0 0 0 0 0 0 0 0 0 0 0 0 0 0 0 0 0 0 0 0 0 0 0 0 0 0 0 0 0 0 0 0 0 0 0 0 0 0 0 0 0 0 0 0 0 0 0 0 0 0 0 0 0 0 0 0 0 0 0 0 0 0 0 0 0 0 0 0 0 0 0 0 0 0 0 0 0 0 0 0 0 0 0 0 0 0 0 0 0 0 0 0 0 0 0 0 0 0 0 0 0 0 0 0 0 0 0 0 0 0 0 0 0 0 0 0 0 0 0 0 0 0 0 0 0 0 0 0 0 0 0 0 0 0 0 0 0 0 0 0 0 0 0 0 0 0 0 0 0 0 0 0 0 0 0 0 0 0 0 0 0 0 0 0 0 0 0 0 0 0 0 0 0 0 0 0 0 0 0 0 0 0 0 0 0 0 0 0 0 0 0 0 0 0 0 0 0 0 0 0 0 0 0 0 0 0 0 0 0 0 0 0 0 0 0 0 0 0 0 0 0 0 0 0 0 0 0 0 0 0 0 0 0 0 0 0 0 0 0 0 0 0 0 0 0 0 0 0 0 0 0 0 0 0 0 0 0 0 0 0 0 0 0 0 0 0 0 0 0 0 0 0 0 0 0 0 0 0 0 0 0 0 0 0 0 0 0 0 0 0 0 0 0 0 0 0 0 0 0 0 0 0 0 0 0 0 0 0 0 0 0 0 0 0 0 0 0 0 0 0 0 0 0 0 0 0 0 0 0 0 0 0 0 0 0 0 0 0 0 0 0 0 0 0 0 0 0 0 0 0 0 0 0 0 0 0 0 0 0 0 0 0 0 0 0 0 0 0 0 0 0 0 0 0 0 0 0 0 0 0 0 0 0 0 0 0 0 0 0 0 0 0 0 0 0 0 0 0 0 0 0 0 0 0 0 0 0 0 0 0 0 0 0 0 0 0 0 0 0 0 0 0 0 0 0 0 0 0 0 0 0 0 0 0 0 0 0 0 0 0 0 0 0 0 0 0 0 0 0 0 0 0 0 0 0 0 0 0 0 0 0 0 0 0 0 0 0 0 0 0 0 0 0 0 0 0 0 0 0 0 0 0 0 0 0 0 0 0 0 0 0 0 0 0
 0 0 0 0 0 0 0 0 0 0 0 0 0 0 0 0 0 0 0 0 0 0 0 0 0 0 0 0 0 0 0 0 0 0 0 0 0 0 0 0 0 0 0 0 0 0 0 0 0 0 0 0 0 0 0 0 0 0 0 0 0 0 0 0 0 0 0 0 0 0 0 0 0 0 0 0 0 0 0 0 0 0 0 0 0 0 0 0 0 0 0 0 0 0 0 0 0 0 0 0 0 0 0 0 0 0 0 0 0 0 0 0 0 0 0 0 0 0 0 0 0 0 0 0 0 0 0 0 0 0 0 0 0 0 0 0 0 0 0 0 0 0 0 0 0 0 0 0 0 0 0 0 0 0 0 0 0 0 0 0 0 0 0 0 0 0 0 0 0 0 0 0 0 0 0 0 0 0 0 0 0 0 0 0 0 0 0 0 0 0 0 0 0 0 0 0 0 0 0 0 0 0 0 0 0 0 0 0 0 0 0 0 0 0 0 0 0 0 0 0 0 0 0 0 0 0 0 0 0 0 0 0 0 0 0 0 0 0 0 0 0 0 0 0 0 0 0 0 0 0 0 0 0 0 0 0 0 0 0 0 0 0 0 0 0 0 0 0 0 0 0 0 0 0 0 0 0 0 0 0 0 0 0 0 0 0 0 0 0 0 0 0 0 0 0 0 0 0 0 0 0 0 0 0 0 0 0 0 0 0 0 0 0 0 0 0 0 0 0 0 0 0 0 0 0 0 0 0 0 0 0 0 0 0 0 0 0 0 0 0 0 0 0 0 0 0 0 0 0 0 0 0 0 0 0 0 0 0 0 0 0 0 0 0 0 0 0 0 0 0 0 0 0 0 0 0 0 0 0 0 0 0 0 0 0 0 0 0 0 0 0 0 0 0 0 0 0 0 0 0 0 0 0 0 0 0 0 0 0 0 0 0 0 0 0 0 0 0 0 0 0 0 0 0 0 0 0 0 0 0 0 0 0 0 0 0 0 0 0 0 0 0 0 0 0 0 0 0 0 0 0 0 0 0 0 0 0 0 0 0 0 0 0 0 0 0 0 0 0 0 0 0 0 0 0 0 0 0 0 0 0 0 0 0 0 0 0 0 0 0 0 0 0 0 0 0 0 0 0 0 0 0 0 0 0 0 0 0 0 0 0 0 0 0 0 0 0 0 0 0 0 0 0 0 0 0 0 0 0 0 0 0 0 0 0 0 0 0 0 0 0 0 0 0 0 0 0 0 0 0 0 0 0 0 0 0 0 0 0 0 0 0 0 0 0 0 0 0 0 0 0 0 0 0 0 0 0 0 0 0 0 0 0 0 0 0 0 0 0 0 0 0 0 0 0 0 0 0 0 0
 0 0 0 0 0 0 0 0 0 0 0 0 0 0 0 0 0 0 0 0 0 0 0 0 0 0 0 0 0 0 0 0 0 0 0 0 0 0 0 0 0 0 0 0 0 0 0 0 0 0 0 0 0 0 0 0 0 0 0 0 0 0 0 0 0 0 0 0 0 0 0 0 0 0 0 0 0 0 0 0 0 0 0 0 0 0 0 0 0 0 0 0 0 0 0 0 0 0 0 0 0 0 0 0 0 0 0 0 0 0 0 0 0 0 0 0 0 0 0 0 0 0 0 0 0 0 0 0 0 0 0 0 0 0 0 0 0 0 0 0 0 0 0 0 0 0 0 0 0 0 0 0 0 0 0 0 0 0 0 0 0 0 0 0 0 0 0 0 0 0 0 0 0 0 0 0 0 0 0 0 0 0 0 0 0 0 0 0 0 0 0 0 0 0 0 0 0 0 0 0 0 0 0 0 0 0 0 0 0 0 0 0 0 0 0 0 0 0 0 0 0 0 0 0 0 0 0 0 0 0 0 0 0 0 0 0 0 0 0 0 0 0 0 0 0 0 0 0 0 0 0 0 0 0 0 0 0 0 0 0 0 0 0 0 0 0 0 0 0 0 0 0 0 0 0 0 0 0 0 0 0.0003201353247277439 0.001001400640234351 0.002059883903712034 0.003530012909322977 0.005450522527098656 0.007831918075680733 0.0107030039653182 0.0141108799725771 0.01808691024780273 0.02267499640583992 0.02782739885151386 0.03353643044829369 0.03982876613736153 0.04663589969277382 0.05385150760412216 0.06147094443440437 0.06941555440425873 0.07763271033763885 0.08611762523651123 0.09473703801631927 0.1034595817327499 0.1122244372963905 0.1210385635495186 0.1299205869436264 0.138880580663681 0.1478935480117798 0.1569835245609283 0.1661749482154846 0.1754883527755737 0.184938058257103 0.1930972337722778 0.1983629912137985 0.1996380090713501 0.1962616890668869 0.1877114325761795 0.1783258616924286 0.1694095730781555 0.16093909740448 0.152892142534256 0.1452475339174271 0.1379851549863815 0.1310859024524689 0.1245316043496132 0.1183050274848938 0.1123897731304169 0.106770284473896 0.1014317721128464 0.09636018425226212 0.09154217690229416 0.08696506917476654 0.08261681348085403 0.07848597317934036 0.07456167787313461 0.07083359360694885 0.06729191541671753 0.06392732262611389 0.0607309564948082 0.05769440904259682 0.05480968952178955 0.05206920579075813 0.04946574568748474 0.0469924584031105 0.04464283585548401 0.04241069406270981 0.04029015824198723 0.03827565163373947 0.03636186942458153 0.03454377502202988 0.03281658515334129 0.03117575496435165 0.02961696684360504 0.02813611924648285 0.02672931365668774 0.02539284713566303 0.02412320487201214 0.02291704528033733 0.02177119255065918 0.02068263292312622 0.01964850164949894 0.01866607740521431 0.01773277297616005 0.01684613525867462 0.01600382849574089 0.01520363707095385 0.01444345526397228 0.01372128259390593 0.01303521823137999 0.01238345727324486 0.0117642842233181 0.01117607019841671 0.0106172664090991 0.01008640322834253 0.009582082740962505 0.009102978743612766 0.008647830225527287 0.008215438574552536 0.007804666645824909 0.007414433173835278 0.007043711375445127 0.006691525690257549 0.006356949452310801 0.006039102096110582 0.005737146828323603 0.005450289696455002 0.005177775397896767 0.004918886814266443 0.0046729426831007 0.00443929573521018 0.004217330832034349 0.004006464499980211 0.003806141205132008 0.00361583405174315 0.003435042453929782 0.003263290273025632 0.003100125817582011 0.002945119515061378 0.002797863446176052 0.002657970180734992 0.002525071613490582 0.002398818032816052 0.002278877189382911 0.002164933364838362 0.002056686673313379 0.001953852362930775 0.0018561597680673 0.00176335172727704 0.001675184117630124 0.00159142492339015 0.001511853653937578 0.001436260994523764 0.001364447991363704 0.001296225585974753 0.001231414265930653 0.001169843599200249 0.001111351419240236 0.00105578382499516 0.001002994598820806 0.0009528448572382331 0.000905202585272491 0.0008599424618296325 0.0008169453358277678 0.0007760980515740812 0.0007372931577265263 0.0007004284998401999 0.0006654070457443595 0.0006321367109194398 0.0006005298928357661 0.000570503412745893 0.0005419782246463001 0.0005148792988620698 0.0004891353310085833 0.0004646785673685372 0.0004414446302689612 0.0004193724016658962 0.0003984037903137505 0.0003784836153499782 0.0003595594316720963 0.0003415814717300236 0.0003245024126954377 0.0003082772891502827 0.0002928634348791093 0.0002782202500384301 0.000264309230260551 0.0002510937629267573 0.0002385390689596534 0.0002266121155116707 0.0002152815141016617 0.0002045174333034083 0.0001942915550898761 0.0001845769729698077 0.000175348119228147 0.0001665807067183778 0.0001582516706548631 0.0001503390813013539 0.0001428221294190735 0.0001356810244033113 0.0001288969797315076 0.0001224521256517619 0.0001163295164587907 0.0001105130431824364 0.0001049873899319209 9.973801934393123e-05 9.475112165091559e-05 9.001356374938041e-05 8.55128891998902e-05 8.123724546749145e-05 7.717538392171264e-05 7.331661618081853e-05 6.965078500797972e-05 6.616824248339981e-05 6.285982817644253e-05 5.971683640382253e-05 5.673099440173246e-05 5.389444413594902e-05 5.119972047396004e-05 4.863973299507052e-05 4.620774780050851e-05 4.389736204757355e-05 4.170249303570017e-05 3.961736729252152e-05 3.763649874599651e-05 3.575467417249456e-05 3.396694228285924e-05 3.226859553251415e-05 3.065516648348421e-05 2.912240779551212e-05 2.766628676909022e-05 2.628297261253465e-05 2.496882370905951e-05 2.372038215980865e-05 2.253436286991928e-05 2.14076444535749e-05 2.033726195804775e-05 1.932039958774112e-05 1.835437979025301e-05 1.743666143738665e-05 1.656482891121414e-05 1.57365866471082e-05 1.494975731475279e-05 1.420226908521727e-05 1.34921556309564e-05 1.281754794035805e-05 1.217667067976436e-05 1.156783673650352e-05 1.098944449040573e-05 1.043997235683491e-05 9.917973329720553e-06 9.422074981557671e-06 8.950971277954523e-06 8.503422577632591e-06 8.078251084953081e-06 7.674338121432811e-06 7.290621397260111e-06 6.926090463821311e-06 6.57978580420604e-06 6.250796559470473e-06 5.938256890658522e-06 5.641344159812434e-06 5.359277110983385e-06 5.091313141747378e-06 4.836747393710539e-06 4.594910024025012e-06 4.365164386399556e-06 4.146906121604843e-06 3.939560883736704e-06 3.742582748600398e-06 3.555453531589592e-06 3.37768096869695e-06 3.208796897524735e-06 3.048357029911131e-06 2.895939132940839e-06 2.751142119450378e-06 2.613584911159705e-06 2.48290575655119e-06 2.358760411880212e-06 2.240822368548834e-06 2.128781261490076e-06 2.022342187046888e-06 1.921225020851125e-06 1.825163735702517e-06 1.733905492073973e-06 1.647210183364223e-06 1.56484964008996e-06 1.486607175138488e-06 1.412276787959854e-06 1.341662937193178e-06 1.274579744858784e-06 1.210850768984528e-06 1.150308207797934e-06 1.092792786039354e-06 1.038153186527779e-06 9.862454817266553e-07 9.369331905872968e-07 8.900865395844448e-07 8.455822353425901e-07 8.033031235754606e-07 7.631379617123457e-07 7.249810778375831e-07 6.887320296300459e-07 6.542954338328855e-07 6.215806820364378e-07 5.905016564611287e-07 5.609765594272176e-07 5.329277428245405e-07 5.062813670519972e-07 4.809672873307136e-07 4.569189115954941e-07 4.340729731211468e-07 4.123693315705168e-07 3.917508593076491e-07 3.721633277109504e-07 3.535551513778046e-07 3.358773881245725e-07 3.190835116129165e-07 3.031293260846724e-07 2.879728526750114e-07 2.735742157256027e-07 2.598955006760661e-07 2.469007256422628e-07 2.345556850968933e-07 2.228279072369332e-07 2.116865118750866e-07 2.011021820180758e-07 1.910470786015139e-07 1.814947268030664e-07 1.724199876207422e-07 1.637989868186196e-07 1.556090438725732e-07 1.478285867051454e-07 1.404371516855463e-07 1.334152983645254e-07 1.267445384200983e-07 1.204073072358369e-07 1.143869425845878e-07 0.0001287761697312817 0.0006106020300649107 0.001443894347175956 0.002614016178995371 0.004106446169316769 0.00587105005979538
 0 0 0 0 0 0 0 0 0 0 0 0 0 0 0 0 0 0 0 0 0 0 0 0 0 0 0 0 0 0 0 0 0 0 0 0 0 0 0 0 0 0 0 0 0 0 0 0 0 0 0 0 0 0 0 0 0 0 0 0 0 0 0 0 0 0 0 0 0 0 0 0 0 0 0 0 0 0 0 0 0 0 0 0 0 0 0 0 0 0 0 0 0 0 0 0 0 0 0 0 0 0 0 0 0 0 0 0 0 0 0 0 0 0 0 0 0 0 0 0 0 0 0 0 0 0 0 0 0 0 0 0 0 0 0 0 0 0 0 0 0 0 0 0 0 0 0 0 0 0 0 0 0 0 0 0 0 0 0 0 0 0 0 0 0 0 0 0 0 0 0 0 0 0 0 0 0 0 0 0 0 0 0 0 0 0 0 0 0 0 0 0 0 0 0 0 0 0 0 0 0 0 0 0 0 0 0 0 0 0 0 0 0 0 0 0 0 0 0 0 0 0 0 0 0 0 0 0 0 0 0 0 0 0 0 0 0 0 0 0 0 0 0 0 0 0 0 0 0 0 0 0 0 0 0 0 0 0 0 0 0 0 0 0 0 0 0 0 0 0 0 0 0 0 0 0 0 0 0 0 0 0 0 0 0 0 0 0 0 0 0 0 0 0 0 0 0 0 0 0 0 0 0 0 0 0 0 0 0 0 0 0 0 0 0 0 0 0 0 0 0 0 0 0 0 0 0 0 0 0 0 0 0 0 0 0 0 0 0 0 0 0 0 0 0 0 0 0 0 0 0 0 0 0 0 0 0 0 0 0 0 0 0 0 0 0 0 0 0 0 0 0 0 0 0 0 0 0 0 0 0 0 0 0 0 0 0 0 0 0 0 0 0 0 0 0 0 0 0 0 0 0 0 0 0 0 0 0 0 0 0 0 0 0 0 0 0 0 0 0 0 0 0 0 0 0 0 0 0 0 0 0 0 0 0 0 0 0 0 0 0 0 0 0 0 0 0 0 0 0 0 0 0 0 0 0 0 0 0 0 0 0 0 0 0 0 0 0 0 0 0 0 0 0 0 0 0 0 0 0 0 0 0 0 0 0 0 0 0 0 0 0 0 0 0 0 0 0 0 0 0 0 0 0 0 0 0 0 0 0 0 0 0 0 0 0 0 0 0 0 0 0 0 0 0 0 0 0 0 0 0 0 0 0 0 0 0 0 0 0 0 0 0 0 0 0 0 0 0 0 0 0 0 0 0 0 0 0 0 0 0 0 0 0 0 0 0 0 0 0 0 0 0 0 0 0 0 0 0 0 0 0 0 0 0 0 0 0 0 0 0 0 0 0 0 0 0 0 0 0
 0 0 0 0 0 0 0 0 0 0 0 0 0 0 0 0 0 0 0 0 0 0 0 0 0 0 0 0 0 0 0 0 0 0 0 0 0 0 0 0 0 0 0 0 0 0 0 0 0 0 0 0 0 0 0 0 0 0 0 0 0 0 0 0 0 0 0 0 0 0 0 0 0 0 0 0 0 0 0 0 0 0 0 0 0 0 0 0 0 0 0 0 0 0 0 0 0 0 0 0 0 0 0 0 0 0 0 0 0 0 0 0 0 0 0 0 0 0 0 0 0 0 0 0 0 0 0 0 0 0 0 0 0 0 0 0 0 0 0 0 0 0 0 0 0 0 0 0 0 0 0 0 0 0 0 0 0 0 0 0 0 0 0 0 0 0 0 0 0 0 0 0 0 0 0 0 0 0 0 0 0 0 0 0 0 0 0 0 0 0 0 0 0 0 0 0 0 0 0 0 0 0 0 0 0 0 0 0 0 0 0 0 0 0 0 0 0 0 0 0 0 0 0 0 0 0 0 0 0 0 0 0 0 0 0 0 0 0 0 0 0 0 0 0 0 0 0 0 0 0 0 0 0 0 0 0 0 0 0 0 0 0 0 0 0 0 0 0 0 0 0 0 0 0 0 0 0 0 0 0 0 0 0 0 0 0 0 0 0 0 0 0 0 0 0 0 0 0 0 0 0 0 0 0 0 0 0 0 0 0 0 0 0 0 0 0 0 0 0 0 0 0 0 0 0 0 0 0 0 0 0 0 0 0 0 0 0 0 0 0 0 0 0 0 0 0 0 0 0 0 0 0 0 0 0 0 0 0 0 0 0 0 0 0 0 0 0 0 0 0 0 0 0 0 0 0 0 0 0 0 0 0 0 0 0 0 0 0 0 0 0 0 0 0 0 0 0 0 0 0 0 0 0 0 0 0 0 0 0 0 0 0 0 0 0 0 0 0 0 0 0 0 0 0 0 0 0 0 0 0 0 0 0 0 0 0 0 0 0 0 0 0 0 0 0 0 0 0 0 0 0 0 0 0 0 0 0 0 0 0 0 0 0 0 0 0 0 0 0 0 0 0 0 0 0 0 0 0 0 0 0 0 0 0 0 0 0 0 0 0 0 0 0 0 0 0 0 0 0 0 0 0 0 0 0 0 0 0 0 0 0 0 0 0 0 0 0 0 0 0 0 0 0 0 0 0 0 0 0 0 0 0 0 0 0 0 0 0 0 0 0 0 0 0 0 0 0 0 0 0 0 0 0 0 0 0 0 0 0 0 0 0 0 0 0 0 0 0 0 0 0 0 0 0 0 0 0 0 0 0 0 0 0 0 0 0 0 0 0 0 0 0 0 0 0 0 0 0 0 0
 0 0 0 0 0 0 0 0 0 0 0 0 0 0 0 0 0 0 0 0 0 0 0 0 0 0 0 0 0 0 0 0 0 0 0 0 0 0 0 0 0 0 0 0 0 0 0 0 0 0 0 0 0 0 0 0 0 0 0 0 0 0 0 0 0 0 0 0 0 0 0 0 0 0 0 0 0 0 0 0 0 0 0 0 0 0 0 0 0 0 0 0 0 0 0 0 0 0 0 0 0 0 0 0 0 0 0 0 0 0 0 0 0 0 0 0 0 0 0 0 0 0 0 0 0 0 0 0 0 0 0 0 0 0 0 0 0 0 0 0 0 0 0 0 0 0 0 0 0 0 0 0 0 0 0 0 0 0 0 0 0 0 0 0 0 0 0 0 0 0 0 0 0 0 0 0 0 0 0 0 0 0 0 0 0 0 0 0 0 0 0 0 0 0 0 0 0 0 0 0 0 0 0 0 0 0 0 0 0 0 0 0 0 0 0 0 0 0 0 0 0 0 0 0 0 0 0 0 0 0 0 0 0 0 0 0 0 0 0 0 0 0 0 0 0 0 0 0 0 0 0 0 0 0 0 0 0 0 0 0 0 0 0 0 0 0 0 0 0 0 0 0 0 0 0 0 0 0 0 0 0 0 0 0 0 0 0 0 0 0 0 0 0 0 0 0 0 0 0 0 0 0 0 0 0 0 0 0 0 0 0 0 0 0 0 0 0 0 0 0 0 0 0 0 0 0 0 0 0 0 0 0 0 0 0 0 0 0 0 0 0 0 0 0 0 0 0 0 0 0 0 0 0 0 0 0 0 0 0 0 0 0 0 0 0 0 0 0 0 0 0 0 0 0 0 0 0 0 0 0 0 0 0 0 0 0 0 0 0 0 0 0 0 0 0 0 0 0 0 0 0 0 0 0 0 0 0 0 0 0 0 0 0 0 0 0 0 0 0 0 0 0 0 0 0 0 0 0 0 0 0 0 0 0 0 0 0 0 0 0 0 0 0 0 0 0 0 0 0 0 0 0 0 0 0 0 0 0 0 0 0 0 0 0 0 0 0 0 0 0 0 0 0 0 0 0 0 0 0 0 0 0 0 0 0 0 0 0 0 0 0 0 0 0 0 0 0 0 0 0 0 0 0 0 0 0 0 0 0 0 0 0 0 0 0 0 0 0 0 0 0 0 0 0 0 0 0 0 0 0 0 0 0 0 0 0 0 0 0 0 0 0 0 0 0 0 0 0 0 0 0 0 0 0 0 0 0 0 0 0 0 0 0 0 0 0 0 0 0 0 0 0 0 0 0 0 0 0 0 0 0 0 0 0 0 0 0 0 0 0 0 0 0 0 0 0 0 0 0 0
 0 0 0 0 0 0 0 0 0 0 0 0 0 0 0 0 0 0 0 0 0 0 0 0 0 0 0 0 0 0 0 0 0 0 0 0 0 0 0 0 0 0 0 0 0 0 0 0 0 0 0 0 0 0 0 0 0 0 0 0 0 0 0 0 0 0 0 0 0 0 0 0 0 0 0 0 0 0 0 0 0 0 0 0 0 0 0 0 0 0 0 0 0 0 0 0 0 0 0 0 0 0 0 0 0 0 0 0 0 0 0 0 0 0 0 0 0 0 0 0 0 0 0 0 0 0 0 0 0 0 0 0 0 0 0 0 0 0 0 0 0 0 0 0 0 0 0 0 0 0 0 0 0 0 0 0 0 0 0 0 0 0 0 0 0 0 0 0 0 0 0 0 0 0 0 0 0 0 0 0 0 0 0 0 0 0 0 0 0 0 0 0 0 0 0 0 0 0 0 0 0 0 0 0 0 0 0 0 0 0 0 0 0 0 0 0 0 0 0 0 0 0 0 0 0 0 0 0 0 0 0 0 0 0 0 0 0 0 0 0 0 0 0 0 0 0 0 0 0 0 0 0 0 0 0 0 0 0 0 0 0 0 0 0 0 0 0 0 0 0 0 0 0 0 0 0 0 0 0 0 0.0002595841651782393 0.0008883904083631933 0.001937279244884849 0.003424075664952397 0.005370249971747398 0.007792660035192966 0.01072632055729628 0.01420949958264828 0.01830433309078217 0.02299935929477215 0.02825449220836163 0.03408310934901237 0.04052207246422768 0.0474771112203598 0.05483877286314964 0.06261590868234634 0.07074847817420959 0.07910188287496567 0.08763377368450165 0.09632405638694763 0.1051296666264534 0.1140400394797325 0.123000867664814 0.1320321708917618 0.1411379873752594 0.1503146588802338 0.1595746874809265 0.1689480543136597 0.1784577518701553 0.188137099146843 0.1963732987642288 0.2015270888805389 0.2025731652975082 0.1988098174333572 0.1898037046194077 0.1803135126829147 0.1712978333234787 0.1627329438924789 0.1545962989330292 0.1468664854764938 0.1395231634378433 0.1325470060110092 0.1259196549654007 0.119623675942421 0.1136424914002419 0.1079603657126427 0.1025623455643654 0.09743423014879227 0.09256251901388168 0.08793438971042633 0.08353766798973083 0.07936078310012817 0.07539274543523788 0.07162310928106308 0.06804195046424866 0.0646398514509201 0.06140786036849022 0.05833746865391731 0.05542059615254402 0.05264956504106522 0.0500170886516571 0.04751623421907425 0.04514042288064957 0.04288340359926224 0.04073923453688622 0.03870227187871933 0.03676715865731239 0.03492880240082741 0.03318236395716667 0.03152324631810188 0.02994708344340324 0.02844972908496857 0.02702724188566208 0.02567587979137897 0.02439208514988422 0.02317248098552227 0.02201385609805584 0.02091316320002079 0.01986750587821007 0.01887413114309311 0.01793042384088039 0.01703390292823315 0.01618220843374729 0.01537309773266315 0.01460444275289774 0.01387422066181898 0.01318050920963287 0.01252148393541574 0.01189540978521109 0.0113006392493844 0.01073560770601034 0.01019882690161467 0.009688885882496834 0.00920444168150425 0.008744219318032265 0.008307008072733879 0.007891657762229443 0.007497075013816357 0.007122221402823925 0.006766110192984343 0.006427804473787546 0.006106414366513491 0.005801093764603138 0.005511038936674595 0.005235487129539251 0.004973712842911482 0.004725027363747358 0.004488775972276926 0.004264337010681629 0.004051120020449162 0.003848564112558961 0.003656135872006416 0.003473329124972224 0.003299662610515952 0.003134679514914751 0.002977945609018207 0.002829048316925764 0.002687595784664154 0.002553215948864818 0.002425555139780045 0.002304277382791042 0.002189063467085361 0.002079610247164965 0.001975629711523652 0.00187684828415513 0.001783005893230438 0.001693855621851981 0.001609162893146276 0.001528704771772027 0.001452269498258829 0.001379656023345888 0.001310673193074763 0.001245139515958726 0.001182882580906153 0.001123738475143909 0.001067551551386714 0.001014173962175846 0.0009634652524255216 0.0009152920101769269 0.0008695274009369314 0.0008260510512627661 0.0007847485248930752 0.0007455110899172723 0.0007082355441525578 0.0006728237494826317 0.0006391825736500323 0.0006072234245948493 0.0005768622504547238 0.0005480191321112216 0.0005206181667745113 0.0004945872351527214 0.0004698578850366175 0.0004463649820536375 0.0004240467387717217 0.000402844394557178 0.0003827021864708513 0.0003635670873336494 0.0003453887184150517 0.0003281192912254483 0.0003117133164778352 0.0002961276622954756 0.0002813212922774255 0.0002672552363947034 0.0002538924745749682 0.0002411978493910283 0.0002291379496455193 0.0002176810521632433 0.0002067970053758472 0.0001964571565622464 0.0001866342936409637 0.0001773025724105537 0.000168437443790026 0.0001600155665073544 0.0001520147925475612 0.0001444140507373959 0.0001371933467453346 0.000130333675770089 0.0001238169934367761 0.0001176261430373415 0.0001117448337026872 0.0001061575894709677 0.0001008497129078023 9.580722689861432e-05 9.1016867372673e-05 8.6466025095433e-05 8.214272384066135e-05 7.803559128660709e-05 7.413381536025554e-05 7.042712240945548e-05 6.69057626510039e-05 6.356047379085794e-05 6.038245192030445e-05 5.736332968808711e-05 5.449516174849123e-05 5.17704029334709e-05 4.918188278679736e-05 4.672278737416491e-05 4.438664836925454e-05 4.216731758788228e-05 4.005895243608393e-05 3.805600499617867e-05 3.615320383687504e-05 3.434554309933446e-05 3.262826430727728e-05 3.099685272900388e-05 2.944701009255368e-05 2.797466004267335e-05 2.657592631294392e-05 2.524712908780202e-05 2.398477226961404e-05 2.27855343837291e-05 2.164625766454265e-05 2.056394441751763e-05 1.953574792423751e-05 1.85589597094804e-05 1.76310113602085e-05 1.674945997365285e-05 1.591198633832391e-05 1.511638674855931e-05 1.436056754755555e-05 1.364253876090515e-05 1.296041227760725e-05 1.231239184562583e-05 1.169677216239506e-05 1.111193341785111e-05 1.055633674695855e-05 1.002851968223695e-05 9.527093425276689e-06 9.050738299265504e-06 8.598201020504348e-06 8.168291060428601e-06 7.759876098134555e-06 7.371882475126768e-06 7.003288374107797e-06 6.653123818978202e-06 6.320467491605086e-06 6.004444003337994e-06 5.704221621272154e-06 5.419010449259076e-06 5.148060154169798e-06 4.890657237410778e-06 4.646124580176547e-06 4.41381826021825e-06 4.193127551843645e-06 3.983471287938301e-06 3.784297632591915e-06 3.595082716856268e-06 3.415328592382139e-06 3.244562094550929e-06 3.082333932979964e-06 2.928217327280436e-06 2.781806415441679e-06 2.642716026457492e-06 2.510580316084088e-06 2.385051402598037e-06 2.265798912048922e-06 2.15250906876463e-06 2.044883558482979e-06 1.942639300978044e-06 1.845507313191774e-06 1.753231913426134e-06 1.665570266595751e-06 1.582291702106886e-06 1.503177145423251e-06 1.42801832225814e-06 1.356617417513917e-06 1.288786506847828e-06 1.224347215611488e-06 1.163129809356178e-06 1.104973307519685e-06 1.049724687618436e-06 9.972384305001469e-07 9.473765203438234e-07 9.00007705695316e-07 8.55007328937063e-07 8.122569852275774e-07 7.716441245975147e-07 7.330619382628356e-07 6.964088470340357e-07 6.615883876293083e-07 6.285089853008685e-07 5.970835559310217e-07 5.672293923453253e-07 5.388679369389138e-07 5.119245543028228e-07 4.863283038503141e-07 4.620118829734565e-07 4.389112859826128e-07 4.169657188413112e-07 3.961174286359892e-07 3.763115614674462e-07 3.574959919205867e-07 3.396211809558736e-07 3.226401190659089e-07 3.065081273234682e-07 2.911827152729529e-07 2.766235809303907e-07 2.627924118314695e-07 2.496527997664089e-07 2.37170155514832e-07 2.253116520023468e-07 2.14046067981144e-07 2.033437596082877e-07 1.93176575180587e-07 1.835177414477585e-07 1.743418494015714e-07 1.656247547998646e-07 1.573435213231278e-07 1.494763495202278e-07 1.420025341758446e-07 1.349024074670524e-07 1.281572821199006e-07 1.923616582644172e-05 0.0003693563339766115 0.001038808957673609 0.001990403980016708 0.003200022038072348 0.004669146612286568 0.006390783470124006 0.008330284617841244
 0 0 0 0 0 0 0 0 0 0 0 0 0 0 0 0 0 0 0 0 0 0 0 0 0 0 0 0 0 0 0 0 0 0 0 0 0 0 0 0 0 0 0 0 0 0 0 0 0 0 0 0 0 0 0 0 0 0 0 0 0 0 0 0 0 0 0 0 0 0 0 0 0 0 0 0 0 0 0 0 0 0 0 0 0 0 0 0 0 0 0 0 0 0 0 0 0 0 0 0 0 0 0 0 0 0 0 0 0 0 0 0 0 0 0 0 0 0 0 0 0 0 0 0 0 0 0 0 0 0 0 0 0 0 0 0 0 0 0 0 0 0 0 0 0 0 0 0 0 0 0 0 0 0 0 0 0 0 0 0 0 0 0 0 0 0 0 0 0 0 0 0 0 0 0 0 0 0 0 0 0 0 0 0 0 0 0 0 0 0 0 0 0 0 0 0 0 0 0 0 0 0 0 0 0 0 0 0 0 0 0 0 0 0 0 0 0 0 0 0 0 0 0 0 0 0 0 0 0 0 0 0 0 0 0 0 0 0 0 0 0 0 0 0 0 0 0 0 0 0 0 0 0 0 0 0 0 0 0 0 0 0 0 0 0 0 0 0 0 0 0 0 0 0 0 0 0 0 0 0 0 0 0 0 0 0 0 0 0 0 0 0 0 0 0 0 0 0 0 0 0 0 0 0 0 0 0 0 0 0 0 0 0 0 0 0 0 0 0 0 0 0 0 0 0 0 0 0 0 0 0 0 0 0 0 0 0 0 0 0 0 0 0 0 0 0 0 0 0 0 0 0 0 0 0 0 0 0 0 0 0 0 0 0 0 0 0 0 0 0 0 0 0 0 0 0 0 0 0 0 0 0 0 0 0 0 0 0 0 0 0 0 0 0 0 0 0 0 0 0 0 0 0 0 0 0 0 0 0 0 0 0 0 0 0 0 0 0 0 0 0 0 0 0 0 0 0 0 0 0 0 0 0 0 0 0 0 0 0 0 0 0 0 0 0 0 0 0 0 0 0 0 0 0 0 0 0 0 0 0 0 0 0 0 0 0 0 0 0 0 0 0 0 0 0 0 0 0 0 0 0 0 0 0 0 0 0 0 0 0 0 0 0 0 0 0 0 0 0 0 0 0 0 0 0 0 0 0 0 0 0 0 0 0 0 0 0 0 0 0 0 0 0 0 0 0 0 0 0 0 0 0 0 0 0 0 0 0 0 0 0 0 0 0 0 0 0 0 0 0 0 0 0 0 0 0 0 0 0 0 0 0 0 0 0 0 0 0 0 0 0 0 0 0 0 0 0 0 0 0 0 0 0 0 0 0 0 0 0 0 0 0 0 0 0 0 0 0 0 0
 0 0 0 0 0 0 0 0 0 0 0 0 0 0 0 0 0 0 0 0 0 0 0 0 0 0 0 0 0 0 0 0 0 0 0 0 0 0 0 0 0 0 0 0 0 0 0 0 0 0 0 0 0 0 0 0 0 0 0 0 0 0 0 0 0 0 0 0 0 0 0 0 0 0 0 0 0 0 0 0 0 0 0 0 0 0 0 0 0 0 0 0 0 0 0 0 0 0 0 0 0 0 0 0 0 0 0 0 0 0 0 0 0 0 0 0 0 0 0 0 0 0 0 0 0 0 0 0 0 0 0 0 0 0 0 0 0 0 0 0 0 0 0 0 0 0 0 0 0 0 0 0 0 0 0 0 0 0 0 0 0 0 0 0 0 0 0 0 0 0 0 0 0 0 0 0 0 0 0 0 0 0 0 0 0 0 0 0 0 0 0 0 0 0 0 0 0 0 0 0 0 0 0 0 0 0 0 0 0 0 0 0 0 0 0 0 0 0 0 0 0 0 0 0 0 0 0 0 0 0 0 0 0 0 0 0 0 0 0 0 0 0 0 0 0 0 0 0 0 0 0 0 0 0 0 0 0 0 0 0 0 0 0 0 0 0 0 0 0 0 0 0 0 0 0 0 0 0 0 0 0 0 0 0 0 0 0 0 0 0 0 0 0 0 0 0 0 0 0 0 0 0 0 0 0 0 0 0 0 0 0 0 0 0 0 0 0 0 0 0 0 0 0 0 0 0 0 0 0 0 0 0 0 0 0 0 0 0 0 0 0 0 0 0 0 0 0 0 0 0 0 0 0 0 0 0 0 0 0 0 0 0 0 0 0 0 0 0 0 0 0 0 0 0 0 0 0 0 0 0 0 0 0 0 0 0 0 0 0 0 0 0 0 0 0 0 0 0 0 0 0 0 0 0 0 0 0 0 0 0 0 0 0 0 0 0 0 0 0 0 0 0 0 0 0 0 0 0 0 0 0 0 0 0 0 0 0 0 0 0 0 0 0 0 0 0 0 0 0 0 0 0 0 0 0 0 0 0 0 0 0 0 0 0 0 0 0 0 0 0 0 0 0 0 0 0 0 0 0 0 0 0 0 0 0 0 0 0 0 0 0 0 0 0 0 0 0 0 0 0 0 0 0 0 0 0 0 0 0 0 0 0 0 0 0 0 0 0 0 0 0 0 0 0 0 0 0 0 0 0 0 0 0 0 0 0 0 0 0 0 0 0 0 0 0 0 0 0 0 0 0 0 0 0 0 0 0 0 0 0 0 0 0 0 0 0 0 0 0 0 0 0 0 0 0 0 0 0 0 0 0 0 0 0 0 0 0 0 0 0 0 0 0 0 0 0 0 0 0 0
 0 0 0 0 0 0 0 0 0 0 0 0 0 0 0 0 0 0 0 0 0 0 0 0 0 0 0 0 0 0 0 0 0 0 0 0 0 0 0 0 0 0 0 0 0 0 0 0 0 0 0 0 0 0 0 0 0 0 0 0 0 0 0 0 0 0 0 0 0 0 0 0 0 0 0 0 0 0 0 0 0 0 0 0 0 0 0 0 0 0 0 0 0 0 0 0 0 0 0 0 0 0 0 0 0 0 0 0 0 0 0 0 0 0 0 0 0 0 0 0 0 0 0 0 0 0 0 0 0 0 0 0 0 0 0 0 0 0 0 0 0 0 0 0 0 0 0 0 0 0 0 0 0 0 0 0 0 0 0 0 0 0 0 0 0 0 0 0 0 0 0 0 0 0 0 0 0 0 0 0 0 0 0 0 0 0 0 0 0 0 0 0 0 0 0 0 0 0 0 0 0 0 0 0 0 0 0 0 0 0 0 0 0 0 0 0 0 0 0 0 0 0 0 0 0 0 0 0 0 0 0 0 0 0 0 0 0 0 0 0 0 0 0 0 0 0 0 0 0 0 0 0 0 0 0 0 0 0 0 0 0 0 0 0 0 0 0 0 0 0 0 0 0 0 0 0 0 0 0 0 0 0 0 0 0 0 0 0 0 0 0 0 0 0 0 0 0 0 0 0 0 0 0 0 0 0 0 0 0 0 0 0 0 0 0 0 0 0 0 0 0 0 0 0 0 0 0 0 0 0 0 0 0 0 0 0 0 0 0 0 0 0 0 0 0 0 0 0 0 0 0 0 0 0 0 0 0 0 0 0 0 0 0 0 0 0 0 0 0 0 0 0 0 0 0 0 0 0 0 0 0 0 0 0 0 0 0 0 0 0 0 0 0 0 0 0 0 0 0 0 0 0 0 0 0 0 0 0 0 0 0 0 0 0 0 0 0 0 0 0 0 0 0 0 0 0 0 0 0 0 0 0 0 0 0 0 0 0 0 0 0 0 0 0 0 0 0 0 0 0 0 0 0 0 0 0 0 0 0 0 0 0 0 0 0 0 0 0 0 0 0 0 0 0 0 0 0 0 0 0 0 0 0 0 0 0 0 0 0 0 0 0 0 0 0 0 0 0 0 0 0 0 0 0 0 0 0 0 0 0 0 0 0 0 0 0 0 0 0 0 0 0 0 0 0 0 0 0 0 0 0 0 0 0 0 0 0 0 0 0 0 0 0 0 0 0 0 0 0 0 0 0 0 0 0 0 0 0 0 0 0 0 0 0 0 0 0 0 0 0 0 0 0 0 0 0 0 0 0 0 0 0 0 0 0 0 0 0 0 0 0 0 0 0 0 0 0 0 0 0
 0 0 0 0 0 0 0 0 0 0 0 0 0 0 0 0 0 0 0 0 0 0 0 0 0 0 0 0 0 0 0 0 0 0 0 0 0 0 0 0 0 0 0 0 0 0 0 0 0 0 0 0 0 0 0 0 0 0 0 0 0 0 0 0 0 0 0 0 0 0 0 0 0 0 0 0 0 0 0 0 0 0 0 0 0 0 0 0 0 0 0 0 0 0 0 0 0 0 0 0 0 0 0 0 0 0 0 0 0 0 0 0 0 0 0 0 0 0 0 0 0 0 0 0 0 0 0 0 0 0 0 0 0 0 0 0 0 0 0 0 0 0 0 0 0 0 0 0 0 0 0 0 0 0 0 0 0 0 0 0 0 0 0 0 0 0 0 0 0 0 0 0 0 0 0 0 0 0 0 0 0 0 0 0 0 0 0 0 0 0 0 0 0 0 0 0 0 0 0 0 0 0 0 0 0 0 0 0 0 0 0 0 0 0 0 0 0 0 0 0 0 0 0 0 0 0 0 0 0 0 0 0 0 0 0 0 0 0 0 0 0 0 0 0 0 0 0 0 0 0 0 0 0 0 0 0 0 0 0 0 0 0 0 0 0 0 0 0 0 0 0 0 0 0 0 0 0 0 0 0 0 0.000308859976939857 0.0009854347445070744 0.002075833268463612 0.003585252445191145 0.005549844820052385 0.007994725368916988 0.01097933482378721 0.01453981641680002 0.01871937140822411 0.02351746149361134 0.02888209745287895 0.03482267633080482 0.04136015847325325 0.04841850697994232 0.05589495971798897 0.06371179968118668 0.07187246531248093 0.08030717819929123 0.08890405297279358 0.09761025756597519 0.1064483746886253 0.11540687084198 0.1244503408670425 0.1336064487695694 0.142854630947113 0.1522025167942047 0.1616653501987457 0.1712653040885925 0.1809991002082825 0.1908976137638092 0.1991336941719055 0.2042160183191299 0.2050851583480835 0.2010077983140945 0.1915985196828842 0.1820185929536819 0.1729176640510559 0.1642717868089676 0.1560581922531128 0.1482552886009216 0.1408425271511078 0.1338004022836685 0.1271103769540787 0.1207548603415489 0.1147171184420586 0.1089812591671944 0.1035321950912476 0.09835558384656906 0.0934378057718277 0.08876591920852661 0.08432762324810028 0.08011124283075333 0.07610568404197693 0.07230039685964584 0.0686853751540184 0.06525110453367233 0.06198854744434357 0.05888912081718445 0.05594466626644135 0.05314743146300316 0.05049005895853043 0.04796555638313293 0.04556727781891823 0.04328891262412071 0.04112446680665016 0.03906824439764023 0.03711483255028725 0.03525909036397934 0.03349613398313522 0.03182132542133331 0.03023025952279568 0.0287187471985817 0.02728280983865261 0.02591866999864578 0.02462273649871349 0.0233915988355875 0.02222201973199844 0.02111091837286949 0.0200553722679615 0.01905260421335697 0.01809997484087944 0.01719497516751289 0.01633522659540176 0.01551846507936716 0.01474254205822945 0.01400541514158249 0.01330514438450336 0.01263988763093948 0.01200789306312799 0.01140749827027321 0.01083712372928858 0.01029526721686125 0.009780503809452057 0.009291478432714939 0.008826904930174351 0.008385559543967247 0.007966281846165657 0.007567967753857374 0.007189569529145956 0.006830091122537851 0.006488586775958538 0.006164157297462225 0.005855949595570564 0.005563152022659779 0.005284994374960661 0.005020744632929564 0.004769707564264536 0.004531222395598888 0.00430466141551733 0.00408942811191082 0.003884956706315279 0.003690708894282579 0.003506173379719257 0.003330864710733294 0.003164321416988969 0.003006105311214924 0.002855800092220306 0.002713010180741549 0.002577359788119793 0.002448491752147675 0.002326067071408033 0.002209763741120696 0.002099275588989258 0.001994311809539795 0.001894596265628934 0.001799866440705955 0.001709873089566827 0.001624379423446953 0.001543160411529243 0.001466002431698143 0.001392702339217067 0.001323067233897746 0.001256913878023624 0.001194068230688572 0.001134364865720272 0.001077646622434258 0.001023764256387949 0.0009725760319270194 0.0009239472565241158 0.0008777498733252287 0.0008338624029420316 0.0007921693031676114 0.000752560852561146 0.0007149328012019396 0.0006791861378587782 0.0006452268571592867 0.0006129654939286411 0.0005823172396048903 0.0005532013601623476 0.0005255413125269115 0.0004992642207071185 0.0004743010213132948 0.0004505859687924385 0.0004280566645320505 0.0004066538240294904 0.0003863211313728243 0.0003670050646178424 0.0003486548084765673 0.0003312220796942711 0.0003146609815303236 0.0002989279455505311 0.0002839815570041537 0.0002697824675124139 0.0002562933368608356 0.0002434786729281768 0.0002313047443749383 0.0002197395078837872 0.0002087525353999808 0.0001983149122679606 0.0001883991644717753 0.0001789792004274204 0.0001700302382232621 0.0001615287328604609 0.0001534523034933954 0.0001457796897739172 0.0001384907081956044 0.000131566179334186 0.000124987869639881 0.0001187384768854827 0.0001128015501308255 0.0001071614751708694 0.0001018034017761238 9.671322914073244e-05 9.187756950268522e-05 8.728368993615732e-05 8.291950507555157e-05 7.87735334597528e-05 7.483485387638211e-05 7.109311263775453e-05 6.753845809726045e-05 6.416153337340802e-05 6.095345815992914e-05 5.790578507003374e-05 5.5010495998431e-05 5.225997301749885e-05 4.964697291143239e-05 4.7164623538265e-05 4.480639108805917e-05 4.25660728069488e-05 4.043776789330877e-05 3.84158811357338e-05 3.649508653325029e-05 3.467033093329519e-05 3.293681584182195e-05 3.128997559542768e-05 2.972547736135311e-05 2.823920294758864e-05 2.682724334590603e-05 2.548588054196443e-05 2.421158569632098e-05 2.300100641150493e-05 2.185095581808127e-05 2.075840893667191e-05 1.972048812604044e-05 1.873446308309212e-05 1.779773992893752e-05 1.690785211394541e-05 1.606245859875344e-05 1.525933475932106e-05 1.449636783945607e-05 1.377154967485694e-05 1.308297214563936e-05 1.242882353835739e-05 1.180738217954058e-05 1.121701279771514e-05 1.065616197593044e-05 1.012335360428551e-05 9.617186151444912e-06 9.136327207670547e-06 8.67951075633755e-06 8.245535354944877e-06 7.833258678147104e-06 7.441595698765013e-06 7.069515959301498e-06 6.716039933962747e-06 6.38023811916355e-06 6.061226031306433e-06 5.758164661529008e-06 5.470256382977823e-06 5.196743586566299e-06 4.936906407237984e-06 4.690060904977145e-06 4.455557700566715e-06 4.232779701851541e-06 4.021140739496332e-06 3.82008374799625e-06 3.62907962880854e-06 3.447625658736797e-06 3.27524435306259e-06 3.111482101303409e-06 2.95590803034429e-06 2.808112640195759e-06 2.667707121872809e-06 2.534321765779168e-06 2.407605734333629e-06 2.287225470354315e-06 2.172864242311334e-06 2.0642210074584e-06 1.96100995708548e-06 1.862959493337257e-06 1.769811547092104e-06 1.681321009527892e-06 1.59725493631413e-06 1.517392206551449e-06 1.441522613276902e-06 1.36944652240345e-06 1.300974190598936e-06 1.235925537912408e-06 1.17412923827942e-06 1.11542271952203e-06 1.059651594914612e-06 1.00666898106283e-06 9.563354979036376e-07 9.085187002710882e-07 8.630927368358243e-07 8.199381227314007e-07 7.789412279635144e-07 7.399941637231677e-07 7.029944413261546e-07 6.678447448393854e-07 6.344525331769546e-07 6.027299264133035e-07 5.725934215661255e-07 5.439637789095286e-07 5.167655672266847e-07 4.909272774966666e-07 4.663809249905171e-07 4.430618787409912e-07 4.209087762774288e-07 3.998633246737882e-07 3.798701584400987e-07 3.608766405704955e-07 3.428328056997998e-07 3.256911611515534e-07 3.094066016728902e-07 2.939362673259893e-07 2.792394582229463e-07 2.652774924172263e-07 2.520136206385359e-07 2.394129410276946e-07 2.274422996606518e-07 2.160701910725038e-07 2.052666872032205e-07 1.950033521325167e-07 1.852531852364336e-07 1.759905217113555e-07 1.671909899414459e-07 1.588314404443736e-07 1.508898748170395e-07 1.433453746813029e-07 1.361781016839814e-07 1.293691980208678e-07 1.229007438041663e-07 1.167557073245007e-07 1.109179237346325e-07 0.0001599995448486879 0.0006521068280562758 0.001471643918193877 0.002564551774412394
 0 0 0 0 0 0 0 0 0 0 0 0 0 0 0 0 0 0 0 0 0 0 0 0 0 0 0 0 0 0 0 0 0 0 0 0 0 0 0 0 0 0 0 0 0 0 0 0 0 0 0 0 0 0 0 0 0 0 0 0 0 0 0 0 0 0 0 0 0 0 0 0 0 0 0 0 0 0 0 0 0 0 0 0 0 0 0 0 0 0 0 0 0 0 0 0 0 0 0 0 0 0 0 0 0 0 0 0 0 0 0 0 0 0 0 0 0 0 0 0 0 0 0 0 0 0 0 0 0 0 0 0 0 0 0 0 0 0 0 0 0 0 0 0 0 0 0 0 0 0 0 0 0 0 0 0 0 0 0 0 0 0 0 0 0 0 0 0 0 0 0 0 0 0 0 0 0 0 0 0 0 0 0 0 0 0 0 0 0 0 0 0 0 0 0 0 0 0 0 0 0 0 0 0 0 0 0 0 0 0 0 0 0 0 0 0 0 0 0 0 0 0 0 0 0 0 0 0 0 0 0 0 0 0 0 0 0 0 0 0 0 0 0 0 0 0 0 0 0 0 0 0 0 0 0 0 0 0 0 0 0 0 0 0 0 0 0 0 0 0 0 0 0 0 0 0 0 0 0 0 0 0 0 0 0 0 0 0 0 0 0 0 0 0 0 0 0 0 0 0 0 0 0 0 0 0 0 0 0 0 0 0 0 0 0 0 0 0 0 0 0 0 0 0 0 0 0 0 0 0 0 0 0 0 0 0 0 0 0 0 0 0 0 0 0 0 0 0 0 0 0 0 0 0 0 0 0 0 0 0 0 0 0 0 0 0 0 0 0 0 0 0 0 0 0 0 0 0 0 0 0 0 0 0 0 0 0 0 0 0 0 0 0 0 0 0 0 0 0 0 0 0 0 0 0 0 0 0 0 0 0 0 0 0 0 0 0 0 0 0 0 0 0 0 0 0 0 0 0 0 0 0 0 0 0 0 0 0 0 0 0 0 0 0 0 0 0 0 0 0 0 0 0 0 0 0 0 0 0 0 0 0 0 0 0 0 0 0 0 0 0 0 0 0 0 0 0 0 0 0 0 0 0 0 0 0 0 0 0 0 0 0 0 0 0 0 0 0 0 0 0 0 0 0 0 0 0 0 0 0 0 0 0 0 0 0 0 0 0 0 0 0 0 0 0 0 0 0 0 0 0 0 0 0 0 0 0 0 0 0 0 0 0 0 0 0 0 0 0 0 0 0 0 0 0 0 0 0 0 0 0 0 0 0 0 0 0 0 0 0 0 0 0 0 0 0 0 0 0 0 0 0 0 0 0 0 0 0 0 0 0 0 0 0 0 0 0 0 0 0
 0 0 0 0 0 0 0 0 0 0 0 0 0 0 0 0 0 0 0 0 0 0 0 0 0 0 0 0 0 0 0 0 0 0 0 0 0 0 0 0 0 0 0 0 0 0 0 0 0 0 0 0 0 0 0 0 0 0 0 0 0 0 0 0 0 0 0 0 0 0 0 0 0 0 0 0 0 0 0 0 0 0 0 0 0 0 0 0 0 0 0 0 0 0 0 0 0 0 0 0 0 0 0 0 0 0 0 0 0 0 0 0 0 0 0 0 0 0 0 0 0 0 0 0 0 0 0 0 0 0 0 0 0 0 0 0 0 0 0 0 0 0 0 0 0 0 0 0 0 0 0 0 0 0 0 0 0 0 0 0 0 0 0 0 0 0 0 0 0 0 0 0 0 0 0 0 0 0 0 0 0 0 0 0 0 0 0 0 0 0 0 0 0 0 0 0 0 0 0 0 0 0 0 0 0 0 0 0 0 0 0 0 0 0 0 0 0 0 0 0 0 0 0 0 0 0 0 0 0 0 0 0 0 0 0 0 0 0 0 0 0 0 0 0 0 0 0 0 0 0 0 0 0 0 0 0 0 0 0 0 0 0 0 0 0 0 0 0 0 0 0 0 0 0 0 0 0 0 0 0 0 0 0 0 0 0 0 0 0 0 0 0 0 0 0 0 0 0 0 0 0 0 0 0 0 0 0 0 0 0 0 0 0 0 0 0 0 0 0 0 0 0 0 0 0 0 0 0 0 0 0 0 0 0 0 0 0 0 0 0 0 0 0 0 0 0 0 0 0 0 0 0 0 0 0 0 0 0 0 0 0 0 0 0 0 0 0 0 0 0 0 0 0 0 0 0 0 0 0 0 0 0 0 0 0 0 0 0 0 0 0 0 0 0 0 0 0 0 0 0 0 0 0 0 0 0 0 0 0 0 0 0 0 0 0 0 0 0 0 0 0 0 0 0 0 0 0 0 0 0 0 0 0 0 0 0 0 0 0 0 0 0 0 0 0 0 0 0 0 0 0 0 0 0 0 0 0 0 0 0 0 0 0 0 0 0 0 0 0 0 0 0 0 0 0 0 0 0 0 0 0 0 0 0 0 0 0 0 0 0 0 0 0 0 0 0 0 0 0 0 0 0 0 0 0 0 0 0 0 0 0 0 0 0 0 0 0 0 0 0 0 0 0 0 0 0 0 0 0 0 0 0 0 0 0 0 0 0 0 0 0 0 0 0 0 0 0 0 0 0 0 0 0 0 0 0 0 0 0 0 0 0 0 0 0 0 0 0 0 0 0 0 0 0 0 0 0 0 0 0 0 0 0 0 0 0 0 0 0 0 0 0 0 0 0 0 0 0 0 0
 0 0 0 0 0 0 0 0 0 0 0 0 0 0 0 0 0 0 0 0 0 0 0 0 0 0 0 0 0 0 0 0 0 0 0 0 0 0 0 0 0 0 0 0 0 0 0 0 0 0 0 0 0 0 0 0 0 0 0 0 0 0 0 0 0 0 0 0 0 0 0 0 0 0 0 0 0 0 0 0 0 0 0 0 0 0 0 0 0 0 0 0 0 0 0 0 0 0 0 0 0 0 0 0 0 0 0 0 0 0 0 0 0 0 0 0 0 0 0 0 0 0 0 0 0 0 0 0 0 0 0 0 0 0 0 0 0 0 0 0 0 0 0 0 0 0 0 0 0 0 0 0 0 0 0 0 0 0 0 0 0 0 0 0 0 0 0 0 0 0 0 0 0 0 0 0 0 0 0 0 0 0 0 0 0 0 0 0 0 0 0 0 0 0 0 0 0 0 0 0 0 0 0 0 0 0 0 0 0 0 0 0 0 0 0 0 0 0 0 0 0 0 0 0 0 0 0 0 0 0 0 0 0 0 0 0 0 0 0 0 0 0 0 0 0 0 0 0 0 0 0 0 0 0 0 0 0 0 0 0 0 0 0 0 0 0 0 0 0 0 0 0 0 0 0 0 0 0 0 0 0 0 0 0 0 0 0 0 0 0 0 0 0 0 0 0 0 0 0 0 0 0 0 0 0 0 0 0 0 0 0 0 0 0 0 0 0 0 0 0 0 0 0 0 0 0 0 0 0 0 0 0 0 0 0 0 0 0 0 0 0 0 0 0 0 0 0 0 0 0 0 0 0 0 0 0 0 0 0 0 0 0 0 0 0 0 0 0 0 0 0 0 0 0 0 0 0 0 0 0 0 0 0 0 0 0 0 0 0 0 0 0 0 0 0 0 0 0 0 0 0 0 0 0 0 0 0 0 0 0 0 0 0 0 0 0 0 0 0 0 0 0 0 0 0 0 0 0 0 0 0 0 0 0 0 0 0 0 0 0 0 0 0 0 0 0 0 0 0 0 0 0 0 0 0 0 0 0 0 0 0 0 0 0 0 0 0 0 0 0 0 0 0 0 0 0 0 0 0 0 0 0 0 0 0 0 0 0 0 0 0 0 0 0 0 0 0 0 0 0 0 0 0 0 0 0 0 0 0 0 0 0 0 0 0 0 0 0 0 0 0 0 0 0 0 0 0 0 0 0 0 0 0 0 0 0 0 0 0 0 0 0 0 0 0 0 0 0 0 0 0 0 0 0 0 0 0 0 0 0 0 0 0 0 0 0 0 0 0 0 0 0 0 0 0 0 0 0 0 0 0 0 0 0 0 0 0 0 0 0 0 0 0 0 0 0 0 0 0 0
 0 0 0 0 0 0 0 0 0 0 0 0 0 0 0 0 0 0 0 0 0 0 0 0 0 0 0 0 0 0 0 0 0 0 0 0 0 0 0 0 0 0 0 0 0 0 0 0 0 0 0 0 0 0 0 0 0 0 0 0 0 0 0 0 0 0 0 0 0 0 0 0 0 0 0 0 0 0 0 0 0 0 0 0 0 0 0 0 0 0 0 0 0 0 0 0 0 0 0 0 0 0 0 0 0 0 0 0 0 0 0 0 0 0 0 0 0 0 0 0 0 0 0 0 0 0 0 0 0 0 0 0 0 0 0 0 0 0 0 0 0 0 0 0 0 0 0 0 0 0 0 0 0 0 0 0 0 0 0 0 0 0 0 0 0 0 0 0 0 0 0 0 0 0 0 0 0 0 0 0 0 0 0 0 0 0 0 0 0 0 0 0 0 0 0 0 0 0 0 0 0 0 0 0 0 0 0 0 0 0 0 0 0 0 0 0 0 0 0 0 0 0 0 0 0 0 0 0 0 0 0 0 0 0 0 0 0 0 0 0 0 0 0 0 0 0 0 0 0 0 0 0 0 0 0 0 0 0 0 0 0 0 0 0 0 0 0 0 0 0 0 0 0 0 0 0 0 0 0 0 0.0001867066894192249 0.0007354801055043936 0.001653158105909824 0.00297223636880517 0.004740594886243343 0.006971121765673161 0.009680342860519886 0.01292064134031534 0.01673908531665802 0.02118056826293468 0.0261636208742857 0.03168384730815887 0.03775673359632492 0.04435882717370987 0.05135092511773109 0.05874432623386383 0.06648161262273788 0.07456894963979721 0.08297710865736008 0.09152209758758545 0.1002014875411987 0.1090196892619133 0.1180085763335228 0.1271030008792877 0.1363020688295364 0.1455994695425034 0.1550121605396271 0.1645401567220688 0.1742068529129028 0.1840425729751587 0.1934950947761536 0.2006137073040009 0.2041013985872269 0.2030239701271057 0.19683738052845 0.1869955062866211 0.1776457279920578 0.1687634438276291 0.1603252738714218 0.1523090153932571 0.1446935683488846 0.1374588906764984 0.1305859386920929 0.1240566447377205 0.1178538128733635 0.1119611188769341 0.1063630655407906 0.1010449156165123 0.09599266946315765 0.09119303524494171 0.08663338422775269 0.08230171352624893 0.07818663120269775 0.07427729666233063 0.07056343555450439 0.06703526526689529 0.06368350237607956 0.06049932539463043 0.05747435986995697 0.05460064113140106 0.05187061056494713 0.04927707836031914 0.04681322351098061 0.04447256401181221 0.04224893450737 0.04013648629188538 0.03812966123223305 0.03622317686676979 0.03441201895475388 0.03269141912460327 0.03105684742331505 0.02950400486588478 0.02802880480885506 0.02662736549973488 0.02529599703848362 0.02403119765222073 0.02282963693141937 0.02168815582990646 0.02060374803841114 0.01957355998456478 0.01859488151967525 0.01766513660550117 0.0167818795889616 0.01594278588891029 0.01514564640820026 0.01438836380839348 0.01366894599050283 0.01298549864441156 0.01233622338622808 0.01171941217035055 0.01113344170153141 0.0105767697095871 0.01004793122410774 0.00954553484916687 0.009068258106708527 0.00861484557390213 0.008184103295207024 0.007774898316711187 0.007386153563857079 0.007016845978796482 0.006666003726422787 0.006332703400403261 0.006016068160533905 0.005715264938771725 0.00542950164526701 0.005158026702702045 0.004900125321000814 0.004655119031667709 0.004422362893819809 0.004201244562864304 0.003991182427853346 0.003791623283177614 0.003602042095735669 0.00342193990945816 0.003250842913985252 0.003088300814852118 0.002933885669335723 0.002787191420793533 0.002647831803187728 0.002515440108254552 0.002389668021351099 0.002270184690132737 0.00215667556039989 0.002048841677606106 0.001946399570442736 0.00184907962102443 0.001756625599227846 0.001668794313445687 0.001585354562848806 0.001506086788140237 0.001430782489478588 0.001359243411570787 0.001291281194426119 0.001226717140525579 0.0011653812834993 0.00110711227171123 0.001051756669767201 0.000999168842099607 0.0009492103708907962 0.0009017498232424259 0.0008566623437218368 0.0008138292469084263 0.000773137784563005 0.000734480912797153 0.0006977568846195936 0.0006628690171055496 0.0006297255749814212 0.0005982393049634993 0.000568327319342643 0.0005399109795689583 0.0005129154305905104 0.0004872696590609848 0.0004629061731975526 0.0004397608572617173 0.0004177728260401636 0.0003968841920141131 0.0003770399780478328 0.0003581879718694836 0.000340278580551967 0.0003232646558899432 0.0003071014361921698 0.0002917463716585189 0.0002771590661723167 0.0002633011026773602 0.0002501360431779176 0.0002376292395638302 0.0002257477754028514 0.0002144603931810707 0.0002037373778875917 0.0001935505133587867 0.000183872994966805 0.0001746793423080817 0.0001659453700995073 0.0001576481008669361 0.0001497656921856105 0.00014227740757633 0.0001351635437458754 0.0001284053723793477 0.0001219851037603803 0.0001158858503913507 0.0001100915542338043 0.0001045869794324972 9.935763227986172e-05 9.438975394004956e-05 8.967026951722801e-05 8.518675895174965e-05 8.092742064036429e-05 7.688104960834607e-05 7.303699385374784e-05 6.93851470714435e-05 6.591589044546708e-05 6.26200926490128e-05 5.948908801656216e-05 5.651463288813829e-05 5.368890197132714e-05 5.10044555994682e-05 4.845423245569691e-05 4.603152046911418e-05 4.372994590085e-05 4.154344787821174e-05 3.946627475670539e-05 3.74929622921627e-05 3.561831545084715e-05 3.383740113349631e-05 3.214552998542786e-05 3.05382527585607e-05 2.901134030253161e-05 2.756077265075874e-05 2.618273356347345e-05 2.487359597580507e-05 2.36299165408127e-05 2.244842107756995e-05 2.132599911419675e-05 2.025969843089115e-05 1.924671414599288e-05 1.828437780204695e-05 1.737015918479301e-05 1.650165177125018e-05 1.56765690917382e-05 1.489274109189864e-05 1.414810412825318e-05 1.34406991492142e-05 1.276866441912716e-05 1.213023097079713e-05 1.152371987700462e-05 1.094753406505333e-05 1.04001574072754e-05 9.88014926406322e-06 9.386141755385324e-06 8.916834303818177e-06 8.470992725051474e-06 8.047442861425225e-06 7.645070581929758e-06 7.262817234732211e-06 6.89967646394507e-06 6.554692845384125e-06 6.226958248589654e-06 5.915610472584376e-06 5.619830062641995e-06 5.338838491297793e-06 5.071896339359228e-06 4.818301476916531e-06 4.577386334858602e-06 4.348516995378304e-06 4.131091372983065e-06 3.924536940758117e-06 3.728310048245476e-06 3.541894557201886e-06 3.36479979523574e-06 3.196559873686056e-06 3.036731868633069e-06 2.884895366150886e-06 2.740650643318077e-06 2.603618213470327e-06 2.473437234584708e-06 2.349765281906002e-06 2.232276983704651e-06 2.120663111782051e-06 2.014629899349529e-06 1.913898358907318e-06 1.818203486436687e-06 1.727293351905246e-06 1.64092864451959e-06 1.558882217977953e-06 1.480938067288662e-06 1.406891215083306e-06 1.336546688435192e-06 1.269719405172509e-06 1.206233491757303e-06 1.145921828538121e-06 1.088625708689506e-06 1.034194383464637e-06 9.824846074479865e-07 9.333603543382196e-07 8.866923622008471e-07 8.423577355642919e-07 8.002398317330517e-07 7.602278628837666e-07 7.222164413178689e-07 6.861056363050011e-07 6.518003488054092e-07 6.192103114699421e-07 5.882498044229578e-07 5.588373142018099e-07 5.308954769134289e-07 5.043506803303899e-07 4.791331207343319e-07 4.551764618554444e-07 4.324176359205012e-07 4.107967583877326e-07 3.902569289948588e-07 3.707440896505432e-07 3.522068823258451e-07 3.345965353673819e-07 3.17866721388782e-07 3.019733867404284e-07 2.868747230877489e-07 2.725309968809597e-07 2.58904435668228e-07 2.459591996739618e-07 2.336612396902638e-07 2.219781833900925e-07 2.108792784838442e-07 2.003353074542247e-07 1.903185449236844e-07 1.80802615545872e-07 1.717624797947792e-07 1.631743486996129e-07 1.550156270013758e-07 1.472648420985934e-07 1.399016014147492e-07 1.329065213440117e-07 1.262611988295248e-07 1.19948140309134e-07 1.139507332936773e-07 1.082531966289935e-07 0.0003028546052519232 0.0009098950540646911 0.001781719038262963 0.002915681805461645
 0 0 0 0 0 0 0 0 0 0 0 0 0 0 0 0 0 0 0 0 0 0 0 0 0 0 0 0 0 0 0 0 0 0 0 0 0 0 0 0 0 0 0 0 0 0 0 0 0 0 0 0 0 0 0 0 0 0 0 0 0 0 0 0 0 0 0 0 0 0 0 0 0 0 0 0 0 0 0 0 0 0 0 0 0 0 0 0 0 0 0 0 0 0 0 0 0 0 0 0 0 0 0 0 0 0 0 0 0 0 0 0 0 0 0 0 0 0 0 0 0 0 0 0 0 0 0 0 0 0 0 0 0 0 0 0 0 0 0 0 0 0 0 0 0 0 0 0 0 0 0 0 0 0 0 0 0 0 0 0 0 0 0 0 0 0 0 0 0 0 0 0 0 0 0 0 0 0 0 0 0 0 0 0 0 0 0 0 0 0 0 0 0 0 0 0 0 0 0 0 0 0 0 0 0 0 0 0 0 0 0 0 0 0 0 0 0 0 0 0 0 0 0 0 0 0 0 0 0 0 0 0 0 0 0 0 0 0 0 0 0 0 0 0 0 0 0 0 0 0 0 0 0 0 0 0 0 0 0 0 0 0 0 0 0 0 0 0 0 0 0 0 0 0 0 0 0 0 0 0 0 0 0 0 0 0 0 0 0 0 0 0 0 0 0 0 0 0 0 0 0 0 0 0 0 0 0 0 0 0 0 0 0 0 0 0 0 0 0 0 0 0 0 0 0 0 0 0 0 0 0 0 0 0 0 0 0 0 0 0 0 0 0 0 0 0 0 0 0 0 0 0 0 0 0 0 0 0 0 0 0 0 0 0 0 0 0 0 0 0 0 0 0 0 0 0 0 0 0 0 0 0 0 0 0 0 0 0 0 0 0 0 0 0 0 0 0 0 0 0 0 0 0 0 0 0 0 0 0 0 0 0 0 0 0 0 0 0 0 0 0 0 0 0 0 0 0 0 0 0 0 0 0 0 0 0 0 0 0 0 0 0 0 0 0 0 0 0 0 0 0 0 0 0 0 0 0 0 0 0 0 0 0 0 0 0 0 0 0 0 0 0 0 0 0 0 0 0 0 0 0 0 0 0 0 0 0 0 0 0 0 0 0 0 0 0 0 0 0 0 0 0 0 0 0 0 0 0 0 0 0 0 0 0 0 0 0 0 0 0 0 0 0 0 0 0 0 0 0 0 0 0 0 0 0 0 0 0 0 0 0 0 0 0 0 0 0 0 0 0 0 0 0 0 0 0 0 0 0 0 0 0 0 0 0 0 0 0 0 0 0 0 0 0 0 0 0 0 0 0 0 0 0 0 0 0 0 0 0 0 0 0 0 0 0 0 0 0 0 0
 0 0 0 0 0 0 0 0 0 0 0 0 0 0 0 0 0 0 0 0 0 0 0 0 0 0 0 0 0 0 0 0 0 0 0 0 0 0 0 0 0 0 0 0 0 0 0 0 0 0 0 0 0 0 0 0 0 0 0 0 0 0 0 0 0 0 0 0 0 0 0 0 0 0 0 0 0 0 0 0 0 0 0 0 0 0 0 0 0 0 0 0 0 0 0 0 0 0 0 0 0 0 0 0 0 0 0 0 0 0 0 0 0 0 0 0 0 0 0 0 0 0 0 0 0 0 0 0 0 0 0 0 0 0 0 0 0 0 0 0 0 0 0 0 0 0 0 0 0 0 0 0 0 0 0 0 0 0 0 0 0 0 0 0 0 0 0 0 0 0 0 0 0 0 0 0 0 0 0 0 0 0 0 0 0 0 0 0 0 0 0 0 0 0 0 0 0 0 0 0 0 0 0 0 0 0 0 0 0 0 0 0 0 0 0 0 0 0 0 0 0 0 0 0 0 0 0 0 0 0 0 0 0 0 0 0 0 0 0 0 0 0 0 0 0 0 0 0 0 0 0 0 0 0 0 0 0 0 0 0 0 0 0 0 0 0 0 0 0 0 0 0 0 0 0 0 0 0 0 0 0 0 0 0 0 0 0 0 0 0 0 0 0 0 0 0 0 0 0 0 0 0 0 0 0 0 0 0 0 0 0 0 0 0 0 0 0 0 0 0 0 0 0 0 0 0 0 0 0 0 0 0 0 0 0 0 0 0 0 0 0 0 0 0 0 0 0 0 0 0 0 0 0 0 0 0 0 0 0 0 0 0 0 0 0 0 0 0 0 0 0 0 0 0 0 0 0 0 0 0 0 0 0 0 0 0 0 0 0 0 0 0 0 0 0 0 0 0 0 0 0 0 0 0 0 0 0 0 0 0 0 0 0 0 0 0 0 0 0 0 0 0 0 0 0 0 0 0 0 0 0 0 0 0 0 0 0 0 0 0 0 0 0 0 0 0 0 0 0 0 0 0 0 0 0 0 0 0 0 0 0 0 0 0 0 0 0 0 0 0 0 0 0 0 0 0 0 0 0 0 0 0 0 0 0 0 0 0 0 0 0 0 0 0 0 0 0 0 0 0 0 0 0 0 0 0 0 0 0 0 0 0 0 0 0 0 0 0 0 0 0 0 0 0 0 0 0 0 0 0 0 0 0 0 0 0 0 0 0 0 0 0 0 0 0 0 0 0 0 0 0 0 0 0 0 0 0 0 0 0 0 0 0 0 0 0 0 0 0 0 0 0 0 0 0 0 0 0 0 0 0 0 0 0 0 0 0 0 0 0 0 0 0 0 0 0 0 0 0 0


# name: r_0_m13_G0_L0p3_D0p7
# type: matrix
# rows: 1
# columns: 14
 0 -13 0.2 0 0.3 0 -5.595186666666667 0 0 0.06483878273584921 0 113.1666666666667 0.408248290463863 0.7




