# Created by Octave 3.8.2, Mon Jun 19 12:45:18 2017 BST <co1ssj@node117>
# name: result
# type: scalar struct
# ndims: 2
 1 1
# length: 3
# name: params
# type: scalar struct
# ndims: 2
 1 1
# length: 18
# name: cleanup
# type: scalar
0


# name: num_runs
# type: scalar
6


# name: dopamine
# type: scalar
0.7


# name: targetCross
# type: scalar
1


# name: targetLuminance
# type: scalar
0.3


# name: targetWidthX
# type: scalar
6


# name: targetWidthY
# type: scalar
2


# name: fixCross
# type: scalar
1


# name: fixLuminance
# type: scalar
0.2


# name: fixWidthX
# type: scalar
6


# name: fixWidthY
# type: scalar
2


# name: fixOn
# type: scalar
0


# name: targetOff
# type: scalar
1


# name: targetOn
# type: scalar
0.2


# name: fixOff
# type: scalar
0.2


# name: targetThetaX
# type: scalar
0


# name: targetThetaY
# type: scalar
-12


# name: exptnum
# type: scalar
0




# name: r_0_m12_G0_L0p3_D0p7_llbn
# type: matrix
# rows: 24
# columns: 600
 0 0 0 0 0 0 0 0 0 0 0 0 0 0 0 0 0 0 0 0 0 0 0 0 0 0 0 0 0 0 0 0 0 0 0 0 0 0 0 0 0 0 0 0 0 0 0 0 0 0 0 0 0 0 0 0 0 0 0 0 0 0 0 0 0 0 0 0 0 0 0 0 0 0 0 0 0 0 0 0 0 0 0 0 0 0 0 0 0 0 0 0 0 0 0 0 0 0 0 0 0 0 0 0 0 0 0 0 0 0 0 0 0 0 0 0 0 0 0 0 0 0 0 0 0 0 0 0 0 0 0 0 0 0 0 0 0 0 0 0 0 0 0 0 0 0 0 0 0 0 0 0 0 0 0 0 0 0 0 0 0 0 0 0 0 0 0 0 0 0 0 0 0 0 0 0 0 0 0 0 0 0 0 0 0 0 0 0 0 0 0 0 0 0 0 0 0 0 0 0 0 0 0 0 0 0 0 0 0 0 0 0 0 0 0 0 0 0 0 0 0 0 0 0 0 0 0 0 0 0 0 0 0 0 0 0 0 0 0 0 0 0 0 0 0 0 0 0 0 0 0 0 0 0 0 0 0 0 0 0 0 0 0 0 0 0 0 0 0 0 0 0 0 0 0 0 0 0 0 0 0 0 0 0 0 0 0 0 0 0 0 0 0 0 0 0 0 0 0 0 0 0 0 0 0 0 0 0 0 0 0 0 0 0 0 0 0 0 0 0 0 0 0 0 0 0 0 0 0 0 0 0 0 0 0 0 0 0 0 0 0 0 0 0 0 0 0 0 0 0 0 0 0 0 0 0 0 0 0 0 0 0 0 0 0 0 0 0 0 0 0 0 0 0 0 0 0 0 0 0 0 0 0 0 0 0 0 0 0 0 0 0 0 0 0 0 0 0 0 0 0 0 0 0 0 0 0 0 0 0 0 0 0 0 0 0 0 0 0 0 0 0 0 0 0 0 0 0 0 0 0 0 0 0 0 0 0 0 0 0 0 0 0 0 0 0 0 0 0 0 0 0 0 0 0 0 0 0 0 0 0 0 0 0 0 0 0 0 0 0 0 0 0 0 0 0 0 0 0 0 0 0 0 0 0 0 0 0 0 0 0 0 0 0 0 0 0 0 0 0 0 0 0 0 0 0 0 0 0 0 0 0 0 0 0 0 0 0 0 0 0 0 0 0 0 0 0 0 0 0 0 0 0 0 0 0 0 0 0 0 0 0 0 0 0 0 0 0 0 0 0 0 0 0 0 0 0 0 0 0 0 0 0 0 0 0 0 0 0 0 0 0 0 0 0 0 0 0 0 0 0 0 0 0 0 0 0 0 0 0 0 0 0 0 0 0 0 0 0 0
 0 0 0 0 0 0 0 0 0 0 0 0 0 0 0 0 0 0 0 0 0 0 0 0 0 0 0 0 0 0 0 0 0 0 0 0 0 0 0 0 0 0 0 0 0 0 0 0 0 0 0 0 0 0 0 0 0 0 0 0 0 0 0 0 0 0 0 0 0 0 0 0 0 0 0 0 0 0 0 0 0 0 0 0 0 0 0 0 0 0 0 0 0 0 0 0 0 0 0 0 0 0 0 0 0 0 0 0 0 0 0 0 0 0 0 0 0 0 0 0 0 0 0 0 0 0 0 0 0 0 0 0 0 0 0 0 0 0 0 0 0 0 0 0 0 0 0 0 0 0 0 0 0 0 0 0 0 0 0 0 0 0 0 0 0 0 0 0 0 0 0 0 0 0 0 0 0 0 0 0 0 0 0 0 0 0 0 0 0 0 0 0 0 0 0 0 0 0 0 0 0 0 0 0 0 0 0 0 0 0 0 0 0 0 0 0 0 0 0 0 0 0 0 0 0 0 0 0 0 0 0 0 0 0 0 0 0 0 0 0 0 0 0 0 0 0 0 0 0 0 0 0 0 0 0 0 0 0 0 0 0 0 0 0 0 0 0 0 0 0 0 0 0 0 0 0.0003432052908465266 0.001097923377528787 0.00227993936277926 0.003922220319509506 0.006056256592273712 0.008719982579350471 0.01192448753863573 0.01571327447891235 0.02001581713557243 0.02482718415558338 0.03008566610515118 0.0357913002371788 0.04193972051143646 0.04848871380090714 0.05532952025532722 0.06245381012558937 0.06978593766689301 0.07726305723190308 0.08488696068525314 0.09264123439788818 0.1005389988422394 0.1086110100150108 0.1168251261115074 0.1252027153968811 0.133709579706192 0.1422797441482544 0.1509413123130798 0.1596401184797287 0.1683758795261383 0.1771674901247025 0.1844142228364944 0.1886599510908127 0.1889867633581161 0.1847348064184189 0.1754980683326721 0.1667231619358063 0.1583870053291321 0.150467649102211 0.142944261431694 0.1357970535755157 0.1290072053670883 0.1225568428635597 0.1164290010929108 0.1106075495481491 0.1050771698355675 0.09982331097126007 0.09483214467763901 0.09009053558111191 0.08558601140975952 0.08130671083927155 0.07724137604236603 0.07337930798530579 0.06971034407615662 0.0662248283624649 0.06291358917951584 0.05976790934801102 0.05677951499819756 0.0539405383169651 0.05124351009726524 0.04868133366107941 0.04624726623296738 0.0439349040389061 0.04173815995454788 0.03965125232934952 0.03766869008541107 0.0357852540910244 0.03399598971009254 0.03229619190096855 0.03068138286471367 0.0291473139077425 0.02768994867801666 0.02630545198917389 0.02499017864465714 0.02374066971242428 0.02255363576114178 0.02142595313489437 0.02035465463995934 0.01933692209422588 0.01837007515132427 0.0174515713006258 0.01657899282872677 0.01575004309415817 0.01496254093945026 0.01421441417187452 0.01350369304418564 0.01282850839197636 0.01218708325177431 0.01157772913575172 0.01099884230643511 0.01044890005141497 0.009926455095410347 0.009430132806301117 0.008958626538515091 0.008510694839060307 0.00808516051620245 0.007680902257561684 0.007296856958419085 0.006932014133781195 0.006585413590073586 0.006256143096834421 0.005943336058408022 0.005646169185638428 0.005363860633224249 0.00509566767141223 0.004840884357690811 0.004598840139806271 0.004368897993117571 0.004150453023612499 0.003942930139601231 0.00374578358605504 0.003558494383469224 0.003380569629371166 0.003211541101336479 0.003050964092835784 0.002898415783420205 0.002753495005890727 0.002615820150822401 0.002485029166564345 0.002360777696594596 0.002242738846689463 0.002130602020770311 0.002024071989580989 0.001922868425026536 0.001826724968850613 0.001735388766974211 0.001648619305342436 0.001566188293509185 0.001487878849729896 0.001413484918884933 0.001342810690402985 0.001275670132599771 0.001211886643432081 0.001151292352005839 0.001093727769330144 0.001039041439071298 0.0009870893554762006 0.0009377349051646888 0.0008908481686376035 0.0008463057456538081 0.0008039904641918838 0.0007637909147888422 0.0007256013923324645 0.0006893213139846921 0.0006548552773892879 0.0006221125368028879 0.0005910068866796792 0.0005614565452560782 0.0005333836888894439 0.0005067145102657378 0.0004813787818420678 0.0004573098558466882 0.0004344443732406944 0.0004127221473027021 0.0003920860472135246 0.0003724817361216992 0.0003538576420396566 0.0003361647541169077 0.0003193565062247217 0.0003033886896446347 0.0002882192493416369 0.000273808283964172 0.0002601178712211549 0.0002471119805704802 0.0002347563859075308 0.0002230185637017712 0.0002118676347890869 0.0002012742479564622 0.0001912105362862349 0.0001816500152926892 0.0001725675101624802 0.000163939141202718 0.000155742178321816 0.000147955070133321 0.0001405573129886761 0.0001335294509772211 0.0001268529740627855 0.0001205103253596462 0.0001144848065450788 0.0001087605633074418 0.0001033225344144739 9.815640805754811e-05 9.324858547188342e-05 8.858615910867229e-05 8.41568544274196e-05 7.994900806806982e-05 7.595156057504937e-05 7.215398363769054e-05 6.854628736618906e-05 6.511897663585842e-05 6.186302925925702e-05 5.876987779629417e-05 5.58313840883784e-05 5.303981379256584e-05 5.038782182964496e-05 4.786843055626377e-05 4.547500793705694e-05 4.320125663070939e-05 4.104119216208346e-05 3.898913200828247e-05 3.703967377077788e-05 3.518769153743051e-05 3.342830677866004e-05 3.175689198542386e-05 3.016904702235479e-05 2.866059548978228e-05 2.72275665338384e-05 2.586618757050019e-05 2.457287882862147e-05 2.334423516003881e-05 2.21770242205821e-05 2.106817373714875e-05 2.001476423174608e-05 1.901402538351249e-05 1.806332329579163e-05 1.716015685815364e-05 1.630214865144808e-05 1.548704130982514e-05 1.471268933528336e-05 1.397705455019604e-05 1.327820154983783e-05 1.261429133592173e-05 1.198357676912565e-05 1.138439802161884e-05 1.081517802958842e-05 1.027441885526059e-05 9.760698048921768e-06 9.272663191950414e-06 8.809030077827629e-06 8.368578164663631e-06 7.950149665703066e-06 7.552642273367383e-06 7.175010068749543e-06 6.816259428887861e-06 6.475446298281895e-06 6.151673915155698e-06 5.844090082973707e-06 5.551885806198698e-06 5.274291652312968e-06 5.010577297070995e-06 4.760048341267975e-06 4.522045855992474e-06 4.29594365414232e-06 4.081146471435204e-06 3.877089056913974e-06 3.683234581330908e-06 3.499072818158311e-06 3.324119234093814e-06 3.157913170070969e-06 3.000017613885575e-06 2.850016699085245e-06 2.707515932343085e-06 2.572140147094615e-06 2.443533048790414e-06 2.321356305401423e-06 2.205288410550565e-06 2.095024001391721e-06 1.990272721741349e-06 1.890759108391649e-06 1.796221113181673e-06 1.706410102997324e-06 1.621089609216142e-06 1.540035100333625e-06 1.463033299842209e-06 1.389881617797073e-06 1.320387582381954e-06 1.254368157788122e-06 1.191649744214374e-06 1.132067268372339e-06 1.075463956112799e-06 1.021690763991501e-06 9.706062655823189e-07 9.220759693562286e-07 8.759721481510496e-07 8.321735549543519e-07 7.905648544692667e-07 7.510366231144872e-07 7.13484780590079e-07 6.778105330340622e-07 6.439200319618976e-07 6.117240332059737e-07 5.811378400721878e-07 5.520809622794332e-07 5.24476888585923e-07 4.982530299457721e-07 4.733403784484835e-07 4.496733652104012e-07 4.271896898444538e-07 4.058302067733166e-07 3.855386978557362e-07 3.66261758699693e-07 3.479486849755631e-07 3.30551245042443e-07 3.140236799481499e-07 2.983225044772553e-07 2.834063934642472e-07 2.69236068106693e-07 2.557742675435293e-07 2.429855499030964e-07 2.308362780922835e-07 2.192944634771266e-07 2.083297374610993e-07 1.979132520091298e-07 1.880175943824725e-07 1.786167160844343e-07 1.696858760169562e-07 1.612015836371938e-07 1.53141499481535e-07 1.454844209547446e-07 1.382101970648364e-07 0.0002539288834668696 0.0008154513197951019 0.001651531900279224 0.00273181451484561 0.004040986299514771 0.005568360444158316 0.007301014382392168 0.009221307933330536 0.01131251268088818 0.01355324406176805 0.01591361127793789 0.01839086227118969 0.02095984108746052 0.02361403405666351 0.02636030316352844 0.02920299209654331
 0 0 0 0 0 0 0 0 0 0 0 0 0 0 0 0 0 0 0 0 0 0 0 0 0 0 0 0 0 0 0 0 0 0 0 0 0 0 0 0 0 0 0 0 0 0 0 0 0 0 0 0 0 0 0 0 0 0 0 0 0 0 0 0 0 0 0 0 0 0 0 0 0 0 0 0 0 0 0 0 0 0 0 0 0 0 0 0 0 0 0 0 0 0 0 0 0 0 0 0 0 0 0 0 0 0 0 0 0 0 0 0 0 0 0 0 0 0 0 0 0 0 0 0 0 0 0 0 0 0 0 0 0 0 0 0 0 0 0 0 0 0 0 0 0 0 0 0 0 0 0 0 0 0 0 0 0 0 0 0 0 0 0 0 0 0 0 0 0 0 0 0 0 0 0 0 0 0 0 0 0 0 0 0 0 0 0 0 0 0 0 0 0 0 0 0 0 0 0 0 0 0 0 0 0 0 0 0 0 0 0 0 0 0 0 0 0 0 0 0 0 0 0 0 0 0 0 0 0 0 0 0 0 0 0 0 0 0 0 0 0 0 0 0 0 0 0 0 0 0 0 0 0 0 0 0 0 0 0 0 0 0 0 0 0 0 0 0 0 0 0 0 0 0 0 0 0 0 0 0 0 0 0 0 0 0 0 0 0 0 0 0 0 0 0 0 0 0 0 0 0 0 0 0 0 0 0 0 0 0 0 0 0 0 0 0 0 0 0 0 0 0 0 0 0 0 0 0 0 0 0 0 0 0 0 0 0 0 0 0 0 0 0 0 0 0 0 0 0 0 0 0 0 0 0 0 0 0 0 0 0 0 0 0 0 0 0 0 0 0 0 0 0 0 0 0 0 0 0 0 0 0 0 0 0 0 0 0 0 0 0 0 0 0 0 0 0 0 0 0 0 0 0 0 0 0 0 0 0 0 0 0 0 0 0 0 0 0 0 0 0 0 0 0 0 0 0 0 0 0 0 0 0 0 0 0 0 0 0 0 0 0 0 0 0 0 0 0 0 0 0 0 0 0 0 0 0 0 0 0 0 0 0 0 0 0 0 0 0 0 0 0 0 0 0 0 0 0 0 0 0 0 0 0 0 0 0 0 0 0 0 0 0 0 0 0 0 0 0 0 0 0 0 0 0 0 0 0 0 0 0 0 0 0 0 0 0 0 0 0 0 0 0 0 0 0 0 0 0 0 0 0 0 0 0 0 0 0 0 0 0 0 0 0 0 0 0 0 0 0 0 0 0 0 0 0 0 0 0 0 0 0 0 0 0 0 0 0 0 0 0 0 0 0 0 0 0 0 0 0 0 0 0 0 0 0 0 0 0 0 0 0 0 0 0 0 0 0 0 0
 0 0 0 0 0 0 0 0 0 0 0 0 0 0 0 0 0 0 0 0 0 0 0 0 0 0 0 0 0 0 0 0 0 0 0 0 0 0 0 0 0 0 0 0 0 0 0 0 0 0 0 0 0 0 0 0 0 0 0 0 0 0 0 0 0 0 0 0 0 0 0 0 0 0 0 0 0 0 0 0 0 0 0 0 0 0 0 0 0 0 0 0 0 0 0 0 0 0 0 0 0 0 0 0 0 0 0 0 0 0 0 0 0 0 0 0 0 0 0 0 0 0 0 0 0 0 0 0 0 0 0 0 0 0 0 0 0 0 0 0 0 0 0 0 0 0 0 0 0 0 0 0 0 0 0 0 0 0 0 0 0 0 0 0 0 0 0 0 0 0 0 0 0 0 0 0 0 0 0 0 0 0 0 0 0 0 0 0 0 0 0 0 0 0 0 0 0 0 0 0 0 0 0 0 0 0 0 0 0 0 0 0 0 0 0 0 0 0 0 0 0 0 0 0 0 0 0 0 0 0 0 0 0 0 0 0 0 0 0 0 0 0 0 0 0 0 0 0 0 0 0 0 0 0 0 0 0 0 0 0 0 0 0 0 0 0 0 0 0 0 0 0 0 0 0 0 0 0 0 0 0 0 0 0 0 0 0 0 0 0 0 0 0 0 0 0 0 0 0 0 0 0 0 0 0 0 0 0 0 0 0 0 0 0 0 0 0 0 0 0 0 0 0 0 0 0 0 0 0 0 0 0 0 0 0 0 0 0 0 0 0 0 0 0 0 0 0 0 0 0 0 0 0 0 0 0 0 0 0 0 0 0 0 0 0 0 0 0 0 0 0 0 0 0 0 0 0 0 0 0 0 0 0 0 0 0 0 0 0 0 0 0 0 0 0 0 0 0 0 0 0 0 0 0 0 0 0 0 0 0 0 0 0 0 0 0 0 0 0 0 0 0 0 0 0 0 0 0 0 0 0 0 0 0 0 0 0 0 0 0 0 0 0 0 0 0 0 0 0 0 0 0 0 0 0 0 0 0 0 0 0 0 0 0 0 0 0 0 0 0 0 0 0 0 0 0 0 0 0 0 0 0 0 0 0 0 0 0 0 0 0 0 0 0 0 0 0 0 0 0 0 0 0 0 0 0 0 0 0 0 0 0 0 0 0 0 0 0 0 0 0 0 0 0 0 0 0 0 0 0 0 0 0 0 0 0 0 0 0 0 0 0 0 0 0 0 0 0 0 0 0 0 0 0 0 0 0 0 0 0 0 0 0 0 0 0 0 0 0 0 0 0 0 0 0 0 0 0 0 0 0 0 0 0 0 0 0 0 0 0 0 0 0 0 0 0 0 0 0 0
 0 0 0 0 0 0 0 0 0 0 0 0 0 0 0 0 0 0 0 0 0 0 0 0 0 0 0 0 0 0 0 0 0 0 0 0 0 0 0 0 0 0 0 0 0 0 0 0 0 0 0 0 0 0 0 0 0 0 0 0 0 0 0 0 0 0 0 0 0 0 0 0 0 0 0 0 0 0 0 0 0 0 0 0 0 0 0 0 0 0 0 0 0 0 0 0 0 0 0 0 0 0 0 0 0 0 0 0 0 0 0 0 0 0 0 0 0 0 0 0 0 0 0 0 0 0 0 0 0 0 0 0 0 0 0 0 0 0 0 0 0 0 0 0 0 0 0 0 0 0 0 0 0 0 0 0 0 0 0 0 0 0 0 0 0 0 0 0 0 0 0 0 0 0 0 0 0 0 0 0 0 0 0 0 0 0 0 0 0 0 0 0 0 0 0 0 0 0 0 0 0 0 0 0 0 0 0 0 0 0 0 0 0 0 0 0 0 0 0 0 0 0 0 0 0 0 0 0 0 0 0 0 0 0 0 0 0 0 0 0 0 0 0 0 0 0 0 0 0 0 0 0 0 0 0 0 0 0 0 0 0 0 0 0 0 0 0 0 0 0 0 0 0 0 0 0 0 0 0 0 0 0 0 0 0 0 0 0 0 0 0 0 0 0 0 0 0 0 0 0 0 0 0 0 0 0 0 0 0 0 0 0 0 0 0 0 0 0 0 0 0 0 0 0 0 0 0 0 0 0 0 0 0 0 0 0 0 0 0 0 0 0 0 0 0 0 0 0 0 0 0 0 0 0 0 0 0 0 0 0 0 0 0 0 0 0 0 0 0 0 0 0 0 0 0 0 0 0 0 0 0 0 0 0 0 0 0 0 0 0 0 0 0 0 0 0 0 0 0 0 0 0 0 0 0 0 0 0 0 0 0 0 0 0 0 0 0 0 0 0 0 0 0 0 0 0 0 0 0 0 0 0 0 0 0 0 0 0 0 0 0 0 0 0 0 0 0 0 0 0 0 0 0 0 0 0 0 0 0 0 0 0 0 0 0 0 0 0 0 0 0 0 0 0 0 0 0 0 0 0 0 0 0 0 0 0 0 0 0 0 0 0 0 0 0 0 0 0 0 0 0 0 0 0 0 0 0 0 0 0 0 0 0 0 0 0 0 0 0 0 0 0 0 0 0 0 0 0 0 0 0 0 0 0 0 0 0 0 0 0 0 0 0 0 0 0 0 0 0 0 0 0 0 0 0 0 0 0 0 0 0 0 0 0 0 0 0 0 0 0 0 0 0 0 0 0 0 0 0 0 0 0 0 0 0 0 0 0 0 0 0 0 0 0 0 0 0 0 0 0
 0 0 0 0 0 0 0 0 0 0 0 0 0 0 0 0 0 0 0 0 0 0 0 0 0 0 0 0 0 0 0 0 0 0 0 0 0 0 0 0 0 0 0 0 0 0 0 0 0 0 0 0 0 0 0 0 0 0 0 0 0 0 0 0 0 0 0 0 0 0 0 0 0 0 0 0 0 0 0 0 0 0 0 0 0 0 0 0 0 0 0 0 0 0 0 0 0 0 0 0 0 0 0 0 0 0 0 0 0 0 0 0 0 0 0 0 0 0 0 0 0 0 0 0 0 0 0 0 0 0 0 0 0 0 0 0 0 0 0 0 0 0 0 0 0 0 0 0 0 0 0 0 0 0 0 0 0 0 0 0 0 0 0 0 0 0 0 0 0 0 0 0 0 0 0 0 0 0 0 0 0 0 0 0 0 0 0 0 0 0 0 0 0 0 0 0 0 0 0 0 0 0 0 0 0 0 0 0 0 0 0 0 0 0 0 0 0 0 0 0 0 0 0 0 0 0 0 0 0 0 0 0 0 0 0 0 0 0 0 0 0 0 0 0 0 0 0 0 0 0 0 0 0 0 0 0 0 0 0 0 0 0 0 0 0 0 0 0 0 0 0 0 0 0 0 0.0001281072327401489 0.0006573849823325872 0.001614170963875949 0.00301046553067863 0.004876538179814816 0.007244181353598833 0.0101423179730773 0.01360379718244076 0.01765888184309006 0.02222801744937897 0.02736085653305054 0.0329895131289959 0.03904186934232712 0.04552400857210159 0.05237052217125893 0.0594610869884491 0.06680845469236374 0.07440495491027832 0.08218152076005936 0.09011508524417877 0.09821587800979614 0.1064776629209518 0.1148635745048523 0.1233995705842972 0.1320837587118149 0.1408750712871552 0.1497360169887543 0.1586034893989563 0.167501226067543 0.1764463484287262 0.1845551580190659 0.1900924444198608 0.191955104470253 0.1893537640571594 0.1818065941333771 0.1727162599563599 0.1640804409980774 0.155876412987709 0.1480825990438461 0.1406784653663635 0.1336445361375809 0.1269623041152954 0.1206141859292984 0.1145834773778915 0.1088543012738228 0.1034115850925446 0.09824100881814957 0.09332896023988724 0.08866251260042191 0.08422938734292984 0.08001791685819626 0.07601702213287354 0.07221616804599762 0.06860536336898804 0.06517509371042252 0.06191634014248848 0.05882052332162857 0.05587949603796005 0.05308552086353302 0.05043124407529831 0.0479096807539463 0.04551419615745544 0.04323848709464073 0.04107656329870224 0.03902273625135422 0.0370716005563736 0.0352180190384388 0.03345711901783943 0.03178426250815392 0.03019504994153976 0.02868529781699181 0.02725103311240673 0.0258884821087122 0.02459405735135078 0.0233643539249897 0.02219613641500473 0.02108632959425449 0.020032012835145 0.01903041265904903 0.0180788915604353 0.01717494614422321 0.01631619967520237 0.01550038997083902 0.01472537033259869 0.01398910209536552 0.01328964717686176 0.01262516528367996 0.01199390739202499 0.01139421202242374 0.01082450151443481 0.01028327643871307 0.009769112803041935 0.009280657395720482 0.00881662406027317 0.008375792764127254 0.007957003079354763 0.007559152785688639 0.007181195076555014 0.006822135299444199 0.006481028627604246 0.006156977266073227 0.005849128589034081 0.005556672345846891 0.00527883879840374 0.005014896858483553 0.004764152225106955 0.004525944590568542 0.0042996471747756 0.004084664862602949 0.003880431642755866 0.003686410142108798 0.003502089530229568 0.00332698505371809 0.003160635707899928 0.003002604003995657 0.002852473873645067 0.002709850203245878 0.00257435766980052 0.002445639809593558 0.002323357854038477 0.002207190031185746 0.002096830634400249 0.001991989091038704 0.001892389613203704 0.001797770150005817 0.001707881689071655 0.001622487558051944 0.001541363191790879 0.00146429508458823 0.001391080324538052 0.001321526360698044 0.001255450071766973 0.001192677533254027 0.001133043668232858 0.00107639143243432 0.001022571814246476 0.0009714432526379824 0.0009228711132891476 0.0008767275721766055 0.0008328912081196904 0.000791246653534472 0.0007516843033954501 0.0007141000824049115 0.0006783950957469642 0.000644475338049233 0.0006122515769675374 0.0005816390039399266 0.0005525570595636964 0.0005249292007647455 0.000498682726174593 0.0004737486015073955 0.0004500611685216427 0.0004275581159163266 0.0004061802173964679 0.0003858712152577937 0.0003665776457637548 0.0003482487518340349 0.0003308363084215671 0.0003142945060972124 0.0002985797764267772 0.0002836507919710129 0.000269468262558803 0.0002559948479756713 0.0002431950997561216 0.0002310353447683156 0.0002194835833506659 0.0002085094020003453 0.0001980839297175407 0.0001881797361420467 0.0001787707442417741 0.0001698322012089193 0.0001613405911484733 0.0001532735623186454 0.0001456098834751174 0.0001383293856633827 0.0001314129185630009 0.0001248422777280211 0.000118600160931237 0.000112670153612271 0.0001070366488420404 0.0001016848182189278 9.660057548899204e-05 9.17705474421382e-05 8.718202298041433e-05 8.28229240141809e-05 7.868177635828033e-05 7.47476879041642e-05 7.101030496414751e-05 6.745979044353589e-05 6.408680201275274e-05 6.088246300350875e-05 5.783834058092907e-05 5.49464239156805e-05 5.219910235609859e-05 4.958914723829366e-05 4.710969005827792e-05 4.475420428207144e-05 4.251649443176575e-05 4.039067061967216e-05 3.837113763438538e-05 3.645258038886823e-05 3.462995300651528e-05 3.289845699327998e-05 3.125353396171704e-05 2.969085653603543e-05 2.820631380018312e-05 2.679599856492132e-05 2.545619827287737e-05 2.418338772258721e-05 2.297421815455891e-05 2.182550815632567e-05 2.073423274850938e-05 1.969752156583127e-05 1.871264612418599e-05 1.777701436367352e-05 1.688816337264143e-05 1.604375574970618e-05 1.524156778032193e-05 1.447948943678057e-05 1.375551528326469e-05 1.306773992837407e-05 1.241435256815748e-05 1.179363516712328e-05 1.120395336329238e-05 1.064375555870356e-05 1.011156746244524e-05 9.605989362171385e-06 9.125689757638611e-06 8.669405360706151e-06 8.235934728872962e-06 7.824138265277725e-06 7.432931397488574e-06 7.061285032250453e-06 6.708221008011606e-06 6.37280982118682e-06 6.054169261915376e-06 5.75146077608224e-06 5.463887646328658e-06 5.190693173062755e-06 4.931158400722779e-06 4.6846002987877e-06 4.450370397535153e-06 4.227852059557335e-06 4.016459570266306e-06 3.815636773651931e-06 3.624855025918805e-06 3.443612285991549e-06 3.271431751272758e-06 3.107860266027274e-06 2.952467184513807e-06 2.804843916237587e-06 2.664601652213605e-06 2.531371592340292e-06 2.404803126410116e-06 2.284562924614875e-06 2.170334710172028e-06 2.06181789508264e-06 1.958726898010354e-06 1.860790575847204e-06 1.767751086845237e-06 1.679363549556001e-06 1.595395360709517e-06 1.515625626780093e-06 1.439844368178456e-06 1.367852178191242e-06 1.299459540859971e-06 1.234486603607365e-06 1.172762267742655e-06 1.114124188461574e-06 1.058417979038495e-06 1.005497097139596e-06 9.552222763886675e-07 9.074611853066017e-07 8.620881430942973e-07 8.189837217287277e-07 7.780345185892656e-07 7.391328153971699e-07 7.021761803116533e-07 6.67067354243045e-07 6.337139666356961e-07 6.020282512508857e-07 5.719268187931448e-07 5.433304863800004e-07 5.161639364814619e-07 4.903557169200212e-07 4.658379282318492e-07 4.425460247148294e-07 4.204187291634298e-07 3.993978054950276e-07 3.794279166413617e-07 3.604565108616953e-07 3.424336796342686e-07 3.253119871260424e-07 3.090463849275693e-07 2.935940699444473e-07 2.789143707104813e-07 2.649686621225555e-07 2.517202233320859e-07 2.391342093233106e-07 2.271774945938887e-07 2.158186163114806e-07 2.050276890486202e-07 1.94776305306732e-07 1.850374928835663e-07 1.75785615397217e-07 1.66996329653557e-07 1.586465145919647e-07 1.507141860201955e-07 1.431784824035276e-07 1.360195653887786e-07 0.0002047400921583176 0.0007206450100056827 0.001534528564661741 0.002606576075777411 0.003907973412424326 0.005439547821879387 0.007185834459960461 0.00912878941744566 0.01125131081789732 0.01350796595215797 0.01589256525039673 0.01839747652411461 0.02100803330540657 0.02371686697006226 0.02652236074209213
 0 0 0 0 0 0 0 0 0 0 0 0 0 0 0 0 0 0 0 0 0 0 0 0 0 0 0 0 0 0 0 0 0 0 0 0 0 0 0 0 0 0 0 0 0 0 0 0 0 0 0 0 0 0 0 0 0 0 0 0 0 0 0 0 0 0 0 0 0 0 0 0 0 0 0 0 0 0 0 0 0 0 0 0 0 0 0 0 0 0 0 0 0 0 0 0 0 0 0 0 0 0 0 0 0 0 0 0 0 0 0 0 0 0 0 0 0 0 0 0 0 0 0 0 0 0 0 0 0 0 0 0 0 0 0 0 0 0 0 0 0 0 0 0 0 0 0 0 0 0 0 0 0 0 0 0 0 0 0 0 0 0 0 0 0 0 0 0 0 0 0 0 0 0 0 0 0 0 0 0 0 0 0 0 0 0 0 0 0 0 0 0 0 0 0 0 0 0 0 0 0 0 0 0 0 0 0 0 0 0 0 0 0 0 0 0 0 0 0 0 0 0 0 0 0 0 0 0 0 0 0 0 0 0 0 0 0 0 0 0 0 0 0 0 0 0 0 0 0 0 0 0 0 0 0 0 0 0 0 0 0 0 0 0 0 0 0 0 0 0 0 0 0 0 0 0 0 0 0 0 0 0 0 0 0 0 0 0 0 0 0 0 0 0 0 0 0 0 0 0 0 0 0 0 0 0 0 0 0 0 0 0 0 0 0 0 0 0 0 0 0 0 0 0 0 0 0 0 0 0 0 0 0 0 0 0 0 0 0 0 0 0 0 0 0 0 0 0 0 0 0 0 0 0 0 0 0 0 0 0 0 0 0 0 0 0 0 0 0 0 0 0 0 0 0 0 0 0 0 0 0 0 0 0 0 0 0 0 0 0 0 0 0 0 0 0 0 0 0 0 0 0 0 0 0 0 0 0 0 0 0 0 0 0 0 0 0 0 0 0 0 0 0 0 0 0 0 0 0 0 0 0 0 0 0 0 0 0 0 0 0 0 0 0 0 0 0 0 0 0 0 0 0 0 0 0 0 0 0 0 0 0 0 0 0 0 0 0 0 0 0 0 0 0 0 0 0 0 0 0 0 0 0 0 0 0 0 0 0 0 0 0 0 0 0 0 0 0 0 0 0 0 0 0 0 0 0 0 0 0 0 0 0 0 0 0 0 0 0 0 0 0 0 0 0 0 0 0 0 0 0 0 0 0 0 0 0 0 0 0 0 0 0 0 0 0 0 0 0 0 0 0 0 0 0 0 0 0 0 0 0 0 0 0 0 0 0 0 0 0 0 0 0 0 0 0 0 0 0 0 0 0 0 0 0 0 0 0 0 0 0 0 0 0 0 0 0 0 0 0
 0 0 0 0 0 0 0 0 0 0 0 0 0 0 0 0 0 0 0 0 0 0 0 0 0 0 0 0 0 0 0 0 0 0 0 0 0 0 0 0 0 0 0 0 0 0 0 0 0 0 0 0 0 0 0 0 0 0 0 0 0 0 0 0 0 0 0 0 0 0 0 0 0 0 0 0 0 0 0 0 0 0 0 0 0 0 0 0 0 0 0 0 0 0 0 0 0 0 0 0 0 0 0 0 0 0 0 0 0 0 0 0 0 0 0 0 0 0 0 0 0 0 0 0 0 0 0 0 0 0 0 0 0 0 0 0 0 0 0 0 0 0 0 0 0 0 0 0 0 0 0 0 0 0 0 0 0 0 0 0 0 0 0 0 0 0 0 0 0 0 0 0 0 0 0 0 0 0 0 0 0 0 0 0 0 0 0 0 0 0 0 0 0 0 0 0 0 0 0 0 0 0 0 0 0 0 0 0 0 0 0 0 0 0 0 0 0 0 0 0 0 0 0 0 0 0 0 0 0 0 0 0 0 0 0 0 0 0 0 0 0 0 0 0 0 0 0 0 0 0 0 0 0 0 0 0 0 0 0 0 0 0 0 0 0 0 0 0 0 0 0 0 0 0 0 0 0 0 0 0 0 0 0 0 0 0 0 0 0 0 0 0 0 0 0 0 0 0 0 0 0 0 0 0 0 0 0 0 0 0 0 0 0 0 0 0 0 0 0 0 0 0 0 0 0 0 0 0 0 0 0 0 0 0 0 0 0 0 0 0 0 0 0 0 0 0 0 0 0 0 0 0 0 0 0 0 0 0 0 0 0 0 0 0 0 0 0 0 0 0 0 0 0 0 0 0 0 0 0 0 0 0 0 0 0 0 0 0 0 0 0 0 0 0 0 0 0 0 0 0 0 0 0 0 0 0 0 0 0 0 0 0 0 0 0 0 0 0 0 0 0 0 0 0 0 0 0 0 0 0 0 0 0 0 0 0 0 0 0 0 0 0 0 0 0 0 0 0 0 0 0 0 0 0 0 0 0 0 0 0 0 0 0 0 0 0 0 0 0 0 0 0 0 0 0 0 0 0 0 0 0 0 0 0 0 0 0 0 0 0 0 0 0 0 0 0 0 0 0 0 0 0 0 0 0 0 0 0 0 0 0 0 0 0 0 0 0 0 0 0 0 0 0 0 0 0 0 0 0 0 0 0 0 0 0 0 0 0 0 0 0 0 0 0 0 0 0 0 0 0 0 0 0 0 0 0 0 0 0 0 0 0 0 0 0 0 0 0 0 0 0 0 0 0 0 0 0 0 0 0 0 0 0 0 0 0 0 0 0 0 0 0 0 0 0 0 0 0 0 0
 0 0 0 0 0 0 0 0 0 0 0 0 0 0 0 0 0 0 0 0 0 0 0 0 0 0 0 0 0 0 0 0 0 0 0 0 0 0 0 0 0 0 0 0 0 0 0 0 0 0 0 0 0 0 0 0 0 0 0 0 0 0 0 0 0 0 0 0 0 0 0 0 0 0 0 0 0 0 0 0 0 0 0 0 0 0 0 0 0 0 0 0 0 0 0 0 0 0 0 0 0 0 0 0 0 0 0 0 0 0 0 0 0 0 0 0 0 0 0 0 0 0 0 0 0 0 0 0 0 0 0 0 0 0 0 0 0 0 0 0 0 0 0 0 0 0 0 0 0 0 0 0 0 0 0 0 0 0 0 0 0 0 0 0 0 0 0 0 0 0 0 0 0 0 0 0 0 0 0 0 0 0 0 0 0 0 0 0 0 0 0 0 0 0 0 0 0 0 0 0 0 0 0 0 0 0 0 0 0 0 0 0 0 0 0 0 0 0 0 0 0 0 0 0 0 0 0 0 0 0 0 0 0 0 0 0 0 0 0 0 0 0 0 0 0 0 0 0 0 0 0 0 0 0 0 0 0 0 0 0 0 0 0 0 0 0 0 0 0 0 0 0 0 0 0 0 0 0 0 0 0 0 0 0 0 0 0 0 0 0 0 0 0 0 0 0 0 0 0 0 0 0 0 0 0 0 0 0 0 0 0 0 0 0 0 0 0 0 0 0 0 0 0 0 0 0 0 0 0 0 0 0 0 0 0 0 0 0 0 0 0 0 0 0 0 0 0 0 0 0 0 0 0 0 0 0 0 0 0 0 0 0 0 0 0 0 0 0 0 0 0 0 0 0 0 0 0 0 0 0 0 0 0 0 0 0 0 0 0 0 0 0 0 0 0 0 0 0 0 0 0 0 0 0 0 0 0 0 0 0 0 0 0 0 0 0 0 0 0 0 0 0 0 0 0 0 0 0 0 0 0 0 0 0 0 0 0 0 0 0 0 0 0 0 0 0 0 0 0 0 0 0 0 0 0 0 0 0 0 0 0 0 0 0 0 0 0 0 0 0 0 0 0 0 0 0 0 0 0 0 0 0 0 0 0 0 0 0 0 0 0 0 0 0 0 0 0 0 0 0 0 0 0 0 0 0 0 0 0 0 0 0 0 0 0 0 0 0 0 0 0 0 0 0 0 0 0 0 0 0 0 0 0 0 0 0 0 0 0 0 0 0 0 0 0 0 0 0 0 0 0 0 0 0 0 0 0 0 0 0 0 0 0 0 0 0 0 0 0 0 0 0 0 0 0 0 0 0 0 0 0 0 0 0 0 0 0 0 0 0 0 0 0 0 0 0 0 0 0 0
 0 0 0 0 0 0 0 0 0 0 0 0 0 0 0 0 0 0 0 0 0 0 0 0 0 0 0 0 0 0 0 0 0 0 0 0 0 0 0 0 0 0 0 0 0 0 0 0 0 0 0 0 0 0 0 0 0 0 0 0 0 0 0 0 0 0 0 0 0 0 0 0 0 0 0 0 0 0 0 0 0 0 0 0 0 0 0 0 0 0 0 0 0 0 0 0 0 0 0 0 0 0 0 0 0 0 0 0 0 0 0 0 0 0 0 0 0 0 0 0 0 0 0 0 0 0 0 0 0 0 0 0 0 0 0 0 0 0 0 0 0 0 0 0 0 0 0 0 0 0 0 0 0 0 0 0 0 0 0 0 0 0 0 0 0 0 0 0 0 0 0 0 0 0 0 0 0 0 0 0 0 0 0 0 0 0 0 0 0 0 0 0 0 0 0 0 0 0 0 0 0 0 0 0 0 0 0 0 0 0 0 0 0 0 0 0 0 0 0 0 0 0 0 0 0 0 0 0 0 0 0 0 0 0 0 0 0 0 0 0 0 0 0 0 0 0 0 0 0 0 0 0 0 0 0 0 0 0 0 0 0 0 0 0 0 0 0 0 0 0 0 0 0 0 0 0 0.0002965849416796118 0.001008566119708121 0.002137763891369104 0.003697875887155533 0.005732280667871237 0.008280176669359207 0.01135443709790707 0.01498635206371546 0.01915671303868294 0.02386424504220486 0.02910572662949562 0.03479468449950218 0.04092388227581978 0.04747573658823967 0.05430665612220764 0.06140308082103729 0.06873917579650879 0.0762646347284317 0.08395451307296753 0.09179273247718811 0.09977506101131439 0.1079098433256149 0.1161473169922829 0.1245232075452805 0.1330310255289078 0.1416298747062683 0.1502997577190399 0.1590070873498917 0.1677391231060028 0.1765111982822418 0.1839055567979813 0.1884021908044815 0.1890081167221069 0.1851096451282501 0.1762320101261139 0.1674204170703888 0.159049391746521 0.1510969251394272 0.14354208111763 0.1363649815320969 0.129546731710434 0.1230693981051445 0.1169159263372421 0.1110701262950897 0.1055166199803352 0.1002407893538475 0.09522874653339386 0.09046731144189835 0.08594394475221634 0.08164674788713455 0.07756441086530685 0.07368618994951248 0.07000187784433365 0.06650178134441376 0.06317669153213501 0.06001785770058632 0.05701696500182152 0.05416611582040787 0.05145781114697456 0.04888492077589035 0.04644067585468292 0.04411864280700684 0.04191271215677261 0.03981707617640495 0.03782622143626213 0.03593491017818451 0.03413816541433334 0.03243125602602959 0.03080969303846359 0.02926920913159847 0.02780574932694435 0.02641546167433262 0.02509468793869019 0.02383995428681374 0.02264795638620853 0.02151555940508842 0.02043978124856949 0.01941779255867004 0.0184469036757946 0.01752455905079842 0.01664833165705204 0.01581591553986073 0.01502512022852898 0.01427386421710253 0.01356017123907804 0.01288216281682253 0.01223805453628302 0.01162615139037371 0.01104484405368567 0.01049260143190622 0.009967971593141556 0.009469573386013508 0.008996094577014446 0.00854628998786211 0.008118975907564163 0.00771302729845047 0.007327375933527946 0.006961007136851549 0.006612956989556551 0.00628230907022953 0.005968193523585796 0.005669783800840378 0.005386294797062874 0.00511698005720973 0.004861130844801664 0.004618074279278517 0.004387170542031527 0.004167811945080757 0.003959421534091234 0.003761450527235866 0.003573378082364798 0.003394709201529622 0.003224973799660802 0.003063725074753165 0.002910538809373975 0.002765011973679066 0.002626761328428984 0.002495423192158341 0.002370652044191957 0.002252119360491633 0.00213951338082552 0.002032537711784244 0.001930910861119628 0.001834365306422114 0.001742647029459476 0.001655514701269567 0.001572738983668387 0.001494102063588798 0.001419396954588592 0.001348427147604525 0.001281005796045065 0.001216955482959747 0.001156107755377889 0.001098302425816655 0.001043387339450419 0.0009912180248647928 0.000941657111980021 0.0008945742738433182 0.0008498455863445997 0.0008073532953858376 0.0007669856422580779 0.0007286363397724926 0.0006922045140527189 0.0006575942970812321 0.0006247145938687027 0.0005934788496233523 0.0005638049333356321 0.0005356146721169353 0.000508833909407258 0.0004833922139368951 0.0004592225886881351 0.0004362614708952606 0.0004144483827985823 0.0003937259607482702 0.0003740396641660482 0.0003553376882337034 0.000337570789270103 0.0003206922556273639 0.0003046576457563788 0.0002894247591029853 0.0002749535196926445 0.0002612058306112885 0.0002481455449014902 0.0002357382618356496 0.0002239513560198247 0.0002127537882188335 0.0002021161053562537 0.0001920102949952707 0.0001824097853386775 0.0001732892997097224 0.0001646248274482787 0.0001563935802550986 0.0001485739048803225 0.0001411452103639022 0.0001340879534836859 0.000127383551443927 0.0001210143745993264 0.000114963659143541 0.0001092154780053534 0.0001037547044688836 9.856696851784363e-05 9.363862045574933e-05 8.895668725017458e-05 8.450885070487857e-05 8.028341108001769e-05 7.626924343639985e-05 7.245578308356926e-05 6.883299647597596e-05 6.539134483318776e-05 6.212177686393261e-05 5.901568874833174e-05 5.606490594800562e-05 5.32616613782011e-05 5.05985772178974e-05 4.806864671991207e-05 4.566521602100693e-05 4.338195503805764e-05 4.12128574680537e-05 3.915221532224678e-05 3.71946043742355e-05 3.533487324602902e-05 3.356812885613181e-05 3.18897218676284e-05 3.029523577424698e-05 2.878047416743357e-05 2.73414498224156e-05 2.597437742224429e-05 2.467565900587942e-05 2.344187669223174e-05 2.226978358521592e-05 2.115629467880353e-05 2.009847958106548e-05 1.909355523821432e-05 1.813887683965731e-05 1.723193236102816e-05 1.63703352882294e-05 1.555181916046422e-05 1.477422847528942e-05 1.403551686962601e-05 1.33337407532963e-05 1.266705385205569e-05 1.203370084112976e-05 1.143201552622486e-05 1.086041447706521e-05 1.031739338941406e-05 9.801523447094951e-06 9.311447684012819e-06 8.845875527185854e-06 8.403581887250766e-06 7.983402610989287e-06 7.584232662338763e-06 7.205021120171295e-06 6.844770268799039e-06 6.502531959995395e-06 6.177405339258257e-06 5.868535026820609e-06 5.575108389166417e-06 5.296352810546523e-06 5.031535238231299e-06 4.779958544531837e-06 4.540960617305245e-06 4.313912540965248e-06 4.09821677749278e-06 3.893305802193936e-06 3.698640512084239e-06 3.513708406899241e-06 3.338022906973492e-06 3.171121761624818e-06 3.012565684912261e-06 2.861937446141383e-06 2.718840505622211e-06 2.582898559921887e-06 2.453753722875263e-06 2.331066070837551e-06 2.214512733189622e-06 2.103787210216979e-06 1.998597781494027e-06 1.898667846944591e-06 1.803734448913019e-06 1.713547703730001e-06 1.62787034696521e-06 1.546476823932608e-06 1.469152948629926e-06 1.395695335304481e-06 1.325910602645308e-06 1.25961503272265e-06 1.19663422992744e-06 1.136802552537119e-06 1.079962430594605e-06 1.025964365908294e-06 9.746661362441955e-07 9.259328521693533e-07 8.796362180873984e-07 8.356544185517123e-07 7.938717203614942e-07 7.541781315012486e-07 7.16469230610528e-07 6.806457690800016e-07 6.466135005211981e-07 6.14282839705993e-07 5.835686920363514e-07 5.543902830140723e-07 5.266707603368559e-07 5.003372507417225e-07 4.753203768359526e-07 4.515543707839242e-07 4.289766479814716e-07 4.075278070558852e-07 3.871514309139457e-07 3.677938593682484e-07 3.494041607154941e-07 3.319339612062322e-07 3.153372745146044e-07 2.99570416473216e-07 2.845918913862988e-07 2.703623067645822e-07 2.568442027950368e-07 2.440019954974559e-07 2.318018914593267e-07 2.202118025707023e-07 2.09201218126509e-07 1.987411621939827e-07 1.8880410834754e-07 1.793639086145049e-07 1.703957082099805e-07 1.618759171151396e-07 1.537821248120963e-07 8.326928218593821e-05 0.0004872374411206692 0.001178277307190001 0.002129895146936178 0.003321932628750801 0.004747535102069378 0.006379660218954086 0.008202573284506798 0.01020855642855167 0.01238266751170158 0.01469416823238134 0.01712032593786716 0.0196427945047617 0.02226315066218376 0.02497937716543674 0.02779183723032475 0.03070300817489624
 0 0 0 0 0 0 0 0 0 0 0 0 0 0 0 0 0 0 0 0 0 0 0 0 0 0 0 0 0 0 0 0 0 0 0 0 0 0 0 0 0 0 0 0 0 0 0 0 0 0 0 0 0 0 0 0 0 0 0 0 0 0 0 0 0 0 0 0 0 0 0 0 0 0 0 0 0 0 0 0 0 0 0 0 0 0 0 0 0 0 0 0 0 0 0 0 0 0 0 0 0 0 0 0 0 0 0 0 0 0 0 0 0 0 0 0 0 0 0 0 0 0 0 0 0 0 0 0 0 0 0 0 0 0 0 0 0 0 0 0 0 0 0 0 0 0 0 0 0 0 0 0 0 0 0 0 0 0 0 0 0 0 0 0 0 0 0 0 0 0 0 0 0 0 0 0 0 0 0 0 0 0 0 0 0 0 0 0 0 0 0 0 0 0 0 0 0 0 0 0 0 0 0 0 0 0 0 0 0 0 0 0 0 0 0 0 0 0 0 0 0 0 0 0 0 0 0 0 0 0 0 0 0 0 0 0 0 0 0 0 0 0 0 0 0 0 0 0 0 0 0 0 0 0 0 0 0 0 0 0 0 0 0 0 0 0 0 0 0 0 0 0 0 0 0 0 0 0 0 0 0 0 0 0 0 0 0 0 0 0 0 0 0 0 0 0 0 0 0 0 0 0 0 0 0 0 0 0 0 0 0 0 0 0 0 0 0 0 0 0 0 0 0 0 0 0 0 0 0 0 0 0 0 0 0 0 0 0 0 0 0 0 0 0 0 0 0 0 0 0 0 0 0 0 0 0 0 0 0 0 0 0 0 0 0 0 0 0 0 0 0 0 0 0 0 0 0 0 0 0 0 0 0 0 0 0 0 0 0 0 0 0 0 0 0 0 0 0 0 0 0 0 0 0 0 0 0 0 0 0 0 0 0 0 0 0 0 0 0 0 0 0 0 0 0 0 0 0 0 0 0 0 0 0 0 0 0 0 0 0 0 0 0 0 0 0 0 0 0 0 0 0 0 0 0 0 0 0 0 0 0 0 0 0 0 0 0 0 0 0 0 0 0 0 0 0 0 0 0 0 0 0 0 0 0 0 0 0 0 0 0 0 0 0 0 0 0 0 0 0 0 0 0 0 0 0 0 0 0 0 0 0 0 0 0 0 0 0 0 0 0 0 0 0 0 0 0 0 0 0 0 0 0 0 0 0 0 0 0 0 0 0 0 0 0 0 0 0 0 0 0 0 0 0 0 0 0 0 0 0 0 0 0 0 0 0 0 0 0 0 0 0 0 0 0 0 0 0 0 0 0 0 0 0 0 0 0 0 0 0 0 0 0 0 0 0 0 0 0 0
 0 0 0 0 0 0 0 0 0 0 0 0 0 0 0 0 0 0 0 0 0 0 0 0 0 0 0 0 0 0 0 0 0 0 0 0 0 0 0 0 0 0 0 0 0 0 0 0 0 0 0 0 0 0 0 0 0 0 0 0 0 0 0 0 0 0 0 0 0 0 0 0 0 0 0 0 0 0 0 0 0 0 0 0 0 0 0 0 0 0 0 0 0 0 0 0 0 0 0 0 0 0 0 0 0 0 0 0 0 0 0 0 0 0 0 0 0 0 0 0 0 0 0 0 0 0 0 0 0 0 0 0 0 0 0 0 0 0 0 0 0 0 0 0 0 0 0 0 0 0 0 0 0 0 0 0 0 0 0 0 0 0 0 0 0 0 0 0 0 0 0 0 0 0 0 0 0 0 0 0 0 0 0 0 0 0 0 0 0 0 0 0 0 0 0 0 0 0 0 0 0 0 0 0 0 0 0 0 0 0 0 0 0 0 0 0 0 0 0 0 0 0 0 0 0 0 0 0 0 0 0 0 0 0 0 0 0 0 0 0 0 0 0 0 0 0 0 0 0 0 0 0 0 0 0 0 0 0 0 0 0 0 0 0 0 0 0 0 0 0 0 0 0 0 0 0 0 0 0 0 0 0 0 0 0 0 0 0 0 0 0 0 0 0 0 0 0 0 0 0 0 0 0 0 0 0 0 0 0 0 0 0 0 0 0 0 0 0 0 0 0 0 0 0 0 0 0 0 0 0 0 0 0 0 0 0 0 0 0 0 0 0 0 0 0 0 0 0 0 0 0 0 0 0 0 0 0 0 0 0 0 0 0 0 0 0 0 0 0 0 0 0 0 0 0 0 0 0 0 0 0 0 0 0 0 0 0 0 0 0 0 0 0 0 0 0 0 0 0 0 0 0 0 0 0 0 0 0 0 0 0 0 0 0 0 0 0 0 0 0 0 0 0 0 0 0 0 0 0 0 0 0 0 0 0 0 0 0 0 0 0 0 0 0 0 0 0 0 0 0 0 0 0 0 0 0 0 0 0 0 0 0 0 0 0 0 0 0 0 0 0 0 0 0 0 0 0 0 0 0 0 0 0 0 0 0 0 0 0 0 0 0 0 0 0 0 0 0 0 0 0 0 0 0 0 0 0 0 0 0 0 0 0 0 0 0 0 0 0 0 0 0 0 0 0 0 0 0 0 0 0 0 0 0 0 0 0 0 0 0 0 0 0 0 0 0 0 0 0 0 0 0 0 0 0 0 0 0 0 0 0 0 0 0 0 0 0 0 0 0 0 0 0 0 0 0 0 0 0 0 0 0 0 0 0 0 0 0 0 0 0 0 0 0 0 0 0 0 0 0
 0 0 0 0 0 0 0 0 0 0 0 0 0 0 0 0 0 0 0 0 0 0 0 0 0 0 0 0 0 0 0 0 0 0 0 0 0 0 0 0 0 0 0 0 0 0 0 0 0 0 0 0 0 0 0 0 0 0 0 0 0 0 0 0 0 0 0 0 0 0 0 0 0 0 0 0 0 0 0 0 0 0 0 0 0 0 0 0 0 0 0 0 0 0 0 0 0 0 0 0 0 0 0 0 0 0 0 0 0 0 0 0 0 0 0 0 0 0 0 0 0 0 0 0 0 0 0 0 0 0 0 0 0 0 0 0 0 0 0 0 0 0 0 0 0 0 0 0 0 0 0 0 0 0 0 0 0 0 0 0 0 0 0 0 0 0 0 0 0 0 0 0 0 0 0 0 0 0 0 0 0 0 0 0 0 0 0 0 0 0 0 0 0 0 0 0 0 0 0 0 0 0 0 0 0 0 0 0 0 0 0 0 0 0 0 0 0 0 0 0 0 0 0 0 0 0 0 0 0 0 0 0 0 0 0 0 0 0 0 0 0 0 0 0 0 0 0 0 0 0 0 0 0 0 0 0 0 0 0 0 0 0 0 0 0 0 0 0 0 0 0 0 0 0 0 0 0 0 0 0 0 0 0 0 0 0 0 0 0 0 0 0 0 0 0 0 0 0 0 0 0 0 0 0 0 0 0 0 0 0 0 0 0 0 0 0 0 0 0 0 0 0 0 0 0 0 0 0 0 0 0 0 0 0 0 0 0 0 0 0 0 0 0 0 0 0 0 0 0 0 0 0 0 0 0 0 0 0 0 0 0 0 0 0 0 0 0 0 0 0 0 0 0 0 0 0 0 0 0 0 0 0 0 0 0 0 0 0 0 0 0 0 0 0 0 0 0 0 0 0 0 0 0 0 0 0 0 0 0 0 0 0 0 0 0 0 0 0 0 0 0 0 0 0 0 0 0 0 0 0 0 0 0 0 0 0 0 0 0 0 0 0 0 0 0 0 0 0 0 0 0 0 0 0 0 0 0 0 0 0 0 0 0 0 0 0 0 0 0 0 0 0 0 0 0 0 0 0 0 0 0 0 0 0 0 0 0 0 0 0 0 0 0 0 0 0 0 0 0 0 0 0 0 0 0 0 0 0 0 0 0 0 0 0 0 0 0 0 0 0 0 0 0 0 0 0 0 0 0 0 0 0 0 0 0 0 0 0 0 0 0 0 0 0 0 0 0 0 0 0 0 0 0 0 0 0 0 0 0 0 0 0 0 0 0 0 0 0 0 0 0 0 0 0 0 0 0 0 0 0 0 0 0 0 0 0 0 0 0 0 0 0 0 0 0 0 0 0 0 0
 0 0 0 0 0 0 0 0 0 0 0 0 0 0 0 0 0 0 0 0 0 0 0 0 0 0 0 0 0 0 0 0 0 0 0 0 0 0 0 0 0 0 0 0 0 0 0 0 0 0 0 0 0 0 0 0 0 0 0 0 0 0 0 0 0 0 0 0 0 0 0 0 0 0 0 0 0 0 0 0 0 0 0 0 0 0 0 0 0 0 0 0 0 0 0 0 0 0 0 0 0 0 0 0 0 0 0 0 0 0 0 0 0 0 0 0 0 0 0 0 0 0 0 0 0 0 0 0 0 0 0 0 0 0 0 0 0 0 0 0 0 0 0 0 0 0 0 0 0 0 0 0 0 0 0 0 0 0 0 0 0 0 0 0 0 0 0 0 0 0 0 0 0 0 0 0 0 0 0 0 0 0 0 0 0 0 0 0 0 0 0 0 0 0 0 0 0 0 0 0 0 0 0 0 0 0 0 0 0 0 0 0 0 0 0 0 0 0 0 0 0 0 0 0 0 0 0 0 0 0 0 0 0 0 0 0 0 0 0 0 0 0 0 0 0 0 0 0 0 0 0 0 0 0 0 0 0 0 0 0 0 0 0 0 0 0 0 0 0 0 0 0 0 0 0 0 0.0002756138565018773 0.0009542962652631104 0.002083643572404981 0.00367176765576005 0.005744403228163719 0.008319109678268433 0.01143044512718916 0.01509689446538687 0.01927381195127964 0.02395869046449661 0.02912973426282406 0.03473471477627754 0.04073742032051086 0.0471193939447403 0.05378082394599915 0.06073777377605438 0.06793924421072006 0.07534228265285492 0.08291646093130112 0.09066387265920639 0.098546102643013 0.1065836846828461 0.1147307157516479 0.1229974627494812 0.1314185112714767 0.1399810910224915 0.1486581414937973 0.1574433743953705 0.1663105636835098 0.1752789616584778 0.1829708814620972 0.1877472400665283 0.188629075884819 0.1849795281887054 0.1763766556978226 0.1675578206777573 0.1591799259185791 0.1512209326028824 0.1436598896980286 0.1364768892526627 0.1296530514955521 0.1231703981757164 0.1170118749141693 0.1111612841486931 0.1056032180786133 0.1003230586647987 0.09530690312385559 0.09054155647754669 0.08601447939872742 0.08171375840902328 0.07762806862592697 0.07374666631221771 0.07005932927131653 0.06655636429786682 0.0632285475730896 0.06006712093949318 0.05706376582384109 0.05421057716012001 0.05150004848837852 0.04892504587769508 0.04647879302501678 0.04415485262870789 0.04194711148738861 0.03984975442290306 0.03785726800560951 0.03596440330147743 0.03416618332266808 0.0324578732252121 0.03083498030900955 0.0292932316660881 0.02782857045531273 0.02643714100122452 0.02511528320610523 0.02385951951146126 0.02266654372215271 0.02153321728110313 0.02045655623078346 0.01943372935056686 0.01846204325556755 0.01753894053399563 0.01666199415922165 0.01582889445126057 0.01503745000809431 0.01428557746112347 0.01357129868119955 0.01289273332804441 0.01224809698760509 0.01163569185882807 0.01105390768498182 0.01050121244043112 0.009976151399314404 0.009477343410253525 0.009003476239740849 0.008553302846848965 0.008125637657940388 0.007719355635344982 0.007333387620747089 0.006966718472540379 0.006618382409214973 0.00628746347501874 0.005973090417683125 0.005674435757100582 0.005390713922679424 0.005121177993714809 0.004865119233727455 0.00462186336517334 0.004390770103782415 0.004171231761574745 0.003962669987231493 0.003764536464586854 0.003576309652999043 0.003397494088858366 0.003227619454264641 0.003066238481551409 0.002912926487624645 0.002767280209809542 0.002628916176036 0.00249747047200799 0.002372596878558397 0.002253967104479671 0.002141268691048026 0.002034205244854093 0.001932495040819049 0.001835870323702693 0.001744076842442155 0.001656873035244644 0.001574029331095517 0.001495327916927636 0.001420561573468149 0.001349533442407846 0.001282056793570518 0.001217953977175057 0.001157056307420135 0.001099203480407596 0.001044243341311812 0.000992031185887754 0.0009424296440556645 0.0008953081560321152 0.0008505427394993603 0.000808015582151711 0.0007676148088648915 0.000729234074242413 0.0006927723879925907 0.0006581337656825781 0.0006252270541153848 0.0005939656984992325 0.0005642673932015896 0.0005360540235415101 0.0005092513165436685 0.0004837887536268681 0.0004595993086695671 0.0004366193315945566 0.0004147883737459779 0.000394048955058679 0.0003743465058505535 0.000355629192199558 0.0003378477413207293 0.0003209553542546928 0.0003049075894523412 0.0002896622172556818 0.0002751791034825146 0.0002614201512187719 0.0002483491552993655 0.0002359317004447803 0.0002241351176053286 0.0002129283675458282 0.0002022819535341114 0.0001921678485814482 0.0001825594517868012 0.0001734314719215035 0.0001647598983254284 0.0001565218990435824 0.0001486958062741905 0.0001412610145052895 0.0001341979659628123 0.0001274880632990971 0.0001211136623169295 0.0001150579773820937 0.000109305081423372 0.0001038398258970119 9.864783351076767e-05 9.371544001623988e-05 8.902966510504484e-05 8.457818330498412e-05 8.034927304834127e-05 7.633180939592421e-05 7.251522038131952e-05 6.888945790706202e-05 6.544498319271952e-05 6.217273767106235e-05 5.906409933231771e-05 5.611089363810606e-05 5.330534986569546e-05 5.064008291810751e-05 4.810807877220213e-05 4.570267628878355e-05 4.341754174674861e-05 4.1246665205108e-05 3.918433139915578e-05 3.722511610249057e-05 3.536386066116393e-05 3.359566835570149e-05 3.1915886211209e-05 3.032009226444643e-05 2.88040882878704e-05 2.736388341872953e-05 2.599568870209623e-05 2.469590435794089e-05 2.346110886719543e-05 2.228805351478513e-05 2.117365147569217e-05 2.011496872000862e-05 1.910922037495766e-05 1.815375981095713e-05 1.724607136566192e-05 1.638376852497458e-05 1.556457937113009e-05 1.478635022067465e-05 1.404703289153986e-05 1.334468106506392e-05 1.267744664801285e-05 1.20435743156122e-05 1.144139605457895e-05 1.086932661564788e-05 1.032585987559287e-05 9.809567018237431e-06 9.319088349002413e-06 8.853134204400703e-06 8.410477676079609e-06 7.989953701326158e-06 7.590455879835645e-06 7.21093329048017e-06 6.850386853329837e-06 6.507867510663345e-06 6.182473953231238e-06 5.873350346519146e-06 5.579682692768984e-06 5.300698376231594e-06 5.035663434682647e-06 4.783880285685882e-06 4.544686362351058e-06 4.317451839597197e-06 4.101579179405235e-06 3.896500402333913e-06 3.70167526853038e-06 3.516591505103861e-06 3.340761850267882e-06 3.17372382596659e-06 3.015037691511679e-06 2.86428576146136e-06 2.72107149612566e-06 2.585017909950693e-06 2.455767116771312e-06 2.332978738195379e-06 2.216329903603764e-06 2.105513431160944e-06 2.000237827814999e-06 1.900225925055565e-06 1.805214651540155e-06 1.714953896225779e-06 1.629206167308439e-06 1.547745910102094e-06 1.470358597543964e-06 1.396840616507689e-06 1.326998585682304e-06 1.260648673451215e-06 1.197616256831679e-06 1.137735466727463e-06 1.080848733181483e-06 1.02680633062846e-06 9.754660368344048e-07 9.266927349926846e-07 8.803580726635118e-07 8.363401775568491e-07 7.945231459416391e-07 7.547969858023862e-07 7.170571620918054e-07 6.812043125137279e-07 6.471440769928449e-07 6.147868703010317e-07 5.840475409968349e-07 5.548451440517965e-07 5.271028840070358e-07 5.007477170693164e-07 4.757103226893378e-07 4.519248193446401e-07 4.293285655876389e-07 4.07862131623915e-07 3.87469015095121e-07 3.680955558138521e-07 3.496907652333903e-07 3.322062411825755e-07 3.155959404921305e-07 2.998161505729513e-07 2.848253473075602e-07 2.705840813632676e-07 2.57054864505335e-07 2.442021127535554e-07 2.319920042737067e-07 2.203924083232778e-07 2.093727857754857e-07 1.989041464867114e-07 1.889589356096621e-07 1.795109909608072e-07 1.705354435443951e-07 1.62008674919889e-07 1.539082461476937e-07 1.462128409457364e-07 0.0003167966788168997 0.0009469501674175262 0.00185817782767117 0.003039749572053552 0.004470519721508026 0.006132518406957388 0.00800338014960289 0.01006212737411261 0.01228012982755899 0.01465745363384485 0.01716319285333157 0.01979015208780766 0.02252724207937717 0.02536978386342525 0.02832464501261711 0.03139561414718628
 0 0 0 0 0 0 0 0 0 0 0 0 0 0 0 0 0 0 0 0 0 0 0 0 0 0 0 0 0 0 0 0 0 0 0 0 0 0 0 0 0 0 0 0 0 0 0 0 0 0 0 0 0 0 0 0 0 0 0 0 0 0 0 0 0 0 0 0 0 0 0 0 0 0 0 0 0 0 0 0 0 0 0 0 0 0 0 0 0 0 0 0 0 0 0 0 0 0 0 0 0 0 0 0 0 0 0 0 0 0 0 0 0 0 0 0 0 0 0 0 0 0 0 0 0 0 0 0 0 0 0 0 0 0 0 0 0 0 0 0 0 0 0 0 0 0 0 0 0 0 0 0 0 0 0 0 0 0 0 0 0 0 0 0 0 0 0 0 0 0 0 0 0 0 0 0 0 0 0 0 0 0 0 0 0 0 0 0 0 0 0 0 0 0 0 0 0 0 0 0 0 0 0 0 0 0 0 0 0 0 0 0 0 0 0 0 0 0 0 0 0 0 0 0 0 0 0 0 0 0 0 0 0 0 0 0 0 0 0 0 0 0 0 0 0 0 0 0 0 0 0 0 0 0 0 0 0 0 0 0 0 0 0 0 0 0 0 0 0 0 0 0 0 0 0 0 0 0 0 0 0 0 0 0 0 0 0 0 0 0 0 0 0 0 0 0 0 0 0 0 0 0 0 0 0 0 0 0 0 0 0 0 0 0 0 0 0 0 0 0 0 0 0 0 0 0 0 0 0 0 0 0 0 0 0 0 0 0 0 0 0 0 0 0 0 0 0 0 0 0 0 0 0 0 0 0 0 0 0 0 0 0 0 0 0 0 0 0 0 0 0 0 0 0 0 0 0 0 0 0 0 0 0 0 0 0 0 0 0 0 0 0 0 0 0 0 0 0 0 0 0 0 0 0 0 0 0 0 0 0 0 0 0 0 0 0 0 0 0 0 0 0 0 0 0 0 0 0 0 0 0 0 0 0 0 0 0 0 0 0 0 0 0 0 0 0 0 0 0 0 0 0 0 0 0 0 0 0 0 0 0 0 0 0 0 0 0 0 0 0 0 0 0 0 0 0 0 0 0 0 0 0 0 0 0 0 0 0 0 0 0 0 0 0 0 0 0 0 0 0 0 0 0 0 0 0 0 0 0 0 0 0 0 0 0 0 0 0 0 0 0 0 0 0 0 0 0 0 0 0 0 0 0 0 0 0 0 0 0 0 0 0 0 0 0 0 0 0 0 0 0 0 0 0 0 0 0 0 0 0 0 0 0 0 0 0 0 0 0 0 0 0 0 0 0 0 0 0 0 0 0 0 0 0 0 0 0 0 0 0 0 0 0 0 0 0 0 0 0 0
 0 0 0 0 0 0 0 0 0 0 0 0 0 0 0 0 0 0 0 0 0 0 0 0 0 0 0 0 0 0 0 0 0 0 0 0 0 0 0 0 0 0 0 0 0 0 0 0 0 0 0 0 0 0 0 0 0 0 0 0 0 0 0 0 0 0 0 0 0 0 0 0 0 0 0 0 0 0 0 0 0 0 0 0 0 0 0 0 0 0 0 0 0 0 0 0 0 0 0 0 0 0 0 0 0 0 0 0 0 0 0 0 0 0 0 0 0 0 0 0 0 0 0 0 0 0 0 0 0 0 0 0 0 0 0 0 0 0 0 0 0 0 0 0 0 0 0 0 0 0 0 0 0 0 0 0 0 0 0 0 0 0 0 0 0 0 0 0 0 0 0 0 0 0 0 0 0 0 0 0 0 0 0 0 0 0 0 0 0 0 0 0 0 0 0 0 0 0 0 0 0 0 0 0 0 0 0 0 0 0 0 0 0 0 0 0 0 0 0 0 0 0 0 0 0 0 0 0 0 0 0 0 0 0 0 0 0 0 0 0 0 0 0 0 0 0 0 0 0 0 0 0 0 0 0 0 0 0 0 0 0 0 0 0 0 0 0 0 0 0 0 0 0 0 0 0 0 0 0 0 0 0 0 0 0 0 0 0 0 0 0 0 0 0 0 0 0 0 0 0 0 0 0 0 0 0 0 0 0 0 0 0 0 0 0 0 0 0 0 0 0 0 0 0 0 0 0 0 0 0 0 0 0 0 0 0 0 0 0 0 0 0 0 0 0 0 0 0 0 0 0 0 0 0 0 0 0 0 0 0 0 0 0 0 0 0 0 0 0 0 0 0 0 0 0 0 0 0 0 0 0 0 0 0 0 0 0 0 0 0 0 0 0 0 0 0 0 0 0 0 0 0 0 0 0 0 0 0 0 0 0 0 0 0 0 0 0 0 0 0 0 0 0 0 0 0 0 0 0 0 0 0 0 0 0 0 0 0 0 0 0 0 0 0 0 0 0 0 0 0 0 0 0 0 0 0 0 0 0 0 0 0 0 0 0 0 0 0 0 0 0 0 0 0 0 0 0 0 0 0 0 0 0 0 0 0 0 0 0 0 0 0 0 0 0 0 0 0 0 0 0 0 0 0 0 0 0 0 0 0 0 0 0 0 0 0 0 0 0 0 0 0 0 0 0 0 0 0 0 0 0 0 0 0 0 0 0 0 0 0 0 0 0 0 0 0 0 0 0 0 0 0 0 0 0 0 0 0 0 0 0 0 0 0 0 0 0 0 0 0 0 0 0 0 0 0 0 0 0 0 0 0 0 0 0 0 0 0 0 0 0 0 0 0 0 0 0 0 0 0
 0 0 0 0 0 0 0 0 0 0 0 0 0 0 0 0 0 0 0 0 0 0 0 0 0 0 0 0 0 0 0 0 0 0 0 0 0 0 0 0 0 0 0 0 0 0 0 0 0 0 0 0 0 0 0 0 0 0 0 0 0 0 0 0 0 0 0 0 0 0 0 0 0 0 0 0 0 0 0 0 0 0 0 0 0 0 0 0 0 0 0 0 0 0 0 0 0 0 0 0 0 0 0 0 0 0 0 0 0 0 0 0 0 0 0 0 0 0 0 0 0 0 0 0 0 0 0 0 0 0 0 0 0 0 0 0 0 0 0 0 0 0 0 0 0 0 0 0 0 0 0 0 0 0 0 0 0 0 0 0 0 0 0 0 0 0 0 0 0 0 0 0 0 0 0 0 0 0 0 0 0 0 0 0 0 0 0 0 0 0 0 0 0 0 0 0 0 0 0 0 0 0 0 0 0 0 0 0 0 0 0 0 0 0 0 0 0 0 0 0 0 0 0 0 0 0 0 0 0 0 0 0 0 0 0 0 0 0 0 0 0 0 0 0 0 0 0 0 0 0 0 0 0 0 0 0 0 0 0 0 0 0 0 0 0 0 0 0 0 0 0 0 0 0 0 0 0 0 0 0 0 0 0 0 0 0 0 0 0 0 0 0 0 0 0 0 0 0 0 0 0 0 0 0 0 0 0 0 0 0 0 0 0 0 0 0 0 0 0 0 0 0 0 0 0 0 0 0 0 0 0 0 0 0 0 0 0 0 0 0 0 0 0 0 0 0 0 0 0 0 0 0 0 0 0 0 0 0 0 0 0 0 0 0 0 0 0 0 0 0 0 0 0 0 0 0 0 0 0 0 0 0 0 0 0 0 0 0 0 0 0 0 0 0 0 0 0 0 0 0 0 0 0 0 0 0 0 0 0 0 0 0 0 0 0 0 0 0 0 0 0 0 0 0 0 0 0 0 0 0 0 0 0 0 0 0 0 0 0 0 0 0 0 0 0 0 0 0 0 0 0 0 0 0 0 0 0 0 0 0 0 0 0 0 0 0 0 0 0 0 0 0 0 0 0 0 0 0 0 0 0 0 0 0 0 0 0 0 0 0 0 0 0 0 0 0 0 0 0 0 0 0 0 0 0 0 0 0 0 0 0 0 0 0 0 0 0 0 0 0 0 0 0 0 0 0 0 0 0 0 0 0 0 0 0 0 0 0 0 0 0 0 0 0 0 0 0 0 0 0 0 0 0 0 0 0 0 0 0 0 0 0 0 0 0 0 0 0 0 0 0 0 0 0 0 0 0 0 0 0 0 0 0 0 0 0 0 0 0 0 0 0 0 0 0 0 0 0 0 0
 0 0 0 0 0 0 0 0 0 0 0 0 0 0 0 0 0 0 0 0 0 0 0 0 0 0 0 0 0 0 0 0 0 0 0 0 0 0 0 0 0 0 0 0 0 0 0 0 0 0 0 0 0 0 0 0 0 0 0 0 0 0 0 0 0 0 0 0 0 0 0 0 0 0 0 0 0 0 0 0 0 0 0 0 0 0 0 0 0 0 0 0 0 0 0 0 0 0 0 0 0 0 0 0 0 0 0 0 0 0 0 0 0 0 0 0 0 0 0 0 0 0 0 0 0 0 0 0 0 0 0 0 0 0 0 0 0 0 0 0 0 0 0 0 0 0 0 0 0 0 0 0 0 0 0 0 0 0 0 0 0 0 0 0 0 0 0 0 0 0 0 0 0 0 0 0 0 0 0 0 0 0 0 0 0 0 0 0 0 0 0 0 0 0 0 0 0 0 0 0 0 0 0 0 0 0 0 0 0 0 0 0 0 0 0 0 0 0 0 0 0 0 0 0 0 0 0 0 0 0 0 0 0 0 0 0 0 0 0 0 0 0 0 0 0 0 0 0 0 0 0 0 0 0 0 0 0 0 0 0 0 0 0 0 0 0 0 0 0 0 0 0 0 0 0 8.807091944618151e-05 0.0005823723622597754 0.00148777337744832 0.0028118547052145 0.004574336111545563 0.006835516542196274 0.009622980840504169 0.01296416018158197 0.01687898859381676 0.02130968868732452 0.0262910258024931 0.03178144618868828 0.03771132975816727 0.04406855627894402 0.05076116323471069 0.05773722007870674 0.06495404243469238 0.07239265739917755 0.07999250292778015 0.08775614947080612 0.09567125886678696 0.1037484407424927 0.1119464784860611 0.1202701106667519 0.1287130266427994 0.1372442543506622 0.1458670496940613 0.1545169055461884 0.1631957143545151 0.1719076633453369 0.1804070025682449 0.1867530941963196 0.1897028982639313 0.1884215027093887 0.1823152303695679 0.173199474811554 0.1645395010709763 0.1563125252723694 0.1484968960285187 0.1410720497369766 0.1340184509754181 0.1273175328969955 0.1209516525268555 0.1149040684103966 0.1091588661074638 0.1037009209394455 0.09851587563753128 0.09359008073806763 0.08891057968139648 0.08446504920721054 0.08024179935455322 0.07622970640659332 0.0724182203412056 0.06879731267690659 0.06535744667053223 0.06208957359194756 0.05898509547114372 0.0560358390212059 0.0532340481877327 0.05057234689593315 0.04804372787475586 0.04564154148101807 0.04335946589708328 0.04119149222970009 0.03913191705942154 0.03717532008886337 0.03531655296683311 0.03355072438716888 0.0318731889128685 0.03027953021228313 0.02876555360853672 0.0273272767663002 0.02596091292798519 0.02466286718845367 0.02342972345650196 0.02225823700428009 0.02114532515406609 0.02008805796504021 0.01908365450799465 0.01812947168946266 0.01722299866378307 0.01636184938251972 0.01554375700652599 0.01476656924933195 0.01402824092656374 0.01332682929933071 0.0126604875549674 0.01202746294438839 0.01142608933150768 0.01085478439927101 0.01031204499304295 0.009796442463994026 0.009306620806455612 0.008841290138661861 0.008399225771427155 0.007979264482855797 0.007580301258713007 0.007201286032795906 0.006841221824288368 0.006499160546809435 0.006174202542752028 0.005865492392331362 0.005572217982262373 0.005293607246130705 0.005028926767408848 0.004777480382472277 0.004538606386631727 0.004311676137149334 0.004096092190593481 0.003891287604346871 0.003696723142638803 0.003511887043714523 0.003336292691528797 0.003169478150084615 0.003011004300788045 0.002860454143956304 0.002717431401833892 0.002581559820100665 0.002452481770887971 0.002329857787117362 0.00221336493268609 0.002102696802467108 0.001997561892494559 0.001897683832794428 0.001802799641154706 0.001712659606710076 0.001627026591449976 0.001545675215311348 0.001468391506932676 0.001394971972331405 0.001325223362073302 0.001258962205611169 0.001196014112792909 0.001136213424615562 0.001079402747564018 0.001025432604365051 0.0009741609683260322 0.0009254529140889645 0.0008791802683845162 0.0008352212607860565 0.0007934601744636893 0.000753787171561271 0.0007160978275351226 0.0006802929565310478 0.0006462783203460276 0.0006139643955975771 0.0005832661991007626 0.0005541028804145753 0.0005263977218419313 0.000500077847391367 0.0004750739608425647 0.0004513202584348619 0.0004287542542442679 0.0004073165473528206 0.0003869507345370948 0.0003676032065413892 0.0003492230316624045 0.0003317618684377521 0.0003151737619191408 0.000299415085464716 0.0002844443370122463 0.0002702221099752933 0.0002567110059317201 0.0002438754600007087 0.0002316816826350987 0.0002200976014137268 0.0002090927155222744 0.0001986380812013522 0.0001887061807792634 0.0001792708644643426 0.0001703073212411255 0.0001617919479031116 0.0001537023490527645 0.0001460172352381051 0.0001387163792969659 0.0001317805581493303 0.0001251915236935019 0.0001189319445984438 0.0001129853480961174 0.0001073360836016946 0.0001019692790578119 9.687081183074042e-05 9.202727233059704e-05 8.742590580368415e-05 8.305461233248934e-05 7.890188135206699e-05 7.49567843740806e-05 7.120894588297233e-05 6.764849968021736e-05 6.426607433240861e-05 6.105277134338394e-05 5.800013241241686e-05 5.510012488230132e-05 5.234511991147883e-05 4.972786337020807e-05 4.72414685646072e-05 4.487939440878108e-05 4.263542359694839e-05 4.05036516895052e-05 3.8478468923131e-05 3.655454565887339e-05 3.47268178302329e-05 3.299047602922656e-05 3.134095095447265e-05 2.977390249725431e-05 2.828520700859372e-05 2.687094638531562e-05 2.552739897510037e-05 2.425102866254747e-05 2.303847759321798e-05 2.188655344070867e-05 2.079222576867323e-05 1.975261511688586e-05 1.876498390629422e-05 1.782673462003004e-05 1.69353970704833e-05 1.608862658031285e-05 1.528419488749932e-05 1.451998468837701e-05 1.379398509016028e-05 1.310428615397541e-05 1.244907161890296e-05 1.182661799248308e-05 1.123528727475787e-05 1.067352332029259e-05 1.013984729070216e-05 9.632854926167056e-06 9.151211997959763e-06 8.693651579960715e-06 8.258968591690063e-06 7.84601979830768e-06 7.453718808392296e-06 7.081032890710048e-06 6.726981155225076e-06 6.390632279362762e-06 6.071100870030932e-06 5.767545644630445e-06 5.479168521560496e-06 5.205210072745103e-06 4.944949523633113e-06 4.69770202471409e-06 4.462816832528915e-06 4.239675945427734e-06 4.027692284580553e-06 3.826307874987833e-06 3.634992481238442e-06 3.453242925388622e-06 3.280580813225242e-06 3.116551852144767e-06 2.960724259537528e-06 2.812688080666703e-06 2.672053597052582e-06 2.538450871725217e-06 2.411528384982375e-06 2.290951897521154e-06 2.17640422306431e-06 2.067584091491881e-06 1.964204784599133e-06 1.865994590843911e-06 1.772694872670399e-06 1.684060180195956e-06 1.59985711434274e-06 1.519864213150868e-06 1.443871042283718e-06 1.371677512906899e-06 1.30309365431458e-06 1.237938931808458e-06 1.176042019324086e-06 1.117239889936172e-06 1.061377929545415e-06 1.008309027383802e-06 9.578935760146123e-07 9.099989028982236e-07 8.64498929331603e-07 8.212739999180485e-07 7.802103141330008e-07 7.411998126372055e-07 7.041398362161999e-07 6.68932841563219e-07 6.354861739055195e-07 6.037118396307051e-07 5.735262220696313e-07 5.448499109661498e-07 5.176074182600132e-07 4.917270644000382e-07 4.671407225487201e-07 4.437836764736858e-07 4.215945068608562e-07 4.005147786756424e-07 3.804890411629458e-07 3.614646004734823e-07 3.433913775552355e-07 3.262218228883285e-07 3.099107175330573e-07 2.944151731298916e-07 2.796944045257987e-07 2.65709672930825e-07 2.524242006529676e-07 2.398030005679175e-07 2.278128476973507e-07 2.164222081546541e-07 2.056010970363786e-07 1.953210357896751e-07 1.855549811580204e-07 1.762772257052347e-07 1.674633693937722e-07 1.590902058978827e-07 1.511356941819031e-07 1.435789158676926e-07 1.363999757586498e-07 4.856489249505103e-05 0.0004047242400702089 0.001034977962262928 0.001917897025123239 0.003021492622792721 0.004343337379395962 0.005877491552382708 0.007601295132189989 0.009506724774837494 0.01159131806343794 0.01382333412766457 0.01616267114877701 0.01858634315431118 0.02109384164214134 0.02368658594787121
 0 0 0 0 0 0 0 0 0 0 0 0 0 0 0 0 0 0 0 0 0 0 0 0 0 0 0 0 0 0 0 0 0 0 0 0 0 0 0 0 0 0 0 0 0 0 0 0 0 0 0 0 0 0 0 0 0 0 0 0 0 0 0 0 0 0 0 0 0 0 0 0 0 0 0 0 0 0 0 0 0 0 0 0 0 0 0 0 0 0 0 0 0 0 0 0 0 0 0 0 0 0 0 0 0 0 0 0 0 0 0 0 0 0 0 0 0 0 0 0 0 0 0 0 0 0 0 0 0 0 0 0 0 0 0 0 0 0 0 0 0 0 0 0 0 0 0 0 0 0 0 0 0 0 0 0 0 0 0 0 0 0 0 0 0 0 0 0 0 0 0 0 0 0 0 0 0 0 0 0 0 0 0 0 0 0 0 0 0 0 0 0 0 0 0 0 0 0 0 0 0 0 0 0 0 0 0 0 0 0 0 0 0 0 0 0 0 0 0 0 0 0 0 0 0 0 0 0 0 0 0 0 0 0 0 0 0 0 0 0 0 0 0 0 0 0 0 0 0 0 0 0 0 0 0 0 0 0 0 0 0 0 0 0 0 0 0 0 0 0 0 0 0 0 0 0 0 0 0 0 0 0 0 0 0 0 0 0 0 0 0 0 0 0 0 0 0 0 0 0 0 0 0 0 0 0 0 0 0 0 0 0 0 0 0 0 0 0 0 0 0 0 0 0 0 0 0 0 0 0 0 0 0 0 0 0 0 0 0 0 0 0 0 0 0 0 0 0 0 0 0 0 0 0 0 0 0 0 0 0 0 0 0 0 0 0 0 0 0 0 0 0 0 0 0 0 0 0 0 0 0 0 0 0 0 0 0 0 0 0 0 0 0 0 0 0 0 0 0 0 0 0 0 0 0 0 0 0 0 0 0 0 0 0 0 0 0 0 0 0 0 0 0 0 0 0 0 0 0 0 0 0 0 0 0 0 0 0 0 0 0 0 0 0 0 0 0 0 0 0 0 0 0 0 0 0 0 0 0 0 0 0 0 0 0 0 0 0 0 0 0 0 0 0 0 0 0 0 0 0 0 0 0 0 0 0 0 0 0 0 0 0 0 0 0 0 0 0 0 0 0 0 0 0 0 0 0 0 0 0 0 0 0 0 0 0 0 0 0 0 0 0 0 0 0 0 0 0 0 0 0 0 0 0 0 0 0 0 0 0 0 0 0 0 0 0 0 0 0 0 0 0 0 0 0 0 0 0 0 0 0 0 0 0 0 0 0 0 0 0 0 0 0 0 0 0 0 0 0 0 0 0 0 0 0 0 0 0 0 0 0 0 0 0 0 0 0 0 0 0
 0 0 0 0 0 0 0 0 0 0 0 0 0 0 0 0 0 0 0 0 0 0 0 0 0 0 0 0 0 0 0 0 0 0 0 0 0 0 0 0 0 0 0 0 0 0 0 0 0 0 0 0 0 0 0 0 0 0 0 0 0 0 0 0 0 0 0 0 0 0 0 0 0 0 0 0 0 0 0 0 0 0 0 0 0 0 0 0 0 0 0 0 0 0 0 0 0 0 0 0 0 0 0 0 0 0 0 0 0 0 0 0 0 0 0 0 0 0 0 0 0 0 0 0 0 0 0 0 0 0 0 0 0 0 0 0 0 0 0 0 0 0 0 0 0 0 0 0 0 0 0 0 0 0 0 0 0 0 0 0 0 0 0 0 0 0 0 0 0 0 0 0 0 0 0 0 0 0 0 0 0 0 0 0 0 0 0 0 0 0 0 0 0 0 0 0 0 0 0 0 0 0 0 0 0 0 0 0 0 0 0 0 0 0 0 0 0 0 0 0 0 0 0 0 0 0 0 0 0 0 0 0 0 0 0 0 0 0 0 0 0 0 0 0 0 0 0 0 0 0 0 0 0 0 0 0 0 0 0 0 0 0 0 0 0 0 0 0 0 0 0 0 0 0 0 0 0 0 0 0 0 0 0 0 0 0 0 0 0 0 0 0 0 0 0 0 0 0 0 0 0 0 0 0 0 0 0 0 0 0 0 0 0 0 0 0 0 0 0 0 0 0 0 0 0 0 0 0 0 0 0 0 0 0 0 0 0 0 0 0 0 0 0 0 0 0 0 0 0 0 0 0 0 0 0 0 0 0 0 0 0 0 0 0 0 0 0 0 0 0 0 0 0 0 0 0 0 0 0 0 0 0 0 0 0 0 0 0 0 0 0 0 0 0 0 0 0 0 0 0 0 0 0 0 0 0 0 0 0 0 0 0 0 0 0 0 0 0 0 0 0 0 0 0 0 0 0 0 0 0 0 0 0 0 0 0 0 0 0 0 0 0 0 0 0 0 0 0 0 0 0 0 0 0 0 0 0 0 0 0 0 0 0 0 0 0 0 0 0 0 0 0 0 0 0 0 0 0 0 0 0 0 0 0 0 0 0 0 0 0 0 0 0 0 0 0 0 0 0 0 0 0 0 0 0 0 0 0 0 0 0 0 0 0 0 0 0 0 0 0 0 0 0 0 0 0 0 0 0 0 0 0 0 0 0 0 0 0 0 0 0 0 0 0 0 0 0 0 0 0 0 0 0 0 0 0 0 0 0 0 0 0 0 0 0 0 0 0 0 0 0 0 0 0 0 0 0 0 0 0 0 0 0 0 0 0 0 0 0 0 0 0 0 0 0 0 0 0 0 0
 0 0 0 0 0 0 0 0 0 0 0 0 0 0 0 0 0 0 0 0 0 0 0 0 0 0 0 0 0 0 0 0 0 0 0 0 0 0 0 0 0 0 0 0 0 0 0 0 0 0 0 0 0 0 0 0 0 0 0 0 0 0 0 0 0 0 0 0 0 0 0 0 0 0 0 0 0 0 0 0 0 0 0 0 0 0 0 0 0 0 0 0 0 0 0 0 0 0 0 0 0 0 0 0 0 0 0 0 0 0 0 0 0 0 0 0 0 0 0 0 0 0 0 0 0 0 0 0 0 0 0 0 0 0 0 0 0 0 0 0 0 0 0 0 0 0 0 0 0 0 0 0 0 0 0 0 0 0 0 0 0 0 0 0 0 0 0 0 0 0 0 0 0 0 0 0 0 0 0 0 0 0 0 0 0 0 0 0 0 0 0 0 0 0 0 0 0 0 0 0 0 0 0 0 0 0 0 0 0 0 0 0 0 0 0 0 0 0 0 0 0 0 0 0 0 0 0 0 0 0 0 0 0 0 0 0 0 0 0 0 0 0 0 0 0 0 0 0 0 0 0 0 0 0 0 0 0 0 0 0 0 0 0 0 0 0 0 0 0 0 0 0 0 0 0 0 0 0 0 0 0 0 0 0 0 0 0 0 0 0 0 0 0 0 0 0 0 0 0 0 0 0 0 0 0 0 0 0 0 0 0 0 0 0 0 0 0 0 0 0 0 0 0 0 0 0 0 0 0 0 0 0 0 0 0 0 0 0 0 0 0 0 0 0 0 0 0 0 0 0 0 0 0 0 0 0 0 0 0 0 0 0 0 0 0 0 0 0 0 0 0 0 0 0 0 0 0 0 0 0 0 0 0 0 0 0 0 0 0 0 0 0 0 0 0 0 0 0 0 0 0 0 0 0 0 0 0 0 0 0 0 0 0 0 0 0 0 0 0 0 0 0 0 0 0 0 0 0 0 0 0 0 0 0 0 0 0 0 0 0 0 0 0 0 0 0 0 0 0 0 0 0 0 0 0 0 0 0 0 0 0 0 0 0 0 0 0 0 0 0 0 0 0 0 0 0 0 0 0 0 0 0 0 0 0 0 0 0 0 0 0 0 0 0 0 0 0 0 0 0 0 0 0 0 0 0 0 0 0 0 0 0 0 0 0 0 0 0 0 0 0 0 0 0 0 0 0 0 0 0 0 0 0 0 0 0 0 0 0 0 0 0 0 0 0 0 0 0 0 0 0 0 0 0 0 0 0 0 0 0 0 0 0 0 0 0 0 0 0 0 0 0 0 0 0 0 0 0 0 0 0 0 0 0 0 0 0 0 0 0 0 0 0 0 0 0 0 0 0 0
 0 0 0 0 0 0 0 0 0 0 0 0 0 0 0 0 0 0 0 0 0 0 0 0 0 0 0 0 0 0 0 0 0 0 0 0 0 0 0 0 0 0 0 0 0 0 0 0 0 0 0 0 0 0 0 0 0 0 0 0 0 0 0 0 0 0 0 0 0 0 0 0 0 0 0 0 0 0 0 0 0 0 0 0 0 0 0 0 0 0 0 0 0 0 0 0 0 0 0 0 0 0 0 0 0 0 0 0 0 0 0 0 0 0 0 0 0 0 0 0 0 0 0 0 0 0 0 0 0 0 0 0 0 0 0 0 0 0 0 0 0 0 0 0 0 0 0 0 0 0 0 0 0 0 0 0 0 0 0 0 0 0 0 0 0 0 0 0 0 0 0 0 0 0 0 0 0 0 0 0 0 0 0 0 0 0 0 0 0 0 0 0 0 0 0 0 0 0 0 0 0 0 0 0 0 0 0 0 0 0 0 0 0 0 0 0 0 0 0 0 0 0 0 0 0 0 0 0 0 0 0 0 0 0 0 0 0 0 0 0 0 0 0 0 0 0 0 0 0 0 0 0 0 0 0 0 0 0 0 0 0 0 0 0 0 0 0 0 0 0 0 0 0 0 0 0.0002867657458409667 0.0009849980706349015 0.002108741085976362 0.003685078117996454 0.005725556053221226 0.008264923468232155 0.01133317779749632 0.01496907230466604 0.01912921667098999 0.02380210533738136 0.02901426516473293 0.03468382358551025 0.04077227041125298 0.04729820787906647 0.05411496013402939 0.06119396537542343 0.06851378828287125 0.07605043053627014 0.08376257121562958 0.0916762575507164 0.09977395087480545 0.107987217605114 0.1163356974720955 0.1248481422662735 0.1335295289754868 0.1422964185476303 0.1511550694704056 0.160053163766861 0.1689837574958801 0.1779660284519196 0.1855676025152206 0.1902594417333603 0.1910465359687805 0.1872417628765106 0.1783917248249054 0.1694721430540085 0.1609985381364822 0.1529486179351807 0.1453011929988861 0.1380361318588257 0.1311343312263489 0.1245776116847992 0.1183487325906754 0.1124312952160835 0.1068097278475761 0.1014692410826683 0.09639577567577362 0.091575987637043 0.08699718862771988 0.08264733105897903 0.07851496338844299 0.07458921521902084 0.07085975259542465 0.06731676310300827 0.06395092606544495 0.06075337901711464 0.05771571025252342 0.0548299252986908 0.0520884282886982 0.0494840070605278 0.04700980708003044 0.0446593165397644 0.04242635145783424 0.04030503332614899 0.03828978165984154 0.03637529164552689 0.03455652669072151 0.03282869979739189 0.03118726424872875 0.02962790057063103 0.02814650535583496 0.02673918008804321 0.02540222182869911 0.02413211017847061 0.02292550541460514 0.02177922986447811 0.02069026790559292 0.01965575478971004 0.01867296732962132 0.01773931831121445 0.01685235276818275 0.0160097349435091 0.0152092482894659 0.01444878615438938 0.01372634712606668 0.01304002944380045 0.01238802820444107 0.01176862698048353 0.01118019595742226 0.01062118634581566 0.01009012665599585 0.009585619904100895 0.009106338955461979 0.008651021867990494 0.008218470960855484 0.007807547226548195 0.007417169865220785 0.007046311162412167 0.00669399555772543 0.006359295919537544 0.006041331216692924 0.005739264655858278 0.005452301353216171 0.005179686471819878 0.004920701961964369 0.004674667026847601 0.004440933465957642 0.004218886606395245 0.004007942043244839 0.003807544941082597 0.003617167705669999 0.003436309285461903 0.003264493774622679 0.003101269016042352 0.002946205670014024 0.002798895351588726 0.002658950630575418 0.002526003168895841 0.002399703022092581 0.002279717940837145 0.002165731973946095 0.002057445468381047 0.001954573206603527 0.001856844522990286 0.001764002256095409 0.001675802166573703 0.001592012005858123 0.001512411399744451 0.001436790800653398 0.001364951254799962 0.001296703703701496 0.001231868518516421 0.001170275034382939 0.001111761317588389 0.001056173234246671 0.001003364566713572 0.0009531963150948286 0.0009055365226231515 0.0008602596935816109 0.0008172467350959778 0.0007763843750581145 0.0007375651621259749 0.0007006868836469948 0.0006656525656580925 0.0006323699490167201 0.0006007514311932027 0.0005707138334400952 0.0005421781679615378 0.0005150692304596305 0.0004893157747574151 0.0004648499889299273 0.0004416074953041971 0.0004195271176286042 0.000398550764657557 0.0003786232264246792 0.0003596920578274876 0.0003417074622120708 0.0003246220876462758 0.0003083909978158772 0.0002929714391939342 0.0002783228701446205 0.000264406728092581 0.0002511864004191011 0.0002386270789429545 0.0002266957308165729 0.0002153609384549782 0.0002045928849838674 0.000194363237824291 0.0001846450759330764 0.0001754128170432523 0.0001666421740083024 0.0001583100674906746 0.0001503945677541196 0.0001428748364560306 0.0001357310975436121 0.0001289445499423891 0.0001224973239004612 0.0001163724591606297 0.0001105538394767791 0.0001050261489581317 9.977484296541661e-05 9.478609717916697e-05 9.004679304780439e-05 8.554445230402052e-05 8.12672296888195e-05 7.720386929577217e-05 7.334367546718568e-05 6.967649096623063e-05 6.619266787311062e-05 6.288303120527416e-05 5.97388789174147e-05 5.675193460774608e-05 5.391433660406619e-05 5.121861977386288e-05 4.865769005846232e-05 4.622480628313497e-05 4.391356560518034e-05 4.171788896201178e-05 3.963199560530484e-05 3.76503958250396e-05 3.57678763975855e-05 3.397948239580728e-05 3.228050991310738e-05 3.066648423555307e-05 2.913315984187648e-05 2.767650221358053e-05 2.629267692100257e-05 2.497804234735668e-05 2.372914059378672e-05 2.25426829274511e-05 2.141554796253331e-05 2.034477074630558e-05 1.932753184519242e-05 1.836115552578121e-05 1.744309702189639e-05 1.657094253459945e-05 1.574239468027372e-05 1.495527521910844e-05 1.420751141267829e-05 1.349713602394331e-05 1.282227913179668e-05 1.218116540258052e-05 1.157210681412835e-05 1.099350174627034e-05 1.044382679538103e-05 9.921635864884593e-06 9.425553798791952e-06 8.954276381700765e-06 8.506562153343111e-06 8.081234227574896e-06 7.677172106923535e-06 7.293313501577359e-06 6.928647962922696e-06 6.582215519301826e-06 6.253104857023573e-06 5.940449682384497e-06 5.643427357426845e-06 5.361256171454443e-06 5.093193522043293e-06 4.838533641304821e-06 4.59660714113852e-06 4.366776920505799e-06 4.14843816542998e-06 3.94101607525954e-06 3.743965180547093e-06 3.556766841938952e-06 3.378928568054107e-06 3.209982196494821e-06 3.049482984351926e-06 2.897008926083799e-06 2.752158479779609e-06 2.614550567159313e-06 2.483822981957928e-06 2.359631935178186e-06 2.241650236101123e-06 2.129567747033434e-06 2.023089336944395e-06 1.921934881465859e-06 1.825838126023882e-06 1.734546231091372e-06 1.647818862693384e-06 1.56542796503345e-06 1.487156623625197e-06 1.412798837918672e-06 1.342158839179319e-06 1.275050863114302e-06 1.211298354064638e-06 1.150733396571013e-06 1.093196715373779e-06 1.03853687960509e-06 9.866100754152285e-07 9.372795943818346e-07 8.904156061362301e-07 8.458948173029057e-07 8.036000735955895e-07 7.634200756001519e-07 7.252490945575119e-07 6.889866313031234e-07 6.545373025801382e-07 6.218104431354732e-07 5.907199351895542e-07 5.611839242192218e-07 5.331247052708932e-07 5.06468495586887e-07 4.811450935449102e-07 4.570878502363485e-07 4.342334705143003e-07 4.125217856199015e-07 3.918956963389064e-07 3.72300917206303e-07 3.53685862819475e-07 3.360015625730739e-07 3.192014901287621e-07 3.032414213066659e-07 2.880793488202471e-07 2.736753685894655e-07 2.599915944756503e-07 2.469920161729533e-07 2.346424139432202e-07 2.229102875617173e-07 2.117647710520032e-07 2.011765332099458e-07 1.911177065494485e-07 1.815618162481769e-07 1.724837233041399e-07 1.638595392705611e-07 1.556665552016057e-07 1.478832274415254e-07 1.404890639378209e-07 1.334646100303871e-07 6.145699444459751e-05 0.0004362792533356696 0.001110664801672101 0.002040145685896277 0.003213951829820871 0.004612825810909271 0.006228473037481308 0.008046360686421394 0.01005339995026588 0.01223861891776323 0.01455812994390726 0.01698964461684227 0.01952945999801159 0.02215949073433876 0.02487440221011639
 0 0 0 0 0 0 0 0 0 0 0 0 0 0 0 0 0 0 0 0 0 0 0 0 0 0 0 0 0 0 0 0 0 0 0 0 0 0 0 0 0 0 0 0 0 0 0 0 0 0 0 0 0 0 0 0 0 0 0 0 0 0 0 0 0 0 0 0 0 0 0 0 0 0 0 0 0 0 0 0 0 0 0 0 0 0 0 0 0 0 0 0 0 0 0 0 0 0 0 0 0 0 0 0 0 0 0 0 0 0 0 0 0 0 0 0 0 0 0 0 0 0 0 0 0 0 0 0 0 0 0 0 0 0 0 0 0 0 0 0 0 0 0 0 0 0 0 0 0 0 0 0 0 0 0 0 0 0 0 0 0 0 0 0 0 0 0 0 0 0 0 0 0 0 0 0 0 0 0 0 0 0 0 0 0 0 0 0 0 0 0 0 0 0 0 0 0 0 0 0 0 0 0 0 0 0 0 0 0 0 0 0 0 0 0 0 0 0 0 0 0 0 0 0 0 0 0 0 0 0 0 0 0 0 0 0 0 0 0 0 0 0 0 0 0 0 0 0 0 0 0 0 0 0 0 0 0 0 0 0 0 0 0 0 0 0 0 0 0 0 0 0 0 0 0 0 0 0 0 0 0 0 0 0 0 0 0 0 0 0 0 0 0 0 0 0 0 0 0 0 0 0 0 0 0 0 0 0 0 0 0 0 0 0 0 0 0 0 0 0 0 0 0 0 0 0 0 0 0 0 0 0 0 0 0 0 0 0 0 0 0 0 0 0 0 0 0 0 0 0 0 0 0 0 0 0 0 0 0 0 0 0 0 0 0 0 0 0 0 0 0 0 0 0 0 0 0 0 0 0 0 0 0 0 0 0 0 0 0 0 0 0 0 0 0 0 0 0 0 0 0 0 0 0 0 0 0 0 0 0 0 0 0 0 0 0 0 0 0 0 0 0 0 0 0 0 0 0 0 0 0 0 0 0 0 0 0 0 0 0 0 0 0 0 0 0 0 0 0 0 0 0 0 0 0 0 0 0 0 0 0 0 0 0 0 0 0 0 0 0 0 0 0 0 0 0 0 0 0 0 0 0 0 0 0 0 0 0 0 0 0 0 0 0 0 0 0 0 0 0 0 0 0 0 0 0 0 0 0 0 0 0 0 0 0 0 0 0 0 0 0 0 0 0 0 0 0 0 0 0 0 0 0 0 0 0 0 0 0 0 0 0 0 0 0 0 0 0 0 0 0 0 0 0 0 0 0 0 0 0 0 0 0 0 0 0 0 0 0 0 0 0 0 0 0 0 0 0 0 0 0 0 0 0 0 0 0 0 0 0 0 0 0 0 0 0 0 0 0 0
 0 0 0 0 0 0 0 0 0 0 0 0 0 0 0 0 0 0 0 0 0 0 0 0 0 0 0 0 0 0 0 0 0 0 0 0 0 0 0 0 0 0 0 0 0 0 0 0 0 0 0 0 0 0 0 0 0 0 0 0 0 0 0 0 0 0 0 0 0 0 0 0 0 0 0 0 0 0 0 0 0 0 0 0 0 0 0 0 0 0 0 0 0 0 0 0 0 0 0 0 0 0 0 0 0 0 0 0 0 0 0 0 0 0 0 0 0 0 0 0 0 0 0 0 0 0 0 0 0 0 0 0 0 0 0 0 0 0 0 0 0 0 0 0 0 0 0 0 0 0 0 0 0 0 0 0 0 0 0 0 0 0 0 0 0 0 0 0 0 0 0 0 0 0 0 0 0 0 0 0 0 0 0 0 0 0 0 0 0 0 0 0 0 0 0 0 0 0 0 0 0 0 0 0 0 0 0 0 0 0 0 0 0 0 0 0 0 0 0 0 0 0 0 0 0 0 0 0 0 0 0 0 0 0 0 0 0 0 0 0 0 0 0 0 0 0 0 0 0 0 0 0 0 0 0 0 0 0 0 0 0 0 0 0 0 0 0 0 0 0 0 0 0 0 0 0 0 0 0 0 0 0 0 0 0 0 0 0 0 0 0 0 0 0 0 0 0 0 0 0 0 0 0 0 0 0 0 0 0 0 0 0 0 0 0 0 0 0 0 0 0 0 0 0 0 0 0 0 0 0 0 0 0 0 0 0 0 0 0 0 0 0 0 0 0 0 0 0 0 0 0 0 0 0 0 0 0 0 0 0 0 0 0 0 0 0 0 0 0 0 0 0 0 0 0 0 0 0 0 0 0 0 0 0 0 0 0 0 0 0 0 0 0 0 0 0 0 0 0 0 0 0 0 0 0 0 0 0 0 0 0 0 0 0 0 0 0 0 0 0 0 0 0 0 0 0 0 0 0 0 0 0 0 0 0 0 0 0 0 0 0 0 0 0 0 0 0 0 0 0 0 0 0 0 0 0 0 0 0 0 0 0 0 0 0 0 0 0 0 0 0 0 0 0 0 0 0 0 0 0 0 0 0 0 0 0 0 0 0 0 0 0 0 0 0 0 0 0 0 0 0 0 0 0 0 0 0 0 0 0 0 0 0 0 0 0 0 0 0 0 0 0 0 0 0 0 0 0 0 0 0 0 0 0 0 0 0 0 0 0 0 0 0 0 0 0 0 0 0 0 0 0 0 0 0 0 0 0 0 0 0 0 0 0 0 0 0 0 0 0 0 0 0 0 0 0 0 0 0 0 0 0 0 0 0 0 0 0 0 0 0 0 0 0 0 0 0 0 0 0


# name: r_0_m12_G0_L0p3_D0p7
# type: matrix
# rows: 1
# columns: 14
 0 -12 0.2 0 0.3 0 -5.139808333333334 0 0 0.05169165016389642 0 108.3333333333333 0.5163977794943223 0.7




