# Created by Octave 3.8.2, Mon Jun 19 12:45:22 2017 BST <co1ssj@node117>
# name: result
# type: scalar struct
# ndims: 2
 1 1
# length: 3
# name: params
# type: scalar struct
# ndims: 2
 1 1
# length: 18
# name: cleanup
# type: scalar
0


# name: num_runs
# type: scalar
6


# name: dopamine
# type: scalar
0.7


# name: targetCross
# type: scalar
1


# name: targetLuminance
# type: scalar
0.3


# name: targetWidthX
# type: scalar
6


# name: targetWidthY
# type: scalar
2


# name: fixCross
# type: scalar
1


# name: fixLuminance
# type: scalar
0.2


# name: fixWidthX
# type: scalar
6


# name: fixWidthY
# type: scalar
2


# name: fixOn
# type: scalar
0


# name: targetOff
# type: scalar
1


# name: targetOn
# type: scalar
0.2


# name: fixOff
# type: scalar
0.2


# name: targetThetaX
# type: scalar
0


# name: targetThetaY
# type: scalar
-8


# name: exptnum
# type: scalar
0




# name: r_0_m8_G0_L0p3_D0p7_llbn
# type: matrix
# rows: 24
# columns: 600
 0 0 0 0 0 0 0 0 0 0 0 0 0 0 0 0 0 0 0 0 0 0 0 0 0 0 0 0 0 0 0 0 0 0 0 0 0 0 0 0 0 0 0 0 0 0 0 0 0 0 0 0 0 0 0 0 0 0 0 0 0 0 0 0 0 0 0 0 0 0 0 0 0 0 0 0 0 0 0 0 0 0 0 0 0 0 0 0 0 0 0 0 0 0 0 0 0 0 0 0 0 0 0 0 0 0 0 0 0 0 0 0 0 0 0 0 0 0 0 0 0 0 0 0 0 0 0 0 0 0 0 0 0 0 0 0 0 0 0 0 0 0 0 0 0 0 0 0 0 0 0 0 0 0 0 0 0 0 0 0 0 0 0 0 0 0 0 0 0 0 0 0 0 0 0 0 0 0 0 0 0 0 0 0 0 0 0 0 0 0 0 0 0 0 0 0 0 0 0 0 0 0 0 0 0 0 0 0 0 0 0 0 0 0 0 0 0 0 0 0 0 0 0 0 0 0 0 0 0 0 0 0 0 0 0 0 0 0 0 0 0 0 0 0 0 0 0 0 0 0 0 0 0 0 0 0 0 0 0 0 0 0 0 0 0 0 0 0 0 0 0 0 0 0 0 0 0 0 0 0 0 0 0 0 0 0 0 0 0 0 0 0 0 0 0 0 0 0 0 0 0 0 0 0 0 0 0 0 0 0 0 0 0 0 0 0 0 0 0 0 0 0 0 0 0 0 0 0 0 0 0 0 0 0 0 0 0 0 0 0 0 0 0 0 0 0 0 0 0 0 0 0 0 0 0 0 0 0 0 0 0 0 0 0 0 0 0 0 0 0 0 0 0 0 0 0 0 0 0 0 0 0 0 0 0 0 0 0 0 0 0 0 0 0 0 0 0 0 0 0 0 0 0 0 0 0 0 0 0 0 0 0 0 0 0 0 0 0 0 0 0 0 0 0 0 0 0 0 0 0 0 0 0 0 0 0 0 0 0 0 0 0 0 0 0 0 0 0 0 0 0 0 0 0 0 0 0 0 0 0 0 0 0 0 0 0 0 0 0 0 0 0 0 0 0 0 0 0 0 0 0 0 0 0 0 0 0 0 0 0 0 0 0 0 0 0 0 0 0 0 0 0 0 0 0 0 0 0 0 0 0 0 0 0 0 0 0 0 0 0 0 0 0 0 0 0 0 0 0 0 0 0 0 0 0 0 0 0 0 0 0 0 0 0 0 0 0 0 0 0 0 0 0 0 0 0 0 0 0 0 0 0 0 0 0 0 0 0 0 0 0 0 0 0 0 0 0 0 0 0 0 0 0 0 0 0 0 0 0 0 0 0 0 0 0 0 0 0 0 0
 0 0 0 0 0 0 0 0 0 0 0 0 0 0 0 0 0 0 0 0 0 0 0 0 0 0 0 0 0 0 0 0 0 0 0 0 0 0 0 0 0 0 0 0 0 0 0 0 0 0 0 0 0 0 0 0 0 0 0 0 0 0 0 0 0 0 0 0 0 0 0 0 0 0 0 0 0 0 0 0 0 0 0 0 0 0 0 0 0 0 0 0 0 0 0 0 0 0 0 0 0 0 0 0 0 0 0 0 0 0 0 0 0 0 0 0 0 0 0 0 0 0 0 0 0 0 0 0 0 0 0 0 0 0 0 0 0 0 0 0 0 0 0 0 0 0 0 0 0 0 0 0 0 0 0 0 0 0 0 0 0 0 0 0 0 0 0 0 0 0 0 0 0 0 0 0 0 0 0 0 0 0 0 0 0 0 0 0 0 0 0 0 0 0 0 0 0 0 0 0 0 0 0 0 0 0 0 0 0 0 0 0 0 0 0 0 0 0 0 0 0 0 0 0 0 0 0 0 0 0 0 0 0 0 0 0 0 0 0 0 0 0 0 0 0 0 0 0 0 0 0 0 0 0 0 0 0 0 0 0 0 0 0 0 0 0 0 0 0 0 0 0 0 0 0.00030362798133865 0.0009266317938454449 0.001880206633359194 0.003139201086014509 0.004666386637836695 0.006425147876143456 0.008370732888579369 0.01050625182688236 0.01281364634633064 0.01528985612094402 0.01794322207570076 0.0207695197314024 0.02376600727438927 0.02690855413675308 0.03018016368150711 0.03353001177310944 0.03695311769843102 0.04043423011898994 0.04393541440367699 0.04746207222342491 0.0510210320353508 0.05460959300398827 0.05821578204631805 0.06184956803917885 0.06550289690494537 0.06918088346719742 0.07288508117198944 0.07661855220794678 0.0803605318069458 0.08410890400409698 0.08787544071674347 0.09166465699672699 0.09548608958721161 0.09933289140462875 0.103186622262001 0.1068552285432816 0.1091387346386909 0.1092826277017593 0.106809027493 0.1014685779809952 0.09639514982700348 0.09157539159059525 0.08699662238359451 0.08264679461717606 0.0785144567489624 0.07458873093128204 0.07085929811000824 0.06731633096933365 0.06395051628351212 0.0607529915869236 0.05771534144878387 0.05482957512140274 0.05208809673786163 0.04948369041085243 0.04700950533151627 0.04465902969241142 0.04242607951164246 0.04030477628111839 0.03828953579068184 0.03637506067752838 0.0345563068985939 0.03282849118113518 0.03118706680834293 0.0296277143061161 0.02814632840454578 0.02673901244997978 0.02540206164121628 0.02413195930421352 0.02292536199092865 0.02177909389138222 0.02069013938307762 0.0196556318551302 0.01867284998297691 0.01773920655250549 0.01685224659740925 0.01600963436067104 0.01520915236324072 0.01444869488477707 0.01372626051306725 0.01303994748741388 0.0123879499733448 0.01176855247467756 0.01118012517690659 0.01062111929059029 0.01009006332606077 0.00958556029945612 0.009106282144784927 0.008650967851281166 0.00821841973811388 0.007807498797774315 0.007417123764753342 0.00704626739025116 0.006693954113870859 0.006359256338328123 0.006041293498128653 0.005739228799939156 0.005452267359942198 0.005179653875529766 0.004920671228319407 0.004674637690186501 0.00444090599194169 0.004218860529363155 0.004007917363196611 0.003807521425187588 0.003617145353928208 0.00343628809787333 0.003264473751187325 0.003101250156760216 0.002946187742054462 0.002798878354951739 0.002658934332430363 0.002525987569242716 0.002399688120931387 0.002279703738167882 0.002165718469768763 0.002057432662695646 0.001954561099410057 0.001856832997873425 0.001763991313055158 0.001675791805610061 0.00159200222697109 0.001512402086518705 0.001436781953088939 0.001364942872896791 0.001296695787459612 0.001231860951520503 0.001170267933048308 0.001111754565499723 0.001056166831403971 0.001003358513116837 0.0009531906107440591 0.0009055311093106866 0.0008602545713074505 0.0008172418456524611 0.0007763797766529024 0.0007375607965514064 0.00070068275090307 0.0006656486075371504 0.0006323661655187607 0.000600747880525887 0.0005707105156034231 0.0005421749665401876 0.000515066203661263 0.0004893129225820303 0.0004648472822736949 0.0004416049050632864 0.0004195246729068458 0.0003985484363511205 0.0003786210145335644 0.0003596899623516947 0.0003417054540477693 0.0003246201667934656 0.0003083891642745584 0.0002929696929641068 0.0002783212112262845 0.0002644051564857364 0.0002511848870199174 0.0002386256383033469 0.0002266943629365414 0.0002153596433345228 0.0002045916626229882 0.0001943620736710727 0.0001846439699875191 0.0001754117693053558 0.0001666411844780669 0.0001583091216161847 0.0001503936655353755 0.0001428739778930321 0.0001357302826363593 0.0001289437641389668 0.0001224965817527846 0.0001163717533927411 0.000110553162812721 0.000105025501397904 9.97742245090194e-05 9.478551510255784e-05 9.004624007502571e-05 8.55439284350723e-05 8.126673492370173e-05 7.720339635852724e-05 7.33432243578136e-05 6.967606168473139e-05 6.619226041948423e-05 6.288264557952061e-05 5.973851511953399e-05 5.675158899975941e-05 5.391400918597355e-05 5.121831054566428e-05 4.865739538217895e-05 4.622452615876682e-05 4.391330003272742e-05 4.171763430349529e-05 3.963175186072476e-05 3.765016299439594e-05 3.576765448087826e-05 3.397927139303647e-05 3.228030618629418e-05 3.06662914226763e-05 2.913297612394672e-05 2.767632759059779e-05 2.629251139296684e-05 2.497788591426797e-05 2.372899143665563e-05 2.254254104627762e-05 2.141541335731745e-05 2.034464341704734e-05 1.932741179189179e-05 1.836104092944879e-05 1.744298970152158e-05 1.657084067119285e-05 1.574229827383533e-05 1.495518336014356e-05 1.420742410118692e-05 1.349705325992545e-05 1.282220091525232e-05 1.218109082401497e-05 1.157203587354161e-05 1.099343444366241e-05 1.04437631307519e-05 9.921574928739574e-06 9.425496500625741e-06 8.954221812018659e-06 8.50651031214511e-06 8.081185114861e-06 7.677125722693745e-06 7.293269391084323e-06 6.928606126166414e-06 6.582175956282299e-06 6.253067112993449e-06 5.940413757343777e-06 5.643393251375528e-06 5.361223429645179e-06 5.093162144476082e-06 4.838504082727013e-06 4.596578946802765e-06 4.366750090412097e-06 4.14841269957833e-06 3.940991973649943e-06 3.743942443179549e-06 3.556745241439785e-06 3.378907877049642e-06 3.209962414985057e-06 3.049464339710539e-06 2.896991190937115e-06 2.752141654127627e-06 2.614534651002032e-06 2.483807975295349e-06 2.359617610636633e-06 2.241636821054271e-06 2.129555014107609e-06 2.023077286139596e-06 1.921923512782087e-06 1.825827325774299e-06 1.734535999275977e-06 1.647809199312178e-06 1.565418756399595e-06 1.487147869738692e-06 1.41279042509268e-06 1.342150881100679e-06 1.275043359783012e-06 1.211291191793862e-06 1.15072657536075e-06 1.093190235224029e-06 1.038530740515853e-06 9.86604163699667e-07 9.372739668833674e-07 8.904102628548571e-07 8.458897582386271e-07 8.035952987484052e-07 7.63415528126643e-07 7.252447744576784e-07 6.889825385769655e-07 6.545334372276557e-07 6.218067483132472e-07 5.907164108975849e-07 5.61180570457509e-07 5.33121522039437e-07 5.064654260422685e-07 4.811421376871294e-07 4.570850364871148e-07 4.342307988736138e-07 4.125192560877622e-07 3.918932804936048e-07 3.722986150478391e-07 3.536836743478489e-07 3.359994877882855e-07 3.19199500609102e-07 3.03239517052134e-07 2.880775298308436e-07 2.736736632868997e-07 2.599899744382128e-07 2.469904814006441e-07 2.346409644360392e-07 2.229089091088099e-07 2.117634636533694e-07 9.322843106929213e-05 0.0003459056606516242 0.0007374502019956708 0.001258401200175285 0.001895804540254176 0.002639584243297577 0.003485682187601924 0.004428646992892027 0.005454946309328079 0.006550503429025412 0.007720561232417822 0.008966980502009392 0.01028744503855705 0.011665646918118 0.01309782080352306 0.0145830474793911 0.01610499620437622 0.01765867695212364 0.01923678256571293 0.02083272486925125 0.0224398672580719 0.02405781112611294 0.0256862286478281 0.0273150485008955 0.02894837409257889 0.03058561310172081 0.03222670406103134 0.03387113660573959 0.03551386669278145 0.03715040907263756 0.038782998919487
 0 0 0 0 0 0 0 0 0 0 0 0 0 0 0 0 0 0 0 0 0 0 0 0 0 0 0 0 0 0 0 0 0 0 0 0 0 0 0 0 0 0 0 0 0 0 0 0 0 0 0 0 0 0 0 0 0 0 0 0 0 0 0 0 0 0 0 0 0 0 0 0 0 0 0 0 0 0 0 0 0 0 0 0 0 0 0 0 0 0 0 0 0 0 0 0 0 0 0 0 0 0 0 0 0 0 0 0 0 0 0 0 0 0 0 0 0 0 0 0 0 0 0 0 0 0 0 0 0 0 0 0 0 0 0 0 0 0 0 0 0 0 0 0 0 0 0 0 0 0 0 0 0 0 0 0 0 0 0 0 0 0 0 0 0 0 0 0 0 0 0 0 0 0 0 0 0 0 0 0 0 0 0 0 0 0 0 0 0 0 0 0 0 0 0 0 0 0 0 0 0 0 0 0 0 0 0 0 0 0 0 0 0 0 0 0 0 0 0 0 0 0 0 0 0 0 0 0 0 0 0 0 0 0 0 0 0 0 0 0 0 0 0 0 0 0 0 0 0 0 0 0 0 0 0 0 0 0 0 0 0 0 0 0 0 0 0 0 0 0 0 0 0 0 0 0 0 0 0 0 0 0 0 0 0 0 0 0 0 0 0 0 0 0 0 0 0 0 0 0 0 0 0 0 0 0 0 0 0 0 0 0 0 0 0 0 0 0 0 0 0 0 0 0 0 0 0 0 0 0 0 0 0 0 0 0 0 0 0 0 0 0 0 0 0 0 0 0 0 0 0 0 0 0 0 0 0 0 0 0 0 0 0 0 0 0 0 0 0 0 0 0 0 0 0 0 0 0 0 0 0 0 0 0 0 0 0 0 0 0 0 0 0 0 0 0 0 0 0 0 0 0 0 0 0 0 0 0 0 0 0 0 0 0 0 0 0 0 0 0 0 0 0 0 0 0 0 0 0 0 0 0 0 0 0 0 0 0 0 0 0 0 0 0 0 0 0 0 0 0 0 0 0 0 0 0 0 0 0 0 0 0 0 0 0 0 0 0 0 0 0 0 0 0 0 0 0 0 0 0 0 0 0 0 0 0 0 0 0 0 0 0 0 0 0 0 0 0 0 0 0 0 0 0 0 0 0 0 0 0 0 0 0 0 0 0 0 0 0 0 0 0 0 0 0 0 0 0 0 0 0 0 0 0 0 0 0 0 0 0 0 0 0 0 0 0 0 0 0 0 0 0 0 0 0 0 0 0 0 0 0 0 0 0 0 0 0 0 0 0 0 0 0 0 0 0 0 0 0 0 0 0 0 0 0 0 0 0 0 0 0 0 0 0 0 0 0 0 0 0
 0 0 0 0 0 0 0 0 0 0 0 0 0 0 0 0 0 0 0 0 0 0 0 0 0 0 0 0 0 0 0 0 0 0 0 0 0 0 0 0 0 0 0 0 0 0 0 0 0 0 0 0 0 0 0 0 0 0 0 0 0 0 0 0 0 0 0 0 0 0 0 0 0 0 0 0 0 0 0 0 0 0 0 0 0 0 0 0 0 0 0 0 0 0 0 0 0 0 0 0 0 0 0 0 0 0 0 0 0 0 0 0 0 0 0 0 0 0 0 0 0 0 0 0 0 0 0 0 0 0 0 0 0 0 0 0 0 0 0 0 0 0 0 0 0 0 0 0 0 0 0 0 0 0 0 0 0 0 0 0 0 0 0 0 0 0 0 0 0 0 0 0 0 0 0 0 0 0 0 0 0 0 0 0 0 0 0 0 0 0 0 0 0 0 0 0 0 0 0 0 0 0 0 0 0 0 0 0 0 0 0 0 0 0 0 0 0 0 0 0 0 0 0 0 0 0 0 0 0 0 0 0 0 0 0 0 0 0 0 0 0 0 0 0 0 0 0 0 0 0 0 0 0 0 0 0 0 0 0 0 0 0 0 0 0 0 0 0 0 0 0 0 0 0 0 0 0 0 0 0 0 0 0 0 0 0 0 0 0 0 0 0 0 0 0 0 0 0 0 0 0 0 0 0 0 0 0 0 0 0 0 0 0 0 0 0 0 0 0 0 0 0 0 0 0 0 0 0 0 0 0 0 0 0 0 0 0 0 0 0 0 0 0 0 0 0 0 0 0 0 0 0 0 0 0 0 0 0 0 0 0 0 0 0 0 0 0 0 0 0 0 0 0 0 0 0 0 0 0 0 0 0 0 0 0 0 0 0 0 0 0 0 0 0 0 0 0 0 0 0 0 0 0 0 0 0 0 0 0 0 0 0 0 0 0 0 0 0 0 0 0 0 0 0 0 0 0 0 0 0 0 0 0 0 0 0 0 0 0 0 0 0 0 0 0 0 0 0 0 0 0 0 0 0 0 0 0 0 0 0 0 0 0 0 0 0 0 0 0 0 0 0 0 0 0 0 0 0 0 0 0 0 0 0 0 0 0 0 0 0 0 0 0 0 0 0 0 0 0 0 0 0 0 0 0 0 0 0 0 0 0 0 0 0 0 0 0 0 0 0 0 0 0 0 0 0 0 0 0 0 0 0 0 0 0 0 0 0 0 0 0 0 0 0 0 0 0 0 0 0 0 0 0 0 0 0 0 0 0 0 0 0 0 0 0 0 0 0 0 0 0 0 0 0 0 0 0 0 0 0 0 0 0 0 0 0 0 0 0 0 0 0 0 0 0 0 0 0 0 0
 0 0 0 0 0 0 0 0 0 0 0 0 0 0 0 0 0 0 0 0 0 0 0 0 0 0 0 0 0 0 0 0 0 0 0 0 0 0 0 0 0 0 0 0 0 0 0 0 0 0 0 0 0 0 0 0 0 0 0 0 0 0 0 0 0 0 0 0 0 0 0 0 0 0 0 0 0 0 0 0 0 0 0 0 0 0 0 0 0 0 0 0 0 0 0 0 0 0 0 0 0 0 0 0 0 0 0 0 0 0 0 0 0 0 0 0 0 0 0 0 0 0 0 0 0 0 0 0 0 0 0 0 0 0 0 0 0 0 0 0 0 0 0 0 0 0 0 0 0 0 0 0 0 0 0 0 0 0 0 0 0 0 0 0 0 0 0 0 0 0 0 0 0 0 0 0 0 0 0 0 0 0 0 0 0 0 0 0 0 0 0 0 0 0 0 0 0 0 0 0 0 0 0 0 0 0 0 0 0 0 0 0 0 0 0 0 0 0 0 0 0 0 0 0 0 0 0 0 0 0 0 0 0 0 0 0 0 0 0 0 0 0 0 0 0 0 0 0 0 0 0 0 0 0 0 0 0 0 0 0 0 0 0 0 0 0 0 0 0 0 0 0 0 0 0 0 0 0 0 0 0 0 0 0 0 0 0 0 0 0 0 0 0 0 0 0 0 0 0 0 0 0 0 0 0 0 0 0 0 0 0 0 0 0 0 0 0 0 0 0 0 0 0 0 0 0 0 0 0 0 0 0 0 0 0 0 0 0 0 0 0 0 0 0 0 0 0 0 0 0 0 0 0 0 0 0 0 0 0 0 0 0 0 0 0 0 0 0 0 0 0 0 0 0 0 0 0 0 0 0 0 0 0 0 0 0 0 0 0 0 0 0 0 0 0 0 0 0 0 0 0 0 0 0 0 0 0 0 0 0 0 0 0 0 0 0 0 0 0 0 0 0 0 0 0 0 0 0 0 0 0 0 0 0 0 0 0 0 0 0 0 0 0 0 0 0 0 0 0 0 0 0 0 0 0 0 0 0 0 0 0 0 0 0 0 0 0 0 0 0 0 0 0 0 0 0 0 0 0 0 0 0 0 0 0 0 0 0 0 0 0 0 0 0 0 0 0 0 0 0 0 0 0 0 0 0 0 0 0 0 0 0 0 0 0 0 0 0 0 0 0 0 0 0 0 0 0 0 0 0 0 0 0 0 0 0 0 0 0 0 0 0 0 0 0 0 0 0 0 0 0 0 0 0 0 0 0 0 0 0 0 0 0 0 0 0 0 0 0 0 0 0 0 0 0 0 0 0 0 0 0 0 0 0 0 0 0 0 0 0 0 0 0 0 0 0 0 0 0 0
 0 0 0 0 0 0 0 0 0 0 0 0 0 0 0 0 0 0 0 0 0 0 0 0 0 0 0 0 0 0 0 0 0 0 0 0 0 0 0 0 0 0 0 0 0 0 0 0 0 0 0 0 0 0 0 0 0 0 0 0 0 0 0 0 0 0 0 0 0 0 0 0 0 0 0 0 0 0 0 0 0 0 0 0 0 0 0 0 0 0 0 0 0 0 0 0 0 0 0 0 0 0 0 0 0 0 0 0 0 0 0 0 0 0 0 0 0 0 0 0 0 0 0 0 0 0 0 0 0 0 0 0 0 0 0 0 0 0 0 0 0 0 0 0 0 0 0 0 0 0 0 0 0 0 0 0 0 0 0 0 0 0 0 0 0 0 0 0 0 0 0 0 0 0 0 0 0 0 0 0 0 0 0 0 0 0 0 0 0 0 0 0 0 0 0 0 0 0 0 0 0 0 0 0 0 0 0 0 0 0 0 0 0 0 0 0 0 0 0 0 0 0 0 0 0 0 0 0 0 0 0 0 0 0 0 0 0 0 0 0 0 0 0 0 0 0 0 0 0 0 0 0 0 0 0 0 0 0 0 0 0 0 0 0 0 0 0 0 0 0 0 0 0 0 0.0002482225827407092 0.0008255768334493041 0.001728647504933178 0.002925244625657797 0.004386918619275093 0.006080593913793564 0.007967440411448479 0.01004038751125336 0.01230781339108944 0.01475016307085752 0.01734733767807484 0.02008616365492344 0.02296203561127186 0.02596505172550678 0.02907044067978859 0.03226254880428314 0.03553807735443115 0.03889797255396843 0.04233624786138535 0.04581049084663391 0.04931938648223877 0.05287361890077591 0.05647994950413704 0.06011953204870224 0.06377366185188293 0.06743825972080231 0.07111436873674393 0.07480040192604065 0.07849277555942535 0.08218789100646973 0.08589561283588409 0.0896279364824295 0.09338777512311935 0.09716551005840302 0.1009694635868073 0.1048016026616096 0.1077253669500351 0.1088074967265129 0.107461079955101 0.1033359915018082 0.09816919267177582 0.09326073527336121 0.08859769999980927 0.08416781574487686 0.07995942234992981 0.07596144825220108 0.07216337323188782 0.06855520606040955 0.06512744724750519 0.06187107414007187 0.05877751857042313 0.05583864450454712 0.05304671078920364 0.05039437487721443 0.04787465557456017 0.04548092186450958 0.04320687428116798 0.04104653000831604 0.0389942042529583 0.03704449534416199 0.03519226983189583 0.03343265503644943 0.03176102042198181 0.03017297014594078 0.02866432070732117 0.02723110467195511 0.02586955018341541 0.02457607351243496 0.02334726974368095 0.02217990532517433 0.02107091061770916 0.02001736499369144 0.01901649683713913 0.0180656723678112 0.0171623881906271 0.01630426943302155 0.01548905577510595 0.01471460331231356 0.01397887337952852 0.01327992975711823 0.0126159330829978 0.01198513619601727 0.01138587947934866 0.01081658527255058 0.01027575600892305 0.00976196862757206 0.009273869916796684 0.008810176514089108 0.008369667455554008 0.007951184175908566 0.007553624920547009 0.007175943814218044 0.006817146670073271 0.006476289127022028 0.006152474787086248 0.005844851024448872 0.005552608519792557 0.005274978000670671 0.005011229310184717 0.004760667681694031 0.004522634204477072 0.004296502564102411 0.00408167764544487 0.003877593670040369 0.003683713963255286 0.003499528160318732 0.003324551740661263 0.003158324165269732 0.003000407945364714 0.002850387478247285 0.002707868115976453 0.002572474768385291 0.002443850971758366 0.002321658423170447 0.00220557558350265 0.002095296746119857 0.001990531804040074 0.001891005202196538 0.001796454889699817 0.001706632087007165 0.001621300471015275 0.001540235476568341 0.001463223714381456 0.001390062505379319 0.00132055941503495 0.001254531438462436 0.001191804884001613 0.001132214674726129 0.001075603999197483 0.001021823845803738 0.0009707326535135508 0.0009221960208378732 0.0008760862401686609 0.0008322819485329092 0.0007906678365543485 0.0007511344738304615 0.0007135777268558741 0.000677898817230016 0.0006440038559958339 0.0006118036690168083 0.0005812135059386492 0.0005521528073586524 0.0005245451466180384 0.0004983178805559874 0.0004734019748866558 0.0004497318877838552 0.0004272452788427472 0.0004058830090798438 0.0003855888498947024 0.0003663093957584351 0.0003479939186945558 0.000330594222759828 0.0003140644985251129 0.0002983612648677081 0.0002834431943483651 0.0002692710258997977 0.0002558074775151908 0.0002430171007290483 0.0002308662515133619 0.0002193229447584599 0.0002083567960653454 0.0001979389635380358 0.0001880420168163255 0.0001786399225238711 0.000169707927852869 0.0001612225314602256 0.0001531614107079804 0.0001455033343518153 0.0001382281625410542 0.0001313167595071718 0.0001247509208042175 0.0001185133733088151 0.000112587702460587 0.0001069583158823662 0.00010161039972445 9.652988228481263e-05 9.170339035335928e-05 8.711822010809556e-05 8.276230801129714e-05 7.862419442972168e-05 7.469298725482076e-05 7.095834007486701e-05 6.741042307112366e-05 6.403990118997172e-05 6.083790503907949e-05 5.779600905952975e-05 5.490620969794691e-05 5.216089994064532e-05 4.955285476171412e-05 4.707521293312311e-05 4.472145155887119e-05 4.248537879902869e-05 4.036110840388574e-05 3.834305243799463e-05 3.642589945229702e-05 3.460460357018746e-05 3.287437357357703e-05 3.123065471299924e-05 2.966912143165246e-05 2.818566463247407e-05 2.677638076420408e-05 2.543756090744864e-05 2.41656834987225e-05 2.295739977853373e-05 2.180953015340492e-05 2.071905328193679e-05 1.968310061783995e-05 1.869894549599849e-05 1.776399767550174e-05 1.687579788267612e-05 1.603200871613808e-05 1.523040828033118e-05 1.4468887457042e-05 1.374544262944255e-05 1.305817022512201e-05 1.240526216861326e-05 1.178499951492995e-05 1.119574972108239e-05 1.063596209860407e-05 1.010416417557281e-05 9.598956239642575e-06 9.119008609559387e-06 8.663057997182477e-06 8.229904779000208e-06 7.818409358151257e-06 7.427488981193164e-06 7.056114554870874e-06 6.70330882712733e-06 6.368143203872023e-06 6.049735929991584e-06 5.74724890611833e-06 5.459886324388208e-06 5.186891939956695e-06 4.92754725200939e-06 4.681169684772613e-06 4.447111223271349e-06 4.22475568484515e-06 4.013517809653422e-06 3.812841896433383e-06 3.622199756136979e-06 3.441089802436181e-06 3.269035232733586e-06 3.105583573415061e-06 2.950304406112991e-06 2.802789140332607e-06 2.662649649209925e-06 2.529517132643377e-06 2.403041207799106e-06 2.282889226989937e-06 2.168744686059654e-06 2.060307451756671e-06 1.957292170118308e-06 1.85942758434976e-06 1.766456193763588e-06 1.678133344285015e-06 1.594226660017739e-06 1.514515361122903e-06 1.438789581698074e-06 1.366850142403564e-06 1.298507640967728e-06 1.23358222481329e-06 1.171903136309993e-06 1.11330803065357e-06 1.057642634805234e-06 1.004760520117998e-06 9.54522533902491e-07 9.067964015230245e-07 8.614565558673348e-07 8.183837394426519e-07 7.774645496283483e-07 7.385913249891018e-07 7.01661747370963e-07 6.665786713710986e-07 6.332497264338599e-07 6.015872600073635e-07 5.715078827961406e-07 5.42932468761137e-07 5.157858709026186e-07 4.899965801996586e-07 4.654967540318466e-07 4.422219035404851e-07 4.201108083634608e-07 3.991052608398604e-07 3.791500091665512e-07 3.601925016027963e-07 3.421828864702547e-07 3.250737563575967e-07 3.08820062855375e-07 2.933790597126062e-07 2.78710103884805e-07 2.647745986905647e-07 2.515358801247203e-07 2.389590747498005e-07 3.273327456554398e-05 0.0002405192353762686 0.0006190247950144112 0.00115113880019635 0.00181749532930553 0.002606408903375268 0.003506829030811787 0.004506244324147701 0.005592241417616606 0.006759981624782085 0.00799588393419981 0.009289965033531189 0.01064087171107531 0.01205326057970524 0.01352609135210514 0.01503995526582003 0.0165911428630352 0.01817748136818409 0.01978937909007072 0.02142193168401718 0.02307502180337906 0.02474415488541126 0.02641947567462921 0.02809900976717472 0.02978036180138588 0.03146710246801376 0.03316216543316841 0.03486563637852669 0.03657586500048637 0.0382881797850132 0.04000377655029297 0.04172497987747192 0.04345180466771126
 0 0 0 0 0 0 0 0 0 0 0 0 0 0 0 0 0 0 0 0 0 0 0 0 0 0 0 0 0 0 0 0 0 0 0 0 0 0 0 0 0 0 0 0 0 0 0 0 0 0 0 0 0 0 0 0 0 0 0 0 0 0 0 0 0 0 0 0 0 0 0 0 0 0 0 0 0 0 0 0 0 0 0 0 0 0 0 0 0 0 0 0 0 0 0 0 0 0 0 0 0 0 0 0 0 0 0 0 0 0 0 0 0 0 0 0 0 0 0 0 0 0 0 0 0 0 0 0 0 0 0 0 0 0 0 0 0 0 0 0 0 0 0 0 0 0 0 0 0 0 0 0 0 0 0 0 0 0 0 0 0 0 0 0 0 0 0 0 0 0 0 0 0 0 0 0 0 0 0 0 0 0 0 0 0 0 0 0 0 0 0 0 0 0 0 0 0 0 0 0 0 0 0 0 0 0 0 0 0 0 0 0 0 0 0 0 0 0 0 0 0 0 0 0 0 0 0 0 0 0 0 0 0 0 0 0 0 0 0 0 0 0 0 0 0 0 0 0 0 0 0 0 0 0 0 0 0 0 0 0 0 0 0 0 0 0 0 0 0 0 0 0 0 0 0 0 0 0 0 0 0 0 0 0 0 0 0 0 0 0 0 0 0 0 0 0 0 0 0 0 0 0 0 0 0 0 0 0 0 0 0 0 0 0 0 0 0 0 0 0 0 0 0 0 0 0 0 0 0 0 0 0 0 0 0 0 0 0 0 0 0 0 0 0 0 0 0 0 0 0 0 0 0 0 0 0 0 0 0 0 0 0 0 0 0 0 0 0 0 0 0 0 0 0 0 0 0 0 0 0 0 0 0 0 0 0 0 0 0 0 0 0 0 0 0 0 0 0 0 0 0 0 0 0 0 0 0 0 0 0 0 0 0 0 0 0 0 0 0 0 0 0 0 0 0 0 0 0 0 0 0 0 0 0 0 0 0 0 0 0 0 0 0 0 0 0 0 0 0 0 0 0 0 0 0 0 0 0 0 0 0 0 0 0 0 0 0 0 0 0 0 0 0 0 0 0 0 0 0 0 0 0 0 0 0 0 0 0 0 0 0 0 0 0 0 0 0 0 0 0 0 0 0 0 0 0 0 0 0 0 0 0 0 0 0 0 0 0 0 0 0 0 0 0 0 0 0 0 0 0 0 0 0 0 0 0 0 0 0 0 0 0 0 0 0 0 0 0 0 0 0 0 0 0 0 0 0 0 0 0 0 0 0 0 0 0 0 0 0 0 0 0 0 0 0 0 0 0 0 0 0 0 0 0 0 0 0 0 0 0 0 0 0 0 0 0 0 0 0 0
 0 0 0 0 0 0 0 0 0 0 0 0 0 0 0 0 0 0 0 0 0 0 0 0 0 0 0 0 0 0 0 0 0 0 0 0 0 0 0 0 0 0 0 0 0 0 0 0 0 0 0 0 0 0 0 0 0 0 0 0 0 0 0 0 0 0 0 0 0 0 0 0 0 0 0 0 0 0 0 0 0 0 0 0 0 0 0 0 0 0 0 0 0 0 0 0 0 0 0 0 0 0 0 0 0 0 0 0 0 0 0 0 0 0 0 0 0 0 0 0 0 0 0 0 0 0 0 0 0 0 0 0 0 0 0 0 0 0 0 0 0 0 0 0 0 0 0 0 0 0 0 0 0 0 0 0 0 0 0 0 0 0 0 0 0 0 0 0 0 0 0 0 0 0 0 0 0 0 0 0 0 0 0 0 0 0 0 0 0 0 0 0 0 0 0 0 0 0 0 0 0 0 0 0 0 0 0 0 0 0 0 0 0 0 0 0 0 0 0 0 0 0 0 0 0 0 0 0 0 0 0 0 0 0 0 0 0 0 0 0 0 0 0 0 0 0 0 0 0 0 0 0 0 0 0 0 0 0 0 0 0 0 0 0 0 0 0 0 0 0 0 0 0 0 0 0 0 0 0 0 0 0 0 0 0 0 0 0 0 0 0 0 0 0 0 0 0 0 0 0 0 0 0 0 0 0 0 0 0 0 0 0 0 0 0 0 0 0 0 0 0 0 0 0 0 0 0 0 0 0 0 0 0 0 0 0 0 0 0 0 0 0 0 0 0 0 0 0 0 0 0 0 0 0 0 0 0 0 0 0 0 0 0 0 0 0 0 0 0 0 0 0 0 0 0 0 0 0 0 0 0 0 0 0 0 0 0 0 0 0 0 0 0 0 0 0 0 0 0 0 0 0 0 0 0 0 0 0 0 0 0 0 0 0 0 0 0 0 0 0 0 0 0 0 0 0 0 0 0 0 0 0 0 0 0 0 0 0 0 0 0 0 0 0 0 0 0 0 0 0 0 0 0 0 0 0 0 0 0 0 0 0 0 0 0 0 0 0 0 0 0 0 0 0 0 0 0 0 0 0 0 0 0 0 0 0 0 0 0 0 0 0 0 0 0 0 0 0 0 0 0 0 0 0 0 0 0 0 0 0 0 0 0 0 0 0 0 0 0 0 0 0 0 0 0 0 0 0 0 0 0 0 0 0 0 0 0 0 0 0 0 0 0 0 0 0 0 0 0 0 0 0 0 0 0 0 0 0 0 0 0 0 0 0 0 0 0 0 0 0 0 0 0 0 0 0 0 0 0 0 0 0 0 0 0 0 0 0 0 0 0 0 0 0 0 0 0 0 0 0
 0 0 0 0 0 0 0 0 0 0 0 0 0 0 0 0 0 0 0 0 0 0 0 0 0 0 0 0 0 0 0 0 0 0 0 0 0 0 0 0 0 0 0 0 0 0 0 0 0 0 0 0 0 0 0 0 0 0 0 0 0 0 0 0 0 0 0 0 0 0 0 0 0 0 0 0 0 0 0 0 0 0 0 0 0 0 0 0 0 0 0 0 0 0 0 0 0 0 0 0 0 0 0 0 0 0 0 0 0 0 0 0 0 0 0 0 0 0 0 0 0 0 0 0 0 0 0 0 0 0 0 0 0 0 0 0 0 0 0 0 0 0 0 0 0 0 0 0 0 0 0 0 0 0 0 0 0 0 0 0 0 0 0 0 0 0 0 0 0 0 0 0 0 0 0 0 0 0 0 0 0 0 0 0 0 0 0 0 0 0 0 0 0 0 0 0 0 0 0 0 0 0 0 0 0 0 0 0 0 0 0 0 0 0 0 0 0 0 0 0 0 0 0 0 0 0 0 0 0 0 0 0 0 0 0 0 0 0 0 0 0 0 0 0 0 0 0 0 0 0 0 0 0 0 0 0 0 0 0 0 0 0 0 0 0 0 0 0 0 0 0 0 0 0 0 0 0 0 0 0 0 0 0 0 0 0 0 0 0 0 0 0 0 0 0 0 0 0 0 0 0 0 0 0 0 0 0 0 0 0 0 0 0 0 0 0 0 0 0 0 0 0 0 0 0 0 0 0 0 0 0 0 0 0 0 0 0 0 0 0 0 0 0 0 0 0 0 0 0 0 0 0 0 0 0 0 0 0 0 0 0 0 0 0 0 0 0 0 0 0 0 0 0 0 0 0 0 0 0 0 0 0 0 0 0 0 0 0 0 0 0 0 0 0 0 0 0 0 0 0 0 0 0 0 0 0 0 0 0 0 0 0 0 0 0 0 0 0 0 0 0 0 0 0 0 0 0 0 0 0 0 0 0 0 0 0 0 0 0 0 0 0 0 0 0 0 0 0 0 0 0 0 0 0 0 0 0 0 0 0 0 0 0 0 0 0 0 0 0 0 0 0 0 0 0 0 0 0 0 0 0 0 0 0 0 0 0 0 0 0 0 0 0 0 0 0 0 0 0 0 0 0 0 0 0 0 0 0 0 0 0 0 0 0 0 0 0 0 0 0 0 0 0 0 0 0 0 0 0 0 0 0 0 0 0 0 0 0 0 0 0 0 0 0 0 0 0 0 0 0 0 0 0 0 0 0 0 0 0 0 0 0 0 0 0 0 0 0 0 0 0 0 0 0 0 0 0 0 0 0 0 0 0 0 0 0 0 0 0 0 0 0 0 0 0 0 0 0 0 0
 0 0 0 0 0 0 0 0 0 0 0 0 0 0 0 0 0 0 0 0 0 0 0 0 0 0 0 0 0 0 0 0 0 0 0 0 0 0 0 0 0 0 0 0 0 0 0 0 0 0 0 0 0 0 0 0 0 0 0 0 0 0 0 0 0 0 0 0 0 0 0 0 0 0 0 0 0 0 0 0 0 0 0 0 0 0 0 0 0 0 0 0 0 0 0 0 0 0 0 0 0 0 0 0 0 0 0 0 0 0 0 0 0 0 0 0 0 0 0 0 0 0 0 0 0 0 0 0 0 0 0 0 0 0 0 0 0 0 0 0 0 0 0 0 0 0 0 0 0 0 0 0 0 0 0 0 0 0 0 0 0 0 0 0 0 0 0 0 0 0 0 0 0 0 0 0 0 0 0 0 0 0 0 0 0 0 0 0 0 0 0 0 0 0 0 0 0 0 0 0 0 0 0 0 0 0 0 0 0 0 0 0 0 0 0 0 0 0 0 0 0 0 0 0 0 0 0 0 0 0 0 0 0 0 0 0 0 0 0 0 0 0 0 0 0 0 0 0 0 0 0 0 0 0 0 0 0 0 0 0 0 0 0 0 0 0 0 0 0 0 0 0 0 9.454684186493978e-05 0.0005246287328191102 0.001279281568713486 0.002343929139897227 0.003673463594168425 0.005223109386861324 0.006970691960304976 0.008920920081436634 0.01104862429201603 0.01333590783178806 0.01578683406114578 0.01839652843773365 0.0211532860994339 0.02403069101274014 0.02699938043951988 0.03008060716092587 0.03327054157853127 0.0365624874830246 0.03992607444524765 0.04334903135895729 0.04681391268968582 0.05030339956283569 0.05382852256298065 0.05738417431712151 0.06095096096396446 0.06453385204076767 0.06812847405672073 0.07173851132392883 0.07536590844392776 0.07900743931531906 0.08265422284603119 0.08631505072116852 0.08999539911746979 0.09370675683021545 0.09744659811258316 0.1012086868286133 0.1049462482333183 0.1074148640036583 0.1078163236379623 0.1056658178567886 0.10067418217659 0.09564047306776047 0.09085845202207565 0.08631552755832672 0.08199974894523621 0.0778997614979744 0.07400477677583694 0.07030453532934189 0.06678930670022964 0.06344984471797943 0.06027735397219658 0.05726348608732224 0.05440030992031097 0.05168029293417931 0.04909627884626389 0.04664146527647972 0.04430939257144928 0.0420939214527607 0.03998922556638718 0.03798976540565491 0.03609027713537216 0.0342857614159584 0.03257147222757339 0.0309428982436657 0.02939575351774693 0.02792596630752087 0.02652966789901257 0.02520318515598774 0.02394302561879158 0.02274587377905846 0.02160857990384102 0.02052815072238445 0.01950174383819103 0.01852665655314922 0.01760032400488853 0.01672030799090862 0.01588429324328899 0.01509007811546326 0.01433557458221912 0.01361879613250494 0.01293785590678453 0.01229096297174692 0.0116764148697257 0.01109259389340878 0.01053796429187059 0.01001106575131416 0.009510512463748455 0.009034986607730389 0.008583237417042255 0.008154075592756271 0.007746371906250715 0.00735905347391963 0.006991100963205099 0.006641545798629522 0.006309468299150467 0.005993994884192944 0.005694295279681683 0.005409580655395985 0.005139101762324572 0.00488214660435915 0.004638039506971836 0.004406137391924858 0.00418583070859313 0.003976539243012667 0.003777712350711226 0.003588826628401875 0.003409385215491056 0.003238915931433439 0.003076970111578703 0.002923121675848961 0.002776965498924255 0.002638117177411914 0.002506211400032043 0.002380900783464313 0.002261855639517307 0.002148762810975313 0.002041324740275741 0.00193925853818655 0.001842295634560287 0.001750180847011507 0.001662671798840165 0.001579538220539689 0.001500561367720366 0.001425533322617412 0.001354256644845009 0.001286543789319694 0.001222216640599072 0.001161105814389884 0.001103050541132689 0.001047897967509925 0.0009955030400305986 0.0009457278647460043 0.0008984414744190872 0.0008535194210708141 0.0008108434267342091 0.0007703012670390308 0.000731786189135164 0.0006951968534849584 0.0006604369846172631 0.000627415138296783 0.0005960443522781134 0.0005662421463057399 0.0005379300564527512 0.000511033576913178 0.0004854818980675191 0.0004612077900674194 0.0004381473991088569 0.0004162400146014988 0.0003954280109610409 0.0003756566147785634 0.0003568737884052098 0.0003390301135368645 0.0003220786165911704 0.0003059746813960373 0.0002906759618781507 0.0002761421492323279 0.0002623350301291794 0.000249218282988295 0.0002367573615629226 0.000224919494939968 0.000213673512917012 0.0002029898314503953 0.0001928403362398967 0.0001831983245210722 0.0001740384032018483 0.0001653364888625219 0.0001570696622366086 0.0001492161827627569 0.0001417553721694276 0.0001346675999229774 0.0001279342250199988 0.0001215375159517862 0.0001154606434283778 0.0001096876076189801 0.0001042032236000523 9.899306314764544e-05 9.404341108165681e-05 8.934124343795702e-05 8.487418381264433e-05 8.063047425821424e-05 7.659895345568657e-05 7.276900578290224e-05 6.913055403856561e-05 6.56740230624564e-05 6.239032518351451e-05 5.927080928813666e-05 5.630726809613407e-05 5.349190541892312e-05 5.081731069367379e-05 4.827644443139434e-05 4.586262366501614e-05 4.356949284556322e-05 4.139101656619459e-05 3.93214650102891e-05 3.735539212357253e-05 3.548762106220238e-05 3.371324055478908e-05 3.202757943654433e-05 3.042620119231287e-05 2.89048912236467e-05 2.74596459348686e-05 2.608666363812517e-05 2.478233000147156e-05 2.354321259190328e-05 2.236605178040918e-05 2.124774982803501e-05 2.018536179093644e-05 1.917609370138962e-05 1.821728983486537e-05 1.730642543407157e-05 1.644110488996375e-05 1.561904900881927e-05 1.483809683122672e-05 1.409619198966539e-05 1.339138270850526e-05 1.272181361855473e-05 1.208572302857647e-05 1.14814365588245e-05 1.090736441256013e-05 1.036199591908371e-05 9.84389589575585e-06 9.351701010018587e-06 8.884116141416598e-06 8.439910743618384e-06 8.017915206437465e-06 7.617019491590327e-06 7.236168585222913e-06 6.87436022417387e-06 6.530642167490441e-06 6.204109922691714e-06 5.893904472031863e-06 5.599209089268697e-06 5.319248430168955e-06 5.053285804024199e-06 4.800621354661416e-06 4.56059024145361e-06 4.3325608203304e-06 4.115932824788615e-06 3.910136001650244e-06 3.714629201567732e-06 3.528897650539875e-06 3.352452722538146e-06 3.18483012051729e-06 3.025588512173272e-06 2.874309075195924e-06 2.730593678279547e-06 2.594063971628202e-06 2.464360704834689e-06 2.341142590012169e-06 2.224085392299457e-06 2.112881020366331e-06 2.007237071666168e-06 1.906875240820227e-06 1.811531433304481e-06 1.720954855954915e-06 1.634907107472827e-06 1.553161723677476e-06 1.475503609071893e-06 1.401728468408692e-06 1.331642010882206e-06 1.265059950128489e-06 1.201806981043774e-06 1.141716666097636e-06 1.084630866898806e-06 1.030399289447814e-06 9.788793704501586e-07 9.299354246650182e-07 8.834386449052545e-07 8.392667041334789e-07 7.973033575581212e-07 7.574382152597536e-07 7.195662874437403e-07 6.835879844402371e-07 6.494086051134218e-07 6.169381663312379e-07 5.860912324351375e-07 5.567866878664063e-07 5.289473392622313e-07 5.024999722991197e-07 4.773749537889671e-07 4.535062032573478e-07 4.308308803047112e-07 4.092893277629628e-07 3.888248727434984e-07 3.69383627685238e-07 3.509144335112069e-07 3.333687175199884e-07 3.167002944337582e-07 3.008652811331558e-07 2.858220113921561e-07 2.715309221912321e-07 2.579543831870978e-07 0.0001462835207348689 0.0004495401517488062 0.00090563710546121 0.001507183653302491 0.002247198717668653 0.00311304023489356 0.004095826763659716 0.00519177969545126 0.006391821894794703 0.007667886093258858 0.009007635526359081 0.01040015555918217 0.01184481009840965 0.01333919912576675 0.01487239357084036 0.01644137129187584 0.01804946549236774 0.01969874836504459 0.02137220092117786 0.02307168021798134 0.02479434944689274 0.02654032036662102 0.02830788306891918 0.03009652532637119 0.03190450370311737 0.03373559191823006 0.03558691218495369 0.03745843097567558 0.03934323787689209 0.04124055057764053 0.04313631728291512 0.04501922056078911 0.04689055308699608 0.04875440895557404 0.05060458928346634
 0 0 0 0 0 0 0 0 0 0 0 0 0 0 0 0 0 0 0 0 0 0 0 0 0 0 0 0 0 0 0 0 0 0 0 0 0 0 0 0 0 0 0 0 0 0 0 0 0 0 0 0 0 0 0 0 0 0 0 0 0 0 0 0 0 0 0 0 0 0 0 0 0 0 0 0 0 0 0 0 0 0 0 0 0 0 0 0 0 0 0 0 0 0 0 0 0 0 0 0 0 0 0 0 0 0 0 0 0 0 0 0 0 0 0 0 0 0 0 0 0 0 0 0 0 0 0 0 0 0 0 0 0 0 0 0 0 0 0 0 0 0 0 0 0 0 0 0 0 0 0 0 0 0 0 0 0 0 0 0 0 0 0 0 0 0 0 0 0 0 0 0 0 0 0 0 0 0 0 0 0 0 0 0 0 0 0 0 0 0 0 0 0 0 0 0 0 0 0 0 0 0 0 0 0 0 0 0 0 0 0 0 0 0 0 0 0 0 0 0 0 0 0 0 0 0 0 0 0 0 0 0 0 0 0 0 0 0 0 0 0 0 0 0 0 0 0 0 0 0 0 0 0 0 0 0 0 0 0 0 0 0 0 0 0 0 0 0 0 0 0 0 0 0 0 0 0 0 0 0 0 0 0 0 0 0 0 0 0 0 0 0 0 0 0 0 0 0 0 0 0 0 0 0 0 0 0 0 0 0 0 0 0 0 0 0 0 0 0 0 0 0 0 0 0 0 0 0 0 0 0 0 0 0 0 0 0 0 0 0 0 0 0 0 0 0 0 0 0 0 0 0 0 0 0 0 0 0 0 0 0 0 0 0 0 0 0 0 0 0 0 0 0 0 0 0 0 0 0 0 0 0 0 0 0 0 0 0 0 0 0 0 0 0 0 0 0 0 0 0 0 0 0 0 0 0 0 0 0 0 0 0 0 0 0 0 0 0 0 0 0 0 0 0 0 0 0 0 0 0 0 0 0 0 0 0 0 0 0 0 0 0 0 0 0 0 0 0 0 0 0 0 0 0 0 0 0 0 0 0 0 0 0 0 0 0 0 0 0 0 0 0 0 0 0 0 0 0 0 0 0 0 0 0 0 0 0 0 0 0 0 0 0 0 0 0 0 0 0 0 0 0 0 0 0 0 0 0 0 0 0 0 0 0 0 0 0 0 0 0 0 0 0 0 0 0 0 0 0 0 0 0 0 0 0 0 0 0 0 0 0 0 0 0 0 0 0 0 0 0 0 0 0 0 0 0 0 0 0 0 0 0 0 0 0 0 0 0 0 0 0 0 0 0 0 0 0 0 0 0 0 0 0 0 0 0 0 0 0 0 0 0 0 0 0 0 0 0 0 0
 0 0 0 0 0 0 0 0 0 0 0 0 0 0 0 0 0 0 0 0 0 0 0 0 0 0 0 0 0 0 0 0 0 0 0 0 0 0 0 0 0 0 0 0 0 0 0 0 0 0 0 0 0 0 0 0 0 0 0 0 0 0 0 0 0 0 0 0 0 0 0 0 0 0 0 0 0 0 0 0 0 0 0 0 0 0 0 0 0 0 0 0 0 0 0 0 0 0 0 0 0 0 0 0 0 0 0 0 0 0 0 0 0 0 0 0 0 0 0 0 0 0 0 0 0 0 0 0 0 0 0 0 0 0 0 0 0 0 0 0 0 0 0 0 0 0 0 0 0 0 0 0 0 0 0 0 0 0 0 0 0 0 0 0 0 0 0 0 0 0 0 0 0 0 0 0 0 0 0 0 0 0 0 0 0 0 0 0 0 0 0 0 0 0 0 0 0 0 0 0 0 0 0 0 0 0 0 0 0 0 0 0 0 0 0 0 0 0 0 0 0 0 0 0 0 0 0 0 0 0 0 0 0 0 0 0 0 0 0 0 0 0 0 0 0 0 0 0 0 0 0 0 0 0 0 0 0 0 0 0 0 0 0 0 0 0 0 0 0 0 0 0 0 0 0 0 0 0 0 0 0 0 0 0 0 0 0 0 0 0 0 0 0 0 0 0 0 0 0 0 0 0 0 0 0 0 0 0 0 0 0 0 0 0 0 0 0 0 0 0 0 0 0 0 0 0 0 0 0 0 0 0 0 0 0 0 0 0 0 0 0 0 0 0 0 0 0 0 0 0 0 0 0 0 0 0 0 0 0 0 0 0 0 0 0 0 0 0 0 0 0 0 0 0 0 0 0 0 0 0 0 0 0 0 0 0 0 0 0 0 0 0 0 0 0 0 0 0 0 0 0 0 0 0 0 0 0 0 0 0 0 0 0 0 0 0 0 0 0 0 0 0 0 0 0 0 0 0 0 0 0 0 0 0 0 0 0 0 0 0 0 0 0 0 0 0 0 0 0 0 0 0 0 0 0 0 0 0 0 0 0 0 0 0 0 0 0 0 0 0 0 0 0 0 0 0 0 0 0 0 0 0 0 0 0 0 0 0 0 0 0 0 0 0 0 0 0 0 0 0 0 0 0 0 0 0 0 0 0 0 0 0 0 0 0 0 0 0 0 0 0 0 0 0 0 0 0 0 0 0 0 0 0 0 0 0 0 0 0 0 0 0 0 0 0 0 0 0 0 0 0 0 0 0 0 0 0 0 0 0 0 0 0 0 0 0 0 0 0 0 0 0 0 0 0 0 0 0 0 0 0 0 0 0 0 0 0 0 0 0 0 0 0 0 0 0 0 0 0 0
 0 0 0 0 0 0 0 0 0 0 0 0 0 0 0 0 0 0 0 0 0 0 0 0 0 0 0 0 0 0 0 0 0 0 0 0 0 0 0 0 0 0 0 0 0 0 0 0 0 0 0 0 0 0 0 0 0 0 0 0 0 0 0 0 0 0 0 0 0 0 0 0 0 0 0 0 0 0 0 0 0 0 0 0 0 0 0 0 0 0 0 0 0 0 0 0 0 0 0 0 0 0 0 0 0 0 0 0 0 0 0 0 0 0 0 0 0 0 0 0 0 0 0 0 0 0 0 0 0 0 0 0 0 0 0 0 0 0 0 0 0 0 0 0 0 0 0 0 0 0 0 0 0 0 0 0 0 0 0 0 0 0 0 0 0 0 0 0 0 0 0 0 0 0 0 0 0 0 0 0 0 0 0 0 0 0 0 0 0 0 0 0 0 0 0 0 0 0 0 0 0 0 0 0 0 0 0 0 0 0 0 0 0 0 0 0 0 0 0 0 0 0 0 0 0 0 0 0 0 0 0 0 0 0 0 0 0 0 0 0 0 0 0 0 0 0 0 0 0 0 0 0 0 0 0 0 0 0 0 0 0 0 0 0 0 0 0 0 0 0 0 0 0 0 0 0 0 0 0 0 0 0 0 0 0 0 0 0 0 0 0 0 0 0 0 0 0 0 0 0 0 0 0 0 0 0 0 0 0 0 0 0 0 0 0 0 0 0 0 0 0 0 0 0 0 0 0 0 0 0 0 0 0 0 0 0 0 0 0 0 0 0 0 0 0 0 0 0 0 0 0 0 0 0 0 0 0 0 0 0 0 0 0 0 0 0 0 0 0 0 0 0 0 0 0 0 0 0 0 0 0 0 0 0 0 0 0 0 0 0 0 0 0 0 0 0 0 0 0 0 0 0 0 0 0 0 0 0 0 0 0 0 0 0 0 0 0 0 0 0 0 0 0 0 0 0 0 0 0 0 0 0 0 0 0 0 0 0 0 0 0 0 0 0 0 0 0 0 0 0 0 0 0 0 0 0 0 0 0 0 0 0 0 0 0 0 0 0 0 0 0 0 0 0 0 0 0 0 0 0 0 0 0 0 0 0 0 0 0 0 0 0 0 0 0 0 0 0 0 0 0 0 0 0 0 0 0 0 0 0 0 0 0 0 0 0 0 0 0 0 0 0 0 0 0 0 0 0 0 0 0 0 0 0 0 0 0 0 0 0 0 0 0 0 0 0 0 0 0 0 0 0 0 0 0 0 0 0 0 0 0 0 0 0 0 0 0 0 0 0 0 0 0 0 0 0 0 0 0 0 0 0 0 0 0 0 0 0 0 0 0 0 0 0 0 0 0 0 0 0
 0 0 0 0 0 0 0 0 0 0 0 0 0 0 0 0 0 0 0 0 0 0 0 0 0 0 0 0 0 0 0 0 0 0 0 0 0 0 0 0 0 0 0 0 0 0 0 0 0 0 0 0 0 0 0 0 0 0 0 0 0 0 0 0 0 0 0 0 0 0 0 0 0 0 0 0 0 0 0 0 0 0 0 0 0 0 0 0 0 0 0 0 0 0 0 0 0 0 0 0 0 0 0 0 0 0 0 0 0 0 0 0 0 0 0 0 0 0 0 0 0 0 0 0 0 0 0 0 0 0 0 0 0 0 0 0 0 0 0 0 0 0 0 0 0 0 0 0 0 0 0 0 0 0 0 0 0 0 0 0 0 0 0 0 0 0 0 0 0 0 0 0 0 0 0 0 0 0 0 0 0 0 0 0 0 0 0 0 0 0 0 0 0 0 0 0 0 0 0 0 0 0 0 0 0 0 0 0 0 0 0 0 0 0 0 0 0 0 0 0 0 0 0 0 0 0 0 0 0 0 0 0 0 0 0 0 0 0 0 0 0 0 0 0 0 0 0 0 0 0 0 0 0 0 0 0 0 0 0 0 0 0 0 0 0 0 0 0 0 0 0 0 0 0 0.0002777956833597273 0.000887317000888288 0.0018159463070333 0.003005596343427896 0.004441753029823303 0.006117720622569323 0.008018725551664829 0.01012866012752056 0.01241015922278166 0.01485507562756538 0.01745380647480488 0.02019543759524822 0.02305055037140846 0.02600068971514702 0.02904716692864895 0.03216967359185219 0.0353754498064518 0.03866059333086014 0.04201605543494225 0.04544245079159737 0.0489317886531353 0.05245306715369225 0.05599860474467278 0.05958593264222145 0.06319206953048706 0.06682249903678894 0.07047789543867111 0.07414378970861435 0.07782319188117981 0.08152926713228226 0.08525338768959045 0.08900221437215805 0.09277550131082535 0.09657812863588333 0.1003831103444099 0.1041710525751114 0.1071158871054649 0.1082668602466583 0.1070312559604645 0.1030298396945 0.0978783443570137 0.09298443049192429 0.08833520859479904 0.08391844481229782 0.07972252368927002 0.0757363960146904 0.07194957882165909 0.0683521032333374 0.06493449956178665 0.06168777495622635 0.05860338732600212 0.05567321926355362 0.05288955941796303 0.05024508014321327 0.04773282632231712 0.04534618556499481 0.04307887703180313 0.04092493280768394 0.03887868672609329 0.0369347520172596 0.03508801385760307 0.03333361446857452 0.03166693449020386 0.03008358739316463 0.02857940830290318 0.02715043723583221 0.0257929153740406 0.02450327016413212 0.02327810600399971 0.02211420051753521 0.02100848965346813 0.01995806582272053 0.01896016299724579 0.0180121548473835 0.01711154729127884 0.01625596918165684 0.01544317044317722 0.0146710118278861 0.01393746118992567 0.01324058789759874 0.01257855817675591 0.01194963045418262 0.01135214883834124 0.01078454125672579 0.0102453138679266 0.009733048267662525 0.009246395900845528 0.008784076198935509 0.008344871923327446 0.007927628234028816 0.00753124663606286 0.007154684513807297 0.006796950474381447 0.006457102950662374 0.006134247872978449 0.005827535409480333 0.005536158569157124 0.005259350873529911 0.004996383562684059 0.004746564198285341 0.004509236197918653 0.004283774178475142 0.004069585353136063 0.003866106038913131 0.003672800725325942 0.003489160677418113 0.003314702538773417 0.003148967400193214 0.002991518937051296 0.002841942943632603 0.002699845703318715 0.002564853522926569 0.002436610870063305 0.002314780373126268 0.002199041424319148 0.002089089248329401 0.001984634902328253 0.001885403180494905 0.00179113307967782 0.001701576402410865 0.001616497524082661 0.001535672694444656 0.001458889106288552 0.001385944662615657 0.001316647394560277 0.001250814995728433 0.001188274240121245 0.001128860516473651 0.001072417479008436 0.00101879658177495 0.0009678567294031382 0.0009194638696499169 0.0008734907023608685 0.0008298161556012928 0.0007883253274485469 0.0007489090785384178 0.0007114636246114969 0.0006758904200978577 0.0006420959252864122 0.0006099911406636238 0.000579491606913507 0.0005505169974640012 0.0005229911766946316 0.0004968416178599 0.0004719995486084372 0.0004483995726332068 0.0004259795823600143 0.0004046806134283543 0.0003844465827569366 0.0003652242594398558 0.0003469630610197783 0.0003296149079687893 0.0003131341654807329 0.0002974774688482285 0.0002826036070473492 0.0002684734354261309 0.0002550497592892498 0.0002422972756903619 0.0002301824133610353 0.0002186732890550047 0.0002077396202366799 0.0001973526377696544 0.0001874850131571293 0.0001781107566785067 0.0001692052173893899 0.0001607449521543458 0.0001527077110949904 0.0001450723211746663 0.0001378187007503584 0.0001309277722612023 0.0001243813894689083 0.0001181623229058459 0.0001122542089433409 0.0001066414988599718 0.0001013094224617817 9.624395170249045e-05 9.143175702774897e-05 8.686017099535093e-05 8.251715917140245e-05 7.839129830244929e-05 7.447173265973106e-05 7.074814493535087e-05 6.72107344144024e-05 6.385019514709711e-05 6.065768684493378e-05 5.762480213888921e-05 5.474356294143945e-05 5.200638406677172e-05 4.940606595482677e-05 4.693576192948967e-05 4.458897456061095e-05 4.235952656017616e-05 4.024154986836948e-05 3.822947110165842e-05 3.631799700087868e-05 3.450209624134004e-05 3.27769921568688e-05 3.11381409119349e-05 2.958123332064133e-05 2.810217119986191e-05 2.669706191227306e-05 2.536220927140675e-05 2.409409898973536e-05 2.288939322170336e-05 2.174492328776978e-05 2.065767694148235e-05 1.962479291250929e-05 1.864355363068171e-05 1.771137613104656e-05 1.682580659689847e-05 1.59845167218009e-05 1.518529097666033e-05 1.442602660972625e-05 1.370472546113888e-05 1.301948941545561e-05 1.236851494468283e-05 1.17500894702971e-05 1.116258499678224e-05 1.060445538314525e-05 1.007423270493746e-05 9.570520887791645e-06 9.091994797927327e-06 8.637394785182551e-06 8.205524864024483e-06 7.795248166075908e-06 7.405485575873172e-06 7.035211183392676e-06 6.683450465061469e-06 6.349278010020498e-06 6.031814336893149e-06 5.730223620048491e-06 5.443712325359229e-06 5.171526936464943e-06 4.912950771540636e-06 4.667303073802032e-06 4.43393810201087e-06 4.212241037748754e-06 4.001628894911846e-06 3.801547336479416e-06 3.611469992392813e-06 3.430896413192386e-06 3.259351615270134e-06 3.096384034506627e-06 2.94156484414998e-06 2.794486590573797e-06 2.654762283782475e-06 2.522024260542821e-06 2.39592304751568e-06 2.27612690650858e-06 2.162320470233681e-06 2.054204514934099e-06 1.951494368768181e-06 1.853919684435823e-06 1.761223757057451e-06 1.673162614679313e-06 1.589504449839296e-06 1.510029278506408e-06 1.434527803212404e-06 1.362801413051784e-06 1.29466138787393e-06 1.229928329848917e-06 1.168431936093839e-06 1.110010316551779e-06 1.054509766618139e-06 1.001784312393283e-06 9.516950854049355e-07 9.041103226081759e-07 8.589047979512543e-07 8.15959538158495e-07 7.751615385132027e-07 7.364034786405682e-07 6.995833246037364e-07 6.646041583735496e-07 6.313739504548721e-07 5.99805275669496e-07 5.698150289390469e-07 5.41324254754727e-07 5.142580334904778e-07 4.885451403424668e-07 4.641178747988306e-07 4.409119753745472e-07 4.188663638160506e-07 3.979230314143933e-07 3.780268684749899e-07 3.591255222090695e-07 3.411692546251288e-07 3.241108004203852e-07 3.079052532939386e-07 2.925099806816434e-07 2.778844816475612e-07 0.0001185567671200261 0.0004032872966490686 0.000847818679176271 0.001451366115361452 0.002202194649726152 0.003095532767474651 0.004121755249798298 0.005258976016193628 0.006491387262940407 0.007810028269886971 0.009196004830300808 0.01064843125641346 0.01214928179979324 0.01369144674390554 0.01526676490902901 0.01686167903244495 0.01847346499562263 0.02010861597955227 0.02176816575229168 0.02345510572195053 0.02517213858664036 0.02691587246954441 0.0286854337900877 0.03047948516905308 0.03229893371462822 0.03414424508810043 0.03600898012518883 0.03788462653756142 0.03976907581090927 0.04165447130799294 0.0435352623462677 0.04541563615202904 0.04729649797081947 0.0491614006459713 0.05101155862212181 0.05284352973103523
 0 0 0 0 0 0 0 0 0 0 0 0 0 0 0 0 0 0 0 0 0 0 0 0 0 0 0 0 0 0 0 0 0 0 0 0 0 0 0 0 0 0 0 0 0 0 0 0 0 0 0 0 0 0 0 0 0 0 0 0 0 0 0 0 0 0 0 0 0 0 0 0 0 0 0 0 0 0 0 0 0 0 0 0 0 0 0 0 0 0 0 0 0 0 0 0 0 0 0 0 0 0 0 0 0 0 0 0 0 0 0 0 0 0 0 0 0 0 0 0 0 0 0 0 0 0 0 0 0 0 0 0 0 0 0 0 0 0 0 0 0 0 0 0 0 0 0 0 0 0 0 0 0 0 0 0 0 0 0 0 0 0 0 0 0 0 0 0 0 0 0 0 0 0 0 0 0 0 0 0 0 0 0 0 0 0 0 0 0 0 0 0 0 0 0 0 0 0 0 0 0 0 0 0 0 0 0 0 0 0 0 0 0 0 0 0 0 0 0 0 0 0 0 0 0 0 0 0 0 0 0 0 0 0 0 0 0 0 0 0 0 0 0 0 0 0 0 0 0 0 0 0 0 0 0 0 0 0 0 0 0 0 0 0 0 0 0 0 0 0 0 0 0 0 0 0 0 0 0 0 0 0 0 0 0 0 0 0 0 0 0 0 0 0 0 0 0 0 0 0 0 0 0 0 0 0 0 0 0 0 0 0 0 0 0 0 0 0 0 0 0 0 0 0 0 0 0 0 0 0 0 0 0 0 0 0 0 0 0 0 0 0 0 0 0 0 0 0 0 0 0 0 0 0 0 0 0 0 0 0 0 0 0 0 0 0 0 0 0 0 0 0 0 0 0 0 0 0 0 0 0 0 0 0 0 0 0 0 0 0 0 0 0 0 0 0 0 0 0 0 0 0 0 0 0 0 0 0 0 0 0 0 0 0 0 0 0 0 0 0 0 0 0 0 0 0 0 0 0 0 0 0 0 0 0 0 0 0 0 0 0 0 0 0 0 0 0 0 0 0 0 0 0 0 0 0 0 0 0 0 0 0 0 0 0 0 0 0 0 0 0 0 0 0 0 0 0 0 0 0 0 0 0 0 0 0 0 0 0 0 0 0 0 0 0 0 0 0 0 0 0 0 0 0 0 0 0 0 0 0 0 0 0 0 0 0 0 0 0 0 0 0 0 0 0 0 0 0 0 0 0 0 0 0 0 0 0 0 0 0 0 0 0 0 0 0 0 0 0 0 0 0 0 0 0 0 0 0 0 0 0 0 0 0 0 0 0 0 0 0 0 0 0 0 0 0 0 0 0 0 0 0 0 0 0 0 0 0 0 0 0 0 0 0 0 0 0 0 0 0
 0 0 0 0 0 0 0 0 0 0 0 0 0 0 0 0 0 0 0 0 0 0 0 0 0 0 0 0 0 0 0 0 0 0 0 0 0 0 0 0 0 0 0 0 0 0 0 0 0 0 0 0 0 0 0 0 0 0 0 0 0 0 0 0 0 0 0 0 0 0 0 0 0 0 0 0 0 0 0 0 0 0 0 0 0 0 0 0 0 0 0 0 0 0 0 0 0 0 0 0 0 0 0 0 0 0 0 0 0 0 0 0 0 0 0 0 0 0 0 0 0 0 0 0 0 0 0 0 0 0 0 0 0 0 0 0 0 0 0 0 0 0 0 0 0 0 0 0 0 0 0 0 0 0 0 0 0 0 0 0 0 0 0 0 0 0 0 0 0 0 0 0 0 0 0 0 0 0 0 0 0 0 0 0 0 0 0 0 0 0 0 0 0 0 0 0 0 0 0 0 0 0 0 0 0 0 0 0 0 0 0 0 0 0 0 0 0 0 0 0 0 0 0 0 0 0 0 0 0 0 0 0 0 0 0 0 0 0 0 0 0 0 0 0 0 0 0 0 0 0 0 0 0 0 0 0 0 0 0 0 0 0 0 0 0 0 0 0 0 0 0 0 0 0 0 0 0 0 0 0 0 0 0 0 0 0 0 0 0 0 0 0 0 0 0 0 0 0 0 0 0 0 0 0 0 0 0 0 0 0 0 0 0 0 0 0 0 0 0 0 0 0 0 0 0 0 0 0 0 0 0 0 0 0 0 0 0 0 0 0 0 0 0 0 0 0 0 0 0 0 0 0 0 0 0 0 0 0 0 0 0 0 0 0 0 0 0 0 0 0 0 0 0 0 0 0 0 0 0 0 0 0 0 0 0 0 0 0 0 0 0 0 0 0 0 0 0 0 0 0 0 0 0 0 0 0 0 0 0 0 0 0 0 0 0 0 0 0 0 0 0 0 0 0 0 0 0 0 0 0 0 0 0 0 0 0 0 0 0 0 0 0 0 0 0 0 0 0 0 0 0 0 0 0 0 0 0 0 0 0 0 0 0 0 0 0 0 0 0 0 0 0 0 0 0 0 0 0 0 0 0 0 0 0 0 0 0 0 0 0 0 0 0 0 0 0 0 0 0 0 0 0 0 0 0 0 0 0 0 0 0 0 0 0 0 0 0 0 0 0 0 0 0 0 0 0 0 0 0 0 0 0 0 0 0 0 0 0 0 0 0 0 0 0 0 0 0 0 0 0 0 0 0 0 0 0 0 0 0 0 0 0 0 0 0 0 0 0 0 0 0 0 0 0 0 0 0 0 0 0 0 0 0 0 0 0 0 0 0 0 0 0 0 0 0 0 0 0 0 0
 0 0 0 0 0 0 0 0 0 0 0 0 0 0 0 0 0 0 0 0 0 0 0 0 0 0 0 0 0 0 0 0 0 0 0 0 0 0 0 0 0 0 0 0 0 0 0 0 0 0 0 0 0 0 0 0 0 0 0 0 0 0 0 0 0 0 0 0 0 0 0 0 0 0 0 0 0 0 0 0 0 0 0 0 0 0 0 0 0 0 0 0 0 0 0 0 0 0 0 0 0 0 0 0 0 0 0 0 0 0 0 0 0 0 0 0 0 0 0 0 0 0 0 0 0 0 0 0 0 0 0 0 0 0 0 0 0 0 0 0 0 0 0 0 0 0 0 0 0 0 0 0 0 0 0 0 0 0 0 0 0 0 0 0 0 0 0 0 0 0 0 0 0 0 0 0 0 0 0 0 0 0 0 0 0 0 0 0 0 0 0 0 0 0 0 0 0 0 0 0 0 0 0 0 0 0 0 0 0 0 0 0 0 0 0 0 0 0 0 0 0 0 0 0 0 0 0 0 0 0 0 0 0 0 0 0 0 0 0 0 0 0 0 0 0 0 0 0 0 0 0 0 0 0 0 0 0 0 0 0 0 0 0 0 0 0 0 0 0 0 0 0 0 0 0 0 0 0 0 0 0 0 0 0 0 0 0 0 0 0 0 0 0 0 0 0 0 0 0 0 0 0 0 0 0 0 0 0 0 0 0 0 0 0 0 0 0 0 0 0 0 0 0 0 0 0 0 0 0 0 0 0 0 0 0 0 0 0 0 0 0 0 0 0 0 0 0 0 0 0 0 0 0 0 0 0 0 0 0 0 0 0 0 0 0 0 0 0 0 0 0 0 0 0 0 0 0 0 0 0 0 0 0 0 0 0 0 0 0 0 0 0 0 0 0 0 0 0 0 0 0 0 0 0 0 0 0 0 0 0 0 0 0 0 0 0 0 0 0 0 0 0 0 0 0 0 0 0 0 0 0 0 0 0 0 0 0 0 0 0 0 0 0 0 0 0 0 0 0 0 0 0 0 0 0 0 0 0 0 0 0 0 0 0 0 0 0 0 0 0 0 0 0 0 0 0 0 0 0 0 0 0 0 0 0 0 0 0 0 0 0 0 0 0 0 0 0 0 0 0 0 0 0 0 0 0 0 0 0 0 0 0 0 0 0 0 0 0 0 0 0 0 0 0 0 0 0 0 0 0 0 0 0 0 0 0 0 0 0 0 0 0 0 0 0 0 0 0 0 0 0 0 0 0 0 0 0 0 0 0 0 0 0 0 0 0 0 0 0 0 0 0 0 0 0 0 0 0 0 0 0 0 0 0 0 0 0 0 0 0 0 0 0 0 0 0 0 0 0 0
 0 0 0 0 0 0 0 0 0 0 0 0 0 0 0 0 0 0 0 0 0 0 0 0 0 0 0 0 0 0 0 0 0 0 0 0 0 0 0 0 0 0 0 0 0 0 0 0 0 0 0 0 0 0 0 0 0 0 0 0 0 0 0 0 0 0 0 0 0 0 0 0 0 0 0 0 0 0 0 0 0 0 0 0 0 0 0 0 0 0 0 0 0 0 0 0 0 0 0 0 0 0 0 0 0 0 0 0 0 0 0 0 0 0 0 0 0 0 0 0 0 0 0 0 0 0 0 0 0 0 0 0 0 0 0 0 0 0 0 0 0 0 0 0 0 0 0 0 0 0 0 0 0 0 0 0 0 0 0 0 0 0 0 0 0 0 0 0 0 0 0 0 0 0 0 0 0 0 0 0 0 0 0 0 0 0 0 0 0 0 0 0 0 0 0 0 0 0 0 0 0 0 0 0 0 0 0 0 0 0 0 0 0 0 0 0 0 0 0 0 0 0 0 0 0 0 0 0 0 0 0 0 0 0 0 0 0 0 0 0 0 0 0 0 0 0 0 0 0 0 0 0 0 0 0 0 0 0 0 0 0 0 0 0 0 0 0 0 0 0 0 0 0 0.0001443095970898867 0.0006175354355946183 0.001408568350598216 0.002486201468855143 0.003825702704489231 0.005388875026255846 0.007144146133214235 0.009078842587769032 0.01119480282068253 0.01348962727934122 0.01593547500669956 0.01852909103035927 0.02125624381005764 0.02412025257945061 0.02709753438830376 0.03014960885047913 0.03327891975641251 0.03649668395519257 0.03981158137321472 0.0432274304330349 0.04667960852384567 0.05016536638140678 0.05369346216320992 0.05727623403072357 0.06086767837405205 0.06447406113147736 0.06809736788272858 0.07173062860965729 0.07537610828876495 0.07902298867702484 0.08266997337341309 0.0863288938999176 0.09001125395298004 0.09372865408658981 0.09747297316789627 0.1012426018714905 0.1050314530730247 0.1075849086046219 0.1080850064754486 0.1060467511415482 0.1011750921607018 0.0961163341999054 0.09131051599979401 0.0867449939250946 0.08240774273872375 0.07828735560178757 0.07437298446893692 0.07065433263778687 0.06712161749601364 0.06376553326845169 0.06057725846767426 0.0575483962893486 0.05467097461223602 0.05193742737174034 0.04934055730700493 0.04687352851033211 0.04452985152602196 0.04230335727334023 0.04018818959593773 0.03817877918481827 0.03626983985304832 0.03445634618401527 0.03273352980613708 0.03109685331583023 0.02954201027750969 0.02806491032242775 0.02666166424751282 0.02532858029007912 0.02406215108931065 0.02285904437303543 0.02171609178185463 0.02063028700649738 0.01959877274930477 0.01861883327364922 0.01768789067864418 0.01680349558591843 0.01596332155168056 0.01516515575349331 0.0144068980589509 0.01368655357509851 0.01300222612917423 0.01235211454331875 0.01173450890928507 0.01114778313785791 0.01059039402753115 0.01006087474524975 0.009557831101119518 0.009079939685761929 0.008625942282378674 0.008194644935429096 0.007784912828356028 0.007395667023956776 0.007025883533060551 0.006674589589238167 0.006340859923511744 0.006023816764354706 0.005722626112401485 0.005436494946479797 0.005164670292288065 0.004906436894088984 0.004661114886403084 0.004428059328347445 0.004206656478345394 0.003996323794126511 0.003796507604420185 0.003606682177633047 0.003426348092034459 0.003255030605942011 0.003092279192060232 0.002937665209174156 0.00279078190214932 0.002651242772117257 0.002518680645152926 0.00239274650812149 0.002273109275847673 0.002159453928470612 0.00205148127861321 0.00194890727289021 0.001851461944170296 0.001758888829499483 0.001670944388024509 0.001587397186085582 0.001508027315139771 0.001432625926099718 0.00136099464725703 0.001292944885790348 0.001228297594934702 0.001166882691904902 0.001108538592234254 0.001053111627697945 0.001000456046313047 0.0009504332556389272 0.0009029115899465978 0.0008577660191804171 0.0008148777415044606 0.0007741338340565562 0.0007354271365329623 0.0006986557855270803 0.0006637229816988111 0.0006305368151515722 0.0005990099743939936 0.0005690594553016126 0.0005406065029092133 0.0005135762039572001 0.0004878973995801061 0.0004635025397874415 0.0004403274215292186 0.0004183110431768 0.000397395488107577 0.0003775257209781557 0.0003586494422052056 0.0003407169715501368 0.0003236811317037791 0.0003074970736633986 0.0002921222185250372 0.0002775161119643599 0.0002636403078213334 0.0002504582807887346 0.0002379353682044894 0.0002260385954286903 0.0002147366612916812 0.0002039998216787353 0.0001937998313223943 0.0001841098419390619 0.0001749043440213427 0.0001661591231822968 0.000157851172843948 0.0001499586214777082 0.0001424606889486313 0.0001353376574115828 0.0001285707694478333 0.0001221422280650586 0.0001160351166618057 0.0001102333626477048 0.0001047216937877238 9.948560909833759e-05 9.451132791582495e-05 8.978576079243794e-05 8.529647311661392e-05 8.103164873318747e-05 7.69800681155175e-05 7.313106470974162e-05 6.94745103828609e-05 6.600078631890938e-05 6.270074663916603e-05 5.956571112619713e-05 5.658742520608939e-05 5.375805267249234e-05 5.107015022076666e-05 4.851664198213257e-05 4.609080860973336e-05 4.378626908874139e-05 4.159695527050644e-05 3.951710823457688e-05 3.754125282284804e-05 3.566419036360458e-05 3.388098048162647e-05 3.218693018425256e-05 3.057758294744417e-05 2.904870416386984e-05 2.759626840997953e-05 2.621645580802578e-05 2.490563383616973e-05 2.366035187151283e-05 2.247733391413931e-05 2.135346767317969e-05 2.028579365287442e-05 1.927150333358441e-05 1.830792825785466e-05 1.739253275445662e-05 1.652290666243061e-05 1.569676169310696e-05 1.491192324465374e-05 1.41663267640979e-05 1.345801047136774e-05 1.278510990232462e-05 1.214585427078418e-05 1.153856192104286e-05 1.096163396141492e-05 1.041355244524311e-05 9.892874913930427e-06 9.39823075896129e-06 8.928319402912166e-06 8.481903023493942e-06 8.057807463046629e-06 7.654916771571152e-06 7.272170932992594e-06 6.908562227181392e-06 6.56313432045863e-06 6.234977718122536e-06 5.923228854953777e-06 5.627067366731353e-06 5.345713816495845e-06 5.078428330307361e-06 4.824506959266728e-06 4.583281679515494e-06 4.354117663751822e-06 4.136411916988436e-06 3.92959145756322e-06 3.733111952897161e-06 3.546456355252303e-06 3.369133537489688e-06 3.200676928827306e-06 3.040643150598044e-06 2.888611106754979e-06 2.744180619629333e-06 2.606971520435764e-06 2.476622967151343e-06 2.352791852899827e-06 2.235152351204306e-06 2.123394779118826e-06 2.017225142481038e-06 1.916363999043824e-06 1.820545776354265e-06 1.729518544379971e-06 1.643042651267024e-06 1.560890495966305e-06 1.482845959799306e-06 1.408703610650264e-06 1.338268475592486e-06 1.27135501770681e-06 1.207787249768444e-06 1.147397938439099e-06 1.090028035832802e-06 1.035526679515897e-06 9.83750396699179e-07 9.3456287686422e-07 8.878347443896928e-07 8.434429901171825e-07 8.01270857664349e-07 7.612073318341572e-07 7.231469680846203e-07 6.869896083117055e-07 6.526401534756587e-07 6.200081656970724e-07 5.890077545700478e-07 5.595573497885198e-07 5.31579473772581e-07 5.050005142948066e-07 4.797504971065791e-07 4.557629722512502e-07 4.329748151121748e-07 4.113260843041644e-07 3.907597942998109e-07 3.712218017426494e-07 3.526607201820298e-07 3.350276926994411e-07 3.182763066433836e-07 3.023624799425306e-07 2.872443474188913e-07 2.728821186792629e-07 2.592380212718126e-07 2.462761301558203e-07 0.0001717195264063776 0.0005064839497208595 0.0009941020980477333 0.001627741032280028 0.00240164203569293 0.003294809255748987 0.004305324517190456 0.005423586815595627 0.006627405993640423 0.007913385517895222 0.009262687526643276 0.01067489571869373 0.01214020047336817 0.01366101484745741 0.01522870175540447 0.01683316566050053 0.01847471296787262 0.02014466375112534 0.02183664962649345 0.02354311570525169 0.02526566758751869 0.02701001614332199 0.02877160906791687 0.03054993040859699 0.0323435366153717 0.03415533900260925 0.0359870009124279 0.03783928602933884 0.03970201313495636 0.04156206548213959 0.04341552406549454 0.04525262489914894 0.04707837104797363 0.04889246448874474
 0 0 0 0 0 0 0 0 0 0 0 0 0 0 0 0 0 0 0 0 0 0 0 0 0 0 0 0 0 0 0 0 0 0 0 0 0 0 0 0 0 0 0 0 0 0 0 0 0 0 0 0 0 0 0 0 0 0 0 0 0 0 0 0 0 0 0 0 0 0 0 0 0 0 0 0 0 0 0 0 0 0 0 0 0 0 0 0 0 0 0 0 0 0 0 0 0 0 0 0 0 0 0 0 0 0 0 0 0 0 0 0 0 0 0 0 0 0 0 0 0 0 0 0 0 0 0 0 0 0 0 0 0 0 0 0 0 0 0 0 0 0 0 0 0 0 0 0 0 0 0 0 0 0 0 0 0 0 0 0 0 0 0 0 0 0 0 0 0 0 0 0 0 0 0 0 0 0 0 0 0 0 0 0 0 0 0 0 0 0 0 0 0 0 0 0 0 0 0 0 0 0 0 0 0 0 0 0 0 0 0 0 0 0 0 0 0 0 0 0 0 0 0 0 0 0 0 0 0 0 0 0 0 0 0 0 0 0 0 0 0 0 0 0 0 0 0 0 0 0 0 0 0 0 0 0 0 0 0 0 0 0 0 0 0 0 0 0 0 0 0 0 0 0 0 0 0 0 0 0 0 0 0 0 0 0 0 0 0 0 0 0 0 0 0 0 0 0 0 0 0 0 0 0 0 0 0 0 0 0 0 0 0 0 0 0 0 0 0 0 0 0 0 0 0 0 0 0 0 0 0 0 0 0 0 0 0 0 0 0 0 0 0 0 0 0 0 0 0 0 0 0 0 0 0 0 0 0 0 0 0 0 0 0 0 0 0 0 0 0 0 0 0 0 0 0 0 0 0 0 0 0 0 0 0 0 0 0 0 0 0 0 0 0 0 0 0 0 0 0 0 0 0 0 0 0 0 0 0 0 0 0 0 0 0 0 0 0 0 0 0 0 0 0 0 0 0 0 0 0 0 0 0 0 0 0 0 0 0 0 0 0 0 0 0 0 0 0 0 0 0 0 0 0 0 0 0 0 0 0 0 0 0 0 0 0 0 0 0 0 0 0 0 0 0 0 0 0 0 0 0 0 0 0 0 0 0 0 0 0 0 0 0 0 0 0 0 0 0 0 0 0 0 0 0 0 0 0 0 0 0 0 0 0 0 0 0 0 0 0 0 0 0 0 0 0 0 0 0 0 0 0 0 0 0 0 0 0 0 0 0 0 0 0 0 0 0 0 0 0 0 0 0 0 0 0 0 0 0 0 0 0 0 0 0 0 0 0 0 0 0 0 0 0 0 0 0 0 0 0 0 0 0 0 0 0 0 0 0 0 0 0 0 0 0 0 0 0 0 0
 0 0 0 0 0 0 0 0 0 0 0 0 0 0 0 0 0 0 0 0 0 0 0 0 0 0 0 0 0 0 0 0 0 0 0 0 0 0 0 0 0 0 0 0 0 0 0 0 0 0 0 0 0 0 0 0 0 0 0 0 0 0 0 0 0 0 0 0 0 0 0 0 0 0 0 0 0 0 0 0 0 0 0 0 0 0 0 0 0 0 0 0 0 0 0 0 0 0 0 0 0 0 0 0 0 0 0 0 0 0 0 0 0 0 0 0 0 0 0 0 0 0 0 0 0 0 0 0 0 0 0 0 0 0 0 0 0 0 0 0 0 0 0 0 0 0 0 0 0 0 0 0 0 0 0 0 0 0 0 0 0 0 0 0 0 0 0 0 0 0 0 0 0 0 0 0 0 0 0 0 0 0 0 0 0 0 0 0 0 0 0 0 0 0 0 0 0 0 0 0 0 0 0 0 0 0 0 0 0 0 0 0 0 0 0 0 0 0 0 0 0 0 0 0 0 0 0 0 0 0 0 0 0 0 0 0 0 0 0 0 0 0 0 0 0 0 0 0 0 0 0 0 0 0 0 0 0 0 0 0 0 0 0 0 0 0 0 0 0 0 0 0 0 0 0 0 0 0 0 0 0 0 0 0 0 0 0 0 0 0 0 0 0 0 0 0 0 0 0 0 0 0 0 0 0 0 0 0 0 0 0 0 0 0 0 0 0 0 0 0 0 0 0 0 0 0 0 0 0 0 0 0 0 0 0 0 0 0 0 0 0 0 0 0 0 0 0 0 0 0 0 0 0 0 0 0 0 0 0 0 0 0 0 0 0 0 0 0 0 0 0 0 0 0 0 0 0 0 0 0 0 0 0 0 0 0 0 0 0 0 0 0 0 0 0 0 0 0 0 0 0 0 0 0 0 0 0 0 0 0 0 0 0 0 0 0 0 0 0 0 0 0 0 0 0 0 0 0 0 0 0 0 0 0 0 0 0 0 0 0 0 0 0 0 0 0 0 0 0 0 0 0 0 0 0 0 0 0 0 0 0 0 0 0 0 0 0 0 0 0 0 0 0 0 0 0 0 0 0 0 0 0 0 0 0 0 0 0 0 0 0 0 0 0 0 0 0 0 0 0 0 0 0 0 0 0 0 0 0 0 0 0 0 0 0 0 0 0 0 0 0 0 0 0 0 0 0 0 0 0 0 0 0 0 0 0 0 0 0 0 0 0 0 0 0 0 0 0 0 0 0 0 0 0 0 0 0 0 0 0 0 0 0 0 0 0 0 0 0 0 0 0 0 0 0 0 0 0 0 0 0 0 0 0 0 0 0 0 0 0 0 0 0 0 0 0 0 0 0 0
 0 0 0 0 0 0 0 0 0 0 0 0 0 0 0 0 0 0 0 0 0 0 0 0 0 0 0 0 0 0 0 0 0 0 0 0 0 0 0 0 0 0 0 0 0 0 0 0 0 0 0 0 0 0 0 0 0 0 0 0 0 0 0 0 0 0 0 0 0 0 0 0 0 0 0 0 0 0 0 0 0 0 0 0 0 0 0 0 0 0 0 0 0 0 0 0 0 0 0 0 0 0 0 0 0 0 0 0 0 0 0 0 0 0 0 0 0 0 0 0 0 0 0 0 0 0 0 0 0 0 0 0 0 0 0 0 0 0 0 0 0 0 0 0 0 0 0 0 0 0 0 0 0 0 0 0 0 0 0 0 0 0 0 0 0 0 0 0 0 0 0 0 0 0 0 0 0 0 0 0 0 0 0 0 0 0 0 0 0 0 0 0 0 0 0 0 0 0 0 0 0 0 0 0 0 0 0 0 0 0 0 0 0 0 0 0 0 0 0 0 0 0 0 0 0 0 0 0 0 0 0 0 0 0 0 0 0 0 0 0 0 0 0 0 0 0 0 0 0 0 0 0 0 0 0 0 0 0 0 0 0 0 0 0 0 0 0 0 0 0 0 0 0 0 0 0 0 0 0 0 0 0 0 0 0 0 0 0 0 0 0 0 0 0 0 0 0 0 0 0 0 0 0 0 0 0 0 0 0 0 0 0 0 0 0 0 0 0 0 0 0 0 0 0 0 0 0 0 0 0 0 0 0 0 0 0 0 0 0 0 0 0 0 0 0 0 0 0 0 0 0 0 0 0 0 0 0 0 0 0 0 0 0 0 0 0 0 0 0 0 0 0 0 0 0 0 0 0 0 0 0 0 0 0 0 0 0 0 0 0 0 0 0 0 0 0 0 0 0 0 0 0 0 0 0 0 0 0 0 0 0 0 0 0 0 0 0 0 0 0 0 0 0 0 0 0 0 0 0 0 0 0 0 0 0 0 0 0 0 0 0 0 0 0 0 0 0 0 0 0 0 0 0 0 0 0 0 0 0 0 0 0 0 0 0 0 0 0 0 0 0 0 0 0 0 0 0 0 0 0 0 0 0 0 0 0 0 0 0 0 0 0 0 0 0 0 0 0 0 0 0 0 0 0 0 0 0 0 0 0 0 0 0 0 0 0 0 0 0 0 0 0 0 0 0 0 0 0 0 0 0 0 0 0 0 0 0 0 0 0 0 0 0 0 0 0 0 0 0 0 0 0 0 0 0 0 0 0 0 0 0 0 0 0 0 0 0 0 0 0 0 0 0 0 0 0 0 0 0 0 0 0 0 0 0 0 0 0 0 0 0 0 0 0 0 0 0 0 0 0
 0 0 0 0 0 0 0 0 0 0 0 0 0 0 0 0 0 0 0 0 0 0 0 0 0 0 0 0 0 0 0 0 0 0 0 0 0 0 0 0 0 0 0 0 0 0 0 0 0 0 0 0 0 0 0 0 0 0 0 0 0 0 0 0 0 0 0 0 0 0 0 0 0 0 0 0 0 0 0 0 0 0 0 0 0 0 0 0 0 0 0 0 0 0 0 0 0 0 0 0 0 0 0 0 0 0 0 0 0 0 0 0 0 0 0 0 0 0 0 0 0 0 0 0 0 0 0 0 0 0 0 0 0 0 0 0 0 0 0 0 0 0 0 0 0 0 0 0 0 0 0 0 0 0 0 0 0 0 0 0 0 0 0 0 0 0 0 0 0 0 0 0 0 0 0 0 0 0 0 0 0 0 0 0 0 0 0 0 0 0 0 0 0 0 0 0 0 0 0 0 0 0 0 0 0 0 0 0 0 0 0 0 0 0 0 0 0 0 0 0 0 0 0 0 0 0 0 0 0 0 0 0 0 0 0 0 0 0 0 0 0 0 0 0 0 0 0 0 0 0 0 0 0 0 0 0 0 0 0 0 0 0 0 0 0 0 0 0 0 0 0 0 0 4.017704850411974e-05 0.0004082931554876268 0.001099191140383482 0.002102462109178305 0.003367971163243055 0.004885998088866472 0.006606678944081068 0.008524945937097073 0.01062654983252287 0.01288311183452606 0.01530228368937969 0.01786867901682854 0.02057185024023056 0.02339595556259155 0.02632986754179001 0.02936271578073502 0.03247386962175369 0.03566338494420052 0.03894706815481186 0.04233391582965851 0.0457901619374752 0.04928301274776459 0.05281359702348709 0.05639056116342545 0.0599759966135025 0.06357834488153458 0.06720522046089172 0.07085453718900681 0.07453665137290955 0.07824341952800751 0.08196491748094559 0.0857071727514267 0.08947589993476868 0.09327337890863419 0.09710104763507843 0.1009529009461403 0.1048054993152618 0.1077176779508591 0.1087649837136269 0.1073749735951424 0.1031945422291756 0.0980348140001297 0.09313307702541351 0.08847641944885254 0.08405259996652603 0.079849973320961 0.07585747539997101 0.0720646008849144 0.06846137344837189 0.06503830850124359 0.06178639456629753 0.05869707465171814 0.05576222017407417 0.05297410860657692 0.05032540485262871 0.04780913516879082 0.04541867971420288 0.0431477464735508 0.04099036008119583 0.03894084319472313 0.03699380159378052 0.03514411300420761 0.03338690847158432 0.03171756118535995 0.03013168275356293 0.02862509898841381 0.02719384431838989 0.02583415247499943 0.02454244531691074 0.02331532351672649 0.02214955724775791 0.02104207873344421 0.019989974796772 0.01899047568440437 0.01804095134139061 0.01713890396058559 0.01628195866942406 0.01546786073595285 0.01469446811825037 0.0139597449451685 0.01326175779104233 0.01259867008775473 0.01196873653680086 0.01137029938399792 0.01080178469419479 0.01026169583201408 0.00974861066788435 0.009261179715394974 0.00879812054336071 0.008358214050531387 0.007940303534269333 0.007543288171291351 0.007166123948991299 0.006807817611843348 0.006467426661401987 0.006144055165350437 0.005836852360516787 0.005545009858906269 0.005267759319394827 0.005004371516406536 0.004754153080284595 0.004516445565968752 0.004290623124688864 0.004076092038303614 0.003872287459671497 0.00367867317982018 0.003494739532470703 0.003320002462714911 0.003154002362862229 0.002996302209794521 0.002846487099304795 0.002704162849113345 0.002568954601883888 0.002440506825223565 0.00231848144903779 0.002202557399868965 0.002092429436743259 0.001987807918339968 0.001888417522422969 0.001793996663764119 0.001704296795651317 0.001619081944227219 0.001538127893581986 0.001461221487261355 0.001388160395435989 0.001318752416409552 0.001252814778126776 0.001190174021758139 0.001130665303207934 0.001074132043868303 0.001020425464957952 0.0009694041800685227 0.0009209339623339474 0.0008748872787691653 0.0008311429410241544 0.000789585814345628 0.0007501065265387297 0.0007126011769287288 0.0006769711035303771 0.0006431225338019431 0.000610966410022229 0.0005804180982522666 0.0005513972137123346 0.0005238273297436535 0.0004976359778083861 0.0004727541818283498 0.0004491164581850171 0.0004266606410965323 0.0004053276206832379 0.0003850612265523523 0.0003658081695903093 0.0003475177509244531 0.000330141861923039 0.0003136347804684192 0.0002979530545417219 0.0002830554149113595 0.0002689026296138763 0.0002554575039539486 0.0002426846331218258 0.0002305504021933302 0.000219022884266451 0.0002080717385979369 0.0001976681523956358 0.000187784738955088 0.0001783955085556954 0.0001694757374934852 0.000161001953529194 0.0001529518631286919 0.0001453042641514912 0.0001380390458507463 0.0001311370870098472 0.0001245802268385887 0.0001183512140414678 0.0001124336558859795 0.0001068119745468721 0.0001014713780023158 9.639780910219997e-05 9.157791646430269e-05 8.699901809450239e-05 8.264906500698999e-05 7.851661212043837e-05 7.459078187821433e-05 7.086124242050573e-05 6.731817848049104e-05 6.395226955646649e-05 6.075465717003681e-05 5.771692303824238e-05 5.483107815962285e-05 5.208952279645018e-05 4.948504647472873e-05 4.701079524238594e-05 4.466025711735711e-05 4.242724389769137e-05 4.030588024761528e-05 3.829058550763875e-05 3.637605550466105e-05 3.455725163803436e-05 3.282938996562734e-05 3.118791937595233e-05 2.962852340715472e-05 2.814709660015069e-05 2.673974086064845e-05 2.540275454521179e-05 2.413261609035544e-05 2.292598583153449e-05 2.177968599426094e-05 2.069070251309313e-05 1.965616684174165e-05 1.867335777205881e-05 1.773969052010216e-05 1.685270581219811e-05 1.601006988494191e-05 1.520956629974535e-05 1.44490877573844e-05 1.372663336951518e-05 1.304030138271628e-05 1.238828645000467e-05 1.176887235487811e-05 1.118042837333633e-05 1.062140654539689e-05 1.009033621812705e-05 9.585819498170167e-06 9.106528523261659e-06 8.651201824250165e-06 8.218641596613452e-06 7.807709152984899e-06 7.417323558911448e-06 7.046457540127449e-06 6.694134754070546e-06 6.359427970892284e-06 6.041456799721345e-06 5.739384050684748e-06 5.452414825413143e-06 5.179794243304059e-06 4.920804713037796e-06 4.674764568335377e-06 4.441026248969138e-06 4.218974936520681e-06 4.008026280644117e-06 3.807625034824014e-06 3.617243692133343e-06 3.436381575738778e-06 3.264562565163942e-06 3.101334414168377e-06 2.946267613879172e-06 2.798954255922581e-06 2.659006440808298e-06 2.526056050555781e-06 2.399753157078521e-06 2.279765567436698e-06 2.165777232221444e-06 2.057488472928526e-06 1.954614162968937e-06 1.856883500295226e-06 1.764039325280464e-06 1.67583732491039e-06 1.592045464349212e-06 1.512443191131752e-06 1.436820980416087e-06 1.364979880236206e-06 1.296730943067814e-06 1.231894430020475e-06 1.170299697150767e-06 1.111784740714938e-06 1.056195515047875e-06 1.00338570518943e-06 9.532164426673262e-07 9.055556233761308e-07 8.602778507338371e-07 8.172639809345128e-07 7.764007818877872e-07 7.375807626885944e-07 7.007017188698228e-07 6.656666187154769e-07 6.323832622001646e-07 6.007641104588402e-07 5.707258878828725e-07 5.421895821200451e-07 5.150801030140428e-07 4.893261120741954e-07 4.648597951018019e-07 4.416168053467118e-07 4.195359792902309e-07 3.985591661148646e-07 3.786311992826086e-07 3.596996407395636e-07 3.417146672290983e-07 3.246289281833015e-07 3.083974888795638e-07 2.929776030669018e-07 2.783287129659584e-07 2.64412278738746e-07 2.511916648018087e-07 2.386320829828037e-07 2.267004788336635e-07 7.273101800819859e-05 0.000315576879074797 0.0007107494748197496 0.001250199973583221 0.001911173341795802 0.002687251195311546 0.003576886607334018 0.004565077368170023 0.00563935749232769 0.006789295002818108 0.008015152998268604 0.009312346577644348 0.01066452264785767 0.01207743305712938 0.01354670710861683 0.01506010256707668 0.01661243103444576 0.01819691434502602 0.0197974368929863 0.02141399495303631 0.02304980345070362 0.02469119802117348 0.02633488178253174 0.02798160724341869 0.02962956763803959 0.03128078952431679 0.03293797746300697 0.03460311144590378 0.03627239912748337 0.03793812915682793 0.03960349038243294 0.04127338156104088
 0 0 0 0 0 0 0 0 0 0 0 0 0 0 0 0 0 0 0 0 0 0 0 0 0 0 0 0 0 0 0 0 0 0 0 0 0 0 0 0 0 0 0 0 0 0 0 0 0 0 0 0 0 0 0 0 0 0 0 0 0 0 0 0 0 0 0 0 0 0 0 0 0 0 0 0 0 0 0 0 0 0 0 0 0 0 0 0 0 0 0 0 0 0 0 0 0 0 0 0 0 0 0 0 0 0 0 0 0 0 0 0 0 0 0 0 0 0 0 0 0 0 0 0 0 0 0 0 0 0 0 0 0 0 0 0 0 0 0 0 0 0 0 0 0 0 0 0 0 0 0 0 0 0 0 0 0 0 0 0 0 0 0 0 0 0 0 0 0 0 0 0 0 0 0 0 0 0 0 0 0 0 0 0 0 0 0 0 0 0 0 0 0 0 0 0 0 0 0 0 0 0 0 0 0 0 0 0 0 0 0 0 0 0 0 0 0 0 0 0 0 0 0 0 0 0 0 0 0 0 0 0 0 0 0 0 0 0 0 0 0 0 0 0 0 0 0 0 0 0 0 0 0 0 0 0 0 0 0 0 0 0 0 0 0 0 0 0 0 0 0 0 0 0 0 0 0 0 0 0 0 0 0 0 0 0 0 0 0 0 0 0 0 0 0 0 0 0 0 0 0 0 0 0 0 0 0 0 0 0 0 0 0 0 0 0 0 0 0 0 0 0 0 0 0 0 0 0 0 0 0 0 0 0 0 0 0 0 0 0 0 0 0 0 0 0 0 0 0 0 0 0 0 0 0 0 0 0 0 0 0 0 0 0 0 0 0 0 0 0 0 0 0 0 0 0 0 0 0 0 0 0 0 0 0 0 0 0 0 0 0 0 0 0 0 0 0 0 0 0 0 0 0 0 0 0 0 0 0 0 0 0 0 0 0 0 0 0 0 0 0 0 0 0 0 0 0 0 0 0 0 0 0 0 0 0 0 0 0 0 0 0 0 0 0 0 0 0 0 0 0 0 0 0 0 0 0 0 0 0 0 0 0 0 0 0 0 0 0 0 0 0 0 0 0 0 0 0 0 0 0 0 0 0 0 0 0 0 0 0 0 0 0 0 0 0 0 0 0 0 0 0 0 0 0 0 0 0 0 0 0 0 0 0 0 0 0 0 0 0 0 0 0 0 0 0 0 0 0 0 0 0 0 0 0 0 0 0 0 0 0 0 0 0 0 0 0 0 0 0 0 0 0 0 0 0 0 0 0 0 0 0 0 0 0 0 0 0 0 0 0 0 0 0 0 0 0 0 0 0 0 0 0 0 0 0 0 0 0 0 0 0 0 0 0 0 0 0 0 0
 0 0 0 0 0 0 0 0 0 0 0 0 0 0 0 0 0 0 0 0 0 0 0 0 0 0 0 0 0 0 0 0 0 0 0 0 0 0 0 0 0 0 0 0 0 0 0 0 0 0 0 0 0 0 0 0 0 0 0 0 0 0 0 0 0 0 0 0 0 0 0 0 0 0 0 0 0 0 0 0 0 0 0 0 0 0 0 0 0 0 0 0 0 0 0 0 0 0 0 0 0 0 0 0 0 0 0 0 0 0 0 0 0 0 0 0 0 0 0 0 0 0 0 0 0 0 0 0 0 0 0 0 0 0 0 0 0 0 0 0 0 0 0 0 0 0 0 0 0 0 0 0 0 0 0 0 0 0 0 0 0 0 0 0 0 0 0 0 0 0 0 0 0 0 0 0 0 0 0 0 0 0 0 0 0 0 0 0 0 0 0 0 0 0 0 0 0 0 0 0 0 0 0 0 0 0 0 0 0 0 0 0 0 0 0 0 0 0 0 0 0 0 0 0 0 0 0 0 0 0 0 0 0 0 0 0 0 0 0 0 0 0 0 0 0 0 0 0 0 0 0 0 0 0 0 0 0 0 0 0 0 0 0 0 0 0 0 0 0 0 0 0 0 0 0 0 0 0 0 0 0 0 0 0 0 0 0 0 0 0 0 0 0 0 0 0 0 0 0 0 0 0 0 0 0 0 0 0 0 0 0 0 0 0 0 0 0 0 0 0 0 0 0 0 0 0 0 0 0 0 0 0 0 0 0 0 0 0 0 0 0 0 0 0 0 0 0 0 0 0 0 0 0 0 0 0 0 0 0 0 0 0 0 0 0 0 0 0 0 0 0 0 0 0 0 0 0 0 0 0 0 0 0 0 0 0 0 0 0 0 0 0 0 0 0 0 0 0 0 0 0 0 0 0 0 0 0 0 0 0 0 0 0 0 0 0 0 0 0 0 0 0 0 0 0 0 0 0 0 0 0 0 0 0 0 0 0 0 0 0 0 0 0 0 0 0 0 0 0 0 0 0 0 0 0 0 0 0 0 0 0 0 0 0 0 0 0 0 0 0 0 0 0 0 0 0 0 0 0 0 0 0 0 0 0 0 0 0 0 0 0 0 0 0 0 0 0 0 0 0 0 0 0 0 0 0 0 0 0 0 0 0 0 0 0 0 0 0 0 0 0 0 0 0 0 0 0 0 0 0 0 0 0 0 0 0 0 0 0 0 0 0 0 0 0 0 0 0 0 0 0 0 0 0 0 0 0 0 0 0 0 0 0 0 0 0 0 0 0 0 0 0 0 0 0 0 0 0 0 0 0 0 0 0 0 0 0 0 0 0 0 0 0 0 0 0 0 0 0 0


# name: r_0_m8_G0_L0p3_D0p7
# type: matrix
# rows: 1
# columns: 14
 0 -8 0.2 0 0.3 0 -2.557008333333334 0 0 0.01790075128777197 0 112.6666666666667 0.5163977794943223 0.7




