# Created by Octave 3.8.2, Sat Jun 17 19:48:59 2017 BST <co1ssj@node117>
# name: result
# type: scalar struct
# ndims: 2
 1 1
# length: 3
# name: params
# type: scalar struct
# ndims: 2
 1 1
# length: 18
# name: cleanup
# type: scalar
0


# name: num_runs
# type: scalar
6


# name: dopamine
# type: scalar
0.7


# name: targetCross
# type: scalar
1


# name: targetLuminance
# type: scalar
0.3


# name: targetWidthX
# type: scalar
6


# name: targetWidthY
# type: scalar
2


# name: fixCross
# type: scalar
1


# name: fixLuminance
# type: scalar
0.2


# name: fixWidthX
# type: scalar
6


# name: fixWidthY
# type: scalar
2


# name: fixOn
# type: scalar
0


# name: targetOff
# type: scalar
1


# name: targetOn
# type: scalar
0.2


# name: fixOff
# type: scalar
0.2


# name: targetThetaX
# type: scalar
0


# name: targetThetaY
# type: scalar
-12


# name: exptnum
# type: scalar
0




# name: r_0_m12_G0_L0p3_D0p7_llbn
# type: matrix
# rows: 24
# columns: 600
 0 0 0 0 0 0 0 0 0 0 0 0 0 0 0 0 0 0 0 0 0 0 0 0 0 0 0 0 0 0 0 0 0 0 0 0 0 0 0 0 0 0 0 0 0 0 0 0 0 0 0 0 0 0 0 0 0 0 0 0 0 0 0 0 0 0 0 0 0 0 0 0 0 0 0 0 0 0 0 0 0 0 0 0 0 0 0 0 0 0 0 0 0 0 0 0 0 0 0 0 0 0 0 0 0 0 0 0 0 0 0 0 0 0 0 0 0 0 0 0 0 0 0 0 0 0 0 0 0 0 0 0 0 0 0 0 0 0 0 0 0 0 0 0 0 0 0 0 0 0 0 0 0 0 0 0 0 0 0 0 0 0 0 0 0 0 0 0 0 0 0 0 0 0 0 0 0 0 0 0 0 0 0 0 0 0 0 0 0 0 0 0 0 0 0 0 0 0 0 0 0 0 0 0 0 0 0 0 0 0 0 0 0 0 0 0 0 0 0 0 0 0 0 0 0 0 0 0 0 0 0 0 0 0 0 0 0 0 0 0 0 0 0 0 0 0 0 0 0 0 0 0 0 0 0 0 0 0 0 0 0 0 0 0 0 0 0 0 0 0 0 0 0 0 0 0 0 0 0 0 0 0 0 0 0 0 0 0 0 0 0 0 0 0 0 0 0 0 0 0 0 0 0 0 0 0 0 0 0 0 0 0 0 0 0 0 0 0 0 0 0 0 0 0 0 0 0 0 0 0 0 0 0 0 0 0 0 0 0 0 0 0 0 0 0 0 0 0 0 0 0 0 0 0 0 0 0 0 0 0 0 0 0 0 0 0 0 0 0 0 0 0 0 0 0 0 0 0 0 0 0 0 0 0 0 0 0 0 0 0 0 0 0 0 0 0 0 0 0 0 0 0 0 0 0 0 0 0 0 0 0 0 0 0 0 0 0 0 0 0 0 0 0 0 0 0 0 0 0 0 0 0 0 0 0 0 0 0 0 0 0 0 0 0 0 0 0 0 0 0 0 0 0 0 0 0 0 0 0 0 0 0 0 0 0 0 0 0 0 0 0 0 0 0 0 0 0 0 0 0 0 0 0 0 0 0 0 0 0 0 0 0 0 0 0 0 0 0 0 0 0 0 0 0 0 0 0 0 0 0 0 0 0 0 0 0 0 0 0 0 0 0 0 0 0 0 0 0 0 0 0 0 0 0 0 0 0 0 0 0 0 0 0 0 0 0 0 0 0 0 0 0 0 0 0 0 0 0 0 0 0 0 0 0 0 0 0 0 0 0 0 0 0 0 0 0 0 0 0 0 0 0 0 0 0 0 0 0 0 0 0 0 0 0 0 0 0 0 0 0
 0 0 0 0 0 0 0 0 0 0 0 0 0 0 0 0 0 0 0 0 0 0 0 0 0 0 0 0 0 0 0 0 0 0 0 0 0 0 0 0 0 0 0 0 0 0 0 0 0 0 0 0 0 0 0 0 0 0 0 0 0 0 0 0 0 0 0 0 0 0 0 0 0 0 0 0 0 0 0 0 0 0 0 0 0 0 0 0 0 0 0 0 0 0 0 0 0 0 0 0 0 0 0 0 0 0 0 0 0 0 0 0 0 0 0 0 0 0 0 0 0 0 0 0 0 0 0 0 0 0 0 0 0 0 0 0 0 0 0 0 0 0 0 0 0 0 0 0 0 0 0 0 0 0 0 0 0 0 0 0 0 0 0 0 0 0 0 0 0 0 0 0 0 0 0 0 0 0 0 0 0 0 0 0 0 0 0 0 0 0 0 0 0 0 0 0 0 0 0 0 0 0 0 0 0 0 0 0 0 0 0 0 0 0 0 0 0 0 0 0 0 0 0 0 0 0 0 0 0 0 0 0 0 0 0 0 0 0 0 0 0 0 0 0 0 0 0 0 0 0 0 0 0 0 0 0 0 0 0 0 0 0 0 0 0 0 0 0 0 0 0 0 0 0 0 0 0 0 0 0 0 0 0 0 0 0 0 0 0 0 0 0 0 0 0 0 0 0 0 0 0 0 0 0 0 0 0 0 0 0 0 0.0001198922182084061 0.00120035617146641 0.003338389564305544 0.00681911688297987 0.01176177617162466 0.0182141438126564 0.02614517882466316 0.03546784445643425 0.04601207002997398 0.05767501145601273 0.07056236267089844 0.08475533872842789 0.1002460271120071 0.1169446036219597 0.1346864253282547 0.1533408164978027 0.1727650612592697 0.1929205805063248 0.2138000130653381 0.2355280518531799 0.2582244575023651 0.2818602919578552 0.3063917458057404 0.3315942287445068 0.3573049902915955 0.3796564936637878 0.3961917459964752 0.4052370190620422 0.4055473804473877 0.3962211608886719 0.3764596283435822 0.3576366603374481 0.3397548198699951 0.3227670788764954 0.3066287338733673 0.2912972867488861 0.2767324149608612 0.262895792722702 0.2497510015964508 0.2372634559869766 0.2254002839326859 0.2141302675008774 0.2034237533807755 0.1932525634765625 0.1835899353027344 0.1744104325771332 0.1656899154186249 0.1574054211378098 0.1495351493358612 0.1420583873987198 0.1349554657936096 0.1282076984643936 0.1217973157763481 0.1157074496150017 0.1099220737814903 0.1044259667396545 0.09920466691255569 0.09424443542957306 0.08953221142292023 0.08505560457706451 0.08080282807350159 0.07676268368959427 0.07292454689741135 0.06927832216024399 0.06581440567970276 0.06252368539571762 0.05939750000834465 0.05642762407660484 0.05360624194145203 0.05092592909932137 0.04837963357567787 0.04596065357327461 0.04366262257099152 0.04147949069738388 0.03940551728010178 0.03743524104356766 0.03556348010897636 0.03378530591726303 0.03209603950381279 0.03049123659729958 0.02896667458117008 0.02751834131777287 0.02614242397248745 0.02483530342578888 0.02359353750944138 0.02241386100649834 0.02129316702485085 0.02022850885987282 0.01921708323061466 0.01825622841715813 0.01734341681003571 0.01647624559700489 0.01565243303775787 0.01486981101334095 0.01412632036954165 0.01342000439763069 0.01274900417774916 0.01211155392229557 0.01150597631931305 0.01093067787587643 0.01038414426147938 0.009864937514066696 0.009371690452098846 0.008903105743229389 0.008457950316369534 0.008035052567720413 0.00763330003246665 0.007251635193824768 0.006889053620398045 0.006544601172208786 0.006217371206730604 0.005906502716243267 0.005611177533864975 0.005330618470907211 0.005064087454229593 0.004810883197933435 0.004570338875055313 0.004341822117567062 0.004124730825424194 0.00391849409788847 0.003722569439560175 0.003536440897732973 0.00335961882956326 0.003191637806594372 0.003032055916264653 0.002880453132092953 0.002736430382356048 0.002599608851596713 0.002469628350809216 0.00234614685177803 0.002228839555755258 0.002117397496476769 0.002011527540162206 0.001910951221361756 0.001815403695218265 0.001724633504636586 0.001638401881791651 0.001556481816805899 0.001478657708503306 0.001404724782332778 0.001334488508291543 0.00126776413526386 0.001204375876113772 0.001144157024100423 0.001086949137970805 0.001032601692713797 0.0009809716138988733 0.0009319230448454618 0.0008853268809616566 0.0008410605369135737 0.0007990074809640646 0.0007590571185573936 0.00072110426845029 0.0006850490462966263 0.0006507965736091137 0.000618256744928658 0.0005873439367860556 0.0005579767166636884 0.0005300779012031853 0.0005035740323364735 0.0004783953190781176 0.0004544755502138287 0.0004317517741583288 0.0004101641825400293 0.0003896559646818787 0.0003701731620822102 0.000351664493791759 0.0003340812691021711 0.0003173772129230201 0.0003015083493664861 0.000286432943539694 0.0002721112978179008 0.0002585057227406651 0.0002455804497003555 0.0002333014272153378 0.0002216363500338048 0.00021055452816654 0.0002000267995754257 0.0001900254574138671 0.0001805241918191314 0.0001714979880489409 0.0001629230828257278 0.0001547769352328032 0.0001470380811952055 0.0001396861771354452 0.0001327018690062687 0.0001260667777387425 0.0001197634410345927 0.0001137752697104588 0.0001080865040421486 0.0001026821773848496 9.754806524142623e-05 9.267066343454644e-05 8.803712989902124e-05 8.363527012988925e-05 7.945350807858631e-05 7.548083522124216e-05 7.170679600676522e-05 6.812145875301212e-05 6.471538654295728e-05 6.147961539682001e-05 5.840563608217053e-05 5.548535409616306e-05 5.271108602755703e-05 5.00755304528866e-05 4.757175338454545e-05 4.519316644291393e-05 4.293350866646506e-05 4.078683195984922e-05 3.874749017995782e-05 3.681011730805039e-05 3.49696128978394e-05 3.322113116155379e-05 3.156007369398139e-05 2.99820694635855e-05 2.848296571755782e-05 2.705881706788205e-05 2.570587639638688e-05 2.442058212182019e-05 2.319955274288077e-05 2.203957592428196e-05 2.093759758281521e-05 1.989071824937128e-05 1.889618215500377e-05 1.79513735929504e-05 1.705380418570712e-05 1.620111470401753e-05 1.539105869596824e-05 1.462150612496771e-05 1.389043063682038e-05 1.319590955972672e-05 1.253611389984144e-05 1.190930834127357e-05 1.13138430606341e-05 1.074815099855186e-05 1.021074331220007e-05 9.700205737317447e-06 9.21519585972419e-06 8.754435839364305e-06 8.31671422929503e-06 7.900878699729219e-06 7.505834673793288e-06 7.130543053790461e-06 6.774015673727263e-06 6.435314844566165e-06 6.113549261499429e-06 5.807871730212355e-06 5.517478257388575e-06 5.241604412731249e-06 4.979524419468362e-06 4.730548425868619e-06 4.494021140999394e-06 4.269320015737321e-06 4.05585387852625e-06 3.853061116387835e-06 3.660408083305811e-06 3.477387735983939e-06 3.303518269603956e-06 3.138342435704544e-06 2.981425268444582e-06 2.832354084603139e-06 2.690736437216401e-06 2.556199660830316e-06 2.428389734632219e-06 2.306970145582454e-06 2.191621661040699e-06 2.082040509776562e-06 1.977938381969579e-06 1.879041519714519e-06 1.785089466466161e-06 1.69583495335246e-06 1.61104321705352e-06 1.530491090306896e-06 1.453966547160235e-06 1.381268248223932e-06 1.312204858550103e-06 1.246594592885231e-06 1.184264874609653e-06 1.125051653616538e-06 1.068799065251369e-06 1.015359089251433e-06 9.645910949984682e-07 9.163615573015704e-07 8.705434879630047e-07 8.270163220913673e-07 7.856655201976537e-07 7.463822271347453e-07 7.090631015671534e-07 6.736099749105051e-07
 0 0 0 0 0 0 0 0 0 0 0 0 0 0 0 0 0 0 0 0 0 0 0 0 0 0 0 0 0 0 0 0 0 0 0 0 0 0 0 0 0 0 0 0 0 0 0 0 0 0 0 0 0 0 0 0 0 0 0 0 0 0 0 0 0 0 0 0 0 0 0 0 0 0 0 0 0 0 0 0 0 0 0 0 0 0 0 0 0 0 0 0 0 0 0 0 0 0 0 0 0 0 0 0 0 0 0 0 0 0 0 0 0 0 0 0 0 0 0 0 0 0 0 0 0 0 0 0 0 0 0 0 0 0 0 0 0 0 0 0 0 0 0 0 0 0 0 0 0 0 0 0 0 0 0 0 0 0 0 0 0 0 0 0 0 0 0 0 0 0 0 0 0 0 0 0 0 0 0 0 0 0 0 0 0 0 0 0 0 0 0 0 0 0 0 0 0 0 0 0 0 0 0 0 0 0 0 0 0 0 0 0 0 0 0 0 0 0 0 0 0 0 0 0 0 0 0 0 0 0 0 0 0 0 0 0 0 0 0 0 0 0 0 0 0 0 0 0 0 0 0 0 0 0 0 0 0 0 0 0 0 0 0 0 0 0 0 0 0 0 0 0 0 0 0 0 0 0 0 0 0 0 0 0 0 0 0 0 0 0 0 0 0 0 0 0 0 0 0 0 0 0 0 0 0 0 0 0 0 0 0 0 0 0 0 0 0 0 0 0 0 0 0 0 0 0 0 0 0 0 0 0 0 0 0 0 0 0 0 0 0 0 0 0 0 0 0 0 0 0 0 0 0 0 0 0 0 0 0 0 0 0 0 0 0 0 0 0 0 0 0 0 0 0 0 0 0 0 0 0 0 0 0 0 0 0 0 0 0 0 0 0 0 0 0 0 0 0 0 0 0 0 0 0 0 0 0 0 0 0 0 0 0 0 0 0 0 0 0 0 0 0 0 0 0 0 0 0 0 0 0 0 0 0 0 0 0 0 0 0 0 0 0 0 0 0 0 0 0 0 0 0 0 0 0 0 0 0 0 0 0 0 0 0 0 0 0 0 0 0 0 0 0 0 0 0 0 0 0 0 0 0 0 0 0 0 0 0 0 0 0 0 0 0 0 0 0 0 0 0 0 0 0 0 0 0 0 0 0 0 0 0 0 0 0 0 0 0 0 0 0 0 0 0 0 0 0 0 0 0 0 0 0 0 0 0 0 0 0 0 0 0 0 0 0 0 0 0 0 0 0 0 0 0 0 0 0 0 0 0 0 0 0 0 0 0 0 0 0 0 0 0 0 0 0 0 0 0 0 0 0 0 0 0 0 0 0 0 0 0 0 0 0 0 0 0 0 0 0 0
 0 0 0 0 0 0 0 0 0 0 0 0 0 0 0 0 0 0 0 0 0 0 0 0 0 0 0 0 0 0 0 0 0 0 0 0 0 0 0 0 0 0 0 0 0 0 0 0 0 0 0 0 0 0 0 0 0 0 0 0 0 0 0 0 0 0 0 0 0 0 0 0 0 0 0 0 0 0 0 0 0 0 0 0 0 0 0 0 0 0 0 0 0 0 0 0 0 0 0 0 0 0 0 0 0 0 0 0 0 0 0 0 0 0 0 0 0 0 0 0 0 0 0 0 0 0 0 0 0 0 0 0 0 0 0 0 0 0 0 0 0 0 0 0 0 0 0 0 0 0 0 0 0 0 0 0 0 0 0 0 0 0 0 0 0 0 0 0 0 0 0 0 0 0 0 0 0 0 0 0 0 0 0 0 0 0 0 0 0 0 0 0 0 0 0 0 0 0 0 0 0 0 0 0 0 0 0 0 0 0 0 0 0 0 0 0 0 0 0 0 0 0 0 0 0 0 0 0 0 0 0 0 0 0 0 0 0 0 0 0 0 0 0 0 0 0 0 0 0 0 0 0 0 0 0 0 0 0 0 0 0 0 0 0 0 0 0 0 0 0 0 0 0 0 0 0 0 0 0 0 0 0 0 0 0 0 0 0 0 0 0 0 0 0 0 0 0 0 0 0 0 0 0 0 0 0 0 0 0 0 0 0 0 0 0 0 0 0 0 0 0 0 0 0 0 0 0 0 0 0 0 0 0 0 0 0 0 0 0 0 0 0 0 0 0 0 0 0 0 0 0 0 0 0 0 0 0 0 0 0 0 0 0 0 0 0 0 0 0 0 0 0 0 0 0 0 0 0 0 0 0 0 0 0 0 0 0 0 0 0 0 0 0 0 0 0 0 0 0 0 0 0 0 0 0 0 0 0 0 0 0 0 0 0 0 0 0 0 0 0 0 0 0 0 0 0 0 0 0 0 0 0 0 0 0 0 0 0 0 0 0 0 0 0 0 0 0 0 0 0 0 0 0 0 0 0 0 0 0 0 0 0 0 0 0 0 0 0 0 0 0 0 0 0 0 0 0 0 0 0 0 0 0 0 0 0 0 0 0 0 0 0 0 0 0 0 0 0 0 0 0 0 0 0 0 0 0 0 0 0 0 0 0 0 0 0 0 0 0 0 0 0 0 0 0 0 0 0 0 0 0 0 0 0 0 0 0 0 0 0 0 0 0 0 0 0 0 0 0 0 0 0 0 0 0 0 0 0 0 0 0 0 0 0 0 0 0 0 0 0 0 0 0 0 0 0 0 0 0 0 0 0 0 0 0 0 0 0 0 0 0 0 0 0 0 0 0 0 0 0
 0 0 0 0 0 0 0 0 0 0 0 0 0 0 0 0 0 0 0 0 0 0 0 0 0 0 0 0 0 0 0 0 0 0 0 0 0 0 0 0 0 0 0 0 0 0 0 0 0 0 0 0 0 0 0 0 0 0 0 0 0 0 0 0 0 0 0 0 0 0 0 0 0 0 0 0 0 0 0 0 0 0 0 0 0 0 0 0 0 0 0 0 0 0 0 0 0 0 0 0 0 0 0 0 0 0 0 0 0 0 0 0 0 0 0 0 0 0 0 0 0 0 0 0 0 0 0 0 0 0 0 0 0 0 0 0 0 0 0 0 0 0 0 0 0 0 0 0 0 0 0 0 0 0 0 0 0 0 0 0 0 0 0 0 0 0 0 0 0 0 0 0 0 0 0 0 0 0 0 0 0 0 0 0 0 0 0 0 0 0 0 0 0 0 0 0 0 0 0 0 0 0 0 0 0 0 0 0 0 0 0 0 0 0 0 0 0 0 0 0 0 0 0 0 0 0 0 0 0 0 0 0 0 0 0 0 0 0 0 0 0 0 0 0 0 0 0 0 0 0 0 0 0 0 0 0 0 0 0 0 0 0 0 0 0 0 0 0 0 0 0 0 0 0 0 0 0 0 0 0 0 0 0 0 0 0 0 0 0 0 0 0 0 0 0 0 0 0 0 0 0 0 0 0 0 0 0 0 0 0 0 0 0 0 0 0 0 0 0 0 0 0 0 0 0 0 0 0 0 0 0 0 0 0 0 0 0 0 0 0 0 0 0 0 0 0 0 0 0 0 0 0 0 0 0 0 0 0 0 0 0 0 0 0 0 0 0 0 0 0 0 0 0 0 0 0 0 0 0 0 0 0 0 0 0 0 0 0 0 0 0 0 0 0 0 0 0 0 0 0 0 0 0 0 0 0 0 0 0 0 0 0 0 0 0 0 0 0 0 0 0 0 0 0 0 0 0 0 0 0 0 0 0 0 0 0 0 0 0 0 0 0 0 0 0 0 0 0 0 0 0 0 0 0 0 0 0 0 0 0 0 0 0 0 0 0 0 0 0 0 0 0 0 0 0 0 0 0 0 0 0 0 0 0 0 0 0 0 0 0 0 0 0 0 0 0 0 0 0 0 0 0 0 0 0 0 0 0 0 0 0 0 0 0 0 0 0 0 0 0 0 0 0 0 0 0 0 0 0 0 0 0 0 0 0 0 0 0 0 0 0 0 0 0 0 0 0 0 0 0 0 0 0 0 0 0 0 0 0 0 0 0 0 0 0 0 0 0 0 0 0 0 0 0 0 0 0 0 0 0 0 0 0 0 0 0 0 0 0 0 0 0 0 0 0 0 0 0 0 0
 0 0 0 0 0 0 0 0 0 0 0 0 0 0 0 0 0 0 0 0 0 0 0 0 0 0 0 0 0 0 0 0 0 0 0 0 0 0 0 0 0 0 0 0 0 0 0 0 0 0 0 0 0 0 0 0 0 0 0 0 0 0 0 0 0 0 0 0 0 0 0 0 0 0 0 0 0 0 0 0 0 0 0 0 0 0 0 0 0 0 0 0 0 0 0 0 0 0 0 0 0 0 0 0 0 0 0 0 0 0 0 0 0 0 0 0 0 0 0 0 0 0 0 0 0 0 0 0 0 0 0 0 0 0 0 0 0 0 0 0 0 0 0 0 0 0 0 0 0 0 0 0 0 0 0 0 0 0 0 0 0 0 0 0 0 0 0 0 0 0 0 0 0 0 0 0 0 0 0 0 0 0 0 0 0 0 0 0 0 0 0 0 0 0 0 0 0 0 0 0 0 0 0 0 0 0 0 0 0 0 0 0 0 0 0 0 0 0 0 0 0 0 0 0 0 0 0 0 0 0 0 0 0 0 0 0 0 0 0 0 0 0 0 0 0 0 0 0 0 0 0 0 0 0 0 0 0 0 0 0 0 0 0 0 0 0 0 0 0 0 0 0 0 0 0 0 0 0 0 0 0 0 0 0 0 0 0 0 0 0 0 0 0 0 0 0 0 0 0 0 0 0 0 0 0 0 0 0 0 0 0 0.0005268036620691419 0.001983213471248746 0.00449414923787117 0.008229476399719715 0.01335588842630386 0.01995448023080826 0.02790723368525505 0.03708846867084503 0.04742351174354553 0.0588553361594677 0.071265809237957 0.08472971618175507 0.09913884848356247 0.1144860461354256 0.1308807581663132 0.1481879353523254 0.1662783920764923 0.1851131021976471 0.204634040594101 0.2247299402952194 0.24545519053936 0.2669413685798645 0.2890771627426147 0.3118718266487122 0.3351616561412811 0.3554750382900238 0.3703088164329529 0.3779820203781128 0.3773515224456787 0.3675073683261871 0.3491320013999939 0.3316754102706909 0.3150916397571564 0.2993370592594147 0.2843702137470245 0.2701517045497894 0.2566441297531128 0.2438119202852249 0.2316213250160217 0.2200402617454529 0.2090382426977158 0.1985863298177719 0.1886570155620575 0.1792241632938385 0.1702629625797272 0.1617498099803925 0.1536623239517212 0.1459792107343674 0.1386802494525909 0.131746232509613 0.1251589208841324 0.1189009770750999 0.1129559278488159 0.1073081344366074 0.1019427254796028 0.0968455895781517 0.09200330823659897 0.08740314096212387 0.08303298056125641 0.07888133078813553 0.07493726164102554 0.07119040191173553 0.06763087958097458 0.06424933671951294 0.06103686988353729 0.05798502638936043 0.05508577451109886 0.05233148485422134 0.04971491172909737 0.04722916707396507 0.04486770927906036 0.04262432456016541 0.04049310833215714 0.03846845403313637 0.036545030772686 0.03471777960658073 0.03298189118504524 0.03133279830217361 0.02976615913212299 0.02827785164117813 0.02686395868659019 0.02552076056599617 0.02424472197890282 0.02303248643875122 0.0218808613717556 0.02078681811690331 0.01974747702479362 0.01876010373234749 0.01782209798693657 0.01693099364638329 0.01608444377779961 0.01528022158890963 0.01451621018350124 0.01379039976745844 0.01310088019818068 0.01244583632797003 0.01182354427874088 0.01123236678540707 0.01067074853926897 0.01013721153140068 0.009630351327359676 0.009148833341896534 0.008691391907632351 0.008256821893155575 0.007843980565667152 0.007451781537383795 0.007079192437231541 0.006725233048200607 0.006388971582055092 0.006069522816687822 0.005766046699136496 0.005477744154632092 0.005203857086598873 0.004943664185702801 0.004696480929851532 0.004461656790226698 0.004238573834300041 0.004026645328849554 0.003825312945991755 0.003634047228842974 0.003452344797551632 0.003279727650806308 0.003115741303190589 0.002959954319521785 0.002811956685036421 0.002671358874067664 0.002537790918722749 0.002410901477560401 0.002290356438606977 0.002175838686525822 0.002067046705633402 0.001963694347068667 0.001865509664639831 0.001772234216332436 0.001683622482232749 0.001599441398866475 0.001519469311460853 0.001443495857529342 0.001371321035549045 0.00130275497213006 0.001237617223523557 0.001175736309960485 0.001116949482820928 0.00106110202614218 0.001008046907372773 0.0009576445445418358 0.0009097623405978084 0.0008642742177471519 0.0008210605010390282 0.0007800074527040124 0.00074100709753111 0.0007039567572064698 0.0006687589338980615 0.000635320961009711 0.0006035548867657781 0.0005733771249651909 0.0005447082803584635 0.0005174728576093912 0.0004915992030873895 0.00046701924293302 0.0004436682793311775 0.0004214848740957677 0.0004004106158390641 0.000380390090867877 0.0003613705921452492 0.0003433020610827953 0.0003261369711253792 0.0003098301240243018 0.0002943386207334697 0.0002796216867864132 0.0002656406140886247 0.0002523585862945765 0.0002397406497038901 0.0002277536113979295 0.0002163659373763949 0.0002055476361420006 0.0001952702587004751 0.0001855067384894937 0.0001762314059305936 0.0001674198429100215 0.0001590488536749035 0.0001510964066255838 0.0001435415906598791 0.0001363645133096725 0.0001295462861889973 0.0001230689667863771 0.0001169155148090795 0.0001110697412514128 0.0001055162574630231 0.0001002404460450634 9.522842447040603e-05 9.046700142789632e-05 8.594365499448031e-05 8.164647442754358e-05 7.756415288895369e-05 7.368594378931448e-05 7.000164623605087e-05 6.650156137766317e-05 6.317648512776941e-05 6.001766087138094e-05 5.701677946490236e-05 5.416593921836466e-05 5.145764225744642e-05 4.888476178166457e-05 4.644052387448028e-05 4.411849658936262e-05 4.191257175989449e-05 3.981694317189977e-05 3.78260956495069e-05 3.593479050323367e-05 3.413805097807199e-05 3.243114770157263e-05 3.080959140788764e-05 2.926911110989749e-05 2.78056559182005e-05 2.641537321323995e-05 2.50946050073253e-05 2.383987521170639e-05 2.264788054162636e-05 2.151548687834293e-05 2.043971289822366e-05 1.941772643476725e-05 1.844684084062465e-05 1.752449861669447e-05 1.66482732311124e-05 1.581586002430413e-05 1.502506711403839e-05 1.427381357643753e-05 1.35601230795146e-05 1.288211660721572e-05 1.223801064043073e-05 1.162610988103552e-05 1.104480452340795e-05 1.049256388796493e-05 9.967935511667747e-06 9.469538781559095e-06 8.996062206279021e-06 8.546258868591394e-06 8.118945515889209e-06 7.712998012721073e-06 7.327348157559754e-06 6.960980954318075e-06 6.612931883864803e-06 6.282285085035255e-06 5.968170626147185e-06 5.669762231264031e-06 5.386274096963461e-06 5.116960437590024e-06 4.861112302023685e-06 4.618056664185133e-06 4.387153694551671e-06 4.167795850662515e-06 3.959406058129389e-06 3.761435664273449e-06 3.573363983377931e-06 3.394695795577718e-06 3.224960892111994e-06 3.063712938455865e-06 2.910527200583601e-06 2.765000772342319e-06 2.62675075646257e-06 2.495413127689972e-06 2.370642505411524e-06 2.252110334666213e-06 2.139504886145005e-06 2.032529664575122e-06 1.930903181346366e-06 1.834358045016415e-06 1.742640165502962e-06 1.655508185649524e-06 1.572732799104415e-06 1.494096181886562e-06 1.419391423951311e-06 1.348421847069403e-06 1.281000777453301e-06 1.216950749949319e-06 1.156103166977118e-06 1.098297957469185e-06 1.043383008436649e-06 9.912138239087653e-07 9.416531270289852e-07 8.945704621510231e-07 8.498419674651814e-07 8.073498634075804e-07 7.669823958167399e-07 7.286332674993901e-07 6.92201581387053e-07 6.575914994755294e-07 6.247119017643854e-07
 0 0 0 0 0 0 0 0 0 0 0 0 0 0 0 0 0 0 0 0 0 0 0 0 0 0 0 0 0 0 0 0 0 0 0 0 0 0 0 0 0 0 0 0 0 0 0 0 0 0 0 0 0 0 0 0 0 0 0 0 0 0 0 0 0 0 0 0 0 0 0 0 0 0 0 0 0 0 0 0 0 0 0 0 0 0 0 0 0 0 0 0 0 0 0 0 0 0 0 0 0 0 0 0 0 0 0 0 0 0 0 0 0 0 0 0 0 0 0 0 0 0 0 0 0 0 0 0 0 0 0 0 0 0 0 0 0 0 0 0 0 0 0 0 0 0 0 0 0 0 0 0 0 0 0 0 0 0 0 0 0 0 0 0 0 0 0 0 0 0 0 0 0 0 0 0 0 0 0 0 0 0 0 0 0 0 0 0 0 0 0 0 0 0 0 0 0 0 0 0 0 0 0 0 0 0 0 0 0 0 0 0 0 0 0 0 0 0 0 0 0 0 0 0 0 0 0 0 0 0 0 0 0 0 0 0 0 0 0 0 0 0 0 0 0 0 0 0 0 0 0 0 0 0 0 0 0 0 0 0 0 0 0 0 0 0 0 0 0 0 0 0 0 0 0 0 0 0 0 0 0 0 0 0 0 0 0 0 0 0 0 0 0 0 0 0 0 0 0 0 0 0 0 0 0 0 0 0 0 0 0 0 0 0 0 0 0 0 0 0 0 0 0 0 0 0 0 0 0 0 0 0 0 0 0 0 0 0 0 0 0 0 0 0 0 0 0 0 0 0 0 0 0 0 0 0 0 0 0 0 0 0 0 0 0 0 0 0 0 0 0 0 0 0 0 0 0 0 0 0 0 0 0 0 0 0 0 0 0 0 0 0 0 0 0 0 0 0 0 0 0 0 0 0 0 0 0 0 0 0 0 0 0 0 0 0 0 0 0 0 0 0 0 0 0 0 0 0 0 0 0 0 0 0 0 0 0 0 0 0 0 0 0 0 0 0 0 0 0 0 0 0 0 0 0 0 0 0 0 0 0 0 0 0 0 0 0 0 0 0 0 0 0 0 0 0 0 0 0 0 0 0 0 0 0 0 0 0 0 0 0 0 0 0 0 0 0 0 0 0 0 0 0 0 0 0 0 0 0 0 0 0 0 0 0 0 0 0 0 0 0 0 0 0 0 0 0 0 0 0 0 0 0 0 0 0 0 0 0 0 0 0 0 0 0 0 0 0 0 0 0 0 0 0 0 0 0 0 0 0 0 0 0 0 0 0 0 0 0 0 0 0 0 0 0 0 0 0 0 0 0 0 0 0 0 0 0 0 0 0 0 0 0 0 0 0 0 0 0 0
 0 0 0 0 0 0 0 0 0 0 0 0 0 0 0 0 0 0 0 0 0 0 0 0 0 0 0 0 0 0 0 0 0 0 0 0 0 0 0 0 0 0 0 0 0 0 0 0 0 0 0 0 0 0 0 0 0 0 0 0 0 0 0 0 0 0 0 0 0 0 0 0 0 0 0 0 0 0 0 0 0 0 0 0 0 0 0 0 0 0 0 0 0 0 0 0 0 0 0 0 0 0 0 0 0 0 0 0 0 0 0 0 0 0 0 0 0 0 0 0 0 0 0 0 0 0 0 0 0 0 0 0 0 0 0 0 0 0 0 0 0 0 0 0 0 0 0 0 0 0 0 0 0 0 0 0 0 0 0 0 0 0 0 0 0 0 0 0 0 0 0 0 0 0 0 0 0 0 0 0 0 0 0 0 0 0 0 0 0 0 0 0 0 0 0 0 0 0 0 0 0 0 0 0 0 0 0 0 0 0 0 0 0 0 0 0 0 0 0 0 0 0 0 0 0 0 0 0 0 0 0 0 0 0 0 0 0 0 0 0 0 0 0 0 0 0 0 0 0 0 0 0 0 0 0 0 0 0 0 0 0 0 0 0 0 0 0 0 0 0 0 0 0 0 0 0 0 0 0 0 0 0 0 0 0 0 0 0 0 0 0 0 0 0 0 0 0 0 0 0 0 0 0 0 0 0 0 0 0 0 0 0 0 0 0 0 0 0 0 0 0 0 0 0 0 0 0 0 0 0 0 0 0 0 0 0 0 0 0 0 0 0 0 0 0 0 0 0 0 0 0 0 0 0 0 0 0 0 0 0 0 0 0 0 0 0 0 0 0 0 0 0 0 0 0 0 0 0 0 0 0 0 0 0 0 0 0 0 0 0 0 0 0 0 0 0 0 0 0 0 0 0 0 0 0 0 0 0 0 0 0 0 0 0 0 0 0 0 0 0 0 0 0 0 0 0 0 0 0 0 0 0 0 0 0 0 0 0 0 0 0 0 0 0 0 0 0 0 0 0 0 0 0 0 0 0 0 0 0 0 0 0 0 0 0 0 0 0 0 0 0 0 0 0 0 0 0 0 0 0 0 0 0 0 0 0 0 0 0 0 0 0 0 0 0 0 0 0 0 0 0 0 0 0 0 0 0 0 0 0 0 0 0 0 0 0 0 0 0 0 0 0 0 0 0 0 0 0 0 0 0 0 0 0 0 0 0 0 0 0 0 0 0 0 0 0 0 0 0 0 0 0 0 0 0 0 0 0 0 0 0 0 0 0 0 0 0 0 0 0 0 0 0 0 0 0 0 0 0 0 0 0 0 0 0 0 0 0 0 0 0 0 0 0 0 0 0 0 0 0
 0 0 0 0 0 0 0 0 0 0 0 0 0 0 0 0 0 0 0 0 0 0 0 0 0 0 0 0 0 0 0 0 0 0 0 0 0 0 0 0 0 0 0 0 0 0 0 0 0 0 0 0 0 0 0 0 0 0 0 0 0 0 0 0 0 0 0 0 0 0 0 0 0 0 0 0 0 0 0 0 0 0 0 0 0 0 0 0 0 0 0 0 0 0 0 0 0 0 0 0 0 0 0 0 0 0 0 0 0 0 0 0 0 0 0 0 0 0 0 0 0 0 0 0 0 0 0 0 0 0 0 0 0 0 0 0 0 0 0 0 0 0 0 0 0 0 0 0 0 0 0 0 0 0 0 0 0 0 0 0 0 0 0 0 0 0 0 0 0 0 0 0 0 0 0 0 0 0 0 0 0 0 0 0 0 0 0 0 0 0 0 0 0 0 0 0 0 0 0 0 0 0 0 0 0 0 0 0 0 0 0 0 0 0 0 0 0 0 0 0 0 0 0 0 0 0 0 0 0 0 0 0 0 0 0 0 0 0 0 0 0 0 0 0 0 0 0 0 0 0 0 0 0 0 0 0 0 0 0 0 0 0 0 0 0 0 0 0 0 0 0 0 0 0 0 0 0 0 0 0 0 0 0 0 0 0 0 0 0 0 0 0 0 0 0 0 0 0 0 0 0 0 0 0 0 0 0 0 0 0 0 0 0 0 0 0 0 0 0 0 0 0 0 0 0 0 0 0 0 0 0 0 0 0 0 0 0 0 0 0 0 0 0 0 0 0 0 0 0 0 0 0 0 0 0 0 0 0 0 0 0 0 0 0 0 0 0 0 0 0 0 0 0 0 0 0 0 0 0 0 0 0 0 0 0 0 0 0 0 0 0 0 0 0 0 0 0 0 0 0 0 0 0 0 0 0 0 0 0 0 0 0 0 0 0 0 0 0 0 0 0 0 0 0 0 0 0 0 0 0 0 0 0 0 0 0 0 0 0 0 0 0 0 0 0 0 0 0 0 0 0 0 0 0 0 0 0 0 0 0 0 0 0 0 0 0 0 0 0 0 0 0 0 0 0 0 0 0 0 0 0 0 0 0 0 0 0 0 0 0 0 0 0 0 0 0 0 0 0 0 0 0 0 0 0 0 0 0 0 0 0 0 0 0 0 0 0 0 0 0 0 0 0 0 0 0 0 0 0 0 0 0 0 0 0 0 0 0 0 0 0 0 0 0 0 0 0 0 0 0 0 0 0 0 0 0 0 0 0 0 0 0 0 0 0 0 0 0 0 0 0 0 0 0 0 0 0 0 0 0 0 0 0 0 0 0 0 0 0 0 0 0 0 0 0 0 0 0 0 0
 0 0 0 0 0 0 0 0 0 0 0 0 0 0 0 0 0 0 0 0 0 0 0 0 0 0 0 0 0 0 0 0 0 0 0 0 0 0 0 0 0 0 0 0 0 0 0 0 0 0 0 0 0 0 0 0 0 0 0 0 0 0 0 0 0 0 0 0 0 0 0 0 0 0 0 0 0 0 0 0 0 0 0 0 0 0 0 0 0 0 0 0 0 0 0 0 0 0 0 0 0 0 0 0 0 0 0 0 0 0 0 0 0 0 0 0 0 0 0 0 0 0 0 0 0 0 0 0 0 0 0 0 0 0 0 0 0 0 0 0 0 0 0 0 0 0 0 0 0 0 0 0 0 0 0 0 0 0 0 0 0 0 0 0 0 0 0 0 0 0 0 0 0 0 0 0 0 0 0 0 0 0 0 0 0 0 0 0 0 0 0 0 0 0 0 0 0 0 0 0 0 0 0 0 0 0 0 0 0 0 0 0 0 0 0 0 0 0 0 0 0 0 0 0 0 0 0 0 0 0 0 0 0 0 0 0 0 0 0 0 0 0 0 0 0 0 0 0 0 0 0 0 0 0 0 0 0 0 0 0 0 0 0 0 0 0 0 0 0 0 0 0 0 0 0 0 0 0 0 0 0 0 0 0 0 0 0 0 0 0 0 0 0 0 0 0 0 0 0 0 0 0 0 0 0 0 0 0 0.0005182851455174387 0.001964807976037264 0.004428609274327755 0.008094886317849159 0.01317258179187775 0.01964372768998146 0.02745194174349308 0.03652705997228622 0.04665184766054153 0.05777670815587044 0.06991469115018845 0.08306887745857239 0.0972796231508255 0.1125617921352386 0.1289356052875519 0.1462467461824417 0.1643005609512329 0.1828875839710236 0.2019301205873489 0.2215359210968018 0.2418034076690674 0.2627867460250854 0.2844732403755188 0.3067907989025116 0.3296412825584412 0.349574476480484 0.364261269569397 0.3720174729824066 0.3714085221290588 0.3615481853485107 0.3434707820415497 0.326297253370285 0.3099823892116547 0.2944832742214203 0.2797591090202332 0.2657711505889893 0.2524825930595398 0.2398584634065628 0.2278655469417572 0.2164722681045532 0.20564866065979 0.195366233587265 0.1855979263782501 0.176318034529686 0.1675021350383759 0.1591270267963409 0.1511706709861755 0.1436121314764023 0.1364315301179886 0.1296099573373795 0.1231294572353363 0.1169729828834534 0.1111243367195129 0.1055681183934212 0.1002897098660469 0.09527522325515747 0.09051146358251572 0.08598589152097702 0.0816865935921669 0.07760226726531982 0.07372215390205383 0.07003604620695114 0.06653424352407455 0.06320752948522568 0.06004715338349342 0.05704479664564133 0.05419255793094635 0.05148293077945709 0.0489087849855423 0.04646334424614906 0.04414017871022224 0.04193317145109177 0.03983651101589203 0.03784468397498131 0.03595244884490967 0.03415482491254807 0.03244708478450775 0.03082473017275333 0.02928349375724792 0.0278193186968565 0.02642835304141045 0.02510693483054638 0.02385158836841583 0.02265900932252407 0.02152605913579464 0.02044975571334362 0.01942726783454418 0.01845590397715569 0.01753310859203339 0.01665645278990269 0.01582363061606884 0.01503244880586863 0.01428082678467035 0.01356678549200296 0.01288844645023346 0.0122440243139863 0.01163182314485312 0.01105023175477982 0.01049771998077631 0.009972834028303623 0.009474192745983601 0.009000482968986034 0.008550458587706089 0.008122935891151428 0.007716788910329342 0.007330949418246746 0.006964401807636023 0.006616181693971157 0.006285372655838728 0.00597110390663147 0.005672548897564411 0.005388921592384577 0.005119475536048412 0.004863501526415348 0.004620326682925224 0.004389310255646706 0.004169844556599855 0.003961352165788412 0.003763284534215927 0.003575120354071259 0.003396364394575357 0.003226546104997396 0.003065218683332205 0.002911957679316401 0.002766359830275178 0.00262804189696908 0.002496639732271433 0.002371807815507054 0.002253217389807105 0.002140556462109089 0.002033528639003634 0.001931852195411921 0.001835259608924389 0.001743496628478169 0.001656321808695793 0.001573505694977939 0.001494830357842147 0.00142008881084621 0.001349084312096238 0.001281630131416023 0.001217548619024456 0.001156671205535531 0.001098837703466415 0.001043895841576159 0.0009917010320350528 0.0009421159629710019 0.0008950101910158992 0.0008502596756443381 0.0008077466627582908 0.0007673593354411423 0.0007289913482964039 0.0006925417692400515 0.0006579146720468998 0.0006250189617276192 0.0005937680252827704 0.0005640796152874827 0.0005358756170608103 0.0005090818158350885 0.000483627722132951 0.0004594463389366865 0.0004364740161690861 0.0004146503051742911 0.0003939177840948105 0.0003742218832485378 0.00035551079781726 0.000337735255016014 0.0003208484849892557 0.0003048060461878777 0.0002895657380577177 0.0002750874555204064 0.0002613330725580454 0.000248266413109377 0.0002358530909987167 0.0002240604371763766 0.0002128574124071747 0.0002022145490627736 0.0001921038201544434 0.0001824986247811466 0.0001733737008180469 0.000164705008501187 0.0001564697595313191 0.0001486462715547532 0.000141213953611441 0.0001341532624792308 0.0001274456008104607 0.0001210733171319589 0.0001150196476373821 0.000109268665255513 0.0001038052287185565 9.86149680102244e-05 9.368421888211742e-05 8.900000830180943e-05 8.4550010797102e-05 8.032251207623631e-05 7.630638720002025e-05 7.249106420204043e-05 6.886650953674689e-05 6.542318442370743e-05 6.215202301973477e-05 5.904442150495015e-05 5.609220170299523e-05 5.328759289113805e-05 5.062321361037903e-05 4.80920534755569e-05 4.568745134747587e-05 4.340307714301161e-05 4.123292455915362e-05 3.917127833119594e-05 3.72127142327372e-05 3.535207724780776e-05 3.358447429491207e-05 3.190524876117706e-05 3.030998595932033e-05 2.879448584280908e-05 2.735476118687075e-05 2.598702303657774e-05 2.468767161190044e-05 2.345328721276019e-05 2.228062294307165e-05 2.116659197781701e-05 2.010826210607775e-05 1.910284845507704e-05 1.814770621422213e-05 1.724032154015731e-05 1.637830609979574e-05 1.555939161335118e-05 1.478142166888574e-05 1.404235081281513e-05 1.334023363597225e-05 1.267322204512311e-05 1.203956071549328e-05 1.143758254329441e-05 1.086570318875602e-05 1.032241834764136e-05 9.806297384784557e-06 9.315982424595859e-06 8.85018289409345e-06 8.407673703914043e-06 7.987289791344665e-06 7.587925210827962e-06 7.208529041236034e-06 6.848102657386335e-06 6.505697456304915e-06 6.180412583489669e-06 5.871391749678878e-06 5.577822321356507e-06 5.298931228026049e-06 5.033984507463174e-06 4.782285486726323e-06 4.543171144177904e-06 4.316012564231642e-06 4.100211754121119e-06 3.895201189152431e-06 3.700441084220074e-06 3.5154189390596e-06 3.339647946631885e-06 3.172665628881077e-06 3.014032245118869e-06 2.863330564650823e-06 2.720164047786966e-06 2.584155936347088e-06 2.454948116792366e-06 2.332200665478013e-06 2.215590711784898e-06 2.104811073877499e-06 1.999570486077573e-06 1.89959200724843e-06 1.804612452360743e-06 1.714381824058364e-06 1.62866274422413e-06 1.547229658172e-06 1.469868152526033e-06 1.396374727846705e-06 1.326556002823054e-06 1.260228145838482e-06 1.197216761283926e-06 1.137355866376311e-06 1.08048811853223e-06 1.026463678499567e-06 9.751404377311701e-07 9.26383393107244e-07 8.800642490314203e-07 8.360610195268237e-07 7.942579713926534e-07 7.545450557699951e-07 7.168177944549825e-07 6.809768819948658e-07 6.46928015157755e-07 6.145816087155254e-07 5.838525112267234e-07 5.546598913497292e-07 5.269268967822427e-07
 0 0 0 0 0 0 0 0 0 0 0 0 0 0 0 0 0 0 0 0 0 0 0 0 0 0 0 0 0 0 0 0 0 0 0 0 0 0 0 0 0 0 0 0 0 0 0 0 0 0 0 0 0 0 0 0 0 0 0 0 0 0 0 0 0 0 0 0 0 0 0 0 0 0 0 0 0 0 0 0 0 0 0 0 0 0 0 0 0 0 0 0 0 0 0 0 0 0 0 0 0 0 0 0 0 0 0 0 0 0 0 0 0 0 0 0 0 0 0 0 0 0 0 0 0 0 0 0 0 0 0 0 0 0 0 0 0 0 0 0 0 0 0 0 0 0 0 0 0 0 0 0 0 0 0 0 0 0 0 0 0 0 0 0 0 0 0 0 0 0 0 0 0 0 0 0 0 0 0 0 0 0 0 0 0 0 0 0 0 0 0 0 0 0 0 0 0 0 0 0 0 0 0 0 0 0 0 0 0 0 0 0 0 0 0 0 0 0 0 0 0 0 0 0 0 0 0 0 0 0 0 0 0 0 0 0 0 0 0 0 0 0 0 0 0 0 0 0 0 0 0 0 0 0 0 0 0 0 0 0 0 0 0 0 0 0 0 0 0 0 0 0 0 0 0 0 0 0 0 0 0 0 0 0 0 0 0 0 0 0 0 0 0 0 0 0 0 0 0 0 0 0 0 0 0 0 0 0 0 0 0 0 0 0 0 0 0 0 0 0 0 0 0 0 0 0 0 0 0 0 0 0 0 0 0 0 0 0 0 0 0 0 0 0 0 0 0 0 0 0 0 0 0 0 0 0 0 0 0 0 0 0 0 0 0 0 0 0 0 0 0 0 0 0 0 0 0 0 0 0 0 0 0 0 0 0 0 0 0 0 0 0 0 0 0 0 0 0 0 0 0 0 0 0 0 0 0 0 0 0 0 0 0 0 0 0 0 0 0 0 0 0 0 0 0 0 0 0 0 0 0 0 0 0 0 0 0 0 0 0 0 0 0 0 0 0 0 0 0 0 0 0 0 0 0 0 0 0 0 0 0 0 0 0 0 0 0 0 0 0 0 0 0 0 0 0 0 0 0 0 0 0 0 0 0 0 0 0 0 0 0 0 0 0 0 0 0 0 0 0 0 0 0 0 0 0 0 0 0 0 0 0 0 0 0 0 0 0 0 0 0 0 0 0 0 0 0 0 0 0 0 0 0 0 0 0 0 0 0 0 0 0 0 0 0 0 0 0 0 0 0 0 0 0 0 0 0 0 0 0 0 0 0 0 0 0 0 0 0 0 0 0 0 0 0 0 0 0 0 0 0 0 0 0 0 0 0 0 0 0 0 0 0 0 0 0 0 0 0 0
 0 0 0 0 0 0 0 0 0 0 0 0 0 0 0 0 0 0 0 0 0 0 0 0 0 0 0 0 0 0 0 0 0 0 0 0 0 0 0 0 0 0 0 0 0 0 0 0 0 0 0 0 0 0 0 0 0 0 0 0 0 0 0 0 0 0 0 0 0 0 0 0 0 0 0 0 0 0 0 0 0 0 0 0 0 0 0 0 0 0 0 0 0 0 0 0 0 0 0 0 0 0 0 0 0 0 0 0 0 0 0 0 0 0 0 0 0 0 0 0 0 0 0 0 0 0 0 0 0 0 0 0 0 0 0 0 0 0 0 0 0 0 0 0 0 0 0 0 0 0 0 0 0 0 0 0 0 0 0 0 0 0 0 0 0 0 0 0 0 0 0 0 0 0 0 0 0 0 0 0 0 0 0 0 0 0 0 0 0 0 0 0 0 0 0 0 0 0 0 0 0 0 0 0 0 0 0 0 0 0 0 0 0 0 0 0 0 0 0 0 0 0 0 0 0 0 0 0 0 0 0 0 0 0 0 0 0 0 0 0 0 0 0 0 0 0 0 0 0 0 0 0 0 0 0 0 0 0 0 0 0 0 0 0 0 0 0 0 0 0 0 0 0 0 0 0 0 0 0 0 0 0 0 0 0 0 0 0 0 0 0 0 0 0 0 0 0 0 0 0 0 0 0 0 0 0 0 0 0 0 0 0 0 0 0 0 0 0 0 0 0 0 0 0 0 0 0 0 0 0 0 0 0 0 0 0 0 0 0 0 0 0 0 0 0 0 0 0 0 0 0 0 0 0 0 0 0 0 0 0 0 0 0 0 0 0 0 0 0 0 0 0 0 0 0 0 0 0 0 0 0 0 0 0 0 0 0 0 0 0 0 0 0 0 0 0 0 0 0 0 0 0 0 0 0 0 0 0 0 0 0 0 0 0 0 0 0 0 0 0 0 0 0 0 0 0 0 0 0 0 0 0 0 0 0 0 0 0 0 0 0 0 0 0 0 0 0 0 0 0 0 0 0 0 0 0 0 0 0 0 0 0 0 0 0 0 0 0 0 0 0 0 0 0 0 0 0 0 0 0 0 0 0 0 0 0 0 0 0 0 0 0 0 0 0 0 0 0 0 0 0 0 0 0 0 0 0 0 0 0 0 0 0 0 0 0 0 0 0 0 0 0 0 0 0 0 0 0 0 0 0 0 0 0 0 0 0 0 0 0 0 0 0 0 0 0 0 0 0 0 0 0 0 0 0 0 0 0 0 0 0 0 0 0 0 0 0 0 0 0 0 0 0 0 0 0 0 0 0 0 0 0 0 0 0 0 0 0 0 0 0 0 0 0 0 0 0 0 0 0
 0 0 0 0 0 0 0 0 0 0 0 0 0 0 0 0 0 0 0 0 0 0 0 0 0 0 0 0 0 0 0 0 0 0 0 0 0 0 0 0 0 0 0 0 0 0 0 0 0 0 0 0 0 0 0 0 0 0 0 0 0 0 0 0 0 0 0 0 0 0 0 0 0 0 0 0 0 0 0 0 0 0 0 0 0 0 0 0 0 0 0 0 0 0 0 0 0 0 0 0 0 0 0 0 0 0 0 0 0 0 0 0 0 0 0 0 0 0 0 0 0 0 0 0 0 0 0 0 0 0 0 0 0 0 0 0 0 0 0 0 0 0 0 0 0 0 0 0 0 0 0 0 0 0 0 0 0 0 0 0 0 0 0 0 0 0 0 0 0 0 0 0 0 0 0 0 0 0 0 0 0 0 0 0 0 0 0 0 0 0 0 0 0 0 0 0 0 0 0 0 0 0 0 0 0 0 0 0 0 0 0 0 0 0 0 0 0 0 0 0 0 0 0 0 0 0 0 0 0 0 0 0 0 0 0 0 0 0 0 0 0 0 0 0 0 0 0 0 0 0 0 0 0 0 0 0 0 0 0 0 0 0 0 0 0 0 0 0 0 0 0 0 0 0 0 0 0 0 0 0 0 0 0 0 0 0 0 0 0 0 0 0 0 0 0 0 0 0 0 0 0 0 0 0 0 0 0 0 0 0 0 0 0 0 0 0 0 0 0 0 0 0 0 0 0 0 0 0 0 0 0 0 0 0 0 0 0 0 0 0 0 0 0 0 0 0 0 0 0 0 0 0 0 0 0 0 0 0 0 0 0 0 0 0 0 0 0 0 0 0 0 0 0 0 0 0 0 0 0 0 0 0 0 0 0 0 0 0 0 0 0 0 0 0 0 0 0 0 0 0 0 0 0 0 0 0 0 0 0 0 0 0 0 0 0 0 0 0 0 0 0 0 0 0 0 0 0 0 0 0 0 0 0 0 0 0 0 0 0 0 0 0 0 0 0 0 0 0 0 0 0 0 0 0 0 0 0 0 0 0 0 0 0 0 0 0 0 0 0 0 0 0 0 0 0 0 0 0 0 0 0 0 0 0 0 0 0 0 0 0 0 0 0 0 0 0 0 0 0 0 0 0 0 0 0 0 0 0 0 0 0 0 0 0 0 0 0 0 0 0 0 0 0 0 0 0 0 0 0 0 0 0 0 0 0 0 0 0 0 0 0 0 0 0 0 0 0 0 0 0 0 0 0 0 0 0 0 0 0 0 0 0 0 0 0 0 0 0 0 0 0 0 0 0 0 0 0 0 0 0 0 0 0 0 0 0 0 0 0 0 0 0 0 0 0 0 0 0 0 0
 0 0 0 0 0 0 0 0 0 0 0 0 0 0 0 0 0 0 0 0 0 0 0 0 0 0 0 0 0 0 0 0 0 0 0 0 0 0 0 0 0 0 0 0 0 0 0 0 0 0 0 0 0 0 0 0 0 0 0 0 0 0 0 0 0 0 0 0 0 0 0 0 0 0 0 0 0 0 0 0 0 0 0 0 0 0 0 0 0 0 0 0 0 0 0 0 0 0 0 0 0 0 0 0 0 0 0 0 0 0 0 0 0 0 0 0 0 0 0 0 0 0 0 0 0 0 0 0 0 0 0 0 0 0 0 0 0 0 0 0 0 0 0 0 0 0 0 0 0 0 0 0 0 0 0 0 0 0 0 0 0 0 0 0 0 0 0 0 0 0 0 0 0 0 0 0 0 0 0 0 0 0 0 0 0 0 0 0 0 0 0 0 0 0 0 0 0 0 0 0 0 0 0 0 0 0 0 0 0 0 0 0 0 0 0 0 0 0 0 0 0 0 0 0 0 0 0 0 0 0 0 0 0 0 0 0 0 0 0 0 0 0 0 0 0 0 0 0 0 0 0 0 0 0 0 0 0 0 0 0 0 0 0 0 0 0 0 0 0 0 0 0 0 0 0 0 0 0 0 0 0 0 0 0 0 0 0 0 0 0 0 0 0 0 0 0 0 0 0 0 0 0 0 0 0 0 0 0 0 0 0.0002687735832296312 0.001527817687019706 0.003880013711750507 0.007539133075624704 0.01264103222638369 0.01916246861219406 0.02715666964650154 0.03643694519996643 0.04689837992191315 0.05847743898630142 0.07110379636287689 0.08485648036003113 0.09983306378126144 0.1159466356039047 0.1329991519451141 0.150954008102417 0.1694554090499878 0.1885498762130737 0.208274632692337 0.2286621630191803 0.2497527599334717 0.2716999053955078 0.2944520115852356 0.3179958760738373 0.3419372141361237 0.362758994102478 0.3779715001583099 0.3857820630073547 0.3850586414337158 0.3749971985816956 0.3562473356723785 0.3384349644184113 0.3215132057666779 0.3054375350475311 0.2901656627655029 0.2756573855876923 0.2618745267391205 0.2487808018922806 0.2363417595624924 0.2245246767997742 0.2132984399795532 0.2026335150003433 0.1925018429756165 0.1828767508268356 0.1737329065799713 0.1650462597608566 0.1567939519882202 0.1489542573690414 0.1415065377950668 0.1344312131404877 0.1277096569538116 0.1213241741061211 0.1152579635381699 0.1094950661063194 0.1040203124284744 0.098819300532341 0.09387833625078201 0.08918441832065582 0.08472520112991333 0.08048894256353378 0.07646449655294418 0.07264126837253571 0.0690092071890831 0.06555874645709991 0.0622808076441288 0.05916676670312881 0.05620842799544334 0.0533980056643486 0.05072810500860214 0.04819170013070107 0.04578211531043053 0.04349301010370255 0.04131836071610451 0.03925244137644768 0.0372898206114769 0.0354253277182579 0.03365406021475792 0.03197135776281357 0.03037278912961483 0.02885415032505989 0.02741144225001335 0.02604087069630623 0.02473882772028446 0.02350188605487347 0.02232679165899754 0.02121045254170895 0.02014992944896221 0.01914243213832378 0.01818531006574631 0.01727604493498802 0.01641224324703217 0.01559163071215153 0.01481204945594072 0.0140714468434453 0.01336787454783916 0.01269948109984398 0.01206450723111629 0.01146128214895725 0.01088821794837713 0.01034380681812763 0.009826616384088993 0.009335285983979702 0.008868522010743618 0.008425096049904823 0.008003841154277325 0.00760364904999733 0.007223466411232948 0.006862292997539043 0.00651917839422822 0.006193219684064388 0.00588355865329504 0.005589380860328674 0.005309911910444498 0.005044416524469852 0.004792195744812489 0.004552586004137993 0.004324956797063351 0.004108708817511797 0.003903273493051529 0.003708109725266695 0.003522704355418682 0.003346569137647748 0.003179240738973022 0.00302027864381671 0.00286926468834281 0.002725801430642605 0.002589511452242732 0.002460035961121321 0.002337034093216062 0.002220182446762919 0.002109173219650984 0.002003714442253113 0.001903528696857393 0.001808352302759886 0.00171793473418802 0.001632038038223982 0.001550436136312783 0.001472914358600974 0.001399268629029393 0.00132930523250252 0.001262839999981225 0.001199697959236801 0.001139713102020323 0.001082727452740073 0.001028591068461537 0.0009771615732461214 0.0009283035178668797 0.0008818883216008544 0.00083779392298311 0.000795904197730124 0.0007561090169474483 0.0007183035486377776 0.0006823883741162717 0.0006482689641416073 0.0006158555042929947 0.0005850627203471959 0.0005558095872402191 0.000528019096236676 0.0005016181385144591 0.0004765372432302684 0.0004527103737927973 0.0004300748696550727 0.0004085711261723191 0.0003881425654981285 0.0003687354328576475 0.0003502986510284245 0.0003327837330289185 0.0003161445492878556 0.0003003373276442289 0.0002853204496204853 0.0002710544213186949 0.0002575016987975687 0.0002446266007609665 0.0002323952649021521 0.0002207755023846403 0.000209736725082621 0.0001992498873732984 0.0001892873988253996 0.0001798230223357677 0.0001708318741293624 0.000162290278240107 0.0001541757665108889 0.000146466976730153 0.0001391436235280707 0.0001321864401688799 0.0001255771203432232 0.0001192982672364451 0.0001133333571488038 0.0001076666885637678 0.0001022833530441858 9.716918430058286e-05 9.231072181137279e-05 8.769518899498507e-05 8.331042772624642e-05 7.914490561233833e-05 7.518765778513625e-05 7.142827234929428e-05 6.785686127841473e-05 6.446401675930247e-05 6.124081846792251e-05 5.817877899971791e-05 5.526984023163095e-05 5.250634785625152e-05 4.988102955394424e-05 4.738697680295445e-05 4.501762668951415e-05 4.276674371794797e-05 4.062840525875799e-05 3.859698335872963e-05 3.666713382699527e-05 3.483377804514021e-05 3.309208841528744e-05 3.143748472211882e-05 2.986561048601288e-05 2.837232932506595e-05 2.695371222216636e-05 2.560602661105804e-05 2.432572546240408e-05 2.310944000782911e-05 2.195396882598288e-05 2.085627056658268e-05 1.981345667445567e-05 1.882278411358129e-05 1.788164445315488e-05 1.698756204859819e-05 1.613818312762305e-05 1.53312739712419e-05 1.456470999983139e-05 1.38364748636377e-05 1.314465134782949e-05 1.248741864401381e-05 1.186304780276259e-05 1.126989536714973e-05 1.070640064426698e-05 1.017108024825575e-05 9.662526281317696e-06 9.179399967251811e-06 8.720429832465015e-06 8.284408067993354e-06 7.870187801017892e-06 7.476678547391202e-06 7.102844392647967e-06 6.747702173015568e-06 6.410316927940585e-06 6.089800990594085e-06 5.785310804640176e-06 5.496045105246594e-06 5.221242645347957e-06 4.960180376656353e-06 4.712171175924595e-06 4.47656248070416e-06 4.25273447035579e-06 4.040097792312736e-06 3.838093107333407e-06 3.646188361017266e-06 3.463879011178506e-06 3.290685071988264e-06 3.126150886600954e-06 2.969843308164855e-06 2.821351245074766e-06 2.680283614608925e-06 2.546269342929008e-06 2.418955773464404e-06 2.298007984791184e-06 2.183107653763727e-06 2.073952373393695e-06 1.970254743355326e-06 1.871742028924928e-06 1.778154910425656e-06 1.689247142167005e-06 1.604784756636946e-06 1.524545496067731e-06 1.448318244001712e-06 1.37590234317031e-06 1.307107254433504e-06 1.241751874658803e-06 1.179664309347572e-06 1.120681076827168e-06 1.0646469945641e-06 1.011414610729844e-06 9.60843863140326e-07 9.128016813519935e-07 8.67161588757881e-07 8.238035320573545e-07 7.826133696653415e-07 7.434827011820744e-07 7.063085831759963e-07 6.70993131279829e-07 6.374434633471537e-07 6.055713015484798e-07
 0 0 0 0 0 0 0 0 0 0 0 0 0 0 0 0 0 0 0 0 0 0 0 0 0 0 0 0 0 0 0 0 0 0 0 0 0 0 0 0 0 0 0 0 0 0 0 0 0 0 0 0 0 0 0 0 0 0 0 0 0 0 0 0 0 0 0 0 0 0 0 0 0 0 0 0 0 0 0 0 0 0 0 0 0 0 0 0 0 0 0 0 0 0 0 0 0 0 0 0 0 0 0 0 0 0 0 0 0 0 0 0 0 0 0 0 0 0 0 0 0 0 0 0 0 0 0 0 0 0 0 0 0 0 0 0 0 0 0 0 0 0 0 0 0 0 0 0 0 0 0 0 0 0 0 0 0 0 0 0 0 0 0 0 0 0 0 0 0 0 0 0 0 0 0 0 0 0 0 0 0 0 0 0 0 0 0 0 0 0 0 0 0 0 0 0 0 0 0 0 0 0 0 0 0 0 0 0 0 0 0 0 0 0 0 0 0 0 0 0 0 0 0 0 0 0 0 0 0 0 0 0 0 0 0 0 0 0 0 0 0 0 0 0 0 0 0 0 0 0 0 0 0 0 0 0 0 0 0 0 0 0 0 0 0 0 0 0 0 0 0 0 0 0 0 0 0 0 0 0 0 0 0 0 0 0 0 0 0 0 0 0 0 0 0 0 0 0 0 0 0 0 0 0 0 0 0 0 0 0 0 0 0 0 0 0 0 0 0 0 0 0 0 0 0 0 0 0 0 0 0 0 0 0 0 0 0 0 0 0 0 0 0 0 0 0 0 0 0 0 0 0 0 0 0 0 0 0 0 0 0 0 0 0 0 0 0 0 0 0 0 0 0 0 0 0 0 0 0 0 0 0 0 0 0 0 0 0 0 0 0 0 0 0 0 0 0 0 0 0 0 0 0 0 0 0 0 0 0 0 0 0 0 0 0 0 0 0 0 0 0 0 0 0 0 0 0 0 0 0 0 0 0 0 0 0 0 0 0 0 0 0 0 0 0 0 0 0 0 0 0 0 0 0 0 0 0 0 0 0 0 0 0 0 0 0 0 0 0 0 0 0 0 0 0 0 0 0 0 0 0 0 0 0 0 0 0 0 0 0 0 0 0 0 0 0 0 0 0 0 0 0 0 0 0 0 0 0 0 0 0 0 0 0 0 0 0 0 0 0 0 0 0 0 0 0 0 0 0 0 0 0 0 0 0 0 0 0 0 0 0 0 0 0 0 0 0 0 0 0 0 0 0 0 0 0 0 0 0 0 0 0 0 0 0 0 0 0 0 0 0 0 0 0 0 0 0 0 0 0 0 0 0 0 0 0 0 0 0 0 0 0 0 0 0 0 0 0 0 0
 0 0 0 0 0 0 0 0 0 0 0 0 0 0 0 0 0 0 0 0 0 0 0 0 0 0 0 0 0 0 0 0 0 0 0 0 0 0 0 0 0 0 0 0 0 0 0 0 0 0 0 0 0 0 0 0 0 0 0 0 0 0 0 0 0 0 0 0 0 0 0 0 0 0 0 0 0 0 0 0 0 0 0 0 0 0 0 0 0 0 0 0 0 0 0 0 0 0 0 0 0 0 0 0 0 0 0 0 0 0 0 0 0 0 0 0 0 0 0 0 0 0 0 0 0 0 0 0 0 0 0 0 0 0 0 0 0 0 0 0 0 0 0 0 0 0 0 0 0 0 0 0 0 0 0 0 0 0 0 0 0 0 0 0 0 0 0 0 0 0 0 0 0 0 0 0 0 0 0 0 0 0 0 0 0 0 0 0 0 0 0 0 0 0 0 0 0 0 0 0 0 0 0 0 0 0 0 0 0 0 0 0 0 0 0 0 0 0 0 0 0 0 0 0 0 0 0 0 0 0 0 0 0 0 0 0 0 0 0 0 0 0 0 0 0 0 0 0 0 0 0 0 0 0 0 0 0 0 0 0 0 0 0 0 0 0 0 0 0 0 0 0 0 0 0 0 0 0 0 0 0 0 0 0 0 0 0 0 0 0 0 0 0 0 0 0 0 0 0 0 0 0 0 0 0 0 0 0 0 0 0 0 0 0 0 0 0 0 0 0 0 0 0 0 0 0 0 0 0 0 0 0 0 0 0 0 0 0 0 0 0 0 0 0 0 0 0 0 0 0 0 0 0 0 0 0 0 0 0 0 0 0 0 0 0 0 0 0 0 0 0 0 0 0 0 0 0 0 0 0 0 0 0 0 0 0 0 0 0 0 0 0 0 0 0 0 0 0 0 0 0 0 0 0 0 0 0 0 0 0 0 0 0 0 0 0 0 0 0 0 0 0 0 0 0 0 0 0 0 0 0 0 0 0 0 0 0 0 0 0 0 0 0 0 0 0 0 0 0 0 0 0 0 0 0 0 0 0 0 0 0 0 0 0 0 0 0 0 0 0 0 0 0 0 0 0 0 0 0 0 0 0 0 0 0 0 0 0 0 0 0 0 0 0 0 0 0 0 0 0 0 0 0 0 0 0 0 0 0 0 0 0 0 0 0 0 0 0 0 0 0 0 0 0 0 0 0 0 0 0 0 0 0 0 0 0 0 0 0 0 0 0 0 0 0 0 0 0 0 0 0 0 0 0 0 0 0 0 0 0 0 0 0 0 0 0 0 0 0 0 0 0 0 0 0 0 0 0 0 0 0 0 0 0 0 0 0 0 0 0 0 0 0 0 0 0 0 0 0 0
 0 0 0 0 0 0 0 0 0 0 0 0 0 0 0 0 0 0 0 0 0 0 0 0 0 0 0 0 0 0 0 0 0 0 0 0 0 0 0 0 0 0 0 0 0 0 0 0 0 0 0 0 0 0 0 0 0 0 0 0 0 0 0 0 0 0 0 0 0 0 0 0 0 0 0 0 0 0 0 0 0 0 0 0 0 0 0 0 0 0 0 0 0 0 0 0 0 0 0 0 0 0 0 0 0 0 0 0 0 0 0 0 0 0 0 0 0 0 0 0 0 0 0 0 0 0 0 0 0 0 0 0 0 0 0 0 0 0 0 0 0 0 0 0 0 0 0 0 0 0 0 0 0 0 0 0 0 0 0 0 0 0 0 0 0 0 0 0 0 0 0 0 0 0 0 0 0 0 0 0 0 0 0 0 0 0 0 0 0 0 0 0 0 0 0 0 0 0 0 0 0 0 0 0 0 0 0 0 0 0 0 0 0 0 0 0 0 0 0 0 0 0 0 0 0 0 0 0 0 0 0 0 0 0 0 0 0 0 0 0 0 0 0 0 0 0 0 0 0 0 0 0 0 0 0 0 0 0 0 0 0 0 0 0 0 0 0 0 0 0 0 0 0 0 0 0 0 0 0 0 0 0 0 0 0 0 0 0 0 0 0 0 0 0 0 0 0 0 0 0 0 0 0 0 0 0 0 0 0 0 0 0 0 0 0 0 0 0 0 0 0 0 0 0 0 0 0 0 0 0 0 0 0 0 0 0 0 0 0 0 0 0 0 0 0 0 0 0 0 0 0 0 0 0 0 0 0 0 0 0 0 0 0 0 0 0 0 0 0 0 0 0 0 0 0 0 0 0 0 0 0 0 0 0 0 0 0 0 0 0 0 0 0 0 0 0 0 0 0 0 0 0 0 0 0 0 0 0 0 0 0 0 0 0 0 0 0 0 0 0 0 0 0 0 0 0 0 0 0 0 0 0 0 0 0 0 0 0 0 0 0 0 0 0 0 0 0 0 0 0 0 0 0 0 0 0 0 0 0 0 0 0 0 0 0 0 0 0 0 0 0 0 0 0 0 0 0 0 0 0 0 0 0 0 0 0 0 0 0 0 0 0 0 0 0 0 0 0 0 0 0 0 0 0 0 0 0 0 0 0 0 0 0 0 0 0 0 0 0 0 0 0 0 0 0 0 0 0 0 0 0 0 0 0 0 0 0 0 0 0 0 0 0 0 0 0 0 0 0 0 0 0 0 0 0 0 0 0 0 0 0 0 0 0 0 0 0 0 0 0 0 0 0 0 0 0 0 0 0 0 0 0 0 0 0 0 0 0 0 0 0 0 0 0 0 0 0 0 0 0
 0 0 0 0 0 0 0 0 0 0 0 0 0 0 0 0 0 0 0 0 0 0 0 0 0 0 0 0 0 0 0 0 0 0 0 0 0 0 0 0 0 0 0 0 0 0 0 0 0 0 0 0 0 0 0 0 0 0 0 0 0 0 0 0 0 0 0 0 0 0 0 0 0 0 0 0 0 0 0 0 0 0 0 0 0 0 0 0 0 0 0 0 0 0 0 0 0 0 0 0 0 0 0 0 0 0 0 0 0 0 0 0 0 0 0 0 0 0 0 0 0 0 0 0 0 0 0 0 0 0 0 0 0 0 0 0 0 0 0 0 0 0 0 0 0 0 0 0 0 0 0 0 0 0 0 0 0 0 0 0 0 0 0 0 0 0 0 0 0 0 0 0 0 0 0 0 0 0 0 0 0 0 0 0 0 0 0 0 0 0 0 0 0 0 0 0 0 0 0 0 0 0 0 0 0 0 0 0 0 0 0 0 0 0 0 0 0 0 0 0 0 0 0 0 0 0 0 0 0 0 0 0 0 0 0 0 0 0 0 0 0 0 0 0 0 0 0 0 0 0 0 0 0 0 0 0 0 0 0 0 0 0 0 0 0 0 0 0 0 0 0 0 0 0 0 0 0 0 0 0 0 0 0 0 0 0 0 0 0 0 0 0 0 0 0 0 0 0 0 0 0 0 0 0 0 0 0 0 0 0 0.0001374257553834468 0.001208505709655583 0.003366893157362938 0.006743614561855793 0.01155736763030291 0.0178379975259304 0.02560296654701233 0.03472981601953506 0.04502018913626671 0.05643116682767868 0.06892286241054535 0.08257030695676804 0.09743788838386536 0.1134366393089294 0.1304780840873718 0.1484424918889999 0.1671655476093292 0.1865634024143219 0.2066262811422348 0.2273379415273666 0.2487376630306244 0.2708706855773926 0.2937690615653992 0.3174466192722321 0.3417900800704956 0.3634854555130005 0.3797366619110107 0.3886363506317139 0.3890421688556671 0.3800978660583496 0.3611118793487549 0.3430562913417816 0.3259034752845764 0.3096083104610443 0.294127881526947 0.279421478509903 0.2654504179954529 0.252177894115448 0.2395689934492111 0.2275905460119247 0.2162110209465027 0.2054004669189453 0.1951304376125336 0.185373917222023 0.1761052161455154 0.1672999560832977 0.1589349508285522 0.1509882062673569 0.1434388011693954 0.1362668573856354 0.1294535100460052 0.1229808330535889 0.1168317943811417 0.1109902039170265 0.105440691113472 0.1001686602830887 0.09516023099422455 0.09040221571922302 0.08588210493326187 0.08158800005912781 0.0775085985660553 0.07363317161798477 0.06995151191949844 0.06645393371582031 0.06313123553991318 0.05997467413544655 0.05697594210505486 0.05412714555859566 0.05142078921198845 0.04884975031018257 0.04640726372599602 0.04408689960837364 0.04188255593180656 0.03978842869400978 0.03779900819063187 0.03590905666351318 0.03411360457539558 0.03240792453289032 0.03078752756118774 0.02924815192818642 0.02778574451804161 0.02639645710587502 0.02507663518190384 0.02382280305027962 0.02263166382908821 0.02150008082389832 0.02042507752776146 0.01940382272005081 0.01843363232910633 0.01751195080578327 0.01663635298609734 0.01580453477799892 0.01501430757343769 0.01426359266042709 0.01355041284114122 0.01287289243191481 0.01222924795001745 0.01161778531968594 0.0110368961468339 0.01048505119979382 0.009960798546671867 0.009462758898735046 0.008989620953798294 0.00854013953357935 0.008113132789731026 0.007707476150244474 0.007322102319449186 0.006955997087061405 0.006608197465538979 0.006277787499129772 0.00596389826387167 0.0056657032109797 0.005382418166846037 0.005113297142088413 0.004857632331550121 0.004614750854671001 0.00438401335850358 0.004164812620729208 0.003956572152674198 0.003758743638172746 0.003570806467905641 0.003392266109585762 0.003222652710974216 0.003061520168557763 0.002908444264903665 0.002763021970167756 0.002624870976433158 0.002493627369403839 0.002368946094065905 0.002250498859211802 0.00213797390460968 0.002031075302511454 0.001929521560668945 0.001833045505918562 0.0017413932364434 0.001654323539696634 0.001571607310324907 0.001493026968091726 0.001418375642970204 0.001347456825897098 0.001280084019526839 0.001216079806908965 0.001155275851488113 0.001097512082196772 0.001042636460624635 0.0009905046317726374 0.0009409794001840055 0.0008939304389059544 0.000849233940243721 0.0008067722665145993 0.0007664336590096354 0.0007281119469553232 0.0006917063728906214 0.0006571210687980056 0.000624264997895807 0.0005930517218075693 0.0005633991095237434 0.0005352291627787054 0.0005084677250124514 0.0004830443358514458 0.0004588921146932989 0.0004359474987722933 0.0004141501267440617 0.0003934426349587739 0.0003737705119419843 0.0003550819819793105 0.0003373278887011111 0.0003204614913556725 0.0003044384066015482 0.0002892164920922369 0.0002747556718531996 0.000261017878074199 0.0002479669929016382 0.0002355686447117478 0.0002237902081105858 0.0002126007020706311 0.0002019706735154614 0.0001918721391120926 0.0001822785270633176 0.0001731646043481305 0.0001645063748583198 0.0001562810502946377 0.0001484669919591397 0.0001410436379956082 0.0001339914597338066 0.0001272918889299035 0.0001209272959385999 0.0001148809315054677 0.000109136883111205 0.0001036800385918468 9.849603520706296e-05 9.357123053632677e-05 8.889266609912738e-05 8.444803097518161e-05 8.022563270060346e-05 7.621435361215845e-05 7.240363629534841e-05 6.878345448058099e-05 6.534428393933922e-05 6.207707338035107e-05 5.897321898373775e-05 5.602455712505616e-05 5.322332799551077e-05 5.056216105003841e-05 4.803405317943543e-05 4.563235052046366e-05 4.335073390393518e-05 4.118319702683948e-05 3.912403553840704e-05 3.716783248819411e-05 3.530944013618864e-05 3.354396903887391e-05 3.186676985933445e-05 3.027343154826667e-05 2.875975951610599e-05 2.732177199504804e-05 2.595568366814405e-05 2.465790021233261e-05 2.342500556551386e-05 2.225375465059187e-05 2.114106609951705e-05 2.008401315833908e-05 1.907981277327053e-05 1.812582195270807e-05 1.721953049127478e-05 1.635855369386263e-05 1.55406269186642e-05 1.476359557273099e-05 1.402541602146812e-05 1.332414558419259e-05 1.265793798665982e-05 1.202504063257948e-05 1.142378823715262e-05 1.085259918909287e-05 1.030996918416349e-05 9.794470315682702e-06 9.304746527050156e-06 8.839509064273443e-06 8.397533747483976e-06 7.977657332958188e-06 7.578774329886073e-06 7.199835636129137e-06 6.839843990746886e-06 6.497851700260071e-06 6.17295927440864e-06 5.864311333425576e-06 5.571095698542194e-06 5.292541118251393e-06 5.027914085076191e-06 4.776518380822381e-06 4.537692348094424e-06 4.310807526053395e-06 4.095267286174931e-06 3.890504103765124e-06 3.695978875839501e-06 3.511180011628312e-06 3.33562093146611e-06 3.168839839418069e-06 3.010397904290585e-06 2.859877895389218e-06 2.716883955145022e-06 2.581039780125138e-06 2.451987711538095e-06 2.329388280486455e-06 2.212918843724765e-06 2.102272901538527e-06 1.997159188249498e-06 1.897301217468339e-06 1.802436145226238e-06 1.712314315227559e-06 1.626698576728813e-06 1.545363602417638e-06 1.468095433665439e-06 1.394690684719535e-06 1.324956201642635e-06 1.25870838019182e-06 1.195772938444861e-06 1.135984348366037e-06 1.079185153685103e-06 1.025225856210454e-06 9.739645747686154e-07 9.252663630832103e-07 8.790030392447079e-07 8.350529014933272e-07 7.933002734716865e-07 7.536352768511279e-07 7.159534902712039e-07 6.801558356528403e-07 6.461480666075659e-07 6.138406547506747e-07
 0 0 0 0 0 0 0 0 0 0 0 0 0 0 0 0 0 0 0 0 0 0 0 0 0 0 0 0 0 0 0 0 0 0 0 0 0 0 0 0 0 0 0 0 0 0 0 0 0 0 0 0 0 0 0 0 0 0 0 0 0 0 0 0 0 0 0 0 0 0 0 0 0 0 0 0 0 0 0 0 0 0 0 0 0 0 0 0 0 0 0 0 0 0 0 0 0 0 0 0 0 0 0 0 0 0 0 0 0 0 0 0 0 0 0 0 0 0 0 0 0 0 0 0 0 0 0 0 0 0 0 0 0 0 0 0 0 0 0 0 0 0 0 0 0 0 0 0 0 0 0 0 0 0 0 0 0 0 0 0 0 0 0 0 0 0 0 0 0 0 0 0 0 0 0 0 0 0 0 0 0 0 0 0 0 0 0 0 0 0 0 0 0 0 0 0 0 0 0 0 0 0 0 0 0 0 0 0 0 0 0 0 0 0 0 0 0 0 0 0 0 0 0 0 0 0 0 0 0 0 0 0 0 0 0 0 0 0 0 0 0 0 0 0 0 0 0 0 0 0 0 0 0 0 0 0 0 0 0 0 0 0 0 0 0 0 0 0 0 0 0 0 0 0 0 0 0 0 0 0 0 0 0 0 0 0 0 0 0 0 0 0 0 0 0 0 0 0 0 0 0 0 0 0 0 0 0 0 0 0 0 0 0 0 0 0 0 0 0 0 0 0 0 0 0 0 0 0 0 0 0 0 0 0 0 0 0 0 0 0 0 0 0 0 0 0 0 0 0 0 0 0 0 0 0 0 0 0 0 0 0 0 0 0 0 0 0 0 0 0 0 0 0 0 0 0 0 0 0 0 0 0 0 0 0 0 0 0 0 0 0 0 0 0 0 0 0 0 0 0 0 0 0 0 0 0 0 0 0 0 0 0 0 0 0 0 0 0 0 0 0 0 0 0 0 0 0 0 0 0 0 0 0 0 0 0 0 0 0 0 0 0 0 0 0 0 0 0 0 0 0 0 0 0 0 0 0 0 0 0 0 0 0 0 0 0 0 0 0 0 0 0 0 0 0 0 0 0 0 0 0 0 0 0 0 0 0 0 0 0 0 0 0 0 0 0 0 0 0 0 0 0 0 0 0 0 0 0 0 0 0 0 0 0 0 0 0 0 0 0 0 0 0 0 0 0 0 0 0 0 0 0 0 0 0 0 0 0 0 0 0 0 0 0 0 0 0 0 0 0 0 0 0 0 0 0 0 0 0 0 0 0 0 0 0 0 0 0 0 0 0 0 0 0 0 0 0 0 0 0 0 0 0 0 0 0 0 0 0 0 0 0 0 0 0 0 0 0 0 0
 0 0 0 0 0 0 0 0 0 0 0 0 0 0 0 0 0 0 0 0 0 0 0 0 0 0 0 0 0 0 0 0 0 0 0 0 0 0 0 0 0 0 0 0 0 0 0 0 0 0 0 0 0 0 0 0 0 0 0 0 0 0 0 0 0 0 0 0 0 0 0 0 0 0 0 0 0 0 0 0 0 0 0 0 0 0 0 0 0 0 0 0 0 0 0 0 0 0 0 0 0 0 0 0 0 0 0 0 0 0 0 0 0 0 0 0 0 0 0 0 0 0 0 0 0 0 0 0 0 0 0 0 0 0 0 0 0 0 0 0 0 0 0 0 0 0 0 0 0 0 0 0 0 0 0 0 0 0 0 0 0 0 0 0 0 0 0 0 0 0 0 0 0 0 0 0 0 0 0 0 0 0 0 0 0 0 0 0 0 0 0 0 0 0 0 0 0 0 0 0 0 0 0 0 0 0 0 0 0 0 0 0 0 0 0 0 0 0 0 0 0 0 0 0 0 0 0 0 0 0 0 0 0 0 0 0 0 0 0 0 0 0 0 0 0 0 0 0 0 0 0 0 0 0 0 0 0 0 0 0 0 0 0 0 0 0 0 0 0 0 0 0 0 0 0 0 0 0 0 0 0 0 0 0 0 0 0 0 0 0 0 0 0 0 0 0 0 0 0 0 0 0 0 0 0 0 0 0 0 0 0 0 0 0 0 0 0 0 0 0 0 0 0 0 0 0 0 0 0 0 0 0 0 0 0 0 0 0 0 0 0 0 0 0 0 0 0 0 0 0 0 0 0 0 0 0 0 0 0 0 0 0 0 0 0 0 0 0 0 0 0 0 0 0 0 0 0 0 0 0 0 0 0 0 0 0 0 0 0 0 0 0 0 0 0 0 0 0 0 0 0 0 0 0 0 0 0 0 0 0 0 0 0 0 0 0 0 0 0 0 0 0 0 0 0 0 0 0 0 0 0 0 0 0 0 0 0 0 0 0 0 0 0 0 0 0 0 0 0 0 0 0 0 0 0 0 0 0 0 0 0 0 0 0 0 0 0 0 0 0 0 0 0 0 0 0 0 0 0 0 0 0 0 0 0 0 0 0 0 0 0 0 0 0 0 0 0 0 0 0 0 0 0 0 0 0 0 0 0 0 0 0 0 0 0 0 0 0 0 0 0 0 0 0 0 0 0 0 0 0 0 0 0 0 0 0 0 0 0 0 0 0 0 0 0 0 0 0 0 0 0 0 0 0 0 0 0 0 0 0 0 0 0 0 0 0 0 0 0 0 0 0 0 0 0 0 0 0 0 0 0 0 0 0 0 0 0 0 0 0 0 0 0 0 0 0 0 0 0 0
 0 0 0 0 0 0 0 0 0 0 0 0 0 0 0 0 0 0 0 0 0 0 0 0 0 0 0 0 0 0 0 0 0 0 0 0 0 0 0 0 0 0 0 0 0 0 0 0 0 0 0 0 0 0 0 0 0 0 0 0 0 0 0 0 0 0 0 0 0 0 0 0 0 0 0 0 0 0 0 0 0 0 0 0 0 0 0 0 0 0 0 0 0 0 0 0 0 0 0 0 0 0 0 0 0 0 0 0 0 0 0 0 0 0 0 0 0 0 0 0 0 0 0 0 0 0 0 0 0 0 0 0 0 0 0 0 0 0 0 0 0 0 0 0 0 0 0 0 0 0 0 0 0 0 0 0 0 0 0 0 0 0 0 0 0 0 0 0 0 0 0 0 0 0 0 0 0 0 0 0 0 0 0 0 0 0 0 0 0 0 0 0 0 0 0 0 0 0 0 0 0 0 0 0 0 0 0 0 0 0 0 0 0 0 0 0 0 0 0 0 0 0 0 0 0 0 0 0 0 0 0 0 0 0 0 0 0 0 0 0 0 0 0 0 0 0 0 0 0 0 0 0 0 0 0 0 0 0 0 0 0 0 0 0 0 0 0 0 0 0 0 0 0 0 0 0 0 0 0 0 0 0 0 0 0 0 0 0 0 0 0 0 0 0 0 0 0 0 0 0 0 0 0 0 0 0 0 0 0 0 0 0 0 0 0 0 0 0 0 0 0 0 0 0 0 0 0 0 0 0 0 0 0 0 0 0 0 0 0 0 0 0 0 0 0 0 0 0 0 0 0 0 0 0 0 0 0 0 0 0 0 0 0 0 0 0 0 0 0 0 0 0 0 0 0 0 0 0 0 0 0 0 0 0 0 0 0 0 0 0 0 0 0 0 0 0 0 0 0 0 0 0 0 0 0 0 0 0 0 0 0 0 0 0 0 0 0 0 0 0 0 0 0 0 0 0 0 0 0 0 0 0 0 0 0 0 0 0 0 0 0 0 0 0 0 0 0 0 0 0 0 0 0 0 0 0 0 0 0 0 0 0 0 0 0 0 0 0 0 0 0 0 0 0 0 0 0 0 0 0 0 0 0 0 0 0 0 0 0 0 0 0 0 0 0 0 0 0 0 0 0 0 0 0 0 0 0 0 0 0 0 0 0 0 0 0 0 0 0 0 0 0 0 0 0 0 0 0 0 0 0 0 0 0 0 0 0 0 0 0 0 0 0 0 0 0 0 0 0 0 0 0 0 0 0 0 0 0 0 0 0 0 0 0 0 0 0 0 0 0 0 0 0 0 0 0 0 0 0 0 0 0 0 0 0 0 0 0 0 0 0 0 0 0 0 0 0 0 0 0
 0 0 0 0 0 0 0 0 0 0 0 0 0 0 0 0 0 0 0 0 0 0 0 0 0 0 0 0 0 0 0 0 0 0 0 0 0 0 0 0 0 0 0 0 0 0 0 0 0 0 0 0 0 0 0 0 0 0 0 0 0 0 0 0 0 0 0 0 0 0 0 0 0 0 0 0 0 0 0 0 0 0 0 0 0 0 0 0 0 0 0 0 0 0 0 0 0 0 0 0 0 0 0 0 0 0 0 0 0 0 0 0 0 0 0 0 0 0 0 0 0 0 0 0 0 0 0 0 0 0 0 0 0 0 0 0 0 0 0 0 0 0 0 0 0 0 0 0 0 0 0 0 0 0 0 0 0 0 0 0 0 0 0 0 0 0 0 0 0 0 0 0 0 0 0 0 0 0 0 0 0 0 0 0 0 0 0 0 0 0 0 0 0 0 0 0 0 0 0 0 0 0 0 0 0 0 0 0 0 0 0 0 0 0 0 0 0 0 0 0 0 0 0 0 0 0 0 0 0 0 0 0 0 0 0 0 0 0 0 0 0 0 0 0 0 0 0 0 0 0 0 0 0 0 0 0 0 0 0 0 0 0 0 0 0 0 0 0 0 0 0 0 0 0 0 0 0 0 0 0 0 0 0 0 0 0 0 0 0 0 0 0 0 0 0 0 0 0 0 0 0 0 0 0 0 0 0 0 0 0 0 0 0.000746732868719846 0.002500451635569334 0.005448196548968554 0.009760010987520218 0.01555128209292889 0.02278582751750946 0.03131262585520744 0.04105406999588013 0.05187404900789261 0.06372993439435959 0.07664525508880615 0.09071964770555496 0.1059259846806526 0.1222574487328529 0.1395166665315628 0.1575861424207687 0.1763130575418472 0.1955510228872299 0.215378612279892 0.2358334958553314 0.2569765448570251 0.2789095342159271 0.3015621304512024 0.3250108659267426 0.3471996486186981 0.3650051355361938 0.3763039708137512 0.3798494338989258 0.3745454251766205 0.3596652746200562 0.3416820168495178 0.3245979249477386 0.3083680272102356 0.2929496169090271 0.2783021330833435 0.2643870115280151 0.2511676549911499 0.2386092692613602 0.226678803563118 0.2153448611497879 0.204577624797821 0.1943487375974655 0.1846313029527664 0.1753997355699539 0.166629746556282 0.1582982540130615 0.1503833383321762 0.1428641676902771 0.1357209533452988 0.1289349049329758 0.1224881559610367 0.1163637489080429 0.1105455607175827 0.1050182804465294 0.09976736456155777 0.09477899968624115 0.09004005044698715 0.08553804457187653 0.08126114308834076 0.0771980881690979 0.07333818078041077 0.06967127323150635 0.06618770956993103 0.0628783255815506 0.05973440781235695 0.0567476861178875 0.05391030013561249 0.0512147843837738 0.04865404590964317 0.04622134193778038 0.04391027614474297 0.04171476140618324 0.0396290235221386 0.03764757141470909 0.03576519340276718 0.03397693485021591 0.03227808699011803 0.03066418319940567 0.02913097478449345 0.02767442539334297 0.02629070356488228 0.02497616782784462 0.02372735925018787 0.0225409921258688 0.02141394279897213 0.0203432459384203 0.01932608336210251 0.01835977844893932 0.01744178868830204 0.01656970009207726 0.01574121415615082 0.01495415344834328 0.01420644577592611 0.01349612325429916 0.01282131671905518 0.01218025106936693 0.01157123874872923 0.01099267695099115 0.01044304296374321 0.00992089044302702 0.009424845688045025 0.008953602984547615 0.008505922742187977 0.008080626837909222 0.007676595356315374 0.007292765658348799 0.006928127259016037 0.006581720896065235 0.006252634804695845 0.005940002854913473 0.005643002688884735 0.005360852461308241 0.005092809908092022 0.004838169552385807 0.00459626130759716 0.004366448149085045 0.004148125648498535 0.003940719179809093 0.003743683220818639 0.00355649902485311 0.00337867415510118 0.00320974038913846 0.003049253486096859 0.002896790858358145 0.002751951338723302 0.002614353783428669 0.002483636140823364 0.002359454287216067 0.002241481561213732 0.002129407599568367 0.00202293717302382 0.001921790302731097 0.001825700746849179 0.001734415767714381 0.00164769496768713 0.001565310172736645 0.001487044617533684 0.001412692363373935 0.001342057716101408 0.001274954876862466 0.001211207127198577 0.001150646712630987 0.001093114376999438 0.001038458663970232 0.0009865356842055917 0.0009372088825330138 0.0008903484558686614 0.0008458310039713979 0.0008035394712351263 0.0007633625064045191 0.0007251944043673575 0.0006889346987009048 0.000654487987048924 0.0006217635818757117 0.000590675394050777 0.0005611416418105364 0.0005330845597200096 0.0005064303404651582 0.0004811088147107512 0.000457053363788873 0.0004342006868682802 0.0004124906554352492 0.000391866109566763 0.0003722727997228503 0.0003536591539159417 0.0003359761903993785 0.0003191773721482605 0.0003032184904441237 0.0002880575775634497 0.0002736547030508518 0.0002599719737190753 0.0002469733881298453 0.0002346247201785445 0.0002228934899903834 0.0002117488184012473 0.000201161383301951 0.0001911033177748322 0.0001815481518860906 0.0001724707399262115 0.0001638472022023052 0.0001556548377266154 0.0001478720951126888 0.0001404784852638841 0.000133454566821456 0.0001267818443011492 0.0001204427535412833 0.0001144206180470064 0.0001086995907826349 0.0001032646105159074 9.810137999011204e-05 9.319630771642551e-05 8.853649342199787e-05 8.410966984229162e-05 7.990418816916645e-05 7.590898167109117e-05 7.211352931335568e-05 6.850785575807095e-05 6.508246588055044e-05 6.182834476931021e-05 5.873692862223834e-05 5.580008291872218e-05 5.301008059177548e-05 5.03595765621867e-05 4.784159682458267e-05 4.544951661955565e-05 4.317704224376939e-05 4.101818922208622e-05 3.896727866958827e-05 3.701891546370462e-05 3.516797005431727e-05 3.340957118780352e-05 3.173909135512076e-05 3.015213587787002e-05 2.864452835638076e-05 2.721230157476384e-05 2.585168658697512e-05 2.455910180287901e-05 2.333114753128029e-05 2.216458960901946e-05 2.105635940097272e-05 2.000354106712621e-05 1.900336428661831e-05 1.805319698178209e-05 1.715053804218769e-05 1.629301186767407e-05 1.547836109239142e-05 1.470444294682238e-05 1.396922107232967e-05 1.327076006418793e-05 1.260722183360485e-05 1.197686106024776e-05 1.13780179162859e-05 1.080911715689581e-05 1.026866084430367e-05 9.755227438290603e-06 9.267466339224484e-06 8.804093340586405e-06 8.36388880998129e-06 7.94569405115908e-06 7.548409485025331e-06 7.170989192673005e-06 6.812439551140415e-06 6.471817414421821e-06 6.148226475488627e-06 5.840814992552623e-06 5.548774424823932e-06 5.271335794532206e-06 5.00776877743192e-06 4.757380338560324e-06 4.519511094258633e-06 4.293535312172025e-06 4.078858637512894e-06 3.874915819324087e-06 3.681170028357883e-06 3.497111492833938e-06 3.322255906823557e-06 3.156143066007644e-06 2.998335958181997e-06 2.848419171641581e-06 2.705998213059502e-06 2.570698370618629e-06 2.442163349769544e-06 2.320055273230537e-06 2.204052407250856e-06 2.093849843731732e-06 1.989157453863299e-06 1.889699547064083e-06 1.795214529920486e-06 1.70545376931841e-06 1.620181137695909e-06 1.539172103548481e-06 1.462213504055399e-06 1.38910286295868e-06 1.319647708442062e-06 1.253665345757327e-06 1.190982061416435e-06 1.13143300950469e-06 1.074861302186036e-06 1.021118237076735e-06 9.70062274063821e-07 9.215591489919461e-07 8.754811915423488e-07 8.317071547025989e-07 7.901218168626656e-07 7.506157544412417e-07 7.130849439818121e-07 6.774307053092343e-07 6.435591899389692e-07
 0 0 0 0 0 0 0 0 0 0 0 0 0 0 0 0 0 0 0 0 0 0 0 0 0 0 0 0 0 0 0 0 0 0 0 0 0 0 0 0 0 0 0 0 0 0 0 0 0 0 0 0 0 0 0 0 0 0 0 0 0 0 0 0 0 0 0 0 0 0 0 0 0 0 0 0 0 0 0 0 0 0 0 0 0 0 0 0 0 0 0 0 0 0 0 0 0 0 0 0 0 0 0 0 0 0 0 0 0 0 0 0 0 0 0 0 0 0 0 0 0 0 0 0 0 0 0 0 0 0 0 0 0 0 0 0 0 0 0 0 0 0 0 0 0 0 0 0 0 0 0 0 0 0 0 0 0 0 0 0 0 0 0 0 0 0 0 0 0 0 0 0 0 0 0 0 0 0 0 0 0 0 0 0 0 0 0 0 0 0 0 0 0 0 0 0 0 0 0 0 0 0 0 0 0 0 0 0 0 0 0 0 0 0 0 0 0 0 0 0 0 0 0 0 0 0 0 0 0 0 0 0 0 0 0 0 0 0 0 0 0 0 0 0 0 0 0 0 0 0 0 0 0 0 0 0 0 0 0 0 0 0 0 0 0 0 0 0 0 0 0 0 0 0 0 0 0 0 0 0 0 0 0 0 0 0 0 0 0 0 0 0 0 0 0 0 0 0 0 0 0 0 0 0 0 0 0 0 0 0 0 0 0 0 0 0 0 0 0 0 0 0 0 0 0 0 0 0 0 0 0 0 0 0 0 0 0 0 0 0 0 0 0 0 0 0 0 0 0 0 0 0 0 0 0 0 0 0 0 0 0 0 0 0 0 0 0 0 0 0 0 0 0 0 0 0 0 0 0 0 0 0 0 0 0 0 0 0 0 0 0 0 0 0 0 0 0 0 0 0 0 0 0 0 0 0 0 0 0 0 0 0 0 0 0 0 0 0 0 0 0 0 0 0 0 0 0 0 0 0 0 0 0 0 0 0 0 0 0 0 0 0 0 0 0 0 0 0 0 0 0 0 0 0 0 0 0 0 0 0 0 0 0 0 0 0 0 0 0 0 0 0 0 0 0 0 0 0 0 0 0 0 0 0 0 0 0 0 0 0 0 0 0 0 0 0 0 0 0 0 0 0 0 0 0 0 0 0 0 0 0 0 0 0 0 0 0 0 0 0 0 0 0 0 0 0 0 0 0 0 0 0 0 0 0 0 0 0 0 0 0 0 0 0 0 0 0 0 0 0 0 0 0 0 0 0 0 0 0 0 0 0 0 0 0 0 0 0 0 0 0 0 0 0 0 0 0 0 0 0 0 0 0 0 0 0 0 0 0 0 0 0 0 0 0 0 0 0 0 0
 0 0 0 0 0 0 0 0 0 0 0 0 0 0 0 0 0 0 0 0 0 0 0 0 0 0 0 0 0 0 0 0 0 0 0 0 0 0 0 0 0 0 0 0 0 0 0 0 0 0 0 0 0 0 0 0 0 0 0 0 0 0 0 0 0 0 0 0 0 0 0 0 0 0 0 0 0 0 0 0 0 0 0 0 0 0 0 0 0 0 0 0 0 0 0 0 0 0 0 0 0 0 0 0 0 0 0 0 0 0 0 0 0 0 0 0 0 0 0 0 0 0 0 0 0 0 0 0 0 0 0 0 0 0 0 0 0 0 0 0 0 0 0 0 0 0 0 0 0 0 0 0 0 0 0 0 0 0 0 0 0 0 0 0 0 0 0 0 0 0 0 0 0 0 0 0 0 0 0 0 0 0 0 0 0 0 0 0 0 0 0 0 0 0 0 0 0 0 0 0 0 0 0 0 0 0 0 0 0 0 0 0 0 0 0 0 0 0 0 0 0 0 0 0 0 0 0 0 0 0 0 0 0 0 0 0 0 0 0 0 0 0 0 0 0 0 0 0 0 0 0 0 0 0 0 0 0 0 0 0 0 0 0 0 0 0 0 0 0 0 0 0 0 0 0 0 0 0 0 0 0 0 0 0 0 0 0 0 0 0 0 0 0 0 0 0 0 0 0 0 0 0 0 0 0 0 0 0 0 0 0 0 0 0 0 0 0 0 0 0 0 0 0 0 0 0 0 0 0 0 0 0 0 0 0 0 0 0 0 0 0 0 0 0 0 0 0 0 0 0 0 0 0 0 0 0 0 0 0 0 0 0 0 0 0 0 0 0 0 0 0 0 0 0 0 0 0 0 0 0 0 0 0 0 0 0 0 0 0 0 0 0 0 0 0 0 0 0 0 0 0 0 0 0 0 0 0 0 0 0 0 0 0 0 0 0 0 0 0 0 0 0 0 0 0 0 0 0 0 0 0 0 0 0 0 0 0 0 0 0 0 0 0 0 0 0 0 0 0 0 0 0 0 0 0 0 0 0 0 0 0 0 0 0 0 0 0 0 0 0 0 0 0 0 0 0 0 0 0 0 0 0 0 0 0 0 0 0 0 0 0 0 0 0 0 0 0 0 0 0 0 0 0 0 0 0 0 0 0 0 0 0 0 0 0 0 0 0 0 0 0 0 0 0 0 0 0 0 0 0 0 0 0 0 0 0 0 0 0 0 0 0 0 0 0 0 0 0 0 0 0 0 0 0 0 0 0 0 0 0 0 0 0 0 0 0 0 0 0 0 0 0 0 0 0 0 0 0 0 0 0 0 0 0 0 0 0 0 0 0 0 0 0 0 0 0 0 0 0 0


# name: r_0_m12_G0_L0p3_D0p7
# type: matrix
# rows: 1
# columns: 14
 0 -12 0.2 0 0.3 0 -10.97536666666667 0 0 0.317500744356083 0 137.6666666666667 1.032795558988644 0.7




