# Created by Octave 3.8.2, Sat Jun 17 19:48:51 2017 BST <co1ssj@node117>
# name: result
# type: scalar struct
# ndims: 2
 1 1
# length: 3
# name: params
# type: scalar struct
# ndims: 2
 1 1
# length: 18
# name: cleanup
# type: scalar
0


# name: num_runs
# type: scalar
6


# name: dopamine
# type: scalar
0.7


# name: targetCross
# type: scalar
1


# name: targetLuminance
# type: scalar
0.3


# name: targetWidthX
# type: scalar
6


# name: targetWidthY
# type: scalar
2


# name: fixCross
# type: scalar
1


# name: fixLuminance
# type: scalar
0.2


# name: fixWidthX
# type: scalar
6


# name: fixWidthY
# type: scalar
2


# name: fixOn
# type: scalar
0


# name: targetOff
# type: scalar
1


# name: targetOn
# type: scalar
0.2


# name: fixOff
# type: scalar
0.2


# name: targetThetaX
# type: scalar
0


# name: targetThetaY
# type: scalar
-8


# name: exptnum
# type: scalar
0




# name: r_0_m8_G0_L0p3_D0p7_llbn
# type: matrix
# rows: 24
# columns: 600
 0 0 0 0 0 0 0 0 0 0 0 0 0 0 0 0 0 0 0 0 0 0 0 0 0 0 0 0 0 0 0 0 0 0 0 0 0 0 0 0 0 0 0 0 0 0 0 0 0 0 0 0 0 0 0 0 0 0 0 0 0 0 0 0 0 0 0 0 0 0 0 0 0 0 0 0 0 0 0 0 0 0 0 0 0 0 0 0 0 0 0 0 0 0 0 0 0 0 0 0 0 0 0 0 0 0 0 0 0 0 0 0 0 0 0 0 0 0 0 0 0 0 0 0 0 0 0 0 0 0 0 0 0 0 0 0 0 0 0 0 0 0 0 0 0 0 0 0 0 0 0 0 0 0 0 0 0 0 0 0 0 0 0 0 0 0 0 0 0 0 0 0 0 0 0 0 0 0 0 0 0 0 0 0 0 0 0 0 0 0 0 0 0 0 0 0 0 0 0 0 0 0 0 0 0 0 0 0 0 0 0 0 0 0 0 0 0 0 0 0 0 0 0 0 0 0 0 0 0 0 0 0 0 0 0 0 0 0 0 0 0 0 0 0 0 0 0 0 0 0 0 0 0 0 0 0 0 0 0 0 0 0 0 0 0 0 0 0 0 0 0 0 0 0 0 0 0 0 0 0 0 0 0 0 0 0 0 0 0 0 0 0 0 0 0 0 0 0 0 0 0 0 0 0 0 0 0 0 0 0 0 0 0 0 0 0 0 0 0 0 0 0 0 0 0 0 0 0 0 0 0 0 0 0 0 0 0 0 0 0 0 0 0 0 0 0 0 0 0 0 0 0 0 0 0 0 0 0 0 0 0 0 0 0 0 0 0 0 0 0 0 0 0 0 0 0 0 0 0 0 0 0 0 0 0 0 0 0 0 0 0 0 0 0 0 0 0 0 0 0 0 0 0 0 0 0 0 0 0 0 0 0 0 0 0 0 0 0 0 0 0 0 0 0 0 0 0 0 0 0 0 0 0 0 0 0 0 0 0 0 0 0 0 0 0 0 0 0 0 0 0 0 0 0 0 0 0 0 0 0 0 0 0 0 0 0 0 0 0 0 0 0 0 0 0 0 0 0 0 0 0 0 0 0 0 0 0 0 0 0 0 0 0 0 0 0 0 0 0 0 0 0 0 0 0 0 0 0 0 0 0 0 0 0 0 0 0 0 0 0 0 0 0 0 0 0 0 0 0 0 0 0 0 0 0 0 0 0 0 0 0 0 0 0 0 0 0 0 0 0 0 0 0 0 0 0 0 0 0 0 0 0 0 0 0 0 0 0 0 0 0 0 0 0 0 0 0 0 0 0 0 0 0 0 0 0 0 0 0 0 0 0 0 0 0 0 0 0 0 0
 0 0 0 0 0 0 0 0 0 0 0 0 0 0 0 0 0 0 0 0 0 0 0 0 0 0 0 0 0 0 0 0 0 0 0 0 0 0 0 0 0 0 0 0 0 0 0 0 0 0 0 0 0 0 0 0 0 0 0 0 0 0 0 0 0 0 0 0 0 0 0 0 0 0 0 0 0 0 0 0 0 0 0 0 0 0 0 0 0 0 0 0 0 0 0 0 0 0 0 0 0 0 0 0 0 0 0 0 0 0 0 0 0 0 0 0 0 0 0 0 0 0 0 0 0 0 0 0 0 0 0 0 0 0 0 0 0 0 0 0 0 0 0 0 0 0 0 0 0 0 0 0 0 0 0 0 0 0 0 0 0 0 0 0 0 0 0 0 0 0 0 0 0 0 0 0 0 0 0 0 0 0 0 0 0 0 0 0 0 0 0 0 0 0 0 0 0 0 0 0 0 0 0 0 0 0 0 0 0 0 0 0 0 0 0 0 0 0 0 0 0 0 0 0 0 0 0 0 0 0 0 0 0 0 0 0 0 0 0 0 0 0 0 0 0 0 0 0 0 0 0 0 0 0 0 0 0 0 0 0 0 0 0 0 0 0 0 0 0 0 0 0 0 0 0 0 0 0 0 0 0 0 0 0 0 0 0 0 0 0 0 0 0 0 0 0 0 0 0 0 0 0 0 0 0 0 0 0 0.0001433758006896824 0.0009147227974608541 0.002264427952468395 0.004129567183554173 0.006482368335127831 0.009297855198383331 0.01255164667963982 0.0163024477660656 0.0205294955521822 0.02519363164901733 0.03022905439138412 0.03555445000529289 0.04117100313305855 0.0470866747200489 0.05330207943916321 0.05982861295342445 0.0666184201836586 0.07366365194320679 0.0809384360909462 0.08841568976640701 0.09600406885147095 0.103705145418644 0.1115526556968689 0.1195976287126541 0.1278507709503174 0.1362383216619492 0.1446747928857803 0.1531810313463211 0.1617581248283386 0.1703991740942001 0.1778121888637543 0.1825164556503296 0.1835119128227234 0.18012335896492 0.1718952804803848 0.1633005142211914 0.1551354825496674 0.1473787128925323 0.1400097757577896 0.133009284734726 0.1263588219881058 0.1200408786535263 0.1140388324856758 0.1083368882536888 0.1029200404882431 0.09777403622865677 0.0928853377699852 0.08824107050895691 0.08382901549339294 0.0796375647187233 0.07565568387508392 0.07187289744615555 0.06827925145626068 0.06486529111862183 0.06162202730774879 0.05854092538356781 0.05561387911438942 0.0528331845998764 0.05019152536988258 0.04768195003271103 0.04529785364866257 0.04303295910358429 0.04088130965828896 0.0388372428715229 0.03689537942409515 0.03505061194300652 0.03329808264970779 0.03163317963480949 0.03005152009427547 0.0285489447414875 0.02712149731814861 0.02576542273163795 0.0244771521538496 0.0232532937079668 0.02209062874317169 0.02098609693348408 0.01993679255247116 0.01893995329737663 0.01799295470118523 0.01709330640733242 0.01623864099383354 0.01542670931667089 0.01465537399053574 0.01392260566353798 0.0132264755666256 0.01256515178829432 0.01193689461797476 0.01134005002677441 0.01077304780483246 0.01023439504206181 0.009722675196826458 0.009236541576683521 0.008774714544415474 0.008335978724062443 0.007919180206954479 0.007523220963776112 0.00714705977588892 0.006789706647396088 0.006450221408158541 0.006127710454165936 0.00582132488489151 0.005530258640646935 0.005253745708614588 0.004991058260202408 0.00474150525406003 0.00450443010777235 0.004279208369553089 0.004065248183906078 0.003861985867843032 0.003668886609375477 0.00348544237203896 0.003311170265078545 0.003145611844956875 0.002988331252709031 0.00283891474828124 0.002696969080716372 0.00256212055683136 0.002434014575555921 0.002312313765287399 0.002196697983890772 0.002086863154545426 0.001982520101591945 0.001883394084870815 0.001789224334061146 0.001699763117358088 0.001614774926565588 0.001534036127850413 0.001457334263250232 0.001384467585012317 0.001315244240686297 0.001249482040293515 0.001187007990665734 0.001127657596953213 0.001071274746209383 0.001017711008898914 0.0009668254642747343 0.0009184841765090823 0.0008725599618628621 0.0008289319812320173 0.0007874853909015656 0.0007481111097149551 0.0007107055280357599 0.0006751702749170363 0.0006414117524400353 0.000609341193921864 0.0005788741400465369 0.0005499304388649762 0.000522433896549046 0.000496312219183892 0.0004714966053143144 0.0004479217750485986 0.0004255256790202111 0.0004042493819724768 0.0003840369172394276 0.0003648350830189884 0.0003465933259576559 0.000329263653839007 0.000312800460960716 0.0002971604408230633 0.0002823024115059525 0.0002681872865650803 0.0002547779295127839 0.0002420390374027193 0.0002299370826222003 0.0002184402255807072 0.0002075182128464803 0.0001971423043869436 0.0001872851862572134 0.0001779209269443527 0.0001690248755039647 0.0001605736324563622 0.0001525449479231611 0.0001449177070753649 0.0001376718282699585 0.0001307882339460775 0.0001242488215211779 0.000118036383355502 0.0001121345630963333 0.000106527833850123 0.0001012014399748296 9.614136797608808e-05 9.13343028514646e-05 8.676758443471044e-05 8.242920739576221e-05 7.830774848116562e-05 7.439235923811793e-05 7.067274418659508e-05 6.713910988764837e-05 6.378215766744688e-05 6.059305087546818e-05 5.756339669460431e-05 5.468522795126773e-05 5.195096673560329e-05 4.935341712553054e-05 4.688574699684978e-05 4.454145891941153e-05 4.231438651913777e-05 4.019866901217028e-05 3.818873665295541e-05 3.627929982030764e-05 3.446533446549438e-05 3.274206756032072e-05 3.110496254521422e-05 2.954971387225669e-05 2.807222881529015e-05 2.666861655598041e-05 2.533518636482768e-05 2.406842759228311e-05 2.286500603077002e-05 2.172175663872622e-05 2.063566898868885e-05 1.960388544830494e-05 1.862369026639499e-05 1.769250593497418e-05 1.680788045632653e-05 1.59674855240155e-05 1.516911106591579e-05 1.441065523977159e-05 1.369012261420721e-05 1.300561689276947e-05 1.235533636645414e-05 1.173756936623249e-05 1.115069062507246e-05 1.059315582097042e-05 1.006349793897243e-05 9.560322723700665e-06 9.082306860364042e-06 8.62819160829531e-06 8.19678189145634e-06 7.786942660459317e-06 7.397595709335292e-06 7.027716037555365e-06 6.676330031041289e-06 6.342513643176062e-06 6.025387847330421e-06 5.724118636862841e-06 5.437912477646023e-06 5.166016762814252e-06 4.907715720037231e-06 4.662329956772737e-06 4.42921327703516e-06 4.207752681395505e-06 3.997365183749935e-06 3.79749690182507e-06 3.607622147683287e-06 3.42724115398596e-06 3.255879164498765e-06 3.093085297223297e-06 2.938430952781346e-06 2.791509359667543e-06 2.651933982633636e-06 2.519337385820108e-06 2.393370550635154e-06 2.273701966259978e-06 2.160016947527765e-06 2.052016043307958e-06 1.949415263879928e-06 1.851944489317248e-06 1.759347242114018e-06 1.671379891377001e-06 1.587810857017757e-06 1.508420268692134e-06 1.432999283679237e-06 1.361349291073566e-06 1.293281798098178e-06 1.228617747983662e-06 1.167186837847112e-06 1.108827518692124e-06 1.053386085914099e-06 1.000716792987077e-06 9.506809419690398e-07 9.031468835019041e-07 8.579895620641764e-07 8.150900612236001e-07 7.743355467937363e-07 7.356187552431948e-07 6.988378231653769e-07 6.638959462179628e-07 6.307011517492356e-07 5.991660714244063e-07 5.692077706953569e-07 5.407474077401275e-07 5.137100629326596e-07 4.880245683125395e-07 4.636233370547416e-07 4.404421645176626e-07 4.184200577128649e-07 3.9749906477482e-07 3.776241044306516e-07 3.587429091567174e-07 3.408057693832234e-07 3.237654766508058e-07
 0 0 0 0 0 0 0 0 0 0 0 0 0 0 0 0 0 0 0 0 0 0 0 0 0 0 0 0 0 0 0 0 0 0 0 0 0 0 0 0 0 0 0 0 0 0 0 0 0 0 0 0 0 0 0 0 0 0 0 0 0 0 0 0 0 0 0 0 0 0 0 0 0 0 0 0 0 0 0 0 0 0 0 0 0 0 0 0 0 0 0 0 0 0 0 0 0 0 0 0 0 0 0 0 0 0 0 0 0 0 0 0 0 0 0 0 0 0 0 0 0 0 0 0 0 0 0 0 0 0 0 0 0 0 0 0 0 0 0 0 0 0 0 0 0 0 0 0 0 0 0 0 0 0 0 0 0 0 0 0 0 0 0 0 0 0 0 0 0 0 0 0 0 0 0 0 0 0 0 0 0 0 0 0 0 0 0 0 0 0 0 0 0 0 0 0 0 0 0 0 0 0 0 0 0 0 0 0 0 0 0 0 0 0 0 0 0 0 0 0 0 0 0 0 0 0 0 0 0 0 0 0 0 0 0 0 0 0 0 0 0 0 0 0 0 0 0 0 0 0 0 0 0 0 0 0 0 0 0 0 0 0 0 0 0 0 0 0 0 0 0 0 0 0 0 0 0 0 0 0 0 0 0 0 0 0 0 0 0 0 0 0 0 0 0 0 0 0 0 0 0 0 0 0 0 0 0 0 0 0 0 0 0 0 0 0 0 0 0 0 0 0 0 0 0 0 0 0 0 0 0 0 0 0 0 0 0 0 0 0 0 0 0 0 0 0 0 0 0 0 0 0 0 0 0 0 0 0 0 0 0 0 0 0 0 0 0 0 0 0 0 0 0 0 0 0 0 0 0 0 0 0 0 0 0 0 0 0 0 0 0 0 0 0 0 0 0 0 0 0 0 0 0 0 0 0 0 0 0 0 0 0 0 0 0 0 0 0 0 0 0 0 0 0 0 0 0 0 0 0 0 0 0 0 0 0 0 0 0 0 0 0 0 0 0 0 0 0 0 0 0 0 0 0 0 0 0 0 0 0 0 0 0 0 0 0 0 0 0 0 0 0 0 0 0 0 0 0 0 0 0 0 0 0 0 0 0 0 0 0 0 0 0 0 0 0 0 0 0 0 0 0 0 0 0 0 0 0 0 0 0 0 0 0 0 0 0 0 0 0 0 0 0 0 0 0 0 0 0 0 0 0 0 0 0 0 0 0 0 0 0 0 0 0 0 0 0 0 0 0 0 0 0 0 0 0 0 0 0 0 0 0 0 0 0 0 0 0 0 0 0 0 0 0 0 0 0 0 0 0 0 0 0 0 0 0 0 0 0 0 0 0 0 0 0 0 0 0 0 0
 0 0 0 0 0 0 0 0 0 0 0 0 0 0 0 0 0 0 0 0 0 0 0 0 0 0 0 0 0 0 0 0 0 0 0 0 0 0 0 0 0 0 0 0 0 0 0 0 0 0 0 0 0 0 0 0 0 0 0 0 0 0 0 0 0 0 0 0 0 0 0 0 0 0 0 0 0 0 0 0 0 0 0 0 0 0 0 0 0 0 0 0 0 0 0 0 0 0 0 0 0 0 0 0 0 0 0 0 0 0 0 0 0 0 0 0 0 0 0 0 0 0 0 0 0 0 0 0 0 0 0 0 0 0 0 0 0 0 0 0 0 0 0 0 0 0 0 0 0 0 0 0 0 0 0 0 0 0 0 0 0 0 0 0 0 0 0 0 0 0 0 0 0 0 0 0 0 0 0 0 0 0 0 0 0 0 0 0 0 0 0 0 0 0 0 0 0 0 0 0 0 0 0 0 0 0 0 0 0 0 0 0 0 0 0 0 0 0 0 0 0 0 0 0 0 0 0 0 0 0 0 0 0 0 0 0 0 0 0 0 0 0 0 0 0 0 0 0 0 0 0 0 0 0 0 0 0 0 0 0 0 0 0 0 0 0 0 0 0 0 0 0 0 0 0 0 0 0 0 0 0 0 0 0 0 0 0 0 0 0 0 0 0 0 0 0 0 0 0 0 0 0 0 0 0 0 0 0 0 0 0 0 0 0 0 0 0 0 0 0 0 0 0 0 0 0 0 0 0 0 0 0 0 0 0 0 0 0 0 0 0 0 0 0 0 0 0 0 0 0 0 0 0 0 0 0 0 0 0 0 0 0 0 0 0 0 0 0 0 0 0 0 0 0 0 0 0 0 0 0 0 0 0 0 0 0 0 0 0 0 0 0 0 0 0 0 0 0 0 0 0 0 0 0 0 0 0 0 0 0 0 0 0 0 0 0 0 0 0 0 0 0 0 0 0 0 0 0 0 0 0 0 0 0 0 0 0 0 0 0 0 0 0 0 0 0 0 0 0 0 0 0 0 0 0 0 0 0 0 0 0 0 0 0 0 0 0 0 0 0 0 0 0 0 0 0 0 0 0 0 0 0 0 0 0 0 0 0 0 0 0 0 0 0 0 0 0 0 0 0 0 0 0 0 0 0 0 0 0 0 0 0 0 0 0 0 0 0 0 0 0 0 0 0 0 0 0 0 0 0 0 0 0 0 0 0 0 0 0 0 0 0 0 0 0 0 0 0 0 0 0 0 0 0 0 0 0 0 0 0 0 0 0 0 0 0 0 0 0 0 0 0 0 0 0 0 0 0 0 0 0 0 0 0 0 0 0 0 0 0 0 0 0 0 0 0 0 0 0 0
 0 0 0 0 0 0 0 0 0 0 0 0 0 0 0 0 0 0 0 0 0 0 0 0 0 0 0 0 0 0 0 0 0 0 0 0 0 0 0 0 0 0 0 0 0 0 0 0 0 0 0 0 0 0 0 0 0 0 0 0 0 0 0 0 0 0 0 0 0 0 0 0 0 0 0 0 0 0 0 0 0 0 0 0 0 0 0 0 0 0 0 0 0 0 0 0 0 0 0 0 0 0 0 0 0 0 0 0 0 0 0 0 0 0 0 0 0 0 0 0 0 0 0 0 0 0 0 0 0 0 0 0 0 0 0 0 0 0 0 0 0 0 0 0 0 0 0 0 0 0 0 0 0 0 0 0 0 0 0 0 0 0 0 0 0 0 0 0 0 0 0 0 0 0 0 0 0 0 0 0 0 0 0 0 0 0 0 0 0 0 0 0 0 0 0 0 0 0 0 0 0 0 0 0 0 0 0 0 0 0 0 0 0 0 0 0 0 0 0 0 0 0 0 0 0 0 0 0 0 0 0 0 0 0 0 0 0 0 0 0 0 0 0 0 0 0 0 0 0 0 0 0 0 0 0 0 0 0 0 0 0 0 0 0 0 0 0 0 0 0 0 0 0 0 0 0 0 0 0 0 0 0 0 0 0 0 0 0 0 0 0 0 0 0 0 0 0 0 0 0 0 0 0 0 0 0 0 0 0 0 0 0 0 0 0 0 0 0 0 0 0 0 0 0 0 0 0 0 0 0 0 0 0 0 0 0 0 0 0 0 0 0 0 0 0 0 0 0 0 0 0 0 0 0 0 0 0 0 0 0 0 0 0 0 0 0 0 0 0 0 0 0 0 0 0 0 0 0 0 0 0 0 0 0 0 0 0 0 0 0 0 0 0 0 0 0 0 0 0 0 0 0 0 0 0 0 0 0 0 0 0 0 0 0 0 0 0 0 0 0 0 0 0 0 0 0 0 0 0 0 0 0 0 0 0 0 0 0 0 0 0 0 0 0 0 0 0 0 0 0 0 0 0 0 0 0 0 0 0 0 0 0 0 0 0 0 0 0 0 0 0 0 0 0 0 0 0 0 0 0 0 0 0 0 0 0 0 0 0 0 0 0 0 0 0 0 0 0 0 0 0 0 0 0 0 0 0 0 0 0 0 0 0 0 0 0 0 0 0 0 0 0 0 0 0 0 0 0 0 0 0 0 0 0 0 0 0 0 0 0 0 0 0 0 0 0 0 0 0 0 0 0 0 0 0 0 0 0 0 0 0 0 0 0 0 0 0 0 0 0 0 0 0 0 0 0 0 0 0 0 0 0 0 0 0 0 0 0 0 0 0 0 0 0 0 0 0 0 0 0
 0 0 0 0 0 0 0 0 0 0 0 0 0 0 0 0 0 0 0 0 0 0 0 0 0 0 0 0 0 0 0 0 0 0 0 0 0 0 0 0 0 0 0 0 0 0 0 0 0 0 0 0 0 0 0 0 0 0 0 0 0 0 0 0 0 0 0 0 0 0 0 0 0 0 0 0 0 0 0 0 0 0 0 0 0 0 0 0 0 0 0 0 0 0 0 0 0 0 0 0 0 0 0 0 0 0 0 0 0 0 0 0 0 0 0 0 0 0 0 0 0 0 0 0 0 0 0 0 0 0 0 0 0 0 0 0 0 0 0 0 0 0 0 0 0 0 0 0 0 0 0 0 0 0 0 0 0 0 0 0 0 0 0 0 0 0 0 0 0 0 0 0 0 0 0 0 0 0 0 0 0 0 0 0 0 0 0 0 0 0 0 0 0 0 0 0 0 0 0 0 0 0 0 0 0 0 0 0 0 0 0 0 0 0 0 0 0 0 0 0 0 0 0 0 0 0 0 0 0 0 0 0 0 0 0 0 0 0 0 0 0 0 0 0 0 0 0 0 0 0 0 0 0 0 0 0 0 0 0 0 0 0 0 0 0 0 0 0 0 0 0 0 0 0 0 0 0 0 0 0 0 0 0 0 0 0 0 0 0 0 0 0 0 0 0 0 0 0 0 0 0 0 0 0 0 0 0 0.0004710849607363343 0.001540257246233523 0.003171231364831328 0.00528330821543932 0.007872944697737694 0.01089359261095524 0.01439692452549934 0.01838111504912376 0.02281070500612259 0.02759917639195919 0.03266594558954239 0.0380045659840107 0.04363366216421127 0.04954694584012032 0.05572293326258659 0.06214794144034386 0.06884629279375076 0.07580391317605972 0.08298513293266296 0.09036222845315933 0.09789842367172241 0.105559878051281 0.1133946180343628 0.1214118674397469 0.1295922100543976 0.1378808468580246 0.1462333053350449 0.1546705812215805 0.1632191240787506 0.1717575490474701 0.1784251630306244 0.1819595098495483 0.1815255284309387 0.1765385866165161 0.1677116602659225 0.1593260765075684 0.1513597667217255 0.1437917798757553 0.1366021931171417 0.1297720819711685 0.1232834756374359 0.1171193048357964 0.1112633422017097 0.1057001724839211 0.1004151627421379 0.09539440274238586 0.09062468260526657 0.08609344810247421 0.08178877830505371 0.07769934087991714 0.07381437718868256 0.07012365758419037 0.06661747395992279 0.06328660249710083 0.06012227386236191 0.05711615830659866 0.05426035076379776 0.0515473335981369 0.04896996542811394 0.04652146622538567 0.04419539123773575 0.04198562353849411 0.03988634049892426 0.03789202496409416 0.035997424274683 0.03419755399227142 0.03248767554759979 0.03086329251527786 0.029320128262043 0.02785412222146988 0.02646141685545444 0.02513834647834301 0.02388142980635166 0.02268735878169537 0.02155299112200737 0.02047534100711346 0.0194515734910965 0.0184789951890707 0.01755504496395588 0.01667729206383228 0.01584342680871487 0.01505125500261784 0.0142986923456192 0.01358375791460276 0.01290457043796778 0.012259341776371 0.01164637506008148 0.01106405630707741 0.01051085349172354 0.009985310956835747 0.009486045688390732 0.00901174359023571 0.008561156690120697 0.008133098483085632 0.007726443465799093 0.007340121082961559 0.006973114795982838 0.006624459289014339 0.006293236277997494 0.005978574510663748 0.005679645575582981 0.005395663436502218 0.005125880241394043 0.004869586322456598 0.004626106936484575 0.004394801799207926 0.004175061825662851 0.003966308664530516 0.003767993301153183 0.003579593729227781 0.003400614019483328 0.003230583388358355 0.003069054335355759 0.002915601711720228 0.002769821556285024 0.002631330396980047 0.00249976385384798 0.00237477570772171 0.002256036968901753 0.002143235178664327 0.002036073477938771 0.001934269792400301 0.001837556250393391 0.00174567848443985 0.001658394583500922 0.001575474860146642 0.001496701152063906 0.001421866123564541 0.001350772799924016 0.001283234218135476 0.00121907249558717 0.001158118830062449 0.001100212917663157 0.001045202254317701 0.0009929421357810497 0.0009432950173504651 0.000896130281034857 0.0008513237698934972 0.000808757555205375 0.0007683197036385536 0.0007299036951735616 0.000693408539518714 0.0006587381358258426 0.0006258012144826353 0.0005945111624896526 0.0005647856160067022 0.0005365463439375162 0.0005097190150991082 0.0004842330527026206 0.0004600214015226811 0.0004370203241705894 0.0004151693137828261 0.0003944108611904085 0.0003746903093997389 0.0003559557953849435 0.0003381580172572285 0.0003212501178495586 0.0003051875974051654 0.0002899282262660563 0.0002754318120423704 0.0002616602287162095 0.0002485772129148245 0.0002361483493587002 0.0002243409253424034 0.0002131238725269213 0.000202467679628171 0.0001923442905535921 0.0001827270752983168 0.0001735907280817628 0.0001649111945880577 0.000156665628310293 0.0001488323468947783 0.0001413907302776352 0.0001343211915809661 0.0001276051334571093 0.0001212248753290623 0.0001151636315626092 0.0001094054532586597 0.0001039351773215458 9.873841918306425e-05 9.380150004290044e-05 8.911142504075542e-05 8.465585415251553e-05 8.042305853450671e-05 7.640190597157925e-05 7.258180994540453e-05 6.895272235851735e-05 6.550508260261267e-05 6.222982483450323e-05 5.911833432037383e-05 5.61624183319509e-05 5.335429887054488e-05 5.068658356321976e-05 4.815225474885665e-05 4.574464037432335e-05 4.345740671851672e-05 4.128453656448983e-05 3.922031100955792e-05 3.72592949133832e-05 3.539632962201722e-05 3.362651477800682e-05 3.194519013050012e-05 3.03479300782783e-05 2.883053275581915e-05 2.73890054813819e-05 2.601955566206016e-05 2.471857806085609e-05 2.348264933971222e-05 2.230851714557502e-05 2.119309101544786e-05 2.013343691942282e-05 1.912676452775486e-05 1.817042721086182e-05 1.726190566841979e-05 1.639880974835251e-05 1.557886935188435e-05 1.479992624808801e-05 1.4059929526411e-05 1.335693286819151e-05 1.268908636120614e-05 1.205463195219636e-05 1.145190071838442e-05 1.087930559151573e-05 1.033534044836415e-05 9.818573744269088e-06 9.327644875156693e-06 8.861262358550448e-06 8.418199286097661e-06 7.997289685590658e-06 7.597425337735331e-06 7.217553957161726e-06 6.856676463939948e-06 6.513842436106643e-06 6.188150109665003e-06 5.878742740605958e-06 5.58480542167672e-06 5.305565082380781e-06 5.040286850999109e-06 4.788272690348094e-06 4.548859124042792e-06 4.321416327002225e-06 4.105345396965276e-06 3.900077899743337e-06 3.705074050230905e-06 3.51982043866883e-06 3.343829348523286e-06 3.176637846991071e-06 3.017805966010201e-06 2.866915565391537e-06 2.72356987807143e-06 2.587391463748645e-06 2.458021981510683e-06 2.33512082559173e-06 2.218364897998981e-06 2.107446562149562e-06 2.002074324991554e-06 1.901970563267241e-06 1.80687197826046e-06 1.716528345241386e-06 1.630701945032342e-06 1.549166881886777e-06 1.47170851505507e-06 1.398123117724026e-06 1.328216967522167e-06 1.261806119146058e-06 1.198715835926123e-06 1.138780021392449e-06 1.081840991901117e-06 1.02774890820001e-06 9.763614343683003e-07 9.275433399125177e-07 8.811661587060371e-07 8.371078479285643e-07 7.952524470056233e-07 7.554898502348806e-07 7.177153520387947e-07 6.818295901211968e-07 6.477380907199404e-07 6.153512117634818e-07 5.845836312801111e-07 5.553544610847894e-07 5.27586735188379e-07 5.012074097976438e-07 4.761470506764454e-07 4.523396910371957e-07 4.297227178540197e-07 4.082365876456606e-07 3.878247696320614e-07 3.68433518360689e-07 3.500118452848255e-07 3.325112629681826e-07 3.158856998197734e-07 3.000914148287848e-07
 0 0 0 0 0 0 0 0 0 0 0 0 0 0 0 0 0 0 0 0 0 0 0 0 0 0 0 0 0 0 0 0 0 0 0 0 0 0 0 0 0 0 0 0 0 0 0 0 0 0 0 0 0 0 0 0 0 0 0 0 0 0 0 0 0 0 0 0 0 0 0 0 0 0 0 0 0 0 0 0 0 0 0 0 0 0 0 0 0 0 0 0 0 0 0 0 0 0 0 0 0 0 0 0 0 0 0 0 0 0 0 0 0 0 0 0 0 0 0 0 0 0 0 0 0 0 0 0 0 0 0 0 0 0 0 0 0 0 0 0 0 0 0 0 0 0 0 0 0 0 0 0 0 0 0 0 0 0 0 0 0 0 0 0 0 0 0 0 0 0 0 0 0 0 0 0 0 0 0 0 0 0 0 0 0 0 0 0 0 0 0 0 0 0 0 0 0 0 0 0 0 0 0 0 0 0 0 0 0 0 0 0 0 0 0 0 0 0 0 0 0 0 0 0 0 0 0 0 0 0 0 0 0 0 0 0 0 0 0 0 0 0 0 0 0 0 0 0 0 0 0 0 0 0 0 0 0 0 0 0 0 0 0 0 0 0 0 0 0 0 0 0 0 0 0 0 0 0 0 0 0 0 0 0 0 0 0 0 0 0 0 0 0 0 0 0 0 0 0 0 0 0 0 0 0 0 0 0 0 0 0 0 0 0 0 0 0 0 0 0 0 0 0 0 0 0 0 0 0 0 0 0 0 0 0 0 0 0 0 0 0 0 0 0 0 0 0 0 0 0 0 0 0 0 0 0 0 0 0 0 0 0 0 0 0 0 0 0 0 0 0 0 0 0 0 0 0 0 0 0 0 0 0 0 0 0 0 0 0 0 0 0 0 0 0 0 0 0 0 0 0 0 0 0 0 0 0 0 0 0 0 0 0 0 0 0 0 0 0 0 0 0 0 0 0 0 0 0 0 0 0 0 0 0 0 0 0 0 0 0 0 0 0 0 0 0 0 0 0 0 0 0 0 0 0 0 0 0 0 0 0 0 0 0 0 0 0 0 0 0 0 0 0 0 0 0 0 0 0 0 0 0 0 0 0 0 0 0 0 0 0 0 0 0 0 0 0 0 0 0 0 0 0 0 0 0 0 0 0 0 0 0 0 0 0 0 0 0 0 0 0 0 0 0 0 0 0 0 0 0 0 0 0 0 0 0 0 0 0 0 0 0 0 0 0 0 0 0 0 0 0 0 0 0 0 0 0 0 0 0 0 0 0 0 0 0 0 0 0 0 0 0 0 0 0 0 0 0 0 0 0 0 0 0 0 0 0 0 0 0 0 0 0 0 0 0 0 0 0 0
 0 0 0 0 0 0 0 0 0 0 0 0 0 0 0 0 0 0 0 0 0 0 0 0 0 0 0 0 0 0 0 0 0 0 0 0 0 0 0 0 0 0 0 0 0 0 0 0 0 0 0 0 0 0 0 0 0 0 0 0 0 0 0 0 0 0 0 0 0 0 0 0 0 0 0 0 0 0 0 0 0 0 0 0 0 0 0 0 0 0 0 0 0 0 0 0 0 0 0 0 0 0 0 0 0 0 0 0 0 0 0 0 0 0 0 0 0 0 0 0 0 0 0 0 0 0 0 0 0 0 0 0 0 0 0 0 0 0 0 0 0 0 0 0 0 0 0 0 0 0 0 0 0 0 0 0 0 0 0 0 0 0 0 0 0 0 0 0 0 0 0 0 0 0 0 0 0 0 0 0 0 0 0 0 0 0 0 0 0 0 0 0 0 0 0 0 0 0 0 0 0 0 0 0 0 0 0 0 0 0 0 0 0 0 0 0 0 0 0 0 0 0 0 0 0 0 0 0 0 0 0 0 0 0 0 0 0 0 0 0 0 0 0 0 0 0 0 0 0 0 0 0 0 0 0 0 0 0 0 0 0 0 0 0 0 0 0 0 0 0 0 0 0 0 0 0 0 0 0 0 0 0 0 0 0 0 0 0 0 0 0 0 0 0 0 0 0 0 0 0 0 0 0 0 0 0 0 0 0 0 0 0 0 0 0 0 0 0 0 0 0 0 0 0 0 0 0 0 0 0 0 0 0 0 0 0 0 0 0 0 0 0 0 0 0 0 0 0 0 0 0 0 0 0 0 0 0 0 0 0 0 0 0 0 0 0 0 0 0 0 0 0 0 0 0 0 0 0 0 0 0 0 0 0 0 0 0 0 0 0 0 0 0 0 0 0 0 0 0 0 0 0 0 0 0 0 0 0 0 0 0 0 0 0 0 0 0 0 0 0 0 0 0 0 0 0 0 0 0 0 0 0 0 0 0 0 0 0 0 0 0 0 0 0 0 0 0 0 0 0 0 0 0 0 0 0 0 0 0 0 0 0 0 0 0 0 0 0 0 0 0 0 0 0 0 0 0 0 0 0 0 0 0 0 0 0 0 0 0 0 0 0 0 0 0 0 0 0 0 0 0 0 0 0 0 0 0 0 0 0 0 0 0 0 0 0 0 0 0 0 0 0 0 0 0 0 0 0 0 0 0 0 0 0 0 0 0 0 0 0 0 0 0 0 0 0 0 0 0 0 0 0 0 0 0 0 0 0 0 0 0 0 0 0 0 0 0 0 0 0 0 0 0 0 0 0 0 0 0 0 0 0 0 0 0 0 0 0 0 0 0 0 0 0 0 0 0 0 0 0
 0 0 0 0 0 0 0 0 0 0 0 0 0 0 0 0 0 0 0 0 0 0 0 0 0 0 0 0 0 0 0 0 0 0 0 0 0 0 0 0 0 0 0 0 0 0 0 0 0 0 0 0 0 0 0 0 0 0 0 0 0 0 0 0 0 0 0 0 0 0 0 0 0 0 0 0 0 0 0 0 0 0 0 0 0 0 0 0 0 0 0 0 0 0 0 0 0 0 0 0 0 0 0 0 0 0 0 0 0 0 0 0 0 0 0 0 0 0 0 0 0 0 0 0 0 0 0 0 0 0 0 0 0 0 0 0 0 0 0 0 0 0 0 0 0 0 0 0 0 0 0 0 0 0 0 0 0 0 0 0 0 0 0 0 0 0 0 0 0 0 0 0 0 0 0 0 0 0 0 0 0 0 0 0 0 0 0 0 0 0 0 0 0 0 0 0 0 0 0 0 0 0 0 0 0 0 0 0 0 0 0 0 0 0 0 0 0 0 0 0 0 0 0 0 0 0 0 0 0 0 0 0 0 0 0 0 0 0 0 0 0 0 0 0 0 0 0 0 0 0 0 0 0 0 0 0 0 0 0 0 0 0 0 0 0 0 0 0 0 0 0 0 0 0 0 0 0 0 0 0 0 0 0 0 0 0 0 0 0 0 0 0 0 0 0 0 0 0 0 0 0 0 0 0 0 0 0 0 0 0 0 0 0 0 0 0 0 0 0 0 0 0 0 0 0 0 0 0 0 0 0 0 0 0 0 0 0 0 0 0 0 0 0 0 0 0 0 0 0 0 0 0 0 0 0 0 0 0 0 0 0 0 0 0 0 0 0 0 0 0 0 0 0 0 0 0 0 0 0 0 0 0 0 0 0 0 0 0 0 0 0 0 0 0 0 0 0 0 0 0 0 0 0 0 0 0 0 0 0 0 0 0 0 0 0 0 0 0 0 0 0 0 0 0 0 0 0 0 0 0 0 0 0 0 0 0 0 0 0 0 0 0 0 0 0 0 0 0 0 0 0 0 0 0 0 0 0 0 0 0 0 0 0 0 0 0 0 0 0 0 0 0 0 0 0 0 0 0 0 0 0 0 0 0 0 0 0 0 0 0 0 0 0 0 0 0 0 0 0 0 0 0 0 0 0 0 0 0 0 0 0 0 0 0 0 0 0 0 0 0 0 0 0 0 0 0 0 0 0 0 0 0 0 0 0 0 0 0 0 0 0 0 0 0 0 0 0 0 0 0 0 0 0 0 0 0 0 0 0 0 0 0 0 0 0 0 0 0 0 0 0 0 0 0 0 0 0 0 0 0 0 0 0 0 0 0 0 0 0 0 0 0 0 0 0 0 0 0 0 0
 0 0 0 0 0 0 0 0 0 0 0 0 0 0 0 0 0 0 0 0 0 0 0 0 0 0 0 0 0 0 0 0 0 0 0 0 0 0 0 0 0 0 0 0 0 0 0 0 0 0 0 0 0 0 0 0 0 0 0 0 0 0 0 0 0 0 0 0 0 0 0 0 0 0 0 0 0 0 0 0 0 0 0 0 0 0 0 0 0 0 0 0 0 0 0 0 0 0 0 0 0 0 0 0 0 0 0 0 0 0 0 0 0 0 0 0 0 0 0 0 0 0 0 0 0 0 0 0 0 0 0 0 0 0 0 0 0 0 0 0 0 0 0 0 0 0 0 0 0 0 0 0 0 0 0 0 0 0 0 0 0 0 0 0 0 0 0 0 0 0 0 0 0 0 0 0 0 0 0 0 0 0 0 0 0 0 0 0 0 0 0 0 0 0 0 0 0 0 0 0 0 0 0 0 0 0 0 0 0 0 0 0 0 0 0 0 0 0 0 0 0 0 0 0 0 0 0 0 0 0 0 0 0 0 0 0 0 0 0 0 0 0 0 0 0 0 0 0 0 0 0 0 0 0 0 0 0 0 0 0 0 0 0 0 0 0 0 0 0 0 0 0 0 0 0 0 0 0 0 0 0 0 0 0 0 0 0 0 0 0 0 0 0 0 0 0 0 0 0 0 0 0 0 0 0 0 0 0.0003702836693264544 0.00134368590079248 0.002903734566643834 0.00495380163192749 0.007475981023162603 0.01043338049203157 0.01386669836938381 0.01781058683991432 0.02220727875828743 0.0269967932254076 0.03208089619874954 0.03746090829372406 0.04314818605780602 0.04914295300841331 0.05543172359466553 0.06198040023446083 0.06881590187549591 0.07591357827186584 0.08324753493070602 0.09075010567903519 0.09837862104177475 0.1061470285058022 0.114094465970993 0.122216522693634 0.1304833441972733 0.1388301700353622 0.147250697016716 0.1557659953832626 0.1643824577331543 0.1731472611427307 0.1800882369279861 0.1838747560977936 0.1836597770452499 0.1788468360900879 0.169904500246048 0.1614092737436295 0.1533388048410416 0.1456718593835831 0.1383882611989975 0.1314688473939896 0.1248954087495804 0.1186506375670433 0.1127181053161621 0.1070822030305862 0.1017280966043472 0.09664168953895569 0.09180960804224014 0.08721912652254105 0.08285816758871078 0.0787152573466301 0.07477949559688568 0.07104051858186722 0.06748849153518677 0.06411406397819519 0.06090836226940155 0.05786294490098953 0.05496979877352715 0.05222130939364433 0.04961024224758148 0.04712973162531853 0.04477324336767197 0.04253458231687546 0.04040785133838654 0.03838745877146721 0.03646808490157127 0.03464468196034431 0.03291244804859161 0.03126682713627815 0.02970348671078682 0.02821831218898296 0.0268073957413435 0.02546702511608601 0.02419367432594299 0.02298399060964584 0.02183479070663452 0.02074305154383183 0.01970589905977249 0.0187206044793129 0.01778457500040531 0.0168953463435173 0.01605057902634144 0.01524804998189211 0.01448564790189266 0.0137613657861948 0.01307329721748829 0.01241963263601065 0.01179865095764399 0.01120871864259243 0.01064828224480152 0.01011586841195822 0.009610074572265148 0.009129570797085762 0.008673092350363731 0.008239437825977802 0.007827466353774071 0.00743609294295311 0.007064288482069969 0.006711074151098728 0.006375520490109921 0.006056744605302811 0.00575390737503767 0.005466212052851915 0.005192901473492384 0.004933256190270185 0.004686593543738127 0.004452263936400414 0.00422965083271265 0.004018168430775404 0.003817260032519698 0.003626397112384439 0.00344507722184062 0.003272823290899396 0.003109182231128216 0.002953723073005676 0.002806036965921521 0.002665735082700849 0.002532448386773467 0.00240582600235939 0.002285534748807549 0.002171257976442575 0.002062695100903511 0.001959560438990593 0.001861582393757999 0.001768503221683204 0.001680078101344407 0.001596074202097952 0.001516270451247692 0.001440456951968372 0.001368434051983058 0.001300012343563139 0.001235011732205749 0.0011732610873878 0.001114598009735346 0.001058868132531643 0.001005924772471189 0.0009556285222060978 0.0009078470757231116 0.0008624547044746578 0.0008193319663405418 0.0007783653563819826 0.0007394470740109682 0.000702474731951952 0.0006673510069958866 0.0006339834653772414 0.000602284271735698 0.0005721700727008283 0.0005435615894384682 0.0005163835012353957 0.0004905643290840089 0.0004660361155401915 0.0004427343083079904 0.0004205975856166333 0.0003995677107013762 0.0003795893280766904 0.0003606098471209407 0.0003425793547648937 0.0003254503826610744 0.0003091778489761055 0.000293718941975385 0.0002790330036077648 0.0002650813548825681 0.0002518272958695889 0.0002392359310761094 0.00022727414034307 0.0002159104333259165 0.0002051149058388546 0.0001948591670952737 0.00018511620874051 0.0001758604048518464 0.0001670673809712753 0.0001587140141054988 0.0001507783163106069 0.0001432394055882469 0.0001360774331260473 0.0001292735687457025 0.0001228098844876513 0.0001166693909908645 0.0001108359210775234 0.000105294122477062 0.0001000294141704217 9.502794273430482e-05 9.027654596138746e-05 8.57627164805308e-05 8.14745799289085e-05 7.740085129626095e-05 7.353080582106486e-05 6.985426443861797e-05 6.636155012529343e-05 6.304347334662452e-05 5.989129931549542e-05 5.689673344022594e-05 5.405189585871994e-05 5.134929961059242e-05 4.878183608525433e-05 4.634274591808207e-05 4.402560807648115e-05 4.182432894594967e-05 3.973311322624795e-05 3.774645665544085e-05 3.585913509596139e-05 3.406617906875908e-05 3.236287011532113e-05 3.074472624575719e-05 2.920748920587357e-05 2.774711538222618e-05 2.635975943121593e-05 2.504177064110991e-05 2.378968201810494e-05 2.260019755340181e-05 2.147018676623702e-05 2.039667742792517e-05 1.937684282893315e-05 1.840799995989073e-05 1.748760041664355e-05 1.661321948631667e-05 1.578255796630401e-05 1.499343034083722e-05 1.424375841452274e-05 1.353157040284714e-05 1.285499183723005e-05 1.22122419270454e-05 1.16016299216426e-05 1.102154874388361e-05 1.047047135216417e-05 9.946948011929635e-06 9.449600838706829e-06 8.977121069619898e-06 8.528265425411519e-06 8.101852472464088e-06 7.696759894315619e-06 7.311921763175633e-06 6.946325811441056e-06 6.599009338970063e-06 6.269058758334722e-06 5.955605956842192e-06 5.657825568050612e-06 5.374934517021757e-06 5.106187927594874e-06 4.850878667639336e-06 4.608334620570531e-06 4.377917775855167e-06 4.159021955274511e-06 3.951070993934991e-06 3.753517376026139e-06 3.565841552699567e-06 3.387549440958537e-06 3.21817196891061e-06 3.057263256778242e-06 2.904400162151433e-06 2.759180233624647e-06 2.621221256049466e-06 2.490160113666207e-06 2.365652107982896e-06 2.247369593533222e-06 2.135001068381825e-06 2.028250946750632e-06 1.926838422150468e-06 1.830496557886363e-06 1.738971718623361e-06 1.652023115639167e-06 1.569422011016286e-06 1.490950921834155e-06 1.416403392795473e-06 1.345583200418332e-06 1.278304011975706e-06 1.214388817061263e-06 1.153669359155174e-06 1.095985908250441e-06 1.041186578731867e-06 9.891272156892228e-07 9.396708264830522e-07 8.926872965275834e-07 8.480529345433752e-07 8.056503020270611e-07 7.653677585039986e-07 7.270993478414312e-07 6.907444003445562e-07 6.562071916960122e-07 6.233968292690406e-07 5.92226967910392e-07 5.62615639410069e-07 5.344848545973946e-07 5.07760603341012e-07 4.823725703317905e-07 4.582539361308591e-07 4.353412350610597e-07 4.135741846766905e-07 3.928954868115397e-07 3.732507138920482e-07 3.54588166828762e-07 3.368587613294949e-07 3.20015828947362e-07 3.04015031815652e-07
 0 0 0 0 0 0 0 0 0 0 0 0 0 0 0 0 0 0 0 0 0 0 0 0 0 0 0 0 0 0 0 0 0 0 0 0 0 0 0 0 0 0 0 0 0 0 0 0 0 0 0 0 0 0 0 0 0 0 0 0 0 0 0 0 0 0 0 0 0 0 0 0 0 0 0 0 0 0 0 0 0 0 0 0 0 0 0 0 0 0 0 0 0 0 0 0 0 0 0 0 0 0 0 0 0 0 0 0 0 0 0 0 0 0 0 0 0 0 0 0 0 0 0 0 0 0 0 0 0 0 0 0 0 0 0 0 0 0 0 0 0 0 0 0 0 0 0 0 0 0 0 0 0 0 0 0 0 0 0 0 0 0 0 0 0 0 0 0 0 0 0 0 0 0 0 0 0 0 0 0 0 0 0 0 0 0 0 0 0 0 0 0 0 0 0 0 0 0 0 0 0 0 0 0 0 0 0 0 0 0 0 0 0 0 0 0 0 0 0 0 0 0 0 0 0 0 0 0 0 0 0 0 0 0 0 0 0 0 0 0 0 0 0 0 0 0 0 0 0 0 0 0 0 0 0 0 0 0 0 0 0 0 0 0 0 0 0 0 0 0 0 0 0 0 0 0 0 0 0 0 0 0 0 0 0 0 0 0 0 0 0 0 0 0 0 0 0 0 0 0 0 0 0 0 0 0 0 0 0 0 0 0 0 0 0 0 0 0 0 0 0 0 0 0 0 0 0 0 0 0 0 0 0 0 0 0 0 0 0 0 0 0 0 0 0 0 0 0 0 0 0 0 0 0 0 0 0 0 0 0 0 0 0 0 0 0 0 0 0 0 0 0 0 0 0 0 0 0 0 0 0 0 0 0 0 0 0 0 0 0 0 0 0 0 0 0 0 0 0 0 0 0 0 0 0 0 0 0 0 0 0 0 0 0 0 0 0 0 0 0 0 0 0 0 0 0 0 0 0 0 0 0 0 0 0 0 0 0 0 0 0 0 0 0 0 0 0 0 0 0 0 0 0 0 0 0 0 0 0 0 0 0 0 0 0 0 0 0 0 0 0 0 0 0 0 0 0 0 0 0 0 0 0 0 0 0 0 0 0 0 0 0 0 0 0 0 0 0 0 0 0 0 0 0 0 0 0 0 0 0 0 0 0 0 0 0 0 0 0 0 0 0 0 0 0 0 0 0 0 0 0 0 0 0 0 0 0 0 0 0 0 0 0 0 0 0 0 0 0 0 0 0 0 0 0 0 0 0 0 0 0 0 0 0 0 0 0 0 0 0 0 0 0 0 0 0 0 0 0 0 0 0 0 0 0 0 0 0 0 0 0 0 0 0 0 0 0 0 0 0
 0 0 0 0 0 0 0 0 0 0 0 0 0 0 0 0 0 0 0 0 0 0 0 0 0 0 0 0 0 0 0 0 0 0 0 0 0 0 0 0 0 0 0 0 0 0 0 0 0 0 0 0 0 0 0 0 0 0 0 0 0 0 0 0 0 0 0 0 0 0 0 0 0 0 0 0 0 0 0 0 0 0 0 0 0 0 0 0 0 0 0 0 0 0 0 0 0 0 0 0 0 0 0 0 0 0 0 0 0 0 0 0 0 0 0 0 0 0 0 0 0 0 0 0 0 0 0 0 0 0 0 0 0 0 0 0 0 0 0 0 0 0 0 0 0 0 0 0 0 0 0 0 0 0 0 0 0 0 0 0 0 0 0 0 0 0 0 0 0 0 0 0 0 0 0 0 0 0 0 0 0 0 0 0 0 0 0 0 0 0 0 0 0 0 0 0 0 0 0 0 0 0 0 0 0 0 0 0 0 0 0 0 0 0 0 0 0 0 0 0 0 0 0 0 0 0 0 0 0 0 0 0 0 0 0 0 0 0 0 0 0 0 0 0 0 0 0 0 0 0 0 0 0 0 0 0 0 0 0 0 0 0 0 0 0 0 0 0 0 0 0 0 0 0 0 0 0 0 0 0 0 0 0 0 0 0 0 0 0 0 0 0 0 0 0 0 0 0 0 0 0 0 0 0 0 0 0 0 0 0 0 0 0 0 0 0 0 0 0 0 0 0 0 0 0 0 0 0 0 0 0 0 0 0 0 0 0 0 0 0 0 0 0 0 0 0 0 0 0 0 0 0 0 0 0 0 0 0 0 0 0 0 0 0 0 0 0 0 0 0 0 0 0 0 0 0 0 0 0 0 0 0 0 0 0 0 0 0 0 0 0 0 0 0 0 0 0 0 0 0 0 0 0 0 0 0 0 0 0 0 0 0 0 0 0 0 0 0 0 0 0 0 0 0 0 0 0 0 0 0 0 0 0 0 0 0 0 0 0 0 0 0 0 0 0 0 0 0 0 0 0 0 0 0 0 0 0 0 0 0 0 0 0 0 0 0 0 0 0 0 0 0 0 0 0 0 0 0 0 0 0 0 0 0 0 0 0 0 0 0 0 0 0 0 0 0 0 0 0 0 0 0 0 0 0 0 0 0 0 0 0 0 0 0 0 0 0 0 0 0 0 0 0 0 0 0 0 0 0 0 0 0 0 0 0 0 0 0 0 0 0 0 0 0 0 0 0 0 0 0 0 0 0 0 0 0 0 0 0 0 0 0 0 0 0 0 0 0 0 0 0 0 0 0 0 0 0 0 0 0 0 0 0 0 0 0 0 0 0 0 0 0 0 0 0 0 0 0 0 0
 0 0 0 0 0 0 0 0 0 0 0 0 0 0 0 0 0 0 0 0 0 0 0 0 0 0 0 0 0 0 0 0 0 0 0 0 0 0 0 0 0 0 0 0 0 0 0 0 0 0 0 0 0 0 0 0 0 0 0 0 0 0 0 0 0 0 0 0 0 0 0 0 0 0 0 0 0 0 0 0 0 0 0 0 0 0 0 0 0 0 0 0 0 0 0 0 0 0 0 0 0 0 0 0 0 0 0 0 0 0 0 0 0 0 0 0 0 0 0 0 0 0 0 0 0 0 0 0 0 0 0 0 0 0 0 0 0 0 0 0 0 0 0 0 0 0 0 0 0 0 0 0 0 0 0 0 0 0 0 0 0 0 0 0 0 0 0 0 0 0 0 0 0 0 0 0 0 0 0 0 0 0 0 0 0 0 0 0 0 0 0 0 0 0 0 0 0 0 0 0 0 0 0 0 0 0 0 0 0 0 0 0 0 0 0 0 0 0 0 0 0 0 0 0 0 0 0 0 0 0 0 0 0 0 0 0 0 0 0 0 0 0 0 0 0 0 0 0 0 0 0 0 0 0 0 0 0 0 0 0 0 0 0 0 0 0 0 0 0 0 0 0 0 0 0 0 0 0 0 0 0 0 0 0 0 0 0 0 0 0 0 0 0 0 0 0 0 0 0 0 0 0 0 0 0 0 0 0 0 0 0 0 0 0 0 0 0 0 0 0 0 0 0 0 0 0 0 0 0 0 0 0 0 0 0 0 0 0 0 0 0 0 0 0 0 0 0 0 0 0 0 0 0 0 0 0 0 0 0 0 0 0 0 0 0 0 0 0 0 0 0 0 0 0 0 0 0 0 0 0 0 0 0 0 0 0 0 0 0 0 0 0 0 0 0 0 0 0 0 0 0 0 0 0 0 0 0 0 0 0 0 0 0 0 0 0 0 0 0 0 0 0 0 0 0 0 0 0 0 0 0 0 0 0 0 0 0 0 0 0 0 0 0 0 0 0 0 0 0 0 0 0 0 0 0 0 0 0 0 0 0 0 0 0 0 0 0 0 0 0 0 0 0 0 0 0 0 0 0 0 0 0 0 0 0 0 0 0 0 0 0 0 0 0 0 0 0 0 0 0 0 0 0 0 0 0 0 0 0 0 0 0 0 0 0 0 0 0 0 0 0 0 0 0 0 0 0 0 0 0 0 0 0 0 0 0 0 0 0 0 0 0 0 0 0 0 0 0 0 0 0 0 0 0 0 0 0 0 0 0 0 0 0 0 0 0 0 0 0 0 0 0 0 0 0 0 0 0 0 0 0 0 0 0 0 0 0 0 0 0 0 0 0 0 0 0 0 0 0 0
 0 0 0 0 0 0 0 0 0 0 0 0 0 0 0 0 0 0 0 0 0 0 0 0 0 0 0 0 0 0 0 0 0 0 0 0 0 0 0 0 0 0 0 0 0 0 0 0 0 0 0 0 0 0 0 0 0 0 0 0 0 0 0 0 0 0 0 0 0 0 0 0 0 0 0 0 0 0 0 0 0 0 0 0 0 0 0 0 0 0 0 0 0 0 0 0 0 0 0 0 0 0 0 0 0 0 0 0 0 0 0 0 0 0 0 0 0 0 0 0 0 0 0 0 0 0 0 0 0 0 0 0 0 0 0 0 0 0 0 0 0 0 0 0 0 0 0 0 0 0 0 0 0 0 0 0 0 0 0 0 0 0 0 0 0 0 0 0 0 0 0 0 0 0 0 0 0 0 0 0 0 0 0 0 0 0 0 0 0 0 0 0 0 0 0 0 0 0 0 0 0 0 0 0 0 0 0 0 0 0 0 0 0 0 0 0 0 0 0 0 0 0 0 0 0 0 0 0 0 0 0 0 0 0 0 0 0 0 0 0 0 0 0 0 0 0 0 0 0 0 0 0 0 0 0 0 0 0 0 0 0 0 0 0 0 0 0 0 0 0 0 0 0 0 0 0 0 0 0 0 0 0 0 0 0 0 0 0 0 0 0 0 0 0 0 0 0 0 0 0 0 0 0 0 0 5.553187656914815e-05 0.0007078916532918811 0.001953876577317715 0.003698194632306695 0.005933641456067562 0.008605550974607468 0.01175121311098337 0.01543854828923941 0.01964934356510639 0.02424101158976555 0.02917135879397392 0.0343579426407814 0.03985078260302544 0.04564757272601128 0.05174614489078522 0.05813571065664291 0.06475914269685745 0.07164838165044785 0.07880471646785736 0.08621522784233093 0.09375426173210144 0.1014123857021332 0.1092260405421257 0.1172211915254593 0.1254083216190338 0.1336818188428879 0.1420175582170486 0.1504246294498444 0.1589203178882599 0.1675190478563309 0.1752515286207199 0.1805425733327866 0.1822904944419861 0.1797567456960678 0.1725042164325714 0.163879007101059 0.1556850522756577 0.1479008048772812 0.1405057609081268 0.1334804743528366 0.126806452870369 0.1204661279916763 0.1144428253173828 0.1087206825613976 0.1032846495509148 0.09812041372060776 0.09321439266204834 0.08855367451906204 0.08412598818540573 0.07991968840360641 0.07592370361089706 0.07212752103805542 0.06852114200592041 0.06509508192539215 0.06184032931923866 0.05874831229448318 0.05581089854240417 0.05302035436034203 0.05036933720111847 0.04785086959600449 0.04545832425355911 0.04318540915846825 0.04102613776922226 0.038974829018116 0.03702608868479729 0.03517478331923485 0.03341604396700859 0.03174524009227753 0.03015797771513462 0.02865007892251015 0.02721757441759109 0.02585669606924057 0.0245638620108366 0.02333566918969154 0.02216888591647148 0.02106044068932533 0.02000741846859455 0.01900704763829708 0.01805669441819191 0.01715385913848877 0.01629616692662239 0.01548135839402676 0.01470729056745768 0.01397192571312189 0.01327332947403193 0.01260966341942549 0.0119791803881526 0.01138022169470787 0.01081121060997248 0.01027065049856901 0.009757118299603462 0.009269262664020061 0.008805799297988415 0.00836550910025835 0.007947233505547047 0.007549871690571308 0.007172378245741129 0.006813759449869394 0.006473071407526731 0.006149417720735073 0.005841946694999933 0.005549849476665258 0.005272356793284416 0.005008738953620195 0.004758302122354507 0.004520386923104525 0.004294367507100105 0.004079649224877357 0.00387566676363349 0.003681883448734879 0.003497789381071925 0.003322899807244539 0.003156754886731505 0.002998917130753398 0.002848971169441938 0.002706522587686777 0.002571196528151631 0.002442636759951711 0.002320504980161786 0.002204479649662971 0.00209425576031208 0.001989542972296476 0.001890065846964717 0.001795562566258013 0.001705784467048943 0.001620495226234198 0.001539470511488616 0.001462496933527291 0.001389372046105564 0.001319903414696455 0.001253908267244697 0.001191212795674801 0.001131652155891061 0.001075069536454976 0.001021316042169929 0.0009702502284198999 0.0009217376937158406 0.0008756507886573672 0.0008318682666867971 0.0007902748766355217 0.0007507611298933625 0.0007132230675779283 0.0006775619112886488 0.0006436838302761316 0.0006114996504038572 0.0005809246795251966 0.0005518784746527672 0.0005242845509201288 0.0004980703233741224 0.0004731668159365654 0.0004495084867812693 0.0004270330537110567 0.00040568140684627 0.0003853973466902971 0.0003661274677142501 0.0003478211001493037 0.0003304300480522215 0.0003139085602015257 0.0002982131263706833 0.0002833024773281068 0.0002691373520065099 0.0002556804975029081 0.0002428964653518051 0.0002307516406290233 0.0002192140527768061 0.0002082533464999869 0.0001978406799025834 0.0001879486517282203 0.0001785512140486389 0.0001696236577117816 0.0001611424813745543 0.0001530853623989969 0.0001454310986446217 0.0001381595502607524 0.0001312515669269487 0.0001246889878530055 0.0001184545399155468 0.0001125318158301525 0.0001069052232196555 0.0001015599627862684 9.648196282796562e-05 9.165786468656734e-05 8.707497181603685e-05 8.272122067864984e-05 7.858515891712159e-05 7.465590169886127e-05 7.092310988809913e-05 6.737695366609842e-05 6.400810525519773e-05 6.08076989010442e-05 5.776731268269941e-05 5.487894668476656e-05 5.213500116951764e-05 4.952825111104175e-05 4.705183891928755e-05 4.469924533623271e-05 4.246428215992637e-05 4.034106677863747e-05 3.832401489489712e-05 3.640781505964696e-05 3.458742503426038e-05 3.285805360064842e-05 3.121514964732341e-05 2.965439125546254e-05 2.817167114699259e-05 2.676308758964296e-05 2.542493348300923e-05 2.415368726360612e-05 2.294600199093111e-05 2.179870170948561e-05 2.070876689685974e-05 1.967332900676411e-05 1.868966319307219e-05 1.775517921487335e-05 1.686741961748339e-05 1.602404881850816e-05 1.522284674138064e-05 1.44617042678874e-05 1.373861869069515e-05 1.305168734688777e-05 1.239910307049286e-05 1.177914782601874e-05 1.119018997997046e-05 1.063068066287087e-05 1.009914649330312e-05 9.594189577910583e-06 9.11448023543926e-06 8.658756087243091e-06 8.225818419305142e-06 7.81452763476409e-06 7.423801434924826e-06 7.052611181279644e-06 6.699980531266192e-06 6.36498134554131e-06 6.046732323738979e-06 5.744395821238868e-06 5.457176030176925e-06 5.184317160455976e-06 4.925101166008972e-06 4.678845925809583e-06 4.444903424882796e-06 4.222658390062861e-06 4.011525561509188e-06 3.810949237958994e-06 3.620401685111574e-06 3.439381544012576e-06 3.267412466811948e-06 3.10404175252188e-06 2.948839664895786e-06 2.801397613438894e-06 2.661327698660898e-06 2.528261347833904e-06 2.401848178124055e-06 2.281755769217853e-06 2.16766807170643e-06 2.059284724964527e-06 1.956320375029463e-06 1.858504333540623e-06 1.765579099810566e-06 1.677300133451354e-06 1.593435172253521e-06 1.513763436378213e-06 1.43807528729667e-06 1.366171545669204e-06 1.297862922911008e-06 1.232969793818484e-06 1.171321287074534e-06 1.11275517156173e-06 1.05711740161496e-06 1.004261548587237e-06 9.540484597891918e-07 9.063460311153904e-07 8.610287522969884e-07 8.179773089977971e-07 7.770784691274457e-07 7.382245712506119e-07 7.013133540567651e-07 6.662476721430721e-07 6.329352686407219e-07 6.012884909978311e-07 5.712240636057686e-07 5.426628604254802e-07 5.155297344572318e-07 4.897532335235155e-07 4.652655718473397e-07 4.420022889917163e-07 4.199021645945322e-07 3.989070478382928e-07 3.789616869198653e-07 3.600136153636413e-07 3.420129246478609e-07 3.249122642046132e-07 3.086666424678697e-07 2.932333131866471e-07 2.785716333164601e-07
 0 0 0 0 0 0 0 0 0 0 0 0 0 0 0 0 0 0 0 0 0 0 0 0 0 0 0 0 0 0 0 0 0 0 0 0 0 0 0 0 0 0 0 0 0 0 0 0 0 0 0 0 0 0 0 0 0 0 0 0 0 0 0 0 0 0 0 0 0 0 0 0 0 0 0 0 0 0 0 0 0 0 0 0 0 0 0 0 0 0 0 0 0 0 0 0 0 0 0 0 0 0 0 0 0 0 0 0 0 0 0 0 0 0 0 0 0 0 0 0 0 0 0 0 0 0 0 0 0 0 0 0 0 0 0 0 0 0 0 0 0 0 0 0 0 0 0 0 0 0 0 0 0 0 0 0 0 0 0 0 0 0 0 0 0 0 0 0 0 0 0 0 0 0 0 0 0 0 0 0 0 0 0 0 0 0 0 0 0 0 0 0 0 0 0 0 0 0 0 0 0 0 0 0 0 0 0 0 0 0 0 0 0 0 0 0 0 0 0 0 0 0 0 0 0 0 0 0 0 0 0 0 0 0 0 0 0 0 0 0 0 0 0 0 0 0 0 0 0 0 0 0 0 0 0 0 0 0 0 0 0 0 0 0 0 0 0 0 0 0 0 0 0 0 0 0 0 0 0 0 0 0 0 0 0 0 0 0 0 0 0 0 0 0 0 0 0 0 0 0 0 0 0 0 0 0 0 0 0 0 0 0 0 0 0 0 0 0 0 0 0 0 0 0 0 0 0 0 0 0 0 0 0 0 0 0 0 0 0 0 0 0 0 0 0 0 0 0 0 0 0 0 0 0 0 0 0 0 0 0 0 0 0 0 0 0 0 0 0 0 0 0 0 0 0 0 0 0 0 0 0 0 0 0 0 0 0 0 0 0 0 0 0 0 0 0 0 0 0 0 0 0 0 0 0 0 0 0 0 0 0 0 0 0 0 0 0 0 0 0 0 0 0 0 0 0 0 0 0 0 0 0 0 0 0 0 0 0 0 0 0 0 0 0 0 0 0 0 0 0 0 0 0 0 0 0 0 0 0 0 0 0 0 0 0 0 0 0 0 0 0 0 0 0 0 0 0 0 0 0 0 0 0 0 0 0 0 0 0 0 0 0 0 0 0 0 0 0 0 0 0 0 0 0 0 0 0 0 0 0 0 0 0 0 0 0 0 0 0 0 0 0 0 0 0 0 0 0 0 0 0 0 0 0 0 0 0 0 0 0 0 0 0 0 0 0 0 0 0 0 0 0 0 0 0 0 0 0 0 0 0 0 0 0 0 0 0 0 0 0 0 0 0 0 0 0 0 0 0 0 0 0 0 0 0 0 0 0 0 0 0 0 0 0 0 0 0 0 0 0
 0 0 0 0 0 0 0 0 0 0 0 0 0 0 0 0 0 0 0 0 0 0 0 0 0 0 0 0 0 0 0 0 0 0 0 0 0 0 0 0 0 0 0 0 0 0 0 0 0 0 0 0 0 0 0 0 0 0 0 0 0 0 0 0 0 0 0 0 0 0 0 0 0 0 0 0 0 0 0 0 0 0 0 0 0 0 0 0 0 0 0 0 0 0 0 0 0 0 0 0 0 0 0 0 0 0 0 0 0 0 0 0 0 0 0 0 0 0 0 0 0 0 0 0 0 0 0 0 0 0 0 0 0 0 0 0 0 0 0 0 0 0 0 0 0 0 0 0 0 0 0 0 0 0 0 0 0 0 0 0 0 0 0 0 0 0 0 0 0 0 0 0 0 0 0 0 0 0 0 0 0 0 0 0 0 0 0 0 0 0 0 0 0 0 0 0 0 0 0 0 0 0 0 0 0 0 0 0 0 0 0 0 0 0 0 0 0 0 0 0 0 0 0 0 0 0 0 0 0 0 0 0 0 0 0 0 0 0 0 0 0 0 0 0 0 0 0 0 0 0 0 0 0 0 0 0 0 0 0 0 0 0 0 0 0 0 0 0 0 0 0 0 0 0 0 0 0 0 0 0 0 0 0 0 0 0 0 0 0 0 0 0 0 0 0 0 0 0 0 0 0 0 0 0 0 0 0 0 0 0 0 0 0 0 0 0 0 0 0 0 0 0 0 0 0 0 0 0 0 0 0 0 0 0 0 0 0 0 0 0 0 0 0 0 0 0 0 0 0 0 0 0 0 0 0 0 0 0 0 0 0 0 0 0 0 0 0 0 0 0 0 0 0 0 0 0 0 0 0 0 0 0 0 0 0 0 0 0 0 0 0 0 0 0 0 0 0 0 0 0 0 0 0 0 0 0 0 0 0 0 0 0 0 0 0 0 0 0 0 0 0 0 0 0 0 0 0 0 0 0 0 0 0 0 0 0 0 0 0 0 0 0 0 0 0 0 0 0 0 0 0 0 0 0 0 0 0 0 0 0 0 0 0 0 0 0 0 0 0 0 0 0 0 0 0 0 0 0 0 0 0 0 0 0 0 0 0 0 0 0 0 0 0 0 0 0 0 0 0 0 0 0 0 0 0 0 0 0 0 0 0 0 0 0 0 0 0 0 0 0 0 0 0 0 0 0 0 0 0 0 0 0 0 0 0 0 0 0 0 0 0 0 0 0 0 0 0 0 0 0 0 0 0 0 0 0 0 0 0 0 0 0 0 0 0 0 0 0 0 0 0 0 0 0 0 0 0 0 0 0 0 0 0 0 0 0 0 0 0 0 0 0 0 0 0 0 0 0 0 0
 0 0 0 0 0 0 0 0 0 0 0 0 0 0 0 0 0 0 0 0 0 0 0 0 0 0 0 0 0 0 0 0 0 0 0 0 0 0 0 0 0 0 0 0 0 0 0 0 0 0 0 0 0 0 0 0 0 0 0 0 0 0 0 0 0 0 0 0 0 0 0 0 0 0 0 0 0 0 0 0 0 0 0 0 0 0 0 0 0 0 0 0 0 0 0 0 0 0 0 0 0 0 0 0 0 0 0 0 0 0 0 0 0 0 0 0 0 0 0 0 0 0 0 0 0 0 0 0 0 0 0 0 0 0 0 0 0 0 0 0 0 0 0 0 0 0 0 0 0 0 0 0 0 0 0 0 0 0 0 0 0 0 0 0 0 0 0 0 0 0 0 0 0 0 0 0 0 0 0 0 0 0 0 0 0 0 0 0 0 0 0 0 0 0 0 0 0 0 0 0 0 0 0 0 0 0 0 0 0 0 0 0 0 0 0 0 0 0 0 0 0 0 0 0 0 0 0 0 0 0 0 0 0 0 0 0 0 0 0 0 0 0 0 0 0 0 0 0 0 0 0 0 0 0 0 0 0 0 0 0 0 0 0 0 0 0 0 0 0 0 0 0 0 0 0 0 0 0 0 0 0 0 0 0 0 0 0 0 0 0 0 0 0 0 0 0 0 0 0 0 0 0 0 0 0 0 0 0 0 0 0 0 0 0 0 0 0 0 0 0 0 0 0 0 0 0 0 0 0 0 0 0 0 0 0 0 0 0 0 0 0 0 0 0 0 0 0 0 0 0 0 0 0 0 0 0 0 0 0 0 0 0 0 0 0 0 0 0 0 0 0 0 0 0 0 0 0 0 0 0 0 0 0 0 0 0 0 0 0 0 0 0 0 0 0 0 0 0 0 0 0 0 0 0 0 0 0 0 0 0 0 0 0 0 0 0 0 0 0 0 0 0 0 0 0 0 0 0 0 0 0 0 0 0 0 0 0 0 0 0 0 0 0 0 0 0 0 0 0 0 0 0 0 0 0 0 0 0 0 0 0 0 0 0 0 0 0 0 0 0 0 0 0 0 0 0 0 0 0 0 0 0 0 0 0 0 0 0 0 0 0 0 0 0 0 0 0 0 0 0 0 0 0 0 0 0 0 0 0 0 0 0 0 0 0 0 0 0 0 0 0 0 0 0 0 0 0 0 0 0 0 0 0 0 0 0 0 0 0 0 0 0 0 0 0 0 0 0 0 0 0 0 0 0 0 0 0 0 0 0 0 0 0 0 0 0 0 0 0 0 0 0 0 0 0 0 0 0 0 0 0 0 0 0 0 0 0 0 0 0 0 0 0 0 0 0 0 0 0 0
 0 0 0 0 0 0 0 0 0 0 0 0 0 0 0 0 0 0 0 0 0 0 0 0 0 0 0 0 0 0 0 0 0 0 0 0 0 0 0 0 0 0 0 0 0 0 0 0 0 0 0 0 0 0 0 0 0 0 0 0 0 0 0 0 0 0 0 0 0 0 0 0 0 0 0 0 0 0 0 0 0 0 0 0 0 0 0 0 0 0 0 0 0 0 0 0 0 0 0 0 0 0 0 0 0 0 0 0 0 0 0 0 0 0 0 0 0 0 0 0 0 0 0 0 0 0 0 0 0 0 0 0 0 0 0 0 0 0 0 0 0 0 0 0 0 0 0 0 0 0 0 0 0 0 0 0 0 0 0 0 0 0 0 0 0 0 0 0 0 0 0 0 0 0 0 0 0 0 0 0 0 0 0 0 0 0 0 0 0 0 0 0 0 0 0 0 0 0 0 0 0 0 0 0 0 0 0 0 0 0 0 0 0 0 0 0 0 0 0 0 0 0 0 0 0 0 0 0 0 0 0 0 0 0 0 0 0 0 0 0 0 0 0 0 0 0 0 0 0 0 0 0 0 0 0 0 0 0 0 0 0 0 0 0 0 0 0 0 0 0 0 0 0 0 0 0 0 0 0 0 0 0 0 0 0 0 0 0 0 0 0 0 0 0 0 0 0 0 0 0 0 0 0 0 0 0 0.0001912649313453585 0.0009755573701113462 0.002333992626518011 0.004197512287646532 0.006508350372314453 0.009234962984919548 0.01237574219703674 0.01595470681786537 0.01994810439646244 0.02436498925089836 0.02912295050919056 0.03419088944792747 0.03954150527715683 0.04513956978917122 0.05101378262042999 0.05717039480805397 0.06358302384614944 0.07023484259843826 0.07710549980401993 0.08416759967803955 0.09140476584434509 0.09877714514732361 0.1062394678592682 0.1138194873929024 0.1215340569615364 0.1294036060571671 0.1374163180589676 0.1455249339342117 0.1537127941846848 0.1619694232940674 0.169541209936142 0.1747992038726807 0.1766962558031082 0.1745755821466446 0.1679868102073669 0.1595874726772308 0.1516080945730209 0.1440276950597763 0.1368263065814972 0.1299849897623062 0.1234857439994812 0.117311455309391 0.1114458814263344 0.1058735847473145 0.1005799025297165 0.09555090963840485 0.09077336639165878 0.08623469620943069 0.08192296326160431 0.07782681286334991 0.07393547147512436 0.07023869454860687 0.06672675907611847 0.06339041888713837 0.06022089719772339 0.05720985308289528 0.05434935912489891 0.05163189023733139 0.04905029386281967 0.04659777879714966 0.04426788911223412 0.04205449298024178 0.03995176777243614 0.0379541777074337 0.03605647012591362 0.03425364568829536 0.03254096210002899 0.03091391362249851 0.02936821803450584 0.02789980731904507 0.02650481648743153 0.02517957612872124 0.02392059750854969 0.0227245669811964 0.02158833853900433 0.02050892077386379 0.01948347501456738 0.01850930042564869 0.01758383587002754 0.01670464500784874 0.01586941257119179 0.01507594157010317 0.01432214491069317 0.01360603794455528 0.01292573567479849 0.01227944903075695 0.01166547648608685 0.01108220219612122 0.01052809227257967 0.01000168733298779 0.009501602500677109 0.009026522748172283 0.008575196377933025 0.008146436884999275 0.007739115040749311 0.007352159358561039 0.006984551437199116 0.006635324098169804 0.006303558126091957 0.005988380406051874 0.00568896159529686 0.005404513329267502 0.005134287755936384 0.004877573344856501 0.004633694887161255 0.00440201023593545 0.004181909840553999 0.003972814418375492 0.003774173790588975 0.003585465019568801 0.0034061917103827 0.003235882148146629 0.003074088133871555 0.002920383820310235 0.002774364547803998 0.002635646378621459 0.002503864001482725 0.002378670731559396 0.002259737113490701 0.002146750222891569 0.002039412735030055 0.001937442109920084 0.001840570010244846 0.00174854148644954 0.001661114394664764 0.001578058698214591 0.001499155769124627 0.001424198038876057 0.001352988183498383 0.001285338774323463 0.001221071812324226 0.001160018262453377 0.001102017355151474 0.001046916469931602 0.0009945706697180867 0.0009448421187698841 0.0008976000244729221 0.0008527199970558286 0.0008100839913822711 0.0007695797830820084 0.0007311007939279079 0.0006945457425899804 0.0006598184700123966 0.0006268275319598615 0.0005954861408099532 0.0005657118163071573 0.0005374262109398842 0.0005105548771098256 0.0004850271216128021 0.0004607757728081197 0.0004377369768917561 0.0004158501396887004 0.0003950576356146485 0.0003753047494683415 0.0003565395018085837 0.0003387125325389206 0.0003217768971808255 0.0003056880668736994 0.0002904036664403975 0.0002758834743872285 0.0002620893064886332 0.0002489848411642015 0.0002365356049267575 0.0002247088268632069 0.0002134733804268762 0.0002027997106779367 0.0001926597324199975 0.0001830267428886145 0.0001738754071993753 0.0001651816419325769 0.000156922556925565 0.0001490764261689037 0.000141622600494884 0.0001345414639217779 0.0001278143899980932 0.0001214236690429971 0.000115352486318443 0.0001095848638215102 0.0001041056239046156 9.89003456197679e-05 9.395532833877951e-05 8.92575626494363e-05 8.479468669975176e-05 8.055494981817901e-05 7.652720523765311e-05 7.270084461197257e-05 6.906580529175699e-05 6.561251211678609e-05 6.233188469195738e-05 5.921529009356163e-05 5.625452467938885e-05 5.344179953681305e-05 5.07697113789618e-05 4.823122435482219e-05 4.58196627732832e-05 4.352867836132646e-05 4.135224298806861e-05 3.92846304748673e-05 3.732039840542711e-05 3.545437721186318e-05 3.368165926076472e-05 3.199757702532224e-05 3.039769762835931e-05 2.887781192839611e-05 2.743392178672366e-05 2.606222551548854e-05 2.475911423971411e-05 2.352115916437469e-05 2.234510066045914e-05 2.122784644598141e-05 2.016645339608658e-05 1.91581311810296e-05 1.82002240762813e-05 1.729021278151777e-05 1.642570168769453e-05 1.560441705805715e-05 1.482419611420482e-05 1.408298612659564e-05 1.337883713858901e-05 1.27098955999827e-05 1.20744007290341e-05 1.147068087448133e-05 1.089714714908041e-05 1.035228979162639e-05 9.834675438469276e-06 9.342941666545812e-06 8.875794264895376e-06 8.432004506175872e-06 8.010404599190224e-06 7.609884505654918e-06 7.229390121210599e-06 6.867920546937967e-06 6.524524451378966e-06 6.198298251547385e-06 5.888383384444751e-06 5.593964033323573e-06 5.314265763445292e-06 5.048552338848822e-06 4.796124812855851e-06 4.556318344839383e-06 4.328502654971089e-06 4.1120774767478e-06 3.906473466486204e-06 3.711149702212424e-06 3.525592319419957e-06 3.349312692080275e-06 3.181846977895475e-06 3.022754526682547e-06 2.871616743505001e-06 2.728035951804486e-06 2.591634256532416e-06 2.462052634655265e-06 2.338950025659869e-06 2.222002422058722e-06 2.110902187268948e-06 2.005357146117603e-06 1.905089334286458e-06 1.809834884625161e-06 1.719343117656535e-06 1.633375973142392e-06 1.551707214275666e-06 1.474121859246225e-06 1.40041572649352e-06 1.330394979959237e-06 1.263875219592592e-06 1.20068148135033e-06 1.140647441388865e-06 1.083615075003763e-06 1.029434315569233e-06 9.779625997907715e-07 9.290644698012329e-07 8.826112321003166e-07 8.384806733374717e-07 7.965566624079656e-07 7.567288093923707e-07 7.188923518697266e-07 6.829477570136078e-07 6.488003805316112e-07 6.163603529785178e-07 5.855423523826175e-07 5.562652631851961e-07 5.284520057102782e-07 5.020294224777899e-07 4.769279371430457e-07 4.530815544967481e-07 4.30427462561056e-07 4.089060894330032e-07 3.884607906456949e-07 3.690377639031794e-07 3.505858785501914e-07 3.330565903070237e-07 3.164037707392708e-07 3.005835935709911e-07 2.855544209978689e-07
 0 0 0 0 0 0 0 0 0 0 0 0 0 0 0 0 0 0 0 0 0 0 0 0 0 0 0 0 0 0 0 0 0 0 0 0 0 0 0 0 0 0 0 0 0 0 0 0 0 0 0 0 0 0 0 0 0 0 0 0 0 0 0 0 0 0 0 0 0 0 0 0 0 0 0 0 0 0 0 0 0 0 0 0 0 0 0 0 0 0 0 0 0 0 0 0 0 0 0 0 0 0 0 0 0 0 0 0 0 0 0 0 0 0 0 0 0 0 0 0 0 0 0 0 0 0 0 0 0 0 0 0 0 0 0 0 0 0 0 0 0 0 0 0 0 0 0 0 0 0 0 0 0 0 0 0 0 0 0 0 0 0 0 0 0 0 0 0 0 0 0 0 0 0 0 0 0 0 0 0 0 0 0 0 0 0 0 0 0 0 0 0 0 0 0 0 0 0 0 0 0 0 0 0 0 0 0 0 0 0 0 0 0 0 0 0 0 0 0 0 0 0 0 0 0 0 0 0 0 0 0 0 0 0 0 0 0 0 0 0 0 0 0 0 0 0 0 0 0 0 0 0 0 0 0 0 0 0 0 0 0 0 0 0 0 0 0 0 0 0 0 0 0 0 0 0 0 0 0 0 0 0 0 0 0 0 0 0 0 0 0 0 0 0 0 0 0 0 0 0 0 0 0 0 0 0 0 0 0 0 0 0 0 0 0 0 0 0 0 0 0 0 0 0 0 0 0 0 0 0 0 0 0 0 0 0 0 0 0 0 0 0 0 0 0 0 0 0 0 0 0 0 0 0 0 0 0 0 0 0 0 0 0 0 0 0 0 0 0 0 0 0 0 0 0 0 0 0 0 0 0 0 0 0 0 0 0 0 0 0 0 0 0 0 0 0 0 0 0 0 0 0 0 0 0 0 0 0 0 0 0 0 0 0 0 0 0 0 0 0 0 0 0 0 0 0 0 0 0 0 0 0 0 0 0 0 0 0 0 0 0 0 0 0 0 0 0 0 0 0 0 0 0 0 0 0 0 0 0 0 0 0 0 0 0 0 0 0 0 0 0 0 0 0 0 0 0 0 0 0 0 0 0 0 0 0 0 0 0 0 0 0 0 0 0 0 0 0 0 0 0 0 0 0 0 0 0 0 0 0 0 0 0 0 0 0 0 0 0 0 0 0 0 0 0 0 0 0 0 0 0 0 0 0 0 0 0 0 0 0 0 0 0 0 0 0 0 0 0 0 0 0 0 0 0 0 0 0 0 0 0 0 0 0 0 0 0 0 0 0 0 0 0 0 0 0 0 0 0 0 0 0 0 0 0 0 0 0 0 0 0 0 0 0 0 0 0 0 0 0
 0 0 0 0 0 0 0 0 0 0 0 0 0 0 0 0 0 0 0 0 0 0 0 0 0 0 0 0 0 0 0 0 0 0 0 0 0 0 0 0 0 0 0 0 0 0 0 0 0 0 0 0 0 0 0 0 0 0 0 0 0 0 0 0 0 0 0 0 0 0 0 0 0 0 0 0 0 0 0 0 0 0 0 0 0 0 0 0 0 0 0 0 0 0 0 0 0 0 0 0 0 0 0 0 0 0 0 0 0 0 0 0 0 0 0 0 0 0 0 0 0 0 0 0 0 0 0 0 0 0 0 0 0 0 0 0 0 0 0 0 0 0 0 0 0 0 0 0 0 0 0 0 0 0 0 0 0 0 0 0 0 0 0 0 0 0 0 0 0 0 0 0 0 0 0 0 0 0 0 0 0 0 0 0 0 0 0 0 0 0 0 0 0 0 0 0 0 0 0 0 0 0 0 0 0 0 0 0 0 0 0 0 0 0 0 0 0 0 0 0 0 0 0 0 0 0 0 0 0 0 0 0 0 0 0 0 0 0 0 0 0 0 0 0 0 0 0 0 0 0 0 0 0 0 0 0 0 0 0 0 0 0 0 0 0 0 0 0 0 0 0 0 0 0 0 0 0 0 0 0 0 0 0 0 0 0 0 0 0 0 0 0 0 0 0 0 0 0 0 0 0 0 0 0 0 0 0 0 0 0 0 0 0 0 0 0 0 0 0 0 0 0 0 0 0 0 0 0 0 0 0 0 0 0 0 0 0 0 0 0 0 0 0 0 0 0 0 0 0 0 0 0 0 0 0 0 0 0 0 0 0 0 0 0 0 0 0 0 0 0 0 0 0 0 0 0 0 0 0 0 0 0 0 0 0 0 0 0 0 0 0 0 0 0 0 0 0 0 0 0 0 0 0 0 0 0 0 0 0 0 0 0 0 0 0 0 0 0 0 0 0 0 0 0 0 0 0 0 0 0 0 0 0 0 0 0 0 0 0 0 0 0 0 0 0 0 0 0 0 0 0 0 0 0 0 0 0 0 0 0 0 0 0 0 0 0 0 0 0 0 0 0 0 0 0 0 0 0 0 0 0 0 0 0 0 0 0 0 0 0 0 0 0 0 0 0 0 0 0 0 0 0 0 0 0 0 0 0 0 0 0 0 0 0 0 0 0 0 0 0 0 0 0 0 0 0 0 0 0 0 0 0 0 0 0 0 0 0 0 0 0 0 0 0 0 0 0 0 0 0 0 0 0 0 0 0 0 0 0 0 0 0 0 0 0 0 0 0 0 0 0 0 0 0 0 0 0 0 0 0 0 0 0 0 0 0 0 0 0 0 0 0 0 0 0 0 0 0 0 0
 0 0 0 0 0 0 0 0 0 0 0 0 0 0 0 0 0 0 0 0 0 0 0 0 0 0 0 0 0 0 0 0 0 0 0 0 0 0 0 0 0 0 0 0 0 0 0 0 0 0 0 0 0 0 0 0 0 0 0 0 0 0 0 0 0 0 0 0 0 0 0 0 0 0 0 0 0 0 0 0 0 0 0 0 0 0 0 0 0 0 0 0 0 0 0 0 0 0 0 0 0 0 0 0 0 0 0 0 0 0 0 0 0 0 0 0 0 0 0 0 0 0 0 0 0 0 0 0 0 0 0 0 0 0 0 0 0 0 0 0 0 0 0 0 0 0 0 0 0 0 0 0 0 0 0 0 0 0 0 0 0 0 0 0 0 0 0 0 0 0 0 0 0 0 0 0 0 0 0 0 0 0 0 0 0 0 0 0 0 0 0 0 0 0 0 0 0 0 0 0 0 0 0 0 0 0 0 0 0 0 0 0 0 0 0 0 0 0 0 0 0 0 0 0 0 0 0 0 0 0 0 0 0 0 0 0 0 0 0 0 0 0 0 0 0 0 0 0 0 0 0 0 0 0 0 0 0 0 0 0 0 0 0 0 0 0 0 0 0 0 0 0 0 0 0 0 0 0 0 0 0 0 0 0 0 0 0 0 0 0 0 0 0 0 0 0 0 0 0 0 0 0 0 0 0 0 0 0 0 0 0 0 0 0 0 0 0 0 0 0 0 0 0 0 0 0 0 0 0 0 0 0 0 0 0 0 0 0 0 0 0 0 0 0 0 0 0 0 0 0 0 0 0 0 0 0 0 0 0 0 0 0 0 0 0 0 0 0 0 0 0 0 0 0 0 0 0 0 0 0 0 0 0 0 0 0 0 0 0 0 0 0 0 0 0 0 0 0 0 0 0 0 0 0 0 0 0 0 0 0 0 0 0 0 0 0 0 0 0 0 0 0 0 0 0 0 0 0 0 0 0 0 0 0 0 0 0 0 0 0 0 0 0 0 0 0 0 0 0 0 0 0 0 0 0 0 0 0 0 0 0 0 0 0 0 0 0 0 0 0 0 0 0 0 0 0 0 0 0 0 0 0 0 0 0 0 0 0 0 0 0 0 0 0 0 0 0 0 0 0 0 0 0 0 0 0 0 0 0 0 0 0 0 0 0 0 0 0 0 0 0 0 0 0 0 0 0 0 0 0 0 0 0 0 0 0 0 0 0 0 0 0 0 0 0 0 0 0 0 0 0 0 0 0 0 0 0 0 0 0 0 0 0 0 0 0 0 0 0 0 0 0 0 0 0 0 0 0 0 0 0 0 0 0 0 0 0 0 0 0 0 0 0 0 0 0 0 0 0 0
 0 0 0 0 0 0 0 0 0 0 0 0 0 0 0 0 0 0 0 0 0 0 0 0 0 0 0 0 0 0 0 0 0 0 0 0 0 0 0 0 0 0 0 0 0 0 0 0 0 0 0 0 0 0 0 0 0 0 0 0 0 0 0 0 0 0 0 0 0 0 0 0 0 0 0 0 0 0 0 0 0 0 0 0 0 0 0 0 0 0 0 0 0 0 0 0 0 0 0 0 0 0 0 0 0 0 0 0 0 0 0 0 0 0 0 0 0 0 0 0 0 0 0 0 0 0 0 0 0 0 0 0 0 0 0 0 0 0 0 0 0 0 0 0 0 0 0 0 0 0 0 0 0 0 0 0 0 0 0 0 0 0 0 0 0 0 0 0 0 0 0 0 0 0 0 0 0 0 0 0 0 0 0 0 0 0 0 0 0 0 0 0 0 0 0 0 0 0 0 0 0 0 0 0 0 0 0 0 0 0 0 0 0 0 0 0 0 0 0 0 0 0 0 0 0 0 0 0 0 0 0 0 0 0 0 0 0 0 0 0 0 0 0 0 0 0 0 0 0 0 0 0 0 0 0 0 0 0 0 0 0 0 0 0 0 0 0 0 0 0 0 0 0 0 0 0 0 0 0 0 0 0 0 0 0 0 0 0 0 0 0 0 0 0 0 0 0 0 0 0 0 0 0 0 0 0 0 0.0004741068405564874 0.001550340792164207 0.003187120426446199 0.005289322696626186 0.007860234007239342 0.01086901500821114 0.01433771755546331 0.01828617975115776 0.02265258878469467 0.02738705463707447 0.03242115676403046 0.03773393481969833 0.04334653168916702 0.04925607889890671 0.05546649172902107 0.06196501106023788 0.06870679557323456 0.07567992061376572 0.08290647715330124 0.09035032987594604 0.09790485352277756 0.105571374297142 0.1134087890386581 0.1214368417859077 0.1296503245830536 0.1379545778036118 0.1463224738836288 0.1547724902629852 0.163314551115036 0.1718995422124863 0.1786292940378189 0.1822387278079987 0.181916669011116 0.1770722568035126 0.1682186424732208 0.1598077118396759 0.1518173217773438 0.144226461648941 0.1370151340961456 0.1301643848419189 0.1236561685800552 0.1174733638763428 0.1115996986627579 0.1060197129845619 0.100718729197979 0.09568279236555099 0.09089865535497665 0.08635371923446655 0.08203603327274323 0.07793423533439636 0.07403752207756042 0.07033564895391464 0.06681886315345764 0.06347791850566864 0.06030402332544327 0.05728882178664207 0.05442437902092934 0.05170315876603127 0.04911800101399422 0.0466620996594429 0.04432899504899979 0.04211254417896271 0.04000691697001457 0.03800657019019127 0.03610624000430107 0.03430092707276344 0.03258588165044785 0.03095658682286739 0.02940875664353371 0.02793831937015057 0.02654140256345272 0.02521433308720589 0.02395361661911011 0.0227559357881546 0.02161813899874687 0.02053723111748695 0.01951036974787712 0.01853485032916069 0.01760810799896717 0.01672770269215107 0.01589131727814674 0.01509675104171038 0.01434191316366196 0.01362481713294983 0.01294357609003782 0.0122963972389698 0.0116815771907568 0.0110974982380867 0.0105426236987114 0.01001549232751131 0.009514717385172844 0.009038981050252914 0.008587031625211239 0.008157679811120033 0.007749795913696289 0.007362306118011475 0.006994190625846386 0.006644480861723423 0.006312256678938866 0.005996644031256437 0.005696811713278294 0.005411971360445023 0.005141372792422771 0.004884304013103247 0.004640088882297277 0.004408084321767092 0.004187680315226316 0.003978296183049679 0.003779381280764937 0.003590412205085158 0.003410891629755497 0.00324034714139998 0.003078329842537642 0.002924413420259953 0.002778192749246955 0.002639283193275332 0.002507318975403905 0.002381952945142984 0.002262855414301157 0.002149712760001421 0.002042227191850543 0.001940115820616484 0.001843110076151788 0.001750954543240368 0.00166340684518218 0.001580236479640007 0.001501224702224135 0.001426163478754461 0.001354855252429843 0.001287112478166819 0.001222756807692349 0.001161618973128498 0.001103537972085178 0.001048361067660153 0.0009959429735317826 0.000946145853959024 0.0008988385670818388 0.0008538966649211943 0.0008112018113024533 0.0007706417236477137 0.0007321096491068602 0.0006955041899345815 0.000660728954244405 0.0006276924978010356 0.0005963078583590686 0.0005664924392476678 0.0005381678347475827 0.0005112594226375222 0.0004856964515056461 0.0004614116332959384 0.000438341055996716 0.0004164240090176463 0.000395602808566764 0.0003758226812351495 0.0003570315602701157 0.0003391799691598862 0.0003222209634259343 0.0003061099268961698 0.0002908044261857867 0.0002762642106972635 0.0002624510088935494 0.0002493284700904042 0.0002368620480410755 0.0002250189427286386 0.0002137679985025898 0.0002030796022154391 0.0001929256250150502 0.0001832793495850638 0.0001741153828334063 0.0001654096122365445 0.0001571391330799088 0.0001492821756983176 0.0001418180618202314 0.0001347271609120071 0.0001279908028664067 0.0001215912634506822 0.0001155116988229565 0.0001097361164283939 0.0001042493095155805 9.903684258460999e-05 9.408500045537949e-05 8.938075188780203e-05 8.491171320201829e-05 8.066612645052373e-05 7.663282303838059e-05 7.280118006747216e-05 6.916112033650279e-05 6.570306140929461e-05 6.241790833882987e-05 5.929701364948414e-05 5.6332162785111e-05 5.351555591914803e-05 5.083977885078639e-05 4.829778845305555e-05 4.588289812090807e-05 4.358875230536796e-05 4.140931559959427e-05 3.933885091100819e-05 3.737190854735672e-05 3.550331166479737e-05 3.372814535396174e-05 3.204173845006153e-05 3.043965079996269e-05 2.891766780521721e-05 2.747178405115847e-05 2.609819421195425e-05 2.479328395565972e-05 2.355361903028097e-05 2.237593798781745e-05 2.125714127032552e-05 2.019428393396083e-05 1.918457019201014e-05 1.822534250095487e-05 1.731407610350288e-05 1.644837175263092e-05 1.562595389259513e-05 1.484465610701591e-05 1.410242293786723e-05 1.33973017000244e-05 1.27274370242958e-05 1.209106540045468e-05 1.148651244875509e-05 1.091218655346893e-05 1.036657704389654e-05 9.848247827903833e-06 9.355835572932847e-06 8.888044249033555e-06 8.443642400379758e-06 8.021460416784976e-06 7.620387350470992e-06 7.23936818758375e-06 6.877399755467195e-06 6.53352981316857e-06 6.206853413459612e-06 5.896510629099794e-06 5.601685188594274e-06 5.32160083821509e-06 5.055520887253806e-06 4.802745024790056e-06 4.562607955449494e-06 4.334477580414386e-06 4.117753633181565e-06 3.911865860573016e-06 3.716272658493835e-06 3.530459025569144e-06 3.353936108396738e-06 3.186239382557687e-06 3.026927515747957e-06 2.875581230910029e-06 2.731802169364528e-06 2.595211981315515e-06 2.465451416355791e-06 2.342178959224839e-06 2.225069920314127e-06 2.113816435667104e-06 2.0081256479898e-06 1.907719251903472e-06 1.812333266570931e-06 1.72171655776765e-06 1.635630724194925e-06 1.553849187985179e-06 1.476156739954604e-06 1.402348857482139e-06 1.332231363448955e-06 1.26561974411743e-06 1.202338808070635e-06 1.142221890404471e-06 1.085110852727666e-06 1.030855287353916e-06 9.79312517301878e-07 9.303469141741516e-07 8.838295570967603e-07 8.396380621888966e-07 7.976561846589902e-07 7.57773364057357e-07 7.198847242761985e-07 6.838905051154143e-07 6.49696005439182e-07 6.172111852720263e-07 5.863506089553994e-07 5.570331040871679e-07 5.291814204611001e-07 5.027223437537032e-07 4.775862407768727e-07 4.537069173693453e-07 4.310215615532798e-07 4.094704877388722e-07 3.889969661940995e-07 3.695471093578817e-07 3.51069758153244e-07 3.335162830353511e-07 3.16840470304669e-07 3.009984368418372e-07
 0 0 0 0 0 0 0 0 0 0 0 0 0 0 0 0 0 0 0 0 0 0 0 0 0 0 0 0 0 0 0 0 0 0 0 0 0 0 0 0 0 0 0 0 0 0 0 0 0 0 0 0 0 0 0 0 0 0 0 0 0 0 0 0 0 0 0 0 0 0 0 0 0 0 0 0 0 0 0 0 0 0 0 0 0 0 0 0 0 0 0 0 0 0 0 0 0 0 0 0 0 0 0 0 0 0 0 0 0 0 0 0 0 0 0 0 0 0 0 0 0 0 0 0 0 0 0 0 0 0 0 0 0 0 0 0 0 0 0 0 0 0 0 0 0 0 0 0 0 0 0 0 0 0 0 0 0 0 0 0 0 0 0 0 0 0 0 0 0 0 0 0 0 0 0 0 0 0 0 0 0 0 0 0 0 0 0 0 0 0 0 0 0 0 0 0 0 0 0 0 0 0 0 0 0 0 0 0 0 0 0 0 0 0 0 0 0 0 0 0 0 0 0 0 0 0 0 0 0 0 0 0 0 0 0 0 0 0 0 0 0 0 0 0 0 0 0 0 0 0 0 0 0 0 0 0 0 0 0 0 0 0 0 0 0 0 0 0 0 0 0 0 0 0 0 0 0 0 0 0 0 0 0 0 0 0 0 0 0 0 0 0 0 0 0 0 0 0 0 0 0 0 0 0 0 0 0 0 0 0 0 0 0 0 0 0 0 0 0 0 0 0 0 0 0 0 0 0 0 0 0 0 0 0 0 0 0 0 0 0 0 0 0 0 0 0 0 0 0 0 0 0 0 0 0 0 0 0 0 0 0 0 0 0 0 0 0 0 0 0 0 0 0 0 0 0 0 0 0 0 0 0 0 0 0 0 0 0 0 0 0 0 0 0 0 0 0 0 0 0 0 0 0 0 0 0 0 0 0 0 0 0 0 0 0 0 0 0 0 0 0 0 0 0 0 0 0 0 0 0 0 0 0 0 0 0 0 0 0 0 0 0 0 0 0 0 0 0 0 0 0 0 0 0 0 0 0 0 0 0 0 0 0 0 0 0 0 0 0 0 0 0 0 0 0 0 0 0 0 0 0 0 0 0 0 0 0 0 0 0 0 0 0 0 0 0 0 0 0 0 0 0 0 0 0 0 0 0 0 0 0 0 0 0 0 0 0 0 0 0 0 0 0 0 0 0 0 0 0 0 0 0 0 0 0 0 0 0 0 0 0 0 0 0 0 0 0 0 0 0 0 0 0 0 0 0 0 0 0 0 0 0 0 0 0 0 0 0 0 0 0 0 0 0 0 0 0 0 0 0 0 0 0 0 0 0 0 0 0 0 0 0 0 0 0 0 0 0 0 0
 0 0 0 0 0 0 0 0 0 0 0 0 0 0 0 0 0 0 0 0 0 0 0 0 0 0 0 0 0 0 0 0 0 0 0 0 0 0 0 0 0 0 0 0 0 0 0 0 0 0 0 0 0 0 0 0 0 0 0 0 0 0 0 0 0 0 0 0 0 0 0 0 0 0 0 0 0 0 0 0 0 0 0 0 0 0 0 0 0 0 0 0 0 0 0 0 0 0 0 0 0 0 0 0 0 0 0 0 0 0 0 0 0 0 0 0 0 0 0 0 0 0 0 0 0 0 0 0 0 0 0 0 0 0 0 0 0 0 0 0 0 0 0 0 0 0 0 0 0 0 0 0 0 0 0 0 0 0 0 0 0 0 0 0 0 0 0 0 0 0 0 0 0 0 0 0 0 0 0 0 0 0 0 0 0 0 0 0 0 0 0 0 0 0 0 0 0 0 0 0 0 0 0 0 0 0 0 0 0 0 0 0 0 0 0 0 0 0 0 0 0 0 0 0 0 0 0 0 0 0 0 0 0 0 0 0 0 0 0 0 0 0 0 0 0 0 0 0 0 0 0 0 0 0 0 0 0 0 0 0 0 0 0 0 0 0 0 0 0 0 0 0 0 0 0 0 0 0 0 0 0 0 0 0 0 0 0 0 0 0 0 0 0 0 0 0 0 0 0 0 0 0 0 0 0 0 0 0 0 0 0 0 0 0 0 0 0 0 0 0 0 0 0 0 0 0 0 0 0 0 0 0 0 0 0 0 0 0 0 0 0 0 0 0 0 0 0 0 0 0 0 0 0 0 0 0 0 0 0 0 0 0 0 0 0 0 0 0 0 0 0 0 0 0 0 0 0 0 0 0 0 0 0 0 0 0 0 0 0 0 0 0 0 0 0 0 0 0 0 0 0 0 0 0 0 0 0 0 0 0 0 0 0 0 0 0 0 0 0 0 0 0 0 0 0 0 0 0 0 0 0 0 0 0 0 0 0 0 0 0 0 0 0 0 0 0 0 0 0 0 0 0 0 0 0 0 0 0 0 0 0 0 0 0 0 0 0 0 0 0 0 0 0 0 0 0 0 0 0 0 0 0 0 0 0 0 0 0 0 0 0 0 0 0 0 0 0 0 0 0 0 0 0 0 0 0 0 0 0 0 0 0 0 0 0 0 0 0 0 0 0 0 0 0 0 0 0 0 0 0 0 0 0 0 0 0 0 0 0 0 0 0 0 0 0 0 0 0 0 0 0 0 0 0 0 0 0 0 0 0 0 0 0 0 0 0 0 0 0 0 0 0 0 0 0 0 0 0 0 0 0 0 0 0 0 0 0 0 0 0 0 0 0 0 0 0 0 0 0 0


# name: r_0_m8_G0_L0p3_D0p7
# type: matrix
# rows: 1
# columns: 14
 0 -8 0.2 0 0.3 0 -4.919666666666667 0 0 0.08460365823453907 0 139.3333333333333 1.032795558988644 0.7




