# Created by Octave 3.8.2, Sat Jun 17 19:48:54 2017 BST <co1ssj@node117>
# name: result
# type: scalar struct
# ndims: 2
 1 1
# length: 3
# name: params
# type: scalar struct
# ndims: 2
 1 1
# length: 18
# name: cleanup
# type: scalar
0


# name: num_runs
# type: scalar
6


# name: dopamine
# type: scalar
0.7


# name: targetCross
# type: scalar
1


# name: targetLuminance
# type: scalar
0.3


# name: targetWidthX
# type: scalar
6


# name: targetWidthY
# type: scalar
2


# name: fixCross
# type: scalar
1


# name: fixLuminance
# type: scalar
0.2


# name: fixWidthX
# type: scalar
6


# name: fixWidthY
# type: scalar
2


# name: fixOn
# type: scalar
0


# name: targetOff
# type: scalar
1


# name: targetOn
# type: scalar
0.2


# name: fixOff
# type: scalar
0.2


# name: targetThetaX
# type: scalar
0


# name: targetThetaY
# type: scalar
-17


# name: exptnum
# type: scalar
0




# name: r_0_m17_G0_L0p3_D0p7_llbn
# type: matrix
# rows: 24
# columns: 600
 0 0 0 0 0 0 0 0 0 0 0 0 0 0 0 0 0 0 0 0 0 0 0 0 0 0 0 0 0 0 0 0 0 0 0 0 0 0 0 0 0 0 0 0 0 0 0 0 0 0 0 0 0 0 0 0 0 0 0 0 0 0 0 0 0 0 0 0 0 0 0 0 0 0 0 0 0 0 0 0 0 0 0 0 0 0 0 0 0 0 0 0 0 0 0 0 0 0 0 0 0 0 0 0 0 0 0 0 0 0 0 0 0 0 0 0 0 0 0 0 0 0 0 0 0 0 0 0 0 0 0 0 0 0 0 0 0 0 0 0 0 0 0 0 0 0 0 0 0 0 0 0 0 0 0 0 0 0 0 0 0 0 0 0 0 0 0 0 0 0 0 0 0 0 0 0 0 0 0 0 0 0 0 0 0 0 0 0 0 0 0 0 0 0 0 0 0 0 0 0 0 0 0 0 0 0 0 0 0 0 0 0 0 0 0 0 0 0 0 0 0 0 0 0 0 0 0 0 0 0 0 0 0 0 0 0 0 0 0 0 0 0 0 0 0 0 0 0 0 0 0 0 0 0 0 0 0 0 0 0 0 0 0 0 0 0 0 0 0 0 0 0 0 0 0 0 0 0 0 0 0 0 0 0 0 0 0 0 0 0 0 0 0 0 0 0 0 0 0 0 0 0 0 0 0 0 0 0 0 0 0 0 0 0 0 0 0 0 0 0 0 0 0 0 0 0 0 0 0 0 0 0 0 0 0 0 0 0 0 0 0 0 0 0 0 0 0 0 0 0 0 0 0 0 0 0 0 0 0 0 0 0 0 0 0 0 0 0 0 0 0 0 0 0 0 0 0 0 0 0 0 0 0 0 0 0 0 0 0 0 0 0 0 0 0 0 0 0 0 0 0 0 0 0 0 0 0 0 0 0 0 0 0 0 0 0 0 0 0 0 0 0 0 0 0 0 0 0 0 0 0 0 0 0 0 0 0 0 0 0 0 0 0 0 0 0 0 0 0 0 0 0 0 0 0 0 0 0 0 0 0 0 0 0 0 0 0 0 0 0 0 0 0 0 0 0 0 0 0 0 0 0 0 0 0 0 0 0 0 0 0 0 0 0 0 0 0 0 0 0 0 0 0 0 0 0 0 0 0 0 0 0 0 0 0 0 0 0 0 0 0 0 0 0 0 0 0 0 0 0 0 0 0 0 0 0 0 0 0 0 0 0 0 0 0 0 0 0 0 0 0 0 0 0 0 0 0 0 0 0 0 0 0 0 0 0 0 0 0 0 0 0 0 0 0 0 0 0 0 0 0 0 0 0 0 0 0 0 0 0 0 0 0 0 0 0 0 0 0 0
 0 0 0 0 0 0 0 0 0 0 0 0 0 0 0 0 0 0 0 0 0 0 0 0 0 0 0 0 0 0 0 0 0 0 0 0 0 0 0 0 0 0 0 0 0 0 0 0 0 0 0 0 0 0 0 0 0 0 0 0 0 0 0 0 0 0 0 0 0 0 0 0 0 0 0 0 0 0 0 0 0 0 0 0 0 0 0 0 0 0 0 0 0 0 0 0 0 0 0 0 0 0 0 0 0 0 0 0 0 0 0 0 0 0 0 0 0 0 0 0 0 0 0 0 0 0 0 0 0 0 0 0 0 0 0 0 0 0 0 0 0 0 0 0 0 0 0 0 0 0 0 0 0 0 0 0 0 0 0 0 0 0 0 0 0 0 0 0 0 0 0 0 0 0 0 0 0 0 0 0 0 0 0 0 0 0 0 0 0 0 0 0 0 0 0 0 0 0 0 0 0 0 0 0 0 0 0 0 0 0 0 0 0 0 0 0 0 0 0 0 0 0 0 0 0 0 0 0 0 0 0 0 0 0 0 0 0 0 0 0 0 0 0 0 0 0 0 0 0 0 0 0 0 0 0 0 0 0 0 0 0 0 0 0 0 0 0 0 0 0 0 0 0 0 0 0 0 0 0 0 0 0 0 0 0 0 0 0 0 0 0 0 0 0 0 0 0 0 0 0 0 0 0 0 0 0 0 0 0 0 0 0 0 0 0 0 0 0 0.0005860900273546576 0.002603542059659958 0.006203333847224712 0.01181505806744099 0.01970880664885044 0.02998527884483337 0.04291228577494621 0.05882784724235535 0.07820369303226471 0.1011840775609016 0.1276085376739502 0.1571928262710571 0.1899590790271759 0.2262967228889465 0.2649818956851959 0.3017328083515167 0.336646169424057 0.369813859462738 0.4013231694698334 0.4312570095062256 0.4596941471099854 0.4867094457149506 0.5123739838600159 0.5367552638053894 0.5599175095558167 0.5819216370582581 0.6028255820274353 0.6191864609718323 0.6215020418167114 0.6101159453392029 0.5861532092094421 0.5568455457687378 0.5290032625198364 0.5025531053543091 0.4774254560470581 0.4535541832447052 0.4308764636516571 0.4093326330184937 0.3888660073280334 0.3694227039813995 0.3509515821933746 0.333404004573822 0.3167338073253632 0.3008971214294434 0.2858522534370422 0.2715596556663513 0.2579816579818726 0.2450825721025467 0.2328284382820129 0.2211870104074478 0.210127666592598 0.1996212899684906 0.18964022397995 0.1801582127809525 0.1711502969264984 0.1625927835702896 0.154463142156601 0.1467399895191193 0.1394029855728149 0.132432833313942 0.1258111894130707 0.1195206269621849 0.1135445982217789 0.1078673675656319 0.1024739965796471 0.09735029935836792 0.0924827829003334 0.087858647108078 0.08346571773290634 0.07929243147373199 0.07532781362533569 0.07156142592430115 0.06798335164785385 0.06458418071269989 0.06135497242212296 0.05828722566366196 0.05537286400794983 0.05260422080755234 0.04997400939464569 0.04747530817985535 0.04510154202580452 0.04284646362066269 0.04070413857698441 0.0386689305305481 0.03673548251390457 0.03489870950579643 0.03315377235412598 0.0314960852265358 0.02992128022015095 0.02842521667480469 0.02700395509600639 0.02565375715494156 0.02437106892466545 0.02315251529216766 0.02199488878250122 0.02089514397084713 0.01985038630664349 0.01885786652565002 0.01791497319936752 0.01701922528445721 0.01616826467216015 0.0153598515316844 0.01459185872226954 0.01386226620525122 0.01316915266215801 0.01251069456338882 0.01188515964895487 0.01129090134054422 0.01072635594755411 0.01019003801047802 0.009680535644292831 0.009196508675813675 0.008736683055758476 0.00829984899610281 0.007884856313467026 0.007490613497793674 0.007116083055734634 0.006760278716683388 0.006422264967113733 0.006101151928305626 0.005796094425022602 0.005506289657205343 0.005230975337326527 0.004969426430761814 0.004720955155789852 0.004484907258301973 0.004260662011802197 0.004047628957778215 0.003845247440040112 0.003652984974905849 0.003470335621386766 0.003296818817034364 0.003131977980956435 0.00297537911683321 0.002826610114425421 0.002685279585421085 0.002551015699282289 0.002423465019091964 0.002302291803061962 0.002187177306041121 0.002077818382531404 0.001973927486687899 0.001875231158919632 0.001781469560228288 0.001692396122962236 0.001607776270247996 0.001527387415990233 0.00145101803354919 0.001378467073664069 0.001309543731622398 0.001244066515937448 0.001181863248348236 0.001122770132496953 0.001066631637513638 0.001013300032354891 0.0009626350365579128 0.0009145032963715494 0.0008687781519256532 0.0008253392297774553 0.0007840722682885826 0.0007448686519637704 0.0007076252368278801 0.0006722440011799335 0.0006386318127624691 0.0006067001959308982 0.0005763651570305228 0.0005475468933582306 0.0005201695603318512 0.0004941610968671739 0.0004694530507549644 0.0004459804040379822 0.0004236813983879983 0.0004024973313789815 0.000382372469175607 0.0003632538428064436 0.0003450911608524621 0.000327836605720222 0.0003114447754342109 0.0002958725381176919 0.0002810789155773818 0.0002670249668881297 0.0002536737301852554 0.0002409900480415672 0.0002289405383635312 0.0002174935070797801 0.0002066188317257911 0.00019628788868431 0.0001864734949776903 0.0001771498209564015 0.0001682923320913687 0.0001598777162143961 0.0001518838253105059 0.0001442896318621933 0.0001370751560898498 0.000130221393192187 0.0001237103278981522 0.0001175248107756488 0.0001116485727834515 0.0001060661452356726 0.000100762837973889 9.572469571139663e-05 9.093846165342256e-05 8.63915411173366e-05 8.207196515286341e-05 7.796836871420965e-05 7.406994700431824e-05 7.03664481989108e-05 6.684812251478434e-05 6.35057149338536e-05 6.033042882336304e-05 5.731390774599276e-05 5.444821363198571e-05 5.172580131329596e-05 4.913951124763116e-05 4.668253677664325e-05 4.43484095740132e-05 4.213098873151466e-05 4.002443893114105e-05 3.802321589319035e-05 3.612205546232872e-05 3.431595177971758e-05 3.260015364503488e-05 3.097014632658102e-05 2.942163882835303e-05 2.795055661408696e-05 2.655302887433209e-05 2.522537761251442e-05 2.396410854998976e-05 2.276590385008603e-05 2.162760938517749e-05 2.05462292797165e-05 1.951891863427591e-05 1.854297261161264e-05 1.76158246176783e-05 1.673503356869332e-05 1.58982820721576e-05 1.510336824139813e-05 1.434820023860084e-05 1.363078990834765e-05 1.294925004913239e-05 1.230178713740315e-05 1.168669768958353e-05 1.110236280510435e-05 1.054724452842493e-05 1.001988221105421e-05 9.518887964077294e-06 9.04294392967131e-06 8.590796824137215e-06 8.161257028405089e-06 7.753194040560629e-06 7.365534202108392e-06 6.99725751474034e-06 6.647394457104383e-06 6.315024620562326e-06 5.999273525958415e-06 5.699309895135229e-06 5.41434428669163e-06 5.143627276993357e-06 4.886445822194219e-06 4.642123712983448e-06 4.410017481859541e-06 4.189516403130256e-06 3.980040673923213e-06 3.781038685701787e-06 3.591986796891433e-06 3.41238751389028e-06 3.241768126827083e-06 3.079679800066515e-06 2.92569575321977e-06 2.779411033770884e-06 2.640440470713656e-06 2.508418447177974e-06 2.382997536187759e-06 2.263847591166268e-06 2.150655291188741e-06 2.043122549366672e-06 1.940966512847808e-06 1.843918198574102e-06 1.751722265908029e-06 1.664136107137892e-06 1.58092927904363e-06 1.501882820775791e-06
 0 0 0 0 0 0 0 0 0 0 0 0 0 0 0 0 0 0 0 0 0 0 0 0 0 0 0 0 0 0 0 0 0 0 0 0 0 0 0 0 0 0 0 0 0 0 0 0 0 0 0 0 0 0 0 0 0 0 0 0 0 0 0 0 0 0 0 0 0 0 0 0 0 0 0 0 0 0 0 0 0 0 0 0 0 0 0 0 0 0 0 0 0 0 0 0 0 0 0 0 0 0 0 0 0 0 0 0 0 0 0 0 0 0 0 0 0 0 0 0 0 0 0 0 0 0 0 0 0 0 0 0 0 0 0 0 0 0 0 0 0 0 0 0 0 0 0 0 0 0 0 0 0 0 0 0 0 0 0 0 0 0 0 0 0 0 0 0 0 0 0 0 0 0 0 0 0 0 0 0 0 0 0 0 0 0 0 0 0 0 0 0 0 0 0 0 0 0 0 0 0 0 0 0 0 0 0 0 0 0 0 0 0 0 0 0 0 0 0 0 0 0 0 0 0 0 0 0 0 0 0 0 0 0 0 0 0 0 0 0 0 0 0 0 0 0 0 0 0 0 0 0 0 0 0 0 0 0 0 0 0 0 0 0 0 0 0 0 0 0 0 0 0 0 0 0 0 0 0 0 0 0 0 0 0 0 0 0 0 0 0 0 0 0 0 0 0 0 0 0 0 0 0 0 0 0 0 0 0 0 0 0 0 0 0 0 0 0 0 0 0 0 0 0 0 0 0 0 0 0 0 0 0 0 0 0 0 0 0 0 0 0 0 0 0 0 0 0 0 0 0 0 0 0 0 0 0 0 0 0 0 0 0 0 0 0 0 0 0 0 0 0 0 0 0 0 0 0 0 0 0 0 0 0 0 0 0 0 0 0 0 0 0 0 0 0 0 0 0 0 0 0 0 0 0 0 0 0 0 0 0 0 0 0 0 0 0 0 0 0 0 0 0 0 0 0 0 0 0 0 0 0 0 0 0 0 0 0 0 0 0 0 0 0 0 0 0 0 0 0 0 0 0 0 0 0 0 0 0 0 0 0 0 0 0 0 0 0 0 0 0 0 0 0 0 0 0 0 0 0 0 0 0 0 0 0 0 0 0 0 0 0 0 0 0 0 0 0 0 0 0 0 0 0 0 0 0 0 0 0 0 0 0 0 0 0 0 0 0 0 0 0 0 0 0 0 0 0 0 0 0 0 0 0 0 0 0 0 0 0 0 0 0 0 0 0 0 0 0 0 0 0 0 0 0 0 0 0 0 0 0 0 0 0 0 0 0 0 0 0 0 0 0 0 0 0 0 0 0 0 0 0 0 0 0 0 0 0 0 0 0 0 0 0 0 0 0 0 0 0
 0 0 0 0 0 0 0 0 0 0 0 0 0 0 0 0 0 0 0 0 0 0 0 0 0 0 0 0 0 0 0 0 0 0 0 0 0 0 0 0 0 0 0 0 0 0 0 0 0 0 0 0 0 0 0 0 0 0 0 0 0 0 0 0 0 0 0 0 0 0 0 0 0 0 0 0 0 0 0 0 0 0 0 0 0 0 0 0 0 0 0 0 0 0 0 0 0 0 0 0 0 0 0 0 0 0 0 0 0 0 0 0 0 0 0 0 0 0 0 0 0 0 0 0 0 0 0 0 0 0 0 0 0 0 0 0 0 0 0 0 0 0 0 0 0 0 0 0 0 0 0 0 0 0 0 0 0 0 0 0 0 0 0 0 0 0 0 0 0 0 0 0 0 0 0 0 0 0 0 0 0 0 0 0 0 0 0 0 0 0 0 0 0 0 0 0 0 0 0 0 0 0 0 0 0 0 0 0 0 0 0 0 0 0 0 0 0 0 0 0 0 0 0 0 0 0 0 0 0 0 0 0 0 0 0 0 0 0 0 0 0 0 0 0 0 0 0 0 0 0 0 0 0 0 0 0 0 0 0 0 0 0 0 0 0 0 0 0 0 0 0 0 0 0 0 0 0 0 0 0 0 0 0 0 0 0 0 0 0 0 0 0 0 0 0 0 0 0 0 0 0 0 0 0 0 0 0 0 0 0 0 0 0 0 0 0 0 0 0 0 0 0 0 0 0 0 0 0 0 0 0 0 0 0 0 0 0 0 0 0 0 0 0 0 0 0 0 0 0 0 0 0 0 0 0 0 0 0 0 0 0 0 0 0 0 0 0 0 0 0 0 0 0 0 0 0 0 0 0 0 0 0 0 0 0 0 0 0 0 0 0 0 0 0 0 0 0 0 0 0 0 0 0 0 0 0 0 0 0 0 0 0 0 0 0 0 0 0 0 0 0 0 0 0 0 0 0 0 0 0 0 0 0 0 0 0 0 0 0 0 0 0 0 0 0 0 0 0 0 0 0 0 0 0 0 0 0 0 0 0 0 0 0 0 0 0 0 0 0 0 0 0 0 0 0 0 0 0 0 0 0 0 0 0 0 0 0 0 0 0 0 0 0 0 0 0 0 0 0 0 0 0 0 0 0 0 0 0 0 0 0 0 0 0 0 0 0 0 0 0 0 0 0 0 0 0 0 0 0 0 0 0 0 0 0 0 0 0 0 0 0 0 0 0 0 0 0 0 0 0 0 0 0 0 0 0 0 0 0 0 0 0 0 0 0 0 0 0 0 0 0 0 0 0 0 0 0 0 0 0 0 0 0 0 0 0 0 0 0 0 0 0 0 0 0 0 0 0 0 0
 0 0 0 0 0 0 0 0 0 0 0 0 0 0 0 0 0 0 0 0 0 0 0 0 0 0 0 0 0 0 0 0 0 0 0 0 0 0 0 0 0 0 0 0 0 0 0 0 0 0 0 0 0 0 0 0 0 0 0 0 0 0 0 0 0 0 0 0 0 0 0 0 0 0 0 0 0 0 0 0 0 0 0 0 0 0 0 0 0 0 0 0 0 0 0 0 0 0 0 0 0 0 0 0 0 0 0 0 0 0 0 0 0 0 0 0 0 0 0 0 0 0 0 0 0 0 0 0 0 0 0 0 0 0 0 0 0 0 0 0 0 0 0 0 0 0 0 0 0 0 0 0 0 0 0 0 0 0 0 0 0 0 0 0 0 0 0 0 0 0 0 0 0 0 0 0 0 0 0 0 0 0 0 0 0 0 0 0 0 0 0 0 0 0 0 0 0 0 0 0 0 0 0 0 0 0 0 0 0 0 0 0 0 0 0 0 0 0 0 0 0 0 0 0 0 0 0 0 0 0 0 0 0 0 0 0 0 0 0 0 0 0 0 0 0 0 0 0 0 0 0 0 0 0 0 0 0 0 0 0 0 0 0 0 0 0 0 0 0 0 0 0 0 0 0 0 0 0 0 0 0 0 0 0 0 0 0 0 0 0 0 0 0 0 0 0 0 0 0 0 0 0 0 0 0 0 0 0 0 0 0 0 0 0 0 0 0 0 0 0 0 0 0 0 0 0 0 0 0 0 0 0 0 0 0 0 0 0 0 0 0 0 0 0 0 0 0 0 0 0 0 0 0 0 0 0 0 0 0 0 0 0 0 0 0 0 0 0 0 0 0 0 0 0 0 0 0 0 0 0 0 0 0 0 0 0 0 0 0 0 0 0 0 0 0 0 0 0 0 0 0 0 0 0 0 0 0 0 0 0 0 0 0 0 0 0 0 0 0 0 0 0 0 0 0 0 0 0 0 0 0 0 0 0 0 0 0 0 0 0 0 0 0 0 0 0 0 0 0 0 0 0 0 0 0 0 0 0 0 0 0 0 0 0 0 0 0 0 0 0 0 0 0 0 0 0 0 0 0 0 0 0 0 0 0 0 0 0 0 0 0 0 0 0 0 0 0 0 0 0 0 0 0 0 0 0 0 0 0 0 0 0 0 0 0 0 0 0 0 0 0 0 0 0 0 0 0 0 0 0 0 0 0 0 0 0 0 0 0 0 0 0 0 0 0 0 0 0 0 0 0 0 0 0 0 0 0 0 0 0 0 0 0 0 0 0 0 0 0 0 0 0 0 0 0 0 0 0 0 0 0 0 0 0 0 0 0 0 0 0 0 0 0 0 0 0 0 0 0 0
 0 0 0 0 0 0 0 0 0 0 0 0 0 0 0 0 0 0 0 0 0 0 0 0 0 0 0 0 0 0 0 0 0 0 0 0 0 0 0 0 0 0 0 0 0 0 0 0 0 0 0 0 0 0 0 0 0 0 0 0 0 0 0 0 0 0 0 0 0 0 0 0 0 0 0 0 0 0 0 0 0 0 0 0 0 0 0 0 0 0 0 0 0 0 0 0 0 0 0 0 0 0 0 0 0 0 0 0 0 0 0 0 0 0 0 0 0 0 0 0 0 0 0 0 0 0 0 0 0 0 0 0 0 0 0 0 0 0 0 0 0 0 0 0 0 0 0 0 0 0 0 0 0 0 0 0 0 0 0 0 0 0 0 0 0 0 0 0 0 0 0 0 0 0 0 0 0 0 0 0 0 0 0 0 0 0 0 0 0 0 0 0 0 0 0 0 0 0 0 0 0 0 0 0 0 0 0 0 0 0 0 0 0 0 0 0 0 0 0 0 0 0 0 0 0 0 0 0 0 0 0 0 0 0 0 0 0 0 0 0 0 0 0 0 0 0 0 0 0 0 0 0 0 0 0 0 0 0 0 0 0 0 0 0 0 0 0 0 0 0 0 0 0 0 0 0 0 0 0 0 0 0 0 0 0 0 0 0 0 0 0 0 0 0 0 0 0 0 0 0 0 0 0 0 0 0 0 0 0 0 0 0 0 0 0 0 0 0 0 0 0 0 0 0 0.000763110991101712 0.003082753159105778 0.007208643481135368 0.01338565535843372 0.0218375138938427 0.03280765190720558 0.04662496224045753 0.06361515820026398 0.08424234390258789 0.1089589297771454 0.1374371349811554 0.1694345027208328 0.2051807641983032 0.2448121309280396 0.2825715243816376 0.3184429407119751 0.3525207936763763 0.3848947584629059 0.4156500101089478 0.4448675215244293 0.4726241528987885 0.4989929497241974 0.5240433216094971 0.5478411316871643 0.5704490542411804 0.5919265747070312 0.6123302578926086 0.6301341652870178 0.6333131194114685 0.62294602394104 0.6001328825950623 0.5701262354850769 0.5416198968887329 0.5145388841629028 0.4888119399547577 0.4643713533878326 0.4411527812480927 0.4190951287746429 0.3981403708457947 0.3782333433628082 0.3593216836452484 0.3413555920124054 0.3242878019809723 0.3080734014511108 0.2926697432994843 0.2780362665653229 0.2641344666481018 0.250927746295929 0.2383813560009003 0.2264622896909714 0.2151391804218292 0.2043822258710861 0.1941631138324738 0.1844549626111984 0.1752322167158127 0.1664706021547318 0.1581470668315887 0.1502397060394287 0.142727717757225 0.1355913281440735 0.1288117617368698 0.1223711743950844 0.1162526160478592 0.1104399859905243 0.1049179881811142 0.09967208653688431 0.09468848258256912 0.08995405584573746 0.08545635640621185 0.0811835378408432 0.07712435722351074 0.07326813787221909 0.06960473209619522 0.06612449884414673 0.06281827390193939 0.0596773587167263 0.05669349059462547 0.05385881662368774 0.0511658750474453 0.04860758036375046 0.04617720097303391 0.04386834055185318 0.04167492315173149 0.03959117829799652 0.03761161863803864 0.03573103621602058 0.03394448384642601 0.03224726021289825 0.03063489682972431 0.02910315245389938 0.02764799445867538 0.02626559510827065 0.02495231479406357 0.02370469830930233 0.02251946367323399 0.02139349095523357 0.02032381668686867 0.01930762641131878 0.01834224537014961 0.01742513291537762 0.01655387692153454 0.01572618260979652 0.0149398734793067 0.01419288013130426 0.01348323654383421 0.01280907448381186 0.01216862071305513 0.01156018953770399 0.01098218001425266 0.0104330712929368 0.009911417961120605 0.00941584724932909 0.008945055305957794 0.008497802540659904 0.008072912693023682 0.007669267244637012 0.007285804022103548 0.006921513937413692 0.006575438193976879 0.006246666423976421 0.005934332963079214 0.005637616384774446 0.005355735775083303 0.005087948869913816 0.004833551589399576 0.004591873846948147 0.004362280014902353 0.004144166130572557 0.003936958033591509 0.003740110201761127 0.003553104586899281 0.003375449450686574 0.003206677036359906 0.003046343103051186 0.002894025994464755 0.002749324776232243 0.00261185853742063 0.002481265692040324 0.002357202349230647 0.00223934231325984 0.002127375220879912 0.002021006541326642 0.001919956179335713 0.001823958358727396 0.001732760458253324 0.001646122429519892 0.001563816331326962 0.001485625514760613 0.001411344273947179 0.00134077703114599 0.001273738220334053 0.001210051355883479 0.001149548799730837 0.00109207141213119 0.001037467853166163 0.0009855944663286209 0.000936314754653722 0.0008894990314729512 0.0008450240711681545 0.0008027728763408959 0.0007626342121511698 0.0007245024899020791 0.0006882773595862091 0.0006538634770549834 0.0006211703293956816 0.0005901118274778128 0.0005606062477454543 0.0005325759411789477 0.0005059471586719155 0.0004806497890967876 0.0004566173010971397 0.000433786422945559 0.0004120971134398133 0.0003914922708645463 0.0003719176456797868 0.0003533217532094568 0.0003356556699145585 0.0003188728878740221 0.0003029292565770447 0.0002877828083001077 0.0002733936707954854 0.0002597239799797535 0.000246737792622298 0.000234400897170417 0.0002226808574050665 0.0002115468087140471 0.0002009694726439193 0.000190920996828936 0.0001813749404391274 0.0001723061868688092 0.0001636908709770069 0.0001555063208797947 0.0001477309997426346 0.0001403444475727156 0.0001333272230112925 0.0001266608596779406 0.0001203278152388521 0.0001143114277510904 0.0001085958574549295 0.0001031660649459809 9.800776024349034e-05 9.310737368650734e-05 8.845200500218198e-05 8.402940147789195e-05 7.982792885741219e-05 7.583653496112674e-05 7.204470603028312e-05 6.844247400294989e-05 6.502035103039816e-05 6.176933675305918e-05 5.868087100679986e-05 5.574682654696517e-05 5.295948358252645e-05 5.03115079482086e-05 4.779593291459605e-05 4.540613736025989e-05 4.313583121984266e-05 4.097904093214311e-05 3.893008761224337e-05 3.698358341353014e-05 3.513440606184304e-05 3.337768430355936e-05 3.170880154357292e-05 3.012336128449533e-05 2.861719258362427e-05 2.718633368203882e-05 2.582701745268423e-05 2.453566594340373e-05 2.330888310098089e-05 2.214343840023503e-05 2.103626684402116e-05 1.99844544113148e-05 1.898523260024376e-05 1.803597115213051e-05 1.713417259452399e-05 1.627746314625256e-05 1.546358907944523e-05 1.469040944357403e-05 1.395588878949638e-05 1.325809444097104e-05 1.25951901281951e-05 1.196543053083587e-05 1.136715945904143e-05 1.07988016679883e-05 1.025886194838677e-05 9.745918760017958e-06 9.258622412744444e-06 8.795691428531427e-06 8.355907084478531e-06 7.938111593830399e-06 7.541205832239939e-06 7.164145699789515e-06 6.805938483012142e-06 6.465641490649432e-06 6.14235932516749e-06 5.835241154272808e-06 5.543478891922859e-06 5.266304924589349e-06 5.002989837521454e-06 4.752840141009074e-06 4.515198270382825e-06 4.289438493287889e-06 4.074966454936657e-06 3.87121826861403e-06 3.67765733244596e-06 3.493774556773133e-06 3.319085863040527e-06 3.153131501676398e-06 2.995474915223895e-06 2.845701146725332e-06 2.703416157601168e-06 2.568245236034272e-06 2.439832996969926e-06 2.317841335752746e-06 2.201949200753006e-06 2.091851683871937e-06
 0 0 0 0 0 0 0 0 0 0 0 0 0 0 0 0 0 0 0 0 0 0 0 0 0 0 0 0 0 0 0 0 0 0 0 0 0 0 0 0 0 0 0 0 0 0 0 0 0 0 0 0 0 0 0 0 0 0 0 0 0 0 0 0 0 0 0 0 0 0 0 0 0 0 0 0 0 0 0 0 0 0 0 0 0 0 0 0 0 0 0 0 0 0 0 0 0 0 0 0 0 0 0 0 0 0 0 0 0 0 0 0 0 0 0 0 0 0 0 0 0 0 0 0 0 0 0 0 0 0 0 0 0 0 0 0 0 0 0 0 0 0 0 0 0 0 0 0 0 0 0 0 0 0 0 0 0 0 0 0 0 0 0 0 0 0 0 0 0 0 0 0 0 0 0 0 0 0 0 0 0 0 0 0 0 0 0 0 0 0 0 0 0 0 0 0 0 0 0 0 0 0 0 0 0 0 0 0 0 0 0 0 0 0 0 0 0 0 0 0 0 0 0 0 0 0 0 0 0 0 0 0 0 0 0 0 0 0 0 0 0 0 0 0 0 0 0 0 0 0 0 0 0 0 0 0 0 0 0 0 0 0 0 0 0 0 0 0 0 0 0 0 0 0 0 0 0 0 0 0 0 0 0 0 0 0 0 0 0 0 0 0 0 0 0 0 0 0 0 0 0 0 0 0 0 0 0 0 0 0 0 0 0 0 0 0 0 0 0 0 0 0 0 0 0 0 0 0 0 0 0 0 0 0 0 0 0 0 0 0 0 0 0 0 0 0 0 0 0 0 0 0 0 0 0 0 0 0 0 0 0 0 0 0 0 0 0 0 0 0 0 0 0 0 0 0 0 0 0 0 0 0 0 0 0 0 0 0 0 0 0 0 0 0 0 0 0 0 0 0 0 0 0 0 0 0 0 0 0 0 0 0 0 0 0 0 0 0 0 0 0 0 0 0 0 0 0 0 0 0 0 0 0 0 0 0 0 0 0 0 0 0 0 0 0 0 0 0 0 0 0 0 0 0 0 0 0 0 0 0 0 0 0 0 0 0 0 0 0 0 0 0 0 0 0 0 0 0 0 0 0 0 0 0 0 0 0 0 0 0 0 0 0 0 0 0 0 0 0 0 0 0 0 0 0 0 0 0 0 0 0 0 0 0 0 0 0 0 0 0 0 0 0 0 0 0 0 0 0 0 0 0 0 0 0 0 0 0 0 0 0 0 0 0 0 0 0 0 0 0 0 0 0 0 0 0 0 0 0 0 0 0 0 0 0 0 0 0 0 0 0 0 0 0 0 0 0 0 0 0 0 0 0 0 0 0 0 0 0 0 0 0 0 0 0 0 0 0 0 0
 0 0 0 0 0 0 0 0 0 0 0 0 0 0 0 0 0 0 0 0 0 0 0 0 0 0 0 0 0 0 0 0 0 0 0 0 0 0 0 0 0 0 0 0 0 0 0 0 0 0 0 0 0 0 0 0 0 0 0 0 0 0 0 0 0 0 0 0 0 0 0 0 0 0 0 0 0 0 0 0 0 0 0 0 0 0 0 0 0 0 0 0 0 0 0 0 0 0 0 0 0 0 0 0 0 0 0 0 0 0 0 0 0 0 0 0 0 0 0 0 0 0 0 0 0 0 0 0 0 0 0 0 0 0 0 0 0 0 0 0 0 0 0 0 0 0 0 0 0 0 0 0 0 0 0 0 0 0 0 0 0 0 0 0 0 0 0 0 0 0 0 0 0 0 0 0 0 0 0 0 0 0 0 0 0 0 0 0 0 0 0 0 0 0 0 0 0 0 0 0 0 0 0 0 0 0 0 0 0 0 0 0 0 0 0 0 0 0 0 0 0 0 0 0 0 0 0 0 0 0 0 0 0 0 0 0 0 0 0 0 0 0 0 0 0 0 0 0 0 0 0 0 0 0 0 0 0 0 0 0 0 0 0 0 0 0 0 0 0 0 0 0 0 0 0 0 0 0 0 0 0 0 0 0 0 0 0 0 0 0 0 0 0 0 0 0 0 0 0 0 0 0 0 0 0 0 0 0 0 0 0 0 0 0 0 0 0 0 0 0 0 0 0 0 0 0 0 0 0 0 0 0 0 0 0 0 0 0 0 0 0 0 0 0 0 0 0 0 0 0 0 0 0 0 0 0 0 0 0 0 0 0 0 0 0 0 0 0 0 0 0 0 0 0 0 0 0 0 0 0 0 0 0 0 0 0 0 0 0 0 0 0 0 0 0 0 0 0 0 0 0 0 0 0 0 0 0 0 0 0 0 0 0 0 0 0 0 0 0 0 0 0 0 0 0 0 0 0 0 0 0 0 0 0 0 0 0 0 0 0 0 0 0 0 0 0 0 0 0 0 0 0 0 0 0 0 0 0 0 0 0 0 0 0 0 0 0 0 0 0 0 0 0 0 0 0 0 0 0 0 0 0 0 0 0 0 0 0 0 0 0 0 0 0 0 0 0 0 0 0 0 0 0 0 0 0 0 0 0 0 0 0 0 0 0 0 0 0 0 0 0 0 0 0 0 0 0 0 0 0 0 0 0 0 0 0 0 0 0 0 0 0 0 0 0 0 0 0 0 0 0 0 0 0 0 0 0 0 0 0 0 0 0 0 0 0 0 0 0 0 0 0 0 0 0 0 0 0 0 0 0 0 0 0 0 0 0 0 0 0 0 0 0 0 0 0 0 0 0 0
 0 0 0 0 0 0 0 0 0 0 0 0 0 0 0 0 0 0 0 0 0 0 0 0 0 0 0 0 0 0 0 0 0 0 0 0 0 0 0 0 0 0 0 0 0 0 0 0 0 0 0 0 0 0 0 0 0 0 0 0 0 0 0 0 0 0 0 0 0 0 0 0 0 0 0 0 0 0 0 0 0 0 0 0 0 0 0 0 0 0 0 0 0 0 0 0 0 0 0 0 0 0 0 0 0 0 0 0 0 0 0 0 0 0 0 0 0 0 0 0 0 0 0 0 0 0 0 0 0 0 0 0 0 0 0 0 0 0 0 0 0 0 0 0 0 0 0 0 0 0 0 0 0 0 0 0 0 0 0 0 0 0 0 0 0 0 0 0 0 0 0 0 0 0 0 0 0 0 0 0 0 0 0 0 0 0 0 0 0 0 0 0 0 0 0 0 0 0 0 0 0 0 0 0 0 0 0 0 0 0 0 0 0 0 0 0 0 0 0 0 0 0 0 0 0 0 0 0 0 0 0 0 0 0 0 0 0 0 0 0 0 0 0 0 0 0 0 0 0 0 0 0 0 0 0 0 0 0 0 0 0 0 0 0 0 0 0 0 0 0 0 0 0 0 0 0 0 0 0 0 0 0 0 0 0 0 0 0 0 0 0 0 0 0 0 0 0 0 0 0 0 0 0 0 0 0 0 0 0 0 0 0 0 0 0 0 0 0 0 0 0 0 0 0 0 0 0 0 0 0 0 0 0 0 0 0 0 0 0 0 0 0 0 0 0 0 0 0 0 0 0 0 0 0 0 0 0 0 0 0 0 0 0 0 0 0 0 0 0 0 0 0 0 0 0 0 0 0 0 0 0 0 0 0 0 0 0 0 0 0 0 0 0 0 0 0 0 0 0 0 0 0 0 0 0 0 0 0 0 0 0 0 0 0 0 0 0 0 0 0 0 0 0 0 0 0 0 0 0 0 0 0 0 0 0 0 0 0 0 0 0 0 0 0 0 0 0 0 0 0 0 0 0 0 0 0 0 0 0 0 0 0 0 0 0 0 0 0 0 0 0 0 0 0 0 0 0 0 0 0 0 0 0 0 0 0 0 0 0 0 0 0 0 0 0 0 0 0 0 0 0 0 0 0 0 0 0 0 0 0 0 0 0 0 0 0 0 0 0 0 0 0 0 0 0 0 0 0 0 0 0 0 0 0 0 0 0 0 0 0 0 0 0 0 0 0 0 0 0 0 0 0 0 0 0 0 0 0 0 0 0 0 0 0 0 0 0 0 0 0 0 0 0 0 0 0 0 0 0 0 0 0 0 0 0 0 0 0 0 0 0 0 0 0 0 0 0 0 0 0
 0 0 0 0 0 0 0 0 0 0 0 0 0 0 0 0 0 0 0 0 0 0 0 0 0 0 0 0 0 0 0 0 0 0 0 0 0 0 0 0 0 0 0 0 0 0 0 0 0 0 0 0 0 0 0 0 0 0 0 0 0 0 0 0 0 0 0 0 0 0 0 0 0 0 0 0 0 0 0 0 0 0 0 0 0 0 0 0 0 0 0 0 0 0 0 0 0 0 0 0 0 0 0 0 0 0 0 0 0 0 0 0 0 0 0 0 0 0 0 0 0 0 0 0 0 0 0 0 0 0 0 0 0 0 0 0 0 0 0 0 0 0 0 0 0 0 0 0 0 0 0 0 0 0 0 0 0 0 0 0 0 0 0 0 0 0 0 0 0 0 0 0 0 0 0 0 0 0 0 0 0 0 0 0 0 0 0 0 0 0 0 0 0 0 0 0 0 0 0 0 0 0 0 0 0 0 0 0 0 0 0 0 0 0 0 0 0 0 0 0 0 0 0 0 0 0 0 0 0 0 0 0 0 0 0 0 0 0 0 0 0 0 0 0 0 0 0 0 0 0 0 0 0 0 0 0 0 0 0 0 0 0 0 0 0 0 0 0 0 0 0 0 0 0 0 0 0 0 0 0 0 0 0 0 0 0 0 0 0 0 0 0 0 0 0 0 0 0 0 0 0 0 0 0 0 0 0 0 0 0 0 0 0 0 0 0 0 0 0 0 0 6.360747647704557e-06 0.001447062357328832 0.004501489456743002 0.009459761902689934 0.01654953882098198 0.02593239583075047 0.03791014477610588 0.05282411724328995 0.07117730379104614 0.09323681890964508 0.1192359626293182 0.1487565785646439 0.1816458106040955 0.2182133048772812 0.2573026418685913 0.2944374978542328 0.3297156095504761 0.3632298409938812 0.395068347454071 0.4253149330615997 0.4540491998195648 0.4813467264175415 0.5072793960571289 0.5319154262542725 0.5553196668624878 0.5775536894798279 0.5986760258674622 0.6187422275543213 0.6317774057388306 0.6307932138442993 0.6171659231185913 0.5921263694763184 0.5625200271606445 0.5343940258026123 0.5076743364334106 0.4822906255722046 0.4581761062145233 0.435267299413681 0.4135039448738098 0.3928287625312805 0.3731873333454132 0.3545279800891876 0.3368015885353088 0.3199615180492401 0.3039634525775909 0.2887652814388275 0.2743270099163055 0.2606106698513031 0.2475801408290863 0.2352011352777481 0.2234410792589188 0.2122690230607986 0.2016555666923523 0.1915727853775024 0.1819941401481628 0.1728944331407547 0.1642497181892395 0.156037226319313 0.1482353657484055 0.1408236026763916 0.1337824165821075 0.1270933002233505 0.1207386329770088 0.1147017031908035 0.1089666187763214 0.1035182848572731 0.09834237396717072 0.09342525899410248 0.08875399827957153 0.08431629836559296 0.08010048419237137 0.07609546184539795 0.07229068875312805 0.06867615133523941 0.06524234265089035 0.0619802251458168 0.05888121575117111 0.05593715608119965 0.0531402975320816 0.05048328265547752 0.04795911908149719 0.04556116461753845 0.04328310489654541 0.04111894965171814 0.03906300291419029 0.0371098518371582 0.03525435924530029 0.03349164128303528 0.03181705996394157 0.03022620640695095 0.02871489524841309 0.02727914974093437 0.02591519244015217 0.02461943216621876 0.02338846027851105 0.02221903763711452 0.02110808528959751 0.02005268074572086 0.01905004680156708 0.01809754408895969 0.017192667350173 0.01633303426206112 0.01551638264209032 0.01474056392908096 0.01400353573262691 0.01330335903912783 0.01263819076120853 0.01200628094375134 0.01140596717596054 0.01083566900342703 0.01029388513416052 0.009779190644621849 0.009290231391787529 0.008825719356536865 0.008384433574974537 0.007965211756527424 0.007566951215267181 0.00718860374763608 0.006829173769801855 0.006487715058028698 0.006163329351693392 0.005855163093656301 0.005562405101954937 0.005284284707158804 0.005020070355385542 0.0047690668143332 0.00453061331063509 0.004304082598537207 0.004088878631591797 0.003884434700012207 0.003690212965011597 0.003505702363327146 0.003330417210236192 0.003163896268233657 0.003005701350048184 0.002855416387319565 0.002712645567953587 0.002577013336122036 0.002448162762448192 0.00232575461268425 0.002209466882050037 0.002098993631079793 0.001994044054299593 0.001894341898150742 0.001799624762497842 0.001709643518552184 0.001624161377549171 0.001542953308671713 0.001465805689804256 0.001392515376210213 0.001322889584116638 0.001256745075806975 0.001193907810375094 0.001134212361648679 0.001077501801773906 0.00102362665347755 0.0009724452975206077 0.0009238230413757265 0.0008776318863965571 0.0008337502949871123 0.0007920627831481397 0.0007524596294388175 0.0007148366421461105 0.000679094810038805 0.0006451400695368648 0.0006128830718807876 0.0005822388920933008 0.0005531269707717001 0.0005254706484265625 0.0004991971072740853 0.0004742372548207641 0.000450525403721258 0.0004279991262592375 0.0004065991670358926 0.0003862692101392895 0.0003669557627290487 0.0003486079804133624 0.0003311775799375027 0.00031461869366467 0.0002988877531606704 0.0002839433727785945 0.0002697462041396648 0.0002562589070294052 0.0002434459602227435 0.0002312736614840105 0.0002197099820477888 0.0002087244793074206 0.0001982882531592622 0.0001883738441392779 0.0001789551461115479 0.0001700073917163536 0.0001615070214029402 0.0001534316688776016 0.0001457600883441046 0.0001384720817441121 0.0001315484842052683 0.0001249710621777922 0.0001187225061585195 0.0001127863797591999 0.0001071470614988357 0.0001017897084238939 9.670021972851828e-05 9.186520765069872e-05 8.727194654056802e-05 8.290835103252903e-05 7.876293238950893e-05 7.482478395104408e-05 7.108354475349188e-05 6.752937042620033e-05 6.41529040876776e-05 6.094525815569796e-05 5.789799615740776e-05 5.500309634953737e-05 5.225294080446474e-05 4.964029358234257e-05 4.715827890322544e-05 4.480036659515463e-05 4.256034662830643e-05 4.043232911499217e-05 3.841071156784892e-05 3.649017526186071e-05 3.46656670444645e-05 3.293238478363492e-05 3.128576645394787e-05 2.972147740365472e-05 2.823540307872463e-05 2.682363265193999e-05 2.548245174693875e-05 2.420832970528863e-05 2.29979123105295e-05 2.184801633120514e-05 2.075561496894807e-05 1.971783422050066e-05 1.873194196377881e-05 1.779534431989305e-05 1.690557655820157e-05 1.606029763934202e-05 1.525728293927386e-05 1.449441879231017e-05 1.376969794364413e-05 1.308121318288613e-05 1.242715279659024e-05 1.180579511128599e-05 1.12155057649943e-05 1.065473043126985e-05 1.012199390970636e-05 9.615894668968394e-06 9.135100299317855e-06 8.678345693624578e-06 8.24442849989282e-06 7.832207302271854e-06 7.440597073582467e-06 7.068567356327549e-06 6.715139079460641e-06 6.379382284649182e-06 6.060413397790398e-06 5.757392500527203e-06 5.469522875500843e-06 5.196046913624741e-06 4.936244749842444e-06 4.68943244413822e-06 4.454960617295001e-06 4.232212631904986e-06 4.020601863885531e-06 3.819571702479152e-06 3.628593049143092e-06 3.447163408054621e-06 3.274805294495309e-06 3.111065097982646e-06 2.955511945401668e-06 2.8077363367629e-06 2.667349463081337e-06 2.533982069508056e-06 2.407282863714499e-06 2.286918743266142e-06 2.172572749259416e-06 2.06394406632171e-06 1.960746885742992e-06 1.862709495981107e-06
 0 0 0 0 0 0 0 0 0 0 0 0 0 0 0 0 0 0 0 0 0 0 0 0 0 0 0 0 0 0 0 0 0 0 0 0 0 0 0 0 0 0 0 0 0 0 0 0 0 0 0 0 0 0 0 0 0 0 0 0 0 0 0 0 0 0 0 0 0 0 0 0 0 0 0 0 0 0 0 0 0 0 0 0 0 0 0 0 0 0 0 0 0 0 0 0 0 0 0 0 0 0 0 0 0 0 0 0 0 0 0 0 0 0 0 0 0 0 0 0 0 0 0 0 0 0 0 0 0 0 0 0 0 0 0 0 0 0 0 0 0 0 0 0 0 0 0 0 0 0 0 0 0 0 0 0 0 0 0 0 0 0 0 0 0 0 0 0 0 0 0 0 0 0 0 0 0 0 0 0 0 0 0 0 0 0 0 0 0 0 0 0 0 0 0 0 0 0 0 0 0 0 0 0 0 0 0 0 0 0 0 0 0 0 0 0 0 0 0 0 0 0 0 0 0 0 0 0 0 0 0 0 0 0 0 0 0 0 0 0 0 0 0 0 0 0 0 0 0 0 0 0 0 0 0 0 0 0 0 0 0 0 0 0 0 0 0 0 0 0 0 0 0 0 0 0 0 0 0 0 0 0 0 0 0 0 0 0 0 0 0 0 0 0 0 0 0 0 0 0 0 0 0 0 0 0 0 0 0 0 0 0 0 0 0 0 0 0 0 0 0 0 0 0 0 0 0 0 0 0 0 0 0 0 0 0 0 0 0 0 0 0 0 0 0 0 0 0 0 0 0 0 0 0 0 0 0 0 0 0 0 0 0 0 0 0 0 0 0 0 0 0 0 0 0 0 0 0 0 0 0 0 0 0 0 0 0 0 0 0 0 0 0 0 0 0 0 0 0 0 0 0 0 0 0 0 0 0 0 0 0 0 0 0 0 0 0 0 0 0 0 0 0 0 0 0 0 0 0 0 0 0 0 0 0 0 0 0 0 0 0 0 0 0 0 0 0 0 0 0 0 0 0 0 0 0 0 0 0 0 0 0 0 0 0 0 0 0 0 0 0 0 0 0 0 0 0 0 0 0 0 0 0 0 0 0 0 0 0 0 0 0 0 0 0 0 0 0 0 0 0 0 0 0 0 0 0 0 0 0 0 0 0 0 0 0 0 0 0 0 0 0 0 0 0 0 0 0 0 0 0 0 0 0 0 0 0 0 0 0 0 0 0 0 0 0 0 0 0 0 0 0 0 0 0 0 0 0 0 0 0 0 0 0 0 0 0 0 0 0 0 0 0 0 0 0 0 0 0 0 0 0 0 0 0 0 0 0 0 0 0 0 0 0 0 0 0 0 0 0
 0 0 0 0 0 0 0 0 0 0 0 0 0 0 0 0 0 0 0 0 0 0 0 0 0 0 0 0 0 0 0 0 0 0 0 0 0 0 0 0 0 0 0 0 0 0 0 0 0 0 0 0 0 0 0 0 0 0 0 0 0 0 0 0 0 0 0 0 0 0 0 0 0 0 0 0 0 0 0 0 0 0 0 0 0 0 0 0 0 0 0 0 0 0 0 0 0 0 0 0 0 0 0 0 0 0 0 0 0 0 0 0 0 0 0 0 0 0 0 0 0 0 0 0 0 0 0 0 0 0 0 0 0 0 0 0 0 0 0 0 0 0 0 0 0 0 0 0 0 0 0 0 0 0 0 0 0 0 0 0 0 0 0 0 0 0 0 0 0 0 0 0 0 0 0 0 0 0 0 0 0 0 0 0 0 0 0 0 0 0 0 0 0 0 0 0 0 0 0 0 0 0 0 0 0 0 0 0 0 0 0 0 0 0 0 0 0 0 0 0 0 0 0 0 0 0 0 0 0 0 0 0 0 0 0 0 0 0 0 0 0 0 0 0 0 0 0 0 0 0 0 0 0 0 0 0 0 0 0 0 0 0 0 0 0 0 0 0 0 0 0 0 0 0 0 0 0 0 0 0 0 0 0 0 0 0 0 0 0 0 0 0 0 0 0 0 0 0 0 0 0 0 0 0 0 0 0 0 0 0 0 0 0 0 0 0 0 0 0 0 0 0 0 0 0 0 0 0 0 0 0 0 0 0 0 0 0 0 0 0 0 0 0 0 0 0 0 0 0 0 0 0 0 0 0 0 0 0 0 0 0 0 0 0 0 0 0 0 0 0 0 0 0 0 0 0 0 0 0 0 0 0 0 0 0 0 0 0 0 0 0 0 0 0 0 0 0 0 0 0 0 0 0 0 0 0 0 0 0 0 0 0 0 0 0 0 0 0 0 0 0 0 0 0 0 0 0 0 0 0 0 0 0 0 0 0 0 0 0 0 0 0 0 0 0 0 0 0 0 0 0 0 0 0 0 0 0 0 0 0 0 0 0 0 0 0 0 0 0 0 0 0 0 0 0 0 0 0 0 0 0 0 0 0 0 0 0 0 0 0 0 0 0 0 0 0 0 0 0 0 0 0 0 0 0 0 0 0 0 0 0 0 0 0 0 0 0 0 0 0 0 0 0 0 0 0 0 0 0 0 0 0 0 0 0 0 0 0 0 0 0 0 0 0 0 0 0 0 0 0 0 0 0 0 0 0 0 0 0 0 0 0 0 0 0 0 0 0 0 0 0 0 0 0 0 0 0 0 0 0 0 0 0 0 0 0 0 0 0 0 0 0 0 0 0 0 0 0 0 0
 0 0 0 0 0 0 0 0 0 0 0 0 0 0 0 0 0 0 0 0 0 0 0 0 0 0 0 0 0 0 0 0 0 0 0 0 0 0 0 0 0 0 0 0 0 0 0 0 0 0 0 0 0 0 0 0 0 0 0 0 0 0 0 0 0 0 0 0 0 0 0 0 0 0 0 0 0 0 0 0 0 0 0 0 0 0 0 0 0 0 0 0 0 0 0 0 0 0 0 0 0 0 0 0 0 0 0 0 0 0 0 0 0 0 0 0 0 0 0 0 0 0 0 0 0 0 0 0 0 0 0 0 0 0 0 0 0 0 0 0 0 0 0 0 0 0 0 0 0 0 0 0 0 0 0 0 0 0 0 0 0 0 0 0 0 0 0 0 0 0 0 0 0 0 0 0 0 0 0 0 0 0 0 0 0 0 0 0 0 0 0 0 0 0 0 0 0 0 0 0 0 0 0 0 0 0 0 0 0 0 0 0 0 0 0 0 0 0 0 0 0 0 0 0 0 0 0 0 0 0 0 0 0 0 0 0 0 0 0 0 0 0 0 0 0 0 0 0 0 0 0 0 0 0 0 0 0 0 0 0 0 0 0 0 0 0 0 0 0 0 0 0 0 0 0 0 0 0 0 0 0 0 0 0 0 0 0 0 0 0 0 0 0 0 0 0 0 0 0 0 0 0 0 0 0 0 0 0 0 0 0 0 0 0 0 0 0 0 0 0 0 0 0 0 0 0 0 0 0 0 0 0 0 0 0 0 0 0 0 0 0 0 0 0 0 0 0 0 0 0 0 0 0 0 0 0 0 0 0 0 0 0 0 0 0 0 0 0 0 0 0 0 0 0 0 0 0 0 0 0 0 0 0 0 0 0 0 0 0 0 0 0 0 0 0 0 0 0 0 0 0 0 0 0 0 0 0 0 0 0 0 0 0 0 0 0 0 0 0 0 0 0 0 0 0 0 0 0 0 0 0 0 0 0 0 0 0 0 0 0 0 0 0 0 0 0 0 0 0 0 0 0 0 0 0 0 0 0 0 0 0 0 0 0 0 0 0 0 0 0 0 0 0 0 0 0 0 0 0 0 0 0 0 0 0 0 0 0 0 0 0 0 0 0 0 0 0 0 0 0 0 0 0 0 0 0 0 0 0 0 0 0 0 0 0 0 0 0 0 0 0 0 0 0 0 0 0 0 0 0 0 0 0 0 0 0 0 0 0 0 0 0 0 0 0 0 0 0 0 0 0 0 0 0 0 0 0 0 0 0 0 0 0 0 0 0 0 0 0 0 0 0 0 0 0 0 0 0 0 0 0 0 0 0 0 0 0 0 0 0 0 0 0 0 0 0 0 0 0 0
 0 0 0 0 0 0 0 0 0 0 0 0 0 0 0 0 0 0 0 0 0 0 0 0 0 0 0 0 0 0 0 0 0 0 0 0 0 0 0 0 0 0 0 0 0 0 0 0 0 0 0 0 0 0 0 0 0 0 0 0 0 0 0 0 0 0 0 0 0 0 0 0 0 0 0 0 0 0 0 0 0 0 0 0 0 0 0 0 0 0 0 0 0 0 0 0 0 0 0 0 0 0 0 0 0 0 0 0 0 0 0 0 0 0 0 0 0 0 0 0 0 0 0 0 0 0 0 0 0 0 0 0 0 0 0 0 0 0 0 0 0 0 0 0 0 0 0 0 0 0 0 0 0 0 0 0 0 0 0 0 0 0 0 0 0 0 0 0 0 0 0 0 0 0 0 0 0 0 0 0 0 0 0 0 0 0 0 0 0 0 0 0 0 0 0 0 0 0 0 0 0 0 0 0 0 0 0 0 0 0 0 0 0 0 0 0 0 0 0 0 0 0 0 0 0 0 0 0 0 0 0 0 0 0 0 0 0 0 0 0 0 0 0 0 0 0 0 0 0 0 0 0 0 0 0 0 0 0 0 0 0 0 0 0 0 0 0 0 0 0 0 0 0 0 0 0 0 0 0 0 0 0 0 0 0 0 0 0 0 0 0 0 0 0 0 0 0 0 0 0 0 0 0 0 0 0 0 0 0 0 0 0 0 0 0 0 0 0 0.000594934041146189 0.002608187962323427 0.00618590647354722 0.01170287560671568 0.01939798332750797 0.02949894592165947 0.04225641116499901 0.05800771713256836 0.07726971805095673 0.1001511588692665 0.1262856125831604 0.1555789858102798 0.1880063265562057 0.2239271700382233 0.2627308070659637 0.2995942831039429 0.3346145749092102 0.3678838610649109 0.3994896709918976 0.4295151829719543 0.4580394327640533 0.4851374626159668 0.5108805894851685 0.5353365540504456 0.5585697293281555 0.5806412696838379 0.6016092300415039 0.618827223777771 0.6218634843826294 0.6109341382980347 0.5874387621879578 0.5580668449401855 0.5301635265350342 0.5036553740501404 0.4784725904464722 0.4545489549636841 0.4318214952945709 0.410230427980423 0.3897189199924469 0.3702329695224762 0.351721316576004 0.3341352641582489 0.3174284994602203 0.3015570640563965 0.2864792048931122 0.2721552550792694 0.2585474848747253 0.2456201165914536 0.2333391159772873 0.2216721624135971 0.2105885595083237 0.2000591307878494 0.190056174993515 0.1805533617734909 0.1715256869792938 0.1629493981599808 0.1548019349575043 0.1470618396997452 0.1397087424993515 0.1327233016490936 0.1260871291160583 0.1197827756404877 0.113793633878231 0.1081039533019066 0.1026987582445145 0.09756381809711456 0.09268562495708466 0.08805134147405624 0.08364877104759216 0.07946633547544479 0.07549301534891129 0.07171836495399475 0.06813244521617889 0.06472582370042801 0.0614895336329937 0.05841505527496338 0.05549430102109909 0.05271958559751511 0.05008360743522644 0.04757942631840706 0.04520045593380928 0.04294043406844139 0.04079341143369675 0.03875374048948288 0.03681605309247971 0.03497524932026863 0.03322648629546165 0.03156516328454018 0.02998690493404865 0.02848755940794945 0.02706318162381649 0.02571002207696438 0.02442452125251293 0.023203294724226 0.02204312942922115 0.02094097249209881 0.01989392377436161 0.01889922842383385 0.0179542675614357 0.01705655455589294 0.01620372757315636 0.01539354119449854 0.01462386455386877 0.01389267109334469 0.01319803763180971 0.01253813598304987 0.0119112292304635 0.01131566800177097 0.0107498848810792 0.01021239068359137 0.009701770730316639 0.009216682054102421 0.008755847811698914 0.008318055421113968 0.007902152836322784 0.007507045287638903 0.007131692953407764 0.00677510816603899 0.006436352618038654 0.00611453503370285 0.005808808375149965 0.005518367979675531 0.005242449697107077 0.004980327095836401 0.004731310531497002 0.004494744818657637 0.004270007368177176 0.004056506790220737 0.003853681497275829 0.003660997375845909 0.003477947553619742 0.003304050071164966 0.003138847649097443 0.002981905359774828 0.00283281016163528 0.002691169735044241 0.002556611318141222 0.002428780775517225 0.002307341666892171 0.002191974548622966 0.002082375809550285 0.001978256972506642 0.001879344112239778 0.001785376924090087 0.001696108025498688 0.001611302606761456 0.001530737499706447 0.001454200595617294 0.001381490612402558 0.001312416046857834 0.001246795291081071 0.001184455584734678 0.00112523278221488 0.001068971119821072 0.001015522517263889 0.000964746403042227 0.0009165090741589665 0.0008706836379133165 0.0008271494298242033 0.00078579195542261 0.0007465023663826287 0.0007091772276908159 0.0006737183430232108 0.0006400324054993689 0.0006080307648517191 0.0005776292528025806 0.0005487477756105363 0.0005213103722780943 0.0004952448653057218 0.0004704826278612018 0.0004469584964681417 0.00042461056727916 0.0004033800505567342 0.0003832110378425568 0.0003640504728537053 0.0003458479477558285 0.0003285555576439947 0.0003121277841273695 0.0002965214080177248 0.0002816953347064555 0.0002676105650607497 0.0002542300499044359 0.000241518544498831 0.0002294426230946556 0.0002179704897571355 0.0002070719638140872 0.0001967183634405956 0.0001868824474513531 0.0001775383279891685 0.0001686614123173058 0.0001602283446118236 0.0001522169332019985 0.0001446060923626646 0.0001373757841065526 0.0001305069890804589 0.0001239816338056698 0.0001177825542981736 0.000111893423309084 0.0001062987503246404 0.0001009838160825893 9.593462164048105e-05 9.113788837566972e-05 8.658099250169471e-05 8.225194324040785e-05 7.813934644218534e-05 7.423237548209727e-05 7.05207567079924e-05 6.69947185087949e-05 6.364498403854668e-05 6.046273483661935e-05 5.743959627579898e-05 5.456761573441327e-05 5.183923349250108e-05 4.924727181787603e-05 4.678490950027481e-05 4.444566366146319e-05 4.222337884129956e-05 4.011220880784094e-05 3.81065983674489e-05 3.620126881287433e-05 3.439120700932108e-05 3.267164720455185e-05 3.103806375293061e-05 2.94861602014862e-05 2.801185291900765e-05 2.66112601821078e-05 2.528069671825506e-05 2.401666279183701e-05 2.281582965224516e-05 2.167503771488555e-05 2.059128564724233e-05 1.956172127393074e-05 1.858363611972891e-05 1.76544544956414e-05 1.677173167990986e-05 1.593314482306596e-05 1.513648749096319e-05 1.437966329831397e-05 1.366068045172142e-05 1.297764629271114e-05 1.232876365975244e-05 1.171232543129008e-05 1.112670906877611e-05 1.057037388818571e-05 1.004185560304904e-05 9.539762686472386e-06 9.062774552148767e-06 8.609636097389739e-06 8.179154065146577e-06 7.770196134515572e-06 7.381686373264529e-06 7.012602054601302e-06 6.6619718381844e-06 6.328873041638872e-06 6.012429366819561e-06 5.711807716579642e-06 5.426217285275925e-06 5.154906375537394e-06 4.897161034023156e-06 4.652302777685691e-06 4.419687684276141e-06 4.198703209112864e-06 3.988768185081426e-06 3.789329866776825e-06 3.599863475756138e-06 3.419870381549117e-06 3.248876964789815e-06 3.086433025600854e-06 2.932111328846077e-06 2.78550578514114e-06 2.646230541358818e-06 2.513919071134296e-06 2.388223037996795e-06 2.26881184062222e-06 2.155371248591109e-06 2.047602720267605e-06 1.945222493304755e-06 1.847961357270833e-06 1.755563289407291e-06 1.667785113568243e-06 1.584395818099438e-06 1.505175987404073e-06
 0 0 0 0 0 0 0 0 0 0 0 0 0 0 0 0 0 0 0 0 0 0 0 0 0 0 0 0 0 0 0 0 0 0 0 0 0 0 0 0 0 0 0 0 0 0 0 0 0 0 0 0 0 0 0 0 0 0 0 0 0 0 0 0 0 0 0 0 0 0 0 0 0 0 0 0 0 0 0 0 0 0 0 0 0 0 0 0 0 0 0 0 0 0 0 0 0 0 0 0 0 0 0 0 0 0 0 0 0 0 0 0 0 0 0 0 0 0 0 0 0 0 0 0 0 0 0 0 0 0 0 0 0 0 0 0 0 0 0 0 0 0 0 0 0 0 0 0 0 0 0 0 0 0 0 0 0 0 0 0 0 0 0 0 0 0 0 0 0 0 0 0 0 0 0 0 0 0 0 0 0 0 0 0 0 0 0 0 0 0 0 0 0 0 0 0 0 0 0 0 0 0 0 0 0 0 0 0 0 0 0 0 0 0 0 0 0 0 0 0 0 0 0 0 0 0 0 0 0 0 0 0 0 0 0 0 0 0 0 0 0 0 0 0 0 0 0 0 0 0 0 0 0 0 0 0 0 0 0 0 0 0 0 0 0 0 0 0 0 0 0 0 0 0 0 0 0 0 0 0 0 0 0 0 0 0 0 0 0 0 0 0 0 0 0 0 0 0 0 0 0 0 0 0 0 0 0 0 0 0 0 0 0 0 0 0 0 0 0 0 0 0 0 0 0 0 0 0 0 0 0 0 0 0 0 0 0 0 0 0 0 0 0 0 0 0 0 0 0 0 0 0 0 0 0 0 0 0 0 0 0 0 0 0 0 0 0 0 0 0 0 0 0 0 0 0 0 0 0 0 0 0 0 0 0 0 0 0 0 0 0 0 0 0 0 0 0 0 0 0 0 0 0 0 0 0 0 0 0 0 0 0 0 0 0 0 0 0 0 0 0 0 0 0 0 0 0 0 0 0 0 0 0 0 0 0 0 0 0 0 0 0 0 0 0 0 0 0 0 0 0 0 0 0 0 0 0 0 0 0 0 0 0 0 0 0 0 0 0 0 0 0 0 0 0 0 0 0 0 0 0 0 0 0 0 0 0 0 0 0 0 0 0 0 0 0 0 0 0 0 0 0 0 0 0 0 0 0 0 0 0 0 0 0 0 0 0 0 0 0 0 0 0 0 0 0 0 0 0 0 0 0 0 0 0 0 0 0 0 0 0 0 0 0 0 0 0 0 0 0 0 0 0 0 0 0 0 0 0 0 0 0 0 0 0 0 0 0 0 0 0 0 0 0 0 0 0 0 0 0 0 0 0 0 0 0 0 0 0 0 0 0 0 0 0 0 0 0 0 0
 0 0 0 0 0 0 0 0 0 0 0 0 0 0 0 0 0 0 0 0 0 0 0 0 0 0 0 0 0 0 0 0 0 0 0 0 0 0 0 0 0 0 0 0 0 0 0 0 0 0 0 0 0 0 0 0 0 0 0 0 0 0 0 0 0 0 0 0 0 0 0 0 0 0 0 0 0 0 0 0 0 0 0 0 0 0 0 0 0 0 0 0 0 0 0 0 0 0 0 0 0 0 0 0 0 0 0 0 0 0 0 0 0 0 0 0 0 0 0 0 0 0 0 0 0 0 0 0 0 0 0 0 0 0 0 0 0 0 0 0 0 0 0 0 0 0 0 0 0 0 0 0 0 0 0 0 0 0 0 0 0 0 0 0 0 0 0 0 0 0 0 0 0 0 0 0 0 0 0 0 0 0 0 0 0 0 0 0 0 0 0 0 0 0 0 0 0 0 0 0 0 0 0 0 0 0 0 0 0 0 0 0 0 0 0 0 0 0 0 0 0 0 0 0 0 0 0 0 0 0 0 0 0 0 0 0 0 0 0 0 0 0 0 0 0 0 0 0 0 0 0 0 0 0 0 0 0 0 0 0 0 0 0 0 0 0 0 0 0 0 0 0 0 0 0 0 0 0 0 0 0 0 0 0 0 0 0 0 0 0 0 0 0 0 0 0 0 0 0 0 0 0 0 0 0 0 0 0 0 0 0 0 0 0 0 0 0 0 0 0 0 0 0 0 0 0 0 0 0 0 0 0 0 0 0 0 0 0 0 0 0 0 0 0 0 0 0 0 0 0 0 0 0 0 0 0 0 0 0 0 0 0 0 0 0 0 0 0 0 0 0 0 0 0 0 0 0 0 0 0 0 0 0 0 0 0 0 0 0 0 0 0 0 0 0 0 0 0 0 0 0 0 0 0 0 0 0 0 0 0 0 0 0 0 0 0 0 0 0 0 0 0 0 0 0 0 0 0 0 0 0 0 0 0 0 0 0 0 0 0 0 0 0 0 0 0 0 0 0 0 0 0 0 0 0 0 0 0 0 0 0 0 0 0 0 0 0 0 0 0 0 0 0 0 0 0 0 0 0 0 0 0 0 0 0 0 0 0 0 0 0 0 0 0 0 0 0 0 0 0 0 0 0 0 0 0 0 0 0 0 0 0 0 0 0 0 0 0 0 0 0 0 0 0 0 0 0 0 0 0 0 0 0 0 0 0 0 0 0 0 0 0 0 0 0 0 0 0 0 0 0 0 0 0 0 0 0 0 0 0 0 0 0 0 0 0 0 0 0 0 0 0 0 0 0 0 0 0 0 0 0 0 0 0 0 0 0 0 0 0 0 0 0 0 0 0 0 0 0 0
 0 0 0 0 0 0 0 0 0 0 0 0 0 0 0 0 0 0 0 0 0 0 0 0 0 0 0 0 0 0 0 0 0 0 0 0 0 0 0 0 0 0 0 0 0 0 0 0 0 0 0 0 0 0 0 0 0 0 0 0 0 0 0 0 0 0 0 0 0 0 0 0 0 0 0 0 0 0 0 0 0 0 0 0 0 0 0 0 0 0 0 0 0 0 0 0 0 0 0 0 0 0 0 0 0 0 0 0 0 0 0 0 0 0 0 0 0 0 0 0 0 0 0 0 0 0 0 0 0 0 0 0 0 0 0 0 0 0 0 0 0 0 0 0 0 0 0 0 0 0 0 0 0 0 0 0 0 0 0 0 0 0 0 0 0 0 0 0 0 0 0 0 0 0 0 0 0 0 0 0 0 0 0 0 0 0 0 0 0 0 0 0 0 0 0 0 0 0 0 0 0 0 0 0 0 0 0 0 0 0 0 0 0 0 0 0 0 0 0 0 0 0 0 0 0 0 0 0 0 0 0 0 0 0 0 0 0 0 0 0 0 0 0 0 0 0 0 0 0 0 0 0 0 0 0 0 0 0 0 0 0 0 0 0 0 0 0 0 0 0 0 0 0 0 0 0 0 0 0 0 0 0 0 0 0 0 0 0 0 0 0 0 0 0 0 0 0 0 0 0 0 0 0 0 0 0 0 0 0 0 0 0 0 0 0 0 0 0 0 0 0 0 0 0 0 0 0 0 0 0 0 0 0 0 0 0 0 0 0 0 0 0 0 0 0 0 0 0 0 0 0 0 0 0 0 0 0 0 0 0 0 0 0 0 0 0 0 0 0 0 0 0 0 0 0 0 0 0 0 0 0 0 0 0 0 0 0 0 0 0 0 0 0 0 0 0 0 0 0 0 0 0 0 0 0 0 0 0 0 0 0 0 0 0 0 0 0 0 0 0 0 0 0 0 0 0 0 0 0 0 0 0 0 0 0 0 0 0 0 0 0 0 0 0 0 0 0 0 0 0 0 0 0 0 0 0 0 0 0 0 0 0 0 0 0 0 0 0 0 0 0 0 0 0 0 0 0 0 0 0 0 0 0 0 0 0 0 0 0 0 0 0 0 0 0 0 0 0 0 0 0 0 0 0 0 0 0 0 0 0 0 0 0 0 0 0 0 0 0 0 0 0 0 0 0 0 0 0 0 0 0 0 0 0 0 0 0 0 0 0 0 0 0 0 0 0 0 0 0 0 0 0 0 0 0 0 0 0 0 0 0 0 0 0 0 0 0 0 0 0 0 0 0 0 0 0 0 0 0 0 0 0 0 0 0 0 0 0 0 0 0 0 0 0 0 0 0 0 0 0
 0 0 0 0 0 0 0 0 0 0 0 0 0 0 0 0 0 0 0 0 0 0 0 0 0 0 0 0 0 0 0 0 0 0 0 0 0 0 0 0 0 0 0 0 0 0 0 0 0 0 0 0 0 0 0 0 0 0 0 0 0 0 0 0 0 0 0 0 0 0 0 0 0 0 0 0 0 0 0 0 0 0 0 0 0 0 0 0 0 0 0 0 0 0 0 0 0 0 0 0 0 0 0 0 0 0 0 0 0 0 0 0 0 0 0 0 0 0 0 0 0 0 0 0 0 0 0 0 0 0 0 0 0 0 0 0 0 0 0 0 0 0 0 0 0 0 0 0 0 0 0 0 0 0 0 0 0 0 0 0 0 0 0 0 0 0 0 0 0 0 0 0 0 0 0 0 0 0 0 0 0 0 0 0 0 0 0 0 0 0 0 0 0 0 0 0 0 0 0 0 0 0 0 0 0 0 0 0 0 0 0 0 0 0 0 0 0 0 0 0 0 0 0 0 0 0 0 0 0 0 0 0 0 0 0 0 0 0 0 0 0 0 0 0 0 0 0 0 0 0 0 0 0 0 0 0 0 0 0 0 0 0 0 0 0 0 0 0 0 0 0 0 0 0 0 0 0 0 0 0 0 0 0 0 0 0 0 0 0 0 0 0 0 0 0 0 0 0 0 0 0 0 0 0 0 0 0 0 0 0 0 0 0 0 0 0 0 0 0 0 0.001052036415785551 0.003689035773277283 0.008154324255883694 0.01483757700771093 0.02387872710824013 0.03538903221487999 0.04964365810155869 0.06707032024860382 0.08811478316783905 0.1129549592733383 0.1413480341434479 0.1731323897838593 0.2083448767662048 0.2469372004270554 0.2845903337001801 0.3203608095645905 0.3543427586555481 0.3866256177425385 0.4172943234443665 0.4464296102523804 0.4741081297397614 0.5004027485847473 0.5253826379776001 0.5491135120391846 0.5716578364372253 0.5930749177932739 0.6134212017059326 0.626213550567627 0.6248884201049805 0.6106376647949219 0.5844273567199707 0.5552060008049011 0.5274456739425659 0.5010733604431152 0.4760196805000305 0.4522187113761902 0.4296077787876129 0.4081273972988129 0.3877210319042206 0.3683349788188934 0.3499182164669037 0.3324223160743713 0.315801203250885 0.300011157989502 0.2850106060504913 0.2707600891590118 0.2572220861911774 0.2443609833717346 0.2321429401636124 0.2205357998609543 0.209509015083313 0.1990335583686829 0.1890818774700165 0.1796277761459351 0.1706463843584061 0.1621140688657761 0.1540083587169647 0.1463079452514648 0.1389925479888916 0.1320429146289825 0.125440776348114 0.1191687360405922 0.1132102981209755 0.107549786567688 0.1021723002195358 0.09706368297338486 0.09221050143241882 0.087599977850914 0.083219975233078 0.07905897498130798 0.07510602474212646 0.07135072350502014 0.0677831843495369 0.0643940269947052 0.06117432564496994 0.05811560899019241 0.05520983040332794 0.05244933813810349 0.04982687160372734 0.04733552783727646 0.04496875032782555 0.04272031411528587 0.04058429971337318 0.0385550856590271 0.03662732988595963 0.03479596227407455 0.03305616229772568 0.03140335530042648 0.02983318828046322 0.02834152802824974 0.02692445181310177 0.02557822875678539 0.02429931797087193 0.02308435179293156 0.02193013392388821 0.02083362638950348 0.01979194581508636 0.01880234852433205 0.0178622305393219 0.01696911826729774 0.0161206629127264 0.01531462930142879 0.0145488977432251 0.01382145285606384 0.01313037984073162 0.01247386075556278 0.01185016799718142 0.01125765964388847 0.01069477666169405 0.01016003824770451 0.009652036242187023 0.009169434197247028 0.008710962720215321 0.008275414817035198 0.00786164402961731 0.007468561641871929 0.007095133420079947 0.006740376818925142 0.006403358187526464 0.006083190441131592 0.005779030732810497 0.005490079056471586 0.005215574987232685 0.00495479628443718 0.004707056563347578 0.00447170389816165 0.004248118493705988 0.00403571268543601 0.003833926981315017 0.003642230527475476 0.003460119012743235 0.003287113038823009 0.003122757421806455 0.002966619562357664 0.002818288514390588 0.002677374053746462 0.002543505281209946 0.002416329924017191 0.002295513404533267 0.002180737676098943 0.002071700757369399 0.001968115800991654 0.001869710045866668 0.001776224584318697 0.0016874133143574 0.001603042706847191 0.001522890524938703 0.001446746056899428 0.00137440871912986 0.001305688288994133 0.001240403857082129 0.001178383710794151 0.001119464519433677 0.001063491334207356 0.001010316773317754 0.0009598009055480361 0.000911810842808336 0.0008662202744744718 0.0008229092345573008 0.0007817637524567544 0.0007426755619235337 0.0007055418100208044 0.000670264707878232 0.0006367514724843204 0.0006049139192327857 0.0005746682290919125 0.0005459348321892321 0.0005186381167732179 0.0004927061963826418 0.0004680708807427436 0.0004446673265192658 0.0004224339500069618 0.0004013122525066137 0.0003812466457020491 0.0003621843061409891 0.0003440750879235566 0.000326871348079294 0.0003105277719441801 0.0002950013731606305 0.0002802513190545142 0.0002662387560121715 0.0002529268094804138 0.0002402804675512016 0.0002282664499944076 0.0002168531209463254 0.0002060104598058388 0.000195709930267185 0.0001859244366642088 0.0001766282075550407 0.0001677967957220972 0.0001594069617567584 0.0001514366158517078 0.0001438647886971012 0.0001366715441690758 0.0001298379647778347 0.0001233460643561557 0.0001171787589555606 0.0001113198231905699 0.0001057538320310414 0.0001004661389742978 9.544283238938078e-05 9.067069186130539e-05 8.613715908722952e-05 8.183030149666592e-05 7.77387831476517e-05 7.385184289887547e-05 7.01592507539317e-05 6.665128603344783e-05 6.331872282316908e-05 6.015278631821275e-05 5.714514554711059e-05 5.428788790595718e-05 5.157349369255826e-05 4.89948179165367e-05 4.654507574741729e-05 4.421782068675384e-05 4.200693001621403e-05 3.990658296970651e-05 3.79112534574233e-05 3.601569187594578e-05 3.421490691835061e-05 3.250416193623096e-05 3.087895311182365e-05 2.933500582003035e-05 2.786825643852353e-05 2.647484325279947e-05 2.515110099921003e-05 2.389354631304741e-05 2.269886863359716e-05 2.156392474716995e-05 2.048572787316516e-05 1.946144220710266e-05 1.8488370187697e-05 1.756395249685738e-05 1.668575532676186e-05 1.585146674187854e-05 1.505889304098673e-05 1.430594875273528e-05 1.359065117867431e-05 1.291111857426586e-05 1.226556287292624e-05 1.165228513855254e-05 1.106967101804912e-05 1.051618710334878e-05 9.990377293433994e-06 9.490858246863354e-06 9.016315743792802e-06 8.565500138502102e-06 8.137225449900143e-06 7.730363904556725e-06 7.343845936702564e-06 6.976653821766376e-06 6.627821221627528e-06 6.296430001384579e-06 5.98160841036588e-06 5.682527898898115e-06 5.398401299316902e-06 5.128481461724732e-06 4.872057616012171e-06 4.628454917110503e-06 4.397032171254978e-06 4.177180471742759e-06 3.968321379943518e-06 3.76990533368371e-06 3.58141005563084e-06 3.402339643798769e-06 3.2322227525583e-06 3.070611683142488e-06 2.917081019404577e-06 2.771226945696981e-06 2.632665655255551e-06 2.501032440704876e-06 2.375980784563581e-06 2.257181677123299e-06 2.144322479580296e-06 2.037106241914444e-06 1.935251020768192e-06 1.838488515204517e-06 1.746564066706924e-06 1.659235863371578e-06
 0 0 0 0 0 0 0 0 0 0 0 0 0 0 0 0 0 0 0 0 0 0 0 0 0 0 0 0 0 0 0 0 0 0 0 0 0 0 0 0 0 0 0 0 0 0 0 0 0 0 0 0 0 0 0 0 0 0 0 0 0 0 0 0 0 0 0 0 0 0 0 0 0 0 0 0 0 0 0 0 0 0 0 0 0 0 0 0 0 0 0 0 0 0 0 0 0 0 0 0 0 0 0 0 0 0 0 0 0 0 0 0 0 0 0 0 0 0 0 0 0 0 0 0 0 0 0 0 0 0 0 0 0 0 0 0 0 0 0 0 0 0 0 0 0 0 0 0 0 0 0 0 0 0 0 0 0 0 0 0 0 0 0 0 0 0 0 0 0 0 0 0 0 0 0 0 0 0 0 0 0 0 0 0 0 0 0 0 0 0 0 0 0 0 0 0 0 0 0 0 0 0 0 0 0 0 0 0 0 0 0 0 0 0 0 0 0 0 0 0 0 0 0 0 0 0 0 0 0 0 0 0 0 0 0 0 0 0 0 0 0 0 0 0 0 0 0 0 0 0 0 0 0 0 0 0 0 0 0 0 0 0 0 0 0 0 0 0 0 0 0 0 0 0 0 0 0 0 0 0 0 0 0 0 0 0 0 0 0 0 0 0 0 0 0 0 0 0 0 0 0 0 0 0 0 0 0 0 0 0 0 0 0 0 0 0 0 0 0 0 0 0 0 0 0 0 0 0 0 0 0 0 0 0 0 0 0 0 0 0 0 0 0 0 0 0 0 0 0 0 0 0 0 0 0 0 0 0 0 0 0 0 0 0 0 0 0 0 0 0 0 0 0 0 0 0 0 0 0 0 0 0 0 0 0 0 0 0 0 0 0 0 0 0 0 0 0 0 0 0 0 0 0 0 0 0 0 0 0 0 0 0 0 0 0 0 0 0 0 0 0 0 0 0 0 0 0 0 0 0 0 0 0 0 0 0 0 0 0 0 0 0 0 0 0 0 0 0 0 0 0 0 0 0 0 0 0 0 0 0 0 0 0 0 0 0 0 0 0 0 0 0 0 0 0 0 0 0 0 0 0 0 0 0 0 0 0 0 0 0 0 0 0 0 0 0 0 0 0 0 0 0 0 0 0 0 0 0 0 0 0 0 0 0 0 0 0 0 0 0 0 0 0 0 0 0 0 0 0 0 0 0 0 0 0 0 0 0 0 0 0 0 0 0 0 0 0 0 0 0 0 0 0 0 0 0 0 0 0 0 0 0 0 0 0 0 0 0 0 0 0 0 0 0 0 0 0 0 0 0 0 0 0 0 0 0 0 0 0 0 0 0 0 0 0 0 0 0 0 0
 0 0 0 0 0 0 0 0 0 0 0 0 0 0 0 0 0 0 0 0 0 0 0 0 0 0 0 0 0 0 0 0 0 0 0 0 0 0 0 0 0 0 0 0 0 0 0 0 0 0 0 0 0 0 0 0 0 0 0 0 0 0 0 0 0 0 0 0 0 0 0 0 0 0 0 0 0 0 0 0 0 0 0 0 0 0 0 0 0 0 0 0 0 0 0 0 0 0 0 0 0 0 0 0 0 0 0 0 0 0 0 0 0 0 0 0 0 0 0 0 0 0 0 0 0 0 0 0 0 0 0 0 0 0 0 0 0 0 0 0 0 0 0 0 0 0 0 0 0 0 0 0 0 0 0 0 0 0 0 0 0 0 0 0 0 0 0 0 0 0 0 0 0 0 0 0 0 0 0 0 0 0 0 0 0 0 0 0 0 0 0 0 0 0 0 0 0 0 0 0 0 0 0 0 0 0 0 0 0 0 0 0 0 0 0 0 0 0 0 0 0 0 0 0 0 0 0 0 0 0 0 0 0 0 0 0 0 0 0 0 0 0 0 0 0 0 0 0 0 0 0 0 0 0 0 0 0 0 0 0 0 0 0 0 0 0 0 0 0 0 0 0 0 0 0 0 0 0 0 0 0 0 0 0 0 0 0 0 0 0 0 0 0 0 0 0 0 0 0 0 0 0 0 0 0 0 0 0 0 0 0 0 0 0 0 0 0 0 0 0 0 0 0 0 0 0 0 0 0 0 0 0 0 0 0 0 0 0 0 0 0 0 0 0 0 0 0 0 0 0 0 0 0 0 0 0 0 0 0 0 0 0 0 0 0 0 0 0 0 0 0 0 0 0 0 0 0 0 0 0 0 0 0 0 0 0 0 0 0 0 0 0 0 0 0 0 0 0 0 0 0 0 0 0 0 0 0 0 0 0 0 0 0 0 0 0 0 0 0 0 0 0 0 0 0 0 0 0 0 0 0 0 0 0 0 0 0 0 0 0 0 0 0 0 0 0 0 0 0 0 0 0 0 0 0 0 0 0 0 0 0 0 0 0 0 0 0 0 0 0 0 0 0 0 0 0 0 0 0 0 0 0 0 0 0 0 0 0 0 0 0 0 0 0 0 0 0 0 0 0 0 0 0 0 0 0 0 0 0 0 0 0 0 0 0 0 0 0 0 0 0 0 0 0 0 0 0 0 0 0 0 0 0 0 0 0 0 0 0 0 0 0 0 0 0 0 0 0 0 0 0 0 0 0 0 0 0 0 0 0 0 0 0 0 0 0 0 0 0 0 0 0 0 0 0 0 0 0 0 0 0 0 0 0 0 0 0 0 0 0 0 0 0 0 0 0 0 0 0 0
 0 0 0 0 0 0 0 0 0 0 0 0 0 0 0 0 0 0 0 0 0 0 0 0 0 0 0 0 0 0 0 0 0 0 0 0 0 0 0 0 0 0 0 0 0 0 0 0 0 0 0 0 0 0 0 0 0 0 0 0 0 0 0 0 0 0 0 0 0 0 0 0 0 0 0 0 0 0 0 0 0 0 0 0 0 0 0 0 0 0 0 0 0 0 0 0 0 0 0 0 0 0 0 0 0 0 0 0 0 0 0 0 0 0 0 0 0 0 0 0 0 0 0 0 0 0 0 0 0 0 0 0 0 0 0 0 0 0 0 0 0 0 0 0 0 0 0 0 0 0 0 0 0 0 0 0 0 0 0 0 0 0 0 0 0 0 0 0 0 0 0 0 0 0 0 0 0 0 0 0 0 0 0 0 0 0 0 0 0 0 0 0 0 0 0 0 0 0 0 0 0 0 0 0 0 0 0 0 0 0 0 0 0 0 0 0 0 0 0 0 0 0 0 0 0 0 0 0 0 0 0 0 0 0 0 0 0 0 0 0 0 0 0 0 0 0 0 0 0 0 0 0 0 0 0 0 0 0 0 0 0 0 0 0 0 0 0 0 0 0 0 0 0 0 0 0 0 0 0 0 0 0 0 0 0 0 0 0 0 0 0 0 0 0 0 0 0 0 0 0 0 0 0 0 0 0 0 0 0 0 0 0 0 0 0 0 0 0 0 0 0 0 0 0 0 0 0 0 0 0 0 0 0 0 0 0 0 0 0 0 0 0 0 0 0 0 0 0 0 0 0 0 0 0 0 0 0 0 0 0 0 0 0 0 0 0 0 0 0 0 0 0 0 0 0 0 0 0 0 0 0 0 0 0 0 0 0 0 0 0 0 0 0 0 0 0 0 0 0 0 0 0 0 0 0 0 0 0 0 0 0 0 0 0 0 0 0 0 0 0 0 0 0 0 0 0 0 0 0 0 0 0 0 0 0 0 0 0 0 0 0 0 0 0 0 0 0 0 0 0 0 0 0 0 0 0 0 0 0 0 0 0 0 0 0 0 0 0 0 0 0 0 0 0 0 0 0 0 0 0 0 0 0 0 0 0 0 0 0 0 0 0 0 0 0 0 0 0 0 0 0 0 0 0 0 0 0 0 0 0 0 0 0 0 0 0 0 0 0 0 0 0 0 0 0 0 0 0 0 0 0 0 0 0 0 0 0 0 0 0 0 0 0 0 0 0 0 0 0 0 0 0 0 0 0 0 0 0 0 0 0 0 0 0 0 0 0 0 0 0 0 0 0 0 0 0 0 0 0 0 0 0 0 0 0 0 0 0 0 0 0 0 0 0 0 0 0 0 0 0
 0 0 0 0 0 0 0 0 0 0 0 0 0 0 0 0 0 0 0 0 0 0 0 0 0 0 0 0 0 0 0 0 0 0 0 0 0 0 0 0 0 0 0 0 0 0 0 0 0 0 0 0 0 0 0 0 0 0 0 0 0 0 0 0 0 0 0 0 0 0 0 0 0 0 0 0 0 0 0 0 0 0 0 0 0 0 0 0 0 0 0 0 0 0 0 0 0 0 0 0 0 0 0 0 0 0 0 0 0 0 0 0 0 0 0 0 0 0 0 0 0 0 0 0 0 0 0 0 0 0 0 0 0 0 0 0 0 0 0 0 0 0 0 0 0 0 0 0 0 0 0 0 0 0 0 0 0 0 0 0 0 0 0 0 0 0 0 0 0 0 0 0 0 0 0 0 0 0 0 0 0 0 0 0 0 0 0 0 0 0 0 0 0 0 0 0 0 0 0 0 0 0 0 0 0 0 0 0 0 0 0 0 0 0 0 0 0 0 0 0 0 0 0 0 0 0 0 0 0 0 0 0 0 0 0 0 0 0 0 0 0 0 0 0 0 0 0 0 0 0 0 0 0 0 0 0 0 0 0 0 0 0 0 0 0 0 0 0 0 0 0 0 0 0 0 0 0 0 0 0 0 0 0 0 0 0 0 0 0 0 0 0 0 0 0 0 0 0 0 0 0 0 0 0 0 0 0 0 0 0 0 0 0 0 0 0 0 0 0 0 0 0 0.0001609383180039003 0.001613735221326351 0.004726100713014603 0.009813670068979263 0.01721865497529507 0.0271742008626461 0.03985622525215149 0.05557489395141602 0.07483428716659546 0.09820760786533356 0.1254013776779175 0.1564462035894394 0.1909525245428085 0.22857666015625 0.2671478390693665 0.3037904500961304 0.3386009335517883 0.3716709017753601 0.4030873477458954 0.43293297290802 0.461286336183548 0.4882220327854156 0.513810932636261 0.5381203889846802 0.5612143874168396 0.5831536650657654 0.6039959788322449 0.6237961649894714 0.6302309036254883 0.6232871413230896 0.6038932204246521 0.5736985802650452 0.5450136661529541 0.5177629590034485 0.4918748140335083 0.4672810733318329 0.4439170062541962 0.4217211604118347 0.4006350934505463 0.3806033432483673 0.361573189496994 0.3434945344924927 0.3263198137283325 0.3100038170814514 0.2945036292076111 0.2797784507274628 0.2657895386219025 0.252500057220459 0.2398750483989716 0.2278812974691391 0.2164872288703918 0.2056628614664078 0.1953797191381454 0.1856107264757156 0.1763301938772202 0.1675136834383011 0.1591379940509796 0.1511811017990112 0.1436220407485962 0.1364409327507019 0.1296188831329346 0.1231379359960556 0.1169810369610786 0.111131988465786 0.1055753901600838 0.1002966240048409 0.09528179466724396 0.09051770716905594 0.08599182218313217 0.08169223368167877 0.07760762423276901 0.07372724264860153 0.07004088163375854 0.06653884053230286 0.06321189552545547 0.06005129963159561 0.0570487342774868 0.05419629812240601 0.05148648470640182 0.0489121600985527 0.04646655172109604 0.04414322227239609 0.04193606227636337 0.03983926028013229 0.03784729540348053 0.03595492988824844 0.03415718302130699 0.03244932368397713 0.03082685731351376 0.02928551472723484 0.02782123908400536 0.02643017657101154 0.02510866709053516 0.0238532330840826 0.02266057208180428 0.02152754366397858 0.02045116573572159 0.01942860707640648 0.01845717616379261 0.01753431744873524 0.01665760204195976 0.01582472212612629 0.01503348629921675 0.0142818121239543 0.01356772147119045 0.01288933493196964 0.0122448680922389 0.01163262501358986 0.01105099357664585 0.01049844361841679 0.009973521344363689 0.009474845603108406 0.009001103229820728 0.008551048114895821 0.008123495616018772 0.007717320695519447 0.007331454660743475 0.006964881904423237 0.006616638042032719 0.006285806186497211 0.005971516016870737 0.00567294005304575 0.005389293190091848 0.005119828507304192 0.004863837268203497 0.004620645195245743 0.004389612935483456 0.004170132335275412 0.003961625508964062 0.003763544140383601 0.003575366921722889 0.003396598622202873 0.00322676869109273 0.003065430326387286 0.002912158844992518 0.002766550984233618 0.00262822350487113 0.00249681225977838 0.002371971728280187 0.00225337315350771 0.002140704542398453 0.002033669268712401 0.001931985840201378 0.00183538650162518 0.001743617234751582 0.001656436361372471 0.001573614543303847 0.001494933851063251 0.001420187181793153 0.001349177793599665 0.001281718956306577 0.00121763302013278 0.00115675141569227 0.00109891383908689 0.001043968135491014 0.0009917697170749307 0.0009421812137588859 0.0008950721239671111 0.0008503185235895216 0.0008078026003204286 0.0007674124790355563 0.0007290418725460768 0.0006925897905603051 0.000657960306853056 0.0006250622682273388 0.0005938091780990362 0.0005641187308356166 0.000535912811756134 0.000509117147885263 0.0004836612788494676 0.0004594782076310366 0.0004365042841527611 0.0004146790597587824 0.0003939451125916094 0.0003742478438653052 0.0003555354487616569 0.0003377586835995317 0.0003208707494195551 0.0003048272046726197 0.0002895858488045633 0.000275106547633186 0.0002613512333482504 0.0002482836716808379 0.000235869491007179 0.0002240760222775862 0.0002128722262568772 0.0002022286207647994 0.0001921171933645383 0.000182511328603141 0.0001733857643557712 0.0001647164754103869 0.00015648064436391 0.0001486566179664806 0.0001412237907061353 0.0001341626048088074 0.0001274544774787501 0.0001210817572427914 0.000115027665742673 0.0001092762831831351 0.0001038124682963826 9.862184379016981e-05 9.369075269205496e-05 8.900621469365433e-05 8.455590432276949e-05 8.032810728764161e-05 7.631169864907861e-05 7.249611371662468e-05 6.887130439281464e-05 6.54277391731739e-05 6.215635221451521e-05 5.904853605898097e-05 5.609610889223404e-05 5.329130362952128e-05 5.06267388118431e-05 4.809540041605942e-05 4.569063094095327e-05 4.340610030340031e-05 4.123579492443241e-05 3.917400681530125e-05 3.721530811162665e-05 3.535454379743896e-05 3.358681715326384e-05 3.1907475204207e-05 3.031210144399665e-05 2.87964958261e-05 2.735667112574447e-05 2.598883838800248e-05 2.4689396013855e-05 2.345492612221278e-05 2.228217999800108e-05 2.116807081620209e-05 2.010966636589728e-05 1.910418359329924e-05 1.81489740498364e-05 1.724152571114246e-05 1.637945024413057e-05 1.55604775500251e-05 1.478245394537225e-05 1.404333124810364e-05 1.334116495854687e-05 1.267410698346794e-05 1.204040199809242e-05 1.143838198913727e-05 1.0866462616832e-05 1.032313957693987e-05 9.806982234294992e-06 9.316632713307627e-06 8.850801350490656e-06 8.408261237491388e-06 7.987848221091554e-06 7.588455900986446e-06 7.209032901300816e-06 6.848581051599467e-06 6.506152203655802e-06 6.180844593473012e-06 5.871802386536729e-06 5.578212039836217e-06 5.299301392369671e-06 5.03433648191276e-06 4.782619726029225e-06 4.543488557828823e-06 4.316314061725279e-06 4.100498244952178e-06 3.895473128068261e-06 3.700699380715378e-06 3.515664502629079e-06 3.33988123202289e-06 3.172887090840959e-06 3.01424279314233e-06 2.863530653485213e-06 2.720354132179637e-06 2.58433647104539e-06 2.45511955654365e-06 2.332363692403305e-06 2.215745553257875e-06 2.104958184645511e-06 1.999710320887971e-06 1.899724793474888e-06
 0 0 0 0 0 0 0 0 0 0 0 0 0 0 0 0 0 0 0 0 0 0 0 0 0 0 0 0 0 0 0 0 0 0 0 0 0 0 0 0 0 0 0 0 0 0 0 0 0 0 0 0 0 0 0 0 0 0 0 0 0 0 0 0 0 0 0 0 0 0 0 0 0 0 0 0 0 0 0 0 0 0 0 0 0 0 0 0 0 0 0 0 0 0 0 0 0 0 0 0 0 0 0 0 0 0 0 0 0 0 0 0 0 0 0 0 0 0 0 0 0 0 0 0 0 0 0 0 0 0 0 0 0 0 0 0 0 0 0 0 0 0 0 0 0 0 0 0 0 0 0 0 0 0 0 0 0 0 0 0 0 0 0 0 0 0 0 0 0 0 0 0 0 0 0 0 0 0 0 0 0 0 0 0 0 0 0 0 0 0 0 0 0 0 0 0 0 0 0 0 0 0 0 0 0 0 0 0 0 0 0 0 0 0 0 0 0 0 0 0 0 0 0 0 0 0 0 0 0 0 0 0 0 0 0 0 0 0 0 0 0 0 0 0 0 0 0 0 0 0 0 0 0 0 0 0 0 0 0 0 0 0 0 0 0 0 0 0 0 0 0 0 0 0 0 0 0 0 0 0 0 0 0 0 0 0 0 0 0 0 0 0 0 0 0 0 0 0 0 0 0 0 0 0 0 0 0 0 0 0 0 0 0 0 0 0 0 0 0 0 0 0 0 0 0 0 0 0 0 0 0 0 0 0 0 0 0 0 0 0 0 0 0 0 0 0 0 0 0 0 0 0 0 0 0 0 0 0 0 0 0 0 0 0 0 0 0 0 0 0 0 0 0 0 0 0 0 0 0 0 0 0 0 0 0 0 0 0 0 0 0 0 0 0 0 0 0 0 0 0 0 0 0 0 0 0 0 0 0 0 0 0 0 0 0 0 0 0 0 0 0 0 0 0 0 0 0 0 0 0 0 0 0 0 0 0 0 0 0 0 0 0 0 0 0 0 0 0 0 0 0 0 0 0 0 0 0 0 0 0 0 0 0 0 0 0 0 0 0 0 0 0 0 0 0 0 0 0 0 0 0 0 0 0 0 0 0 0 0 0 0 0 0 0 0 0 0 0 0 0 0 0 0 0 0 0 0 0 0 0 0 0 0 0 0 0 0 0 0 0 0 0 0 0 0 0 0 0 0 0 0 0 0 0 0 0 0 0 0 0 0 0 0 0 0 0 0 0 0 0 0 0 0 0 0 0 0 0 0 0 0 0 0 0 0 0 0 0 0 0 0 0 0 0 0 0 0 0 0 0 0 0 0 0 0 0 0 0 0 0 0 0 0 0 0 0 0 0 0 0
 0 0 0 0 0 0 0 0 0 0 0 0 0 0 0 0 0 0 0 0 0 0 0 0 0 0 0 0 0 0 0 0 0 0 0 0 0 0 0 0 0 0 0 0 0 0 0 0 0 0 0 0 0 0 0 0 0 0 0 0 0 0 0 0 0 0 0 0 0 0 0 0 0 0 0 0 0 0 0 0 0 0 0 0 0 0 0 0 0 0 0 0 0 0 0 0 0 0 0 0 0 0 0 0 0 0 0 0 0 0 0 0 0 0 0 0 0 0 0 0 0 0 0 0 0 0 0 0 0 0 0 0 0 0 0 0 0 0 0 0 0 0 0 0 0 0 0 0 0 0 0 0 0 0 0 0 0 0 0 0 0 0 0 0 0 0 0 0 0 0 0 0 0 0 0 0 0 0 0 0 0 0 0 0 0 0 0 0 0 0 0 0 0 0 0 0 0 0 0 0 0 0 0 0 0 0 0 0 0 0 0 0 0 0 0 0 0 0 0 0 0 0 0 0 0 0 0 0 0 0 0 0 0 0 0 0 0 0 0 0 0 0 0 0 0 0 0 0 0 0 0 0 0 0 0 0 0 0 0 0 0 0 0 0 0 0 0 0 0 0 0 0 0 0 0 0 0 0 0 0 0 0 0 0 0 0 0 0 0 0 0 0 0 0 0 0 0 0 0 0 0 0 0 0 0 0 0 0 0 0 0 0 0 0 0 0 0 0 0 0 0 0 0 0 0 0 0 0 0 0 0 0 0 0 0 0 0 0 0 0 0 0 0 0 0 0 0 0 0 0 0 0 0 0 0 0 0 0 0 0 0 0 0 0 0 0 0 0 0 0 0 0 0 0 0 0 0 0 0 0 0 0 0 0 0 0 0 0 0 0 0 0 0 0 0 0 0 0 0 0 0 0 0 0 0 0 0 0 0 0 0 0 0 0 0 0 0 0 0 0 0 0 0 0 0 0 0 0 0 0 0 0 0 0 0 0 0 0 0 0 0 0 0 0 0 0 0 0 0 0 0 0 0 0 0 0 0 0 0 0 0 0 0 0 0 0 0 0 0 0 0 0 0 0 0 0 0 0 0 0 0 0 0 0 0 0 0 0 0 0 0 0 0 0 0 0 0 0 0 0 0 0 0 0 0 0 0 0 0 0 0 0 0 0 0 0 0 0 0 0 0 0 0 0 0 0 0 0 0 0 0 0 0 0 0 0 0 0 0 0 0 0 0 0 0 0 0 0 0 0 0 0 0 0 0 0 0 0 0 0 0 0 0 0 0 0 0 0 0 0 0 0 0 0 0 0 0 0 0 0 0 0 0 0 0 0 0 0 0 0 0 0 0 0 0 0 0 0 0 0


# name: r_0_m17_G0_L0p3_D0p7
# type: matrix
# rows: 1
# columns: 14
 0 -17 0.2 0 0.3 0 -17.59073333333334 0 0 0.07337363740926782 0 145.3333333333333 2.422120283277994 0.7




