# Created by Octave 3.8.2, Sat Jun 17 19:48:52 2017 BST <co1ssj@node117>
# name: result
# type: scalar struct
# ndims: 2
 1 1
# length: 3
# name: params
# type: scalar struct
# ndims: 2
 1 1
# length: 18
# name: cleanup
# type: scalar
0


# name: num_runs
# type: scalar
6


# name: dopamine
# type: scalar
0.7


# name: targetCross
# type: scalar
1


# name: targetLuminance
# type: scalar
0.3


# name: targetWidthX
# type: scalar
6


# name: targetWidthY
# type: scalar
2


# name: fixCross
# type: scalar
1


# name: fixLuminance
# type: scalar
0.2


# name: fixWidthX
# type: scalar
6


# name: fixWidthY
# type: scalar
2


# name: fixOn
# type: scalar
0


# name: targetOff
# type: scalar
1


# name: targetOn
# type: scalar
0.2


# name: fixOff
# type: scalar
0.2


# name: targetThetaX
# type: scalar
0


# name: targetThetaY
# type: scalar
-14


# name: exptnum
# type: scalar
0




# name: r_0_m14_G0_L0p3_D0p7_llbn
# type: matrix
# rows: 24
# columns: 600
 0 0 0 0 0 0 0 0 0 0 0 0 0 0 0 0 0 0 0 0 0 0 0 0 0 0 0 0 0 0 0 0 0 0 0 0 0 0 0 0 0 0 0 0 0 0 0 0 0 0 0 0 0 0 0 0 0 0 0 0 0 0 0 0 0 0 0 0 0 0 0 0 0 0 0 0 0 0 0 0 0 0 0 0 0 0 0 0 0 0 0 0 0 0 0 0 0 0 0 0 0 0 0 0 0 0 0 0 0 0 0 0 0 0 0 0 0 0 0 0 0 0 0 0 0 0 0 0 0 0 0 0 0 0 0 0 0 0 0 0 0 0 0 0 0 0 0 0 0 0 0 0 0 0 0 0 0 0 0 0 0 0 0 0 0 0 0 0 0 0 0 0 0 0 0 0 0 0 0 0 0 0 0 0 0 0 0 0 0 0 0 0 0 0 0 0 0 0 0 0 0 0 0 0 0 0 0 0 0 0 0 0 0 0 0 0 0 0 0 0 0 0 0 0 0 0 0 0 0 0 0 0 0 0 0 0 0 0 0 0 0 0 0 0 0 0 0 0 0 0 0 0 0 0 0 0 0 0 0 0 0 0 0 0 0 0 0 0 0 0 0 0 0 0 0 0 0 0 0 0 0 0 0 0 0 0 0 0 0 0 0 0 0 0 0 0 0 0 0 0 0 0 0 0 0 0 0 0 0 0 0 0 0 0 0 0 0 0 0 0 0 0 0 0 0 0 0 0 0 0 0 0 0 0 0 0 0 0 0 0 0 0 0 0 0 0 0 0 0 0 0 0 0 0 0 0 0 0 0 0 0 0 0 0 0 0 0 0 0 0 0 0 0 0 0 0 0 0 0 0 0 0 0 0 0 0 0 0 0 0 0 0 0 0 0 0 0 0 0 0 0 0 0 0 0 0 0 0 0 0 0 0 0 0 0 0 0 0 0 0 0 0 0 0 0 0 0 0 0 0 0 0 0 0 0 0 0 0 0 0 0 0 0 0 0 0 0 0 0 0 0 0 0 0 0 0 0 0 0 0 0 0 0 0 0 0 0 0 0 0 0 0 0 0 0 0 0 0 0 0 0 0 0 0 0 0 0 0 0 0 0 0 0 0 0 0 0 0 0 0 0 0 0 0 0 0 0 0 0 0 0 0 0 0 0 0 0 0 0 0 0 0 0 0 0 0 0 0 0 0 0 0 0 0 0 0 0 0 0 0 0 0 0 0 0 0 0 0 0 0 0 0 0 0 0 0 0 0 0 0 0 0 0 0 0 0 0 0 0 0 0 0 0 0 0 0 0 0 0 0 0 0 0 0 0 0 0 0 0 0 0 0 0 0 0 0 0 0 0 0
 0 0 0 0 0 0 0 0 0 0 0 0 0 0 0 0 0 0 0 0 0 0 0 0 0 0 0 0 0 0 0 0 0 0 0 0 0 0 0 0 0 0 0 0 0 0 0 0 0 0 0 0 0 0 0 0 0 0 0 0 0 0 0 0 0 0 0 0 0 0 0 0 0 0 0 0 0 0 0 0 0 0 0 0 0 0 0 0 0 0 0 0 0 0 0 0 0 0 0 0 0 0 0 0 0 0 0 0 0 0 0 0 0 0 0 0 0 0 0 0 0 0 0 0 0 0 0 0 0 0 0 0 0 0 0 0 0 0 0 0 0 0 0 0 0 0 0 0 0 0 0 0 0 0 0 0 0 0 0 0 0 0 0 0 0 0 0 0 0 0 0 0 0 0 0 0 0 0 0 0 0 0 0 0 0 0 0 0 0 0 0 0 0 0 0 0 0 0 0 0 0 0 0 0 0 0 0 0 0 0 0 0 0 0 0 0 0 0 0 0 0 0 0 0 0 0 0 0 0 0 0 0 0 0 0 0 0 0 0 0 0 0 0 0 0 0 0 0 0 0 0 0 0 0 0 0 0 0 0 0 0 0 0 0 0 0 0 0 0 0 0 0 0 0 0 0 0 0 0 0 0 0 0 0 0 0 0 0 0 0 0 0 0 0 0 0 0 0 0 0 0 0 0 0 0 0 0 0 0 0 0 0 0 0 0 0 0 0 0.0002324942324776202 0.001570629421621561 0.004175614565610886 0.008251437917351723 0.01389670465141535 0.02127267047762871 0.03075492009520531 0.04252646490931511 0.05652538686990738 0.07271392643451691 0.09095484018325806 0.1108697131276131 0.1323171257972717 0.1553491353988647 0.1799403876066208 0.2060283869504929 0.2336423993110657 0.2628105282783508 0.2935929596424103 0.3258703052997589 0.3594687879085541 0.3914953470230103 0.4219205677509308 0.4508245289325714 0.4782833158969879 0.5035273432731628 0.5193219184875488 0.5244182944297791 0.5175920128822327 0.4982922971248627 0.4733776748180389 0.4497087895870209 0.4272233545780182 0.4058621823787689 0.3855690658092499 0.3662905991077423 0.3479760587215424 0.3305772542953491 0.3140483796596527 0.2983459532260895 0.2834286689758301 0.2692572474479675 0.2557943761348724 0.2430046498775482 0.2308544218540192 0.2193116992712021 0.2083461135625839 0.1979288011789322 0.1880323588848114 0.1786307394504547 0.1696992069482803 0.1612142473459244 0.1531535387039185 0.1454958617687225 0.1382210701704025 0.1313100159168243 0.1247445121407509 0.1185072883963585 0.1125819236040115 0.1069528311491013 0.1016051918268204 0.0965249314904213 0.09169868379831314 0.08711375296115875 0.08275806903839111 0.07862016558647156 0.07468915730714798 0.07095470279455185 0.06740696728229523 0.06403662264347076 0.06083479151129723 0.05779305100440979 0.05490339919924736 0.05215822905302048 0.04955031722784042 0.04707280173897743 0.04471916332840919 0.04248320683836937 0.04035904631018639 0.03834109380841255 0.03642404079437256 0.03460283949971199 0.03287269920110703 0.03122906386852264 0.02966761030256748 0.02818422950804234 0.02677501738071442 0.02543626725673676 0.02416445314884186 0.02295622974634171 0.02180841751396656 0.02071799710392952 0.01968209818005562 0.01869799382984638 0.01776309497654438 0.01687494106590748 0.01603119447827339 0.01522963494062424 0.01446815300732851 0.01374474540352821 0.01305750850588083 0.01240463275462389 0.01178440079092979 0.01119518093764782 0.01063542161136866 0.01010365039110184 0.009598467499017715 0.009118543937802315 0.008662616834044456 0.008229485712945461 0.007818011566996574 0.007427110802382231 0.007055755238980055 0.006702967453747988 0.006367818918079138 0.006049428135156631 0.005746956914663315 0.005459608975797892 0.005186628550291061 0.004927297122776508 0.004680932499468327 0.004446886014193296 0.00422454159706831 0.004013314377516508 0.00381264858879149 0.003622016170993447 0.003440915374085307 0.00326886959373951 0.003105426207184792 0.002950154943391681 0.002802647184580564 0.002662514802068472 0.002529388992115855 0.002402919577434659 0.002282773610204458 0.002168634906411171 0.002060203114524484 0.00195719301700592 0.001859333366155624 0.001766366651281714 0.001678048283793032 0.001594145898707211 0.001514438656158745 0.001438716775737703 0.001366780954413116 0.001298441900871694 0.001233519753441215 0.001171843730844557 0.001113251550123096 0.001057588960975409 0.001004709512926638 0.0009544740314595401 0.0009067503269761801 0.0008614127873443067 0.0008183421450667083 0.0007774250116199255 0.0007385537610389292 0.0007016260642558336 0.0006665447726845741 0.0006332175107672811 0.0006015566177666187 0.00057147879851982 0.0005429048324003816 0.0005157595733180642 0.0004899716004729271 0.0004654730146285146 0.0004421993508003652 0.0004200893745291978 0.0003990849072579294 0.0003791306517086923 0.0003601741045713425 0.0003421654109843075 0.000325057131703943 0.0003088042722083628 0.0002933640498667955 0.0002786958357319236 0.0002647610381245613 0.0002515229862183332 0.0002389468427281827 0.0002269995020469651 0.0002156495320377871 0.0002048670576186851 0.0001946237025549635 0.0001848925166996196 0.0001756478886818513 0.0001668654876993969 0.0001585222198627889 0.0001505961117800325 0.0001430663105566055 0.0001359129964839667 0.0001291173393838108 0.0001226614695042372 0.0001165283974842168 0.0001107019779738039 0.0001051668805303052 9.990853868657723e-05 9.491311357123777e-05 9.0167457528878e-05 8.565908501623198e-05 8.137612894643098e-05 7.730732613708824e-05 7.344195910263807e-05 6.976986333029345e-05 6.628136907238513e-05 6.296730134636164e-05 5.981893627904356e-05 5.682799019268714e-05 5.398659050115384e-05 5.128726115799509e-05 4.872289719060063e-05 4.628675378626212e-05 4.397241718834266e-05 4.177379742031917e-05 3.968510645790957e-05 3.770085095311515e-05 3.581580676836893e-05 3.402501533855684e-05 3.23237654811237e-05 3.070757884415798e-05 2.917219899245538e-05 2.771358958852943e-05 2.632791074574925e-05 2.501151539036073e-05 2.376094016653951e-05 2.257289270346519e-05 2.144424797734246e-05 2.037203557847533e-05 1.935343425429892e-05 1.838576281443238e-05 1.746647467371076e-05 1.659315057622734e-05 1.576349313836545e-05 1.497531866334612e-05 1.42265525937546e-05 1.351522496406687e-05 1.283946403418668e-05 1.219749083247734e-05 1.158761642727768e-05 1.100823556043906e-05 1.045782391884131e-05 9.934932677424513e-06 9.438185770704877e-06 8.966276254795957e-06 8.517962669429835e-06 8.092064490483608e-06 7.687461220484693e-06 7.303088295884663e-06 6.937933903827798e-06 6.591037163161673e-06 6.261485395953059e-06 5.948410944256466e-06 5.650990260619437e-06 5.368440724851098e-06 5.100018825032748e-06 4.845017883781111e-06 4.602767148753628e-06 4.372628609417006e-06 4.153996997047216e-06 3.946297056245385e-06 3.748982180695748e-06 3.561533048923593e-06 3.383456487426884e-06 3.214283651686856e-06 3.053569571420667e-06 2.900891104218317e-06 2.755846480795299e-06 2.618054168124218e-06 2.487151505192742e-06 2.362794020882575e-06 2.244654297101079e-06 2.132421514033922e-06 2.02580054065038e-06 1.92451057046128e-06 1.828285007832164e-06 1.736870785862266e-06 1.650027229516127e-06 1.567525828249927e-06 1.489149553890456e-06 1.41469206482725e-06 1.343957478638913e-06 1.276759576285258e-06 1.212921574733627e-06
 0 0 0 0 0 0 0 0 0 0 0 0 0 0 0 0 0 0 0 0 0 0 0 0 0 0 0 0 0 0 0 0 0 0 0 0 0 0 0 0 0 0 0 0 0 0 0 0 0 0 0 0 0 0 0 0 0 0 0 0 0 0 0 0 0 0 0 0 0 0 0 0 0 0 0 0 0 0 0 0 0 0 0 0 0 0 0 0 0 0 0 0 0 0 0 0 0 0 0 0 0 0 0 0 0 0 0 0 0 0 0 0 0 0 0 0 0 0 0 0 0 0 0 0 0 0 0 0 0 0 0 0 0 0 0 0 0 0 0 0 0 0 0 0 0 0 0 0 0 0 0 0 0 0 0 0 0 0 0 0 0 0 0 0 0 0 0 0 0 0 0 0 0 0 0 0 0 0 0 0 0 0 0 0 0 0 0 0 0 0 0 0 0 0 0 0 0 0 0 0 0 0 0 0 0 0 0 0 0 0 0 0 0 0 0 0 0 0 0 0 0 0 0 0 0 0 0 0 0 0 0 0 0 0 0 0 0 0 0 0 0 0 0 0 0 0 0 0 0 0 0 0 0 0 0 0 0 0 0 0 0 0 0 0 0 0 0 0 0 0 0 0 0 0 0 0 0 0 0 0 0 0 0 0 0 0 0 0 0 0 0 0 0 0 0 0 0 0 0 0 0 0 0 0 0 0 0 0 0 0 0 0 0 0 0 0 0 0 0 0 0 0 0 0 0 0 0 0 0 0 0 0 0 0 0 0 0 0 0 0 0 0 0 0 0 0 0 0 0 0 0 0 0 0 0 0 0 0 0 0 0 0 0 0 0 0 0 0 0 0 0 0 0 0 0 0 0 0 0 0 0 0 0 0 0 0 0 0 0 0 0 0 0 0 0 0 0 0 0 0 0 0 0 0 0 0 0 0 0 0 0 0 0 0 0 0 0 0 0 0 0 0 0 0 0 0 0 0 0 0 0 0 0 0 0 0 0 0 0 0 0 0 0 0 0 0 0 0 0 0 0 0 0 0 0 0 0 0 0 0 0 0 0 0 0 0 0 0 0 0 0 0 0 0 0 0 0 0 0 0 0 0 0 0 0 0 0 0 0 0 0 0 0 0 0 0 0 0 0 0 0 0 0 0 0 0 0 0 0 0 0 0 0 0 0 0 0 0 0 0 0 0 0 0 0 0 0 0 0 0 0 0 0 0 0 0 0 0 0 0 0 0 0 0 0 0 0 0 0 0 0 0 0 0 0 0 0 0 0 0 0 0 0 0 0 0 0 0 0 0 0 0 0 0 0 0 0 0 0 0 0 0 0 0 0 0 0 0 0 0 0 0 0 0 0 0 0 0 0 0
 0 0 0 0 0 0 0 0 0 0 0 0 0 0 0 0 0 0 0 0 0 0 0 0 0 0 0 0 0 0 0 0 0 0 0 0 0 0 0 0 0 0 0 0 0 0 0 0 0 0 0 0 0 0 0 0 0 0 0 0 0 0 0 0 0 0 0 0 0 0 0 0 0 0 0 0 0 0 0 0 0 0 0 0 0 0 0 0 0 0 0 0 0 0 0 0 0 0 0 0 0 0 0 0 0 0 0 0 0 0 0 0 0 0 0 0 0 0 0 0 0 0 0 0 0 0 0 0 0 0 0 0 0 0 0 0 0 0 0 0 0 0 0 0 0 0 0 0 0 0 0 0 0 0 0 0 0 0 0 0 0 0 0 0 0 0 0 0 0 0 0 0 0 0 0 0 0 0 0 0 0 0 0 0 0 0 0 0 0 0 0 0 0 0 0 0 0 0 0 0 0 0 0 0 0 0 0 0 0 0 0 0 0 0 0 0 0 0 0 0 0 0 0 0 0 0 0 0 0 0 0 0 0 0 0 0 0 0 0 0 0 0 0 0 0 0 0 0 0 0 0 0 0 0 0 0 0 0 0 0 0 0 0 0 0 0 0 0 0 0 0 0 0 0 0 0 0 0 0 0 0 0 0 0 0 0 0 0 0 0 0 0 0 0 0 0 0 0 0 0 0 0 0 0 0 0 0 0 0 0 0 0 0 0 0 0 0 0 0 0 0 0 0 0 0 0 0 0 0 0 0 0 0 0 0 0 0 0 0 0 0 0 0 0 0 0 0 0 0 0 0 0 0 0 0 0 0 0 0 0 0 0 0 0 0 0 0 0 0 0 0 0 0 0 0 0 0 0 0 0 0 0 0 0 0 0 0 0 0 0 0 0 0 0 0 0 0 0 0 0 0 0 0 0 0 0 0 0 0 0 0 0 0 0 0 0 0 0 0 0 0 0 0 0 0 0 0 0 0 0 0 0 0 0 0 0 0 0 0 0 0 0 0 0 0 0 0 0 0 0 0 0 0 0 0 0 0 0 0 0 0 0 0 0 0 0 0 0 0 0 0 0 0 0 0 0 0 0 0 0 0 0 0 0 0 0 0 0 0 0 0 0 0 0 0 0 0 0 0 0 0 0 0 0 0 0 0 0 0 0 0 0 0 0 0 0 0 0 0 0 0 0 0 0 0 0 0 0 0 0 0 0 0 0 0 0 0 0 0 0 0 0 0 0 0 0 0 0 0 0 0 0 0 0 0 0 0 0 0 0 0 0 0 0 0 0 0 0 0 0 0 0 0 0 0 0 0 0 0 0 0 0 0 0 0 0 0 0 0 0 0 0 0 0 0 0 0 0 0 0
 0 0 0 0 0 0 0 0 0 0 0 0 0 0 0 0 0 0 0 0 0 0 0 0 0 0 0 0 0 0 0 0 0 0 0 0 0 0 0 0 0 0 0 0 0 0 0 0 0 0 0 0 0 0 0 0 0 0 0 0 0 0 0 0 0 0 0 0 0 0 0 0 0 0 0 0 0 0 0 0 0 0 0 0 0 0 0 0 0 0 0 0 0 0 0 0 0 0 0 0 0 0 0 0 0 0 0 0 0 0 0 0 0 0 0 0 0 0 0 0 0 0 0 0 0 0 0 0 0 0 0 0 0 0 0 0 0 0 0 0 0 0 0 0 0 0 0 0 0 0 0 0 0 0 0 0 0 0 0 0 0 0 0 0 0 0 0 0 0 0 0 0 0 0 0 0 0 0 0 0 0 0 0 0 0 0 0 0 0 0 0 0 0 0 0 0 0 0 0 0 0 0 0 0 0 0 0 0 0 0 0 0 0 0 0 0 0 0 0 0 0 0 0 0 0 0 0 0 0 0 0 0 0 0 0 0 0 0 0 0 0 0 0 0 0 0 0 0 0 0 0 0 0 0 0 0 0 0 0 0 0 0 0 0 0 0 0 0 0 0 0 0 0 0 0 0 0 0 0 0 0 0 0 0 0 0 0 0 0 0 0 0 0 0 0 0 0 0 0 0 0 0 0 0 0 0 0 0 0 0 0 0 0 0 0 0 0 0 0 0 0 0 0 0 0 0 0 0 0 0 0 0 0 0 0 0 0 0 0 0 0 0 0 0 0 0 0 0 0 0 0 0 0 0 0 0 0 0 0 0 0 0 0 0 0 0 0 0 0 0 0 0 0 0 0 0 0 0 0 0 0 0 0 0 0 0 0 0 0 0 0 0 0 0 0 0 0 0 0 0 0 0 0 0 0 0 0 0 0 0 0 0 0 0 0 0 0 0 0 0 0 0 0 0 0 0 0 0 0 0 0 0 0 0 0 0 0 0 0 0 0 0 0 0 0 0 0 0 0 0 0 0 0 0 0 0 0 0 0 0 0 0 0 0 0 0 0 0 0 0 0 0 0 0 0 0 0 0 0 0 0 0 0 0 0 0 0 0 0 0 0 0 0 0 0 0 0 0 0 0 0 0 0 0 0 0 0 0 0 0 0 0 0 0 0 0 0 0 0 0 0 0 0 0 0 0 0 0 0 0 0 0 0 0 0 0 0 0 0 0 0 0 0 0 0 0 0 0 0 0 0 0 0 0 0 0 0 0 0 0 0 0 0 0 0 0 0 0 0 0 0 0 0 0 0 0 0 0 0 0 0 0 0 0 0 0 0 0 0 0 0 0 0 0 0 0 0 0 0 0
 0 0 0 0 0 0 0 0 0 0 0 0 0 0 0 0 0 0 0 0 0 0 0 0 0 0 0 0 0 0 0 0 0 0 0 0 0 0 0 0 0 0 0 0 0 0 0 0 0 0 0 0 0 0 0 0 0 0 0 0 0 0 0 0 0 0 0 0 0 0 0 0 0 0 0 0 0 0 0 0 0 0 0 0 0 0 0 0 0 0 0 0 0 0 0 0 0 0 0 0 0 0 0 0 0 0 0 0 0 0 0 0 0 0 0 0 0 0 0 0 0 0 0 0 0 0 0 0 0 0 0 0 0 0 0 0 0 0 0 0 0 0 0 0 0 0 0 0 0 0 0 0 0 0 0 0 0 0 0 0 0 0 0 0 0 0 0 0 0 0 0 0 0 0 0 0 0 0 0 0 0 0 0 0 0 0 0 0 0 0 0 0 0 0 0 0 0 0 0 0 0 0 0 0 0 0 0 0 0 0 0 0 0 0 0 0 0 0 0 0 0 0 0 0 0 0 0 0 0 0 0 0 0 0 0 0 0 0 0 0 0 0 0 0 0 0 0 0 0 0 0 0 0 0 0 0 0 0 0 0 0 0 0 0 0 0 0 0 0 0 0 0 0 0 0 0 0 0 0 0 0 0 0 0 0 0 0 0 0 0 0 0 0 0 0 0 0 0 0 0 0 0 0 0 0 0 0 0 0 0 0 0 0 0 0 0 0 0.0001651050260988995 0.001420792541466653 0.003977125976234674 0.007976045832037926 0.01348396576941013 0.02075484022498131 0.0301005132496357 0.04183610528707504 0.05588101595640182 0.07213656604290009 0.09038614481687546 0.1106923967599869 0.1328142285346985 0.1568273454904556 0.1825772970914841 0.2101029753684998 0.2393195778131485 0.2702778279781342 0.3031814992427826 0.3377104699611664 0.370824933052063 0.4022836983203888 0.4321695268154144 0.4605610370635986 0.4875329732894897 0.5131562948226929 0.5331172347068787 0.5421007871627808 0.5391022562980652 0.5233211517333984 0.497155100107193 0.472297340631485 0.4486824870109558 0.4262483716011047 0.4049359560012817 0.3846891522407532 0.3654547035694122 0.3471819758415222 0.3298228681087494 0.3133317232131958 0.297665148973465 0.2827818989753723 0.2686428129673004 0.255210667848587 0.2424501329660416 0.2303276211023331 0.2188112437725067 0.207870677113533 0.1974771469831467 0.1876032948493958 0.1782231330871582 0.1693119704723358 0.1608463674783707 0.152804046869278 0.1451638489961624 0.1379056572914124 0.1310103684663773 0.1244598478078842 0.1182368546724319 0.1123250126838684 0.1067087650299072 0.1013733297586441 0.09630466252565384 0.09148942679166794 0.08691495656967163 0.08256921172142029 0.07844074815511703 0.07451871037483215 0.07079277187585831 0.06725313514471054 0.0638904795050621 0.06069595366716385 0.05766115710139275 0.05477809906005859 0.05203919485211372 0.04943723604083061 0.04696537554264069 0.04461710527539253 0.0423862487077713 0.04026693478226662 0.03825358673930168 0.03634090721607208 0.0345238633453846 0.032797671854496 0.03115778788924217 0.02959989756345749 0.02811990305781364 0.02671390771865845 0.02537821233272552 0.02410930208861828 0.02290383726358414 0.02175864577293396 0.02067071385681629 0.01963717862963676 0.01865531876683235 0.01772255264222622 0.01683642528951168 0.0159946046769619 0.01519487425684929 0.01443513017147779 0.01371337380260229 0.01302770525217056 0.012376319617033 0.01175750326365232 0.01116962824016809 0.0106111466884613 0.01008058898150921 0.009576559066772461 0.009097730740904808 0.008642843924462795 0.008210701867938042 0.007800166960805655 0.007410158403217793 0.007039650343358517 0.006687667686492205 0.006353284232318401 0.006035619881004095 0.005733838770538568 0.005447146948426962 0.005174789577722549 0.004916050005704165 0.004670247435569763 0.004436735063791275 0.004214898217469454 0.004004153423011303 0.003803945844992995 0.003613748587667942 0.003433061065152287 0.003261408070102334 0.00309833767823875 0.00294342078268528 0.002796249696984887 0.002656437223777175 0.002523615257814527 0.002397434553131461 0.002277562860399485 0.002163684694096446 0.002055500401183963 0.001952725346200168 0.001855089096352458 0.001762334606610239 0.001674217870458961 0.001590506988577545 0.001510981586761773 0.001435432466678321 0.00136366079095751 0.001295477733947337 0.001230703899636865 0.001169168739579618 0.001110710320062935 0.001055174856446683 0.001002416131086648 0.000952295318711549 0.000904680578969419 0.0008594465325586498 0.0008164742030203342 0.0007756504928693175 0.0007368679507635534 0.0007000245386734605 0.0006650233408436179 0.0006317721563391387 0.0006001835572533309 0.0005701743648387492 0.0005416656495071948 0.0005145823815837502 0.0004888532566837966 0.0004644105792976916 0.0004411900590639561 0.0004191305488348007 0.0003981740155722946 0.0003782653075177222 0.0003593520377762616 0.0003413844387978315 0.00032431521685794 0.0003080994647461921 0.0002926944871433079 0.0002780597715172917 0.0002641567843966186 0.0002509489422664046 0.0002384014951530844 0.0002264814247610047 0.0002151573571609333 0.0002043994900304824 0.0001941795198945329 0.0001844705402618274 0.0001752470125211403 0.0001664846640778705 0.0001581604301463813 0.0001502524100942537 0.0001427397946827114 0.0001356028078589588 0.0001288226631004363 0.0001223815343109891 0.0001162624539574608 0.000110449327621609 0.0001049268612405285 9.968051745090634e-05 9.46964937611483e-05 8.996167161967605e-05 8.546358731109649e-05 8.119041012832895e-05 7.713089144090191e-05 7.327435014303774e-05 6.961062899790704e-05 6.613009463762864e-05 6.282358663156629e-05 5.968240657239221e-05 5.66982853342779e-05 5.386337215895765e-05 5.11702019139193e-05 4.861169145442545e-05 4.618110688170418e-05 4.387205262901261e-05 4.16784496337641e-05 3.95945280615706e-05 3.761480184039101e-05 3.573406138457358e-05 3.394735904294066e-05 3.224999090889469e-05 3.063749318243936e-05 2.910561852331739e-05 2.765033786999993e-05 2.626782043080311e-05 2.495443004590925e-05 2.37067088164622e-05 2.252137346658856e-05 2.139530442946125e-05 2.032553857134189e-05 1.930926191562321e-05 1.834379872889258e-05 1.742660970194265e-05 1.655527921684552e-05 1.572751534695271e-05 1.494113985245349e-05 1.419408272340661e-05 1.348437854176154e-05 1.281015920540085e-05 1.216965119965607e-05 1.156116832135012e-05 1.098310985980788e-05 1.043395423039328e-05 9.912256246025208e-06 9.416643479198683e-06 8.945811714511365e-06 8.498521310684737e-06 8.073595381574705e-06 7.669915248698089e-06 7.28641953173792e-06 6.922098691575229e-06 6.575993666046998e-06 6.24719405095675e-06 5.93483446209575e-06 5.638092716253595e-06 5.356188012228813e-06 5.088378657092107e-06 4.833959792449605e-06 4.592261575453449e-06 4.362648724054452e-06 4.144516424275935e-06 3.937290784961078e-06 3.740426336662495e-06 3.553405122147524e-06 3.375734877408831e-06 3.206948122169706e-06 3.046600795642007e-06 2.894270664910437e-06 2.749557097558863e-06 2.61207924268092e-06 2.481475348758977e-06 2.357401626795763e-06 2.239531568193343e-06 2.12755503525841e-06 2.021177351707593e-06 1.920118393172743e-06 1.824112473514106e-06 1.732906866891426e-06 1.646261580390274e-06 1.563948444527341e-06 1.485750999563606e-06 1.411463472322794e-06 1.340890321444022e-06 1.273845782634453e-06 1.210153527608782e-06
 0 0 0 0 0 0 0 0 0 0 0 0 0 0 0 0 0 0 0 0 0 0 0 0 0 0 0 0 0 0 0 0 0 0 0 0 0 0 0 0 0 0 0 0 0 0 0 0 0 0 0 0 0 0 0 0 0 0 0 0 0 0 0 0 0 0 0 0 0 0 0 0 0 0 0 0 0 0 0 0 0 0 0 0 0 0 0 0 0 0 0 0 0 0 0 0 0 0 0 0 0 0 0 0 0 0 0 0 0 0 0 0 0 0 0 0 0 0 0 0 0 0 0 0 0 0 0 0 0 0 0 0 0 0 0 0 0 0 0 0 0 0 0 0 0 0 0 0 0 0 0 0 0 0 0 0 0 0 0 0 0 0 0 0 0 0 0 0 0 0 0 0 0 0 0 0 0 0 0 0 0 0 0 0 0 0 0 0 0 0 0 0 0 0 0 0 0 0 0 0 0 0 0 0 0 0 0 0 0 0 0 0 0 0 0 0 0 0 0 0 0 0 0 0 0 0 0 0 0 0 0 0 0 0 0 0 0 0 0 0 0 0 0 0 0 0 0 0 0 0 0 0 0 0 0 0 0 0 0 0 0 0 0 0 0 0 0 0 0 0 0 0 0 0 0 0 0 0 0 0 0 0 0 0 0 0 0 0 0 0 0 0 0 0 0 0 0 0 0 0 0 0 0 0 0 0 0 0 0 0 0 0 0 0 0 0 0 0 0 0 0 0 0 0 0 0 0 0 0 0 0 0 0 0 0 0 0 0 0 0 0 0 0 0 0 0 0 0 0 0 0 0 0 0 0 0 0 0 0 0 0 0 0 0 0 0 0 0 0 0 0 0 0 0 0 0 0 0 0 0 0 0 0 0 0 0 0 0 0 0 0 0 0 0 0 0 0 0 0 0 0 0 0 0 0 0 0 0 0 0 0 0 0 0 0 0 0 0 0 0 0 0 0 0 0 0 0 0 0 0 0 0 0 0 0 0 0 0 0 0 0 0 0 0 0 0 0 0 0 0 0 0 0 0 0 0 0 0 0 0 0 0 0 0 0 0 0 0 0 0 0 0 0 0 0 0 0 0 0 0 0 0 0 0 0 0 0 0 0 0 0 0 0 0 0 0 0 0 0 0 0 0 0 0 0 0 0 0 0 0 0 0 0 0 0 0 0 0 0 0 0 0 0 0 0 0 0 0 0 0 0 0 0 0 0 0 0 0 0 0 0 0 0 0 0 0 0 0 0 0 0 0 0 0 0 0 0 0 0 0 0 0 0 0 0 0 0 0 0 0 0 0 0 0 0 0 0 0 0 0 0 0 0 0 0 0 0 0 0 0 0 0 0 0 0 0 0 0 0 0
 0 0 0 0 0 0 0 0 0 0 0 0 0 0 0 0 0 0 0 0 0 0 0 0 0 0 0 0 0 0 0 0 0 0 0 0 0 0 0 0 0 0 0 0 0 0 0 0 0 0 0 0 0 0 0 0 0 0 0 0 0 0 0 0 0 0 0 0 0 0 0 0 0 0 0 0 0 0 0 0 0 0 0 0 0 0 0 0 0 0 0 0 0 0 0 0 0 0 0 0 0 0 0 0 0 0 0 0 0 0 0 0 0 0 0 0 0 0 0 0 0 0 0 0 0 0 0 0 0 0 0 0 0 0 0 0 0 0 0 0 0 0 0 0 0 0 0 0 0 0 0 0 0 0 0 0 0 0 0 0 0 0 0 0 0 0 0 0 0 0 0 0 0 0 0 0 0 0 0 0 0 0 0 0 0 0 0 0 0 0 0 0 0 0 0 0 0 0 0 0 0 0 0 0 0 0 0 0 0 0 0 0 0 0 0 0 0 0 0 0 0 0 0 0 0 0 0 0 0 0 0 0 0 0 0 0 0 0 0 0 0 0 0 0 0 0 0 0 0 0 0 0 0 0 0 0 0 0 0 0 0 0 0 0 0 0 0 0 0 0 0 0 0 0 0 0 0 0 0 0 0 0 0 0 0 0 0 0 0 0 0 0 0 0 0 0 0 0 0 0 0 0 0 0 0 0 0 0 0 0 0 0 0 0 0 0 0 0 0 0 0 0 0 0 0 0 0 0 0 0 0 0 0 0 0 0 0 0 0 0 0 0 0 0 0 0 0 0 0 0 0 0 0 0 0 0 0 0 0 0 0 0 0 0 0 0 0 0 0 0 0 0 0 0 0 0 0 0 0 0 0 0 0 0 0 0 0 0 0 0 0 0 0 0 0 0 0 0 0 0 0 0 0 0 0 0 0 0 0 0 0 0 0 0 0 0 0 0 0 0 0 0 0 0 0 0 0 0 0 0 0 0 0 0 0 0 0 0 0 0 0 0 0 0 0 0 0 0 0 0 0 0 0 0 0 0 0 0 0 0 0 0 0 0 0 0 0 0 0 0 0 0 0 0 0 0 0 0 0 0 0 0 0 0 0 0 0 0 0 0 0 0 0 0 0 0 0 0 0 0 0 0 0 0 0 0 0 0 0 0 0 0 0 0 0 0 0 0 0 0 0 0 0 0 0 0 0 0 0 0 0 0 0 0 0 0 0 0 0 0 0 0 0 0 0 0 0 0 0 0 0 0 0 0 0 0 0 0 0 0 0 0 0 0 0 0 0 0 0 0 0 0 0 0 0 0 0 0 0 0 0 0 0 0 0 0 0 0 0 0 0 0 0 0 0 0 0 0 0 0
 0 0 0 0 0 0 0 0 0 0 0 0 0 0 0 0 0 0 0 0 0 0 0 0 0 0 0 0 0 0 0 0 0 0 0 0 0 0 0 0 0 0 0 0 0 0 0 0 0 0 0 0 0 0 0 0 0 0 0 0 0 0 0 0 0 0 0 0 0 0 0 0 0 0 0 0 0 0 0 0 0 0 0 0 0 0 0 0 0 0 0 0 0 0 0 0 0 0 0 0 0 0 0 0 0 0 0 0 0 0 0 0 0 0 0 0 0 0 0 0 0 0 0 0 0 0 0 0 0 0 0 0 0 0 0 0 0 0 0 0 0 0 0 0 0 0 0 0 0 0 0 0 0 0 0 0 0 0 0 0 0 0 0 0 0 0 0 0 0 0 0 0 0 0 0 0 0 0 0 0 0 0 0 0 0 0 0 0 0 0 0 0 0 0 0 0 0 0 0 0 0 0 0 0 0 0 0 0 0 0 0 0 0 0 0 0 0 0 0 0 0 0 0 0 0 0 0 0 0 0 0 0 0 0 0 0 0 0 0 0 0 0 0 0 0 0 0 0 0 0 0 0 0 0 0 0 0 0 0 0 0 0 0 0 0 0 0 0 0 0 0 0 0 0 0 0 0 0 0 0 0 0 0 0 0 0 0 0 0 0 0 0 0 0 0 0 0 0 0 0 0 0 0 0 0 0 0 0 0 0 0 0 0 0 0 0 0 0 0 0 0 0 0 0 0 0 0 0 0 0 0 0 0 0 0 0 0 0 0 0 0 0 0 0 0 0 0 0 0 0 0 0 0 0 0 0 0 0 0 0 0 0 0 0 0 0 0 0 0 0 0 0 0 0 0 0 0 0 0 0 0 0 0 0 0 0 0 0 0 0 0 0 0 0 0 0 0 0 0 0 0 0 0 0 0 0 0 0 0 0 0 0 0 0 0 0 0 0 0 0 0 0 0 0 0 0 0 0 0 0 0 0 0 0 0 0 0 0 0 0 0 0 0 0 0 0 0 0 0 0 0 0 0 0 0 0 0 0 0 0 0 0 0 0 0 0 0 0 0 0 0 0 0 0 0 0 0 0 0 0 0 0 0 0 0 0 0 0 0 0 0 0 0 0 0 0 0 0 0 0 0 0 0 0 0 0 0 0 0 0 0 0 0 0 0 0 0 0 0 0 0 0 0 0 0 0 0 0 0 0 0 0 0 0 0 0 0 0 0 0 0 0 0 0 0 0 0 0 0 0 0 0 0 0 0 0 0 0 0 0 0 0 0 0 0 0 0 0 0 0 0 0 0 0 0 0 0 0 0 0 0 0 0 0 0 0 0 0 0 0 0 0 0 0 0 0 0 0 0 0
 0 0 0 0 0 0 0 0 0 0 0 0 0 0 0 0 0 0 0 0 0 0 0 0 0 0 0 0 0 0 0 0 0 0 0 0 0 0 0 0 0 0 0 0 0 0 0 0 0 0 0 0 0 0 0 0 0 0 0 0 0 0 0 0 0 0 0 0 0 0 0 0 0 0 0 0 0 0 0 0 0 0 0 0 0 0 0 0 0 0 0 0 0 0 0 0 0 0 0 0 0 0 0 0 0 0 0 0 0 0 0 0 0 0 0 0 0 0 0 0 0 0 0 0 0 0 0 0 0 0 0 0 0 0 0 0 0 0 0 0 0 0 0 0 0 0 0 0 0 0 0 0 0 0 0 0 0 0 0 0 0 0 0 0 0 0 0 0 0 0 0 0 0 0 0 0 0 0 0 0 0 0 0 0 0 0 0 0 0 0 0 0 0 0 0 0 0 0 0 0 0 0 0 0 0 0 0 0 0 0 0 0 0 0 0 0 0 0 0 0 0 0 0 0 0 0 0 0 0 0 0 0 0 0 0 0 0 0 0 0 0 0 0 0 0 0 0 0 0 0 0 0 0 0 0 0 0 0 0 0 0 0 0 0 0 0 0 0 0 0 0 0 0 0 0 0 0 0 0 0 0 0 0 0 0 0 0 0 0 0 0 0 0 0 0 0 0 0 0 0 0 0 0 0 0 0 0 0 0 0 0 0 0 0 0 0 0 0.0007471519056707621 0.002551284618675709 0.005611353553831577 0.01013619638979435 0.01630954258143902 0.02429060079157352 0.03410970419645309 0.04580893740057945 0.05930323898792267 0.07461266219615936 0.09166209399700165 0.1102363616228104 0.1302847415208817 0.1518201529979706 0.1746932715177536 0.1989212334156036 0.2243101745843887 0.2507326602935791 0.27812859416008 0.3063348233699799 0.3353486657142639 0.3653091192245483 0.3962706327438354 0.4264571070671082 0.4534566700458527 0.4734927713871002 0.4844979047775269 0.4848689138889313 0.4736487865447998 0.4501509070396423 0.427643358707428 0.4062612056732178 0.3859481513500214 0.3666507303714752 0.3483181893825531 0.3309022784233093 0.3143571615219116 0.2986392974853516 0.283707320690155 0.269521951675415 0.2560458481311798 0.2432435601949692 0.2310813814401627 0.2195273190736771 0.2085509598255157 0.1981234103441238 0.1882172375917435 0.1788063794374466 0.1698660552501678 0.1613727509975433 0.1533041149377823 0.1456389129161835 0.1383569687604904 0.1314391195774078 0.1248671635985374 0.1186238080263138 0.11269261687994 0.1070579886436462 0.1017050892114639 0.09661983698606491 0.09178884327411652 0.08719940483570099 0.08283943682909012 0.07869746536016464 0.07476259022951126 0.07102446258068085 0.06747324019670486 0.06409958004951477 0.06089460104703903 0.05784986913204193 0.05495737493038177 0.05220950767397881 0.04959903284907341 0.04711908102035522 0.04476312547922134 0.04252497106790543 0.0403987243771553 0.03837879002094269 0.03645985201001167 0.03463685885071754 0.03290501609444618 0.03125976398587227 0.02969677560031414 0.02821193635463715 0.02680134028196335 0.02546127326786518 0.02418820932507515 0.02297879941761494 0.02182986028492451 0.02073836699128151 0.01970144920051098 0.01871637627482414 0.01778055727481842 0.01689152978360653 0.01604695245623589 0.01524460501968861 0.01448237523436546 0.01375825610011816 0.01307034306228161 0.01241682562977076 0.01179598458111286 0.01120618544518948 0.01064587570726871 0.01011358201503754 0.009607902728021145 0.009127507917582989 0.00867113284766674 0.008237576112151146 0.007825696840882301 0.007434411905705929 0.007062691263854504 0.006709556560963392 0.006374078802764416 0.006055374629795551 0.005752605851739645 0.005464975722134113 0.005191727075725794 0.004932140931487083 0.004685533698648214 0.004451257176697254 0.00422869436442852 0.004017259459942579 0.003816396463662386 0.003625576617196202 0.003444297704845667 0.003272082889452577 0.003108478849753737 0.00295305484905839 0.002805402036756277 0.002665131818503141 0.002531875157728791 0.002405281411483884 0.002285017399117351 0.002170766470953822 0.002062228042632341 0.001959116663783789 0.001861160853877664 0.001768102869391441 0.001679697772487998 0.001595712848939002 0.001515927258878946 0.001440130872651935 0.001368124270811677 0.001299718045629561 0.00123473210260272 0.001172995544038713 0.001114345737732947 0.001058628433384001 0.001005697064101696 0.0009554122225381434 0.0009076416026800871 0.0008622595341876149 0.0008191465749405324 0.0007781892200000584 0.0007392797851935029 0.0007023158250376582 0.000667200016323477 0.0006338400417007506 0.0006021480658091605 0.0005720406770706177 0.000543438654858619 0.0005162667366676033 0.0004904533852823079 0.0004659307305701077 0.0004426341911312193 0.0004205024742987007 0.000399477343307808 0.0003795034717768431 0.0003605282981880009 0.0003425018803682178 0.0003253767790738493 0.0003091079415753484 0.0002936525561381131 0.0002789699356071651 0.0002650214300956577 0.0002517703687772155 0.0002391818561591208 0.0002272227575303987 0.0002158616262022406 0.000205068543436937 0.0001948151184478775 0.0001850743574323133 0.0001758206344675273 0.0001670296041993424 0.0001586781290825456 0.0001507442211732268 0.0001432070130249485 0.0001360466558253393 0.0001292443193960935 0.0001227821048814803 0.0001166430010925978 0.0001108108481275849 0.0001052703082677908 0.0001000067932181992 9.500645683147013e-05 9.025613690027967e-05 8.574333332944661e-05 8.1456164480187e-05 7.738335989415646e-05 7.351419480983168e-05 6.983848288655281e-05 6.634656165260822e-05 6.302923429757357e-05 5.987777331029065e-05 5.68838840990793e-05 5.403969043982215e-05 5.133770537213422e-05 4.877082028542645e-05 4.633227945305407e-05 4.401566548040137e-05 4.181488111498766e-05 3.972413833253086e-05 3.773793287109584e-05 3.585103695513681e-05 3.405848474358208e-05 3.235556141589768e-05 3.073778498219326e-05 2.920089536928572e-05 2.774085078272037e-05 2.635380769788753e-05 2.503611722204369e-05 2.378431054239627e-05 2.259509528812487e-05 2.146534097846597e-05 2.039207356574479e-05 1.937246997840703e-05 1.840384720708244e-05 1.748365502862725e-05 1.660947236814536e-05 1.577899820404127e-05 1.499004793004133e-05 1.424054516974138e-05 1.352851813862799e-05 1.285209236812079e-05 1.220948797708843e-05 1.15990133053856e-05 1.101906309486367e-05 1.046811030391837e-05 9.944705197995063e-06 9.447469892620575e-06 8.975096534413751e-06 8.526341844117269e-06 8.100024388113525e-06 7.695022759435233e-06 7.310271485039266e-06 6.9447578425752e-06 6.59752004139591e-06 6.267644039326115e-06 5.954261723672971e-06 5.656548637489323e-06 5.373721251089592e-06 5.105035143060377e-06 4.84978318127105e-06 4.607294158631703e-06 4.376929609861691e-06 4.158083356742281e-06 3.950179234379902e-06 3.752670181711437e-06 3.565036649888498e-06 3.386784783288022e-06 3.217445510017569e-06 3.056573177673272e-06 2.903744416471454e-06 2.758557229753933e-06 2.620629402372288e-06 2.489598045940511e-06 2.365118234592956e-06 2.246862322863308e-06 2.134519263563561e-06 2.027793243541964e-06 1.92640368368302e-06 1.83008353360492e-06 1.738579385346384e-06 1.651650450185116e-06 1.569067876516783e-06 1.490614522481337e-06 1.416083819094638e-06 1.345279656561615e-06 1.278015702155244e-06 1.214114945469191e-06 1.153409243670467e-06 1.095738753065234e-06 1.040951815411972e-06
 0 0 0 0 0 0 0 0 0 0 0 0 0 0 0 0 0 0 0 0 0 0 0 0 0 0 0 0 0 0 0 0 0 0 0 0 0 0 0 0 0 0 0 0 0 0 0 0 0 0 0 0 0 0 0 0 0 0 0 0 0 0 0 0 0 0 0 0 0 0 0 0 0 0 0 0 0 0 0 0 0 0 0 0 0 0 0 0 0 0 0 0 0 0 0 0 0 0 0 0 0 0 0 0 0 0 0 0 0 0 0 0 0 0 0 0 0 0 0 0 0 0 0 0 0 0 0 0 0 0 0 0 0 0 0 0 0 0 0 0 0 0 0 0 0 0 0 0 0 0 0 0 0 0 0 0 0 0 0 0 0 0 0 0 0 0 0 0 0 0 0 0 0 0 0 0 0 0 0 0 0 0 0 0 0 0 0 0 0 0 0 0 0 0 0 0 0 0 0 0 0 0 0 0 0 0 0 0 0 0 0 0 0 0 0 0 0 0 0 0 0 0 0 0 0 0 0 0 0 0 0 0 0 0 0 0 0 0 0 0 0 0 0 0 0 0 0 0 0 0 0 0 0 0 0 0 0 0 0 0 0 0 0 0 0 0 0 0 0 0 0 0 0 0 0 0 0 0 0 0 0 0 0 0 0 0 0 0 0 0 0 0 0 0 0 0 0 0 0 0 0 0 0 0 0 0 0 0 0 0 0 0 0 0 0 0 0 0 0 0 0 0 0 0 0 0 0 0 0 0 0 0 0 0 0 0 0 0 0 0 0 0 0 0 0 0 0 0 0 0 0 0 0 0 0 0 0 0 0 0 0 0 0 0 0 0 0 0 0 0 0 0 0 0 0 0 0 0 0 0 0 0 0 0 0 0 0 0 0 0 0 0 0 0 0 0 0 0 0 0 0 0 0 0 0 0 0 0 0 0 0 0 0 0 0 0 0 0 0 0 0 0 0 0 0 0 0 0 0 0 0 0 0 0 0 0 0 0 0 0 0 0 0 0 0 0 0 0 0 0 0 0 0 0 0 0 0 0 0 0 0 0 0 0 0 0 0 0 0 0 0 0 0 0 0 0 0 0 0 0 0 0 0 0 0 0 0 0 0 0 0 0 0 0 0 0 0 0 0 0 0 0 0 0 0 0 0 0 0 0 0 0 0 0 0 0 0 0 0 0 0 0 0 0 0 0 0 0 0 0 0 0 0 0 0 0 0 0 0 0 0 0 0 0 0 0 0 0 0 0 0 0 0 0 0 0 0 0 0 0 0 0 0 0 0 0 0 0 0 0 0 0 0 0 0 0 0 0 0 0 0 0 0 0 0 0 0 0 0 0 0 0 0 0 0 0 0 0 0 0
 0 0 0 0 0 0 0 0 0 0 0 0 0 0 0 0 0 0 0 0 0 0 0 0 0 0 0 0 0 0 0 0 0 0 0 0 0 0 0 0 0 0 0 0 0 0 0 0 0 0 0 0 0 0 0 0 0 0 0 0 0 0 0 0 0 0 0 0 0 0 0 0 0 0 0 0 0 0 0 0 0 0 0 0 0 0 0 0 0 0 0 0 0 0 0 0 0 0 0 0 0 0 0 0 0 0 0 0 0 0 0 0 0 0 0 0 0 0 0 0 0 0 0 0 0 0 0 0 0 0 0 0 0 0 0 0 0 0 0 0 0 0 0 0 0 0 0 0 0 0 0 0 0 0 0 0 0 0 0 0 0 0 0 0 0 0 0 0 0 0 0 0 0 0 0 0 0 0 0 0 0 0 0 0 0 0 0 0 0 0 0 0 0 0 0 0 0 0 0 0 0 0 0 0 0 0 0 0 0 0 0 0 0 0 0 0 0 0 0 0 0 0 0 0 0 0 0 0 0 0 0 0 0 0 0 0 0 0 0 0 0 0 0 0 0 0 0 0 0 0 0 0 0 0 0 0 0 0 0 0 0 0 0 0 0 0 0 0 0 0 0 0 0 0 0 0 0 0 0 0 0 0 0 0 0 0 0 0 0 0 0 0 0 0 0 0 0 0 0 0 0 0 0 0 0 0 0 0 0 0 0 0 0 0 0 0 0 0 0 0 0 0 0 0 0 0 0 0 0 0 0 0 0 0 0 0 0 0 0 0 0 0 0 0 0 0 0 0 0 0 0 0 0 0 0 0 0 0 0 0 0 0 0 0 0 0 0 0 0 0 0 0 0 0 0 0 0 0 0 0 0 0 0 0 0 0 0 0 0 0 0 0 0 0 0 0 0 0 0 0 0 0 0 0 0 0 0 0 0 0 0 0 0 0 0 0 0 0 0 0 0 0 0 0 0 0 0 0 0 0 0 0 0 0 0 0 0 0 0 0 0 0 0 0 0 0 0 0 0 0 0 0 0 0 0 0 0 0 0 0 0 0 0 0 0 0 0 0 0 0 0 0 0 0 0 0 0 0 0 0 0 0 0 0 0 0 0 0 0 0 0 0 0 0 0 0 0 0 0 0 0 0 0 0 0 0 0 0 0 0 0 0 0 0 0 0 0 0 0 0 0 0 0 0 0 0 0 0 0 0 0 0 0 0 0 0 0 0 0 0 0 0 0 0 0 0 0 0 0 0 0 0 0 0 0 0 0 0 0 0 0 0 0 0 0 0 0 0 0 0 0 0 0 0 0 0 0 0 0 0 0 0 0 0 0 0 0 0 0 0 0 0 0 0 0 0 0 0 0 0
 0 0 0 0 0 0 0 0 0 0 0 0 0 0 0 0 0 0 0 0 0 0 0 0 0 0 0 0 0 0 0 0 0 0 0 0 0 0 0 0 0 0 0 0 0 0 0 0 0 0 0 0 0 0 0 0 0 0 0 0 0 0 0 0 0 0 0 0 0 0 0 0 0 0 0 0 0 0 0 0 0 0 0 0 0 0 0 0 0 0 0 0 0 0 0 0 0 0 0 0 0 0 0 0 0 0 0 0 0 0 0 0 0 0 0 0 0 0 0 0 0 0 0 0 0 0 0 0 0 0 0 0 0 0 0 0 0 0 0 0 0 0 0 0 0 0 0 0 0 0 0 0 0 0 0 0 0 0 0 0 0 0 0 0 0 0 0 0 0 0 0 0 0 0 0 0 0 0 0 0 0 0 0 0 0 0 0 0 0 0 0 0 0 0 0 0 0 0 0 0 0 0 0 0 0 0 0 0 0 0 0 0 0 0 0 0 0 0 0 0 0 0 0 0 0 0 0 0 0 0 0 0 0 0 0 0 0 0 0 0 0 0 0 0 0 0 0 0 0 0 0 0 0 0 0 0 0 0 0 0 0 0 0 0 0 0 0 0 0 0 0 0 0 0 0 0 0 0 0 0 0 0 0 0 0 0 0 0 0 0 0 0 0 0 0 0 0 0 0 0 0 0 0 0 0 0 0 0 0 0 0 0 0 0 0 0 0 0 0 0 0 0 0 0 0 0 0 0 0 0 0 0 0 0 0 0 0 0 0 0 0 0 0 0 0 0 0 0 0 0 0 0 0 0 0 0 0 0 0 0 0 0 0 0 0 0 0 0 0 0 0 0 0 0 0 0 0 0 0 0 0 0 0 0 0 0 0 0 0 0 0 0 0 0 0 0 0 0 0 0 0 0 0 0 0 0 0 0 0 0 0 0 0 0 0 0 0 0 0 0 0 0 0 0 0 0 0 0 0 0 0 0 0 0 0 0 0 0 0 0 0 0 0 0 0 0 0 0 0 0 0 0 0 0 0 0 0 0 0 0 0 0 0 0 0 0 0 0 0 0 0 0 0 0 0 0 0 0 0 0 0 0 0 0 0 0 0 0 0 0 0 0 0 0 0 0 0 0 0 0 0 0 0 0 0 0 0 0 0 0 0 0 0 0 0 0 0 0 0 0 0 0 0 0 0 0 0 0 0 0 0 0 0 0 0 0 0 0 0 0 0 0 0 0 0 0 0 0 0 0 0 0 0 0 0 0 0 0 0 0 0 0 0 0 0 0 0 0 0 0 0 0 0 0 0 0 0 0 0 0 0 0 0 0 0 0 0 0 0 0 0 0 0 0 0 0 0 0 0 0
 0 0 0 0 0 0 0 0 0 0 0 0 0 0 0 0 0 0 0 0 0 0 0 0 0 0 0 0 0 0 0 0 0 0 0 0 0 0 0 0 0 0 0 0 0 0 0 0 0 0 0 0 0 0 0 0 0 0 0 0 0 0 0 0 0 0 0 0 0 0 0 0 0 0 0 0 0 0 0 0 0 0 0 0 0 0 0 0 0 0 0 0 0 0 0 0 0 0 0 0 0 0 0 0 0 0 0 0 0 0 0 0 0 0 0 0 0 0 0 0 0 0 0 0 0 0 0 0 0 0 0 0 0 0 0 0 0 0 0 0 0 0 0 0 0 0 0 0 0 0 0 0 0 0 0 0 0 0 0 0 0 0 0 0 0 0 0 0 0 0 0 0 0 0 0 0 0 0 0 0 0 0 0 0 0 0 0 0 0 0 0 0 0 0 0 0 0 0 0 0 0 0 0 0 0 0 0 0 0 0 0 0 0 0 0 0 0 0 0 0 0 0 0 0 0 0 0 0 0 0 0 0 0 0 0 0 0 0 0 0 0 0 0 0 0 0 0 0 0 0 0 0 0 0 0 0 0 0 0 0 0 0 0 0 0 0 0 0 0 0 0 0 0 0 0 0 0 0 0 0 0 0 0 0 0 0 0 0 0 0 0 0 0 0 0 0 0 0 0 0 0 0 0 0 0 0 0 0 0 0 0 0 0 0 0 0 0 0 0 0.0009471034863963723 0.003066499717533588 0.006540363654494286 0.01153838634490967 0.01826895959675312 0.02689274214208126 0.03762047737836838 0.05046991258859634 0.06550559401512146 0.08267360180616379 0.1017020493745804 0.1224507912993431 0.1449859142303467 0.1693095415830612 0.195226714015007 0.2226307541131973 0.2512613534927368 0.2812341451644897 0.3125241994857788 0.3451384305953979 0.3778814971446991 0.408987432718277 0.4385380744934082 0.4666111767292023 0.4932806193828583 0.5123977065086365 0.5208529829978943 0.5174661874771118 0.5014500617980957 0.476377546787262 0.4525586664676666 0.4299307465553284 0.4084342122077942 0.3880124986171722 0.3686118721961975 0.3501812815666199 0.3326722085475922 0.3160386085510254 0.3002366721630096 0.2852248251438141 0.270963579416275 0.2574154138565063 0.2445446401834488 0.2323174029588699 0.2207015305757523 0.2096664607524872 0.1991831362247467 0.189223974943161 0.1797627806663513 0.1707746386528015 0.162235900759697 0.1541241109371185 0.1464179009199142 0.1390970051288605 0.1321421563625336 0.1255350410938263 0.1192582920193672 0.1132953763008118 0.1076306104660034 0.1022490784525871 0.09713662415742874 0.09227979183197021 0.08766580373048782 0.08328251540660858 0.07911838591098785 0.07516247034072876 0.0714043453335762 0.06783413141965866 0.06444242596626282 0.06122030317783356 0.05815928801894188 0.05525132268667221 0.05248875543475151 0.04986431822180748 0.04737110063433647 0.04500254616141319 0.04275241866707802 0.04061479866504669 0.03858405724167824 0.03665485605597496 0.03482211381196976 0.03308100998401642 0.03142695873975754 0.02985561080276966 0.0283628311008215 0.02694468945264816 0.02559745498001575 0.02431758306920528 0.02310170419514179 0.0219466183334589 0.02084928750991821 0.01980682276189327 0.01881648227572441 0.01787565834820271 0.01698187552392483 0.0161327812820673 0.01532614231109619 0.01455983519554138 0.01383184362202883 0.01314025186002254 0.01248323917388916 0.01185907702893019 0.01126612350344658 0.01070281770080328 0.0101676769554615 0.009659293107688427 0.009176328778266907 0.008717512711882591 0.008281636983156204 0.007867555133998394 0.007474177516996861 0.007100468501448631 0.0067454450763762 0.006408172659575939 0.006087764166295528 0.005783375818282366 0.005494207143783569 0.005219496786594391 0.004958522040396929 0.004710596054792404 0.004475066438317299 0.004251312930136919 0.004038747400045395 0.003836810123175383 0.00364496954716742 0.00346272112801671 0.003289585001766682 0.003125105751678348 0.002968850545585155 0.002820407971739769 0.002679387573152781 0.002545418217778206 0.002418147400021553 0.002297240076586604 0.002182377967983484 0.002073259092867374 0.001969596138224006 0.001871116342954338 0.001777560566551983 0.001688682590611279 0.001604248420335352 0.00152403605170548 0.001447834307327867 0.001375442603603005 0.001306670485064387 0.001241336925886571 0.001179270097054541 0.001120306551456451 0.001064291223883629 0.001011076616123319 0.0009605227969586849 0.0009124966454692185 0.0008668717928230762 0.0008235282148234546 0.0007823518244549632 0.0007432342390529811 0.0007060725474730134 0.0006707689026370645 0.0006372304633259773 0.0006053689285181463 0.0005751004791818559 0.0005463454290293157 0.0005190281663089991 0.0004930767463520169 0.0004684229206759483 0.0004450017877388746 0.0004227517056278884 0.000401614117436111 0.0003815334057435393 0.0003624567470978945 0.0003443339082878083 0.0003271172172389925 0.0003107613592874259 0.0002952232898678631 0.0002804621180985123 0.0002664390194695443 0.0002531170612201095 0.0002404612023383379 0.0002284381480421871 0.0002170162333641201 0.0002061654231511056 0.0001958571519935504 0.0001860642951214686 0.0001767610810929909 0.0001679230335867032 0.0001595268840901554 0.0001515505427960306 0.0001439730112906545 0.0001367743534501642 0.0001299356372328475 0.000123438861919567 0.0001172669217339717 0.0001114035767386667 0.0001058333946275525 0.0001005417216219939 9.551463881507516e-05 9.073890396393836e-05 8.620195876574144e-05 8.189186337403953e-05 7.779726729495451e-05 7.390740211121738e-05 7.021203055046499e-05 6.670143193332478e-05 6.336635851766914e-05 6.019803913659416e-05 5.718813554267399e-05 5.432872785604559e-05 5.161229273653589e-05 4.903167791781016e-05 4.658009493141435e-05 4.425109000294469e-05 4.203853677609004e-05 3.993661084678024e-05 3.793977884924971e-05 3.60427911800798e-05 3.42406528943684e-05 3.252862006775104e-05 3.090218888246454e-05 2.935707925644238e-05 2.788922574836761e-05 2.649476482474711e-05 2.517002576496452e-05 2.391152520431206e-05 2.271594894409645e-05 2.158015195163898e-05 2.050114380836021e-05 1.947608689079061e-05 1.850228181865532e-05 1.757716745487414e-05 1.669830817263573e-05 1.586339203640819e-05 1.507022261648672e-05 1.431671171303606e-05 1.360087571811164e-05 1.292083197768079e-05 1.227479060617043e-05 1.166105084848823e-05 1.107799835153855e-05 1.052409879775951e-05 9.997894267144147e-06 9.497999599261675e-06 9.023099664773326e-06 8.571944817958865e-06 8.143347258737776e-06 7.736180123174563e-06 7.349371117015835e-06 6.981902515690308e-06 6.632807526329998e-06 6.301167104538763e-06 5.986108590150252e-06 5.686802978743799e-06 5.402462647907669e-06 5.132339538249653e-06 4.875722424912965e-06 4.631936462828889e-06 4.400339548737975e-06 4.180322775937384e-06 3.971306796302088e-06 3.772741365537513e-06 3.584104206311167e-06 3.404898961889558e-06 3.234654059269815e-06 3.07292134493764e-06 2.919275175372604e-06 2.773311507553444e-06 2.634645852594986e-06 2.502913503121817e-06 2.377767941652564e-06 2.258879476357833e-06 2.14593546843389e-06 2.038638740486931e-06 1.936706894412055e-06 1.839871515585401e-06 1.747877945490472e-06 1.660484031162923e-06 1.577459784130042e-06 1.498586811976566e-06 1.423657522536814e-06 1.352474669147341e-06 1.284850895899581e-06 1.220608396579337e-06
 0 0 0 0 0 0 0 0 0 0 0 0 0 0 0 0 0 0 0 0 0 0 0 0 0 0 0 0 0 0 0 0 0 0 0 0 0 0 0 0 0 0 0 0 0 0 0 0 0 0 0 0 0 0 0 0 0 0 0 0 0 0 0 0 0 0 0 0 0 0 0 0 0 0 0 0 0 0 0 0 0 0 0 0 0 0 0 0 0 0 0 0 0 0 0 0 0 0 0 0 0 0 0 0 0 0 0 0 0 0 0 0 0 0 0 0 0 0 0 0 0 0 0 0 0 0 0 0 0 0 0 0 0 0 0 0 0 0 0 0 0 0 0 0 0 0 0 0 0 0 0 0 0 0 0 0 0 0 0 0 0 0 0 0 0 0 0 0 0 0 0 0 0 0 0 0 0 0 0 0 0 0 0 0 0 0 0 0 0 0 0 0 0 0 0 0 0 0 0 0 0 0 0 0 0 0 0 0 0 0 0 0 0 0 0 0 0 0 0 0 0 0 0 0 0 0 0 0 0 0 0 0 0 0 0 0 0 0 0 0 0 0 0 0 0 0 0 0 0 0 0 0 0 0 0 0 0 0 0 0 0 0 0 0 0 0 0 0 0 0 0 0 0 0 0 0 0 0 0 0 0 0 0 0 0 0 0 0 0 0 0 0 0 0 0 0 0 0 0 0 0 0 0 0 0 0 0 0 0 0 0 0 0 0 0 0 0 0 0 0 0 0 0 0 0 0 0 0 0 0 0 0 0 0 0 0 0 0 0 0 0 0 0 0 0 0 0 0 0 0 0 0 0 0 0 0 0 0 0 0 0 0 0 0 0 0 0 0 0 0 0 0 0 0 0 0 0 0 0 0 0 0 0 0 0 0 0 0 0 0 0 0 0 0 0 0 0 0 0 0 0 0 0 0 0 0 0 0 0 0 0 0 0 0 0 0 0 0 0 0 0 0 0 0 0 0 0 0 0 0 0 0 0 0 0 0 0 0 0 0 0 0 0 0 0 0 0 0 0 0 0 0 0 0 0 0 0 0 0 0 0 0 0 0 0 0 0 0 0 0 0 0 0 0 0 0 0 0 0 0 0 0 0 0 0 0 0 0 0 0 0 0 0 0 0 0 0 0 0 0 0 0 0 0 0 0 0 0 0 0 0 0 0 0 0 0 0 0 0 0 0 0 0 0 0 0 0 0 0 0 0 0 0 0 0 0 0 0 0 0 0 0 0 0 0 0 0 0 0 0 0 0 0 0 0 0 0 0 0 0 0 0 0 0 0 0 0 0 0 0 0 0 0 0 0 0 0 0 0 0 0 0 0 0 0 0 0 0 0 0 0 0 0 0 0 0 0 0 0 0
 0 0 0 0 0 0 0 0 0 0 0 0 0 0 0 0 0 0 0 0 0 0 0 0 0 0 0 0 0 0 0 0 0 0 0 0 0 0 0 0 0 0 0 0 0 0 0 0 0 0 0 0 0 0 0 0 0 0 0 0 0 0 0 0 0 0 0 0 0 0 0 0 0 0 0 0 0 0 0 0 0 0 0 0 0 0 0 0 0 0 0 0 0 0 0 0 0 0 0 0 0 0 0 0 0 0 0 0 0 0 0 0 0 0 0 0 0 0 0 0 0 0 0 0 0 0 0 0 0 0 0 0 0 0 0 0 0 0 0 0 0 0 0 0 0 0 0 0 0 0 0 0 0 0 0 0 0 0 0 0 0 0 0 0 0 0 0 0 0 0 0 0 0 0 0 0 0 0 0 0 0 0 0 0 0 0 0 0 0 0 0 0 0 0 0 0 0 0 0 0 0 0 0 0 0 0 0 0 0 0 0 0 0 0 0 0 0 0 0 0 0 0 0 0 0 0 0 0 0 0 0 0 0 0 0 0 0 0 0 0 0 0 0 0 0 0 0 0 0 0 0 0 0 0 0 0 0 0 0 0 0 0 0 0 0 0 0 0 0 0 0 0 0 0 0 0 0 0 0 0 0 0 0 0 0 0 0 0 0 0 0 0 0 0 0 0 0 0 0 0 0 0 0 0 0 0 0 0 0 0 0 0 0 0 0 0 0 0 0 0 0 0 0 0 0 0 0 0 0 0 0 0 0 0 0 0 0 0 0 0 0 0 0 0 0 0 0 0 0 0 0 0 0 0 0 0 0 0 0 0 0 0 0 0 0 0 0 0 0 0 0 0 0 0 0 0 0 0 0 0 0 0 0 0 0 0 0 0 0 0 0 0 0 0 0 0 0 0 0 0 0 0 0 0 0 0 0 0 0 0 0 0 0 0 0 0 0 0 0 0 0 0 0 0 0 0 0 0 0 0 0 0 0 0 0 0 0 0 0 0 0 0 0 0 0 0 0 0 0 0 0 0 0 0 0 0 0 0 0 0 0 0 0 0 0 0 0 0 0 0 0 0 0 0 0 0 0 0 0 0 0 0 0 0 0 0 0 0 0 0 0 0 0 0 0 0 0 0 0 0 0 0 0 0 0 0 0 0 0 0 0 0 0 0 0 0 0 0 0 0 0 0 0 0 0 0 0 0 0 0 0 0 0 0 0 0 0 0 0 0 0 0 0 0 0 0 0 0 0 0 0 0 0 0 0 0 0 0 0 0 0 0 0 0 0 0 0 0 0 0 0 0 0 0 0 0 0 0 0 0 0 0 0 0 0 0 0 0 0 0 0 0 0 0 0 0 0 0 0 0
 0 0 0 0 0 0 0 0 0 0 0 0 0 0 0 0 0 0 0 0 0 0 0 0 0 0 0 0 0 0 0 0 0 0 0 0 0 0 0 0 0 0 0 0 0 0 0 0 0 0 0 0 0 0 0 0 0 0 0 0 0 0 0 0 0 0 0 0 0 0 0 0 0 0 0 0 0 0 0 0 0 0 0 0 0 0 0 0 0 0 0 0 0 0 0 0 0 0 0 0 0 0 0 0 0 0 0 0 0 0 0 0 0 0 0 0 0 0 0 0 0 0 0 0 0 0 0 0 0 0 0 0 0 0 0 0 0 0 0 0 0 0 0 0 0 0 0 0 0 0 0 0 0 0 0 0 0 0 0 0 0 0 0 0 0 0 0 0 0 0 0 0 0 0 0 0 0 0 0 0 0 0 0 0 0 0 0 0 0 0 0 0 0 0 0 0 0 0 0 0 0 0 0 0 0 0 0 0 0 0 0 0 0 0 0 0 0 0 0 0 0 0 0 0 0 0 0 0 0 0 0 0 0 0 0 0 0 0 0 0 0 0 0 0 0 0 0 0 0 0 0 0 0 0 0 0 0 0 0 0 0 0 0 0 0 0 0 0 0 0 0 0 0 0 0 0 0 0 0 0 0 0 0 0 0 0 0 0 0 0 0 0 0 0 0 0 0 0 0 0 0 0 0 0 0 0 0 0 0 0 0 0 0 0 0 0 0 0 0 0 0 0 0 0 0 0 0 0 0 0 0 0 0 0 0 0 0 0 0 0 0 0 0 0 0 0 0 0 0 0 0 0 0 0 0 0 0 0 0 0 0 0 0 0 0 0 0 0 0 0 0 0 0 0 0 0 0 0 0 0 0 0 0 0 0 0 0 0 0 0 0 0 0 0 0 0 0 0 0 0 0 0 0 0 0 0 0 0 0 0 0 0 0 0 0 0 0 0 0 0 0 0 0 0 0 0 0 0 0 0 0 0 0 0 0 0 0 0 0 0 0 0 0 0 0 0 0 0 0 0 0 0 0 0 0 0 0 0 0 0 0 0 0 0 0 0 0 0 0 0 0 0 0 0 0 0 0 0 0 0 0 0 0 0 0 0 0 0 0 0 0 0 0 0 0 0 0 0 0 0 0 0 0 0 0 0 0 0 0 0 0 0 0 0 0 0 0 0 0 0 0 0 0 0 0 0 0 0 0 0 0 0 0 0 0 0 0 0 0 0 0 0 0 0 0 0 0 0 0 0 0 0 0 0 0 0 0 0 0 0 0 0 0 0 0 0 0 0 0 0 0 0 0 0 0 0 0 0 0 0 0 0 0 0 0 0 0 0 0 0 0 0 0 0 0 0 0 0 0 0
 0 0 0 0 0 0 0 0 0 0 0 0 0 0 0 0 0 0 0 0 0 0 0 0 0 0 0 0 0 0 0 0 0 0 0 0 0 0 0 0 0 0 0 0 0 0 0 0 0 0 0 0 0 0 0 0 0 0 0 0 0 0 0 0 0 0 0 0 0 0 0 0 0 0 0 0 0 0 0 0 0 0 0 0 0 0 0 0 0 0 0 0 0 0 0 0 0 0 0 0 0 0 0 0 0 0 0 0 0 0 0 0 0 0 0 0 0 0 0 0 0 0 0 0 0 0 0 0 0 0 0 0 0 0 0 0 0 0 0 0 0 0 0 0 0 0 0 0 0 0 0 0 0 0 0 0 0 0 0 0 0 0 0 0 0 0 0 0 0 0 0 0 0 0 0 0 0 0 0 0 0 0 0 0 0 0 0 0 0 0 0 0 0 0 0 0 0 0 0 0 0 0 0 0 0 0 0 0 0 0 0 0 0 0 0 0 0 0 0 0 0 0 0 0 0 0 0 0 0 0 0 0 0 0 0 0 0 0 0 0 0 0 0 0 0 0 0 0 0 0 0 0 0 0 0 0 0 0 0 0 0 0 0 0 0 0 0 0 0 0 0 0 0 0 0 0 0 0 0 0 0 0 0 0 0 0 0 0 0 0 0 0 0 0 0 0 0 0 0 0 0 0 0 0 0 0 0 0 0 0 0 0 0 0 0 0 0 0 0 0 0.0005996496183797717 0.002365392399951816 0.005383256357163191 0.009853188879787922 0.01596136204898357 0.02392680197954178 0.0340023897588253 0.04636401683092117 0.06094015389680862 0.07779392600059509 0.09658264368772507 0.1170952022075653 0.1391615122556686 0.1627696752548218 0.187999963760376 0.2147027850151062 0.24284528195858 0.2725483775138855 0.3037970662117004 0.336517870426178 0.3696919679641724 0.4012073576450348 0.4311469793319702 0.4595896303653717 0.4866101443767548 0.5098614692687988 0.5230132937431335 0.5247055888175964 0.5140612125396729 0.4903742969036102 0.4658555686473846 0.4425627887248993 0.4204346537590027 0.3994129300117493 0.3794422745704651 0.360470175743103 0.3424466550350189 0.3253243267536163 0.3090580999851227 0.2936052083969116 0.2789249420166016 0.2649787068367004 0.2517297863960266 0.2391432970762253 0.2271861284971237 0.2158268243074417 0.2050354778766632 0.1947837024927139 0.1850445121526718 0.1757922917604446 0.1670026779174805 0.1586525440216064 0.1507199108600616 0.1431839168071747 0.1360247135162354 0.1292234808206558 0.1227623075246811 0.116624191403389 0.1107929795980453 0.1052533313632011 0.09999066591262817 0.09499113261699677 0.09024157375097275 0.08572949469089508 0.08144301921129227 0.07737086713314056 0.0735023245215416 0.06982720643281937 0.06633584946393967 0.06301905959844589 0.05986810475587845 0.05687469989061356 0.05403096601366997 0.05132941901683807 0.04876294732093811 0.04632480069994926 0.04400856047868729 0.04180813208222389 0.03971772640943527 0.0377318412065506 0.03584524989128113 0.03405298665165901 0.0323503389954567 0.03073282167315483 0.02919618040323257 0.02773637138307095 0.02634955197572708 0.02503207512199879 0.02378047071397305 0.02259144745767117 0.02146187424659729 0.0203887801617384 0.01936934143304825 0.01840087398886681 0.01748082973062992 0.01660678908228874 0.01577644981443882 0.01498762704432011 0.01423824578523636 0.01352633349597454 0.01285001635551453 0.0122075155377388 0.01159713976085186 0.01101728249341249 0.01046641822904348 0.009943096898496151 0.009445942007005215 0.00897364504635334 0.008524962700903416 0.008098714984953403 0.007693779189139605 0.007309090346097946 0.006943635642528534 0.006596453953534365 0.006266631186008453 0.005953299812972546 0.005655634682625532 0.005372853018343449 0.00510421022772789 0.00484899990260601 0.004606550093740225 0.004376222379505634 0.004157411400228739 0.003949540667235851 0.003752063727006316 0.003564460435882211 0.003386237425729632 0.003216925542801619 0.003056079149246216 0.002903275191783905 0.002758111339062452 0.002620205748826265 0.002489195438101888 0.002364735584706068 0.002246498828753829 0.002134173875674605 0.0020274652633816 0.001926091965287924 0.001829787390306592 0.001738297985866666 0.001651383121497929 0.00156881392467767 0.001490373280830681 0.001415854669176042 0.001345061929896474 0.001277808798477054 0.001213918323628604 0.001153222401626408 0.001095561310648918 0.001040783245116472 0.0009887440828606486 0.0009393068612553179 0.0008923415443859994 0.0008477244409732521 0.0008053382043726742 0.0007650713087059557 0.0007268177578225732 0.0006904768524691463 0.000655953015666455 0.0006231553852558136 0.0005919976392760873 0.000562397763133049 0.0005342778749763966 0.0005075639928691089 0.0004821858019568026 0.0004580765089485794 0.0004351726965978742 0.0004134140617679805 0.0003927433572243899 0.0003731061879079789 0.0003544508654158562 0.0003367283206898719 0.0003198919002898037 0.0003038973081856966 0.0002887024311348796 0.0002742673095781356 0.0002605539339128882 0.0002475262444932014 0.0002351499279029667 0.0002233924315078184 0.0002122228033840656 0.0002016116632148623 0.0001915310858748853 0.000181954528670758 0.0001728568022372201 0.000164213968673721 0.0001560032687848434 0.0001482031075283885 0.0001407929521519691 0.0001337533030891791 0.0001270656357519329 0.0001207123568747193 0.0001146767390309833 0.0001089428988052532 0.0001034957531373948 9.832096839090809e-05 9.340491669718176e-05 8.873466867953539e-05 8.429793524555862e-05 8.008303848328069e-05 7.607888983329758e-05 7.227494643302634e-05 6.866119656478986e-05 6.522813782794401e-05 6.196673348313197e-05 5.886839790036902e-05 5.592497836914845e-05 5.312872963258997e-05 5.047229205956683e-05 4.79486770927906e-05 4.555124178295955e-05 4.327367787482217e-05 4.110999361728318e-05 3.905449557350948e-05 3.710177043103613e-05 3.52466813637875e-05 3.348434620420448e-05 3.181013016728684e-05 3.021962402272038e-05 2.870864227588754e-05 2.727321043494157e-05 2.590955045889132e-05 2.461407348164357e-05 2.33833707170561e-05 2.221420254500117e-05 2.11034930543974e-05 2.00483191292733e-05 1.904590317280963e-05 1.809360765037127e-05 1.718892781354953e-05 1.632948078622576e-05 1.551300738356076e-05 1.473735665058484e-05 1.400048859068193e-05 1.330046416114783e-05 1.263544072571676e-05 1.200366841658251e-05 1.140348467743024e-05 1.083331062545767e-05 1.029164468491217e-05 9.777062587090768e-06 9.288209184887819e-06 8.823798452795018e-06 8.382608939427882e-06 7.963478310557548e-06 7.565304258605465e-06 7.187039045675192e-06 6.827687229815638e-06 6.486302936536958e-06 6.161987585073803e-06 5.853888069395907e-06 5.561193574976642e-06 5.283133759803604e-06 5.018976935389219e-06 4.768028247781331e-06 4.529626949079102e-06 4.303145487938309e-06 4.087988145329291e-06 3.883588760800194e-06 3.689409368234919e-06 3.504938831611071e-06 3.329691935505252e-06 3.16320733872999e-06 3.005046892212704e-06 2.854794502127334e-06 2.712054765652283e-06 2.57645206147572e-06 2.447629412927199e-06 2.325248033230309e-06 2.208985733886948e-06 2.098536469929968e-06 1.993609657802153e-06 1.893929152174678e-06 1.799232677512919e-06 1.709271032268589e-06 1.623807520445553e-06 1.542617155791959e-06 1.465486320739728e-06 1.392211970596691e-06 1.322601406172907e-06
 0 0 0 0 0 0 0 0 0 0 0 0 0 0 0 0 0 0 0 0 0 0 0 0 0 0 0 0 0 0 0 0 0 0 0 0 0 0 0 0 0 0 0 0 0 0 0 0 0 0 0 0 0 0 0 0 0 0 0 0 0 0 0 0 0 0 0 0 0 0 0 0 0 0 0 0 0 0 0 0 0 0 0 0 0 0 0 0 0 0 0 0 0 0 0 0 0 0 0 0 0 0 0 0 0 0 0 0 0 0 0 0 0 0 0 0 0 0 0 0 0 0 0 0 0 0 0 0 0 0 0 0 0 0 0 0 0 0 0 0 0 0 0 0 0 0 0 0 0 0 0 0 0 0 0 0 0 0 0 0 0 0 0 0 0 0 0 0 0 0 0 0 0 0 0 0 0 0 0 0 0 0 0 0 0 0 0 0 0 0 0 0 0 0 0 0 0 0 0 0 0 0 0 0 0 0 0 0 0 0 0 0 0 0 0 0 0 0 0 0 0 0 0 0 0 0 0 0 0 0 0 0 0 0 0 0 0 0 0 0 0 0 0 0 0 0 0 0 0 0 0 0 0 0 0 0 0 0 0 0 0 0 0 0 0 0 0 0 0 0 0 0 0 0 0 0 0 0 0 0 0 0 0 0 0 0 0 0 0 0 0 0 0 0 0 0 0 0 0 0 0 0 0 0 0 0 0 0 0 0 0 0 0 0 0 0 0 0 0 0 0 0 0 0 0 0 0 0 0 0 0 0 0 0 0 0 0 0 0 0 0 0 0 0 0 0 0 0 0 0 0 0 0 0 0 0 0 0 0 0 0 0 0 0 0 0 0 0 0 0 0 0 0 0 0 0 0 0 0 0 0 0 0 0 0 0 0 0 0 0 0 0 0 0 0 0 0 0 0 0 0 0 0 0 0 0 0 0 0 0 0 0 0 0 0 0 0 0 0 0 0 0 0 0 0 0 0 0 0 0 0 0 0 0 0 0 0 0 0 0 0 0 0 0 0 0 0 0 0 0 0 0 0 0 0 0 0 0 0 0 0 0 0 0 0 0 0 0 0 0 0 0 0 0 0 0 0 0 0 0 0 0 0 0 0 0 0 0 0 0 0 0 0 0 0 0 0 0 0 0 0 0 0 0 0 0 0 0 0 0 0 0 0 0 0 0 0 0 0 0 0 0 0 0 0 0 0 0 0 0 0 0 0 0 0 0 0 0 0 0 0 0 0 0 0 0 0 0 0 0 0 0 0 0 0 0 0 0 0 0 0 0 0 0 0 0 0 0 0 0 0 0 0 0 0 0 0 0 0 0 0 0 0 0 0 0 0 0 0 0 0 0 0 0 0 0 0 0 0 0
 0 0 0 0 0 0 0 0 0 0 0 0 0 0 0 0 0 0 0 0 0 0 0 0 0 0 0 0 0 0 0 0 0 0 0 0 0 0 0 0 0 0 0 0 0 0 0 0 0 0 0 0 0 0 0 0 0 0 0 0 0 0 0 0 0 0 0 0 0 0 0 0 0 0 0 0 0 0 0 0 0 0 0 0 0 0 0 0 0 0 0 0 0 0 0 0 0 0 0 0 0 0 0 0 0 0 0 0 0 0 0 0 0 0 0 0 0 0 0 0 0 0 0 0 0 0 0 0 0 0 0 0 0 0 0 0 0 0 0 0 0 0 0 0 0 0 0 0 0 0 0 0 0 0 0 0 0 0 0 0 0 0 0 0 0 0 0 0 0 0 0 0 0 0 0 0 0 0 0 0 0 0 0 0 0 0 0 0 0 0 0 0 0 0 0 0 0 0 0 0 0 0 0 0 0 0 0 0 0 0 0 0 0 0 0 0 0 0 0 0 0 0 0 0 0 0 0 0 0 0 0 0 0 0 0 0 0 0 0 0 0 0 0 0 0 0 0 0 0 0 0 0 0 0 0 0 0 0 0 0 0 0 0 0 0 0 0 0 0 0 0 0 0 0 0 0 0 0 0 0 0 0 0 0 0 0 0 0 0 0 0 0 0 0 0 0 0 0 0 0 0 0 0 0 0 0 0 0 0 0 0 0 0 0 0 0 0 0 0 0 0 0 0 0 0 0 0 0 0 0 0 0 0 0 0 0 0 0 0 0 0 0 0 0 0 0 0 0 0 0 0 0 0 0 0 0 0 0 0 0 0 0 0 0 0 0 0 0 0 0 0 0 0 0 0 0 0 0 0 0 0 0 0 0 0 0 0 0 0 0 0 0 0 0 0 0 0 0 0 0 0 0 0 0 0 0 0 0 0 0 0 0 0 0 0 0 0 0 0 0 0 0 0 0 0 0 0 0 0 0 0 0 0 0 0 0 0 0 0 0 0 0 0 0 0 0 0 0 0 0 0 0 0 0 0 0 0 0 0 0 0 0 0 0 0 0 0 0 0 0 0 0 0 0 0 0 0 0 0 0 0 0 0 0 0 0 0 0 0 0 0 0 0 0 0 0 0 0 0 0 0 0 0 0 0 0 0 0 0 0 0 0 0 0 0 0 0 0 0 0 0 0 0 0 0 0 0 0 0 0 0 0 0 0 0 0 0 0 0 0 0 0 0 0 0 0 0 0 0 0 0 0 0 0 0 0 0 0 0 0 0 0 0 0 0 0 0 0 0 0 0 0 0 0 0 0 0 0 0 0 0 0 0 0 0 0 0 0 0 0 0 0 0 0 0 0 0 0 0 0
 0 0 0 0 0 0 0 0 0 0 0 0 0 0 0 0 0 0 0 0 0 0 0 0 0 0 0 0 0 0 0 0 0 0 0 0 0 0 0 0 0 0 0 0 0 0 0 0 0 0 0 0 0 0 0 0 0 0 0 0 0 0 0 0 0 0 0 0 0 0 0 0 0 0 0 0 0 0 0 0 0 0 0 0 0 0 0 0 0 0 0 0 0 0 0 0 0 0 0 0 0 0 0 0 0 0 0 0 0 0 0 0 0 0 0 0 0 0 0 0 0 0 0 0 0 0 0 0 0 0 0 0 0 0 0 0 0 0 0 0 0 0 0 0 0 0 0 0 0 0 0 0 0 0 0 0 0 0 0 0 0 0 0 0 0 0 0 0 0 0 0 0 0 0 0 0 0 0 0 0 0 0 0 0 0 0 0 0 0 0 0 0 0 0 0 0 0 0 0 0 0 0 0 0 0 0 0 0 0 0 0 0 0 0 0 0 0 0 0 0 0 0 0 0 0 0 0 0 0 0 0 0 0 0 0 0 0 0 0 0 0 0 0 0 0 0 0 0 0 0 0 0 0 0 0 0 0 0 0 0 0 0 0 0 0 0 0 0 0 0 0 0 0 0 0 0 0 0 0 0 0 0 0 0 0 0 0 0 0 0 0 0 0 0 0 0 0 0 0 0 0 0 0 0 0 0 0 0 0 0 0 0 0 0 0 0 0 0 0 0 0 0 0 0 0 0 0 0 0 0 0 0 0 0 0 0 0 0 0 0 0 0 0 0 0 0 0 0 0 0 0 0 0 0 0 0 0 0 0 0 0 0 0 0 0 0 0 0 0 0 0 0 0 0 0 0 0 0 0 0 0 0 0 0 0 0 0 0 0 0 0 0 0 0 0 0 0 0 0 0 0 0 0 0 0 0 0 0 0 0 0 0 0 0 0 0 0 0 0 0 0 0 0 0 0 0 0 0 0 0 0 0 0 0 0 0 0 0 0 0 0 0 0 0 0 0 0 0 0 0 0 0 0 0 0 0 0 0 0 0 0 0 0 0 0 0 0 0 0 0 0 0 0 0 0 0 0 0 0 0 0 0 0 0 0 0 0 0 0 0 0 0 0 0 0 0 0 0 0 0 0 0 0 0 0 0 0 0 0 0 0 0 0 0 0 0 0 0 0 0 0 0 0 0 0 0 0 0 0 0 0 0 0 0 0 0 0 0 0 0 0 0 0 0 0 0 0 0 0 0 0 0 0 0 0 0 0 0 0 0 0 0 0 0 0 0 0 0 0 0 0 0 0 0 0 0 0 0 0 0 0 0 0 0 0 0 0 0 0 0 0 0 0 0 0 0 0 0 0 0
 0 0 0 0 0 0 0 0 0 0 0 0 0 0 0 0 0 0 0 0 0 0 0 0 0 0 0 0 0 0 0 0 0 0 0 0 0 0 0 0 0 0 0 0 0 0 0 0 0 0 0 0 0 0 0 0 0 0 0 0 0 0 0 0 0 0 0 0 0 0 0 0 0 0 0 0 0 0 0 0 0 0 0 0 0 0 0 0 0 0 0 0 0 0 0 0 0 0 0 0 0 0 0 0 0 0 0 0 0 0 0 0 0 0 0 0 0 0 0 0 0 0 0 0 0 0 0 0 0 0 0 0 0 0 0 0 0 0 0 0 0 0 0 0 0 0 0 0 0 0 0 0 0 0 0 0 0 0 0 0 0 0 0 0 0 0 0 0 0 0 0 0 0 0 0 0 0 0 0 0 0 0 0 0 0 0 0 0 0 0 0 0 0 0 0 0 0 0 0 0 0 0 0 0 0 0 0 0 0 0 0 0 0 0 0 0 0 0 0 0 0 0 0 0 0 0 0 0 0 0 0 0 0 0 0 0 0 0 0 0 0 0 0 0 0 0 0 0 0 0 0 0 0 0 0 0 0 0 0 0 0 0 0 0 0 0 0 0 0 0 0 0 0 0 0 0 0 0 0 0 0 0 0 0 0 0 0 0 0 0 0 0 0 0 0 0 0 0 0 0 0 0 0 0 0 0 0 0 0 0 0 0 0 0 0 0 0 0.0001852223940659314 0.001385835115797818 0.003820013254880905 0.007758057210594416 0.01344989612698555 0.02100350707769394 0.03055193275213242 0.04215658456087112 0.05585814267396927 0.07171681523323059 0.08959278464317322 0.1091954335570335 0.1305354833602905 0.1536000370979309 0.1783677041530609 0.2049749493598938 0.2330779731273651 0.2624852061271667 0.2930221557617188 0.3247613608837128 0.3579530417919159 0.390055388212204 0.4205526113510132 0.4495249688625336 0.4770487248897552 0.5031962990760803 0.5199577808380127 0.5257648825645447 0.5194687843322754 0.5002110004425049 0.4752004444599152 0.4514404237270355 0.4288684129714966 0.4074249863624573 0.3870537281036377 0.3677010536193848 0.3493160009384155 0.3318502008914948 0.3152576982975006 0.2994948029518127 0.2845200598239899 0.2702940702438354 0.2567793726921082 0.2439403980970383 0.2317433804273605 0.2201562076807022 0.2091483920812607 0.1986909657716751 0.1887564212083817 0.1793186068534851 0.1703526824712753 0.1618350446224213 0.1537432968616486 0.14605613052845 0.1387533247470856 0.1318156570196152 0.1252248734235764 0.1189636290073395 0.1130154505372047 0.1073646768927574 0.1019964441657066 0.09689661860466003 0.09205178916454315 0.08744920045137405 0.08307673782110214 0.07892289757728577 0.07497674971818924 0.07122791558504105 0.06766652315855026 0.06428319960832596 0.06106904149055481 0.05801558867096901 0.05511480942368507 0.05235907062888145 0.04974111542105675 0.0472540594637394 0.044891357421875 0.04264678806066513 0.04051444679498672 0.0384887233376503 0.03656428679823875 0.03473607078194618 0.03299926593899727 0.0313493013381958 0.02978183701634407 0.02829274535179138 0.02687810733914375 0.02553420141339302 0.02425749227404594 0.02304461784660816 0.02189238741993904 0.02079776860773563 0.01975787989795208 0.01876998506486416 0.01783148571848869 0.0169399119913578 0.01609291695058346 0.01528827100992203 0.01452385727316141 0.01379766408354044 0.01310778129845858 0.01245239190757275 0.01182977203279734 0.0112382834777236 0.01067636907100677 0.01014255080372095 0.009635423310101032 0.009153652004897594 0.008695969358086586 0.008261171169579029 0.007848112843930721 0.007455707062035799 0.007082921918481588 0.006728775799274445 0.006392336916178465 0.006072720047086477 0.005769084207713604 0.005480629857629538 0.005206598434597254 0.004946268629282713 0.004698954988270998 0.004464007448405027 0.004240807145833969 0.004028766881674528 0.003827328560873866 0.003635962028056383 0.0034541639033705 0.003281455719843507 0.003117382992058992 0.002961513819172978 0.00281343818642199 0.002672766335308552 0.002539128065109253 0.002412171568721533 0.002291562967002392 0.00217698491178453 0.002068135654553771 0.001964728813618422 0.001866492326371372 0.001773167750798166 0.001684509334154427 0.001600283896550536 0.001520269666798413 0.001444256165996194 0.001372043392620981 0.00130344124045223 0.001238269149325788 0.001176355639472604 0.001117537845857441 0.001061660936102271 0.001008577877655625 0.0009581489721313119 0.000910241506062448 0.0008647294016554952 0.0008214929257519543 0.0007804182823747396 0.0007413973798975348 0.0007043274817988276 0.000669111090246588 0.0006356555386446416 0.0006038727588020265 0.00057367910631001 0.0005449951277114451 0.0005177453858777881 0.0004918581107631326 0.0004672651994042099 0.0004439019248820841 0.0004217068199068308 0.0004006214730907232 0.0003805904125329107 0.0003615609020926058 0.0003434828540775925 0.0003263087128289044 0.0003099932800978422 0.0002944936277344823 0.0002797689521685243 0.0002657805162016302 0.0002524915034882724 0.0002398669312242419 0.0002278735919389874 0.0002164799079764634 0.0002056559169432148 0.0001953731261892244 0.0001856044691521674 0.0001763242471497506 0.0001675080275163054 0.0001591326290508732 0.0001511759910499677 0.0001436171878594905 0.0001364363270113245 0.0001296145055675879 0.0001231337810168043 0.0001169770912383683 0.0001111282399506308 0.0001055718312272802 0.000100293240393512 9.527857764624059e-05 9.051465167431161e-05 8.598891872679815e-05 8.16894753370434e-05 7.760500011499971e-05 7.372474647127092e-05 7.003850623732433e-05 6.653658056166023e-05 6.320975080598146e-05 6.004926399327815e-05 5.704680006601848e-05 5.419446097221226e-05 5.148473792360164e-05 4.891050048172474e-05 4.646497473004274e-05 4.41417250840459e-05 4.193463973933831e-05 3.983790884376504e-05 3.784601358347572e-05 3.595371163100936e-05 3.415602623135783e-05 3.244822437409312e-05 3.082581315538846e-05 2.928452158812433e-05 2.782029514492024e-05 2.642928120621946e-05 2.510781632736325e-05 2.385242623859085e-05 2.265980583615601e-05 2.152681554434821e-05 2.045047403953504e-05 1.942795097420458e-05 1.845655424403958e-05 1.753372634993866e-05 1.665704076003749e-05 1.582418917678297e-05 1.503297971794382e-05 1.428133055014769e-05 1.356726443191292e-05 1.288890143769095e-05 1.224445622938219e-05 1.163223350886256e-05 1.105062165152049e-05 1.049809088726761e-05 9.973186024581082e-06 9.474526450503618e-06 9.000799764180556e-06 8.550759957870468e-06 8.123221959976945e-06 7.717060725553893e-06 7.331207598326728e-06 6.964647127460921e-06 6.616414793825243e-06 6.285594281507656e-06 5.971314749331214e-06 5.672749011864653e-06 5.389111720432993e-06 5.119656179886078e-06 4.863673439103877e-06 4.620489562512375e-06 4.389465175336227e-06 4.169991825619945e-06 3.961492438975256e-06 3.763417907975963e-06 3.575247092157952e-06 3.396484771656105e-06 3.226660510335932e-06 3.065327518925187e-06 2.912061063398141e-06 2.766458010228234e-06 2.628135007398669e-06 2.496728257028735e-06 2.371891923758085e-06 2.253297225252027e-06 2.140632432201528e-06 2.033600821960135e-06 1.931920678543975e-06 1.835324610510725e-06 1.74355841409124e-06 1.656380504755361e-06 1.573561462464568e-06 1.494883349550946e-06 1.420139142283006e-06 1.349132162431488e-06 1.281675508835178e-06 1.217591716340394e-06 1.156712187366793e-06
 0 0 0 0 0 0 0 0 0 0 0 0 0 0 0 0 0 0 0 0 0 0 0 0 0 0 0 0 0 0 0 0 0 0 0 0 0 0 0 0 0 0 0 0 0 0 0 0 0 0 0 0 0 0 0 0 0 0 0 0 0 0 0 0 0 0 0 0 0 0 0 0 0 0 0 0 0 0 0 0 0 0 0 0 0 0 0 0 0 0 0 0 0 0 0 0 0 0 0 0 0 0 0 0 0 0 0 0 0 0 0 0 0 0 0 0 0 0 0 0 0 0 0 0 0 0 0 0 0 0 0 0 0 0 0 0 0 0 0 0 0 0 0 0 0 0 0 0 0 0 0 0 0 0 0 0 0 0 0 0 0 0 0 0 0 0 0 0 0 0 0 0 0 0 0 0 0 0 0 0 0 0 0 0 0 0 0 0 0 0 0 0 0 0 0 0 0 0 0 0 0 0 0 0 0 0 0 0 0 0 0 0 0 0 0 0 0 0 0 0 0 0 0 0 0 0 0 0 0 0 0 0 0 0 0 0 0 0 0 0 0 0 0 0 0 0 0 0 0 0 0 0 0 0 0 0 0 0 0 0 0 0 0 0 0 0 0 0 0 0 0 0 0 0 0 0 0 0 0 0 0 0 0 0 0 0 0 0 0 0 0 0 0 0 0 0 0 0 0 0 0 0 0 0 0 0 0 0 0 0 0 0 0 0 0 0 0 0 0 0 0 0 0 0 0 0 0 0 0 0 0 0 0 0 0 0 0 0 0 0 0 0 0 0 0 0 0 0 0 0 0 0 0 0 0 0 0 0 0 0 0 0 0 0 0 0 0 0 0 0 0 0 0 0 0 0 0 0 0 0 0 0 0 0 0 0 0 0 0 0 0 0 0 0 0 0 0 0 0 0 0 0 0 0 0 0 0 0 0 0 0 0 0 0 0 0 0 0 0 0 0 0 0 0 0 0 0 0 0 0 0 0 0 0 0 0 0 0 0 0 0 0 0 0 0 0 0 0 0 0 0 0 0 0 0 0 0 0 0 0 0 0 0 0 0 0 0 0 0 0 0 0 0 0 0 0 0 0 0 0 0 0 0 0 0 0 0 0 0 0 0 0 0 0 0 0 0 0 0 0 0 0 0 0 0 0 0 0 0 0 0 0 0 0 0 0 0 0 0 0 0 0 0 0 0 0 0 0 0 0 0 0 0 0 0 0 0 0 0 0 0 0 0 0 0 0 0 0 0 0 0 0 0 0 0 0 0 0 0 0 0 0 0 0 0 0 0 0 0 0 0 0 0 0 0 0 0 0 0 0 0 0 0 0 0 0 0 0 0 0 0 0 0 0 0 0 0 0 0 0
 0 0 0 0 0 0 0 0 0 0 0 0 0 0 0 0 0 0 0 0 0 0 0 0 0 0 0 0 0 0 0 0 0 0 0 0 0 0 0 0 0 0 0 0 0 0 0 0 0 0 0 0 0 0 0 0 0 0 0 0 0 0 0 0 0 0 0 0 0 0 0 0 0 0 0 0 0 0 0 0 0 0 0 0 0 0 0 0 0 0 0 0 0 0 0 0 0 0 0 0 0 0 0 0 0 0 0 0 0 0 0 0 0 0 0 0 0 0 0 0 0 0 0 0 0 0 0 0 0 0 0 0 0 0 0 0 0 0 0 0 0 0 0 0 0 0 0 0 0 0 0 0 0 0 0 0 0 0 0 0 0 0 0 0 0 0 0 0 0 0 0 0 0 0 0 0 0 0 0 0 0 0 0 0 0 0 0 0 0 0 0 0 0 0 0 0 0 0 0 0 0 0 0 0 0 0 0 0 0 0 0 0 0 0 0 0 0 0 0 0 0 0 0 0 0 0 0 0 0 0 0 0 0 0 0 0 0 0 0 0 0 0 0 0 0 0 0 0 0 0 0 0 0 0 0 0 0 0 0 0 0 0 0 0 0 0 0 0 0 0 0 0 0 0 0 0 0 0 0 0 0 0 0 0 0 0 0 0 0 0 0 0 0 0 0 0 0 0 0 0 0 0 0 0 0 0 0 0 0 0 0 0 0 0 0 0 0 0 0 0 0 0 0 0 0 0 0 0 0 0 0 0 0 0 0 0 0 0 0 0 0 0 0 0 0 0 0 0 0 0 0 0 0 0 0 0 0 0 0 0 0 0 0 0 0 0 0 0 0 0 0 0 0 0 0 0 0 0 0 0 0 0 0 0 0 0 0 0 0 0 0 0 0 0 0 0 0 0 0 0 0 0 0 0 0 0 0 0 0 0 0 0 0 0 0 0 0 0 0 0 0 0 0 0 0 0 0 0 0 0 0 0 0 0 0 0 0 0 0 0 0 0 0 0 0 0 0 0 0 0 0 0 0 0 0 0 0 0 0 0 0 0 0 0 0 0 0 0 0 0 0 0 0 0 0 0 0 0 0 0 0 0 0 0 0 0 0 0 0 0 0 0 0 0 0 0 0 0 0 0 0 0 0 0 0 0 0 0 0 0 0 0 0 0 0 0 0 0 0 0 0 0 0 0 0 0 0 0 0 0 0 0 0 0 0 0 0 0 0 0 0 0 0 0 0 0 0 0 0 0 0 0 0 0 0 0 0 0 0 0 0 0 0 0 0 0 0 0 0 0 0 0 0 0 0 0 0 0 0 0 0 0 0 0 0 0 0 0 0 0 0 0 0 0 0 0 0 0 0 0


# name: r_0_m14_G0_L0p3_D0p7
# type: matrix
# rows: 1
# columns: 14
 0 -14 0.2 0 0.3 0 -14.63266666666667 0 0 0.5308261849858827 0 144 1.264911064067352 0.7




