# Created by Octave 3.8.2, Mon Jun 19 11:40:38 2017 BST <co1ssj@node117>
# name: result
# type: scalar struct
# ndims: 2
 1 1
# length: 3
# name: params
# type: scalar struct
# ndims: 2
 1 1
# length: 18
# name: cleanup
# type: scalar
0


# name: num_runs
# type: scalar
6


# name: dopamine
# type: scalar
0.7


# name: targetCross
# type: scalar
1


# name: targetLuminance
# type: scalar
0.3


# name: targetWidthX
# type: scalar
6


# name: targetWidthY
# type: scalar
2


# name: fixCross
# type: scalar
1


# name: fixLuminance
# type: scalar
0.2


# name: fixWidthX
# type: scalar
6


# name: fixWidthY
# type: scalar
2


# name: fixOn
# type: scalar
0


# name: targetOff
# type: scalar
1


# name: targetOn
# type: scalar
0.2


# name: fixOff
# type: scalar
0.2


# name: targetThetaX
# type: scalar
0


# name: targetThetaY
# type: scalar
-7


# name: exptnum
# type: scalar
0




# name: r_0_m7_G0_L0p3_D0p7_llbn
# type: matrix
# rows: 24
# columns: 600
 0 0 0 0 0 0 0 0 0 0 0 0 0 0 0 0 0 0 0 0 0 0 0 0 0 0 0 0 0 0 0 0 0 0 0 0 0 0 0 0 0 0 0 0 0 0 0 0 0 0 0 0 0 0 0 0 0 0 0 0 0 0 0 0 0 0 0 0 0 0 0 0 0 0 0 0 0 0 0 0 0 0 0 0 0 0 0 0 0 0 0 0 0 0 0 0 0 0 0 0 0 0 0 0 0 0 0 0 0 0 0 0 0 0 0 0 0 0 0 0 0 0 0 0 0 0 0 0 0 0 0 0 0 0 0 0 0 0 0 0 0 0 0 0 0 0 0 0 0 0 0 0 0 0 0 0 0 0 0 0 0 0 0 0 0 0 0 0 0 0 0 0 0 0 0 0 0 0 0 0 0 0 0 0 0 0 0 0 0 0 0 0 0 0 0 0 0 0 0 0 0 0 0 0 0 0 0 0 0 0 0 0 0 0 0 0 0 0 0 0 0 0 0 0 0 0 0 0 0 0 0 0 0 0 0 0 0 0 0 0 0 0 0 0 0 0 0 0 0 0 0 0 0 0 0 0 0 0 0 0 0 0 0 0 0 0 0 0 0 0 0 0 0 0 0 0 0 0 0 0 0 0 0 0 0 0 0 0 0 0 0 0 0 0 0 0 0 0 0 0 0 0 0 0 0 0 0 0 0 0 0 0 0 0 0 0 0 0 0 0 0 0 0 0 0 0 0 0 0 0 0 0 0 0 0 0 0 0 0 0 0 0 0 0 0 0 0 0 0 0 0 0 0 0 0 0 0 0 0 0 0 0 0 0 0 0 0 0 0 0 0 0 0 0 0 0 0 0 0 0 0 0 0 0 0 0 0 0 0 0 0 0 0 0 0 0 0 0 0 0 0 0 0 0 0 0 0 0 0 0 0 0 0 0 0 0 0 0 0 0 0 0 0 0 0 0 0 0 0 0 0 0 0 0 0 0 0 0 0 0 0 0 0 0 0 0 0 0 0 0 0 0 0 0 0 0 0 0 0 0 0 0 0 0 0 0 0 0 0 0 0 0 0 0 0 0 0 0 0 0 0 0 0 0 0 0 0 0 0 0 0 0 0 0 0 0 0 0 0 0 0 0 0 0 0 0 0 0 0 0 0 0 0 0 0 0 0 0 0 0 0 0 0 0 0 0 0 0 0 0 0 0 0 0 0 0 0 0 0 0 0 0 0 0 0 0 0 0 0 0 0 0 0 0 0 0 0 0 0 0 0 0 0 0 0 0 0 0 0 0 0 0 0 0 0 0 0 0 0 0 0 0 0 0 0 0 0 0 0 0 0 0 0 0 0 0 0 0 0 0
 0 0 0 0 0 0 0 0 0 0 0 0 0 0 0 0 0 0 0 0 0 0 0 0 0 0 0 0 0 0 0 0 0 0 0 0 0 0 0 0 0 0 0 0 0 0 0 0 0 0 0 0 0 0 0 0 0 0 0 0 0 0 0 0 0 0 0 0 0 0 0 0 0 0 0 0 0 0 0 0 0 0 0 0 0 0 0 0 0 0 0 0 0 0 0 0 0 0 0 0 0 0 0 0 0 0 0 0 0 0 0 0 0 0 0 0 0 0 0 0 0 0 0 0 0 0 0 0 0 0 0 0 0 0 0 0 0 0 0 0 0 0 0 0 0 0 0 0 0 0 0 0 0 0 0 0 0 0 0 0 0 0 0 0 0 0 0 0 0 0 0 0 0 0 0 0 0 0 0 0 0 0 0 0 0 0 0 0 0 0 0 0 0 0 0 0 0 0 0 0 0 0 0 0 0 0 0 0 0 0 0 0 0 0 0 0 0 0 0 0 0 0 0 0 0 0 0 0 0 0 0 0 0 0 0 0 0 0 0 0 0 0 0 0 0 0 0 0 0 0 0 0 0 0 0 0 0 0 0 0 0 0 0 0 0 0 0 0 0 0 0 0 0 0 0 0 0 0 0 0 0 0 0 0 0 0 0 0 0 0 0 0 0 0 0 0 0 0 0 0 0 0 0 0 0 0.0002126339095411822 0.0007455184240825474 0.001572291250340641 0.002664561383426189 0.004057742655277252 0.005762574262917042 0.007781515829265118 0.01004885695874691 0.01250875927507877 0.01512705348432064 0.01788675412535667 0.02080908417701721 0.02390946634113789 0.02718839049339294 0.03063414990901947 0.0342235192656517 0.03793837875127792 0.04178549349308014 0.04574689641594887 0.04977351799607277 0.05386870354413986 0.05801795423030853 0.06223803013563156 0.06653111428022385 0.07089346647262573 0.07531575858592987 0.07979473471641541 0.08431677520275116 0.08887623250484467 0.09348100423812866 0.09813636541366577 0.1028445437550545 0.1076149493455887 0.1124562546610832 0.1173411160707474 0.1214523911476135 0.1236753538250923 0.1233088597655296 0.1198975145816803 0.113902635872364 0.1082075014710426 0.1027971282601357 0.09765727072954178 0.0927744060754776 0.08813568949699402 0.08372890204191208 0.07954245805740356 0.07556533813476562 0.07178707420825958 0.06819771975278854 0.06478783488273621 0.06154844164848328 0.05847102031111717 0.05554746836423874 0.05277009308338165 0.05013158917427063 0.04762500897049904 0.0452437587082386 0.04298157244920731 0.04083249345421791 0.03879087045788765 0.03685132786631584 0.03500876203179359 0.03325832262635231 0.03159540519118309 0.03001563437283039 0.02851485274732113 0.02708910964429379 0.02573465369641781 0.02444792166352272 0.02322552539408207 0.02206424996256828 0.02096103690564632 0.01991298422217369 0.01891733519732952 0.01797146908938885 0.01707289554178715 0.01621925085783005 0.01540828868746758 0.01463787443935871 0.01390598062425852 0.01321068126708269 0.01255014725029469 0.01192263979464769 0.01132650766521692 0.01076018251478672 0.01022217329591513 0.009711064398288727 0.009225510992109776 0.008764235302805901 0.008326023817062378 0.007909722626209259 0.007514236494898796 0.007138524670153856 0.006781598553061485 0.006442518439143896 0.006120392587035894 0.005814373027533293 0.005523654166609049 0.005247471388429403 0.004985097795724869 0.004735842812806368 0.004499050788581371 0.004274098202586174 0.004060393199324608 0.003857373492792249 0.003664504736661911 0.003481279592961073 0.003307215636596084 0.003141854889690876 0.002984762191772461 0.002835524035617709 0.00269374786876142 0.002559060463681817 0.002431107452139258 0.002309552161023021 0.00219407444819808 0.002084370702505112 0.001980152213945985 0.001881144591607153 0.001787087414413691 0.00169773306697607 0.001612846390344203 0.001532204099930823 0.001455593854188919 0.001382814138196409 0.001313673448748887 0.001247989828698337 0.001185590284876525 0.001126310788094997 0.001069995225407183 0.001016495516523719 0.0009656707406975329 0.0009173871949315071 0.0008715178119018674 0.0008279419271275401 0.0007865448133088648 0.0007472175639122725 0.0007098566857166588 0.0006743638659827411 0.0006406456814147532 0.0006086134235374629 0.0005781827494502068 0.0005492736236192286 0.0005218099686317146 0.0004957194905728102 0.0004709335044026375 0.0004473868175409734 0.0004250174679327756 0.0004037666076328605 0.0003835782699752599 0.0003643993695732206 0.0003461794112809002 0.0003288704319857061 0.0003124269132968038 0.0002968055778183043 0.0002819653018377721 0.0002678670280147344 0.0002544736780691892 0.0002417499927105382 0.000229662487981841 0.0002181793679483235 0.0002072703937301412 0.0001969068689504638 0.0001870615233201534 0.0001777084544301033 0.000168823025887832 0.0001603818673174828 0.0001523627724964172 0.0001447446411475539 0.0001375074061797932 0.0001306320336880162 0.0001241004356415942 0.0001178954116767272 0.0001120006418204866 0.0001064006064552814 0.0001010805790429004 9.602655336493626e-05 9.122522897087038e-05 8.666396752232686e-05 8.233077096519992e-05 7.821423059795052e-05 7.430351979564875e-05 7.058834307827055e-05 6.705892883474007e-05 6.3705985667184e-05 6.052068783901632e-05 5.74946534470655e-05 5.461992259370163e-05 5.188892828300595e-05 4.929448186885566e-05 4.682975850300863e-05 4.448827166925184e-05 4.226385863148607e-05 4.015066588181071e-05 3.814313095062971e-05 3.623597513069399e-05 3.442417801124975e-05 3.270297020208091e-05 3.106782241957262e-05 2.951443093479611e-05 2.803871029755101e-05 2.663677514647134e-05 2.530493657104671e-05 2.403968937869649e-05 2.28377048188122e-05 2.169581966882106e-05 2.061102895822842e-05 1.95804768736707e-05 1.860145312093664e-05 1.76713801920414e-05 1.678781154623721e-05 1.594842069607694e-05 1.515099938842468e-05 1.439344941900345e-05 1.367377717542695e-05 1.29900881802314e-05 1.234058345289668e-05 1.172355405287817e-05 1.11373765321332e-05 1.058050747815287e-05 1.005148169497261e-05 9.548907655698713e-06 9.071462045540102e-06 8.617888852313627e-06 8.186994818970561e-06 7.777644896123093e-06 7.388762696791673e-06 7.019324584689457e-06 6.668358309980249e-06 6.334940280794399e-06 6.018193289492046e-06 5.717283784179017e-06 5.431419594970066e-06 5.159848569746828e-06 4.901856300421059e-06 4.656763394450536e-06 4.423925020091701e-06 4.202728632662911e-06 3.99259215555503e-06 3.792962615989381e-06 3.603314553402015e-06 3.423148882575333e-06 3.251991529396037e-06 3.089392066613073e-06 2.934922576969257e-06 2.788176516332896e-06 2.648767804203089e-06 2.51632945946767e-06 2.390512918282184e-06 2.270987351948861e-06 2.157438075300888e-06 2.049566091955057e-06 1.947087866938091e-06 1.849733507697238e-06 0.0001263504527742043 0.0003777070087380707 0.0007350245141424239 0.001192290801554918 0.001738519291393459 0.002370945177972317 0.003087282879278064 0.003886728314682841 0.004768390208482742 0.005728186573833227 0.006757181603461504 0.007845232263207436 0.008985243737697601 0.0101654976606369 0.01138642057776451 0.01264079380780458 0.01392420008778572 0.0152339581400156 0.01656915619969368 0.01792249456048012 0.01929220929741859 0.02067754417657852 0.02207710966467857 0.02349125593900681 0.02491770312190056 0.02635784447193146 0.02780101634562016 0.02923592738807201 0.03066198900341988 0.03208374977111816 0.03350052982568741 0.03491340950131416 0.03632224351167679 0.03772756457328796 0.0391298420727253 0.04052788764238358 0.0419262982904911 0.04332472383975983 0.04472382739186287 0.04611958935856819
 0 0 0 0 0 0 0 0 0 0 0 0 0 0 0 0 0 0 0 0 0 0 0 0 0 0 0 0 0 0 0 0 0 0 0 0 0 0 0 0 0 0 0 0 0 0 0 0 0 0 0 0 0 0 0 0 0 0 0 0 0 0 0 0 0 0 0 0 0 0 0 0 0 0 0 0 0 0 0 0 0 0 0 0 0 0 0 0 0 0 0 0 0 0 0 0 0 0 0 0 0 0 0 0 0 0 0 0 0 0 0 0 0 0 0 0 0 0 0 0 0 0 0 0 0 0 0 0 0 0 0 0 0 0 0 0 0 0 0 0 0 0 0 0 0 0 0 0 0 0 0 0 0 0 0 0 0 0 0 0 0 0 0 0 0 0 0 0 0 0 0 0 0 0 0 0 0 0 0 0 0 0 0 0 0 0 0 0 0 0 0 0 0 0 0 0 0 0 0 0 0 0 0 0 0 0 0 0 0 0 0 0 0 0 0 0 0 0 0 0 0 0 0 0 0 0 0 0 0 0 0 0 0 0 0 0 0 0 0 0 0 0 0 0 0 0 0 0 0 0 0 0 0 0 0 0 0 0 0 0 0 0 0 0 0 0 0 0 0 0 0 0 0 0 0 0 0 0 0 0 0 0 0 0 0 0 0 0 0 0 0 0 0 0 0 0 0 0 0 0 0 0 0 0 0 0 0 0 0 0 0 0 0 0 0 0 0 0 0 0 0 0 0 0 0 0 0 0 0 0 0 0 0 0 0 0 0 0 0 0 0 0 0 0 0 0 0 0 0 0 0 0 0 0 0 0 0 0 0 0 0 0 0 0 0 0 0 0 0 0 0 0 0 0 0 0 0 0 0 0 0 0 0 0 0 0 0 0 0 0 0 0 0 0 0 0 0 0 0 0 0 0 0 0 0 0 0 0 0 0 0 0 0 0 0 0 0 0 0 0 0 0 0 0 0 0 0 0 0 0 0 0 0 0 0 0 0 0 0 0 0 0 0 0 0 0 0 0 0 0 0 0 0 0 0 0 0 0 0 0 0 0 0 0 0 0 0 0 0 0 0 0 0 0 0 0 0 0 0 0 0 0 0 0 0 0 0 0 0 0 0 0 0 0 0 0 0 0 0 0 0 0 0 0 0 0 0 0 0 0 0 0 0 0 0 0 0 0 0 0 0 0 0 0 0 0 0 0 0 0 0 0 0 0 0 0 0 0 0 0 0 0 0 0 0 0 0 0 0 0 0 0 0 0 0 0 0 0 0 0 0 0 0 0 0 0 0 0 0 0 0 0 0 0 0 0 0 0 0 0 0 0 0 0 0 0 0 0 0 0 0 0 0 0 0 0 0 0 0 0
 0 0 0 0 0 0 0 0 0 0 0 0 0 0 0 0 0 0 0 0 0 0 0 0 0 0 0 0 0 0 0 0 0 0 0 0 0 0 0 0 0 0 0 0 0 0 0 0 0 0 0 0 0 0 0 0 0 0 0 0 0 0 0 0 0 0 0 0 0 0 0 0 0 0 0 0 0 0 0 0 0 0 0 0 0 0 0 0 0 0 0 0 0 0 0 0 0 0 0 0 0 0 0 0 0 0 0 0 0 0 0 0 0 0 0 0 0 0 0 0 0 0 0 0 0 0 0 0 0 0 0 0 0 0 0 0 0 0 0 0 0 0 0 0 0 0 0 0 0 0 0 0 0 0 0 0 0 0 0 0 0 0 0 0 0 0 0 0 0 0 0 0 0 0 0 0 0 0 0 0 0 0 0 0 0 0 0 0 0 0 0 0 0 0 0 0 0 0 0 0 0 0 0 0 0 0 0 0 0 0 0 0 0 0 0 0 0 0 0 0 0 0 0 0 0 0 0 0 0 0 0 0 0 0 0 0 0 0 0 0 0 0 0 0 0 0 0 0 0 0 0 0 0 0 0 0 0 0 0 0 0 0 0 0 0 0 0 0 0 0 0 0 0 0 0 0 0 0 0 0 0 0 0 0 0 0 0 0 0 0 0 0 0 0 0 0 0 0 0 0 0 0 0 0 0 0 0 0 0 0 0 0 0 0 0 0 0 0 0 0 0 0 0 0 0 0 0 0 0 0 0 0 0 0 0 0 0 0 0 0 0 0 0 0 0 0 0 0 0 0 0 0 0 0 0 0 0 0 0 0 0 0 0 0 0 0 0 0 0 0 0 0 0 0 0 0 0 0 0 0 0 0 0 0 0 0 0 0 0 0 0 0 0 0 0 0 0 0 0 0 0 0 0 0 0 0 0 0 0 0 0 0 0 0 0 0 0 0 0 0 0 0 0 0 0 0 0 0 0 0 0 0 0 0 0 0 0 0 0 0 0 0 0 0 0 0 0 0 0 0 0 0 0 0 0 0 0 0 0 0 0 0 0 0 0 0 0 0 0 0 0 0 0 0 0 0 0 0 0 0 0 0 0 0 0 0 0 0 0 0 0 0 0 0 0 0 0 0 0 0 0 0 0 0 0 0 0 0 0 0 0 0 0 0 0 0 0 0 0 0 0 0 0 0 0 0 0 0 0 0 0 0 0 0 0 0 0 0 0 0 0 0 0 0 0 0 0 0 0 0 0 0 0 0 0 0 0 0 0 0 0 0 0 0 0 0 0 0 0 0 0 0 0 0 0 0 0 0 0 0 0 0 0 0 0 0 0 0 0 0 0 0 0 0 0 0 0 0 0 0
 0 0 0 0 0 0 0 0 0 0 0 0 0 0 0 0 0 0 0 0 0 0 0 0 0 0 0 0 0 0 0 0 0 0 0 0 0 0 0 0 0 0 0 0 0 0 0 0 0 0 0 0 0 0 0 0 0 0 0 0 0 0 0 0 0 0 0 0 0 0 0 0 0 0 0 0 0 0 0 0 0 0 0 0 0 0 0 0 0 0 0 0 0 0 0 0 0 0 0 0 0 0 0 0 0 0 0 0 0 0 0 0 0 0 0 0 0 0 0 0 0 0 0 0 0 0 0 0 0 0 0 0 0 0 0 0 0 0 0 0 0 0 0 0 0 0 0 0 0 0 0 0 0 0 0 0 0 0 0 0 0 0 0 0 0 0 0 0 0 0 0 0 0 0 0 0 0 0 0 0 0 0 0 0 0 0 0 0 0 0 0 0 0 0 0 0 0 0 0 0 0 0 0 0 0 0 0 0 0 0 0 0 0 0 0 0 0 0 0 0 0 0 0 0 0 0 0 0 0 0 0 0 0 0 0 0 0 0 0 0 0 0 0 0 0 0 0 0 0 0 0 0 0 0 0 0 0 0 0 0 0 0 0 0 0 0 0 0 0 0 0 0 0 0 0 0 0 0 0 0 0 0 0 0 0 0 0 0 0 0 0 0 0 0 0 0 0 0 0 0 0 0 0 0 0 0 0 0 0 0 0 0 0 0 0 0 0 0 0 0 0 0 0 0 0 0 0 0 0 0 0 0 0 0 0 0 0 0 0 0 0 0 0 0 0 0 0 0 0 0 0 0 0 0 0 0 0 0 0 0 0 0 0 0 0 0 0 0 0 0 0 0 0 0 0 0 0 0 0 0 0 0 0 0 0 0 0 0 0 0 0 0 0 0 0 0 0 0 0 0 0 0 0 0 0 0 0 0 0 0 0 0 0 0 0 0 0 0 0 0 0 0 0 0 0 0 0 0 0 0 0 0 0 0 0 0 0 0 0 0 0 0 0 0 0 0 0 0 0 0 0 0 0 0 0 0 0 0 0 0 0 0 0 0 0 0 0 0 0 0 0 0 0 0 0 0 0 0 0 0 0 0 0 0 0 0 0 0 0 0 0 0 0 0 0 0 0 0 0 0 0 0 0 0 0 0 0 0 0 0 0 0 0 0 0 0 0 0 0 0 0 0 0 0 0 0 0 0 0 0 0 0 0 0 0 0 0 0 0 0 0 0 0 0 0 0 0 0 0 0 0 0 0 0 0 0 0 0 0 0 0 0 0 0 0 0 0 0 0 0 0 0 0 0 0 0 0 0 0 0 0 0 0 0 0 0 0 0 0 0 0 0 0 0 0 0 0 0 0 0
 0 0 0 0 0 0 0 0 0 0 0 0 0 0 0 0 0 0 0 0 0 0 0 0 0 0 0 0 0 0 0 0 0 0 0 0 0 0 0 0 0 0 0 0 0 0 0 0 0 0 0 0 0 0 0 0 0 0 0 0 0 0 0 0 0 0 0 0 0 0 0 0 0 0 0 0 0 0 0 0 0 0 0 0 0 0 0 0 0 0 0 0 0 0 0 0 0 0 0 0 0 0 0 0 0 0 0 0 0 0 0 0 0 0 0 0 0 0 0 0 0 0 0 0 0 0 0 0 0 0 0 0 0 0 0 0 0 0 0 0 0 0 0 0 0 0 0 0 0 0 0 0 0 0 0 0 0 0 0 0 0 0 0 0 0 0 0 0 0 0 0 0 0 0 0 0 0 0 0 0 0 0 0 0 0 0 0 0 0 0 0 0 0 0 0 0 0 0 0 0 0 0 0 0 0 0 0 0 0 0 0 0 0 0 0 0 0 0 0 0 0 0 0 0 0 0 0 0 0 0 0 0 0 0 0 0 0 0 0 0 0 0 0 0 0 0 0 0 0 0 0 0 0 0 0 0 0 0 0 0 0 0 0 0 0 0 0 0 0 0 0 0 0 0 0 0 0 0 0 0 0 0 0 0 0 0 0 0 0 0 0 0 0 0 0 0 0 0 0 0 0 0 0 2.576686165411957e-05 0.0003837545518763363 0.001047013327479362 0.001971568679437041 0.003164655296131968 0.004640167113393545 0.006400228012353182 0.008418536745011806 0.01066449284553528 0.01311572548002005 0.01573294401168823 0.01848872937262058 0.02140065655112267 0.02446873858571053 0.02769378758966923 0.03108834661543369 0.03463277220726013 0.03831689059734344 0.04211568087339401 0.04602232575416565 0.05001209303736687 0.0540558397769928 0.05815719813108444 0.06230376288294792 0.06651265174150467 0.07078321278095245 0.07510169595479965 0.07947973906993866 0.08390861749649048 0.08840189874172211 0.09294271469116211 0.09752432256937027 0.10215063393116 0.1068302169442177 0.1115714609622955 0.1163646578788757 0.1202378198504448 0.1221227124333382 0.1213752180337906 0.1175931617617607 0.1117135062813759 0.1061278283596039 0.1008214354515076 0.09578036516904831 0.09099134802818298 0.0864417776465416 0.08211968839168549 0.07801370322704315 0.07411301881074905 0.07040736824274063 0.06688699871301651 0.06354264914989471 0.06036551669239998 0.05734724178910255 0.05447987839579582 0.0517558827996254 0.04916808754205704 0.04670968279242516 0.04437419772148132 0.04215548932552338 0.04004771634936333 0.03804533183574677 0.03614306449890137 0.0343359112739563 0.03261911496520042 0.03098815865814686 0.02943875081837177 0.0279668141156435 0.02656847424805164 0.02524005062878132 0.02397804893553257 0.02277914620935917 0.02164018899202347 0.02055818028748035 0.01953027211129665 0.01855375804007053 0.0176260694861412 0.01674476638436317 0.0159075278788805 0.01511215139180422 0.01435654424130917 0.01363871712237597 0.0129567813128233 0.01230894215404987 0.01169349532574415 0.0111088203266263 0.01055337954312563 0.01002571079879999 0.009524425491690636 0.009048203937709332 0.008595793507993221 0.008166003972291946 0.007757703773677349 0.00736981863155961 0.007001327816396952 0.006651261355727911 0.006318698171526194 0.006002763286232948 0.005702625028789043 0.005417493637651205 0.00514661893248558 0.004889287985861301 0.004644823726266623 0.004412582609802485 0.00419195368885994 0.003982355818152428 0.003783238120377064 0.003594076260924339 0.003414372447878122 0.003243653802201152 0.00308147119358182 0.002927397610619664 0.002781027695164084 0.002641976345330477 0.002509877551347017 0.002384383697062731 0.002265164628624916 0.002151906490325928 0.002044311258941889 0.001942095695994794 0.001844990882091224 0.001752741285599768 0.001665104180574417 0.001581848948262632 0.001502756495028734 0.001427618670277297 0.001356237684376538 0.001288425759412348 0.001224004430696368 0.001162804197520018 0.001104663941077888 0.001049430691637099 0.0009969591628760099 0.0009471112280152738 0.0008997556869871914 0.0008547679171897471 0.0008120295242406428 0.0007714280509389937 0.0007328566280193627 0.0006962137995287776 0.0006614031153731048 0.0006283329566940665 0.0005969163030385971 0.0005670704995281994 0.0005387169658206403 0.0005117811379022896 0.0004861920897383243 0.0004618824750650674 0.0004387883527670056 0.0004168489249423146 0.0003960064786951989 0.0003762061533052474 0.0003573958529159427 0.0003395260719116777 0.0003225497785024345 0.0003064222983084619 0.0002911011688411236 0.0002765461103990674 0.0002627187932375818 0.0002495828666724265 0.0002371037262491882 0.0002252485428471118 0.0002139861171599478 0.0002032868069363758 0.0001931224687723443 0.0001834663416957483 0.000174293018062599 0.0001655783707974479 0.0001572994515299797 0.0001494344760430977 0.000141962751513347 0.0001348646183032542 0.0001281213917536661 0.000121715318528004 0.0001156295547843911 0.0001098480788641609 0.0001043556767399423 9.913789108395576e-05 9.418099944014102e-05 8.947194874053821e-05 8.499834802933037e-05 8.074843208305538e-05 7.671101047890261e-05 7.287546031875536e-05 6.923168984940276e-05 6.577010208275169e-05 6.248159479582682e-05 5.935751687502488e-05 5.638963921228424e-05 5.357015834306367e-05 5.08916491526179e-05 4.83470648759976e-05 4.592971163219772e-05 4.363322659628466e-05 4.145156708545983e-05 3.937898873118684e-05 3.741003820323385e-05 3.553953501977958e-05 3.376255699549802e-05 3.207442932762206e-05 3.047070822503883e-05 2.894717363233212e-05 2.749981467786711e-05 2.612482421682216e-05 2.481858246028423e-05 2.357765333727002e-05 2.239876994281076e-05 2.12788308999734e-05 2.02148894459242e-05 1.92041443369817e-05 1.824393621063791e-05 1.733173849061131e-05 1.646515192987863e-05 1.564189369673841e-05 1.485979919380043e-05 1.411680932505988e-05 1.341096867690794e-05 1.27404200611636e-05 1.210339905810542e-05 1.149822946899803e-05 1.092331785912393e-05 1.037715173879405e-05 9.858294106379617e-06 9.365379810333252e-06 8.89711100171553e-06 8.452255315205548e-06 8.029642231122125e-06 7.628160346939694e-06 7.246752375067445e-06 6.88441468810197e-06 6.540194135595812e-06 6.213184406078653e-06 5.902525117562618e-06 5.607398634310812e-06 5.327028702595271e-06 5.060677267465508e-06 4.807643563253805e-06 4.567261385091115e-06 4.338898179412354e-06 4.121953224967001e-06 3.915855359082343e-06 3.720062522916123e-06 3.534059487719787e-06 3.35735649059643e-06 3.189488779753447e-06 3.030014340765774e-06 2.878513669202221e-06 2.734587951636058e-06 2.597858610897674e-06 2.467965714458842e-06 2.34456751968537e-06 2.22733910959505e-06 2.115972165483981e-06 3.45365988323465e-05 0.0001970762241398916 0.0004696222022175789 0.0008439768571406603 0.001314670778810978 0.00187792768701911 0.002535432111471891 0.00328167388215661 0.004106279462575912 0.005008719395846128 0.005981863010674715 0.007013609167188406 0.00809895433485508 0.009229806251823902 0.01040322426706553 0.01161370798945427 0.0128564378246665 0.01412715762853622 0.01542354002594948 0.01674068905413151 0.01807532832026482 0.01942380890250206 0.02078906074166298 0.02216976135969162 0.02356676571071148 0.02496972307562828 0.02637934312224388 0.02778937667608261 0.02919628843665123 0.03059697337448597 0.03199185431003571 0.03338426724076271 0.03477371856570244 0.03616175800561905 0.03754706680774689 0.03893159329891205 0.04031423479318619 0.04169737175107002 0.04308278113603592 0.04446092620491982 0.04583302140235901 0.04720064252614975 0.04856559261679649 0.04993528872728348
 0 0 0 0 0 0 0 0 0 0 0 0 0 0 0 0 0 0 0 0 0 0 0 0 0 0 0 0 0 0 0 0 0 0 0 0 0 0 0 0 0 0 0 0 0 0 0 0 0 0 0 0 0 0 0 0 0 0 0 0 0 0 0 0 0 0 0 0 0 0 0 0 0 0 0 0 0 0 0 0 0 0 0 0 0 0 0 0 0 0 0 0 0 0 0 0 0 0 0 0 0 0 0 0 0 0 0 0 0 0 0 0 0 0 0 0 0 0 0 0 0 0 0 0 0 0 0 0 0 0 0 0 0 0 0 0 0 0 0 0 0 0 0 0 0 0 0 0 0 0 0 0 0 0 0 0 0 0 0 0 0 0 0 0 0 0 0 0 0 0 0 0 0 0 0 0 0 0 0 0 0 0 0 0 0 0 0 0 0 0 0 0 0 0 0 0 0 0 0 0 0 0 0 0 0 0 0 0 0 0 0 0 0 0 0 0 0 0 0 0 0 0 0 0 0 0 0 0 0 0 0 0 0 0 0 0 0 0 0 0 0 0 0 0 0 0 0 0 0 0 0 0 0 0 0 0 0 0 0 0 0 0 0 0 0 0 0 0 0 0 0 0 0 0 0 0 0 0 0 0 0 0 0 0 0 0 0 0 0 0 0 0 0 0 0 0 0 0 0 0 0 0 0 0 0 0 0 0 0 0 0 0 0 0 0 0 0 0 0 0 0 0 0 0 0 0 0 0 0 0 0 0 0 0 0 0 0 0 0 0 0 0 0 0 0 0 0 0 0 0 0 0 0 0 0 0 0 0 0 0 0 0 0 0 0 0 0 0 0 0 0 0 0 0 0 0 0 0 0 0 0 0 0 0 0 0 0 0 0 0 0 0 0 0 0 0 0 0 0 0 0 0 0 0 0 0 0 0 0 0 0 0 0 0 0 0 0 0 0 0 0 0 0 0 0 0 0 0 0 0 0 0 0 0 0 0 0 0 0 0 0 0 0 0 0 0 0 0 0 0 0 0 0 0 0 0 0 0 0 0 0 0 0 0 0 0 0 0 0 0 0 0 0 0 0 0 0 0 0 0 0 0 0 0 0 0 0 0 0 0 0 0 0 0 0 0 0 0 0 0 0 0 0 0 0 0 0 0 0 0 0 0 0 0 0 0 0 0 0 0 0 0 0 0 0 0 0 0 0 0 0 0 0 0 0 0 0 0 0 0 0 0 0 0 0 0 0 0 0 0 0 0 0 0 0 0 0 0 0 0 0 0 0 0 0 0 0 0 0 0 0 0 0 0 0 0 0 0 0 0 0 0 0 0 0 0 0 0 0 0 0 0 0 0 0 0 0 0 0 0
 0 0 0 0 0 0 0 0 0 0 0 0 0 0 0 0 0 0 0 0 0 0 0 0 0 0 0 0 0 0 0 0 0 0 0 0 0 0 0 0 0 0 0 0 0 0 0 0 0 0 0 0 0 0 0 0 0 0 0 0 0 0 0 0 0 0 0 0 0 0 0 0 0 0 0 0 0 0 0 0 0 0 0 0 0 0 0 0 0 0 0 0 0 0 0 0 0 0 0 0 0 0 0 0 0 0 0 0 0 0 0 0 0 0 0 0 0 0 0 0 0 0 0 0 0 0 0 0 0 0 0 0 0 0 0 0 0 0 0 0 0 0 0 0 0 0 0 0 0 0 0 0 0 0 0 0 0 0 0 0 0 0 0 0 0 0 0 0 0 0 0 0 0 0 0 0 0 0 0 0 0 0 0 0 0 0 0 0 0 0 0 0 0 0 0 0 0 0 0 0 0 0 0 0 0 0 0 0 0 0 0 0 0 0 0 0 0 0 0 0 0 0 0 0 0 0 0 0 0 0 0 0 0 0 0 0 0 0 0 0 0 0 0 0 0 0 0 0 0 0 0 0 0 0 0 0 0 0 0 0 0 0 0 0 0 0 0 0 0 0 0 0 0 0 0 0 0 0 0 0 0 0 0 0 0 0 0 0 0 0 0 0 0 0 0 0 0 0 0 0 0 0 0 0 0 0 0 0 0 0 0 0 0 0 0 0 0 0 0 0 0 0 0 0 0 0 0 0 0 0 0 0 0 0 0 0 0 0 0 0 0 0 0 0 0 0 0 0 0 0 0 0 0 0 0 0 0 0 0 0 0 0 0 0 0 0 0 0 0 0 0 0 0 0 0 0 0 0 0 0 0 0 0 0 0 0 0 0 0 0 0 0 0 0 0 0 0 0 0 0 0 0 0 0 0 0 0 0 0 0 0 0 0 0 0 0 0 0 0 0 0 0 0 0 0 0 0 0 0 0 0 0 0 0 0 0 0 0 0 0 0 0 0 0 0 0 0 0 0 0 0 0 0 0 0 0 0 0 0 0 0 0 0 0 0 0 0 0 0 0 0 0 0 0 0 0 0 0 0 0 0 0 0 0 0 0 0 0 0 0 0 0 0 0 0 0 0 0 0 0 0 0 0 0 0 0 0 0 0 0 0 0 0 0 0 0 0 0 0 0 0 0 0 0 0 0 0 0 0 0 0 0 0 0 0 0 0 0 0 0 0 0 0 0 0 0 0 0 0 0 0 0 0 0 0 0 0 0 0 0 0 0 0 0 0 0 0 0 0 0 0 0 0 0 0 0 0 0 0 0 0 0 0 0 0 0 0 0 0 0 0 0 0 0 0 0 0 0 0 0
 0 0 0 0 0 0 0 0 0 0 0 0 0 0 0 0 0 0 0 0 0 0 0 0 0 0 0 0 0 0 0 0 0 0 0 0 0 0 0 0 0 0 0 0 0 0 0 0 0 0 0 0 0 0 0 0 0 0 0 0 0 0 0 0 0 0 0 0 0 0 0 0 0 0 0 0 0 0 0 0 0 0 0 0 0 0 0 0 0 0 0 0 0 0 0 0 0 0 0 0 0 0 0 0 0 0 0 0 0 0 0 0 0 0 0 0 0 0 0 0 0 0 0 0 0 0 0 0 0 0 0 0 0 0 0 0 0 0 0 0 0 0 0 0 0 0 0 0 0 0 0 0 0 0 0 0 0 0 0 0 0 0 0 0 0 0 0 0 0 0 0 0 0 0 0 0 0 0 0 0 0 0 0 0 0 0 0 0 0 0 0 0 0 0 0 0 0 0 0 0 0 0 0 0 0 0 0 0 0 0 0 0 0 0 0 0 0 0 0 0 0 0 0 0 0 0 0 0 0 0 0 0 0 0 0 0 0 0 0 0 0 0 0 0 0 0 0 0 0 0 0 0 0 0 0 0 0 0 0 0 0 0 0 0 0 0 0 0 0 0 0 0 0 0 0 0 0 0 0 0 0 0 0 0 0 0 0 0 0 0 0 0 0 0 0 0 0 0 0 0 0 0 0 0 0 0 0 0 0 0 0 0 0 0 0 0 0 0 0 0 0 0 0 0 0 0 0 0 0 0 0 0 0 0 0 0 0 0 0 0 0 0 0 0 0 0 0 0 0 0 0 0 0 0 0 0 0 0 0 0 0 0 0 0 0 0 0 0 0 0 0 0 0 0 0 0 0 0 0 0 0 0 0 0 0 0 0 0 0 0 0 0 0 0 0 0 0 0 0 0 0 0 0 0 0 0 0 0 0 0 0 0 0 0 0 0 0 0 0 0 0 0 0 0 0 0 0 0 0 0 0 0 0 0 0 0 0 0 0 0 0 0 0 0 0 0 0 0 0 0 0 0 0 0 0 0 0 0 0 0 0 0 0 0 0 0 0 0 0 0 0 0 0 0 0 0 0 0 0 0 0 0 0 0 0 0 0 0 0 0 0 0 0 0 0 0 0 0 0 0 0 0 0 0 0 0 0 0 0 0 0 0 0 0 0 0 0 0 0 0 0 0 0 0 0 0 0 0 0 0 0 0 0 0 0 0 0 0 0 0 0 0 0 0 0 0 0 0 0 0 0 0 0 0 0 0 0 0 0 0 0 0 0 0 0 0 0 0 0 0 0 0 0 0 0 0 0 0 0 0 0 0 0 0 0 0 0 0 0 0 0 0 0 0 0 0 0 0 0 0
 0 0 0 0 0 0 0 0 0 0 0 0 0 0 0 0 0 0 0 0 0 0 0 0 0 0 0 0 0 0 0 0 0 0 0 0 0 0 0 0 0 0 0 0 0 0 0 0 0 0 0 0 0 0 0 0 0 0 0 0 0 0 0 0 0 0 0 0 0 0 0 0 0 0 0 0 0 0 0 0 0 0 0 0 0 0 0 0 0 0 0 0 0 0 0 0 0 0 0 0 0 0 0 0 0 0 0 0 0 0 0 0 0 0 0 0 0 0 0 0 0 0 0 0 0 0 0 0 0 0 0 0 0 0 0 0 0 0 0 0 0 0 0 0 0 0 0 0 0 0 0 0 0 0 0 0 0 0 0 0 0 0 0 0 0 0 0 0 0 0 0 0 0 0 0 0 0 0 0 0 0 0 0 0 0 0 0 0 0 0 0 0 0 0 0 0 0 0 0 0 0 0 0 0 0 0 0 0 0 0 0 0 0 0 0 0 0 0 0 0 0 0 0 0 0 0 0 0 0 0 0 0 0 0 0 0 0 0 0 0 0 0 0 0 0 0 0 0 0 0 0 0 0 0 0 0 0 0 0 0 0 0 0 0 0 0 0 0 0 0 0 0 0 0 0 0 0 0 0 0 0 0 0 0 0 0 0 0 0 0 0 0 0 0 0 0 0 0 0 0 0 0 0 0 0.000265217327978462 0.000828590476885438 0.001656260574236512 0.002749025821685791 0.004130974411964417 0.0058228624984622 0.007786696776747704 0.009992201812565327 0.0123702846467495 0.01491185836493969 0.01760601624846458 0.02044195681810379 0.02344818972051144 0.02661813236773014 0.02994615025818348 0.03342364728450775 0.0370602048933506 0.04083226248621941 0.04472609609365463 0.04867997765541077 0.05270165950059891 0.05679052323102951 0.06092945113778114 0.06512549519538879 0.06937489658594131 0.07366733253002167 0.07801501452922821 0.08243405073881149 0.08692196756601334 0.09143504500389099 0.09599089622497559 0.1006028279662132 0.1052807345986366 0.1100241243839264 0.1148267984390259 0.1191705763339996 0.1218492910265923 0.1221086233854294 0.1194546669721603 0.1135751232504845 0.1078963652253151 0.1025015488266945 0.09737647324800491 0.09250765293836594 0.08788227289915085 0.08348815888166428 0.07931374758481979 0.07534805685281754 0.07158065587282181 0.06800162047147751 0.06460154056549072 0.06137146428227425 0.05830289050936699 0.05538774654269218 0.052618358284235 0.04998743906617165 0.04748806729912758 0.04511366412043571 0.04285798221826553 0.04071508347988129 0.0386793278157711 0.03674536198377609 0.03490809351205826 0.03316269069910049 0.0315045565366745 0.02992932870984077 0.02843286283314228 0.02701121941208839 0.02566065825521946 0.02437762543559074 0.02315874397754669 0.02200080640614033 0.02090076543390751 0.01985572651028633 0.01886294037103653 0.01791979372501373 0.01702380366623402 0.0161726139485836 0.01536398287862539 0.01459578331559896 0.0138659942895174 0.01317269448190928 0.01251405943185091 0.01188835687935352 0.01129393931478262 0.01072924211621284 0.01019277982413769 0.009683140553534031 0.009198983199894428 0.008739033713936806 0.008302082307636738 0.007886977866292 0.007492628879845142 0.007117997389286757 0.006762097589671612 0.006423992570489645 0.006102792918682098 0.005797653459012508 0.005507770925760269 0.005232382565736771 0.004970763344317675 0.00472222501412034 0.004486113786697388 0.004261808004230261 0.004048717673867941 0.003846281673759222 0.003653967520222068 0.003471269039437175 0.003297705668956041 0.003132820362225175 0.002976179355755448 0.002827370306476951 0.0026860018260777 0.002551701851189137 0.002424116712063551 0.002302910899743438 0.002187765436246991 0.002078377176076174 0.001974458340555429 0.001875735470093787 0.001781948725692928 0.00169285130687058 0.001608208753168583 0.001527798362076283 0.001451408490538597 0.001378838089294732 0.00130989623721689 0.001244401442818344 0.001182181411422789 0.001123072346672416 0.001066918717697263 0.001013572793453932 0.0009628941770642996 0.0009147494565695524 0.0008690119720995426 0.0008255613502115011 0.0007842832710593939 0.0007450691191479564 0.0007078156340867281 0.0006724248523823917 0.0006388035835698247 0.0006068634102120996 0.0005765202222391963 0.0005476942169480026 0.0005203094915486872 0.0004942940431647003 0.0004695793322753161 0.0004461003700271249 0.0004237953398842365 0.0004026055685244501 0.0003824752930086106 0.0003633515152614564 0.0003451839438639581 0.000327924732118845 0.0003115285071544349 0.0002959520788863301 0.0002811544691212475 0.000267096736934036 0.0002537418913561851 0.0002410548040643334 0.0002290020638611168 0.0002175519621232525 0.0002066743618343025 0.0001963406393770128 0.0001865236117737368 0.0001771974348230287 0.0001683375594438985 0.0001599206880200654 0.0001519246579846367 0.0001443284272681922 0.000137112001539208 0.0001302564051002264 0.000123743579024449 0.0001175564029836096 0.00011167858610861 0.0001060946597135626 0.0001007899263640866 9.5750430773478e-05 9.096290887100622e-05 8.641476597404107e-05 8.209402585634962e-05 7.798932347213849e-05 7.408985402435064e-05 7.038535841275007e-05 6.686609413009137e-05 6.352279160637408e-05 6.034665057086386e-05 5.732931822421961e-05 5.446285285870545e-05 5.173970930627547e-05 4.915272438665852e-05 4.669508780352771e-05 4.436033486854285e-05 4.214231739751995e-05 4.003520007245243e-05 3.803343861363828e-05 3.613176522776484e-05 3.432517769397236e-05 3.260891753598116e-05 3.097847002209164e-05 2.942954597529024e-05 2.795806904032361e-05 2.65601647697622e-05 2.523215698602144e-05 2.397054959146772e-05 2.277202293043956e-05 2.163342105632182e-05 2.055174991255626e-05 1.952416278072633e-05 1.854795482358895e-05 1.762055762810633e-05 1.673953011049889e-05 1.590255305927712e-05 1.510742549726274e-05 1.435205376765225e-05 1.363445153401699e-05 1.295272886636667e-05 1.23050922411494e-05 1.168983726529405e-05 1.110534503823146e-05 1.055007760442095e-05 1.002257340587676e-05 9.521444553683978e-06 9.045372280525044e-06 8.593103302700911e-06 8.16344800114166e-06 7.755275873932987e-06 7.367511898337398e-06 6.999136530794203e-06 6.649179795203963e-06 6.316720828181133e-06 6.000884695822606e-06 5.700840574718313e-06 5.415798568719765e-06 5.14500879944535e-06 4.887758223048877e-06 4.643370175472228e-06 4.411201643961249e-06 4.190641448076349e-06 3.981109330197796e-06 3.782053909162642e-06 3.592951316022663e-06 3.413303829802317e-06 3.242638740630355e-06 3.080506758124102e-06 2.926481329268427e-06 2.780157274173689e-06 2.641149421833688e-06 2.509091928004636e-06 2.383637365710456e-06 2.264455588374403e-06 2.151232820324367e-06 2.043671202045516e-06 9.700570080894977e-05 0.0003186632529832423 0.0006504587363451719 0.001080464804545045 0.001606200472451746 0.002224308904260397 0.002932157833129168 0.003728305222466588 0.004601557273417711 0.005548573564738035 0.006566555704921484 0.007651833817362785 0.00878223218023777 0.009953304193913937 0.01116325519979 0.01240101922303438 0.01366387214511633 0.01495530735701323 0.01627571694552898 0.01762055791914463 0.01898814551532269 0.02037239819765091 0.02177208289504051 0.02318697795271873 0.02461671456694603 0.02606136910617352 0.02751065604388714 0.02895280160009861 0.0303869042545557 0.03181321173906326 0.03323357552289963 0.03464909270405769 0.03606138378381729 0.0374734103679657 0.03888469934463501 0.04029606655240059 0.04170946404337883 0.04312621057033539 0.04454505816102028 0.04596357792615891 0.04737666621804237 0.04878472909331322 0.05018806084990501
 0 0 0 0 0 0 0 0 0 0 0 0 0 0 0 0 0 0 0 0 0 0 0 0 0 0 0 0 0 0 0 0 0 0 0 0 0 0 0 0 0 0 0 0 0 0 0 0 0 0 0 0 0 0 0 0 0 0 0 0 0 0 0 0 0 0 0 0 0 0 0 0 0 0 0 0 0 0 0 0 0 0 0 0 0 0 0 0 0 0 0 0 0 0 0 0 0 0 0 0 0 0 0 0 0 0 0 0 0 0 0 0 0 0 0 0 0 0 0 0 0 0 0 0 0 0 0 0 0 0 0 0 0 0 0 0 0 0 0 0 0 0 0 0 0 0 0 0 0 0 0 0 0 0 0 0 0 0 0 0 0 0 0 0 0 0 0 0 0 0 0 0 0 0 0 0 0 0 0 0 0 0 0 0 0 0 0 0 0 0 0 0 0 0 0 0 0 0 0 0 0 0 0 0 0 0 0 0 0 0 0 0 0 0 0 0 0 0 0 0 0 0 0 0 0 0 0 0 0 0 0 0 0 0 0 0 0 0 0 0 0 0 0 0 0 0 0 0 0 0 0 0 0 0 0 0 0 0 0 0 0 0 0 0 0 0 0 0 0 0 0 0 0 0 0 0 0 0 0 0 0 0 0 0 0 0 0 0 0 0 0 0 0 0 0 0 0 0 0 0 0 0 0 0 0 0 0 0 0 0 0 0 0 0 0 0 0 0 0 0 0 0 0 0 0 0 0 0 0 0 0 0 0 0 0 0 0 0 0 0 0 0 0 0 0 0 0 0 0 0 0 0 0 0 0 0 0 0 0 0 0 0 0 0 0 0 0 0 0 0 0 0 0 0 0 0 0 0 0 0 0 0 0 0 0 0 0 0 0 0 0 0 0 0 0 0 0 0 0 0 0 0 0 0 0 0 0 0 0 0 0 0 0 0 0 0 0 0 0 0 0 0 0 0 0 0 0 0 0 0 0 0 0 0 0 0 0 0 0 0 0 0 0 0 0 0 0 0 0 0 0 0 0 0 0 0 0 0 0 0 0 0 0 0 0 0 0 0 0 0 0 0 0 0 0 0 0 0 0 0 0 0 0 0 0 0 0 0 0 0 0 0 0 0 0 0 0 0 0 0 0 0 0 0 0 0 0 0 0 0 0 0 0 0 0 0 0 0 0 0 0 0 0 0 0 0 0 0 0 0 0 0 0 0 0 0 0 0 0 0 0 0 0 0 0 0 0 0 0 0 0 0 0 0 0 0 0 0 0 0 0 0 0 0 0 0 0 0 0 0 0 0 0 0 0 0 0 0 0 0 0 0 0 0 0 0 0 0 0 0 0 0 0 0 0 0 0 0 0 0
 0 0 0 0 0 0 0 0 0 0 0 0 0 0 0 0 0 0 0 0 0 0 0 0 0 0 0 0 0 0 0 0 0 0 0 0 0 0 0 0 0 0 0 0 0 0 0 0 0 0 0 0 0 0 0 0 0 0 0 0 0 0 0 0 0 0 0 0 0 0 0 0 0 0 0 0 0 0 0 0 0 0 0 0 0 0 0 0 0 0 0 0 0 0 0 0 0 0 0 0 0 0 0 0 0 0 0 0 0 0 0 0 0 0 0 0 0 0 0 0 0 0 0 0 0 0 0 0 0 0 0 0 0 0 0 0 0 0 0 0 0 0 0 0 0 0 0 0 0 0 0 0 0 0 0 0 0 0 0 0 0 0 0 0 0 0 0 0 0 0 0 0 0 0 0 0 0 0 0 0 0 0 0 0 0 0 0 0 0 0 0 0 0 0 0 0 0 0 0 0 0 0 0 0 0 0 0 0 0 0 0 0 0 0 0 0 0 0 0 0 0 0 0 0 0 0 0 0 0 0 0 0 0 0 0 0 0 0 0 0 0 0 0 0 0 0 0 0 0 0 0 0 0 0 0 0 0 0 0 0 0 0 0 0 0 0 0 0 0 0 0 0 0 0 0 0 0 0 0 0 0 0 0 0 0 0 0 0 0 0 0 0 0 0 0 0 0 0 0 0 0 0 0 0 0 0 0 0 0 0 0 0 0 0 0 0 0 0 0 0 0 0 0 0 0 0 0 0 0 0 0 0 0 0 0 0 0 0 0 0 0 0 0 0 0 0 0 0 0 0 0 0 0 0 0 0 0 0 0 0 0 0 0 0 0 0 0 0 0 0 0 0 0 0 0 0 0 0 0 0 0 0 0 0 0 0 0 0 0 0 0 0 0 0 0 0 0 0 0 0 0 0 0 0 0 0 0 0 0 0 0 0 0 0 0 0 0 0 0 0 0 0 0 0 0 0 0 0 0 0 0 0 0 0 0 0 0 0 0 0 0 0 0 0 0 0 0 0 0 0 0 0 0 0 0 0 0 0 0 0 0 0 0 0 0 0 0 0 0 0 0 0 0 0 0 0 0 0 0 0 0 0 0 0 0 0 0 0 0 0 0 0 0 0 0 0 0 0 0 0 0 0 0 0 0 0 0 0 0 0 0 0 0 0 0 0 0 0 0 0 0 0 0 0 0 0 0 0 0 0 0 0 0 0 0 0 0 0 0 0 0 0 0 0 0 0 0 0 0 0 0 0 0 0 0 0 0 0 0 0 0 0 0 0 0 0 0 0 0 0 0 0 0 0 0 0 0 0 0 0 0 0 0 0 0 0 0 0 0 0 0 0 0 0 0 0 0 0 0 0
 0 0 0 0 0 0 0 0 0 0 0 0 0 0 0 0 0 0 0 0 0 0 0 0 0 0 0 0 0 0 0 0 0 0 0 0 0 0 0 0 0 0 0 0 0 0 0 0 0 0 0 0 0 0 0 0 0 0 0 0 0 0 0 0 0 0 0 0 0 0 0 0 0 0 0 0 0 0 0 0 0 0 0 0 0 0 0 0 0 0 0 0 0 0 0 0 0 0 0 0 0 0 0 0 0 0 0 0 0 0 0 0 0 0 0 0 0 0 0 0 0 0 0 0 0 0 0 0 0 0 0 0 0 0 0 0 0 0 0 0 0 0 0 0 0 0 0 0 0 0 0 0 0 0 0 0 0 0 0 0 0 0 0 0 0 0 0 0 0 0 0 0 0 0 0 0 0 0 0 0 0 0 0 0 0 0 0 0 0 0 0 0 0 0 0 0 0 0 0 0 0 0 0 0 0 0 0 0 0 0 0 0 0 0 0 0 0 0 0 0 0 0 0 0 0 0 0 0 0 0 0 0 0 0 0 0 0 0 0 0 0 0 0 0 0 0 0 0 0 0 0 0 0 0 0 0 0 0 0 0 0 0 0 0 0 0 0 0 0 0 0 0 0 0 0 0 0 0 0 0 0 0 0 0 0 0 0 0 0 0 0 0 0 0 0 0 0 0 0 0 0 0 0 0 0 0 0 0 0 0 0 0 0 0 0 0 0 0 0 0 0 0 0 0 0 0 0 0 0 0 0 0 0 0 0 0 0 0 0 0 0 0 0 0 0 0 0 0 0 0 0 0 0 0 0 0 0 0 0 0 0 0 0 0 0 0 0 0 0 0 0 0 0 0 0 0 0 0 0 0 0 0 0 0 0 0 0 0 0 0 0 0 0 0 0 0 0 0 0 0 0 0 0 0 0 0 0 0 0 0 0 0 0 0 0 0 0 0 0 0 0 0 0 0 0 0 0 0 0 0 0 0 0 0 0 0 0 0 0 0 0 0 0 0 0 0 0 0 0 0 0 0 0 0 0 0 0 0 0 0 0 0 0 0 0 0 0 0 0 0 0 0 0 0 0 0 0 0 0 0 0 0 0 0 0 0 0 0 0 0 0 0 0 0 0 0 0 0 0 0 0 0 0 0 0 0 0 0 0 0 0 0 0 0 0 0 0 0 0 0 0 0 0 0 0 0 0 0 0 0 0 0 0 0 0 0 0 0 0 0 0 0 0 0 0 0 0 0 0 0 0 0 0 0 0 0 0 0 0 0 0 0 0 0 0 0 0 0 0 0 0 0 0 0 0 0 0 0 0 0 0 0 0 0 0 0 0 0 0 0 0 0 0 0 0 0 0 0 0 0
 0 0 0 0 0 0 0 0 0 0 0 0 0 0 0 0 0 0 0 0 0 0 0 0 0 0 0 0 0 0 0 0 0 0 0 0 0 0 0 0 0 0 0 0 0 0 0 0 0 0 0 0 0 0 0 0 0 0 0 0 0 0 0 0 0 0 0 0 0 0 0 0 0 0 0 0 0 0 0 0 0 0 0 0 0 0 0 0 0 0 0 0 0 0 0 0 0 0 0 0 0 0 0 0 0 0 0 0 0 0 0 0 0 0 0 0 0 0 0 0 0 0 0 0 0 0 0 0 0 0 0 0 0 0 0 0 0 0 0 0 0 0 0 0 0 0 0 0 0 0 0 0 0 0 0 0 0 0 0 0 0 0 0 0 0 0 0 0 0 0 0 0 0 0 0 0 0 0 0 0 0 0 0 0 0 0 0 0 0 0 0 0 0 0 0 0 0 0 0 0 0 0 0 0 0 0 0 0 0 0 0 0 0 0 0 0 0 0 0 0 0 0 0 0 0 0 0 0 0 0 0 0 0 0 0 0 0 0 0 0 0 0 0 0 0 0 0 0 0 0 0 0 0 0 0 0 0 0 0 0 0 0 0 0 0 0 0 0 0 0 0 0 0 0 0 0 0 0 0 0 0 0 0 0 0 0 0 0 0 0 0 0 0 0 0 0 0 0 0 0 0 0 0 0 0 0.0002413388574495912 0.0007925850804895163 0.00161622348241508 0.002707327716052532 0.00408229511231184 0.005734994541853666 0.007659698370844126 0.009823660366237164 0.01218576356768608 0.01469312235713005 0.01734672300517559 0.02014714665710926 0.02311411686241627 0.02624647319316864 0.02953985519707203 0.03298540040850639 0.03656637296080589 0.04024606570601463 0.04402279108762741 0.04790596663951874 0.05185038596391678 0.05584002286195755 0.05990902334451675 0.06403531134128571 0.06822463870048523 0.07247835397720337 0.07678261399269104 0.08114098012447357 0.08555363118648529 0.090012326836586 0.0945073664188385 0.09904062002897263 0.1036147847771645 0.1082407385110855 0.1129182726144791 0.1173619627952576 0.1202806979417801 0.1208438351750374 0.1185595095157623 0.113129548728466 0.1074730679392815 0.1020994111895561 0.09699443727731705 0.09214471280574799 0.08753747493028641 0.08316060155630112 0.07900257408618927 0.07505244761705399 0.07129982858896255 0.06773483753204346 0.06434809416532516 0.06113068759441376 0.05807415395975113 0.0551704466342926 0.05241192504763603 0.04979132860898972 0.0473017618060112 0.04493667185306549 0.04268983751535416 0.04055534675717354 0.03852757811546326 0.03660120069980621 0.0347711406648159 0.03303258493542671 0.03138095512986183 0.02981190755963326 0.02832131274044514 0.0269052479416132 0.02555998601019382 0.02428198605775833 0.02306788600981236 0.02191449142992496 0.02081876620650291 0.01977782696485519 0.01878893561661243 0.01784948818385601 0.01695701293647289 0.01610916294157505 0.01530370488762856 0.01453852001577616 0.01381159387528896 0.01312101446092129 0.01246496383100748 0.01184171531349421 0.01124962978065014 0.01068714819848537 0.01015279069542885 0.009645150974392891 0.009162893518805504 0.008704748935997486 0.008269511163234711 0.007856035605072975 0.007463234011083841 0.007090072147548199 0.006735568400472403 0.006398790050297976 0.006078850477933884 0.005774907767772675 0.005486162379384041 0.005211854353547096 0.004951261449605227 0.004703698214143515 0.004468513187021017 0.004245087504386902 0.004032833036035299 0.003831191454082727 0.003639631904661655 0.003457650309428573 0.003284767735749483 0.003120529465377331 0.002964502898976207 0.002816277788951993 0.002675463911145926 0.002541690599173307 0.002414606045931578 0.002293875673785806 0.002179181901738048 0.002070222748443484 0.001966711599379778 0.001868376042693853 0.001774957287125289 0.001686209463514388 0.001601899042725563 0.001521804137155414 0.001445713918656111 0.001373428269289434 0.001304756850004196 0.001239518984220922 0.001177543075755239 0.001118665910325944 0.00106273265555501 0.001009596046060324 0.0009591162670403719 0.0009111604304052889 0.0008656024001538754 0.0008223222685046494 0.0007812061812728643 0.0007421458722092211 0.0007050386047922075 0.0006697866483591497 0.0006362973363138735 0.0006044824840500951 0.0005742583889514208 0.0005455454811453819 0.0005182682070881128 0.0004923547967337072 0.0004677370598074049 0.0004443502111826092 0.0004221326962579042 0.0004010260745417327 0.0003809747577179223 0.0003619260096456856 0.0003438297135289758 0.0003266382263973355 0.0003103063208982348 0.0002947910106740892 0.0002800514630507678 0.0002660488826222718 0.0002527464530430734 0.0002401091333013028 0.0002281036722706631 0.0002166984922951087 0.0002058635727735236 0.0001955703919520602 0.0001857918687164783 0.0001765022752806544 0.0001676771644270048 0.0001592933112988248 0.0001513286406407133 0.0001437622122466564 0.0001365741045447066 0.0001297454000450671 0.0001232581271324307 0.0001170952236861922 0.000111240464320872 0.0001056784385582432 0.0001003945144475438 9.537478763377294e-05 9.060604497790337e-05 8.60757427290082e-05 8.177195559255779e-05 7.768335490254685e-05 7.379918679362163e-05 7.010922854533419e-05 6.66037667542696e-05 6.327357550617307e-05 6.010989818605594e-05 5.710440382244997e-05 5.424918344942853e-05 5.153672464075498e-05 4.895988968200982e-05 4.65118937427178e-05 4.418629760039039e-05 4.197698217467405e-05 3.987813397543505e-05 3.788422691286542e-05 3.599001502152532e-05 3.419051427044906e-05 3.248098801122978e-05 3.085693970206194e-05 2.931409289885778e-05 2.78483876172686e-05 2.645596759975888e-05 2.513316940166987e-05 2.38765114772832e-05 2.268268508487381e-05 2.154855064873118e-05 2.047112320724409e-05 1.944756695593242e-05 1.84751879714895e-05 1.755142875481397e-05 1.667385731707327e-05 1.584016354172491e-05 1.50481555465376e-05 1.429574786016019e-05 1.358096051262692e-05 1.290191266889451e-05 1.225681717187399e-05 1.164397599495715e-05 1.106177751353243e-05 1.050868831953267e-05 9.983254130929708e-06 9.484091606282163e-06 9.009887435240671e-06 8.559392881579697e-06 8.131422873702832e-06 7.724851457169279e-06 7.338609066209756e-06 6.971678431000328e-06 6.623094577662414e-06 6.291939826041926e-06 5.977342880214565e-06 5.678475645254366e-06 5.394551862991648e-06 5.124824383528903e-06 4.868583346251398e-06 4.625154360837769e-06 4.393896688270615e-06 4.174201876594452e-06 3.965491941926302e-06 3.76721732209262e-06 3.578856421881937e-06 3.399913566681789e-06 3.229917865610332e-06 3.06842207464797e-06 2.915001005021622e-06 2.769250841083704e-06 2.630788230817416e-06 2.499248921594699e-06 2.374286395934178e-06 4.005908340332098e-05 0.0001998502702917904 0.0004792080435436219 0.000867959635797888 0.0013597042998299 0.001950287260115147 0.002637523459270597 0.003417219733819366 0.004282881040126085 0.005229500588029623 0.006246010772883892 0.007322212215512991 0.008444958366453648 0.009606610052287579 0.0108061172068119 0.01204326190054417 0.01331787463277578 0.01462671160697937 0.01595810987055302 0.01731323637068272 0.01869146898388863 0.02008657157421112 0.02149765193462372 0.02292580530047417 0.02436741068959236 0.02581143751740456 0.02725456655025482 0.0286951195448637 0.03013578616082668 0.03157679736614227 0.03301641345024109 0.03445377945899963 0.03589049726724625 0.03732530772686005 0.03875728696584702 0.04018934443593025 0.04162207990884781 0.04305258393287659 0.04447899013757706 0.04590253531932831 0.0473242811858654 0.04874853417277336 0.05017678812146187 0.05160712078213692 0.05304084345698357
 0 0 0 0 0 0 0 0 0 0 0 0 0 0 0 0 0 0 0 0 0 0 0 0 0 0 0 0 0 0 0 0 0 0 0 0 0 0 0 0 0 0 0 0 0 0 0 0 0 0 0 0 0 0 0 0 0 0 0 0 0 0 0 0 0 0 0 0 0 0 0 0 0 0 0 0 0 0 0 0 0 0 0 0 0 0 0 0 0 0 0 0 0 0 0 0 0 0 0 0 0 0 0 0 0 0 0 0 0 0 0 0 0 0 0 0 0 0 0 0 0 0 0 0 0 0 0 0 0 0 0 0 0 0 0 0 0 0 0 0 0 0 0 0 0 0 0 0 0 0 0 0 0 0 0 0 0 0 0 0 0 0 0 0 0 0 0 0 0 0 0 0 0 0 0 0 0 0 0 0 0 0 0 0 0 0 0 0 0 0 0 0 0 0 0 0 0 0 0 0 0 0 0 0 0 0 0 0 0 0 0 0 0 0 0 0 0 0 0 0 0 0 0 0 0 0 0 0 0 0 0 0 0 0 0 0 0 0 0 0 0 0 0 0 0 0 0 0 0 0 0 0 0 0 0 0 0 0 0 0 0 0 0 0 0 0 0 0 0 0 0 0 0 0 0 0 0 0 0 0 0 0 0 0 0 0 0 0 0 0 0 0 0 0 0 0 0 0 0 0 0 0 0 0 0 0 0 0 0 0 0 0 0 0 0 0 0 0 0 0 0 0 0 0 0 0 0 0 0 0 0 0 0 0 0 0 0 0 0 0 0 0 0 0 0 0 0 0 0 0 0 0 0 0 0 0 0 0 0 0 0 0 0 0 0 0 0 0 0 0 0 0 0 0 0 0 0 0 0 0 0 0 0 0 0 0 0 0 0 0 0 0 0 0 0 0 0 0 0 0 0 0 0 0 0 0 0 0 0 0 0 0 0 0 0 0 0 0 0 0 0 0 0 0 0 0 0 0 0 0 0 0 0 0 0 0 0 0 0 0 0 0 0 0 0 0 0 0 0 0 0 0 0 0 0 0 0 0 0 0 0 0 0 0 0 0 0 0 0 0 0 0 0 0 0 0 0 0 0 0 0 0 0 0 0 0 0 0 0 0 0 0 0 0 0 0 0 0 0 0 0 0 0 0 0 0 0 0 0 0 0 0 0 0 0 0 0 0 0 0 0 0 0 0 0 0 0 0 0 0 0 0 0 0 0 0 0 0 0 0 0 0 0 0 0 0 0 0 0 0 0 0 0 0 0 0 0 0 0 0 0 0 0 0 0 0 0 0 0 0 0 0 0 0 0 0 0 0 0 0 0 0 0 0 0 0 0 0 0 0 0 0 0 0 0 0 0 0 0 0
 0 0 0 0 0 0 0 0 0 0 0 0 0 0 0 0 0 0 0 0 0 0 0 0 0 0 0 0 0 0 0 0 0 0 0 0 0 0 0 0 0 0 0 0 0 0 0 0 0 0 0 0 0 0 0 0 0 0 0 0 0 0 0 0 0 0 0 0 0 0 0 0 0 0 0 0 0 0 0 0 0 0 0 0 0 0 0 0 0 0 0 0 0 0 0 0 0 0 0 0 0 0 0 0 0 0 0 0 0 0 0 0 0 0 0 0 0 0 0 0 0 0 0 0 0 0 0 0 0 0 0 0 0 0 0 0 0 0 0 0 0 0 0 0 0 0 0 0 0 0 0 0 0 0 0 0 0 0 0 0 0 0 0 0 0 0 0 0 0 0 0 0 0 0 0 0 0 0 0 0 0 0 0 0 0 0 0 0 0 0 0 0 0 0 0 0 0 0 0 0 0 0 0 0 0 0 0 0 0 0 0 0 0 0 0 0 0 0 0 0 0 0 0 0 0 0 0 0 0 0 0 0 0 0 0 0 0 0 0 0 0 0 0 0 0 0 0 0 0 0 0 0 0 0 0 0 0 0 0 0 0 0 0 0 0 0 0 0 0 0 0 0 0 0 0 0 0 0 0 0 0 0 0 0 0 0 0 0 0 0 0 0 0 0 0 0 0 0 0 0 0 0 0 0 0 0 0 0 0 0 0 0 0 0 0 0 0 0 0 0 0 0 0 0 0 0 0 0 0 0 0 0 0 0 0 0 0 0 0 0 0 0 0 0 0 0 0 0 0 0 0 0 0 0 0 0 0 0 0 0 0 0 0 0 0 0 0 0 0 0 0 0 0 0 0 0 0 0 0 0 0 0 0 0 0 0 0 0 0 0 0 0 0 0 0 0 0 0 0 0 0 0 0 0 0 0 0 0 0 0 0 0 0 0 0 0 0 0 0 0 0 0 0 0 0 0 0 0 0 0 0 0 0 0 0 0 0 0 0 0 0 0 0 0 0 0 0 0 0 0 0 0 0 0 0 0 0 0 0 0 0 0 0 0 0 0 0 0 0 0 0 0 0 0 0 0 0 0 0 0 0 0 0 0 0 0 0 0 0 0 0 0 0 0 0 0 0 0 0 0 0 0 0 0 0 0 0 0 0 0 0 0 0 0 0 0 0 0 0 0 0 0 0 0 0 0 0 0 0 0 0 0 0 0 0 0 0 0 0 0 0 0 0 0 0 0 0 0 0 0 0 0 0 0 0 0 0 0 0 0 0 0 0 0 0 0 0 0 0 0 0 0 0 0 0 0 0 0 0 0 0 0 0 0 0 0 0 0 0 0 0 0 0 0 0 0 0 0 0 0
 0 0 0 0 0 0 0 0 0 0 0 0 0 0 0 0 0 0 0 0 0 0 0 0 0 0 0 0 0 0 0 0 0 0 0 0 0 0 0 0 0 0 0 0 0 0 0 0 0 0 0 0 0 0 0 0 0 0 0 0 0 0 0 0 0 0 0 0 0 0 0 0 0 0 0 0 0 0 0 0 0 0 0 0 0 0 0 0 0 0 0 0 0 0 0 0 0 0 0 0 0 0 0 0 0 0 0 0 0 0 0 0 0 0 0 0 0 0 0 0 0 0 0 0 0 0 0 0 0 0 0 0 0 0 0 0 0 0 0 0 0 0 0 0 0 0 0 0 0 0 0 0 0 0 0 0 0 0 0 0 0 0 0 0 0 0 0 0 0 0 0 0 0 0 0 0 0 0 0 0 0 0 0 0 0 0 0 0 0 0 0 0 0 0 0 0 0 0 0 0 0 0 0 0 0 0 0 0 0 0 0 0 0 0 0 0 0 0 0 0 0 0 0 0 0 0 0 0 0 0 0 0 0 0 0 0 0 0 0 0 0 0 0 0 0 0 0 0 0 0 0 0 0 0 0 0 0 0 0 0 0 0 0 0 0 0 0 0 0 0 0 0 0 0 0 0 0 0 0 0 0 0 0 0 0 0 0 0 0 0 0 0 0 0 0 0 0 0 0 0 0 0 0 0 0 0 0 0 0 0 0 0 0 0 0 0 0 0 0 0 0 0 0 0 0 0 0 0 0 0 0 0 0 0 0 0 0 0 0 0 0 0 0 0 0 0 0 0 0 0 0 0 0 0 0 0 0 0 0 0 0 0 0 0 0 0 0 0 0 0 0 0 0 0 0 0 0 0 0 0 0 0 0 0 0 0 0 0 0 0 0 0 0 0 0 0 0 0 0 0 0 0 0 0 0 0 0 0 0 0 0 0 0 0 0 0 0 0 0 0 0 0 0 0 0 0 0 0 0 0 0 0 0 0 0 0 0 0 0 0 0 0 0 0 0 0 0 0 0 0 0 0 0 0 0 0 0 0 0 0 0 0 0 0 0 0 0 0 0 0 0 0 0 0 0 0 0 0 0 0 0 0 0 0 0 0 0 0 0 0 0 0 0 0 0 0 0 0 0 0 0 0 0 0 0 0 0 0 0 0 0 0 0 0 0 0 0 0 0 0 0 0 0 0 0 0 0 0 0 0 0 0 0 0 0 0 0 0 0 0 0 0 0 0 0 0 0 0 0 0 0 0 0 0 0 0 0 0 0 0 0 0 0 0 0 0 0 0 0 0 0 0 0 0 0 0 0 0 0 0 0 0 0 0 0 0 0 0 0 0 0 0 0 0 0 0 0 0 0 0
 0 0 0 0 0 0 0 0 0 0 0 0 0 0 0 0 0 0 0 0 0 0 0 0 0 0 0 0 0 0 0 0 0 0 0 0 0 0 0 0 0 0 0 0 0 0 0 0 0 0 0 0 0 0 0 0 0 0 0 0 0 0 0 0 0 0 0 0 0 0 0 0 0 0 0 0 0 0 0 0 0 0 0 0 0 0 0 0 0 0 0 0 0 0 0 0 0 0 0 0 0 0 0 0 0 0 0 0 0 0 0 0 0 0 0 0 0 0 0 0 0 0 0 0 0 0 0 0 0 0 0 0 0 0 0 0 0 0 0 0 0 0 0 0 0 0 0 0 0 0 0 0 0 0 0 0 0 0 0 0 0 0 0 0 0 0 0 0 0 0 0 0 0 0 0 0 0 0 0 0 0 0 0 0 0 0 0 0 0 0 0 0 0 0 0 0 0 0 0 0 0 0 0 0 0 0 0 0 0 0 0 0 0 0 0 0 0 0 0 0 0 0 0 0 0 0 0 0 0 0 0 0 0 0 0 0 0 0 0 0 0 0 0 0 0 0 0 0 0 0 0 0 0 0 0 0 0 0 0 0 0 0 0 0 0 0 0 0 0 0 0 0 0 0 0 0 0 0 0 0 0 0 0 0 0 0 0 0 0 0 0 0 0 0 0 0 0 0 0 0 0 0 0 0 0 0.0001424889342160895 0.0005955052329227328 0.001307163271121681 0.00229356437921524 0.003547279164195061 0.005091548897325993 0.006918403320014477 0.008994664065539837 0.01127289608120918 0.01373469643294811 0.01638218946754932 0.01918643899261951 0.02214340493083 0.02524683251976967 0.02849871851503849 0.03189660236239433 0.0354515053331852 0.03916486352682114 0.04304277896881104 0.04701076075434685 0.05104087293148041 0.05517660081386566 0.05937532335519791 0.06359968334436417 0.06786847859621048 0.07219723612070084 0.07658540457487106 0.08104708790779114 0.08560360223054886 0.0902588814496994 0.09497004002332687 0.09974797070026398 0.1045897081494331 0.1094833984971046 0.114395871758461 0.1193373128771782 0.1230460703372955 0.1246077939867973 0.1233600527048111 0.1189151108264923 0.1129693537950516 0.1073208898305893 0.101954847574234 0.09685710817575455 0.09201425313949585 0.08741354197263718 0.08304286748170853 0.07889072597026825 0.07494618743658066 0.07119888067245483 0.06763893365859985 0.06425698846578598 0.06104413792490959 0.05799192935228348 0.05509233474731445 0.05233771726489067 0.04972083121538162 0.04723478853702545 0.04487304762005806 0.04262939468026161 0.04049792513251305 0.03847302868962288 0.03654937818646431 0.03472191095352173 0.03298581391572952 0.03133652359247208 0.02976969815790653 0.02828121371567249 0.02686715312302113 0.02552379481494427 0.02424760535359383 0.02303522452712059 0.02188346348702908 0.02078928984701633 0.01974982582032681 0.01876233518123627 0.01782421767711639 0.0169330071657896 0.01608635671436787 0.0152820385992527 0.01451793685555458 0.01379203982651234 0.01310243830084801 0.01244731619954109 0.01182495057582855 0.01123370323330164 0.01067201793193817 0.01013841666281223 0.009631495922803879 0.009149921126663685 0.008692424744367599 0.00825780350714922 0.007844913750886917 0.007452668156474829 0.00708003481850028 0.006726033054292202 0.006389731541275978 0.006070245057344437 0.0057667326182127 0.005478396080434322 0.005204476416110992 0.004944252781569958 0.004697040189057589 0.004462188109755516 0.004239078611135483 0.004027124494314194 0.003825768362730742 0.003634479828178883 0.003452755743637681 0.003280117874965072 0.003116111969575286 0.002960306359454989 0.002812291029840708 0.002671676455065608 0.002538092667236924 0.002411188092082739 0.002290628617629409 0.002176097128540277 0.002067292341962457 0.001963927643373609 0.001865731319412589 0.001772444695234299 0.001683822483755648 0.001599631388671696 0.001519649871625006 0.001443667337298393 0.001371484016999602 0.00130290980450809 0.001237764256075025 0.001175876008346677 0.001117082196287811 0.001061228103935719 0.001008166698738933 0.0009577583405189216 0.0009098704322241247 0.0008643768960610032 0.0008211580570787191 0.0007801001775078475 0.0007410951657220721 0.0007040404016152024 0.0006688383873552084 0.0006353964563459158 0.0006036266568116844 0.0005734453443437815 0.0005447730654850602 0.0005175344413146377 0.0004916577017866075 0.0004670748021453619 0.000443721073679626 0.0004215350199956447 0.0004004582588095218 0.0003804353473242372 0.0003614135785028338 0.0003433428937569261 0.0003261757374275476 0.0003098669403698295 0.0002943736035376787 0.0002796549233607948 0.0002656721626408398 0.000252388563239947 0.0002397691423539072 0.0002277806925121695 0.0002163916651625186 0.0002055720833595842 0.0001952934835571796 0.0001855288137448952 0.0001762523752404377 0.0001674397499300539 0.0001590677566127852 0.0001511143636889756 0.0001435586455045268 0.0001363807095913216 0.0001295616675633937 0.0001230835914611816 0.0001169294118881226 0.0001110829398385249 0.0001055287939379923 0.0001002523567876779 9.523973858449608e-05 9.047775529325008e-05 8.595387043897063e-05 8.16561805550009e-05 7.757337152725086e-05 7.369470404228196e-05 7.00099699315615e-05 6.650947034358978e-05 6.318399391602725e-05 6.002479494782165e-05 5.702355701941997e-05 5.417237844085321e-05 5.146375769982114e-05 4.889057163381949e-05 4.644604268833064e-05 4.412373891682364e-05 4.19175521528814e-05 3.982167618232779e-05 3.783059219131246e-05 3.59390614903532e-05 3.414210732444189e-05 3.243500032112934e-05 3.081325121456757e-05 2.927258901763707e-05 2.780895920295734e-05 2.641851096996106e-05 2.509758633095771e-05 2.384270737820771e-05 2.265057264594361e-05 2.151804437744431e-05 2.044214124907739e-05 1.942003473232035e-05 1.844903272285592e-05 1.752658135956153e-05 1.665025229158346e-05 1.581773904035799e-05 1.502685245213797e-05 1.427550978405634e-05 1.356173470412614e-05 1.288364819629351e-05 1.223946583195357e-05 1.162749231298221e-05 1.104611783375731e-05 1.049381171469577e-05 9.969121492758859e-06 9.470665645494591e-06 8.997132681543007e-06 8.547275683667976e-06 8.119912308757193e-06 7.713916602369864e-06 7.328220817726105e-06 6.961809958738741e-06 6.613719506276539e-06 6.283033599174814e-06 5.968881851003971e-06 5.670437531080097e-06 5.386915745475562e-06 5.117569799040211e-06 4.861691195401363e-06 4.618606453732355e-06 4.387676199257839e-06 4.168292434769683e-06 3.959877631132258e-06 3.761883817787748e-06 3.57378962689836e-06 3.395100065972656e-06 3.225345153623493e-06 3.064077873204951e-06 2.910873945438652e-06 2.765330236798036e-06 2.62706362263998e-06 2.495710532457451e-06 2.370924903516425e-06 2.252378635603236e-06 2.139759772035177e-06 2.032771817539469e-06 1.931133283505915e-06 1.834576664805354e-06 5.366970435716212e-05 0.0002272045385325328 0.0005098154651932418 0.0008867416763678193 0.001351208542473614 0.001901767565868795 0.002536259591579437 0.003250050125643611 0.004037475679069757 0.004891685675829649 0.005810840055346489 0.00678933272138238 0.007818206213414669 0.008897099643945694 0.01002709846943617 0.01120696309953928 0.01241614669561386 0.0136534795165062 0.01491520833224058 0.01619993336498737 0.01749958656728268 0.01881491020321846 0.02014061249792576 0.02147286757826805 0.02281367778778076 0.02416027523577213 0.02551241405308247 0.0268671065568924 0.02822184935212135 0.029573118314147 0.03091147728264332 0.03223829716444016 0.03355211764574051 0.03485162556171417 0.03613982349634171 0.03742131590843201 0.03869782015681267 0.03997063264250755 0.04124066606163979
 0 0 0 0 0 0 0 0 0 0 0 0 0 0 0 0 0 0 0 0 0 0 0 0 0 0 0 0 0 0 0 0 0 0 0 0 0 0 0 0 0 0 0 0 0 0 0 0 0 0 0 0 0 0 0 0 0 0 0 0 0 0 0 0 0 0 0 0 0 0 0 0 0 0 0 0 0 0 0 0 0 0 0 0 0 0 0 0 0 0 0 0 0 0 0 0 0 0 0 0 0 0 0 0 0 0 0 0 0 0 0 0 0 0 0 0 0 0 0 0 0 0 0 0 0 0 0 0 0 0 0 0 0 0 0 0 0 0 0 0 0 0 0 0 0 0 0 0 0 0 0 0 0 0 0 0 0 0 0 0 0 0 0 0 0 0 0 0 0 0 0 0 0 0 0 0 0 0 0 0 0 0 0 0 0 0 0 0 0 0 0 0 0 0 0 0 0 0 0 0 0 0 0 0 0 0 0 0 0 0 0 0 0 0 0 0 0 0 0 0 0 0 0 0 0 0 0 0 0 0 0 0 0 0 0 0 0 0 0 0 0 0 0 0 0 0 0 0 0 0 0 0 0 0 0 0 0 0 0 0 0 0 0 0 0 0 0 0 0 0 0 0 0 0 0 0 0 0 0 0 0 0 0 0 0 0 0 0 0 0 0 0 0 0 0 0 0 0 0 0 0 0 0 0 0 0 0 0 0 0 0 0 0 0 0 0 0 0 0 0 0 0 0 0 0 0 0 0 0 0 0 0 0 0 0 0 0 0 0 0 0 0 0 0 0 0 0 0 0 0 0 0 0 0 0 0 0 0 0 0 0 0 0 0 0 0 0 0 0 0 0 0 0 0 0 0 0 0 0 0 0 0 0 0 0 0 0 0 0 0 0 0 0 0 0 0 0 0 0 0 0 0 0 0 0 0 0 0 0 0 0 0 0 0 0 0 0 0 0 0 0 0 0 0 0 0 0 0 0 0 0 0 0 0 0 0 0 0 0 0 0 0 0 0 0 0 0 0 0 0 0 0 0 0 0 0 0 0 0 0 0 0 0 0 0 0 0 0 0 0 0 0 0 0 0 0 0 0 0 0 0 0 0 0 0 0 0 0 0 0 0 0 0 0 0 0 0 0 0 0 0 0 0 0 0 0 0 0 0 0 0 0 0 0 0 0 0 0 0 0 0 0 0 0 0 0 0 0 0 0 0 0 0 0 0 0 0 0 0 0 0 0 0 0 0 0 0 0 0 0 0 0 0 0 0 0 0 0 0 0 0 0 0 0 0 0 0 0 0 0 0 0 0 0 0 0 0 0 0 0 0 0 0 0 0 0 0 0 0 0 0 0 0 0 0 0 0 0 0 0
 0 0 0 0 0 0 0 0 0 0 0 0 0 0 0 0 0 0 0 0 0 0 0 0 0 0 0 0 0 0 0 0 0 0 0 0 0 0 0 0 0 0 0 0 0 0 0 0 0 0 0 0 0 0 0 0 0 0 0 0 0 0 0 0 0 0 0 0 0 0 0 0 0 0 0 0 0 0 0 0 0 0 0 0 0 0 0 0 0 0 0 0 0 0 0 0 0 0 0 0 0 0 0 0 0 0 0 0 0 0 0 0 0 0 0 0 0 0 0 0 0 0 0 0 0 0 0 0 0 0 0 0 0 0 0 0 0 0 0 0 0 0 0 0 0 0 0 0 0 0 0 0 0 0 0 0 0 0 0 0 0 0 0 0 0 0 0 0 0 0 0 0 0 0 0 0 0 0 0 0 0 0 0 0 0 0 0 0 0 0 0 0 0 0 0 0 0 0 0 0 0 0 0 0 0 0 0 0 0 0 0 0 0 0 0 0 0 0 0 0 0 0 0 0 0 0 0 0 0 0 0 0 0 0 0 0 0 0 0 0 0 0 0 0 0 0 0 0 0 0 0 0 0 0 0 0 0 0 0 0 0 0 0 0 0 0 0 0 0 0 0 0 0 0 0 0 0 0 0 0 0 0 0 0 0 0 0 0 0 0 0 0 0 0 0 0 0 0 0 0 0 0 0 0 0 0 0 0 0 0 0 0 0 0 0 0 0 0 0 0 0 0 0 0 0 0 0 0 0 0 0 0 0 0 0 0 0 0 0 0 0 0 0 0 0 0 0 0 0 0 0 0 0 0 0 0 0 0 0 0 0 0 0 0 0 0 0 0 0 0 0 0 0 0 0 0 0 0 0 0 0 0 0 0 0 0 0 0 0 0 0 0 0 0 0 0 0 0 0 0 0 0 0 0 0 0 0 0 0 0 0 0 0 0 0 0 0 0 0 0 0 0 0 0 0 0 0 0 0 0 0 0 0 0 0 0 0 0 0 0 0 0 0 0 0 0 0 0 0 0 0 0 0 0 0 0 0 0 0 0 0 0 0 0 0 0 0 0 0 0 0 0 0 0 0 0 0 0 0 0 0 0 0 0 0 0 0 0 0 0 0 0 0 0 0 0 0 0 0 0 0 0 0 0 0 0 0 0 0 0 0 0 0 0 0 0 0 0 0 0 0 0 0 0 0 0 0 0 0 0 0 0 0 0 0 0 0 0 0 0 0 0 0 0 0 0 0 0 0 0 0 0 0 0 0 0 0 0 0 0 0 0 0 0 0 0 0 0 0 0 0 0 0 0 0 0 0 0 0 0 0 0 0 0 0 0 0 0 0 0 0 0 0 0 0 0 0 0 0 0
 0 0 0 0 0 0 0 0 0 0 0 0 0 0 0 0 0 0 0 0 0 0 0 0 0 0 0 0 0 0 0 0 0 0 0 0 0 0 0 0 0 0 0 0 0 0 0 0 0 0 0 0 0 0 0 0 0 0 0 0 0 0 0 0 0 0 0 0 0 0 0 0 0 0 0 0 0 0 0 0 0 0 0 0 0 0 0 0 0 0 0 0 0 0 0 0 0 0 0 0 0 0 0 0 0 0 0 0 0 0 0 0 0 0 0 0 0 0 0 0 0 0 0 0 0 0 0 0 0 0 0 0 0 0 0 0 0 0 0 0 0 0 0 0 0 0 0 0 0 0 0 0 0 0 0 0 0 0 0 0 0 0 0 0 0 0 0 0 0 0 0 0 0 0 0 0 0 0 0 0 0 0 0 0 0 0 0 0 0 0 0 0 0 0 0 0 0 0 0 0 0 0 0 0 0 0 0 0 0 0 0 0 0 0 0 0 0 0 0 0 0 0 0 0 0 0 0 0 0 0 0 0 0 0 0 0 0 0 0 0 0 0 0 0 0 0 0 0 0 0 0 0 0 0 0 0 0 0 0 0 0 0 0 0 0 0 0 0 0 0 0 0 0 0 0 0 0 0 0 0 0 0 0 0 0 0 0 0 0 0 0 0 0 0 0 0 0 0 0 0 0 0 0 0 0 0 0 0 0 0 0 0 0 0 0 0 0 0 0 0 0 0 0 0 0 0 0 0 0 0 0 0 0 0 0 0 0 0 0 0 0 0 0 0 0 0 0 0 0 0 0 0 0 0 0 0 0 0 0 0 0 0 0 0 0 0 0 0 0 0 0 0 0 0 0 0 0 0 0 0 0 0 0 0 0 0 0 0 0 0 0 0 0 0 0 0 0 0 0 0 0 0 0 0 0 0 0 0 0 0 0 0 0 0 0 0 0 0 0 0 0 0 0 0 0 0 0 0 0 0 0 0 0 0 0 0 0 0 0 0 0 0 0 0 0 0 0 0 0 0 0 0 0 0 0 0 0 0 0 0 0 0 0 0 0 0 0 0 0 0 0 0 0 0 0 0 0 0 0 0 0 0 0 0 0 0 0 0 0 0 0 0 0 0 0 0 0 0 0 0 0 0 0 0 0 0 0 0 0 0 0 0 0 0 0 0 0 0 0 0 0 0 0 0 0 0 0 0 0 0 0 0 0 0 0 0 0 0 0 0 0 0 0 0 0 0 0 0 0 0 0 0 0 0 0 0 0 0 0 0 0 0 0 0 0 0 0 0 0 0 0 0 0 0 0 0 0 0 0 0 0 0 0 0 0 0 0 0 0 0 0 0 0 0 0 0 0 0 0 0
 0 0 0 0 0 0 0 0 0 0 0 0 0 0 0 0 0 0 0 0 0 0 0 0 0 0 0 0 0 0 0 0 0 0 0 0 0 0 0 0 0 0 0 0 0 0 0 0 0 0 0 0 0 0 0 0 0 0 0 0 0 0 0 0 0 0 0 0 0 0 0 0 0 0 0 0 0 0 0 0 0 0 0 0 0 0 0 0 0 0 0 0 0 0 0 0 0 0 0 0 0 0 0 0 0 0 0 0 0 0 0 0 0 0 0 0 0 0 0 0 0 0 0 0 0 0 0 0 0 0 0 0 0 0 0 0 0 0 0 0 0 0 0 0 0 0 0 0 0 0 0 0 0 0 0 0 0 0 0 0 0 0 0 0 0 0 0 0 0 0 0 0 0 0 0 0 0 0 0 0 0 0 0 0 0 0 0 0 0 0 0 0 0 0 0 0 0 0 0 0 0 0 0 0 0 0 0 0 0 0 0 0 0 0 0 0 0 0 0 0 0 0 0 0 0 0 0 0 0 0 0 0 0 0 0 0 0 0 0 0 0 0 0 0 0 0 0 0 0 0 0 0 0 0 0 0 0 0 0 0 0 0 0 0 0 0 0 0 0 0 0 0 0 0 0 0 0 0 0 0 0 0 0 0 0 0 0 0 0 0 0 0 0 0 0 0 0 0 0 0 0 0 0 0 0.0002001263492275029 0.0007088446291163564 0.001484102802351117 0.002514543011784554 0.003807129338383675 0.005383352749049664 0.007248059846460819 0.009365161880850792 0.01167635433375835 0.01414936594665051 0.01675377599895 0.01949240267276764 0.02237783372402191 0.02543937973678112 0.02865928970277309 0.03202569857239723 0.03553511574864388 0.03915653377771378 0.042893186211586 0.04673508554697037 0.05063376203179359 0.05460325255990028 0.05861020088195801 0.06267470121383667 0.06680697947740555 0.07100290805101395 0.07524780929088593 0.07954747974872589 0.08391465991735458 0.08830855041742325 0.09272453188896179 0.0971771702170372 0.1016745418310165 0.106233537197113 0.1108568534255028 0.1155485808849335 0.1190368682146072 0.120415985584259 0.1191126778721809 0.1147426664829254 0.1090055331587791 0.103555254638195 0.09837748855352402 0.09345861524343491 0.08878568559885025 0.08434639871120453 0.08012907952070236 0.07612262666225433 0.0723164975643158 0.06870067119598389 0.06526564061641693 0.06200235709547997 0.05890223756432533 0.0559571273624897 0.05315927043557167 0.05050130560994148 0.04797624051570892 0.04557742923498154 0.04329855740070343 0.04113363102078438 0.03907695040106773 0.03712310269474983 0.0352669470012188 0.03350359946489334 0.03182841837406158 0.03023699671030045 0.02872514724731445 0.0272888895124197 0.0259244441986084 0.02462822198867798 0.02339681051671505 0.0222269706428051 0.0211156215518713 0.02005984075367451 0.01905684918165207 0.01810400746762753 0.01719880662858486 0.01633886620402336 0.01552192308008671 0.01474582683295012 0.01400853507220745 0.01330810785293579 0.01264270208775997 0.01201056689023972 0.01141003891825676 0.01083953678607941 0.01029756013303995 0.009782682172954082 0.009293547831475735 0.008828870020806789 0.008387426845729351 0.007968055084347725 0.007569652516394854 0.007191170006990433 0.006831611506640911 0.006490030791610479 0.006165529135614634 0.005857252515852451 0.005564389750361443 0.005286170169711113 0.005021861754357815 0.00477076880633831 0.00453223055228591 0.004305618815124035 0.004090338014066219 0.003885821206495166 0.003691530087962747 0.003506953595206141 0.003331605810672045 0.003165025496855378 0.003006774233654141 0.002856435487046838 0.002713613677769899 0.002577933017164469 0.002449036343023181 0.002326584421098232 0.002210255246609449 0.002099742414429784 0.001994755351915956 0.001895017572678626 0.001800266676582396 0.001710253302007914 0.001624740660190582 0.001543503603897989 0.001466328394599259 0.001393012003973126 0.001323361415416002 0.001257193391211331 0.001194333774037659 0.001134617137722671 0.0010778863215819 0.001023991964757442 0.0009727923898026347 0.0009241527877748013 0.0008779451600275934 0.0008340479107573628 0.0007923454977571964 0.0007527281995862722 0.0007150917663238943 0.0006793371867388487 0.0006453703390434384 0.0006131018162705004 0.0005824467516504228 0.0005533244111575186 0.0005256581935100257 0.0004993752809241414 0.0004744065226987004 0.0004506862023845315 0.0004281518922653049 0.0004067443078383803 0.0003864071040879935 0.0003670867590699345 0.0003487324283923954 0.000331295799696818 0.0003147310053464025 0.0002989944478031248 0.0002840447123162448 0.0002698424796108156 0.0002563503512647003 0.0002435328351566568 0.0002313561999471858 0.0002197883877670392 0.0002087989705614746 0.0001983590191230178 0.000188441073987633 0.0001790190144674852 0.0001700680586509407 0.0001615646615391597 0.000153486427734606 0.000145812111441046 0.0001385215000482276 0.000131595428683795 0.0001250156637979671 0.0001187648813356645 0.0001128266376326792 0.0001071853039320558 0.0001018260372802615 9.673473687143996e-05 9.189800039166585e-05 8.730310219107196e-05 8.293794962810352e-05 7.879105396568775e-05 7.485150126740336e-05 7.110892329365015e-05 6.755347567377612e-05 6.417580152628943e-05 6.096700963098556e-05 5.791865987703204e-05 5.502272688318044e-05 5.227158908382989e-05 4.96580105391331e-05 4.717511183116585e-05 4.48163555120118e-05 4.257553882780485e-05 4.04467609769199e-05 3.842442310997285e-05 3.650320286396891e-05 3.467804344836622e-05 3.294414273113944e-05 3.129693504888564e-05 2.97320875688456e-05 2.824548391799908e-05 2.683320963114966e-05 2.549154851294588e-05 2.421697172394488e-05 2.300612322869711e-05 2.185581615776755e-05 2.076302553177811e-05 1.972487370949239e-05 1.873863038781565e-05 1.780169804987963e-05 1.691161378403194e-05 1.606603291293141e-05 1.526273081253748e-05 1.449959381716326e-05 1.377461376250722e-05 1.308588343817974e-05 1.243158931174548e-05 1.1810009709734e-05 1.121950936067151e-05 1.065853393811267e-05 1.012560733215651e-05 9.619327101972885e-06 9.138360837823711e-06 8.681442523084115e-06 8.247370715253055e-06 7.835002179490402e-06 7.443251888616942e-06 7.071089385135565e-06 6.717535143252462e-06 6.381658295140369e-06 6.062575266696513e-06 5.759446594311157e-06 5.471474196383497e-06 5.197900463826954e-06 4.938005531585077e-06 4.691105459642131e-06 4.4565504140337e-06 4.23372284785728e-06 4.022036591777578e-06 3.820934580289759e-06 3.629887942224741e-06 3.448393499638769e-06 3.275973767813412e-06 3.11217513626616e-06 2.956566277134698e-06 2.808737917803228e-06 2.668301021913067e-06 2.534885879867943e-06 2.408141654086648e-06 2.287734560013632e-06 6.93655529175885e-05 0.0002639780577737838 0.0005656383000314236 0.0009660344803705812 0.001457101199775934 0.00203837058506906 0.002704831305891275 0.003449609037488699 0.004267562180757523 0.005158665124326944 0.006119041703641415 0.007145569659769535 0.008225514553487301 0.009344197809696198 0.0105018513277173 0.01170144602656364 0.01292946096509695 0.01418114453554153 0.01546080131083727 0.0167662538588047 0.01809256710112095 0.01943125575780869 0.02077938057482243 0.02214106358587742 0.02351676113903522 0.02490394562482834 0.02629976719617844 0.02769376151263714 0.02908588945865631 0.03047149255871773 0.03184764087200165 0.03321296721696854 0.03456747904419899 0.03591065108776093 0.03724382817745209 0.03857079520821571 0.03989608585834503 0.04121924191713333 0.04253948852419853 0.04385688155889511 0.04517287760972977 0.04648812115192413 0.04779988899827003 0.04910632967948914 0.05040894076228142
 0 0 0 0 0 0 0 0 0 0 0 0 0 0 0 0 0 0 0 0 0 0 0 0 0 0 0 0 0 0 0 0 0 0 0 0 0 0 0 0 0 0 0 0 0 0 0 0 0 0 0 0 0 0 0 0 0 0 0 0 0 0 0 0 0 0 0 0 0 0 0 0 0 0 0 0 0 0 0 0 0 0 0 0 0 0 0 0 0 0 0 0 0 0 0 0 0 0 0 0 0 0 0 0 0 0 0 0 0 0 0 0 0 0 0 0 0 0 0 0 0 0 0 0 0 0 0 0 0 0 0 0 0 0 0 0 0 0 0 0 0 0 0 0 0 0 0 0 0 0 0 0 0 0 0 0 0 0 0 0 0 0 0 0 0 0 0 0 0 0 0 0 0 0 0 0 0 0 0 0 0 0 0 0 0 0 0 0 0 0 0 0 0 0 0 0 0 0 0 0 0 0 0 0 0 0 0 0 0 0 0 0 0 0 0 0 0 0 0 0 0 0 0 0 0 0 0 0 0 0 0 0 0 0 0 0 0 0 0 0 0 0 0 0 0 0 0 0 0 0 0 0 0 0 0 0 0 0 0 0 0 0 0 0 0 0 0 0 0 0 0 0 0 0 0 0 0 0 0 0 0 0 0 0 0 0 0 0 0 0 0 0 0 0 0 0 0 0 0 0 0 0 0 0 0 0 0 0 0 0 0 0 0 0 0 0 0 0 0 0 0 0 0 0 0 0 0 0 0 0 0 0 0 0 0 0 0 0 0 0 0 0 0 0 0 0 0 0 0 0 0 0 0 0 0 0 0 0 0 0 0 0 0 0 0 0 0 0 0 0 0 0 0 0 0 0 0 0 0 0 0 0 0 0 0 0 0 0 0 0 0 0 0 0 0 0 0 0 0 0 0 0 0 0 0 0 0 0 0 0 0 0 0 0 0 0 0 0 0 0 0 0 0 0 0 0 0 0 0 0 0 0 0 0 0 0 0 0 0 0 0 0 0 0 0 0 0 0 0 0 0 0 0 0 0 0 0 0 0 0 0 0 0 0 0 0 0 0 0 0 0 0 0 0 0 0 0 0 0 0 0 0 0 0 0 0 0 0 0 0 0 0 0 0 0 0 0 0 0 0 0 0 0 0 0 0 0 0 0 0 0 0 0 0 0 0 0 0 0 0 0 0 0 0 0 0 0 0 0 0 0 0 0 0 0 0 0 0 0 0 0 0 0 0 0 0 0 0 0 0 0 0 0 0 0 0 0 0 0 0 0 0 0 0 0 0 0 0 0 0 0 0 0 0 0 0 0 0 0 0 0 0 0 0 0 0 0 0 0 0 0 0 0 0 0 0 0 0 0 0
 0 0 0 0 0 0 0 0 0 0 0 0 0 0 0 0 0 0 0 0 0 0 0 0 0 0 0 0 0 0 0 0 0 0 0 0 0 0 0 0 0 0 0 0 0 0 0 0 0 0 0 0 0 0 0 0 0 0 0 0 0 0 0 0 0 0 0 0 0 0 0 0 0 0 0 0 0 0 0 0 0 0 0 0 0 0 0 0 0 0 0 0 0 0 0 0 0 0 0 0 0 0 0 0 0 0 0 0 0 0 0 0 0 0 0 0 0 0 0 0 0 0 0 0 0 0 0 0 0 0 0 0 0 0 0 0 0 0 0 0 0 0 0 0 0 0 0 0 0 0 0 0 0 0 0 0 0 0 0 0 0 0 0 0 0 0 0 0 0 0 0 0 0 0 0 0 0 0 0 0 0 0 0 0 0 0 0 0 0 0 0 0 0 0 0 0 0 0 0 0 0 0 0 0 0 0 0 0 0 0 0 0 0 0 0 0 0 0 0 0 0 0 0 0 0 0 0 0 0 0 0 0 0 0 0 0 0 0 0 0 0 0 0 0 0 0 0 0 0 0 0 0 0 0 0 0 0 0 0 0 0 0 0 0 0 0 0 0 0 0 0 0 0 0 0 0 0 0 0 0 0 0 0 0 0 0 0 0 0 0 0 0 0 0 0 0 0 0 0 0 0 0 0 0 0 0 0 0 0 0 0 0 0 0 0 0 0 0 0 0 0 0 0 0 0 0 0 0 0 0 0 0 0 0 0 0 0 0 0 0 0 0 0 0 0 0 0 0 0 0 0 0 0 0 0 0 0 0 0 0 0 0 0 0 0 0 0 0 0 0 0 0 0 0 0 0 0 0 0 0 0 0 0 0 0 0 0 0 0 0 0 0 0 0 0 0 0 0 0 0 0 0 0 0 0 0 0 0 0 0 0 0 0 0 0 0 0 0 0 0 0 0 0 0 0 0 0 0 0 0 0 0 0 0 0 0 0 0 0 0 0 0 0 0 0 0 0 0 0 0 0 0 0 0 0 0 0 0 0 0 0 0 0 0 0 0 0 0 0 0 0 0 0 0 0 0 0 0 0 0 0 0 0 0 0 0 0 0 0 0 0 0 0 0 0 0 0 0 0 0 0 0 0 0 0 0 0 0 0 0 0 0 0 0 0 0 0 0 0 0 0 0 0 0 0 0 0 0 0 0 0 0 0 0 0 0 0 0 0 0 0 0 0 0 0 0 0 0 0 0 0 0 0 0 0 0 0 0 0 0 0 0 0 0 0 0 0 0 0 0 0 0 0 0 0 0 0 0 0 0 0 0 0 0 0 0 0 0 0 0 0 0 0 0 0 0 0 0 0 0


# name: r_0_m7_G0_L0p3_D0p7
# type: matrix
# rows: 1
# columns: 14
 0 -7 0.2 0 0.3 0 -3.014886666666667 0 0 0.05537412452280099 0 142.8333333333333 0.752772652709081 0.7




