# Created by Octave 3.8.2, Mon Jun 19 11:40:39 2017 BST <co1ssj@node117>
# name: result
# type: scalar struct
# ndims: 2
 1 1
# length: 3
# name: params
# type: scalar struct
# ndims: 2
 1 1
# length: 18
# name: cleanup
# type: scalar
0


# name: num_runs
# type: scalar
6


# name: dopamine
# type: scalar
0.7


# name: targetCross
# type: scalar
1


# name: targetLuminance
# type: scalar
0.3


# name: targetWidthX
# type: scalar
6


# name: targetWidthY
# type: scalar
2


# name: fixCross
# type: scalar
1


# name: fixLuminance
# type: scalar
0.2


# name: fixWidthX
# type: scalar
6


# name: fixWidthY
# type: scalar
2


# name: fixOn
# type: scalar
0


# name: targetOff
# type: scalar
1


# name: targetOn
# type: scalar
0.2


# name: fixOff
# type: scalar
0.2


# name: targetThetaX
# type: scalar
0


# name: targetThetaY
# type: scalar
-10


# name: exptnum
# type: scalar
0




# name: r_0_m10_G0_L0p3_D0p7_llbn
# type: matrix
# rows: 24
# columns: 600
 0 0 0 0 0 0 0 0 0 0 0 0 0 0 0 0 0 0 0 0 0 0 0 0 0 0 0 0 0 0 0 0 0 0 0 0 0 0 0 0 0 0 0 0 0 0 0 0 0 0 0 0 0 0 0 0 0 0 0 0 0 0 0 0 0 0 0 0 0 0 0 0 0 0 0 0 0 0 0 0 0 0 0 0 0 0 0 0 0 0 0 0 0 0 0 0 0 0 0 0 0 0 0 0 0 0 0 0 0 0 0 0 0 0 0 0 0 0 0 0 0 0 0 0 0 0 0 0 0 0 0 0 0 0 0 0 0 0 0 0 0 0 0 0 0 0 0 0 0 0 0 0 0 0 0 0 0 0 0 0 0 0 0 0 0 0 0 0 0 0 0 0 0 0 0 0 0 0 0 0 0 0 0 0 0 0 0 0 0 0 0 0 0 0 0 0 0 0 0 0 0 0 0 0 0 0 0 0 0 0 0 0 0 0 0 0 0 0 0 0 0 0 0 0 0 0 0 0 0 0 0 0 0 0 0 0 0 0 0 0 0 0 0 0 0 0 0 0 0 0 0 0 0 0 0 0 0 0 0 0 0 0 0 0 0 0 0 0 0 0 0 0 0 0 0 0 0 0 0 0 0 0 0 0 0 0 0 0 0 0 0 0 0 0 0 0 0 0 0 0 0 0 0 0 0 0 0 0 0 0 0 0 0 0 0 0 0 0 0 0 0 0 0 0 0 0 0 0 0 0 0 0 0 0 0 0 0 0 0 0 0 0 0 0 0 0 0 0 0 0 0 0 0 0 0 0 0 0 0 0 0 0 0 0 0 0 0 0 0 0 0 0 0 0 0 0 0 0 0 0 0 0 0 0 0 0 0 0 0 0 0 0 0 0 0 0 0 0 0 0 0 0 0 0 0 0 0 0 0 0 0 0 0 0 0 0 0 0 0 0 0 0 0 0 0 0 0 0 0 0 0 0 0 0 0 0 0 0 0 0 0 0 0 0 0 0 0 0 0 0 0 0 0 0 0 0 0 0 0 0 0 0 0 0 0 0 0 0 0 0 0 0 0 0 0 0 0 0 0 0 0 0 0 0 0 0 0 0 0 0 0 0 0 0 0 0 0 0 0 0 0 0 0 0 0 0 0 0 0 0 0 0 0 0 0 0 0 0 0 0 0 0 0 0 0 0 0 0 0 0 0 0 0 0 0 0 0 0 0 0 0 0 0 0 0 0 0 0 0 0 0 0 0 0 0 0 0 0 0 0 0 0 0 0 0 0 0 0 0 0 0 0 0 0 0 0 0 0 0 0 0 0 0 0 0 0 0 0 0 0 0 0 0 0 0 0 0 0 0 0
 0 0 0 0 0 0 0 0 0 0 0 0 0 0 0 0 0 0 0 0 0 0 0 0 0 0 0 0 0 0 0 0 0 0 0 0 0 0 0 0 0 0 0 0 0 0 0 0 0 0 0 0 0 0 0 0 0 0 0 0 0 0 0 0 0 0 0 0 0 0 0 0 0 0 0 0 0 0 0 0 0 0 0 0 0 0 0 0 0 0 0 0 0 0 0 0 0 0 0 0 0 0 0 0 0 0 0 0 0 0 0 0 0 0 0 0 0 0 0 0 0 0 0 0 0 0 0 0 0 0 0 0 0 0 0 0 0 0 0 0 0 0 0 0 0 0 0 0 0 0 0 0 0 0 0 0 0 0 0 0 0 0 0 0 0 0 0 0 0 0 0 0 0 0 0 0 0 0 0 0 0 0 0 0 0 0 0 0 0 0 0 0 0 0 0 0 0 0 0 0 0 0 0 0 0 0 0 0 0 0 0 0 0 0 0 0 0 0 0 0 0 0 0 0 0 0 0 0 0 0 0 0 0 0 0 0 0 0 0 0 0 0 0 0 0 0 0 0 0 0 0 0 0 0 0 0 0 0 0 0 0 0 0 0 0 0 0 0 0 0 0 0 0 0 0 0 0 0 0 0 0 0 0 0 0 0 0 0 0 0 0 0 0 0 0 0 0 0 0 0 0 0 0 0 0 0 9.105201024794951e-05 0.0008384802495129406 0.002274717437103391 0.004395029041916132 0.0072113829664886 0.01069208420813084 0.01475085690617561 0.01926407404243946 0.02421988546848297 0.029625304043293 0.03542341291904449 0.04171891137957573 0.0485011488199234 0.05577954649925232 0.06341151893138885 0.07132834196090698 0.07948869466781616 0.08790476620197296 0.09656833857297897 0.1054697930812836 0.1145881116390228 0.1239322349429131 0.1334840655326843 0.1432358622550964 0.1532220542430878 0.1634514629840851 0.1739092022180557 0.1846127659082413 0.1954533606767654 0.2044262439012527 0.2100367695093155 0.2112508416175842 0.2073989659547806 0.1980531066656113 0.1881504505872726 0.1787429302930832 0.1698057800531387 0.1613154858350754 0.1532497107982635 0.145587220788002 0.1383078545331955 0.1313924640417099 0.1248228400945663 0.11858169734478 0.1126526147127151 0.1070199832320213 0.1016689836978912 0.09658553451299667 0.09175625443458557 0.08716844022274017 0.08281001448631287 0.07866951078176498 0.07473603636026382 0.07099923491477966 0.06744927167892456 0.06407681107521057 0.06087297201156616 0.05782932415604591 0.05493785813450813 0.05219096690416336 0.04958141967654228 0.04710234701633453 0.04474722966551781 0.04250986874103546 0.04038437455892563 0.03836515545845032 0.03644689917564392 0.03462455421686172 0.03289332613348961 0.03124865889549255 0.0296862255781889 0.02820191346108913 0.02679181843996048 0.02545222826302052 0.02417961694300175 0.02297063544392586 0.02182210423052311 0.02073099836707115 0.01969444751739502 0.01870972476899624 0.01777423918247223 0.01688552647829056 0.01604125089943409 0.01523918844759464 0.01447722874581814 0.013753367587924 0.01306569948792458 0.01241241488605738 0.01179179456084967 0.01120220497250557 0.01064209453761578 0.01010998990386724 0.009604490362107754 0.009124265983700752 0.008668052963912487 0.008234649896621704 0.007822917774319649 0.007431772071868181 0.007060183677822351 0.006707174703478813 0.006371816154569387 0.006053225137293339 0.005750563926994801 0.005463035777211189 0.00518988398835063 0.004930389579385519 0.004683869890868664 0.004449676256626844 0.004227192606776953 0.004015833139419556 0.00381504138931632 0.00362428929656744 0.003443074878305197 0.003270921064540744 0.003107374999672174 0.002952006179839373 0.002804405987262726 0.002664185594767332 0.002530976198613644 0.002404427388682961 0.002284205984324217 0.002169995568692684 0.00206149579025805 0.001958420965820551 0.001860499964095652 0.001767474925145507 0.001679101143963635 0.001595146139152348 0.001515388838015497 0.001439619343727827 0.001367638353258371 0.001299256458878517 0.00123429368250072 0.001172579010017216 0.001113950042054057 0.001058252528309822 0.001005339901894331 0.0009550729300826788 0.0009073193068616092 0.0008619533618912101 0.0008188557112589478 0.0007779129082337022 0.0007390172686427832 0.000702066405210644 0.0006669631111435592 0.0006336149526759982 0.0006019342108629644 0.0005718374741263688 0.000543245580047369 0.0005160833243280649 0.0004902791697531939 0.0004657652170863003 0.0004424769431352615 0.0004203530843369663 0.000399335433030501 0.0003793686628341675 0.0003604002413339913 0.0003423802263569087 0.0003252612077631056 0.0003089981619268656 0.0002935482480097562 0.0002788708370644599 0.0002649273083079606 0.0002516809327062219 0.0002390968875261024 0.0002271420380566269 0.0002157849376089871 0.0002049956965493038 0.0001947459095390514 0.0001850086118793115 0.0001757581776473671 0.0001669702760409564 0.0001586217549629509 0.0001506906701251864 0.0001431561395293102 0.0001359983289148659 0.000129198408103548 0.0001227384927915409 0.0001166015717899427 0.0001107714924728498 0.0001052329171216115 9.997127199312672e-05 9.497271094005555e-05 9.022407175507396e-05 8.571286889491603e-05 8.142722799675539e-05 7.735586405033246e-05 7.348807412199676e-05 6.981367187108845e-05 6.632298754993826e-05 6.300683890003711e-05 5.985649841022678e-05 5.68636751268059e-05 5.402049282565713e-05 5.131946818437427e-05 4.875349623034708e-05 4.631582123693079e-05 4.400002944748849e-05 4.18000272475183e-05 3.971002661273815e-05 3.77245269191917e-05 3.583830039133318e-05 3.40463848260697e-05 3.234406540286727e-05 3.072686376981437e-05 2.919051985372789e-05 2.773099367914256e-05 2.634444354043808e-05 2.502722054487094e-05 2.37758595176274e-05 2.258706626889762e-05 2.14577121369075e-05 2.038482671196107e-05 1.93655851035146e-05 1.839730612118728e-05 1.747744136082474e-05 1.660356974753086e-05 1.577339207869954e-05 1.498472283856245e-05 1.423548656021012e-05 1.352371236862382e-05 1.284752670471789e-05 1.220515059685567e-05 1.159489329438657e-05 1.101514862966724e-05 1.046439138008282e-05 9.941171811078675e-06 9.444112947676331e-06 8.971906936494634e-06 8.523311407770962e-06 8.097145837382413e-06 7.692288818361703e-06 7.307674422918353e-06 6.942290838196641e-06 6.595176273549441e-06 6.265417596296174e-06 5.952146693743998e-06 5.654539563693106e-06 5.371812676457921e-06 5.103222065372393e-06 4.848061053053243e-06 4.605657977663213e-06 4.375375283416361e-06 4.156606337346602e-06 3.948775884055067e-06 3.751337089852314e-06 3.563770178516279e-06 3.385581749171251e-06 3.216302729924791e-06 3.055487695746706e-06 2.902713276853319e-06 2.757577703960123e-06 2.619698761918698e-06 2.488713789716712e-06 2.364278088862193e-06 2.246064241262502e-06 2.133760972355958e-06 2.02707292373816e-06 1.925719288919936e-06 1.82943335857999e-06 1.737961724757042e-06 1.651063598728797e-06 1.568510469951434e-06 1.49008496919123e-06 1.41558075483772e-06 1.344801717095834e-06 1.277561636925384e-06 1.213683503920038e-06 1.152999288933643e-06 1.095349375646038e-06 1.040581878442026e-06 9.885527560982155e-07 9.391251296619885e-07 8.921688845475728e-07 8.475604431623651e-07 8.051824238464178e-07 7.64923299811926e-07 7.266771149261331e-07 6.903432563376555e-07 6.558261134159693e-07 6.230347935343161e-07 5.918830652262841e-07 5.622889034384571e-07 5.341744326869957e-07 8.278309542220086e-05 0.0002844027476385236 0.0005965288728475571 0.001006029197014868 0.0015066540800035 0.002095348900184035 0.002767843892797828 0.003518243785947561 0.00434138672426343 0.00523512763902545
 0 0 0 0 0 0 0 0 0 0 0 0 0 0 0 0 0 0 0 0 0 0 0 0 0 0 0 0 0 0 0 0 0 0 0 0 0 0 0 0 0 0 0 0 0 0 0 0 0 0 0 0 0 0 0 0 0 0 0 0 0 0 0 0 0 0 0 0 0 0 0 0 0 0 0 0 0 0 0 0 0 0 0 0 0 0 0 0 0 0 0 0 0 0 0 0 0 0 0 0 0 0 0 0 0 0 0 0 0 0 0 0 0 0 0 0 0 0 0 0 0 0 0 0 0 0 0 0 0 0 0 0 0 0 0 0 0 0 0 0 0 0 0 0 0 0 0 0 0 0 0 0 0 0 0 0 0 0 0 0 0 0 0 0 0 0 0 0 0 0 0 0 0 0 0 0 0 0 0 0 0 0 0 0 0 0 0 0 0 0 0 0 0 0 0 0 0 0 0 0 0 0 0 0 0 0 0 0 0 0 0 0 0 0 0 0 0 0 0 0 0 0 0 0 0 0 0 0 0 0 0 0 0 0 0 0 0 0 0 0 0 0 0 0 0 0 0 0 0 0 0 0 0 0 0 0 0 0 0 0 0 0 0 0 0 0 0 0 0 0 0 0 0 0 0 0 0 0 0 0 0 0 0 0 0 0 0 0 0 0 0 0 0 0 0 0 0 0 0 0 0 0 0 0 0 0 0 0 0 0 0 0 0 0 0 0 0 0 0 0 0 0 0 0 0 0 0 0 0 0 0 0 0 0 0 0 0 0 0 0 0 0 0 0 0 0 0 0 0 0 0 0 0 0 0 0 0 0 0 0 0 0 0 0 0 0 0 0 0 0 0 0 0 0 0 0 0 0 0 0 0 0 0 0 0 0 0 0 0 0 0 0 0 0 0 0 0 0 0 0 0 0 0 0 0 0 0 0 0 0 0 0 0 0 0 0 0 0 0 0 0 0 0 0 0 0 0 0 0 0 0 0 0 0 0 0 0 0 0 0 0 0 0 0 0 0 0 0 0 0 0 0 0 0 0 0 0 0 0 0 0 0 0 0 0 0 0 0 0 0 0 0 0 0 0 0 0 0 0 0 0 0 0 0 0 0 0 0 0 0 0 0 0 0 0 0 0 0 0 0 0 0 0 0 0 0 0 0 0 0 0 0 0 0 0 0 0 0 0 0 0 0 0 0 0 0 0 0 0 0 0 0 0 0 0 0 0 0 0 0 0 0 0 0 0 0 0 0 0 0 0 0 0 0 0 0 0 0 0 0 0 0 0 0 0 0 0 0 0 0 0 0 0 0 0 0 0 0 0 0 0 0 0 0 0 0 0 0 0 0 0 0 0 0 0 0 0 0 0 0
 0 0 0 0 0 0 0 0 0 0 0 0 0 0 0 0 0 0 0 0 0 0 0 0 0 0 0 0 0 0 0 0 0 0 0 0 0 0 0 0 0 0 0 0 0 0 0 0 0 0 0 0 0 0 0 0 0 0 0 0 0 0 0 0 0 0 0 0 0 0 0 0 0 0 0 0 0 0 0 0 0 0 0 0 0 0 0 0 0 0 0 0 0 0 0 0 0 0 0 0 0 0 0 0 0 0 0 0 0 0 0 0 0 0 0 0 0 0 0 0 0 0 0 0 0 0 0 0 0 0 0 0 0 0 0 0 0 0 0 0 0 0 0 0 0 0 0 0 0 0 0 0 0 0 0 0 0 0 0 0 0 0 0 0 0 0 0 0 0 0 0 0 0 0 0 0 0 0 0 0 0 0 0 0 0 0 0 0 0 0 0 0 0 0 0 0 0 0 0 0 0 0 0 0 0 0 0 0 0 0 0 0 0 0 0 0 0 0 0 0 0 0 0 0 0 0 0 0 0 0 0 0 0 0 0 0 0 0 0 0 0 0 0 0 0 0 0 0 0 0 0 0 0 0 0 0 0 0 0 0 0 0 0 0 0 0 0 0 0 0 0 0 0 0 0 0 0 0 0 0 0 0 0 0 0 0 0 0 0 0 0 0 0 0 0 0 0 0 0 0 0 0 0 0 0 0 0 0 0 0 0 0 0 0 0 0 0 0 0 0 0 0 0 0 0 0 0 0 0 0 0 0 0 0 0 0 0 0 0 0 0 0 0 0 0 0 0 0 0 0 0 0 0 0 0 0 0 0 0 0 0 0 0 0 0 0 0 0 0 0 0 0 0 0 0 0 0 0 0 0 0 0 0 0 0 0 0 0 0 0 0 0 0 0 0 0 0 0 0 0 0 0 0 0 0 0 0 0 0 0 0 0 0 0 0 0 0 0 0 0 0 0 0 0 0 0 0 0 0 0 0 0 0 0 0 0 0 0 0 0 0 0 0 0 0 0 0 0 0 0 0 0 0 0 0 0 0 0 0 0 0 0 0 0 0 0 0 0 0 0 0 0 0 0 0 0 0 0 0 0 0 0 0 0 0 0 0 0 0 0 0 0 0 0 0 0 0 0 0 0 0 0 0 0 0 0 0 0 0 0 0 0 0 0 0 0 0 0 0 0 0 0 0 0 0 0 0 0 0 0 0 0 0 0 0 0 0 0 0 0 0 0 0 0 0 0 0 0 0 0 0 0 0 0 0 0 0 0 0 0 0 0 0 0 0 0 0 0 0 0 0 0 0 0 0 0 0 0 0 0 0 0 0 0 0 0 0 0 0 0 0 0 0 0 0 0 0 0 0 0
 0 0 0 0 0 0 0 0 0 0 0 0 0 0 0 0 0 0 0 0 0 0 0 0 0 0 0 0 0 0 0 0 0 0 0 0 0 0 0 0 0 0 0 0 0 0 0 0 0 0 0 0 0 0 0 0 0 0 0 0 0 0 0 0 0 0 0 0 0 0 0 0 0 0 0 0 0 0 0 0 0 0 0 0 0 0 0 0 0 0 0 0 0 0 0 0 0 0 0 0 0 0 0 0 0 0 0 0 0 0 0 0 0 0 0 0 0 0 0 0 0 0 0 0 0 0 0 0 0 0 0 0 0 0 0 0 0 0 0 0 0 0 0 0 0 0 0 0 0 0 0 0 0 0 0 0 0 0 0 0 0 0 0 0 0 0 0 0 0 0 0 0 0 0 0 0 0 0 0 0 0 0 0 0 0 0 0 0 0 0 0 0 0 0 0 0 0 0 0 0 0 0 0 0 0 0 0 0 0 0 0 0 0 0 0 0 0 0 0 0 0 0 0 0 0 0 0 0 0 0 0 0 0 0 0 0 0 0 0 0 0 0 0 0 0 0 0 0 0 0 0 0 0 0 0 0 0 0 0 0 0 0 0 0 0 0 0 0 0 0 0 0 0 0 0 0 0 0 0 0 0 0 0 0 0 0 0 0 0 0 0 0 0 0 0 0 0 0 0 0 0 0 0 0 0 0 0 0 0 0 0 0 0 0 0 0 0 0 0 0 0 0 0 0 0 0 0 0 0 0 0 0 0 0 0 0 0 0 0 0 0 0 0 0 0 0 0 0 0 0 0 0 0 0 0 0 0 0 0 0 0 0 0 0 0 0 0 0 0 0 0 0 0 0 0 0 0 0 0 0 0 0 0 0 0 0 0 0 0 0 0 0 0 0 0 0 0 0 0 0 0 0 0 0 0 0 0 0 0 0 0 0 0 0 0 0 0 0 0 0 0 0 0 0 0 0 0 0 0 0 0 0 0 0 0 0 0 0 0 0 0 0 0 0 0 0 0 0 0 0 0 0 0 0 0 0 0 0 0 0 0 0 0 0 0 0 0 0 0 0 0 0 0 0 0 0 0 0 0 0 0 0 0 0 0 0 0 0 0 0 0 0 0 0 0 0 0 0 0 0 0 0 0 0 0 0 0 0 0 0 0 0 0 0 0 0 0 0 0 0 0 0 0 0 0 0 0 0 0 0 0 0 0 0 0 0 0 0 0 0 0 0 0 0 0 0 0 0 0 0 0 0 0 0 0 0 0 0 0 0 0 0 0 0 0 0 0 0 0 0 0 0 0 0 0 0 0 0 0 0 0 0 0 0 0 0 0 0 0 0 0 0 0 0 0 0 0 0 0 0
 0 0 0 0 0 0 0 0 0 0 0 0 0 0 0 0 0 0 0 0 0 0 0 0 0 0 0 0 0 0 0 0 0 0 0 0 0 0 0 0 0 0 0 0 0 0 0 0 0 0 0 0 0 0 0 0 0 0 0 0 0 0 0 0 0 0 0 0 0 0 0 0 0 0 0 0 0 0 0 0 0 0 0 0 0 0 0 0 0 0 0 0 0 0 0 0 0 0 0 0 0 0 0 0 0 0 0 0 0 0 0 0 0 0 0 0 0 0 0 0 0 0 0 0 0 0 0 0 0 0 0 0 0 0 0 0 0 0 0 0 0 0 0 0 0 0 0 0 0 0 0 0 0 0 0 0 0 0 0 0 0 0 0 0 0 0 0 0 0 0 0 0 0 0 0 0 0 0 0 0 0 0 0 0 0 0 0 0 0 0 0 0 0 0 0 0 0 0 0 0 0 0 0 0 0 0 0 0 0 0 0 0 0 0 0 0 0 0 0 0 0 0 0 0 0 0 0 0 0 0 0 0 0 0 0 0 0 0 0 0 0 0 0 0 0 0 0 0 0 0 0 0 0 0 0 0 0 0 0 0 0 0 0 0 0 0 0 0 0 0 0 0 0 0 0 0 0 0 0 0 0 0 0 0 0 0 0 0 0 0 0 0 0 0 0 0 0 0 0 0 0 0 0 0 0 0 0.0004915924509987235 0.001702938927337527 0.003690054174512625 0.006412656977772713 0.009852904826402664 0.0138930156826973 0.01846903562545776 0.02350687049329281 0.02898730151355267 0.03494829684495926 0.04145335406064987 0.04856640100479126 0.05618373304605484 0.06431126594543457 0.07278220355510712 0.0814906507730484 0.09044167399406433 0.0996238961815834 0.1090664863586426 0.1188060417771339 0.1288424581289291 0.1391575038433075 0.1498054414987564 0.1607788652181625 0.1720004081726074 0.183484673500061 0.1951846480369568 0.2069445103406906 0.216636449098587 0.2227317541837692 0.2242179811000824 0.2204207628965378 0.2109074890613556 0.2003621160984039 0.1903440058231354 0.1808268129825592 0.1717854738235474 0.1631962060928345 0.1550363898277283 0.1472845673561096 0.1399203389883041 0.1329243183135986 0.1262781023979187 0.1199641972780228 0.1139659881591797 0.1082676872611046 0.1028543040156364 0.09771158546209335 0.09282600879669189 0.08818470686674118 0.08377546817064285 0.0795866921544075 0.07560735940933228 0.0718269944190979 0.06823564320802689 0.06482385843992233 0.06158266589045525 0.05850353091955185 0.05557835474610329 0.05279943719506264 0.05015946552157402 0.0476514920592308 0.04526891559362411 0.04300547018647194 0.04085519537329674 0.03881243616342545 0.03687181323766708 0.03502822294831276 0.03327681124210358 0.03161296993494034 0.03003232181072235 0.02853070572018623 0.02710417099297047 0.0257489625364542 0.02446151524782181 0.02323843911290169 0.02207651734352112 0.02097269147634506 0.01992405764758587 0.01892785541713238 0.01798146218061447 0.01708238944411278 0.01622826978564262 0.01541685592383146 0.01464601326733828 0.01391371246427298 0.01321802660822868 0.01255712565034628 0.01192926894873381 0.01133280526846647 0.01076616533100605 0.01022785715758801 0.009716464206576347 0.009230640716850758 0.008769108913838863 0.008330653421580791 0.007914120331406593 0.007518414407968521 0.00714249350130558 0.006785369012504816 0.006446100771427155 0.006123795639723539 0.005817605648189783 0.005526725202798843 0.005250388756394386 0.004987869411706924 0.004738476127386093 0.004501552321016788 0.004276474937796593 0.004062651190906763 0.003859518561512232 0.003666542703285813 0.003483215579763055 0.003309054765850306 0.003143602050840855 0.002986422041431069 0.002837100997567177 0.002695245901122689 0.00256048352457583 0.002432459266856313 0.002310836222022772 0.002195294480770826 0.002085529733449221 0.001981253270059824 0.001882190583273768 0.001788081019185483 0.001698676962405443 0.001613743137568235 0.001533056027255952 0.00145640317350626 0.001383583061397076 0.001314403954893351 0.001248683780431747 0.001186249544844031 0.001126937102526426 0.001070590224117041 0.001017060712911189 0.0009662077063694596 0.0009178973268717527 0.0008720024488866329 0.0008284023497253656 0.0007869822438806295 0.0007476331084035337 0.000710251450072974 0.0006747388979420066 0.0006410019705072045 0.0006089519010856748 0.0005785042885690928 0.0005495790974237025 0.0005221001338213682 0.0004959951038472354 0.0004711953515652567 0.0004476355970837176 0.0004252538201399148 0.0004039911436848342 0.0003837915719486773 0.0003646019904408604 0.0003463719040155411 0.0003290533204562962 0.0003126006631646305 0.0002969706256408244 0.0002821220841724426 0.000268015981419012 0.0002546151808928698 0.0002418844233034179 0.0002297901955898851 0.0002183006872655824 0.0002073856594506651 0.0001970163721125573 0.000187165554962121 0.0001778072764864191 0.0001689169148448855 0.0001604710705578327 0.0001524475228507072 0.0001448251423425972 0.0001375838910462335 0.0001307046914007515 0.0001241694553755224 0.0001179609826067463 0.0001120629312936217 0.0001064597818185575 0.0001011367930914275 9.607995161786675e-05 9.127595694735646e-05 8.671215618960559e-05 8.237655129050836e-05 7.825772627256811e-05 7.43448399589397e-05 7.062759686959907e-05 6.709621811751276e-05 6.374140502884984e-05 6.055433550500311e-05 5.752662036684342e-05 5.465028880280443e-05 5.191777381696738e-05 4.932188676320948e-05 4.685579187935218e-05 4.451300264918245e-05 4.228735269862227e-05 4.017298488179222e-05 3.816433672909625e-05 3.625611861934885e-05 3.444331377977505e-05 3.272114918217994e-05 3.108509190496989e-05 2.953083821921609e-05 2.805429539876059e-05 2.66515799012268e-05 2.531900099711493e-05 2.405305167485494e-05 2.285039954585955e-05 2.170787956856657e-05 2.062248495349195e-05 1.959135988727212e-05 1.861179225670639e-05 1.768120273482054e-05 1.67971429618774e-05 1.595728645042982e-05 1.51594222188578e-05 1.440145115338964e-05 1.368137873214437e-05 1.299730956816347e-05 1.234744377143215e-05 1.173007149191108e-05 1.114356746256817e-05 1.058638918038923e-05 1.00570696304203e-05 9.554216376272961e-06 9.076505193661433e-06 8.622680070402566e-06 8.191545930458233e-06 7.781968633935321e-06 7.392870429612231e-06 7.023226771707414e-06 6.672065410384675e-06 6.338462299027015e-06 6.021539320499869e-06 5.720462468161713e-06 5.434439117379952e-06 5.16271711603622e-06 4.904581146547571e-06 4.659352271119133e-06 4.426384748512646e-06 4.205065579299117e-06 3.994812232122058e-06 3.795071734202793e-06 3.605318170230021e-06 3.425052227612468e-06 3.253799604863161e-06 3.091109647357371e-06 2.936554210464237e-06 2.789726522678393e-06 2.65024027612526e-06 2.517728262318997e-06 2.39184191741515e-06 2.272249730594922e-06 2.158637244065176e-06 2.050705461442703e-06 1.948170165633201e-06 1.850761691457592e-06 1.758223561409977e-06 1.670312371970795e-06 1.586796770425281e-06 1.507456886429281e-06 1.43208399094874e-06 1.360479814138671e-06 1.292455863222131e-06 1.227833081429708e-06 1.166441393252171e-06 1.108119363379956e-06 1.0527134008953e-06 1.000077759272244e-06 9.500738542556064e-07 9.025701501741423e-07 8.574416483497771e-07 8.145695460370916e-07 7.738410658930661e-07 7.35149001229729e-07 6.983915454839007e-07 6.6347195115668e-07 6.302983592831879e-07 5.987834583720542e-07 5.68844257031742e-07 5.404020271271293e-07 5.133819058755762e-07 4.87712782160088e-07 7.428468961734325e-05 0.0002719604526646435 0.0005789485294371843 0.000990107306279242 0.001502351369708776 0.002107910346239805 0.002802997129037976 0.003580112010240555
 0 0 0 0 0 0 0 0 0 0 0 0 0 0 0 0 0 0 0 0 0 0 0 0 0 0 0 0 0 0 0 0 0 0 0 0 0 0 0 0 0 0 0 0 0 0 0 0 0 0 0 0 0 0 0 0 0 0 0 0 0 0 0 0 0 0 0 0 0 0 0 0 0 0 0 0 0 0 0 0 0 0 0 0 0 0 0 0 0 0 0 0 0 0 0 0 0 0 0 0 0 0 0 0 0 0 0 0 0 0 0 0 0 0 0 0 0 0 0 0 0 0 0 0 0 0 0 0 0 0 0 0 0 0 0 0 0 0 0 0 0 0 0 0 0 0 0 0 0 0 0 0 0 0 0 0 0 0 0 0 0 0 0 0 0 0 0 0 0 0 0 0 0 0 0 0 0 0 0 0 0 0 0 0 0 0 0 0 0 0 0 0 0 0 0 0 0 0 0 0 0 0 0 0 0 0 0 0 0 0 0 0 0 0 0 0 0 0 0 0 0 0 0 0 0 0 0 0 0 0 0 0 0 0 0 0 0 0 0 0 0 0 0 0 0 0 0 0 0 0 0 0 0 0 0 0 0 0 0 0 0 0 0 0 0 0 0 0 0 0 0 0 0 0 0 0 0 0 0 0 0 0 0 0 0 0 0 0 0 0 0 0 0 0 0 0 0 0 0 0 0 0 0 0 0 0 0 0 0 0 0 0 0 0 0 0 0 0 0 0 0 0 0 0 0 0 0 0 0 0 0 0 0 0 0 0 0 0 0 0 0 0 0 0 0 0 0 0 0 0 0 0 0 0 0 0 0 0 0 0 0 0 0 0 0 0 0 0 0 0 0 0 0 0 0 0 0 0 0 0 0 0 0 0 0 0 0 0 0 0 0 0 0 0 0 0 0 0 0 0 0 0 0 0 0 0 0 0 0 0 0 0 0 0 0 0 0 0 0 0 0 0 0 0 0 0 0 0 0 0 0 0 0 0 0 0 0 0 0 0 0 0 0 0 0 0 0 0 0 0 0 0 0 0 0 0 0 0 0 0 0 0 0 0 0 0 0 0 0 0 0 0 0 0 0 0 0 0 0 0 0 0 0 0 0 0 0 0 0 0 0 0 0 0 0 0 0 0 0 0 0 0 0 0 0 0 0 0 0 0 0 0 0 0 0 0 0 0 0 0 0 0 0 0 0 0 0 0 0 0 0 0 0 0 0 0 0 0 0 0 0 0 0 0 0 0 0 0 0 0 0 0 0 0 0 0 0 0 0 0 0 0 0 0 0 0 0 0 0 0 0 0 0 0 0 0 0 0 0 0 0 0 0 0 0 0 0 0 0 0 0 0 0 0 0 0 0 0 0 0
 0 0 0 0 0 0 0 0 0 0 0 0 0 0 0 0 0 0 0 0 0 0 0 0 0 0 0 0 0 0 0 0 0 0 0 0 0 0 0 0 0 0 0 0 0 0 0 0 0 0 0 0 0 0 0 0 0 0 0 0 0 0 0 0 0 0 0 0 0 0 0 0 0 0 0 0 0 0 0 0 0 0 0 0 0 0 0 0 0 0 0 0 0 0 0 0 0 0 0 0 0 0 0 0 0 0 0 0 0 0 0 0 0 0 0 0 0 0 0 0 0 0 0 0 0 0 0 0 0 0 0 0 0 0 0 0 0 0 0 0 0 0 0 0 0 0 0 0 0 0 0 0 0 0 0 0 0 0 0 0 0 0 0 0 0 0 0 0 0 0 0 0 0 0 0 0 0 0 0 0 0 0 0 0 0 0 0 0 0 0 0 0 0 0 0 0 0 0 0 0 0 0 0 0 0 0 0 0 0 0 0 0 0 0 0 0 0 0 0 0 0 0 0 0 0 0 0 0 0 0 0 0 0 0 0 0 0 0 0 0 0 0 0 0 0 0 0 0 0 0 0 0 0 0 0 0 0 0 0 0 0 0 0 0 0 0 0 0 0 0 0 0 0 0 0 0 0 0 0 0 0 0 0 0 0 0 0 0 0 0 0 0 0 0 0 0 0 0 0 0 0 0 0 0 0 0 0 0 0 0 0 0 0 0 0 0 0 0 0 0 0 0 0 0 0 0 0 0 0 0 0 0 0 0 0 0 0 0 0 0 0 0 0 0 0 0 0 0 0 0 0 0 0 0 0 0 0 0 0 0 0 0 0 0 0 0 0 0 0 0 0 0 0 0 0 0 0 0 0 0 0 0 0 0 0 0 0 0 0 0 0 0 0 0 0 0 0 0 0 0 0 0 0 0 0 0 0 0 0 0 0 0 0 0 0 0 0 0 0 0 0 0 0 0 0 0 0 0 0 0 0 0 0 0 0 0 0 0 0 0 0 0 0 0 0 0 0 0 0 0 0 0 0 0 0 0 0 0 0 0 0 0 0 0 0 0 0 0 0 0 0 0 0 0 0 0 0 0 0 0 0 0 0 0 0 0 0 0 0 0 0 0 0 0 0 0 0 0 0 0 0 0 0 0 0 0 0 0 0 0 0 0 0 0 0 0 0 0 0 0 0 0 0 0 0 0 0 0 0 0 0 0 0 0 0 0 0 0 0 0 0 0 0 0 0 0 0 0 0 0 0 0 0 0 0 0 0 0 0 0 0 0 0 0 0 0 0 0 0 0 0 0 0 0 0 0 0 0 0 0 0 0 0 0 0 0 0 0 0 0 0 0 0 0 0 0 0 0 0 0
 0 0 0 0 0 0 0 0 0 0 0 0 0 0 0 0 0 0 0 0 0 0 0 0 0 0 0 0 0 0 0 0 0 0 0 0 0 0 0 0 0 0 0 0 0 0 0 0 0 0 0 0 0 0 0 0 0 0 0 0 0 0 0 0 0 0 0 0 0 0 0 0 0 0 0 0 0 0 0 0 0 0 0 0 0 0 0 0 0 0 0 0 0 0 0 0 0 0 0 0 0 0 0 0 0 0 0 0 0 0 0 0 0 0 0 0 0 0 0 0 0 0 0 0 0 0 0 0 0 0 0 0 0 0 0 0 0 0 0 0 0 0 0 0 0 0 0 0 0 0 0 0 0 0 0 0 0 0 0 0 0 0 0 0 0 0 0 0 0 0 0 0 0 0 0 0 0 0 0 0 0 0 0 0 0 0 0 0 0 0 0 0 0 0 0 0 0 0 0 0 0 0 0 0 0 0 0 0 0 0 0 0 0 0 0 0 0 0 0 0 0 0 0 0 0 0 0 0 0 0 0 0 0 0 0 0 0 0 0 0 0 0 0 0 0 0 0 0 0 0 0 0 0 0 0 0 0 0 0 0 0 0 0 0 0 0 0 0 0 0 0 0 0 0 0 0 0 0 0 0 0 0 0 0 0 0 0 0 0 0 0 0 0 0 0 0 0 0 0 0 0 0 0 0 0 0 0 0 0 0 0 0 0 0 0 0 0 0 0 0 0 0 0 0 0 0 0 0 0 0 0 0 0 0 0 0 0 0 0 0 0 0 0 0 0 0 0 0 0 0 0 0 0 0 0 0 0 0 0 0 0 0 0 0 0 0 0 0 0 0 0 0 0 0 0 0 0 0 0 0 0 0 0 0 0 0 0 0 0 0 0 0 0 0 0 0 0 0 0 0 0 0 0 0 0 0 0 0 0 0 0 0 0 0 0 0 0 0 0 0 0 0 0 0 0 0 0 0 0 0 0 0 0 0 0 0 0 0 0 0 0 0 0 0 0 0 0 0 0 0 0 0 0 0 0 0 0 0 0 0 0 0 0 0 0 0 0 0 0 0 0 0 0 0 0 0 0 0 0 0 0 0 0 0 0 0 0 0 0 0 0 0 0 0 0 0 0 0 0 0 0 0 0 0 0 0 0 0 0 0 0 0 0 0 0 0 0 0 0 0 0 0 0 0 0 0 0 0 0 0 0 0 0 0 0 0 0 0 0 0 0 0 0 0 0 0 0 0 0 0 0 0 0 0 0 0 0 0 0 0 0 0 0 0 0 0 0 0 0 0 0 0 0 0 0 0 0 0 0 0 0 0 0 0 0 0 0 0 0 0 0 0 0 0 0 0 0 0 0 0
 0 0 0 0 0 0 0 0 0 0 0 0 0 0 0 0 0 0 0 0 0 0 0 0 0 0 0 0 0 0 0 0 0 0 0 0 0 0 0 0 0 0 0 0 0 0 0 0 0 0 0 0 0 0 0 0 0 0 0 0 0 0 0 0 0 0 0 0 0 0 0 0 0 0 0 0 0 0 0 0 0 0 0 0 0 0 0 0 0 0 0 0 0 0 0 0 0 0 0 0 0 0 0 0 0 0 0 0 0 0 0 0 0 0 0 0 0 0 0 0 0 0 0 0 0 0 0 0 0 0 0 0 0 0 0 0 0 0 0 0 0 0 0 0 0 0 0 0 0 0 0 0 0 0 0 0 0 0 0 0 0 0 0 0 0 0 0 0 0 0 0 0 0 0 0 0 0 0 0 0 0 0 0 0 0 0 0 0 0 0 0 0 0 0 0 0 0 0 0 0 0 0 0 0 0 0 0 0 0 0 0 0 0 0 0 0 0 0 0 0 0 0 0 0 0 0 0 0 0 0 0 0 0 0 0 0 0 0 0 0 0 0 0 0 0 0 0 0 0 0 0 0 0 0 0 0 0 0 0 0 0 0 0 0 0 0 0 0 0 0 0 0 0 0 0 0 0 0 0 0 0 0 0 0 0 0 0 0 0 0 0 0 0 0 0 0 0 0 0 0 0 0 0 0 0 0 0 0.0005268706008791924 0.001778236357495189 0.003790367627516389 0.006551673635840416 0.01004158053547144 0.01411888934671879 0.01869023591279984 0.0236969068646431 0.02915426157414913 0.03510213643312454 0.04161099344491959 0.04873301833868027 0.05639654397964478 0.0645441934466362 0.07306884229183197 0.08178084343671799 0.09066365659236908 0.09972383826971054 0.1090340465307236 0.1186488792300224 0.1286047995090485 0.1388992667198181 0.1495242565870285 0.1604469567537308 0.1716214269399643 0.1830059140920639 0.1945221871137619 0.206119567155838 0.2156156450510025 0.2214697450399399 0.2227004319429398 0.2186132967472076 0.2088173031806946 0.1983764320611954 0.1884576082229614 0.1790347248315811 0.1700829863548279 0.1615788340568542 0.1534998863935471 0.1458248943090439 0.1385336518287659 0.1316069662570953 0.1250266134738922 0.1187752857804298 0.1128365248441696 0.1071946993470192 0.1018349677324295 0.09674321860074997 0.09190605580806732 0.08731075376272202 0.08294521272182465 0.07879795134067535 0.07485805451869965 0.0711151510477066 0.06755939126014709 0.06418142467737198 0.06097235530614853 0.05792373791337013 0.0550275519490242 0.05227617546916008 0.04966236650943756 0.04717924818396568 0.04482028633356094 0.04257927089929581 0.04045030847191811 0.03842779248952866 0.03650640323758125 0.03468108177185059 0.03294702619314194 0.03129967302083969 0.02973468974232674 0.02824795618653297 0.02683555893599987 0.02549378015100956 0.0242190919816494 0.02300813794136047 0.02185773104429245 0.02076484449207783 0.01972660236060619 0.01874027214944363 0.01780325919389725 0.01691309548914433 0.01606744155287743 0.01526406966149807 0.01450086571276188 0.01377582270652056 0.01308703143149614 0.01243267953395844 0.01181104592978954 0.01122049335390329 0.01065946836024523 0.01012649480253458 0.00962017010897398 0.009139161556959152 0.008682203479111195 0.008248093537986279 0.007835689000785351 0.007443904411047697 0.007071709260344505 0.00671812379732728 0.00638221763074398 0.006063106935471296 0.005759951658546925 0.005471954122185707 0.005198356229811907 0.004938438534736633 0.004691516514867544 0.004456940572708845 0.004234093707054853 0.004022389184683561 0.003821269609034061 0.003630206221714616 0.003448695875704288 0.003276261035352945 0.003112447913736105 0.002956825541332364 0.002808984369039536 0.00266853510402143 0.002535108244046569 0.002408352913334966 0.002287935232743621 0.002173538552597165 0.00206486159004271 0.00196161842904985 0.00186353747267276 0.001770360628142953 0.001681842608377337 0.001597750466316938 0.001517862896434963 0.001441969769075513 0.001369871315546334 0.001301377778872848 0.001236308831721544 0.001174493343569338 0.001115768682211637 0.001059980248101056 0.001006981241516769 0.0009566321969032288 0.0009088005754165351 0.0008633605320937932 0.0008201925083994865 0.0007791828829795122 0.0007402237388305366 0.0007032125722616911 0.0006680519436486065 0.0006346493610180914 0.0006029168725945055 0.000572771008592099 0.0005441324319690466 0.0005169258220121264 0.000491079525090754 0.0004665255546569824 0.0004431992711033672 0.0004210392944514751 0.0003999873297289014 0.0003799879632424563 0.0003609885752666742 0.0003429391363169998 0.0003257921780459583 0.0003095025604125112 0.0002940274425782263 0.0002793260791804641 0.0002653597621247172 0.0002520917623769492 0.0002394871698925272 0.0002275128063047305 0.0002161371667170897 0.0002053303032880649 0.0001950637815752998 0.0001853105932241306 0.0001760450686560944 0.0001672428188612685 0.0001588806771906093 0.0001509366411482915 0.0001433898141840473 0.0001362203183816746 0.0001294093090109527 0.0001229388435604051 0.0001167919035651721 0.0001109523072955199 0.0001054046952049248 0.0001001344571704976 9.512773249298334e-05 9.037134441314265e-05 8.585277828387916e-05 8.156013791449368e-05 7.7482131018769e-05 7.360802555922419e-05 6.992762791924179e-05 6.64312465232797e-05 6.310968456091359e-05 5.995419996907003e-05 5.695649088011123e-05 5.410866651800461e-05 5.140323264640756e-05 4.88330697407946e-05 4.639141479856335e-05 4.407184314914048e-05 4.186825026408769e-05 3.977483720518649e-05 3.778609607252292e-05 3.58967918145936e-05 3.410195131436922e-05 3.239685247535817e-05 3.077700966969132e-05 2.923815918620676e-05 2.777625195449218e-05 2.638743899296969e-05 2.506806777091697e-05 2.381466401857324e-05 2.262393172713928e-05 2.149273495888337e-05 2.041809784714133e-05 1.939719368238002e-05 1.842733399826102e-05 1.750596675265115e-05 1.663066905166488e-05 1.579913623572793e-05 1.500917915109312e-05 1.425872051186161e-05 1.354578489554115e-05 1.286849601456197e-05 1.222507125930861e-05 1.161381806014106e-05 1.103312752093188e-05 1.048147078108741e-05 9.957397196558304e-06 9.459527063881978e-06 8.986550710687879e-06 8.53722303872928e-06 8.110361704893876e-06 7.704843483224977e-06 7.319601536437403e-06 6.953621323191328e-06 6.605940143344924e-06 6.275643045228207e-06 5.961861006653635e-06 5.663767751684645e-06 5.38057929588831e-06 5.111550308356527e-06 4.855972747463966e-06 4.613174041878665e-06 4.382515271572629e-06 4.163389348832425e-06 3.955219654017128e-06 3.757458671316272e-06 3.569585715013091e-06 3.391106474737171e-06 3.221551196475048e-06 3.060473545701825e-06 2.907449925260153e-06 2.762077428997145e-06 2.623973614390707e-06 2.492774910933804e-06 2.368136165387114e-06 2.249729277536971e-06 2.13724274544802e-06 2.030380528594833e-06 1.928861593114561e-06 1.832418547564885e-06 1.740797642924008e-06 1.653757749409124e-06 1.571069901729061e-06 1.492516389589582e-06 1.41789053031971e-06 1.346995986750699e-06 1.279646198781847e-06 1.215663928633148e-06 1.154880692411098e-06 1.097136646421859e-06 1.042279791363399e-06 9.901657449518098e-07 9.406574577042193e-07 8.936245876611792e-07 8.489433866998297e-07 8.064962457865477e-07 7.661714107598527e-07 7.278628118001507e-07 6.914696655258012e-07 6.56896190776024e-07 6.240513812372228e-07 5.928488349127292e-07 5.632064130622894e-07 5.350460696718073e-07 5.082937377665075e-07 4.828790451938403e-07 2.021070940827485e-06 0.0001325354678556323 0.0003834122617263347 0.0007461727946065366 0.001208057976327837 0.001764882123097777 0.002413828391581774
 0 0 0 0 0 0 0 0 0 0 0 0 0 0 0 0 0 0 0 0 0 0 0 0 0 0 0 0 0 0 0 0 0 0 0 0 0 0 0 0 0 0 0 0 0 0 0 0 0 0 0 0 0 0 0 0 0 0 0 0 0 0 0 0 0 0 0 0 0 0 0 0 0 0 0 0 0 0 0 0 0 0 0 0 0 0 0 0 0 0 0 0 0 0 0 0 0 0 0 0 0 0 0 0 0 0 0 0 0 0 0 0 0 0 0 0 0 0 0 0 0 0 0 0 0 0 0 0 0 0 0 0 0 0 0 0 0 0 0 0 0 0 0 0 0 0 0 0 0 0 0 0 0 0 0 0 0 0 0 0 0 0 0 0 0 0 0 0 0 0 0 0 0 0 0 0 0 0 0 0 0 0 0 0 0 0 0 0 0 0 0 0 0 0 0 0 0 0 0 0 0 0 0 0 0 0 0 0 0 0 0 0 0 0 0 0 0 0 0 0 0 0 0 0 0 0 0 0 0 0 0 0 0 0 0 0 0 0 0 0 0 0 0 0 0 0 0 0 0 0 0 0 0 0 0 0 0 0 0 0 0 0 0 0 0 0 0 0 0 0 0 0 0 0 0 0 0 0 0 0 0 0 0 0 0 0 0 0 0 0 0 0 0 0 0 0 0 0 0 0 0 0 0 0 0 0 0 0 0 0 0 0 0 0 0 0 0 0 0 0 0 0 0 0 0 0 0 0 0 0 0 0 0 0 0 0 0 0 0 0 0 0 0 0 0 0 0 0 0 0 0 0 0 0 0 0 0 0 0 0 0 0 0 0 0 0 0 0 0 0 0 0 0 0 0 0 0 0 0 0 0 0 0 0 0 0 0 0 0 0 0 0 0 0 0 0 0 0 0 0 0 0 0 0 0 0 0 0 0 0 0 0 0 0 0 0 0 0 0 0 0 0 0 0 0 0 0 0 0 0 0 0 0 0 0 0 0 0 0 0 0 0 0 0 0 0 0 0 0 0 0 0 0 0 0 0 0 0 0 0 0 0 0 0 0 0 0 0 0 0 0 0 0 0 0 0 0 0 0 0 0 0 0 0 0 0 0 0 0 0 0 0 0 0 0 0 0 0 0 0 0 0 0 0 0 0 0 0 0 0 0 0 0 0 0 0 0 0 0 0 0 0 0 0 0 0 0 0 0 0 0 0 0 0 0 0 0 0 0 0 0 0 0 0 0 0 0 0 0 0 0 0 0 0 0 0 0 0 0 0 0 0 0 0 0 0 0 0 0 0 0 0 0 0 0 0 0 0 0 0 0 0 0 0 0 0 0 0 0 0 0 0 0 0 0 0 0 0 0 0
 0 0 0 0 0 0 0 0 0 0 0 0 0 0 0 0 0 0 0 0 0 0 0 0 0 0 0 0 0 0 0 0 0 0 0 0 0 0 0 0 0 0 0 0 0 0 0 0 0 0 0 0 0 0 0 0 0 0 0 0 0 0 0 0 0 0 0 0 0 0 0 0 0 0 0 0 0 0 0 0 0 0 0 0 0 0 0 0 0 0 0 0 0 0 0 0 0 0 0 0 0 0 0 0 0 0 0 0 0 0 0 0 0 0 0 0 0 0 0 0 0 0 0 0 0 0 0 0 0 0 0 0 0 0 0 0 0 0 0 0 0 0 0 0 0 0 0 0 0 0 0 0 0 0 0 0 0 0 0 0 0 0 0 0 0 0 0 0 0 0 0 0 0 0 0 0 0 0 0 0 0 0 0 0 0 0 0 0 0 0 0 0 0 0 0 0 0 0 0 0 0 0 0 0 0 0 0 0 0 0 0 0 0 0 0 0 0 0 0 0 0 0 0 0 0 0 0 0 0 0 0 0 0 0 0 0 0 0 0 0 0 0 0 0 0 0 0 0 0 0 0 0 0 0 0 0 0 0 0 0 0 0 0 0 0 0 0 0 0 0 0 0 0 0 0 0 0 0 0 0 0 0 0 0 0 0 0 0 0 0 0 0 0 0 0 0 0 0 0 0 0 0 0 0 0 0 0 0 0 0 0 0 0 0 0 0 0 0 0 0 0 0 0 0 0 0 0 0 0 0 0 0 0 0 0 0 0 0 0 0 0 0 0 0 0 0 0 0 0 0 0 0 0 0 0 0 0 0 0 0 0 0 0 0 0 0 0 0 0 0 0 0 0 0 0 0 0 0 0 0 0 0 0 0 0 0 0 0 0 0 0 0 0 0 0 0 0 0 0 0 0 0 0 0 0 0 0 0 0 0 0 0 0 0 0 0 0 0 0 0 0 0 0 0 0 0 0 0 0 0 0 0 0 0 0 0 0 0 0 0 0 0 0 0 0 0 0 0 0 0 0 0 0 0 0 0 0 0 0 0 0 0 0 0 0 0 0 0 0 0 0 0 0 0 0 0 0 0 0 0 0 0 0 0 0 0 0 0 0 0 0 0 0 0 0 0 0 0 0 0 0 0 0 0 0 0 0 0 0 0 0 0 0 0 0 0 0 0 0 0 0 0 0 0 0 0 0 0 0 0 0 0 0 0 0 0 0 0 0 0 0 0 0 0 0 0 0 0 0 0 0 0 0 0 0 0 0 0 0 0 0 0 0 0 0 0 0 0 0 0 0 0 0 0 0 0 0 0 0 0 0 0 0 0 0 0 0 0 0 0 0 0 0 0 0 0 0 0 0 0
 0 0 0 0 0 0 0 0 0 0 0 0 0 0 0 0 0 0 0 0 0 0 0 0 0 0 0 0 0 0 0 0 0 0 0 0 0 0 0 0 0 0 0 0 0 0 0 0 0 0 0 0 0 0 0 0 0 0 0 0 0 0 0 0 0 0 0 0 0 0 0 0 0 0 0 0 0 0 0 0 0 0 0 0 0 0 0 0 0 0 0 0 0 0 0 0 0 0 0 0 0 0 0 0 0 0 0 0 0 0 0 0 0 0 0 0 0 0 0 0 0 0 0 0 0 0 0 0 0 0 0 0 0 0 0 0 0 0 0 0 0 0 0 0 0 0 0 0 0 0 0 0 0 0 0 0 0 0 0 0 0 0 0 0 0 0 0 0 0 0 0 0 0 0 0 0 0 0 0 0 0 0 0 0 0 0 0 0 0 0 0 0 0 0 0 0 0 0 0 0 0 0 0 0 0 0 0 0 0 0 0 0 0 0 0 0 0 0 0 0 0 0 0 0 0 0 0 0 0 0 0 0 0 0 0 0 0 0 0 0 0 0 0 0 0 0 0 0 0 0 0 0 0 0 0 0 0 0 0 0 0 0 0 0 0 0 0 0 0 0 0 0 0 0 0 0 0 0 0 0 0 0 0 0 0 0 0 0 0 0 0 0 0 0 0 0 0 0 0 0 0 0 0 0 0 0 0 0 0 0 0 0 0 0 0 0 0 0 0 0 0 0 0 0 0 0 0 0 0 0 0 0 0 0 0 0 0 0 0 0 0 0 0 0 0 0 0 0 0 0 0 0 0 0 0 0 0 0 0 0 0 0 0 0 0 0 0 0 0 0 0 0 0 0 0 0 0 0 0 0 0 0 0 0 0 0 0 0 0 0 0 0 0 0 0 0 0 0 0 0 0 0 0 0 0 0 0 0 0 0 0 0 0 0 0 0 0 0 0 0 0 0 0 0 0 0 0 0 0 0 0 0 0 0 0 0 0 0 0 0 0 0 0 0 0 0 0 0 0 0 0 0 0 0 0 0 0 0 0 0 0 0 0 0 0 0 0 0 0 0 0 0 0 0 0 0 0 0 0 0 0 0 0 0 0 0 0 0 0 0 0 0 0 0 0 0 0 0 0 0 0 0 0 0 0 0 0 0 0 0 0 0 0 0 0 0 0 0 0 0 0 0 0 0 0 0 0 0 0 0 0 0 0 0 0 0 0 0 0 0 0 0 0 0 0 0 0 0 0 0 0 0 0 0 0 0 0 0 0 0 0 0 0 0 0 0 0 0 0 0 0 0 0 0 0 0 0 0 0 0 0 0 0 0 0 0 0 0 0 0 0 0 0 0 0 0 0 0 0 0
 0 0 0 0 0 0 0 0 0 0 0 0 0 0 0 0 0 0 0 0 0 0 0 0 0 0 0 0 0 0 0 0 0 0 0 0 0 0 0 0 0 0 0 0 0 0 0 0 0 0 0 0 0 0 0 0 0 0 0 0 0 0 0 0 0 0 0 0 0 0 0 0 0 0 0 0 0 0 0 0 0 0 0 0 0 0 0 0 0 0 0 0 0 0 0 0 0 0 0 0 0 0 0 0 0 0 0 0 0 0 0 0 0 0 0 0 0 0 0 0 0 0 0 0 0 0 0 0 0 0 0 0 0 0 0 0 0 0 0 0 0 0 0 0 0 0 0 0 0 0 0 0 0 0 0 0 0 0 0 0 0 0 0 0 0 0 0 0 0 0 0 0 0 0 0 0 0 0 0 0 0 0 0 0 0 0 0 0 0 0 0 0 0 0 0 0 0 0 0 0 0 0 0 0 0 0 0 0 0 0 0 0 0 0 0 0 0 0 0 0 0 0 0 0 0 0 0 0 0 0 0 0 0 0 0 0 0 0 0 0 0 0 0 0 0 0 0 0 0 0 0 0 0 0 0 0 0 0 0 0 0 0 0 0 0 0 0 0 0 0 0 0 0 0 0 0 0 0 0 0 0 0 0 0 0 0 0 0 0 0 0 0 0 0 0 0 0 0 0 0 0 0 0 0 0.0004420573823153973 0.001603766693733633 0.003515548538416624 0.006148578133434057 0.009514744393527508 0.01342117413878441 0.0178246796131134 0.02267559245228767 0.02786466851830482 0.03344210237264633 0.03948706015944481 0.04605657607316971 0.05317511409521103 0.06074799969792366 0.06874814629554749 0.07708050310611725 0.08549919724464417 0.09399931877851486 0.1026108041405678 0.1114146262407303 0.1204913556575775 0.1298749148845673 0.1395904570817947 0.1496282964944839 0.1599516272544861 0.1705214530229568 0.1812343746423721 0.1920864582061768 0.2017195522785187 0.2083030790090561 0.2106279730796814 0.2079912126064301 0.1999511420726776 0.1899535804986954 0.1804559081792831 0.1714331060647964 0.1628614515066147 0.1547183841466904 0.1469824612140656 0.1396333426237106 0.1326516717672348 0.1260190904140472 0.1197181344032288 0.1137322261929512 0.1080456152558327 0.1026433333754539 0.0975111648440361 0.09263560920953751 0.08800382912158966 0.083603635430336 0.0794234573841095 0.0754522830247879 0.07167966663837433 0.06809568405151367 0.06469090282917023 0.0614563561975956 0.05838353931903839 0.05546436086297035 0.05269114300608635 0.0500565841794014 0.04755375534296036 0.04517606645822525 0.04291726276278496 0.04077139869332314 0.03873283043503761 0.03679618984460831 0.03495638072490692 0.03320856019854546 0.03154813125729561 0.02997072413563728 0.02847218886017799 0.02704858034849167 0.02569615095853806 0.02441134303808212 0.02319077588617802 0.02203123643994331 0.02092967554926872 0.01988319121301174 0.01888903230428696 0.01794457994401455 0.01704735122621059 0.01619498431682587 0.01538523472845554 0.01461597345769405 0.01388517487794161 0.01319091580808163 0.01253136992454529 0.01190480124205351 0.01130956131964922 0.01074408367276192 0.01020687911659479 0.009696534834802151 0.0092117078602314 0.008751122280955315 0.008313566446304321 0.00789788831025362 0.007502994034439325 0.007127844262868166 0.006771452259272337 0.006432879716157913 0.006111235823482275 0.005805674009025097 0.005515390075743198 0.005239620804786682 0.004977639764547348 0.004728757776319981 0.004492320120334625 0.004267704207450151 0.004054319113492966 0.003851603250950575 0.003659022971987724 0.003476071869954467 0.003302268218249083 0.003137154737487435 0.002980296965688467 0.002831282094120979 0.002689718035981059 0.002555232029408216 0.002427470404654741 0.002306096954271197 0.002190792001783848 0.002081252401694655 0.001977189676836133 0.001878330251201987 0.001784413703717291 0.001695193001069129 0.001610433333553374 0.001529911649413407 0.001453416072763503 0.001380745321512222 0.001311708008870482 0.001246122643351555 0.001183816464617848 0.001124625676311553 0.001068394398316741 0.001014974666759372 0.0009642259101383388 0.0009160146000795066 0.0008702138438820839 0.0008267031516879797 0.0007853679708205163 0.0007460995693691075 0.0007087945705279708 0.0006733548361808062 0.0006396871176548302 0.0006077027646824718 0.0005773176089860499 0.0005484517314471304 0.0005210291710682213 0.0004949776921421289 0.0004702288133557886 0.0004467173712328076 0.0004243814910296351 0.0004031624121125787 0.0003830042842309922 0.0003638540802057832 0.0003456613630987704 0.0003283782862126827 0.0003119593602605164 0.0002963613951578736 0.0002815433253999799 0.0002674661518540233 0.0002540928544476628 0.0002413882175460458 0.0002293188008479774 0.0002178528666263446 0.0002069602196570486 0.0001966122072190046 0.0001867816026788205 0.0001774425181793049 0.0001685703900875524 0.0001601418771315366 0.0001521347876405343 0.0001445280504412949 0.0001373016420984641 0.0001304365578107536 0.0001239147240994498 0.0001177189842564985 0.0001118330328608863 0.0001062413793988526 0.0001009293118841015 9.588284592609853e-05 9.108870290219784e-05 8.653426630189642e-05 8.220755262300372e-05 7.809717499185354e-05 7.419231405947357e-05 7.048269617371261e-05 6.695856427541003e-05 6.361063424265012e-05 6.043010216671973e-05 5.740859705838375e-05 5.453816629596986e-05 5.181125743547454e-05 4.922069638269022e-05 4.675966192735359e-05 4.442167846718803e-05 4.220059418003075e-05 4.009056283393875e-05 3.808603651123121e-05 3.618173650465906e-05 3.43726496794261e-05 3.265401755925268e-05 3.102131813648157e-05 2.947025132016279e-05 2.799673893605359e-05 2.659690289874561e-05 2.526705793570727e-05 2.400370431132615e-05 2.280351873196196e-05 2.166334343201015e-05 2.058017707895488e-05 1.955116749741137e-05 1.857360985013656e-05 1.764492844813503e-05 1.676268220762722e-05 1.59245482791448e-05 1.512832113803597e-05 1.437190530850785e-05 1.365330990665825e-05 1.297064409300219e-05 1.232211161550367e-05 1.170600626210216e-05 1.112070640374441e-05 1.05646713564056e-05 1.003643774311058e-05 9.534615855955053e-06 9.057885108632036e-06 8.604991307947785e-06 8.174742106348276e-06 7.766005182929803e-06 7.377705060207518e-06 7.00881992088398e-06 6.658378879365046e-06 6.325460162770469e-06 6.00918701820774e-06 5.708727712772088e-06 5.423291440820321e-06 5.152126959728776e-06 4.89452077090391e-06 4.649794846045552e-06 4.417305262904847e-06 4.196439931547502e-06 3.986618139606435e-06 3.787287141676643e-06 3.59792284143623e-06 3.418026608414948e-06 3.247125277994201e-06 3.084769105043961e-06 2.930530627054395e-06 2.784004209388513e-06 2.644803998919087e-06 2.512563696654979e-06 2.38693542087276e-06 2.267588570248336e-06 2.154209141735919e-06 2.046498593699653e-06 1.944173618539935e-06 1.846964892138203e-06 1.754616619109584e-06 1.666885736995027e-06 1.58354146151396e-06 1.504364377069578e-06 1.429146209375176e-06 1.357688915959443e-06 1.289804458792787e-06 1.225314235853148e-06 1.164048512691807e-06 1.105846081372874e-06 1.05055380572594e-06 9.9802616659872e-07 9.481248639531259e-07 9.007186463350081e-07 8.556827424399671e-07 8.128986337396782e-07 7.722537134213781e-07 7.336410021707707e-07 6.969589776417706e-07 6.621110060223145e-07 6.290054557211988e-07 5.975551857773098e-07 5.676774321727862e-07 5.392935804593435e-07 7.356264541158453e-05 0.0002729021070990711 0.0005779445637017488 0.0009859073907136917 0.001490614609792829 0.002086613327264786 0.00277257151901722 0.003541474929079413 0.004388311412185431 0.005307832267135382 0.006289259064942598 0.007329658605158329 0.008428080938756466
 0 0 0 0 0 0 0 0 0 0 0 0 0 0 0 0 0 0 0 0 0 0 0 0 0 0 0 0 0 0 0 0 0 0 0 0 0 0 0 0 0 0 0 0 0 0 0 0 0 0 0 0 0 0 0 0 0 0 0 0 0 0 0 0 0 0 0 0 0 0 0 0 0 0 0 0 0 0 0 0 0 0 0 0 0 0 0 0 0 0 0 0 0 0 0 0 0 0 0 0 0 0 0 0 0 0 0 0 0 0 0 0 0 0 0 0 0 0 0 0 0 0 0 0 0 0 0 0 0 0 0 0 0 0 0 0 0 0 0 0 0 0 0 0 0 0 0 0 0 0 0 0 0 0 0 0 0 0 0 0 0 0 0 0 0 0 0 0 0 0 0 0 0 0 0 0 0 0 0 0 0 0 0 0 0 0 0 0 0 0 0 0 0 0 0 0 0 0 0 0 0 0 0 0 0 0 0 0 0 0 0 0 0 0 0 0 0 0 0 0 0 0 0 0 0 0 0 0 0 0 0 0 0 0 0 0 0 0 0 0 0 0 0 0 0 0 0 0 0 0 0 0 0 0 0 0 0 0 0 0 0 0 0 0 0 0 0 0 0 0 0 0 0 0 0 0 0 0 0 0 0 0 0 0 0 0 0 0 0 0 0 0 0 0 0 0 0 0 0 0 0 0 0 0 0 0 0 0 0 0 0 0 0 0 0 0 0 0 0 0 0 0 0 0 0 0 0 0 0 0 0 0 0 0 0 0 0 0 0 0 0 0 0 0 0 0 0 0 0 0 0 0 0 0 0 0 0 0 0 0 0 0 0 0 0 0 0 0 0 0 0 0 0 0 0 0 0 0 0 0 0 0 0 0 0 0 0 0 0 0 0 0 0 0 0 0 0 0 0 0 0 0 0 0 0 0 0 0 0 0 0 0 0 0 0 0 0 0 0 0 0 0 0 0 0 0 0 0 0 0 0 0 0 0 0 0 0 0 0 0 0 0 0 0 0 0 0 0 0 0 0 0 0 0 0 0 0 0 0 0 0 0 0 0 0 0 0 0 0 0 0 0 0 0 0 0 0 0 0 0 0 0 0 0 0 0 0 0 0 0 0 0 0 0 0 0 0 0 0 0 0 0 0 0 0 0 0 0 0 0 0 0 0 0 0 0 0 0 0 0 0 0 0 0 0 0 0 0 0 0 0 0 0 0 0 0 0 0 0 0 0 0 0 0 0 0 0 0 0 0 0 0 0 0 0 0 0 0 0 0 0 0 0 0 0 0 0 0 0 0 0 0 0 0 0 0 0 0 0 0 0 0 0 0 0 0 0 0 0 0 0 0 0 0 0 0 0 0 0 0
 0 0 0 0 0 0 0 0 0 0 0 0 0 0 0 0 0 0 0 0 0 0 0 0 0 0 0 0 0 0 0 0 0 0 0 0 0 0 0 0 0 0 0 0 0 0 0 0 0 0 0 0 0 0 0 0 0 0 0 0 0 0 0 0 0 0 0 0 0 0 0 0 0 0 0 0 0 0 0 0 0 0 0 0 0 0 0 0 0 0 0 0 0 0 0 0 0 0 0 0 0 0 0 0 0 0 0 0 0 0 0 0 0 0 0 0 0 0 0 0 0 0 0 0 0 0 0 0 0 0 0 0 0 0 0 0 0 0 0 0 0 0 0 0 0 0 0 0 0 0 0 0 0 0 0 0 0 0 0 0 0 0 0 0 0 0 0 0 0 0 0 0 0 0 0 0 0 0 0 0 0 0 0 0 0 0 0 0 0 0 0 0 0 0 0 0 0 0 0 0 0 0 0 0 0 0 0 0 0 0 0 0 0 0 0 0 0 0 0 0 0 0 0 0 0 0 0 0 0 0 0 0 0 0 0 0 0 0 0 0 0 0 0 0 0 0 0 0 0 0 0 0 0 0 0 0 0 0 0 0 0 0 0 0 0 0 0 0 0 0 0 0 0 0 0 0 0 0 0 0 0 0 0 0 0 0 0 0 0 0 0 0 0 0 0 0 0 0 0 0 0 0 0 0 0 0 0 0 0 0 0 0 0 0 0 0 0 0 0 0 0 0 0 0 0 0 0 0 0 0 0 0 0 0 0 0 0 0 0 0 0 0 0 0 0 0 0 0 0 0 0 0 0 0 0 0 0 0 0 0 0 0 0 0 0 0 0 0 0 0 0 0 0 0 0 0 0 0 0 0 0 0 0 0 0 0 0 0 0 0 0 0 0 0 0 0 0 0 0 0 0 0 0 0 0 0 0 0 0 0 0 0 0 0 0 0 0 0 0 0 0 0 0 0 0 0 0 0 0 0 0 0 0 0 0 0 0 0 0 0 0 0 0 0 0 0 0 0 0 0 0 0 0 0 0 0 0 0 0 0 0 0 0 0 0 0 0 0 0 0 0 0 0 0 0 0 0 0 0 0 0 0 0 0 0 0 0 0 0 0 0 0 0 0 0 0 0 0 0 0 0 0 0 0 0 0 0 0 0 0 0 0 0 0 0 0 0 0 0 0 0 0 0 0 0 0 0 0 0 0 0 0 0 0 0 0 0 0 0 0 0 0 0 0 0 0 0 0 0 0 0 0 0 0 0 0 0 0 0 0 0 0 0 0 0 0 0 0 0 0 0 0 0 0 0 0 0 0 0 0 0 0 0 0 0 0 0 0 0 0 0 0 0 0 0 0 0 0 0 0
 0 0 0 0 0 0 0 0 0 0 0 0 0 0 0 0 0 0 0 0 0 0 0 0 0 0 0 0 0 0 0 0 0 0 0 0 0 0 0 0 0 0 0 0 0 0 0 0 0 0 0 0 0 0 0 0 0 0 0 0 0 0 0 0 0 0 0 0 0 0 0 0 0 0 0 0 0 0 0 0 0 0 0 0 0 0 0 0 0 0 0 0 0 0 0 0 0 0 0 0 0 0 0 0 0 0 0 0 0 0 0 0 0 0 0 0 0 0 0 0 0 0 0 0 0 0 0 0 0 0 0 0 0 0 0 0 0 0 0 0 0 0 0 0 0 0 0 0 0 0 0 0 0 0 0 0 0 0 0 0 0 0 0 0 0 0 0 0 0 0 0 0 0 0 0 0 0 0 0 0 0 0 0 0 0 0 0 0 0 0 0 0 0 0 0 0 0 0 0 0 0 0 0 0 0 0 0 0 0 0 0 0 0 0 0 0 0 0 0 0 0 0 0 0 0 0 0 0 0 0 0 0 0 0 0 0 0 0 0 0 0 0 0 0 0 0 0 0 0 0 0 0 0 0 0 0 0 0 0 0 0 0 0 0 0 0 0 0 0 0 0 0 0 0 0 0 0 0 0 0 0 0 0 0 0 0 0 0 0 0 0 0 0 0 0 0 0 0 0 0 0 0 0 0 0 0 0 0 0 0 0 0 0 0 0 0 0 0 0 0 0 0 0 0 0 0 0 0 0 0 0 0 0 0 0 0 0 0 0 0 0 0 0 0 0 0 0 0 0 0 0 0 0 0 0 0 0 0 0 0 0 0 0 0 0 0 0 0 0 0 0 0 0 0 0 0 0 0 0 0 0 0 0 0 0 0 0 0 0 0 0 0 0 0 0 0 0 0 0 0 0 0 0 0 0 0 0 0 0 0 0 0 0 0 0 0 0 0 0 0 0 0 0 0 0 0 0 0 0 0 0 0 0 0 0 0 0 0 0 0 0 0 0 0 0 0 0 0 0 0 0 0 0 0 0 0 0 0 0 0 0 0 0 0 0 0 0 0 0 0 0 0 0 0 0 0 0 0 0 0 0 0 0 0 0 0 0 0 0 0 0 0 0 0 0 0 0 0 0 0 0 0 0 0 0 0 0 0 0 0 0 0 0 0 0 0 0 0 0 0 0 0 0 0 0 0 0 0 0 0 0 0 0 0 0 0 0 0 0 0 0 0 0 0 0 0 0 0 0 0 0 0 0 0 0 0 0 0 0 0 0 0 0 0 0 0 0 0 0 0 0 0 0 0 0 0 0 0 0 0 0 0 0 0 0 0 0 0 0 0 0 0 0 0 0 0 0 0 0 0
 0 0 0 0 0 0 0 0 0 0 0 0 0 0 0 0 0 0 0 0 0 0 0 0 0 0 0 0 0 0 0 0 0 0 0 0 0 0 0 0 0 0 0 0 0 0 0 0 0 0 0 0 0 0 0 0 0 0 0 0 0 0 0 0 0 0 0 0 0 0 0 0 0 0 0 0 0 0 0 0 0 0 0 0 0 0 0 0 0 0 0 0 0 0 0 0 0 0 0 0 0 0 0 0 0 0 0 0 0 0 0 0 0 0 0 0 0 0 0 0 0 0 0 0 0 0 0 0 0 0 0 0 0 0 0 0 0 0 0 0 0 0 0 0 0 0 0 0 0 0 0 0 0 0 0 0 0 0 0 0 0 0 0 0 0 0 0 0 0 0 0 0 0 0 0 0 0 0 0 0 0 0 0 0 0 0 0 0 0 0 0 0 0 0 0 0 0 0 0 0 0 0 0 0 0 0 0 0 0 0 0 0 0 0 0 0 0 0 0 0 0 0 0 0 0 0 0 0 0 0 0 0 0 0 0 0 0 0 0 0 0 0 0 0 0 0 0 0 0 0 0 0 0 0 0 0 0 0 0 0 0 0 0 0 0 0 0 0 0 0 0 0 0 0 0 0 0 0 0 0 0 0 0 0 0 0 0 0 0 0 0 0 0 0 0 0 0 0 0 0 0 0 0 0 0 5.089777550892904e-05 0.0007604614947922528 0.002170855877920985 0.004287407733500004 0.007127413526177406 0.01063066720962524 0.01468383334577084 0.0192264448851347 0.02419219352304935 0.02953681536018848 0.03527993336319923 0.04149441793560982 0.04819054901599884 0.05540254339575768 0.06303304433822632 0.0709960013628006 0.07919920235872269 0.08762635290622711 0.09624411165714264 0.1050663739442825 0.1141221672296524 0.1234462112188339 0.1330622732639313 0.1429443806409836 0.1531075835227966 0.1635776311159134 0.1743215620517731 0.1852582544088364 0.1963633596897125 0.2056754529476166 0.2116396725177765 0.2131979763507843 0.2096858620643616 0.200676366686821 0.1906425505876541 0.1811104267835617 0.1720549017190933 0.1634521633386612 0.1552795618772507 0.1475155800580978 0.1401398032903671 0.1331328153610229 0.1264761686325073 0.1201523616909981 0.1141447424888611 0.1084375083446503 0.1030156314373016 0.09786485135555267 0.09297160804271698 0.08832302689552307 0.0839068740606308 0.07971152663230896 0.07572595030069351 0.07193965464830399 0.0683426707983017 0.06492553651332855 0.06167925894260406 0.05859529599547386 0.05566553026437759 0.05288225412368774 0.05023813992738724 0.04772623255848885 0.0453399196267128 0.04307292401790619 0.04091927781701088 0.03887331485748291 0.0369296483695507 0.03508316725492477 0.03332901000976562 0.03166256099939346 0.03007943369448185 0.02857546135783195 0.02714668773114681 0.02578935399651527 0.02449988573789597 0.02327489107847214 0.02211114577949047 0.02100558765232563 0.01995530910789967 0.01895754411816597 0.01800966635346413 0.01710918359458447 0.01625372469425201 0.01544103864580393 0.01466898713260889 0.01393553800880909 0.01323876157402992 0.0125768231227994 0.01194798201322556 0.01135058328509331 0.01078305393457413 0.01024390105158091 0.009731706231832504 0.009245120920240879 0.008782864548265934 0.008343721739947796 0.007926535792648792 0.007530209142714739 0.007153698708862066 0.006796013563871384 0.006456213071942329 0.006133402232080698 0.005826732143759727 0.005535395350307226 0.005258625373244286 0.004995693918317556 0.004745909012854099 0.004508613608777523 0.004283182788640261 0.004069023765623569 0.00386557262390852 0.003672294085845351 0.00348867941647768 0.003314245492219925 0.0031485331710428 0.002991106593981385 0.002841551322489977 0.0026994738727808 0.002564500086009502 0.002436275128275156 0.002314461395144463 0.002198738278821111 0.002088801469653845 0.001984361326321959 0.001885143225081265 0.001790886046364903 0.001701341709122062 0.001616274588741362 0.001535460818558931 0.001458687824197114 0.001385753392241895 0.001316465670242906 0.001250642351806164 0.001188110210932791 0.001128704752773046 0.001072269515134394 0.001018656068481505 0.0009677232592366636 0.0009193370933644474 0.0008733702125027776 0.000829701719339937 0.0007882166537456214 0.0007488058181479573 0.0007113655447028577 0.0006757972878403962 0.0006420074496418238 0.0006099070888012648 0.0005794117460027337 0.0005504411528818309 0.0005229191156104207 0.0004967731656506658 0.0004719345015473664 0.0004483377852011472 0.0004259209090378135 0.0004046248504891992 0.0003843936137855053 0.0003651739389169961 0.0003469152434263378 0.0003295694768894464 0.0003130910045001656 0.0002974364615511149 0.0002825646370183676 0.0002684364153537899 0.000255014601862058 0.0002422638644929975 0.0002301506756339222 0.0002186431374866515 0.0002077109820675105 0.0001973254256881773 0.0001874591544037685 0.0001780861930456012 0.0001691818761173636 0.000160722789587453 0.0001526866544736549 0.0001450523268431425 0.0001377997105009854 0.0001309097278863192 0.0001243642473127693 0.0001181460320367478 0.0001122387329814956 0.0001066267941496335 0.0001012954526231624 9.623068035580218e-05 9.141914779320359e-05 8.684818749316037e-05 8.250577957369387e-05 7.838049350539222e-05 7.446146628353745e-05 7.073839515214786e-05 6.720147212035954e-05 6.384139851434156e-05 6.064932676963508e-05 5.761686043115333e-05 5.473601777339354e-05 5.199921724852175e-05 4.93992556584999e-05 4.692929360317066e-05 4.458283001440577e-05 4.235368760419078e-05 4.023600195068866e-05 3.822420330834575e-05 3.631299478001893e-05 3.449734504101798e-05 3.27724774251692e-05 3.113385173492134e-05 2.957715878437739e-05 2.809830039041117e-05 2.669338573468849e-05 2.535871681175195e-05 2.409078115306329e-05 2.288624273205642e-05 2.174193105020095e-05 2.065483386104461e-05 1.962209171324503e-05 1.864098703663331e-05 1.770893686625641e-05 1.682348920439836e-05 1.598231392563321e-05 1.518319822935155e-05 1.442403845430817e-05 1.37028364406433e-05 1.301769498240901e-05 1.236681055161171e-05 1.174846966023324e-05 1.116104613174684e-05 1.06029938251595e-05 1.007284390652785e-05 9.569202120474074e-06 9.090742423722986e-06 8.636205166112632e-06 8.204395271604881e-06 7.794175871822517e-06 7.404466941807186e-06 7.034243481029989e-06 6.682531420665327e-06 6.348404895106796e-06 6.030984877725132e-06 5.729435542889405e-06 5.44296381121967e-06 5.170815711608157e-06 4.912275016977219e-06 4.666661425289931e-06 4.433328285813332e-06 4.211661689623725e-06 4.001078650617274e-06 3.801024831773248e-06 3.61097363565932e-06 3.430424840189517e-06 3.258903689129511e-06 3.095958618359873e-06 2.941160801128717e-06 2.794102783809649e-06 2.654397576407064e-06 2.521677743061446e-06 2.395593810433638e-06 2.27581404033117e-06 2.162023292839876e-06 2.053922116829199e-06 1.951226067831158e-06 1.853664798545651e-06 1.760981604093104e-06 1.672932512519765e-06 1.589285830050358e-06 1.509821572653891e-06 1.43433044286212e-06 1.362613943456381e-06 1.29448324059922e-06 1.22975905014755e-06 1.168271069218463e-06 1.109857521441882e-06 1.054364702213206e-06 1.001646523945965e-06 9.515641750112991e-07 9.039859492077085e-07 8.587866773268615e-07 8.158473292496637e-07 7.750549571028387e-07 7.363021836681582e-07 6.994870886956051e-07 6.645127541560214e-07 6.312870937108528e-07 5.997227390253101e-07 5.69736585021019e-07 5.412497330326005e-07 0.0001208299145218916 0.0003579534532036632 0.0006990249385125935 0.001138158491812646 0.001672034501098096 0.002300592605024576 0.003018365474417806 0.003817947348579764 0.004697880242019892 0.005649909377098083 0.006663933862000704
 0 0 0 0 0 0 0 0 0 0 0 0 0 0 0 0 0 0 0 0 0 0 0 0 0 0 0 0 0 0 0 0 0 0 0 0 0 0 0 0 0 0 0 0 0 0 0 0 0 0 0 0 0 0 0 0 0 0 0 0 0 0 0 0 0 0 0 0 0 0 0 0 0 0 0 0 0 0 0 0 0 0 0 0 0 0 0 0 0 0 0 0 0 0 0 0 0 0 0 0 0 0 0 0 0 0 0 0 0 0 0 0 0 0 0 0 0 0 0 0 0 0 0 0 0 0 0 0 0 0 0 0 0 0 0 0 0 0 0 0 0 0 0 0 0 0 0 0 0 0 0 0 0 0 0 0 0 0 0 0 0 0 0 0 0 0 0 0 0 0 0 0 0 0 0 0 0 0 0 0 0 0 0 0 0 0 0 0 0 0 0 0 0 0 0 0 0 0 0 0 0 0 0 0 0 0 0 0 0 0 0 0 0 0 0 0 0 0 0 0 0 0 0 0 0 0 0 0 0 0 0 0 0 0 0 0 0 0 0 0 0 0 0 0 0 0 0 0 0 0 0 0 0 0 0 0 0 0 0 0 0 0 0 0 0 0 0 0 0 0 0 0 0 0 0 0 0 0 0 0 0 0 0 0 0 0 0 0 0 0 0 0 0 0 0 0 0 0 0 0 0 0 0 0 0 0 0 0 0 0 0 0 0 0 0 0 0 0 0 0 0 0 0 0 0 0 0 0 0 0 0 0 0 0 0 0 0 0 0 0 0 0 0 0 0 0 0 0 0 0 0 0 0 0 0 0 0 0 0 0 0 0 0 0 0 0 0 0 0 0 0 0 0 0 0 0 0 0 0 0 0 0 0 0 0 0 0 0 0 0 0 0 0 0 0 0 0 0 0 0 0 0 0 0 0 0 0 0 0 0 0 0 0 0 0 0 0 0 0 0 0 0 0 0 0 0 0 0 0 0 0 0 0 0 0 0 0 0 0 0 0 0 0 0 0 0 0 0 0 0 0 0 0 0 0 0 0 0 0 0 0 0 0 0 0 0 0 0 0 0 0 0 0 0 0 0 0 0 0 0 0 0 0 0 0 0 0 0 0 0 0 0 0 0 0 0 0 0 0 0 0 0 0 0 0 0 0 0 0 0 0 0 0 0 0 0 0 0 0 0 0 0 0 0 0 0 0 0 0 0 0 0 0 0 0 0 0 0 0 0 0 0 0 0 0 0 0 0 0 0 0 0 0 0 0 0 0 0 0 0 0 0 0 0 0 0 0 0 0 0 0 0 0 0 0 0 0 0 0 0 0 0 0 0 0 0 0 0 0 0 0 0 0 0 0 0 0 0 0 0
 0 0 0 0 0 0 0 0 0 0 0 0 0 0 0 0 0 0 0 0 0 0 0 0 0 0 0 0 0 0 0 0 0 0 0 0 0 0 0 0 0 0 0 0 0 0 0 0 0 0 0 0 0 0 0 0 0 0 0 0 0 0 0 0 0 0 0 0 0 0 0 0 0 0 0 0 0 0 0 0 0 0 0 0 0 0 0 0 0 0 0 0 0 0 0 0 0 0 0 0 0 0 0 0 0 0 0 0 0 0 0 0 0 0 0 0 0 0 0 0 0 0 0 0 0 0 0 0 0 0 0 0 0 0 0 0 0 0 0 0 0 0 0 0 0 0 0 0 0 0 0 0 0 0 0 0 0 0 0 0 0 0 0 0 0 0 0 0 0 0 0 0 0 0 0 0 0 0 0 0 0 0 0 0 0 0 0 0 0 0 0 0 0 0 0 0 0 0 0 0 0 0 0 0 0 0 0 0 0 0 0 0 0 0 0 0 0 0 0 0 0 0 0 0 0 0 0 0 0 0 0 0 0 0 0 0 0 0 0 0 0 0 0 0 0 0 0 0 0 0 0 0 0 0 0 0 0 0 0 0 0 0 0 0 0 0 0 0 0 0 0 0 0 0 0 0 0 0 0 0 0 0 0 0 0 0 0 0 0 0 0 0 0 0 0 0 0 0 0 0 0 0 0 0 0 0 0 0 0 0 0 0 0 0 0 0 0 0 0 0 0 0 0 0 0 0 0 0 0 0 0 0 0 0 0 0 0 0 0 0 0 0 0 0 0 0 0 0 0 0 0 0 0 0 0 0 0 0 0 0 0 0 0 0 0 0 0 0 0 0 0 0 0 0 0 0 0 0 0 0 0 0 0 0 0 0 0 0 0 0 0 0 0 0 0 0 0 0 0 0 0 0 0 0 0 0 0 0 0 0 0 0 0 0 0 0 0 0 0 0 0 0 0 0 0 0 0 0 0 0 0 0 0 0 0 0 0 0 0 0 0 0 0 0 0 0 0 0 0 0 0 0 0 0 0 0 0 0 0 0 0 0 0 0 0 0 0 0 0 0 0 0 0 0 0 0 0 0 0 0 0 0 0 0 0 0 0 0 0 0 0 0 0 0 0 0 0 0 0 0 0 0 0 0 0 0 0 0 0 0 0 0 0 0 0 0 0 0 0 0 0 0 0 0 0 0 0 0 0 0 0 0 0 0 0 0 0 0 0 0 0 0 0 0 0 0 0 0 0 0 0 0 0 0 0 0 0 0 0 0 0 0 0 0 0 0 0 0 0 0 0 0 0 0 0 0 0 0 0 0 0 0 0 0 0 0 0 0 0 0 0 0 0 0 0 0 0 0 0 0
 0 0 0 0 0 0 0 0 0 0 0 0 0 0 0 0 0 0 0 0 0 0 0 0 0 0 0 0 0 0 0 0 0 0 0 0 0 0 0 0 0 0 0 0 0 0 0 0 0 0 0 0 0 0 0 0 0 0 0 0 0 0 0 0 0 0 0 0 0 0 0 0 0 0 0 0 0 0 0 0 0 0 0 0 0 0 0 0 0 0 0 0 0 0 0 0 0 0 0 0 0 0 0 0 0 0 0 0 0 0 0 0 0 0 0 0 0 0 0 0 0 0 0 0 0 0 0 0 0 0 0 0 0 0 0 0 0 0 0 0 0 0 0 0 0 0 0 0 0 0 0 0 0 0 0 0 0 0 0 0 0 0 0 0 0 0 0 0 0 0 0 0 0 0 0 0 0 0 0 0 0 0 0 0 0 0 0 0 0 0 0 0 0 0 0 0 0 0 0 0 0 0 0 0 0 0 0 0 0 0 0 0 0 0 0 0 0 0 0 0 0 0 0 0 0 0 0 0 0 0 0 0 0 0 0 0 0 0 0 0 0 0 0 0 0 0 0 0 0 0 0 0 0 0 0 0 0 0 0 0 0 0 0 0 0 0 0 0 0 0 0 0 0 0 0 0 0 0 0 0 0 0 0 0 0 0 0 0 0 0 0 0 0 0 0 0 0 0 0 0 0 0 0 0 0 0 0 0 0 0 0 0 0 0 0 0 0 0 0 0 0 0 0 0 0 0 0 0 0 0 0 0 0 0 0 0 0 0 0 0 0 0 0 0 0 0 0 0 0 0 0 0 0 0 0 0 0 0 0 0 0 0 0 0 0 0 0 0 0 0 0 0 0 0 0 0 0 0 0 0 0 0 0 0 0 0 0 0 0 0 0 0 0 0 0 0 0 0 0 0 0 0 0 0 0 0 0 0 0 0 0 0 0 0 0 0 0 0 0 0 0 0 0 0 0 0 0 0 0 0 0 0 0 0 0 0 0 0 0 0 0 0 0 0 0 0 0 0 0 0 0 0 0 0 0 0 0 0 0 0 0 0 0 0 0 0 0 0 0 0 0 0 0 0 0 0 0 0 0 0 0 0 0 0 0 0 0 0 0 0 0 0 0 0 0 0 0 0 0 0 0 0 0 0 0 0 0 0 0 0 0 0 0 0 0 0 0 0 0 0 0 0 0 0 0 0 0 0 0 0 0 0 0 0 0 0 0 0 0 0 0 0 0 0 0 0 0 0 0 0 0 0 0 0 0 0 0 0 0 0 0 0 0 0 0 0 0 0 0 0 0 0 0 0 0 0 0 0 0 0 0 0 0 0 0 0 0 0 0 0 0 0 0 0 0 0 0 0 0 0
 0 0 0 0 0 0 0 0 0 0 0 0 0 0 0 0 0 0 0 0 0 0 0 0 0 0 0 0 0 0 0 0 0 0 0 0 0 0 0 0 0 0 0 0 0 0 0 0 0 0 0 0 0 0 0 0 0 0 0 0 0 0 0 0 0 0 0 0 0 0 0 0 0 0 0 0 0 0 0 0 0 0 0 0 0 0 0 0 0 0 0 0 0 0 0 0 0 0 0 0 0 0 0 0 0 0 0 0 0 0 0 0 0 0 0 0 0 0 0 0 0 0 0 0 0 0 0 0 0 0 0 0 0 0 0 0 0 0 0 0 0 0 0 0 0 0 0 0 0 0 0 0 0 0 0 0 0 0 0 0 0 0 0 0 0 0 0 0 0 0 0 0 0 0 0 0 0 0 0 0 0 0 0 0 0 0 0 0 0 0 0 0 0 0 0 0 0 0 0 0 0 0 0 0 0 0 0 0 0 0 0 0 0 0 0 0 0 0 0 0 0 0 0 0 0 0 0 0 0 0 0 0 0 0 0 0 0 0 0 0 0 0 0 0 0 0 0 0 0 0 0 0 0 0 0 0 0 0 0 0 0 0 0 0 0 0 0 0 0 0 0 0 0 0 0 0 0 0 0 0 0 0 0 0 0 0 0 0 0 0 0 0 0 0 0 0 0 0 0 0 0 0 0 0 0.0003077458241023123 0.001306726597249508 0.003047281643375754 0.005517063662409782 0.008712224662303925 0.01255342084914446 0.0169675424695015 0.0219024121761322 0.02733372524380684 0.03330648690462112 0.03984292969107628 0.04689853638410568 0.05443393439054489 0.06235058978199959 0.07059298455715179 0.07916870713233948 0.088006891310215 0.09712333977222443 0.1064840108156204 0.1161396577954292 0.1260149478912354 0.1361404210329056 0.1465557664632797 0.1572820395231247 0.1682420819997787 0.1793874800205231 0.1907053291797638 0.2021874338388443 0.2120682001113892 0.2186392694711685 0.2208227813243866 0.2179437577724457 0.2094462215900421 0.1989739090204239 0.1890252083539963 0.1795739531517029 0.17059525847435 0.1620654910802841 0.1539622098207474 0.1462641060352325 0.1389508992433548 0.1320033520460129 0.1254031807184219 0.1191330254077911 0.1131763756275177 0.1075175553560257 0.1021416783332825 0.09703459590673447 0.09218286722898483 0.08757372200489044 0.0831950381398201 0.07903528958559036 0.07508352398872375 0.07132934778928757 0.06776288151741028 0.06437473744153976 0.06115600094199181 0.0580982007086277 0.05519329011440277 0.05243362486362457 0.0498119443655014 0.04732134565711021 0.04495527967810631 0.04270751401782036 0.04057213664054871 0.03854352980852127 0.03661635518074036 0.03478553891181946 0.03304626047611237 0.03139394894242287 0.02982425130903721 0.02833303809165955 0.0269163865596056 0.02557056769728661 0.02429203875362873 0.02307743765413761 0.02192356623709202 0.0208273883908987 0.01978601887822151 0.01879671774804592 0.01785688102245331 0.01696403697133064 0.0161158349364996 0.01531004346907139 0.01454454101622105 0.01381731405854225 0.01312644872814417 0.01247012615203857 0.01184661965817213 0.01125428825616837 0.01069157384335995 0.01015699468553066 0.009649144485592842 0.009166687726974487 0.008708353154361248 0.008272935636341572 0.007859288714826107 0.007466324139386415 0.007093008141964674 0.006738357711583376 0.006401439663022757 0.006081367842853069 0.005777299404144287 0.005488434340804815 0.005214012693613768 0.00495331222191453 0.00470564654096961 0.004470364190638065 0.004246845841407776 0.004034503363072872 0.003832778194919229 0.003641139250248671 0.003459082217887044 0.003286128165200353 0.00312182167544961 0.002965730614960194 0.002817444037646055 0.002676571719348431 0.002542743226513267 0.002415606053546071 0.002294825855642557 0.002180084586143494 0.002071080263704062 0.001967526273801923 0.001869149971753359 0.001775692449882627 0.001686907839030027 0.001602562493644655 0.001522434409707785 0.001446312642656267 0.001373996958136559 0.001305297133512795 0.001240032259374857 0.00117803062312305 0.001119129126891494 0.001063172705471516 0.001010014093481004 0.0009595133597031236 0.0009115376742556691 0.0008659607847221196 0.0008226627251133323 0.0007815295830368996 0.0007424530922435224 0.0007053304580040276 0.0006700639496557415 0.000636560725979507 0.0006047326605767012 0.0005744960508309305 0.0005457712686620653 0.000518482702318579 0.0004925585817545652 0.0004679306584876031 0.0004445341182872653 0.0004223074065521359 0.000401192024582997 0.0003811324131675065 0.0003620758070610464 0.0003439720021560788 0.0003267734136898071 0.0003104347561020404 0.0002949130139313638 0.0002801673545036465 0.0002661589824128896 0.0002528510231059045 0.0002402084646746516 0.000228198041440919 0.0002167881466448307 0.0002059487451333553 0.0001956513151526451 0.0001858687464846298 0.0001765753113431856 0.0001677465479588136 0.0001593592169228941 0.0001513912575319409 0.00014382170047611 0.0001366306096315384 0.0001297990820603445 0.0001233091315953061 0.000117143674287945 0.0001112864920287393 0.0001057221670635045 0.0001004360601655208 9.541425970382988e-05 9.064354526344687e-05 8.611136581748724e-05 8.180579607142136e-05 7.771550735924393e-05 7.382973126368597e-05 7.013824506429955e-05 6.663133535766974e-05 6.329976895358413e-05 6.013478196109645e-05 5.712804340873845e-05 5.427164069260471e-05 5.155805774847977e-05 4.898015322396532e-05 4.653114592656493e-05 4.420458935783245e-05 4.199436079943553e-05 3.989464312326163e-05 3.789991023950279e-05 3.600491618271917e-05 3.420466964598745e-05 3.24944376188796e-05 3.086971628363244e-05 2.932623101514764e-05 2.785992001008708e-05 2.646692337293644e-05 2.514357765903696e-05 2.388639950368088e-05 2.269208016514312e-05 2.155747642973438e-05 2.047960333584342e-05 1.945562326000072e-05 1.848284227889962e-05 1.755870107444935e-05 1.668076583882794e-05 1.58467282744823e-05 1.505439195170766e-05 1.430167230864754e-05 1.358658846584149e-05 1.290725867875153e-05 1.226189579028869e-05 1.164880086435005e-05 1.106636045733467e-05 1.051304207067005e-05 9.98738960333867e-06 9.488019713899121e-06 9.013619092002045e-06 8.562938091927208e-06 8.134791642078198e-06 7.728051969024818e-06 7.341649506997783e-06 6.974566986173159e-06 6.625838523177663e-06 6.294546437857207e-06 5.979818979540141e-06 5.680828053300502e-06 5.396786491473904e-06 5.126947144162841e-06 4.870599696005229e-06 4.627069756679703e-06 4.395716132421512e-06 4.175930371275172e-06 3.967134034610353e-06 3.768777332879836e-06 3.580338443498476e-06 3.401321464480134e-06 3.231255504942965e-06 3.069692638746346e-06 2.916207904490875e-06 2.770397486528964e-06 2.631877578096464e-06 2.500283699191641e-06 2.375269559706794e-06 2.256506149933557e-06 2.143680831068195e-06 2.036496880464256e-06 1.934672127390513e-06 1.83793849828362e-06 1.746041562000755e-06 1.658739506638085e-06 1.575802571096574e-06 1.497012476647797e-06 1.422161858499749e-06 1.351053811049496e-06 1.283501092075312e-06 1.219326009049837e-06 1.158359737019055e-06 1.100441750168102e-06 1.045419708134432e-06 9.931487738867872e-07 9.43491329508106e-07 8.96316748821846e-07 8.515008858012152e-07 8.089258471954963e-07 7.684795377826958e-07 7.300555466827063e-07 6.935527494533744e-07 6.588751375602442e-07 6.259313636292063e-07 5.946347982899169e-07 5.649030754284468e-07 5.366579216570244e-07 5.098250426271989e-07 4.843337819693261e-07 4.601170928708598e-07 4.371112254375475e-07 0.0001153981284005567 0.0003399307606741786 0.0006711837486363947 0.00110411352943629 0.001624289783649147 0.002226243726909161 0.002905239816755056 0.003656378015875816
 0 0 0 0 0 0 0 0 0 0 0 0 0 0 0 0 0 0 0 0 0 0 0 0 0 0 0 0 0 0 0 0 0 0 0 0 0 0 0 0 0 0 0 0 0 0 0 0 0 0 0 0 0 0 0 0 0 0 0 0 0 0 0 0 0 0 0 0 0 0 0 0 0 0 0 0 0 0 0 0 0 0 0 0 0 0 0 0 0 0 0 0 0 0 0 0 0 0 0 0 0 0 0 0 0 0 0 0 0 0 0 0 0 0 0 0 0 0 0 0 0 0 0 0 0 0 0 0 0 0 0 0 0 0 0 0 0 0 0 0 0 0 0 0 0 0 0 0 0 0 0 0 0 0 0 0 0 0 0 0 0 0 0 0 0 0 0 0 0 0 0 0 0 0 0 0 0 0 0 0 0 0 0 0 0 0 0 0 0 0 0 0 0 0 0 0 0 0 0 0 0 0 0 0 0 0 0 0 0 0 0 0 0 0 0 0 0 0 0 0 0 0 0 0 0 0 0 0 0 0 0 0 0 0 0 0 0 0 0 0 0 0 0 0 0 0 0 0 0 0 0 0 0 0 0 0 0 0 0 0 0 0 0 0 0 0 0 0 0 0 0 0 0 0 0 0 0 0 0 0 0 0 0 0 0 0 0 0 0 0 0 0 0 0 0 0 0 0 0 0 0 0 0 0 0 0 0 0 0 0 0 0 0 0 0 0 0 0 0 0 0 0 0 0 0 0 0 0 0 0 0 0 0 0 0 0 0 0 0 0 0 0 0 0 0 0 0 0 0 0 0 0 0 0 0 0 0 0 0 0 0 0 0 0 0 0 0 0 0 0 0 0 0 0 0 0 0 0 0 0 0 0 0 0 0 0 0 0 0 0 0 0 0 0 0 0 0 0 0 0 0 0 0 0 0 0 0 0 0 0 0 0 0 0 0 0 0 0 0 0 0 0 0 0 0 0 0 0 0 0 0 0 0 0 0 0 0 0 0 0 0 0 0 0 0 0 0 0 0 0 0 0 0 0 0 0 0 0 0 0 0 0 0 0 0 0 0 0 0 0 0 0 0 0 0 0 0 0 0 0 0 0 0 0 0 0 0 0 0 0 0 0 0 0 0 0 0 0 0 0 0 0 0 0 0 0 0 0 0 0 0 0 0 0 0 0 0 0 0 0 0 0 0 0 0 0 0 0 0 0 0 0 0 0 0 0 0 0 0 0 0 0 0 0 0 0 0 0 0 0 0 0 0 0 0 0 0 0 0 0 0 0 0 0 0 0 0 0 0 0 0 0 0 0 0 0 0 0 0 0 0 0 0 0 0 0 0 0 0 0 0 0 0 0 0 0 0 0 0 0
 0 0 0 0 0 0 0 0 0 0 0 0 0 0 0 0 0 0 0 0 0 0 0 0 0 0 0 0 0 0 0 0 0 0 0 0 0 0 0 0 0 0 0 0 0 0 0 0 0 0 0 0 0 0 0 0 0 0 0 0 0 0 0 0 0 0 0 0 0 0 0 0 0 0 0 0 0 0 0 0 0 0 0 0 0 0 0 0 0 0 0 0 0 0 0 0 0 0 0 0 0 0 0 0 0 0 0 0 0 0 0 0 0 0 0 0 0 0 0 0 0 0 0 0 0 0 0 0 0 0 0 0 0 0 0 0 0 0 0 0 0 0 0 0 0 0 0 0 0 0 0 0 0 0 0 0 0 0 0 0 0 0 0 0 0 0 0 0 0 0 0 0 0 0 0 0 0 0 0 0 0 0 0 0 0 0 0 0 0 0 0 0 0 0 0 0 0 0 0 0 0 0 0 0 0 0 0 0 0 0 0 0 0 0 0 0 0 0 0 0 0 0 0 0 0 0 0 0 0 0 0 0 0 0 0 0 0 0 0 0 0 0 0 0 0 0 0 0 0 0 0 0 0 0 0 0 0 0 0 0 0 0 0 0 0 0 0 0 0 0 0 0 0 0 0 0 0 0 0 0 0 0 0 0 0 0 0 0 0 0 0 0 0 0 0 0 0 0 0 0 0 0 0 0 0 0 0 0 0 0 0 0 0 0 0 0 0 0 0 0 0 0 0 0 0 0 0 0 0 0 0 0 0 0 0 0 0 0 0 0 0 0 0 0 0 0 0 0 0 0 0 0 0 0 0 0 0 0 0 0 0 0 0 0 0 0 0 0 0 0 0 0 0 0 0 0 0 0 0 0 0 0 0 0 0 0 0 0 0 0 0 0 0 0 0 0 0 0 0 0 0 0 0 0 0 0 0 0 0 0 0 0 0 0 0 0 0 0 0 0 0 0 0 0 0 0 0 0 0 0 0 0 0 0 0 0 0 0 0 0 0 0 0 0 0 0 0 0 0 0 0 0 0 0 0 0 0 0 0 0 0 0 0 0 0 0 0 0 0 0 0 0 0 0 0 0 0 0 0 0 0 0 0 0 0 0 0 0 0 0 0 0 0 0 0 0 0 0 0 0 0 0 0 0 0 0 0 0 0 0 0 0 0 0 0 0 0 0 0 0 0 0 0 0 0 0 0 0 0 0 0 0 0 0 0 0 0 0 0 0 0 0 0 0 0 0 0 0 0 0 0 0 0 0 0 0 0 0 0 0 0 0 0 0 0 0 0 0 0 0 0 0 0 0 0 0 0 0 0 0 0 0 0 0 0 0 0 0 0 0 0 0 0 0 0 0 0 0 0 0


# name: r_0_m10_G0_L0p3_D0p7
# type: matrix
# rows: 1
# columns: 14
 0 -10 0.2 0 0.3 0 -6.028883333333334 0 0 0.1926724781245797 0 136.6666666666667 1.366260102127946 0.7




