# Created by Octave 3.8.2, Mon Jun 19 11:52:18 2017 BST <co1ssj@node117>
# name: result
# type: scalar struct
# ndims: 2
 1 1
# length: 3
# name: params
# type: scalar struct
# ndims: 2
 1 1
# length: 18
# name: cleanup
# type: scalar
0


# name: num_runs
# type: scalar
6


# name: dopamine
# type: scalar
0.7


# name: targetCross
# type: scalar
1


# name: targetLuminance
# type: scalar
0.3


# name: targetWidthX
# type: scalar
6


# name: targetWidthY
# type: scalar
2


# name: fixCross
# type: scalar
1


# name: fixLuminance
# type: scalar
0.2


# name: fixWidthX
# type: scalar
6


# name: fixWidthY
# type: scalar
2


# name: fixOn
# type: scalar
0


# name: targetOff
# type: scalar
1


# name: targetOn
# type: scalar
0.2


# name: fixOff
# type: scalar
0.2


# name: targetThetaX
# type: scalar
0


# name: targetThetaY
# type: scalar
-12


# name: exptnum
# type: scalar
0




# name: r_0_m12_G0_L0p3_D0p7_llbn
# type: matrix
# rows: 24
# columns: 600
 0 0 0 0 0 0 0 0 0 0 0 0 0 0 0 0 0 0 0 0 0 0 0 0 0 0 0 0 0 0 0 0 0 0 0 0 0 0 0 0 0 0 0 0 0 0 0 0 0 0 0 0 0 0 0 0 0 0 0 0 0 0 0 0 0 0 0 0 0 0 0 0 0 0 0 0 0 0 0 0 0 0 0 0 0 0 0 0 0 0 0 0 0 0 0 0 0 0 0 0 0 0 0 0 0 0 0 0 0 0 0 0 0 0 0 0 0 0 0 0 0 0 0 0 0 0 0 0 0 0 0 0 0 0 0 0 0 0 0 0 0 0 0 0 0 0 0 0 0 0 0 0 0 0 0 0 0 0 0 0 0 0 0 0 0 0 0 0 0 0 0 0 0 0 0 0 0 0 0 0 0 0 0 0 0 0 0 0 0 0 0 0 0 0 0 0 0 0 0 0 0 0 0 0 0 0 0 0 0 0 0 0 0 0 0 0 0 0 0 0 0 0 0 0 0 0 0 0 0 0 0 0 0 0 0 0 0 0 0 0 0 0 0 0 0 0 0 0 0 0 0 0 0 0 0 0 0 0 0 0 0 0 0 0 0 0 0 0 0 0 0 0 0 0 0 0 0 0 0 0 0 0 0 0 0 0 0 0 0 0 0 0 0 0 0 0 0 0 0 0 0 0 0 0 0 0 0 0 0 0 0 0 0 0 0 0 0 0 0 0 0 0 0 0 0 0 0 0 0 0 0 0 0 0 0 0 0 0 0 0 0 0 0 0 0 0 0 0 0 0 0 0 0 0 0 0 0 0 0 0 0 0 0 0 0 0 0 0 0 0 0 0 0 0 0 0 0 0 0 0 0 0 0 0 0 0 0 0 0 0 0 0 0 0 0 0 0 0 0 0 0 0 0 0 0 0 0 0 0 0 0 0 0 0 0 0 0 0 0 0 0 0 0 0 0 0 0 0 0 0 0 0 0 0 0 0 0 0 0 0 0 0 0 0 0 0 0 0 0 0 0 0 0 0 0 0 0 0 0 0 0 0 0 0 0 0 0 0 0 0 0 0 0 0 0 0 0 0 0 0 0 0 0 0 0 0 0 0 0 0 0 0 0 0 0 0 0 0 0 0 0 0 0 0 0 0 0 0 0 0 0 0 0 0 0 0 0 0 0 0 0 0 0 0 0 0 0 0 0 0 0 0 0 0 0 0 0 0 0 0 0 0 0 0 0 0 0 0 0 0 0 0 0 0 0 0 0 0 0 0 0 0 0 0 0 0 0 0 0 0 0 0 0 0 0 0 0 0 0 0 0 0 0 0 0 0 0 0 0 0 0 0 0 0 0 0 0 0 0 0
 0 0 0 0 0 0 0 0 0 0 0 0 0 0 0 0 0 0 0 0 0 0 0 0 0 0 0 0 0 0 0 0 0 0 0 0 0 0 0 0 0 0 0 0 0 0 0 0 0 0 0 0 0 0 0 0 0 0 0 0 0 0 0 0 0 0 0 0 0 0 0 0 0 0 0 0 0 0 0 0 0 0 0 0 0 0 0 0 0 0 0 0 0 0 0 0 0 0 0 0 0 0 0 0 0 0 0 0 0 0 0 0 0 0 0 0 0 0 0 0 0 0 0 0 0 0 0 0 0 0 0 0 0 0 0 0 0 0 0 0 0 0 0 0 0 0 0 0 0 0 0 0 0 0 0 0 0 0 0 0 0 0 0 0 0 0 0 0 0 0 0 0 0 0 0 0 0 0 0 0 0 0 0 0 0 0 0 0 0 0 0 0 0 0 0 0 0 0 0 0 0 0 0 0 0 0 0 0 0 0 0 0 0 0 0 0 0 0 0 0 0 0 0 0 0 0 0 0 0 0 0 0 0 0 0 0 0 0 0 0 0 0 0 0 0 0 0 0 0 0 0 0 0 0 0 0 0 0 0 0 0 0 0 0 0 0 0 0 0 0 0 0 0 0 0 0 0 0 0 0 0 0 0 0 0 0 0 0 0 0 0 0 0 0 0 0 0 0 0 0 0 0 0 0 0 0 3.906849087798037e-05 0.0006521205650642514 0.001886190380901098 0.003823571838438511 0.006516502238810062 0.009970377199351788 0.01419453881680965 0.01922544836997986 0.02503253147006035 0.03153358772397041 0.03869754448533058 0.04643870517611504 0.05471466109156609 0.06338523328304291 0.07246566563844681 0.08192089200019836 0.09175479412078857 0.1019745469093323 0.1125939413905144 0.1235648021101952 0.1348395496606827 0.1464357376098633 0.1583264768123627 0.170488029718399 0.1829383373260498 0.1956224888563156 0.2084711492061615 0.2214455306529999 0.2328672558069229 0.2407723665237427 0.2438953518867493 0.241400882601738 0.2326734811067581 0.2210398018360138 0.2099878191947937 0.1994884312152863 0.1895140111446381 0.1800383031368256 0.1710363924503326 0.1624845713376999 0.1543603390455246 0.1466423273086548 0.139310210943222 0.1323446929454803 0.1257274597883224 0.1194410845637321 0.1134690269827843 0.1077955737709999 0.1024057939648628 0.09728550165891647 0.09242122620344162 0.08780016750097275 0.08341015875339508 0.07923965156078339 0.0752776712179184 0.07151378691196442 0.06793809682130814 0.06454119086265564 0.06131413206458092 0.05824842676520348 0.05533600598573685 0.05256920680403709 0.04994074627757072 0.04744371026754379 0.04507152363657951 0.04281794652342796 0.04067704826593399 0.03864319622516632 0.03671103715896606 0.03487548604607582 0.03313171118497849 0.03147512674331665 0.02990137040615082 0.02840630151331425 0.02698598615825176 0.02563668601214886 0.0243548508733511 0.02313710749149323 0.02198025211691856 0.02088123932480812 0.01983717828989029 0.0188453197479248 0.01790305413305759 0.01700790226459503 0.01615750789642334 0.01534963212907314 0.01458215061575174 0.0138530433177948 0.01316039077937603 0.01250237133353949 0.01187725272029638 0.01128339022397995 0.01071922108530998 0.01018325984477997 0.00967409648001194 0.0091903917491436 0.00873087253421545 0.008294329047203064 0.007879612967371941 0.007485632319003344 0.007111350540071726 0.006755783222615719 0.006417993921786547 0.006097094155848026 0.005792239680886269 0.005502627696841955 0.005227496381849051 0.004966121632605791 0.004717815667390823 0.004481924697756767 0.004257828462868929 0.004044936969876289 0.003842690028250217 0.003650555619969964 0.003468027804046869 0.003294626483693719 0.003129895078018308 0.002973400289192796 0.002824730239808559 0.00268349377438426 0.002549319062381983 0.002421853132545948 0.002300760475918651 0.002185722347348928 0.002076436299830675 0.001972614554688334 0.001873983768746257 0.001780284568667412 0.00169127038680017 0.001606706879101694 0.001526371575891972 0.001450052950531244 0.001377550303004682 0.001308672828599811 0.001243239152245224 0.001181077212095261 0.001122023328207433 0.001065922202542424 0.001012626104056835 0.0009619948104955256 0.0009138950845226645 0.0008682003244757652 0.0008247903315350413 0.0007835507858544588 0.0007443732465617359 0.0007071545696817338 0.0006717968499287963 0.0006382070132531226 0.0006062966422177851 0.0005759818013757467 0.000547182688023895 0.0005198235739953816 0.0004938323982059956 0.0004691407666541636 0.0004456837195903063 0.0004233995277900249 0.0004022295470349491 0.0003821180725935847 0.0003630121645983309 0.0003448615607339889 0.0003276184725109488 0.000311237556161359 0.0002956756798084825 0.0002808918943628669 0.0002668472880031914 0.0002535049279686064 0.0002408296859357506 0.0002287882089149207 0.0002173488028347492 0.0002064813597826287 0.0001961572852451354 0.0001863494253484532 0.0001770319504430518 0.0001681803551036865 0.0001597713417140767 0.0001517827768111601 0.0001441936328774318 0.0001369839446851984 0.0001301347510889173 0.0001236280077137053 0.0001174466087832116 0.0001115742779802531 0.0001059955611708574 0.0001006957827485166 9.566099470248446e-05 9.08779475139454e-05 8.633405377622694e-05 8.201735181501135e-05 7.79164838604629e-05 7.402065966743976e-05 7.031962741166353e-05 6.680364458588883e-05 6.346346344798803e-05 6.029029100318439e-05 5.727577809011564e-05 5.44119902770035e-05 5.169138967175968e-05 4.910682037007064e-05 4.66514793515671e-05 4.431890556588769e-05 4.210296174278483e-05 3.999781256425194e-05 3.799792102654465e-05 3.609802661230788e-05 3.429312346270308e-05 3.257846765336581e-05 3.094954445259646e-05 2.940206650237087e-05 2.793196290440392e-05 2.653536466823425e-05 2.520859561627731e-05 2.394816510786768e-05 2.275075712532271e-05 2.161321936000604e-05 2.053255775535945e-05 1.950592923094518e-05 1.853063258749899e-05 1.760410123097245e-05 1.672389589657541e-05 1.588770101079717e-05 1.509331559645943e-05 1.433864963473752e-05 1.362171678920276e-05 1.294063076784369e-05 1.229359895660309e-05 1.167891878139926e-05 1.109497316065244e-05 1.054022413882194e-05 1.001321288640611e-05 9.512552423984744e-06 9.036924893734977e-06 8.585078830947168e-06 8.155824616551399e-06 7.74803356762277e-06 7.360632025665836e-06 6.992600447119912e-06 6.642970220127609e-06 6.310821845545433e-06 5.995280844217632e-06 5.695516847481485e-06 5.410740868683206e-06 5.140203938935883e-06 4.88319392388803e-06 4.639034159481525e-06 4.407082542456919e-06 4.186728347121971e-06 3.977391770604299e-06 3.778522113861982e-06 3.589595962694148e-06 3.410116278246278e-06 3.239610578020802e-06 3.077630026382394e-06 2.923748525063274e-06 2.777561121547478e-06 2.638683099576156e-06 2.506748842279194e-06 2.381411377427867e-06 2.262340785819106e-06 2.149223746528151e-06 2.041762627413846e-06 1.93967457562394e-06 1.842690835474059e-06 1.750556293700356e-06 1.663028456277971e-06 1.579876993673679e-06 1.500883172411704e-06 1.425839059265854e-06 1.354547066512168e-06 1.286819724555244e-06 1.222478772433533e-06 1.161354816758831e-06 1.103287104342598e-06 1.048122726388101e-06 9.957166184904054e-07 9.459307648285176e-07 8.986341981653823e-07 1.376103227812564e-05 0.0002231417311122641 0.0006064154440537095 0.001159879611805081 0.001858476083725691 0.002693291287869215 0.003657538909465075 0.004740591160953045 0.005937334150075912 0.007233367767184973 0.008618255145847797 0.01008450705558062 0.01163224689662457 0.01326037850230932 0.01496675331145525 0.01674697175621986 0.01860330440104008 0.02054093405604362
 0 0 0 0 0 0 0 0 0 0 0 0 0 0 0 0 0 0 0 0 0 0 0 0 0 0 0 0 0 0 0 0 0 0 0 0 0 0 0 0 0 0 0 0 0 0 0 0 0 0 0 0 0 0 0 0 0 0 0 0 0 0 0 0 0 0 0 0 0 0 0 0 0 0 0 0 0 0 0 0 0 0 0 0 0 0 0 0 0 0 0 0 0 0 0 0 0 0 0 0 0 0 0 0 0 0 0 0 0 0 0 0 0 0 0 0 0 0 0 0 0 0 0 0 0 0 0 0 0 0 0 0 0 0 0 0 0 0 0 0 0 0 0 0 0 0 0 0 0 0 0 0 0 0 0 0 0 0 0 0 0 0 0 0 0 0 0 0 0 0 0 0 0 0 0 0 0 0 0 0 0 0 0 0 0 0 0 0 0 0 0 0 0 0 0 0 0 0 0 0 0 0 0 0 0 0 0 0 0 0 0 0 0 0 0 0 0 0 0 0 0 0 0 0 0 0 0 0 0 0 0 0 0 0 0 0 0 0 0 0 0 0 0 0 0 0 0 0 0 0 0 0 0 0 0 0 0 0 0 0 0 0 0 0 0 0 0 0 0 0 0 0 0 0 0 0 0 0 0 0 0 0 0 0 0 0 0 0 0 0 0 0 0 0 0 0 0 0 0 0 0 0 0 0 0 0 0 0 0 0 0 0 0 0 0 0 0 0 0 0 0 0 0 0 0 0 0 0 0 0 0 0 0 0 0 0 0 0 0 0 0 0 0 0 0 0 0 0 0 0 0 0 0 0 0 0 0 0 0 0 0 0 0 0 0 0 0 0 0 0 0 0 0 0 0 0 0 0 0 0 0 0 0 0 0 0 0 0 0 0 0 0 0 0 0 0 0 0 0 0 0 0 0 0 0 0 0 0 0 0 0 0 0 0 0 0 0 0 0 0 0 0 0 0 0 0 0 0 0 0 0 0 0 0 0 0 0 0 0 0 0 0 0 0 0 0 0 0 0 0 0 0 0 0 0 0 0 0 0 0 0 0 0 0 0 0 0 0 0 0 0 0 0 0 0 0 0 0 0 0 0 0 0 0 0 0 0 0 0 0 0 0 0 0 0 0 0 0 0 0 0 0 0 0 0 0 0 0 0 0 0 0 0 0 0 0 0 0 0 0 0 0 0 0 0 0 0 0 0 0 0 0 0 0 0 0 0 0 0 0 0 0 0 0 0 0 0 0 0 0 0 0 0 0 0 0 0 0 0 0 0 0 0 0 0 0 0 0 0 0 0 0 0 0 0 0 0 0 0 0 0 0 0 0 0 0 0 0 0 0 0 0 0 0 0 0 0 0 0 0
 0 0 0 0 0 0 0 0 0 0 0 0 0 0 0 0 0 0 0 0 0 0 0 0 0 0 0 0 0 0 0 0 0 0 0 0 0 0 0 0 0 0 0 0 0 0 0 0 0 0 0 0 0 0 0 0 0 0 0 0 0 0 0 0 0 0 0 0 0 0 0 0 0 0 0 0 0 0 0 0 0 0 0 0 0 0 0 0 0 0 0 0 0 0 0 0 0 0 0 0 0 0 0 0 0 0 0 0 0 0 0 0 0 0 0 0 0 0 0 0 0 0 0 0 0 0 0 0 0 0 0 0 0 0 0 0 0 0 0 0 0 0 0 0 0 0 0 0 0 0 0 0 0 0 0 0 0 0 0 0 0 0 0 0 0 0 0 0 0 0 0 0 0 0 0 0 0 0 0 0 0 0 0 0 0 0 0 0 0 0 0 0 0 0 0 0 0 0 0 0 0 0 0 0 0 0 0 0 0 0 0 0 0 0 0 0 0 0 0 0 0 0 0 0 0 0 0 0 0 0 0 0 0 0 0 0 0 0 0 0 0 0 0 0 0 0 0 0 0 0 0 0 0 0 0 0 0 0 0 0 0 0 0 0 0 0 0 0 0 0 0 0 0 0 0 0 0 0 0 0 0 0 0 0 0 0 0 0 0 0 0 0 0 0 0 0 0 0 0 0 0 0 0 0 0 0 0 0 0 0 0 0 0 0 0 0 0 0 0 0 0 0 0 0 0 0 0 0 0 0 0 0 0 0 0 0 0 0 0 0 0 0 0 0 0 0 0 0 0 0 0 0 0 0 0 0 0 0 0 0 0 0 0 0 0 0 0 0 0 0 0 0 0 0 0 0 0 0 0 0 0 0 0 0 0 0 0 0 0 0 0 0 0 0 0 0 0 0 0 0 0 0 0 0 0 0 0 0 0 0 0 0 0 0 0 0 0 0 0 0 0 0 0 0 0 0 0 0 0 0 0 0 0 0 0 0 0 0 0 0 0 0 0 0 0 0 0 0 0 0 0 0 0 0 0 0 0 0 0 0 0 0 0 0 0 0 0 0 0 0 0 0 0 0 0 0 0 0 0 0 0 0 0 0 0 0 0 0 0 0 0 0 0 0 0 0 0 0 0 0 0 0 0 0 0 0 0 0 0 0 0 0 0 0 0 0 0 0 0 0 0 0 0 0 0 0 0 0 0 0 0 0 0 0 0 0 0 0 0 0 0 0 0 0 0 0 0 0 0 0 0 0 0 0 0 0 0 0 0 0 0 0 0 0 0 0 0 0 0 0 0 0 0 0 0 0 0 0 0 0 0 0 0 0 0 0 0 0 0 0 0 0 0 0 0 0 0 0 0 0
 0 0 0 0 0 0 0 0 0 0 0 0 0 0 0 0 0 0 0 0 0 0 0 0 0 0 0 0 0 0 0 0 0 0 0 0 0 0 0 0 0 0 0 0 0 0 0 0 0 0 0 0 0 0 0 0 0 0 0 0 0 0 0 0 0 0 0 0 0 0 0 0 0 0 0 0 0 0 0 0 0 0 0 0 0 0 0 0 0 0 0 0 0 0 0 0 0 0 0 0 0 0 0 0 0 0 0 0 0 0 0 0 0 0 0 0 0 0 0 0 0 0 0 0 0 0 0 0 0 0 0 0 0 0 0 0 0 0 0 0 0 0 0 0 0 0 0 0 0 0 0 0 0 0 0 0 0 0 0 0 0 0 0 0 0 0 0 0 0 0 0 0 0 0 0 0 0 0 0 0 0 0 0 0 0 0 0 0 0 0 0 0 0 0 0 0 0 0 0 0 0 0 0 0 0 0 0 0 0 0 0 0 0 0 0 0 0 0 0 0 0 0 0 0 0 0 0 0 0 0 0 0 0 0 0 0 0 0 0 0 0 0 0 0 0 0 0 0 0 0 0 0 0 0 0 0 0 0 0 0 0 0 0 0 0 0 0 0 0 0 0 0 0 0 0 0 0 0 0 0 0 0 0 0 0 0 0 0 0 0 0 0 0 0 0 0 0 0 0 0 0 0 0 0 0 0 0 0 0 0 0 0 0 0 0 0 0 0 0 0 0 0 0 0 0 0 0 0 0 0 0 0 0 0 0 0 0 0 0 0 0 0 0 0 0 0 0 0 0 0 0 0 0 0 0 0 0 0 0 0 0 0 0 0 0 0 0 0 0 0 0 0 0 0 0 0 0 0 0 0 0 0 0 0 0 0 0 0 0 0 0 0 0 0 0 0 0 0 0 0 0 0 0 0 0 0 0 0 0 0 0 0 0 0 0 0 0 0 0 0 0 0 0 0 0 0 0 0 0 0 0 0 0 0 0 0 0 0 0 0 0 0 0 0 0 0 0 0 0 0 0 0 0 0 0 0 0 0 0 0 0 0 0 0 0 0 0 0 0 0 0 0 0 0 0 0 0 0 0 0 0 0 0 0 0 0 0 0 0 0 0 0 0 0 0 0 0 0 0 0 0 0 0 0 0 0 0 0 0 0 0 0 0 0 0 0 0 0 0 0 0 0 0 0 0 0 0 0 0 0 0 0 0 0 0 0 0 0 0 0 0 0 0 0 0 0 0 0 0 0 0 0 0 0 0 0 0 0 0 0 0 0 0 0 0 0 0 0 0 0 0 0 0 0 0 0 0 0 0 0 0 0 0 0 0 0 0 0 0 0 0 0 0 0 0 0 0 0 0 0
 0 0 0 0 0 0 0 0 0 0 0 0 0 0 0 0 0 0 0 0 0 0 0 0 0 0 0 0 0 0 0 0 0 0 0 0 0 0 0 0 0 0 0 0 0 0 0 0 0 0 0 0 0 0 0 0 0 0 0 0 0 0 0 0 0 0 0 0 0 0 0 0 0 0 0 0 0 0 0 0 0 0 0 0 0 0 0 0 0 0 0 0 0 0 0 0 0 0 0 0 0 0 0 0 0 0 0 0 0 0 0 0 0 0 0 0 0 0 0 0 0 0 0 0 0 0 0 0 0 0 0 0 0 0 0 0 0 0 0 0 0 0 0 0 0 0 0 0 0 0 0 0 0 0 0 0 0 0 0 0 0 0 0 0 0 0 0 0 0 0 0 0 0 0 0 0 0 0 0 0 0 0 0 0 0 0 0 0 0 0 0 0 0 0 0 0 0 0 0 0 0 0 0 0 0 0 0 0 0 0 0 0 0 0 0 0 0 0 0 0 0 0 0 0 0 0 0 0 0 0 0 0 0 0 0 0 0 0 0 0 0 0 0 0 0 0 0 0 0 0 0 0 0 0 0 0 0 0 0 0 0 0 0 0 0 0 0 0 0 0 0 0 0 0 0 0 0 0 0 0 0 0 0 0 0 0 0 0 0 0 0 0 0 0 0 0 0 0 0 0 0 0 0 0 0 0 0.0003682796377688646 0.001379075576551259 0.003089283127337694 0.005511708557605743 0.008694096468389034 0.01272592134773731 0.01751120388507843 0.02306938171386719 0.02928216196596622 0.0361369252204895 0.04359617829322815 0.05160189047455788 0.06011316552758217 0.0690062940120697 0.07830169796943665 0.08801786601543427 0.09807144105434418 0.1085246130824089 0.1193271949887276 0.1304052770137787 0.1417301595211029 0.1533390730619431 0.1653074324131012 0.177596241235733 0.1901218146085739 0.2029136717319489 0.2158674448728561 0.2283939868211746 0.2381746172904968 0.2436630427837372 0.2438198179006577 0.2379695475101471 0.2260710746049881 0.2147675156593323 0.2040291428565979 0.1938276886940002 0.184136301279068 0.1749294847249985 0.1661830097436905 0.1578738540410995 0.1499801576137543 0.1424811482429504 0.1353570967912674 0.1285892426967621 0.1221597790718079 0.1160517930984497 0.1102492064237595 0.1047367453575134 0.09949991106987 0.09452491253614426 0.08979866653680801 0.0853087306022644 0.0810432955622673 0.07699113339185715 0.07314157485961914 0.06948449462652206 0.06601026654243469 0.0627097561955452 0.05957426875829697 0.05659555643796921 0.05376577749848366 0.05107748880982399 0.04852361604571342 0.04609743505716324 0.04379256442189217 0.04160293564200401 0.03952278941869736 0.03754664957523346 0.03566931560635567 0.03388585150241852 0.03219155967235565 0.03058198094367981 0.02905288152396679 0.02760023809969425 0.02622022666037083 0.02490921504795551 0.02366375364363194 0.0224805660545826 0.02135653793811798 0.02028871141374111 0.0192742757499218 0.01831056177616119 0.01739503443241119 0.01652528345584869 0.01569901965558529 0.01491406839340925 0.01416836492717266 0.0134599469602108 0.01278694998472929 0.01214760262519121 0.01154022291302681 0.01096321176737547 0.01041505113244057 0.009894298389554024 0.00939958356320858 0.008929604664444923 0.008483124896883965 0.008058968931436539 0.007656020577996969 0.007273219525814056 0.006909558549523354 0.006564080715179443 0.006235876586288214 0.005924082826822996 0.005627878475934267 0.005346484482288361 0.005079160444438457 0.004825202282518148 0.004583942238241434 0.004354745149612427 0.004137007985264063 0.003930157516151667 0.003733649617061019 0.003546967171132565 0.003369618905708194 0.003201137995347381 0.003041081130504608 0.002889027120545506 0.002744575729593635 0.002607346978038549 0.0024769795127213 0.002353130606934428 0.002235474064946175 0.002123700454831123 0.002017515478655696 0.001916639739647508 0.001820807810872793 0.001729767420329154 0.001643279101699591 0.001561115146614611 0.001483059371821582 0.001408906420692801 0.001338461064733565 0.001271537970751524 0.001207961118780077 0.001147563103586435 0.001090184901840985 0.001035675639286637 0.000983891892246902 0.0009346972801722586 0.0008879624074324965 0.0008435642812401056 0.0008013860788196325 0.0007613167981617153 0.0007232509669847786 0.0006870884099043906 0.0006527340156026185 0.0006200973293744028 0.0005890924367122352 0.000559637788683176 0.0005316559108905494 0.0005050731124356389 0.000479819456813857 0.0004558284708764404 0.000433037057518959 0.0004113852046430111 0.0003908159560523927 0.0003712751495186239 0.0003527113876771182 0.0003350758051965386 0.0003183220105711371 0.0003024059114977717 0.0002872856275644153 0.000272921344731003 0.000259275286225602 0.0002463115088175982 0.0002339959319215268 0.0002222961338702589 0.0002111813228111714 0.0002006222493946552 0.0001905911340145394 0.0001810615794965997 0.0001720084983389825 0.0001634080690564588 0.0001552376634208485 0.0001474757737014443 0.0001401019835611805 0.0001330968807451427 0.0001264420425286517 0.0001201199411298148 0.0001141139437095262 0.0001084082468878478 0.0001029878330882639 9.783844143385068e-05 9.294651681557298e-05 8.829918806441128e-05 8.388423157157376e-05 7.969002035679296e-05 7.570551679236814e-05 7.19202434993349e-05 6.83242324157618e-05 6.490801752079278e-05 6.166262028273195e-05 5.857948781340383e-05 5.565051469602622e-05 5.286798841552809e-05 5.022458935854957e-05 4.771335807163268e-05 4.532769162324257e-05 4.306130722397938e-05 4.09082422265783e-05 3.886282866005786e-05 3.691968595376238e-05 3.507370274746791e-05 3.332001870148815e-05 3.165401722071692e-05 3.007131635968108e-05 2.856775063264649e-05 2.713936373766046e-05 2.578239582362585e-05 2.44932762143435e-05 2.326861249457579e-05 2.210518141509965e-05 2.099992161674891e-05 1.994992635445669e-05 1.895243076432962e-05 1.800481004465837e-05 1.710457036097068e-05 1.624934157007374e-05 1.543687540106475e-05 1.466503181291046e-05 1.393177990394179e-05 1.323519063589629e-05 1.257343137694988e-05 1.194475953525398e-05 1.134752164944075e-05 1.078014520317083e-05 1.024113771563862e-05 9.729081284604035e-06 9.242627129424363e-06 8.780495591054205e-06 8.341470675077289e-06 7.924397323222365e-06 7.528177320637042e-06 7.151768386393087e-06 6.79418008076027e-06 6.454471076722257e-06 6.131747340987204e-06 5.825159860251006e-06 5.533901912713191e-06 5.257206794340163e-06 4.994346454623155e-06 4.744629222841468e-06 4.507397534325719e-06 4.282027475710493e-06 4.067926056450233e-06 3.864529844577191e-06 3.671303375085699e-06 3.487738240437466e-06 3.313351271572174e-06 3.147683628412778e-06 2.990299435623456e-06 2.840784418367548e-06 2.698745220186538e-06 2.563808038757998e-06 2.435617716400884e-06 2.31383683058084e-06 2.198145011789165e-06 2.088237806674442e-06 1.983825995921507e-06 1.884634684756747e-06 1.790402961887594e-06 1.700882762634137e-06 1.615838641555456e-06 1.535046749268076e-06 1.458294377698621e-06 1.385379619023297e-06 1.316110683546867e-06 1.250305103894789e-06 1.187789848700049e-06 1.128400299421628e-06 1.071980250344495e-06 1.018381226458587e-06 9.674621423982899e-07 9.190890182253497e-07 8.731345815249369e-07 0.0001337981084361672 0.0004663691506721079 0.0009863045997917652 0.001663927221670747 0.002482888288795948 0.003436631057411432 0.00451856292784214 0.005726104602217674 0.00703040836378932 0.008420472033321857 0.009898187592625618 0.01146100461483002 0.01310775429010391 0.01483629085123539 0.01664564944803715 0.01853089407086372 0.02048144489526749 0.02248987928032875
 0 0 0 0 0 0 0 0 0 0 0 0 0 0 0 0 0 0 0 0 0 0 0 0 0 0 0 0 0 0 0 0 0 0 0 0 0 0 0 0 0 0 0 0 0 0 0 0 0 0 0 0 0 0 0 0 0 0 0 0 0 0 0 0 0 0 0 0 0 0 0 0 0 0 0 0 0 0 0 0 0 0 0 0 0 0 0 0 0 0 0 0 0 0 0 0 0 0 0 0 0 0 0 0 0 0 0 0 0 0 0 0 0 0 0 0 0 0 0 0 0 0 0 0 0 0 0 0 0 0 0 0 0 0 0 0 0 0 0 0 0 0 0 0 0 0 0 0 0 0 0 0 0 0 0 0 0 0 0 0 0 0 0 0 0 0 0 0 0 0 0 0 0 0 0 0 0 0 0 0 0 0 0 0 0 0 0 0 0 0 0 0 0 0 0 0 0 0 0 0 0 0 0 0 0 0 0 0 0 0 0 0 0 0 0 0 0 0 0 0 0 0 0 0 0 0 0 0 0 0 0 0 0 0 0 0 0 0 0 0 0 0 0 0 0 0 0 0 0 0 0 0 0 0 0 0 0 0 0 0 0 0 0 0 0 0 0 0 0 0 0 0 0 0 0 0 0 0 0 0 0 0 0 0 0 0 0 0 0 0 0 0 0 0 0 0 0 0 0 0 0 0 0 0 0 0 0 0 0 0 0 0 0 0 0 0 0 0 0 0 0 0 0 0 0 0 0 0 0 0 0 0 0 0 0 0 0 0 0 0 0 0 0 0 0 0 0 0 0 0 0 0 0 0 0 0 0 0 0 0 0 0 0 0 0 0 0 0 0 0 0 0 0 0 0 0 0 0 0 0 0 0 0 0 0 0 0 0 0 0 0 0 0 0 0 0 0 0 0 0 0 0 0 0 0 0 0 0 0 0 0 0 0 0 0 0 0 0 0 0 0 0 0 0 0 0 0 0 0 0 0 0 0 0 0 0 0 0 0 0 0 0 0 0 0 0 0 0 0 0 0 0 0 0 0 0 0 0 0 0 0 0 0 0 0 0 0 0 0 0 0 0 0 0 0 0 0 0 0 0 0 0 0 0 0 0 0 0 0 0 0 0 0 0 0 0 0 0 0 0 0 0 0 0 0 0 0 0 0 0 0 0 0 0 0 0 0 0 0 0 0 0 0 0 0 0 0 0 0 0 0 0 0 0 0 0 0 0 0 0 0 0 0 0 0 0 0 0 0 0 0 0 0 0 0 0 0 0 0 0 0 0 0 0 0 0 0 0 0 0 0 0 0 0 0 0 0 0 0 0 0 0 0 0 0 0 0 0 0 0 0 0 0 0 0 0 0 0 0 0
 0 0 0 0 0 0 0 0 0 0 0 0 0 0 0 0 0 0 0 0 0 0 0 0 0 0 0 0 0 0 0 0 0 0 0 0 0 0 0 0 0 0 0 0 0 0 0 0 0 0 0 0 0 0 0 0 0 0 0 0 0 0 0 0 0 0 0 0 0 0 0 0 0 0 0 0 0 0 0 0 0 0 0 0 0 0 0 0 0 0 0 0 0 0 0 0 0 0 0 0 0 0 0 0 0 0 0 0 0 0 0 0 0 0 0 0 0 0 0 0 0 0 0 0 0 0 0 0 0 0 0 0 0 0 0 0 0 0 0 0 0 0 0 0 0 0 0 0 0 0 0 0 0 0 0 0 0 0 0 0 0 0 0 0 0 0 0 0 0 0 0 0 0 0 0 0 0 0 0 0 0 0 0 0 0 0 0 0 0 0 0 0 0 0 0 0 0 0 0 0 0 0 0 0 0 0 0 0 0 0 0 0 0 0 0 0 0 0 0 0 0 0 0 0 0 0 0 0 0 0 0 0 0 0 0 0 0 0 0 0 0 0 0 0 0 0 0 0 0 0 0 0 0 0 0 0 0 0 0 0 0 0 0 0 0 0 0 0 0 0 0 0 0 0 0 0 0 0 0 0 0 0 0 0 0 0 0 0 0 0 0 0 0 0 0 0 0 0 0 0 0 0 0 0 0 0 0 0 0 0 0 0 0 0 0 0 0 0 0 0 0 0 0 0 0 0 0 0 0 0 0 0 0 0 0 0 0 0 0 0 0 0 0 0 0 0 0 0 0 0 0 0 0 0 0 0 0 0 0 0 0 0 0 0 0 0 0 0 0 0 0 0 0 0 0 0 0 0 0 0 0 0 0 0 0 0 0 0 0 0 0 0 0 0 0 0 0 0 0 0 0 0 0 0 0 0 0 0 0 0 0 0 0 0 0 0 0 0 0 0 0 0 0 0 0 0 0 0 0 0 0 0 0 0 0 0 0 0 0 0 0 0 0 0 0 0 0 0 0 0 0 0 0 0 0 0 0 0 0 0 0 0 0 0 0 0 0 0 0 0 0 0 0 0 0 0 0 0 0 0 0 0 0 0 0 0 0 0 0 0 0 0 0 0 0 0 0 0 0 0 0 0 0 0 0 0 0 0 0 0 0 0 0 0 0 0 0 0 0 0 0 0 0 0 0 0 0 0 0 0 0 0 0 0 0 0 0 0 0 0 0 0 0 0 0 0 0 0 0 0 0 0 0 0 0 0 0 0 0 0 0 0 0 0 0 0 0 0 0 0 0 0 0 0 0 0 0 0 0 0 0 0 0 0 0 0 0 0 0 0 0 0 0 0 0 0 0 0 0 0
 0 0 0 0 0 0 0 0 0 0 0 0 0 0 0 0 0 0 0 0 0 0 0 0 0 0 0 0 0 0 0 0 0 0 0 0 0 0 0 0 0 0 0 0 0 0 0 0 0 0 0 0 0 0 0 0 0 0 0 0 0 0 0 0 0 0 0 0 0 0 0 0 0 0 0 0 0 0 0 0 0 0 0 0 0 0 0 0 0 0 0 0 0 0 0 0 0 0 0 0 0 0 0 0 0 0 0 0 0 0 0 0 0 0 0 0 0 0 0 0 0 0 0 0 0 0 0 0 0 0 0 0 0 0 0 0 0 0 0 0 0 0 0 0 0 0 0 0 0 0 0 0 0 0 0 0 0 0 0 0 0 0 0 0 0 0 0 0 0 0 0 0 0 0 0 0 0 0 0 0 0 0 0 0 0 0 0 0 0 0 0 0 0 0 0 0 0 0 0 0 0 0 0 0 0 0 0 0 0 0 0 0 0 0 0 0 0 0 0 0 0 0 0 0 0 0 0 0 0 0 0 0 0 0 0 0 0 0 0 0 0 0 0 0 0 0 0 0 0 0 0 0 0 0 0 0 0 0 0 0 0 0 0 0 0 0 0 0 0 0 0 0 0 0 0 0 0 0 0 0 0 0 0 0 0 0 0 0 0 0 0 0 0 0 0 0 0 0 0 0 0 0 0 0 0 0 0 0 0 0 0 0 0 0 0 0 0 0 0 0 0 0 0 0 0 0 0 0 0 0 0 0 0 0 0 0 0 0 0 0 0 0 0 0 0 0 0 0 0 0 0 0 0 0 0 0 0 0 0 0 0 0 0 0 0 0 0 0 0 0 0 0 0 0 0 0 0 0 0 0 0 0 0 0 0 0 0 0 0 0 0 0 0 0 0 0 0 0 0 0 0 0 0 0 0 0 0 0 0 0 0 0 0 0 0 0 0 0 0 0 0 0 0 0 0 0 0 0 0 0 0 0 0 0 0 0 0 0 0 0 0 0 0 0 0 0 0 0 0 0 0 0 0 0 0 0 0 0 0 0 0 0 0 0 0 0 0 0 0 0 0 0 0 0 0 0 0 0 0 0 0 0 0 0 0 0 0 0 0 0 0 0 0 0 0 0 0 0 0 0 0 0 0 0 0 0 0 0 0 0 0 0 0 0 0 0 0 0 0 0 0 0 0 0 0 0 0 0 0 0 0 0 0 0 0 0 0 0 0 0 0 0 0 0 0 0 0 0 0 0 0 0 0 0 0 0 0 0 0 0 0 0 0 0 0 0 0 0 0 0 0 0 0 0 0 0 0 0 0 0 0 0 0 0 0 0 0 0 0 0 0 0 0 0 0 0 0 0 0 0
 0 0 0 0 0 0 0 0 0 0 0 0 0 0 0 0 0 0 0 0 0 0 0 0 0 0 0 0 0 0 0 0 0 0 0 0 0 0 0 0 0 0 0 0 0 0 0 0 0 0 0 0 0 0 0 0 0 0 0 0 0 0 0 0 0 0 0 0 0 0 0 0 0 0 0 0 0 0 0 0 0 0 0 0 0 0 0 0 0 0 0 0 0 0 0 0 0 0 0 0 0 0 0 0 0 0 0 0 0 0 0 0 0 0 0 0 0 0 0 0 0 0 0 0 0 0 0 0 0 0 0 0 0 0 0 0 0 0 0 0 0 0 0 0 0 0 0 0 0 0 0 0 0 0 0 0 0 0 0 0 0 0 0 0 0 0 0 0 0 0 0 0 0 0 0 0 0 0 0 0 0 0 0 0 0 0 0 0 0 0 0 0 0 0 0 0 0 0 0 0 0 0 0 0 0 0 0 0 0 0 0 0 0 0 0 0 0 0 0 0 0 0 0 0 0 0 0 0 0 0 0 0 0 0 0 0 0 0 0 0 0 0 0 0 0 0 0 0 0 0 0 0 0 0 0 0 0 0 0 0 0 0 0 0 0 0 0 0 0 0 0 0 0 0 0 0 0 0 0 0 0 0 0 0 0 0 0 0 0 0 0 0 0 0 0 0 0 0 0 0 0 0 0 0 0.0003101947077084333 0.001254115020856261 0.002899786923080683 0.005284032318741083 0.008457046002149582 0.01241383515298367 0.01717370003461838 0.02278643473982811 0.02916486188769341 0.03622409328818321 0.04385846480727196 0.05200753733515739 0.06064924597740173 0.06969397515058517 0.07914198935031891 0.08895129710435867 0.09910069406032562 0.109628438949585 0.1205336377024651 0.1317195296287537 0.1432363241910934 0.1551152765750885 0.1672637313604355 0.1796929687261581 0.1924518346786499 0.2054710239171982 0.2186623215675354 0.2312954068183899 0.2410291880369186 0.2463290393352509 0.2461491972208023 0.2398466467857361 0.227854311466217 0.2164615988731384 0.205638512969017 0.1953565925359726 0.1855887621641159 0.1763093173503876 0.1674938499927521 0.1591191589832306 0.1511632055044174 0.143605038523674 0.1364247798919678 0.1296035349369049 0.1231233552098274 0.116967186331749 0.1111188232898712 0.1055628806352615 0.1002847403287888 0.09527049958705902 0.09050697088241577 0.08598162233829498 0.08168254047632217 0.07759841531515121 0.07371849566698074 0.07003257423639297 0.06653094291687012 0.06320439279079437 0.06004417315125465 0.0570419654250145 0.05418986827135086 0.05148037523031235 0.0489063560962677 0.04646103829145432 0.04413798451423645 0.04193108528852463 0.03983452916145325 0.03784280270338058 0.03595066070556641 0.03415312618017197 0.03244546800851822 0.03082319535315037 0.02928203530609608 0.02781793288886547 0.02642703615128994 0.02510568499565125 0.02385040000081062 0.02265788055956364 0.02152498625218868 0.02044873684644699 0.01942629925906658 0.01845498383045197 0.0175322350114584 0.01665562391281128 0.01582284271717072 0.01503170095384121 0.01428011618554592 0.01356611028313637 0.01288780476897955 0.01224341429769993 0.0116312438622117 0.01104968134313822 0.01049719750881195 0.009972337633371353 0.009473720565438271 0.009000035002827644 0.00855003297328949 0.008122531697154045 0.0077164052054286 0.007330584805458784 0.006964055355638266 0.006615852471441031 0.006285059731453657 0.005970806814730167 0.005672266706824303 0.005388653371483088 0.005119220819324255 0.004863259848207235 0.004620096646249294 0.004389091860502958 0.004169637337327003 0.003961155656725168 0.003763097804039717 0.003574942937120795 0.003396195825189352 0.003226385917514563 0.003065066644921899 0.002911813324317336 0.002766222693026066 0.002627911511808634 0.002496515866369009 0.002371690003201365 0.002253105398267508 0.002140450058504939 0.002033427590504289 0.001931756269186735 0.001835168455727398 0.00174341001547873 0.001656239503063262 0.001573427580296993 0.001494756201282144 0.001420018379576504 0.001349017489701509 0.001281566568650305 0.001217488199472427 0.00115661381278187 0.001098783104680479 0.001043843920342624 0.0009916516719385982 0.0009420691058039665 0.0008949656621553004 0.000850217358674854 0.0008077064994722605 0.0007673211512155831 0.0007289550849236548 0.0006925073103047907 0.0006578819593414664 0.0006249878788366914 0.0005937385139986873 0.0005640515591949224 0.000535848957952112 0.0005090564955025911 0.0004836036823689938 0.000459423492429778 0.0004364523047115654 0.0004146296996623278 0.0003938982263207436 0.0003742033150047064 0.0003554931608960032 0.0003377184912096709 0.0003208325651939958 0.0003047909412998706 0.0002895513898693025 0.0002750738058239222 0.0002613201213534921 0.0002482541021890938 0.000235841391258873 0.0002240493195131421 0.0002128468477167189 0.000202204508241266 0.0001920942886499688 0.0001824895734898746 0.000173365100636147 0.0001646968448767439 0.0001564620033605024 0.0001486389082856476 0.0001412069686921313 0.0001341466268058866 0.0001274392998311669 0.0001210673362948 0.0001150139723904431 0.0001092632737709209 0.0001038001064443961 9.861010039458051e-05 9.367959864903241e-05 8.899562089936808e-05 8.454584167338908e-05 8.031854667933658e-05 7.630261825397611e-05 7.248748443089426e-05 6.886311166454107e-05 6.541995389852673e-05 6.21489598415792e-05 5.904151112190448e-05 5.608943683910184e-05 5.328496627043933e-05 5.062071795691736e-05 4.808968151337467e-05 4.568519580061547e-05 4.340093437349424e-05 4.123088729102165e-05 3.916934292647056e-05 3.721087705343962e-05 3.535033465595916e-05 3.358281901455484e-05 3.19036771543324e-05 3.030849256902002e-05 2.879306703107432e-05 2.735341331572272e-05 2.598574246803764e-05 2.468645470798947e-05 2.345213215448894e-05 2.227952609246131e-05 2.116554969688877e-05 2.010727257584222e-05 1.910190985654481e-05 1.814681490941439e-05 1.723947389109526e-05 1.637750028748997e-05 1.555862581881229e-05 1.478069498261902e-05 1.404166050633648e-05 1.333957789029228e-05 1.26725990412524e-05 1.203896863444243e-05 1.143702047556872e-05 1.086516931536607e-05 1.032191084959777e-05 9.805815352592617e-06 9.315524948760867e-06 8.849749065120704e-06 8.407261702814139e-06 7.986898708622903e-06 7.587553682242287e-06 7.208176157291746e-06 6.847767508588731e-06 6.505379133159295e-06 6.18011017650133e-06 5.871104804100469e-06 5.577549472945975e-06 5.298672022036044e-06 5.033738489146344e-06 4.782051746587968e-06 4.542949227470672e-06 4.31580156146083e-06 4.100011665286729e-06 3.89501110475976e-06 3.700260549521772e-06 3.515247499308316e-06 3.339485147080268e-06 3.1725107874081e-06 3.013885361724533e-06 2.863191184587777e-06 2.720031716307858e-06 2.584030198704568e-06 2.454828745612758e-06 2.332087206013966e-06 2.215482936662738e-06 2.10470875572355e-06 1.999473397518159e-06 1.8994996935362e-06 1.804524686122022e-06 1.714298491606314e-06 1.628583618185075e-06 1.547154397485428e-06 1.469796643505106e-06 1.396306856804586e-06 1.326491542386066e-06 1.260166982319788e-06 1.19715866730985e-06 1.137300728260016e-06 1.08043570890004e-06 1.026413883664645e-06 9.750931440066779e-07 9.26338486806344e-07 8.800215596238559e-07 0.0001638634857954457 0.0005283295758999884 0.001073018996976316 0.001766981440596282 0.002603452187031507 0.003575597889721394 0.004680464509874582 0.005903673358261585 0.007224814500659704 0.008639974519610405 0.01014791987836361 0.01174573507159948 0.01343287620693445 0.01520770974457264 0.01706887036561966 0.01900430768728256 0.02100439742207527 0.02306381426751614 0.02515093423426151 0.02725628949701786
 0 0 0 0 0 0 0 0 0 0 0 0 0 0 0 0 0 0 0 0 0 0 0 0 0 0 0 0 0 0 0 0 0 0 0 0 0 0 0 0 0 0 0 0 0 0 0 0 0 0 0 0 0 0 0 0 0 0 0 0 0 0 0 0 0 0 0 0 0 0 0 0 0 0 0 0 0 0 0 0 0 0 0 0 0 0 0 0 0 0 0 0 0 0 0 0 0 0 0 0 0 0 0 0 0 0 0 0 0 0 0 0 0 0 0 0 0 0 0 0 0 0 0 0 0 0 0 0 0 0 0 0 0 0 0 0 0 0 0 0 0 0 0 0 0 0 0 0 0 0 0 0 0 0 0 0 0 0 0 0 0 0 0 0 0 0 0 0 0 0 0 0 0 0 0 0 0 0 0 0 0 0 0 0 0 0 0 0 0 0 0 0 0 0 0 0 0 0 0 0 0 0 0 0 0 0 0 0 0 0 0 0 0 0 0 0 0 0 0 0 0 0 0 0 0 0 0 0 0 0 0 0 0 0 0 0 0 0 0 0 0 0 0 0 0 0 0 0 0 0 0 0 0 0 0 0 0 0 0 0 0 0 0 0 0 0 0 0 0 0 0 0 0 0 0 0 0 0 0 0 0 0 0 0 0 0 0 0 0 0 0 0 0 0 0 0 0 0 0 0 0 0 0 0 0 0 0 0 0 0 0 0 0 0 0 0 0 0 0 0 0 0 0 0 0 0 0 0 0 0 0 0 0 0 0 0 0 0 0 0 0 0 0 0 0 0 0 0 0 0 0 0 0 0 0 0 0 0 0 0 0 0 0 0 0 0 0 0 0 0 0 0 0 0 0 0 0 0 0 0 0 0 0 0 0 0 0 0 0 0 0 0 0 0 0 0 0 0 0 0 0 0 0 0 0 0 0 0 0 0 0 0 0 0 0 0 0 0 0 0 0 0 0 0 0 0 0 0 0 0 0 0 0 0 0 0 0 0 0 0 0 0 0 0 0 0 0 0 0 0 0 0 0 0 0 0 0 0 0 0 0 0 0 0 0 0 0 0 0 0 0 0 0 0 0 0 0 0 0 0 0 0 0 0 0 0 0 0 0 0 0 0 0 0 0 0 0 0 0 0 0 0 0 0 0 0 0 0 0 0 0 0 0 0 0 0 0 0 0 0 0 0 0 0 0 0 0 0 0 0 0 0 0 0 0 0 0 0 0 0 0 0 0 0 0 0 0 0 0 0 0 0 0 0 0 0 0 0 0 0 0 0 0 0 0 0 0 0 0 0 0 0 0 0 0 0 0 0 0 0 0 0 0 0 0 0 0 0 0 0 0 0 0 0 0 0 0 0 0 0
 0 0 0 0 0 0 0 0 0 0 0 0 0 0 0 0 0 0 0 0 0 0 0 0 0 0 0 0 0 0 0 0 0 0 0 0 0 0 0 0 0 0 0 0 0 0 0 0 0 0 0 0 0 0 0 0 0 0 0 0 0 0 0 0 0 0 0 0 0 0 0 0 0 0 0 0 0 0 0 0 0 0 0 0 0 0 0 0 0 0 0 0 0 0 0 0 0 0 0 0 0 0 0 0 0 0 0 0 0 0 0 0 0 0 0 0 0 0 0 0 0 0 0 0 0 0 0 0 0 0 0 0 0 0 0 0 0 0 0 0 0 0 0 0 0 0 0 0 0 0 0 0 0 0 0 0 0 0 0 0 0 0 0 0 0 0 0 0 0 0 0 0 0 0 0 0 0 0 0 0 0 0 0 0 0 0 0 0 0 0 0 0 0 0 0 0 0 0 0 0 0 0 0 0 0 0 0 0 0 0 0 0 0 0 0 0 0 0 0 0 0 0 0 0 0 0 0 0 0 0 0 0 0 0 0 0 0 0 0 0 0 0 0 0 0 0 0 0 0 0 0 0 0 0 0 0 0 0 0 0 0 0 0 0 0 0 0 0 0 0 0 0 0 0 0 0 0 0 0 0 0 0 0 0 0 0 0 0 0 0 0 0 0 0 0 0 0 0 0 0 0 0 0 0 0 0 0 0 0 0 0 0 0 0 0 0 0 0 0 0 0 0 0 0 0 0 0 0 0 0 0 0 0 0 0 0 0 0 0 0 0 0 0 0 0 0 0 0 0 0 0 0 0 0 0 0 0 0 0 0 0 0 0 0 0 0 0 0 0 0 0 0 0 0 0 0 0 0 0 0 0 0 0 0 0 0 0 0 0 0 0 0 0 0 0 0 0 0 0 0 0 0 0 0 0 0 0 0 0 0 0 0 0 0 0 0 0 0 0 0 0 0 0 0 0 0 0 0 0 0 0 0 0 0 0 0 0 0 0 0 0 0 0 0 0 0 0 0 0 0 0 0 0 0 0 0 0 0 0 0 0 0 0 0 0 0 0 0 0 0 0 0 0 0 0 0 0 0 0 0 0 0 0 0 0 0 0 0 0 0 0 0 0 0 0 0 0 0 0 0 0 0 0 0 0 0 0 0 0 0 0 0 0 0 0 0 0 0 0 0 0 0 0 0 0 0 0 0 0 0 0 0 0 0 0 0 0 0 0 0 0 0 0 0 0 0 0 0 0 0 0 0 0 0 0 0 0 0 0 0 0 0 0 0 0 0 0 0 0 0 0 0 0 0 0 0 0 0 0 0 0 0 0 0 0 0 0 0 0 0 0 0 0 0 0 0 0 0 0 0
 0 0 0 0 0 0 0 0 0 0 0 0 0 0 0 0 0 0 0 0 0 0 0 0 0 0 0 0 0 0 0 0 0 0 0 0 0 0 0 0 0 0 0 0 0 0 0 0 0 0 0 0 0 0 0 0 0 0 0 0 0 0 0 0 0 0 0 0 0 0 0 0 0 0 0 0 0 0 0 0 0 0 0 0 0 0 0 0 0 0 0 0 0 0 0 0 0 0 0 0 0 0 0 0 0 0 0 0 0 0 0 0 0 0 0 0 0 0 0 0 0 0 0 0 0 0 0 0 0 0 0 0 0 0 0 0 0 0 0 0 0 0 0 0 0 0 0 0 0 0 0 0 0 0 0 0 0 0 0 0 0 0 0 0 0 0 0 0 0 0 0 0 0 0 0 0 0 0 0 0 0 0 0 0 0 0 0 0 0 0 0 0 0 0 0 0 0 0 0 0 0 0 0 0 0 0 0 0 0 0 0 0 0 0 0 0 0 0 0 0 0 0 0 0 0 0 0 0 0 0 0 0 0 0 0 0 0 0 0 0 0 0 0 0 0 0 0 0 0 0 0 0 0 0 0 0 0 0 0 0 0 0 0 0 0 0 0 0 0 0 0 0 0 0 0 0 0 0 0 0 0 0 0 0 0 0 0 0 0 0 0 0 0 0 0 0 0 0 0 0 0 0 0 0 0 0 0 0 0 0 0 0 0 0 0 0 0 0 0 0 0 0 0 0 0 0 0 0 0 0 0 0 0 0 0 0 0 0 0 0 0 0 0 0 0 0 0 0 0 0 0 0 0 0 0 0 0 0 0 0 0 0 0 0 0 0 0 0 0 0 0 0 0 0 0 0 0 0 0 0 0 0 0 0 0 0 0 0 0 0 0 0 0 0 0 0 0 0 0 0 0 0 0 0 0 0 0 0 0 0 0 0 0 0 0 0 0 0 0 0 0 0 0 0 0 0 0 0 0 0 0 0 0 0 0 0 0 0 0 0 0 0 0 0 0 0 0 0 0 0 0 0 0 0 0 0 0 0 0 0 0 0 0 0 0 0 0 0 0 0 0 0 0 0 0 0 0 0 0 0 0 0 0 0 0 0 0 0 0 0 0 0 0 0 0 0 0 0 0 0 0 0 0 0 0 0 0 0 0 0 0 0 0 0 0 0 0 0 0 0 0 0 0 0 0 0 0 0 0 0 0 0 0 0 0 0 0 0 0 0 0 0 0 0 0 0 0 0 0 0 0 0 0 0 0 0 0 0 0 0 0 0 0 0 0 0 0 0 0 0 0 0 0 0 0 0 0 0 0 0 0 0 0 0 0 0 0 0 0 0 0 0 0 0 0 0 0 0 0 0
 0 0 0 0 0 0 0 0 0 0 0 0 0 0 0 0 0 0 0 0 0 0 0 0 0 0 0 0 0 0 0 0 0 0 0 0 0 0 0 0 0 0 0 0 0 0 0 0 0 0 0 0 0 0 0 0 0 0 0 0 0 0 0 0 0 0 0 0 0 0 0 0 0 0 0 0 0 0 0 0 0 0 0 0 0 0 0 0 0 0 0 0 0 0 0 0 0 0 0 0 0 0 0 0 0 0 0 0 0 0 0 0 0 0 0 0 0 0 0 0 0 0 0 0 0 0 0 0 0 0 0 0 0 0 0 0 0 0 0 0 0 0 0 0 0 0 0 0 0 0 0 0 0 0 0 0 0 0 0 0 0 0 0 0 0 0 0 0 0 0 0 0 0 0 0 0 0 0 0 0 0 0 0 0 0 0 0 0 0 0 0 0 0 0 0 0 0 0 0 0 0 0 0 0 0 0 0 0 0 0 0 0 0 0 0 0 0 0 0 0 0 0 0 0 0 0 0 0 0 0 0 0 0 0 0 0 0 0 0 0 0 0 0 0 0 0 0 0 0 0 0 0 0 0 0 0 0 0 0 0 0 0 0 0 0 0 0 0 0 0 0 0 0 0 0 0 0 0 0 0 0 0 0 0 0 0 0 0 0 0 0 0 0 0 0 0 0 0 0 0 0 0 0 0 0.0001318701688433066 0.0008910116739571095 0.002351365052163601 0.004531892016530037 0.007490284275263548 0.01130537036806345 0.01597212068736553 0.02147248387336731 0.02770441770553589 0.03470621258020401 0.04230881854891777 0.05050821229815483 0.05918388068675995 0.06830938905477524 0.07786183059215546 0.0878569632768631 0.098275326192379 0.1091019287705421 0.1202954202890396 0.1318114548921585 0.143619492650032 0.1557743549346924 0.1682136654853821 0.1808997541666031 0.1937817931175232 0.206849530339241 0.2201113700866699 0.2331480830907822 0.2434881329536438 0.2494766861200333 0.2500847280025482 0.2445676326751709 0.2324857711791992 0.220861479640007 0.2098184078931808 0.1993274837732315 0.189361110329628 0.1798930615186691 0.1708984076976776 0.1623534858226776 0.1542358100414276 0.1465240120887756 0.1391978114843369 0.1322379261255264 0.1256260275840759 0.1193447262048721 0.1133774891495705 0.1077086180448532 0.1023231893777847 0.09720703214406967 0.0923466831445694 0.08772934973239899 0.08334288001060486 0.07917573302984238 0.07521694898605347 0.07145610451698303 0.06788329780101776 0.06448913365602493 0.06126467883586884 0.05820144340395927 0.05529136955738068 0.0525268018245697 0.04990046098828316 0.0474054366350174 0.04503516480326653 0.04278340563178062 0.04064423590898514 0.03861202299594879 0.03668142110109329 0.03484734892845154 0.03310498222708702 0.03144973143935204 0.02987724542617798 0.02838338352739811 0.0269642136991024 0.0256160032004118 0.02433520369231701 0.02311844378709793 0.02196252159774303 0.02086439542472363 0.01982117630541325 0.01883011683821678 0.01788861118257046 0.01699418015778065 0.01614447124302387 0.01533724740147591 0.01457038521766663 0.01384186558425426 0.01314977183938026 0.01249228324741125 0.01186766941100359 0.01127428561449051 0.01071057096123695 0.01017504278570414 0.009666291065514088 0.009182976558804512 0.008723828010261059 0.008287636563181877 0.007873254828155041 0.007479592226445675 0.00710561266168952 0.006750332191586494 0.006412815768271685 0.006092174910008907 0.005787566304206848 0.005498188082128763 0.005223278887569904 0.004962115082889795 0.00471400935202837 0.004478308837860823 0.00425439327955246 0.004041673615574837 0.003839589888229966 0.003647610312327743 0.003465229878202081 0.003291968489065766 0.003127370029687881 0.00297100143507123 0.002822451293468475 0.002681328682228923 0.002547262236475945 0.002419899217784405 0.002298904350027442 0.002183959120884538 0.002074761083349586 0.001971022924408317 0.001872471766546369 0.001778848236426711 0.001689905766397715 0.001605410478077829 0.001525139901787043 0.001448882860131562 0.001376438769511878 0.001307616825215518 0.001242236001417041 0.001180124236270785 0.001121117966249585 0.001065062126144767 0.001011808984912932 0.0009612185531295836 0.0009131576516665518 0.0008674997952766716 0.0008241247851401567 0.0007829185342416167 0.0007437726017087698 0.0007065839599817991 0.0006712547619827092 0.0006376920500770211 0.0006058074650354683 0.0005755170714110136 0.0005467412411235273 0.0005194041877985001 0.0004934339667670429 0.0004687622713390738 0.0004453241708688438 0.0004230579652357846 0.0004019050684291869 0.0003818098048213869 0.0003627193218562752 0.000344583357218653 0.0003273541806265712 0.0003109864774160087 0.0002954371448140591 0.0002806652919389307 0.0002666320360731333 0.0002533004444558173 0.0002406354178674519 0.0002286036469740793 0.0002171734668081626 0.0002063147985609248 0.0001959990622708574 0.0001861991040641442 0.0001768891524989158 0.0001680447021499276 0.0001596424699528143 0.0001516603515483439 0.0001440773339709267 0.0001368734665447846 0.000130029788124375 0.0001235282979905605 0.0001173518830910325 0.0001114842889364809 0.0001059100759448484 0.0001006145757855847 9.558384772390127e-05 9.080465679289773e-05 8.62644228618592e-05 8.19511988083832e-05 7.78536414145492e-05 7.396096043521538e-05 7.026291132206097e-05 6.67497661197558e-05 6.341227708617225e-05 6.024166214047e-05 5.722957939724438e-05 5.436810170067474e-05 5.16496947966516e-05 4.906721005681902e-05 4.661384809878655e-05 4.42831551481504e-05 4.206899757264182e-05 3.996554733021185e-05 3.79672710550949e-05 3.606890822993591e-05 3.426546390983276e-05 3.255219053244218e-05 3.092458064202219e-05 2.937835233751684e-05 2.7909434720641e-05 2.651396243891213e-05 2.518826477171388e-05 2.392885107838083e-05 2.273240897920914e-05 2.159578798455186e-05 2.051599949481897e-05 1.949019861058332e-05 1.851568958954886e-05 1.758990583766717e-05 1.671040990913752e-05 1.5874889868428e-05 1.508114564785501e-05 1.432708813808858e-05 1.361073373118415e-05 1.293019704462495e-05 1.228368728334317e-05 1.166950278275181e-05 1.108602737076581e-05 1.053172582032857e-05 1.000513930193847e-05 9.504882655164693e-06 9.029638931679074e-06 8.578156666771974e-06 8.149248969857581e-06 7.741786248516291e-06 7.354697117989417e-06 6.986962034716271e-06 6.637613751081517e-06 6.305733222689014e-06 5.990446425130358e-06 5.690923899237532e-06 5.40637756785145e-06 5.136058462085202e-06 4.879255357082002e-06 4.635292498278432e-06 4.40352778241504e-06 4.183351393294288e-06 3.974183982791146e-06 3.775474851863692e-06 3.586701041058404e-06 3.407365966268117e-06 3.236997599742608e-06 3.07514778796758e-06 2.921390432675253e-06 2.775320808723336e-06 2.636554654600332e-06 2.504727035557153e-06 2.379490751991398e-06 2.260516112073674e-06 2.147490249626571e-06 2.04011575988261e-06 1.938110017363215e-06 1.841204493757687e-06 1.749144303175854e-06 1.661687065279693e-06 1.578602677909657e-06 1.499672521276807e-06 1.424688889528625e-06 1.353454422314826e-06 1.285781650040008e-06 1.221492539116298e-06 1.160417923529167e-06 1.102397050090076e-06 1.047277237375965e-06 9.949134209819022e-07 9.451677556171489e-07 8.979093877314881e-07 8.530139439244522e-07 8.103632467282296e-07 0.0001633425999898463 0.0005190256051719189 0.001050879014655948 0.001743644243106246 0.00257509620860219 0.003542304970324039 0.004636873956769705 0.005850238259881735 0.007171980105340481 0.008597075007855892 0.01011023856699467 0.01170973666012287 0.01339531876146793 0.01517145521938801 0.01703880168497562 0.01899344101548195 0.02102211676537991 0.02310063689947128
 0 0 0 0 0 0 0 0 0 0 0 0 0 0 0 0 0 0 0 0 0 0 0 0 0 0 0 0 0 0 0 0 0 0 0 0 0 0 0 0 0 0 0 0 0 0 0 0 0 0 0 0 0 0 0 0 0 0 0 0 0 0 0 0 0 0 0 0 0 0 0 0 0 0 0 0 0 0 0 0 0 0 0 0 0 0 0 0 0 0 0 0 0 0 0 0 0 0 0 0 0 0 0 0 0 0 0 0 0 0 0 0 0 0 0 0 0 0 0 0 0 0 0 0 0 0 0 0 0 0 0 0 0 0 0 0 0 0 0 0 0 0 0 0 0 0 0 0 0 0 0 0 0 0 0 0 0 0 0 0 0 0 0 0 0 0 0 0 0 0 0 0 0 0 0 0 0 0 0 0 0 0 0 0 0 0 0 0 0 0 0 0 0 0 0 0 0 0 0 0 0 0 0 0 0 0 0 0 0 0 0 0 0 0 0 0 0 0 0 0 0 0 0 0 0 0 0 0 0 0 0 0 0 0 0 0 0 0 0 0 0 0 0 0 0 0 0 0 0 0 0 0 0 0 0 0 0 0 0 0 0 0 0 0 0 0 0 0 0 0 0 0 0 0 0 0 0 0 0 0 0 0 0 0 0 0 0 0 0 0 0 0 0 0 0 0 0 0 0 0 0 0 0 0 0 0 0 0 0 0 0 0 0 0 0 0 0 0 0 0 0 0 0 0 0 0 0 0 0 0 0 0 0 0 0 0 0 0 0 0 0 0 0 0 0 0 0 0 0 0 0 0 0 0 0 0 0 0 0 0 0 0 0 0 0 0 0 0 0 0 0 0 0 0 0 0 0 0 0 0 0 0 0 0 0 0 0 0 0 0 0 0 0 0 0 0 0 0 0 0 0 0 0 0 0 0 0 0 0 0 0 0 0 0 0 0 0 0 0 0 0 0 0 0 0 0 0 0 0 0 0 0 0 0 0 0 0 0 0 0 0 0 0 0 0 0 0 0 0 0 0 0 0 0 0 0 0 0 0 0 0 0 0 0 0 0 0 0 0 0 0 0 0 0 0 0 0 0 0 0 0 0 0 0 0 0 0 0 0 0 0 0 0 0 0 0 0 0 0 0 0 0 0 0 0 0 0 0 0 0 0 0 0 0 0 0 0 0 0 0 0 0 0 0 0 0 0 0 0 0 0 0 0 0 0 0 0 0 0 0 0 0 0 0 0 0 0 0 0 0 0 0 0 0 0 0 0 0 0 0 0 0 0 0 0 0 0 0 0 0 0 0 0 0 0 0 0 0 0 0 0 0 0 0 0 0 0 0 0 0 0 0 0 0 0 0 0 0 0 0
 0 0 0 0 0 0 0 0 0 0 0 0 0 0 0 0 0 0 0 0 0 0 0 0 0 0 0 0 0 0 0 0 0 0 0 0 0 0 0 0 0 0 0 0 0 0 0 0 0 0 0 0 0 0 0 0 0 0 0 0 0 0 0 0 0 0 0 0 0 0 0 0 0 0 0 0 0 0 0 0 0 0 0 0 0 0 0 0 0 0 0 0 0 0 0 0 0 0 0 0 0 0 0 0 0 0 0 0 0 0 0 0 0 0 0 0 0 0 0 0 0 0 0 0 0 0 0 0 0 0 0 0 0 0 0 0 0 0 0 0 0 0 0 0 0 0 0 0 0 0 0 0 0 0 0 0 0 0 0 0 0 0 0 0 0 0 0 0 0 0 0 0 0 0 0 0 0 0 0 0 0 0 0 0 0 0 0 0 0 0 0 0 0 0 0 0 0 0 0 0 0 0 0 0 0 0 0 0 0 0 0 0 0 0 0 0 0 0 0 0 0 0 0 0 0 0 0 0 0 0 0 0 0 0 0 0 0 0 0 0 0 0 0 0 0 0 0 0 0 0 0 0 0 0 0 0 0 0 0 0 0 0 0 0 0 0 0 0 0 0 0 0 0 0 0 0 0 0 0 0 0 0 0 0 0 0 0 0 0 0 0 0 0 0 0 0 0 0 0 0 0 0 0 0 0 0 0 0 0 0 0 0 0 0 0 0 0 0 0 0 0 0 0 0 0 0 0 0 0 0 0 0 0 0 0 0 0 0 0 0 0 0 0 0 0 0 0 0 0 0 0 0 0 0 0 0 0 0 0 0 0 0 0 0 0 0 0 0 0 0 0 0 0 0 0 0 0 0 0 0 0 0 0 0 0 0 0 0 0 0 0 0 0 0 0 0 0 0 0 0 0 0 0 0 0 0 0 0 0 0 0 0 0 0 0 0 0 0 0 0 0 0 0 0 0 0 0 0 0 0 0 0 0 0 0 0 0 0 0 0 0 0 0 0 0 0 0 0 0 0 0 0 0 0 0 0 0 0 0 0 0 0 0 0 0 0 0 0 0 0 0 0 0 0 0 0 0 0 0 0 0 0 0 0 0 0 0 0 0 0 0 0 0 0 0 0 0 0 0 0 0 0 0 0 0 0 0 0 0 0 0 0 0 0 0 0 0 0 0 0 0 0 0 0 0 0 0 0 0 0 0 0 0 0 0 0 0 0 0 0 0 0 0 0 0 0 0 0 0 0 0 0 0 0 0 0 0 0 0 0 0 0 0 0 0 0 0 0 0 0 0 0 0 0 0 0 0 0 0 0 0 0 0 0 0 0 0 0 0 0 0 0 0 0 0 0 0 0 0 0
 0 0 0 0 0 0 0 0 0 0 0 0 0 0 0 0 0 0 0 0 0 0 0 0 0 0 0 0 0 0 0 0 0 0 0 0 0 0 0 0 0 0 0 0 0 0 0 0 0 0 0 0 0 0 0 0 0 0 0 0 0 0 0 0 0 0 0 0 0 0 0 0 0 0 0 0 0 0 0 0 0 0 0 0 0 0 0 0 0 0 0 0 0 0 0 0 0 0 0 0 0 0 0 0 0 0 0 0 0 0 0 0 0 0 0 0 0 0 0 0 0 0 0 0 0 0 0 0 0 0 0 0 0 0 0 0 0 0 0 0 0 0 0 0 0 0 0 0 0 0 0 0 0 0 0 0 0 0 0 0 0 0 0 0 0 0 0 0 0 0 0 0 0 0 0 0 0 0 0 0 0 0 0 0 0 0 0 0 0 0 0 0 0 0 0 0 0 0 0 0 0 0 0 0 0 0 0 0 0 0 0 0 0 0 0 0 0 0 0 0 0 0 0 0 0 0 0 0 0 0 0 0 0 0 0 0 0 0 0 0 0 0 0 0 0 0 0 0 0 0 0 0 0 0 0 0 0 0 0 0 0 0 0 0 0 0 0 0 0 0 0 0 0 0 0 0 0 0 0 0 0 0 0 0 0 0 0 0 0 0 0 0 0 0 0 0 0 0 0 0 0 0 0 0 0 0 0 0 0 0 0 0 0 0 0 0 0 0 0 0 0 0 0 0 0 0 0 0 0 0 0 0 0 0 0 0 0 0 0 0 0 0 0 0 0 0 0 0 0 0 0 0 0 0 0 0 0 0 0 0 0 0 0 0 0 0 0 0 0 0 0 0 0 0 0 0 0 0 0 0 0 0 0 0 0 0 0 0 0 0 0 0 0 0 0 0 0 0 0 0 0 0 0 0 0 0 0 0 0 0 0 0 0 0 0 0 0 0 0 0 0 0 0 0 0 0 0 0 0 0 0 0 0 0 0 0 0 0 0 0 0 0 0 0 0 0 0 0 0 0 0 0 0 0 0 0 0 0 0 0 0 0 0 0 0 0 0 0 0 0 0 0 0 0 0 0 0 0 0 0 0 0 0 0 0 0 0 0 0 0 0 0 0 0 0 0 0 0 0 0 0 0 0 0 0 0 0 0 0 0 0 0 0 0 0 0 0 0 0 0 0 0 0 0 0 0 0 0 0 0 0 0 0 0 0 0 0 0 0 0 0 0 0 0 0 0 0 0 0 0 0 0 0 0 0 0 0 0 0 0 0 0 0 0 0 0 0 0 0 0 0 0 0 0 0 0 0 0 0 0 0 0 0 0 0 0 0 0 0 0 0 0 0 0 0 0 0 0 0 0
 0 0 0 0 0 0 0 0 0 0 0 0 0 0 0 0 0 0 0 0 0 0 0 0 0 0 0 0 0 0 0 0 0 0 0 0 0 0 0 0 0 0 0 0 0 0 0 0 0 0 0 0 0 0 0 0 0 0 0 0 0 0 0 0 0 0 0 0 0 0 0 0 0 0 0 0 0 0 0 0 0 0 0 0 0 0 0 0 0 0 0 0 0 0 0 0 0 0 0 0 0 0 0 0 0 0 0 0 0 0 0 0 0 0 0 0 0 0 0 0 0 0 0 0 0 0 0 0 0 0 0 0 0 0 0 0 0 0 0 0 0 0 0 0 0 0 0 0 0 0 0 0 0 0 0 0 0 0 0 0 0 0 0 0 0 0 0 0 0 0 0 0 0 0 0 0 0 0 0 0 0 0 0 0 0 0 0 0 0 0 0 0 0 0 0 0 0 0 0 0 0 0 0 0 0 0 0 0 0 0 0 0 0 0 0 0 0 0 0 0 0 0 0 0 0 0 0 0 0 0 0 0 0 0 0 0 0 0 0 0 0 0 0 0 0 0 0 0 0 0 0 0 0 0 0 0 0 0 0 0 0 0 0 0 0 0 0 0 0 0 0 0 0 0 0 0 0 0 0 0 0 0 0 0 0 0 0 0 0 0 0 0 0 0 0 0 0 0 0 0 0 0 0 0 0 0.0002000440290430561 0.001025987672619522 0.002546241972595453 0.004777727648615837 0.007756470702588558 0.01154960319399834 0.01609417237341404 0.02141320891678333 0.02739700116217136 0.03402533382177353 0.04129833355545998 0.0491005927324295 0.0574067123234272 0.06610749661922455 0.07519180327653885 0.08469258248806 0.09467710554599762 0.1050770655274391 0.1158000379800797 0.1267983168363571 0.1380595862865448 0.1496248096227646 0.1615477055311203 0.1737808734178543 0.1862074285745621 0.1988897919654846 0.2117633670568466 0.2248079627752304 0.2355814427137375 0.2423976510763168 0.2440868020057678 0.239936575293541 0.2294857352972031 0.2180114537477493 0.2071108818054199 0.1967553347349167 0.1869175732135773 0.1775716990232468 0.1686931103467941 0.1602584570646286 0.1522455364465714 0.1446332633495331 0.1374015957117081 0.130531519651413 0.1240049451589584 0.1178046986460686 0.1119144633412361 0.1063187420368195 0.1010028049349785 0.09595266729593277 0.0911550372838974 0.08659728616476059 0.08226741850376129 0.07815404981374741 0.07424634695053101 0.07053402811288834 0.06700732558965683 0.06365695595741272 0.06047410890460014 0.05745040252804756 0.05457788333296776 0.05184898898005486 0.04925654083490372 0.04679371416568756 0.04445402696728706 0.04223132506012917 0.04011975973844528 0.03811377286911011 0.03620808571577072 0.0343976803123951 0.0326777957379818 0.03104390576481819 0.02949171140789986 0.02801712602376938 0.02661626972258091 0.02528545632958412 0.02402118407189846 0.02282012440264225 0.0216791182756424 0.02059516310691833 0.01956540532410145 0.0185871347784996 0.01765777729451656 0.01677488908171654 0.01593614369630814 0.01513933669775724 0.01438236981630325 0.01366325095295906 0.01298008859157562 0.01233108434826136 0.01171453017741442 0.01112880371510983 0.01057236362248659 0.01004374586045742 0.009541558101773262 0.009064480662345886 0.008611256256699562 0.008180693723261356 0.007771659176796675 0.007383076008409262 0.007013922091573477 0.006663226056843996 0.006330064963549376 0.006013561505824327 0.005712883546948433 0.005427239462733269 0.00515587767586112 0.004898083861917257 0.004653179552406073 0.00442052073776722 0.004199494607746601 0.003989520017057657 0.00379004399292171 0.003600541735067964 0.003420514753088355 0.003249489003792405 0.003087014658376575 0.002932664006948471 0.002786030760034919 0.002646729117259383 0.002514392603188753 0.002388672903180122 0.002269239164888859 0.002155777299776673 0.002047988353297114 0.001945588970556855 0.001848309533670545 0.001755894045345485 0.00166809931397438 0.001584694371558726 0.001505459658801556 0.001430186675861478 0.001358677400276065 0.001290743472054601 0.001226206310093403 0.001164895948022604 0.001106651150621474 0.001051318598911166 0.0009987526573240757 0.0009488150244578719 0.0009013742674142122 0.0008563055307604373 0.0008134902454912663 0.0007728157215751708 0.0007341749151237309 0.0006974661955609918 0.0006625928799621761 0.0006294632330536842 0.0005979900597594678 0.000568090530578047 0.0005396860069595277 0.0005127016920596361 0.0004870666016358882 0.0004627132730092853 0.0004395776195451617 0.0004175987269263715 0.0003967187949456275 0.0003768828464671969 0.000358038698323071 0.0003401367575861514 0.000323129934258759 0.0003069734375458211 0.0002916247758548707 0.0002770435239654034 0.0002631913521327078 0.0002500317932572216 0.0002375301992287859 0.0002256536827189848 0.0002143710007658228 0.000203652452910319 0.0001934698375407606 0.0001837963500292972 0.0001746065390761942 0.0001658762048464268 0.0001575823989696801 0.0001497032790211961 0.0001422181085217744 0.0001351071987301111 0.0001283518358832225 0.0001219342448166572 0.0001158375307568349 0.0001100456574931741 0.0001045433746185154 9.931620297720656e-05 9.435039100935683e-05 8.96328710950911e-05 8.515123045071959e-05 8.089366747299209e-05 7.684898446314037e-05 7.300653669517487e-05 6.935621058801189e-05 6.58884018776007e-05 6.25939792371355e-05 5.946428063907661e-05 5.649106606142595e-05 5.36665138497483e-05 5.098318797536194e-05 4.843402712140232e-05 4.601232649292797e-05 4.371170871309005e-05 4.152612382313237e-05 3.944981654058211e-05 3.747732625924982e-05 3.560346158337779e-05 3.382328941370361e-05 3.213212403352372e-05 3.052551619475707e-05 2.899924038501922e-05 2.754927845671773e-05 2.617181417008396e-05 2.486322409822606e-05 2.362006307521369e-05 2.24390605580993e-05 2.131710789399222e-05 2.025125286309049e-05 1.923869058373384e-05 1.827675623644609e-05 1.736291778797749e-05 1.649477235332597e-05 1.567003346281126e-05 1.488653197156964e-05 1.414220514561748e-05 1.343509484286187e-05 1.276334023714298e-05 1.212517327076057e-05 1.151891501649516e-05 1.094296931114513e-05 1.039582093653735e-05 9.876030162558891e-06 9.382229109178297e-06 8.913117198972031e-06 8.46746115712449e-06 8.044087735470384e-06 7.641883712494746e-06 7.259789526870009e-06 6.896800186950713e-06 6.551960268552648e-06 6.224362095963443e-06 5.913143922953168e-06 5.617486749542877e-06 5.336612503015203e-06 5.069781764177606e-06 4.816292857867666e-06 4.575478214974282e-06 4.346704372437671e-06 4.129369244765257e-06 3.922900759789627e-06 3.726755721800146e-06 3.540417992553557e-06 3.363397127031931e-06 3.195227236574283e-06 3.035465852008201e-06 2.883692559407791e-06 2.739507863225299e-06 2.602532504170085e-06 2.472405867592897e-06 2.348785528738517e-06 2.231346343251062e-06 2.119779082931927e-06 2.013790208366117e-06 1.913100732053863e-06 1.817445649976435e-06 1.726573373161955e-06 1.640244704503857e-06 1.558232497700374e-06 1.480320861446671e-06 1.406304818374338e-06 1.335989622930356e-06 1.269190192942915e-06 1.20573065487406e-06 1.145444116446015e-06 1.088171870833321e-06 1.033763282975997e-06 9.820751074585132e-07 9.329713748229551e-07 8.86322823134833e-07 5.56104387214873e-05 0.0003041546151507646 0.0007358260918408632 0.001325229415670037 0.002062233397737145 0.002936323173344135 0.003940563648939133 0.005071653984487057 0.006308131851255894 0.007641218602657318 0.009060957469046116 0.01056629046797752 0.01215736754238605 0.01383309159427881 0.01559139229357243 0.01742969080805779 0.01934415474534035 0.02132496982812881 0.02336134202778339
 0 0 0 0 0 0 0 0 0 0 0 0 0 0 0 0 0 0 0 0 0 0 0 0 0 0 0 0 0 0 0 0 0 0 0 0 0 0 0 0 0 0 0 0 0 0 0 0 0 0 0 0 0 0 0 0 0 0 0 0 0 0 0 0 0 0 0 0 0 0 0 0 0 0 0 0 0 0 0 0 0 0 0 0 0 0 0 0 0 0 0 0 0 0 0 0 0 0 0 0 0 0 0 0 0 0 0 0 0 0 0 0 0 0 0 0 0 0 0 0 0 0 0 0 0 0 0 0 0 0 0 0 0 0 0 0 0 0 0 0 0 0 0 0 0 0 0 0 0 0 0 0 0 0 0 0 0 0 0 0 0 0 0 0 0 0 0 0 0 0 0 0 0 0 0 0 0 0 0 0 0 0 0 0 0 0 0 0 0 0 0 0 0 0 0 0 0 0 0 0 0 0 0 0 0 0 0 0 0 0 0 0 0 0 0 0 0 0 0 0 0 0 0 0 0 0 0 0 0 0 0 0 0 0 0 0 0 0 0 0 0 0 0 0 0 0 0 0 0 0 0 0 0 0 0 0 0 0 0 0 0 0 0 0 0 0 0 0 0 0 0 0 0 0 0 0 0 0 0 0 0 0 0 0 0 0 0 0 0 0 0 0 0 0 0 0 0 0 0 0 0 0 0 0 0 0 0 0 0 0 0 0 0 0 0 0 0 0 0 0 0 0 0 0 0 0 0 0 0 0 0 0 0 0 0 0 0 0 0 0 0 0 0 0 0 0 0 0 0 0 0 0 0 0 0 0 0 0 0 0 0 0 0 0 0 0 0 0 0 0 0 0 0 0 0 0 0 0 0 0 0 0 0 0 0 0 0 0 0 0 0 0 0 0 0 0 0 0 0 0 0 0 0 0 0 0 0 0 0 0 0 0 0 0 0 0 0 0 0 0 0 0 0 0 0 0 0 0 0 0 0 0 0 0 0 0 0 0 0 0 0 0 0 0 0 0 0 0 0 0 0 0 0 0 0 0 0 0 0 0 0 0 0 0 0 0 0 0 0 0 0 0 0 0 0 0 0 0 0 0 0 0 0 0 0 0 0 0 0 0 0 0 0 0 0 0 0 0 0 0 0 0 0 0 0 0 0 0 0 0 0 0 0 0 0 0 0 0 0 0 0 0 0 0 0 0 0 0 0 0 0 0 0 0 0 0 0 0 0 0 0 0 0 0 0 0 0 0 0 0 0 0 0 0 0 0 0 0 0 0 0 0 0 0 0 0 0 0 0 0 0 0 0 0 0 0 0 0 0 0 0 0 0 0 0 0 0 0 0 0 0 0 0 0 0 0 0 0 0 0
 0 0 0 0 0 0 0 0 0 0 0 0 0 0 0 0 0 0 0 0 0 0 0 0 0 0 0 0 0 0 0 0 0 0 0 0 0 0 0 0 0 0 0 0 0 0 0 0 0 0 0 0 0 0 0 0 0 0 0 0 0 0 0 0 0 0 0 0 0 0 0 0 0 0 0 0 0 0 0 0 0 0 0 0 0 0 0 0 0 0 0 0 0 0 0 0 0 0 0 0 0 0 0 0 0 0 0 0 0 0 0 0 0 0 0 0 0 0 0 0 0 0 0 0 0 0 0 0 0 0 0 0 0 0 0 0 0 0 0 0 0 0 0 0 0 0 0 0 0 0 0 0 0 0 0 0 0 0 0 0 0 0 0 0 0 0 0 0 0 0 0 0 0 0 0 0 0 0 0 0 0 0 0 0 0 0 0 0 0 0 0 0 0 0 0 0 0 0 0 0 0 0 0 0 0 0 0 0 0 0 0 0 0 0 0 0 0 0 0 0 0 0 0 0 0 0 0 0 0 0 0 0 0 0 0 0 0 0 0 0 0 0 0 0 0 0 0 0 0 0 0 0 0 0 0 0 0 0 0 0 0 0 0 0 0 0 0 0 0 0 0 0 0 0 0 0 0 0 0 0 0 0 0 0 0 0 0 0 0 0 0 0 0 0 0 0 0 0 0 0 0 0 0 0 0 0 0 0 0 0 0 0 0 0 0 0 0 0 0 0 0 0 0 0 0 0 0 0 0 0 0 0 0 0 0 0 0 0 0 0 0 0 0 0 0 0 0 0 0 0 0 0 0 0 0 0 0 0 0 0 0 0 0 0 0 0 0 0 0 0 0 0 0 0 0 0 0 0 0 0 0 0 0 0 0 0 0 0 0 0 0 0 0 0 0 0 0 0 0 0 0 0 0 0 0 0 0 0 0 0 0 0 0 0 0 0 0 0 0 0 0 0 0 0 0 0 0 0 0 0 0 0 0 0 0 0 0 0 0 0 0 0 0 0 0 0 0 0 0 0 0 0 0 0 0 0 0 0 0 0 0 0 0 0 0 0 0 0 0 0 0 0 0 0 0 0 0 0 0 0 0 0 0 0 0 0 0 0 0 0 0 0 0 0 0 0 0 0 0 0 0 0 0 0 0 0 0 0 0 0 0 0 0 0 0 0 0 0 0 0 0 0 0 0 0 0 0 0 0 0 0 0 0 0 0 0 0 0 0 0 0 0 0 0 0 0 0 0 0 0 0 0 0 0 0 0 0 0 0 0 0 0 0 0 0 0 0 0 0 0 0 0 0 0 0 0 0 0 0 0 0 0 0 0 0 0 0 0 0 0 0 0 0 0 0 0 0 0 0 0
 0 0 0 0 0 0 0 0 0 0 0 0 0 0 0 0 0 0 0 0 0 0 0 0 0 0 0 0 0 0 0 0 0 0 0 0 0 0 0 0 0 0 0 0 0 0 0 0 0 0 0 0 0 0 0 0 0 0 0 0 0 0 0 0 0 0 0 0 0 0 0 0 0 0 0 0 0 0 0 0 0 0 0 0 0 0 0 0 0 0 0 0 0 0 0 0 0 0 0 0 0 0 0 0 0 0 0 0 0 0 0 0 0 0 0 0 0 0 0 0 0 0 0 0 0 0 0 0 0 0 0 0 0 0 0 0 0 0 0 0 0 0 0 0 0 0 0 0 0 0 0 0 0 0 0 0 0 0 0 0 0 0 0 0 0 0 0 0 0 0 0 0 0 0 0 0 0 0 0 0 0 0 0 0 0 0 0 0 0 0 0 0 0 0 0 0 0 0 0 0 0 0 0 0 0 0 0 0 0 0 0 0 0 0 0 0 0 0 0 0 0 0 0 0 0 0 0 0 0 0 0 0 0 0 0 0 0 0 0 0 0 0 0 0 0 0 0 0 0 0 0 0 0 0 0 0 0 0 0 0 0 0 0 0 0 0 0 0 0 0 0 0 0 0 0 0 0 0 0 0 0 0 0 0 0 0 0 0 0 0 0 0 0 0 0 0 0 0 0 0 0 0 0 0 0 0 0 0 0 0 0 0 0 0 0 0 0 0 0 0 0 0 0 0 0 0 0 0 0 0 0 0 0 0 0 0 0 0 0 0 0 0 0 0 0 0 0 0 0 0 0 0 0 0 0 0 0 0 0 0 0 0 0 0 0 0 0 0 0 0 0 0 0 0 0 0 0 0 0 0 0 0 0 0 0 0 0 0 0 0 0 0 0 0 0 0 0 0 0 0 0 0 0 0 0 0 0 0 0 0 0 0 0 0 0 0 0 0 0 0 0 0 0 0 0 0 0 0 0 0 0 0 0 0 0 0 0 0 0 0 0 0 0 0 0 0 0 0 0 0 0 0 0 0 0 0 0 0 0 0 0 0 0 0 0 0 0 0 0 0 0 0 0 0 0 0 0 0 0 0 0 0 0 0 0 0 0 0 0 0 0 0 0 0 0 0 0 0 0 0 0 0 0 0 0 0 0 0 0 0 0 0 0 0 0 0 0 0 0 0 0 0 0 0 0 0 0 0 0 0 0 0 0 0 0 0 0 0 0 0 0 0 0 0 0 0 0 0 0 0 0 0 0 0 0 0 0 0 0 0 0 0 0 0 0 0 0 0 0 0 0 0 0 0 0 0 0 0 0 0 0 0 0 0 0 0 0 0 0 0 0 0 0 0 0 0 0 0 0 0
 0 0 0 0 0 0 0 0 0 0 0 0 0 0 0 0 0 0 0 0 0 0 0 0 0 0 0 0 0 0 0 0 0 0 0 0 0 0 0 0 0 0 0 0 0 0 0 0 0 0 0 0 0 0 0 0 0 0 0 0 0 0 0 0 0 0 0 0 0 0 0 0 0 0 0 0 0 0 0 0 0 0 0 0 0 0 0 0 0 0 0 0 0 0 0 0 0 0 0 0 0 0 0 0 0 0 0 0 0 0 0 0 0 0 0 0 0 0 0 0 0 0 0 0 0 0 0 0 0 0 0 0 0 0 0 0 0 0 0 0 0 0 0 0 0 0 0 0 0 0 0 0 0 0 0 0 0 0 0 0 0 0 0 0 0 0 0 0 0 0 0 0 0 0 0 0 0 0 0 0 0 0 0 0 0 0 0 0 0 0 0 0 0 0 0 0 0 0 0 0 0 0 0 0 0 0 0 0 0 0 0 0 0 0 0 0 0 0 0 0 0 0 0 0 0 0 0 0 0 0 0 0 0 0 0 0 0 0 0 0 0 0 0 0 0 0 0 0 0 0 0 0 0 0 0 0 0 0 0 0 0 0 0 0 0 0 0 0 0 0 0 0 0 0 0 0 0 0 0 0 0 0 0 0 0 0 0 0 0 0 0 0 0 0 0 0 0 0 0 0 0 0 0 0.0001696469989838079 0.00100665888749063 0.002557874657213688 0.004833950661122799 0.007930977270007133 0.01188972406089306 0.0166451595723629 0.02222562395036221 0.02852393127977848 0.0355374813079834 0.04321623593568802 0.0514763742685318 0.06028047204017639 0.06952262669801712 0.07917721569538116 0.08924466371536255 0.09971603751182556 0.1105960756540298 0.1217935904860497 0.1332887560129166 0.1450643539428711 0.1571355313062668 0.169470027089119 0.1820244342088699 0.1948219835758209 0.2078177928924561 0.2209872156381607 0.2336976528167725 0.2435099631547928 0.24886853992939 0.2487083226442337 0.2423527538776398 0.2302351146936417 0.2187233567237854 0.2077871859073639 0.1973978281021118 0.1875279396772385 0.178151547908783 0.1692439764738083 0.1607817709445953 0.1527426838874817 0.1451055556535721 0.137850284576416 0.130957767367363 0.1244098767638206 0.1181893795728683 0.1122799068689346 0.1066659092903137 0.1013326123356819 0.09626597911119461 0.09145268052816391 0.08688004314899445 0.08253604173660278 0.07840923964977264 0.07448877394199371 0.07076433300971985 0.06722611933946609 0.0638648122549057 0.06067157164216042 0.05763799324631691 0.05475609377026558 0.05201828852295876 0.04941737279295921 0.04694650322198868 0.04459917917847633 0.04236922040581703 0.0402507595717907 0.03823821991682053 0.03632630780339241 0.03450999408960342 0.03278449550271034 0.03114527091383934 0.0295880064368248 0.02810860611498356 0.02670317515730858 0.02536801621317863 0.02409961447119713 0.02289463393390179 0.02174990251660347 0.02066240832209587 0.01962928846478462 0.01864782348275185 0.01771543174982071 0.01682966016232967 0.0159881766885519 0.01518876757472754 0.01442932896316051 0.01370786223560572 0.01302246935665607 0.01237134635448456 0.0117527786642313 0.01116514019668102 0.01060688309371471 0.01007653865963221 0.009572711773216724 0.009094076231122017 0.008639372885227203 0.008207404054701328 0.007797033991664648 0.007407182361930609 0.007036823313683271 0.006684982217848301 0.00635073333978653 0.006033196579664946 0.005731536541134119 0.005444959737360477 0.005172711797058582 0.004914076067507267 0.004668372217565775 0.004434953443706036 0.00421320553869009 0.004002545028924942 0.003802417777478695 0.00361229688860476 0.003431682009249926 0.003260097932070494 0.003097092965617776 0.002942238235846162 0.002795126289129257 0.002655369928106666 0.002522601513192058 0.002396471332758665 0.002276647835969925 0.002162815537303686 0.002054674783721566 0.00195194105617702 0.001854344038292766 0.001761626801453531 0.001673545455560088 0.00158986821770668 0.001510374830104411 0.001434856094419956 0.001363113289698958 0.001294957590289414 0.001230209716595709 0.00116869923658669 0.001110264332965016 0.001054751104675233 0.00100201356690377 0.0009519128943793476 0.0009043172467499971 0.0008591013611294329 0.0008161463192664087 0.0007753390236757696 0.0007365720812231302 0.0006997434538789093 0.0006647562840953469 0.0006315184873528779 0.0005999425775371492 0.0005699454341083765 0.000541448185686022 0.0005143758025951684 0.0004886570386588573 0.0004642241983674467 0.0004410129913594574 0.0004189623286947608 0.0003980142064392567 0.0003781135019380599 0.0003592078282963485 0.0003412474470678717 0.0003241850645281374 0.0003079758025705814 0.0002925770240835845 0.0002779481583274901 0.0002640507591422647 0.0002508482139091939 0.0002383058017585427 0.0002263905189465731 0.000215070991544053 0.0002043174463324249 0.0001941015798365697 0.0001843965001171455 0.0001751766685629264 0.0001664178416831419 0.0001580969546921551 0.0001501921069575474 0.0001426825037924573 0.0001355483836960047 0.0001287709601456299 0.0001223324070451781 0.0001162157859653234 0.0001104049952118658 0.0001048847479978576 9.964051423594356e-05 9.465849143452942e-05 8.992556831799448e-05 8.542928844690323e-05 8.115782111417502e-05 7.709993224125355e-05 7.324493344640359e-05 6.958268932066858e-05 6.61035519442521e-05 6.279837543843314e-05 5.965845775790513e-05 5.667553341481835e-05 5.384175528888591e-05 5.114966916153207e-05 4.859218461206183e-05 4.616257501766086e-05 4.385444481158629e-05 4.16617222072091e-05 3.957863737014122e-05 3.759970422834158e-05 3.571972047211602e-05 3.39337348123081e-05 3.223704698029906e-05 3.062519317609258e-05 2.909393333538901e-05 2.763923657767009e-05 2.625727393024135e-05 2.494441105227452e-05 2.369719004491344e-05 2.251233127026353e-05 2.13867151614977e-05 2.031737858487759e-05 1.93015093827853e-05 1.833643364079762e-05 1.741961204970721e-05 1.654863081057556e-05 1.57211998157436e-05 1.493513991590589e-05 1.41883829201106e-05 1.347896341030719e-05 1.280501510336762e-05 1.216476448462345e-05 1.155652626039227e-05 1.097869971999899e-05 1.042976509779692e-05 9.908277206704952e-06 9.412863619218115e-06 8.942220119934063e-06 8.495108886563685e-06 8.070353032962885e-06 7.666835699637886e-06 7.283493687282316e-06 6.91931882101926e-06 6.5733529481804e-06 6.24468520982191e-06 5.932451131229755e-06 5.635828529193532e-06 5.35403705725912e-06 5.086335022497224e-06 4.83201847600867e-06 4.590417574945604e-06 4.360896582511486e-06 4.142851594224339e-06 3.935709173674695e-06 3.73892362404149e-06 3.551977442839416e-06 3.374378593434813e-06 3.205659595550969e-06 3.045376615773421e-06 2.89310787593422e-06 2.74845251624356e-06 2.61102991316875e-06 2.480478315192158e-06 2.356454388063867e-06 2.238631623185938e-06 2.126700110238744e-06 2.020365172938909e-06 1.919346914291964e-06 1.823379534471314e-06 1.732210535010381e-06 1.645600036681572e-06 1.563319983688416e-06 1.48515402997873e-06 1.410896288689401e-06 1.340351445833221e-06 1.273333850804192e-06 1.209667175317009e-06 1.149183844972868e-06 1.091724698198959e-06 1.037138417814276e-06 9.852815310296137e-07 9.360174431094492e-07 8.892165510587802e-07 8.44755732032354e-07 5.643073382088915e-05 0.0003056047426071018 0.0007251375936903059 0.001318963244557381 0.002065600361675024 0.002946261549368501 0.003952464554458857 0.005078624002635479 0.006320693530142307 0.007663971744477749 0.009090907871723175 0.01060068793594837 0.01219462510198355 0.01387053169310093 0.01563031412661076 0.01747697219252586 0.01940631680190563 0.02141174860298634 0.02345942705869675 0.02552509307861328
 0 0 0 0 0 0 0 0 0 0 0 0 0 0 0 0 0 0 0 0 0 0 0 0 0 0 0 0 0 0 0 0 0 0 0 0 0 0 0 0 0 0 0 0 0 0 0 0 0 0 0 0 0 0 0 0 0 0 0 0 0 0 0 0 0 0 0 0 0 0 0 0 0 0 0 0 0 0 0 0 0 0 0 0 0 0 0 0 0 0 0 0 0 0 0 0 0 0 0 0 0 0 0 0 0 0 0 0 0 0 0 0 0 0 0 0 0 0 0 0 0 0 0 0 0 0 0 0 0 0 0 0 0 0 0 0 0 0 0 0 0 0 0 0 0 0 0 0 0 0 0 0 0 0 0 0 0 0 0 0 0 0 0 0 0 0 0 0 0 0 0 0 0 0 0 0 0 0 0 0 0 0 0 0 0 0 0 0 0 0 0 0 0 0 0 0 0 0 0 0 0 0 0 0 0 0 0 0 0 0 0 0 0 0 0 0 0 0 0 0 0 0 0 0 0 0 0 0 0 0 0 0 0 0 0 0 0 0 0 0 0 0 0 0 0 0 0 0 0 0 0 0 0 0 0 0 0 0 0 0 0 0 0 0 0 0 0 0 0 0 0 0 0 0 0 0 0 0 0 0 0 0 0 0 0 0 0 0 0 0 0 0 0 0 0 0 0 0 0 0 0 0 0 0 0 0 0 0 0 0 0 0 0 0 0 0 0 0 0 0 0 0 0 0 0 0 0 0 0 0 0 0 0 0 0 0 0 0 0 0 0 0 0 0 0 0 0 0 0 0 0 0 0 0 0 0 0 0 0 0 0 0 0 0 0 0 0 0 0 0 0 0 0 0 0 0 0 0 0 0 0 0 0 0 0 0 0 0 0 0 0 0 0 0 0 0 0 0 0 0 0 0 0 0 0 0 0 0 0 0 0 0 0 0 0 0 0 0 0 0 0 0 0 0 0 0 0 0 0 0 0 0 0 0 0 0 0 0 0 0 0 0 0 0 0 0 0 0 0 0 0 0 0 0 0 0 0 0 0 0 0 0 0 0 0 0 0 0 0 0 0 0 0 0 0 0 0 0 0 0 0 0 0 0 0 0 0 0 0 0 0 0 0 0 0 0 0 0 0 0 0 0 0 0 0 0 0 0 0 0 0 0 0 0 0 0 0 0 0 0 0 0 0 0 0 0 0 0 0 0 0 0 0 0 0 0 0 0 0 0 0 0 0 0 0 0 0 0 0 0 0 0 0 0 0 0 0 0 0 0 0 0 0 0 0 0 0 0 0 0 0 0 0 0 0 0 0 0 0 0 0 0 0 0 0 0 0 0 0 0 0 0 0 0 0 0 0 0 0 0
 0 0 0 0 0 0 0 0 0 0 0 0 0 0 0 0 0 0 0 0 0 0 0 0 0 0 0 0 0 0 0 0 0 0 0 0 0 0 0 0 0 0 0 0 0 0 0 0 0 0 0 0 0 0 0 0 0 0 0 0 0 0 0 0 0 0 0 0 0 0 0 0 0 0 0 0 0 0 0 0 0 0 0 0 0 0 0 0 0 0 0 0 0 0 0 0 0 0 0 0 0 0 0 0 0 0 0 0 0 0 0 0 0 0 0 0 0 0 0 0 0 0 0 0 0 0 0 0 0 0 0 0 0 0 0 0 0 0 0 0 0 0 0 0 0 0 0 0 0 0 0 0 0 0 0 0 0 0 0 0 0 0 0 0 0 0 0 0 0 0 0 0 0 0 0 0 0 0 0 0 0 0 0 0 0 0 0 0 0 0 0 0 0 0 0 0 0 0 0 0 0 0 0 0 0 0 0 0 0 0 0 0 0 0 0 0 0 0 0 0 0 0 0 0 0 0 0 0 0 0 0 0 0 0 0 0 0 0 0 0 0 0 0 0 0 0 0 0 0 0 0 0 0 0 0 0 0 0 0 0 0 0 0 0 0 0 0 0 0 0 0 0 0 0 0 0 0 0 0 0 0 0 0 0 0 0 0 0 0 0 0 0 0 0 0 0 0 0 0 0 0 0 0 0 0 0 0 0 0 0 0 0 0 0 0 0 0 0 0 0 0 0 0 0 0 0 0 0 0 0 0 0 0 0 0 0 0 0 0 0 0 0 0 0 0 0 0 0 0 0 0 0 0 0 0 0 0 0 0 0 0 0 0 0 0 0 0 0 0 0 0 0 0 0 0 0 0 0 0 0 0 0 0 0 0 0 0 0 0 0 0 0 0 0 0 0 0 0 0 0 0 0 0 0 0 0 0 0 0 0 0 0 0 0 0 0 0 0 0 0 0 0 0 0 0 0 0 0 0 0 0 0 0 0 0 0 0 0 0 0 0 0 0 0 0 0 0 0 0 0 0 0 0 0 0 0 0 0 0 0 0 0 0 0 0 0 0 0 0 0 0 0 0 0 0 0 0 0 0 0 0 0 0 0 0 0 0 0 0 0 0 0 0 0 0 0 0 0 0 0 0 0 0 0 0 0 0 0 0 0 0 0 0 0 0 0 0 0 0 0 0 0 0 0 0 0 0 0 0 0 0 0 0 0 0 0 0 0 0 0 0 0 0 0 0 0 0 0 0 0 0 0 0 0 0 0 0 0 0 0 0 0 0 0 0 0 0 0 0 0 0 0 0 0 0 0 0 0 0 0 0 0 0 0 0 0 0 0 0 0 0 0 0 0 0 0 0 0 0 0


# name: r_0_m12_G0_L0p3_D0p7
# type: matrix
# rows: 1
# columns: 14
 0 -12 0.2 0 0.3 0 -6.904901666666667 0 0 0.08199016097475749 0 135 1.549193338482967 0.7




