# Created by Octave 3.8.2, Mon Jun 19 11:52:40 2017 BST <co1ssj@node117>
# name: result
# type: scalar struct
# ndims: 2
 1 1
# length: 3
# name: params
# type: scalar struct
# ndims: 2
 1 1
# length: 18
# name: cleanup
# type: scalar
0


# name: num_runs
# type: scalar
6


# name: dopamine
# type: scalar
0.7


# name: targetCross
# type: scalar
1


# name: targetLuminance
# type: scalar
0.3


# name: targetWidthX
# type: scalar
6


# name: targetWidthY
# type: scalar
2


# name: fixCross
# type: scalar
1


# name: fixLuminance
# type: scalar
0.2


# name: fixWidthX
# type: scalar
6


# name: fixWidthY
# type: scalar
2


# name: fixOn
# type: scalar
0


# name: targetOff
# type: scalar
1


# name: targetOn
# type: scalar
0.2


# name: fixOff
# type: scalar
0.2


# name: targetThetaX
# type: scalar
0


# name: targetThetaY
# type: scalar
-13


# name: exptnum
# type: scalar
0




# name: r_0_m13_G0_L0p3_D0p7_llbn
# type: matrix
# rows: 24
# columns: 600
 0 0 0 0 0 0 0 0 0 0 0 0 0 0 0 0 0 0 0 0 0 0 0 0 0 0 0 0 0 0 0 0 0 0 0 0 0 0 0 0 0 0 0 0 0 0 0 0 0 0 0 0 0 0 0 0 0 0 0 0 0 0 0 0 0 0 0 0 0 0 0 0 0 0 0 0 0 0 0 0 0 0 0 0 0 0 0 0 0 0 0 0 0 0 0 0 0 0 0 0 0 0 0 0 0 0 0 0 0 0 0 0 0 0 0 0 0 0 0 0 0 0 0 0 0 0 0 0 0 0 0 0 0 0 0 0 0 0 0 0 0 0 0 0 0 0 0 0 0 0 0 0 0 0 0 0 0 0 0 0 0 0 0 0 0 0 0 0 0 0 0 0 0 0 0 0 0 0 0 0 0 0 0 0 0 0 0 0 0 0 0 0 0 0 0 0 0 0 0 0 0 0 0 0 0 0 0 0 0 0 0 0 0 0 0 0 0 0 0 0 0 0 0 0 0 0 0 0 0 0 0 0 0 0 0 0 0 0 0 0 0 0 0 0 0 0 0 0 0 0 0 0 0 0 0 0 0 0 0 0 0 0 0 0 0 0 0 0 0 0 0 0 0 0 0 0 0 0 0 0 0 0 0 0 0 0 0 0 0 0 0 0 0 0 0 0 0 0 0 0 0 0 0 0 0 0 0 0 0 0 0 0 0 0 0 0 0 0 0 0 0 0 0 0 0 0 0 0 0 0 0 0 0 0 0 0 0 0 0 0 0 0 0 0 0 0 0 0 0 0 0 0 0 0 0 0 0 0 0 0 0 0 0 0 0 0 0 0 0 0 0 0 0 0 0 0 0 0 0 0 0 0 0 0 0 0 0 0 0 0 0 0 0 0 0 0 0 0 0 0 0 0 0 0 0 0 0 0 0 0 0 0 0 0 0 0 0 0 0 0 0 0 0 0 0 0 0 0 0 0 0 0 0 0 0 0 0 0 0 0 0 0 0 0 0 0 0 0 0 0 0 0 0 0 0 0 0 0 0 0 0 0 0 0 0 0 0 0 0 0 0 0 0 0 0 0 0 0 0 0 0 0 0 0 0 0 0 0 0 0 0 0 0 0 0 0 0 0 0 0 0 0 0 0 0 0 0 0 0 0 0 0 0 0 0 0 0 0 0 0 0 0 0 0 0 0 0 0 0 0 0 0 0 0 0 0 0 0 0 0 0 0 0 0 0 0 0 0 0 0 0 0 0 0 0 0 0 0 0 0 0 0 0 0 0 0 0 0 0 0 0 0 0 0 0 0 0 0 0 0 0 0 0 0 0 0 0 0 0 0 0 0 0 0 0 0 0 0 0 0
 0 0 0 0 0 0 0 0 0 0 0 0 0 0 0 0 0 0 0 0 0 0 0 0 0 0 0 0 0 0 0 0 0 0 0 0 0 0 0 0 0 0 0 0 0 0 0 0 0 0 0 0 0 0 0 0 0 0 0 0 0 0 0 0 0 0 0 0 0 0 0 0 0 0 0 0 0 0 0 0 0 0 0 0 0 0 0 0 0 0 0 0 0 0 0 0 0 0 0 0 0 0 0 0 0 0 0 0 0 0 0 0 0 0 0 0 0 0 0 0 0 0 0 0 0 0 0 0 0 0 0 0 0 0 0 0 0 0 0 0 0 0 0 0 0 0 0 0 0 0 0 0 0 0 0 0 0 0 0 0 0 0 0 0 0 0 0 0 0 0 0 0 0 0 0 0 0 0 0 0 0 0 0 0 0 0 0 0 0 0 0 0 0 0 0 0 0 0 0 0 0 0 0 0 0 0 0 0 0 0 0 0 0 0 0 0 0 0 0 0 0 0 0 0 0 0 0 0 0 0 0 0 0 0 0 0 0 0 0 0 0 0 0 0 0 0 0 0 0 0 0 0 0 0 0 0 0 0 0 0 0 0 0 0 0 0 0 0 0 0 0 0 0 0 0 0 0 0 0 0 0 0 0 0 0 0 0 0 0 0 0 0 0 0 0 0 0 0 0 0 0 0 0 0 0 0 0 0 0 0.0001090735822799616 0.0008267535013146698 0.002202093368396163 0.004293907899409533 0.007231499999761581 0.01112021319568157 0.01599065586924553 0.02183067053556442 0.02863099798560143 0.03633803501725197 0.04495028033852577 0.05426525324583054 0.06424049288034439 0.07470971345901489 0.08568423986434937 0.09718929976224899 0.1092313453555107 0.1217245310544968 0.1346684694290161 0.1481641381978989 0.1621790677309036 0.176793098449707 0.1918322890996933 0.207218274474144 0.2227847874164581 0.2384897172451019 0.2543633580207825 0.2688301801681519 0.2794794738292694 0.2847365438938141 0.2836091816425323 0.2754833400249481 0.2617091834545135 0.2486237287521362 0.2361925393342972 0.2243829071521759 0.2131637632846832 0.2025055736303329 0.1923802942037582 0.1827612817287445 0.1736232191324234 0.1649420559406281 0.1566949486732483 0.1488602012395859 0.1414171904325485 0.1343463361263275 0.1276290118694305 0.1212475597858429 0.1151851788163185 0.1094259172677994 0.1039546206593513 0.09875688701868057 0.09381904453039169 0.08912809193134308 0.08467169106006622 0.08043810725212097 0.07641620188951492 0.07259539514780045 0.06896562874317169 0.06551735103130341 0.06224148347973824 0.05912940949201584 0.0561729371547699 0.05336429178714752 0.05069607868790627 0.04816127568483353 0.04575321078300476 0.04346555098891258 0.04129227250814438 0.03922765702009201 0.03726627305150032 0.03540296107530594 0.03363281488418579 0.0319511741399765 0.03035361506044865 0.02883593365550041 0.02739413641393185 0.02602442912757397 0.02472320757806301 0.02348704636096954 0.02231269329786301 0.02119705826044083 0.02013720571994781 0.01913034543395042 0.01817382872104645 0.01726513728499413 0.01640187948942184 0.01558178570121527 0.01480269618332386 0.01406256109476089 0.01335943304002285 0.01269146148115396 0.01205688808113337 0.01145404390990734 0.01088134199380875 0.01033727452158928 0.00982041098177433 0.009329390712082386 0.008862921036779881 0.008419775404036045 0.007998786866664886 0.0075988476164639 0.007218905258923769 0.006857960019260645 0.00651506194844842 0.006189309060573578 0.005879843607544899 0.005585851613432169 0.005306559149175882 0.005041231401264668 0.004789169877767563 0.004549711477011442 0.004322225693613291 0.004106114618480206 0.003900808980688453 0.003705768613144755 0.003520480124279857 0.003344456199556589 0.003177233505994081 0.003018371760845184 0.002867453265935183 0.002724080579355359 0.002587876515462995 0.002458482747897506 0.002335558645427227 0.002218780806288123 0.002107841661199927 0.002002449473366141 0.001902326941490173 0.001807210617698729 0.001716850092634559 0.00163100752979517 0.00154945719987154 0.001471984316594899 0.001398385153152049 0.001328465878032148 0.00126204255502671 0.001198940444737673 0.001138993422500789 0.001082043745554984 0.001027941587381065 0.0009765445138327777 0.0009277173085138202 0.0008813314489088953 0.0008372648735530674 0.0007954016327857971 0.0007556315395049751 0.0007178499363362789 0.0006819574628025293 0.0006478595896624029 0.0006154666189104319 0.0005846932763233781 0.0005554585950449109 0.0005276856827549636 0.000501301372423768 0.0004762363096233457 0.0004524244868662208 0.0004298032727092505 0.0004083131207153201 0.0003878974530380219 0.0003685025731101632 0.0003500774328131229 0.0003325735742691904 0.0003159448970109224 0.0003001476579811424 0.0002851402678061277 0.0002708832616917789 0.0002573390956968069 0.0002444721467327327 0.0002322485379409045 0.0002206361095886678 0.0002096043026540428 0.0001991240860661492 0.000189167883945629 0.000179709488293156 0.0001707240153336897 0.0001621878182049841 0.0001540784287499264 0.0001463745138607919 0.0001390557881677523 0.0001321029994869605 0.0001254978560609743 0.0001192229610751383 0.0001132618126575835 0.0001075987238436937 0.0001022187861963175 9.710784797789529e-05 9.225245594279841e-05 8.763983350945637e-05 8.325784438056871e-05 7.909494888735935e-05 7.514020398957655e-05 7.138319051591679e-05 6.781402771594003e-05 6.442332960432395e-05 6.120216130511835e-05 5.814205360366032e-05 5.523495201487094e-05 5.247320586931892e-05 4.984954648534767e-05 4.735706897918135e-05 4.498921407503076e-05 4.273975355317816e-05 4.060276478412561e-05 3.857262709061615e-05 3.664399628178217e-05 3.481179737718776e-05 3.307120641693473e-05 3.141764682368375e-05 2.984676393680274e-05 2.835442501236685e-05 2.693670467124321e-05 2.558987034717575e-05 2.431037682981696e-05 2.309485716978088e-05 2.194011358369607e-05 2.084310835925862e-05 1.980095294129569e-05 1.881090611277614e-05 1.787036126188468e-05 1.69768427440431e-05 1.6128000424942e-05 1.532160058559384e-05 1.455552046536468e-05 1.382774462399539e-05 1.313635766564403e-05 1.247953969141236e-05 1.1855562661367e-05 1.126278493757127e-05 1.069964582711691e-05 1.016466376313474e-05 9.656430847826414e-06 9.173609214485623e-06 8.714929208508693e-06 8.279183020931669e-06 7.865223778935615e-06 7.47196281736251e-06 7.098364676494384e-06 6.743446647305973e-06 6.406274223991204e-06 6.085960649215849e-06 5.781662821391365e-06 5.492579475685488e-06 5.217950274527539e-06 4.957052624376956e-06 4.709199856733903e-06 4.473739863897208e-06 4.250052825227613e-06 4.03755029765307e-06 3.835672941931989e-06 3.64388938578486e-06 3.461694859652198e-06 3.288610059826169e-06 3.124179556834861e-06 2.967970658573904e-06 2.819572046064422e-06 2.678593546079355e-06 2.544663857406704e-06 2.417430550849531e-06 2.296558932357584e-06 2.181730906158919e-06 2.07264429263887e-06 1.969012146219029e-06 1.870561504802026e-06 1.777033389771532e-06 1.688181669123878e-06 1.60377260272071e-06 1.523583932794281e-06 1.447404770260619e-06 1.375034571537981e-06 1.306282797486347e-06 1.240968686033739e-06 1.178920228994684e-06 1.119974172070215e-06 1.063975446413679e-06 1.010776713883388e-06 9.602379122952698e-07 9.122260280491901e-07 8.6661475506844e-07 8.232840400523855e-07 7.821198551027919e-07 7.430138566633104e-07 7.05863158145803e-07 6.705699888698291e-07 4.208290556562133e-05 0.0002824009279720485 0.0007094560423865914 0.001304662087932229 0.002043119166046381 0.002919544465839863 0.003926782868802547
 0 0 0 0 0 0 0 0 0 0 0 0 0 0 0 0 0 0 0 0 0 0 0 0 0 0 0 0 0 0 0 0 0 0 0 0 0 0 0 0 0 0 0 0 0 0 0 0 0 0 0 0 0 0 0 0 0 0 0 0 0 0 0 0 0 0 0 0 0 0 0 0 0 0 0 0 0 0 0 0 0 0 0 0 0 0 0 0 0 0 0 0 0 0 0 0 0 0 0 0 0 0 0 0 0 0 0 0 0 0 0 0 0 0 0 0 0 0 0 0 0 0 0 0 0 0 0 0 0 0 0 0 0 0 0 0 0 0 0 0 0 0 0 0 0 0 0 0 0 0 0 0 0 0 0 0 0 0 0 0 0 0 0 0 0 0 0 0 0 0 0 0 0 0 0 0 0 0 0 0 0 0 0 0 0 0 0 0 0 0 0 0 0 0 0 0 0 0 0 0 0 0 0 0 0 0 0 0 0 0 0 0 0 0 0 0 0 0 0 0 0 0 0 0 0 0 0 0 0 0 0 0 0 0 0 0 0 0 0 0 0 0 0 0 0 0 0 0 0 0 0 0 0 0 0 0 0 0 0 0 0 0 0 0 0 0 0 0 0 0 0 0 0 0 0 0 0 0 0 0 0 0 0 0 0 0 0 0 0 0 0 0 0 0 0 0 0 0 0 0 0 0 0 0 0 0 0 0 0 0 0 0 0 0 0 0 0 0 0 0 0 0 0 0 0 0 0 0 0 0 0 0 0 0 0 0 0 0 0 0 0 0 0 0 0 0 0 0 0 0 0 0 0 0 0 0 0 0 0 0 0 0 0 0 0 0 0 0 0 0 0 0 0 0 0 0 0 0 0 0 0 0 0 0 0 0 0 0 0 0 0 0 0 0 0 0 0 0 0 0 0 0 0 0 0 0 0 0 0 0 0 0 0 0 0 0 0 0 0 0 0 0 0 0 0 0 0 0 0 0 0 0 0 0 0 0 0 0 0 0 0 0 0 0 0 0 0 0 0 0 0 0 0 0 0 0 0 0 0 0 0 0 0 0 0 0 0 0 0 0 0 0 0 0 0 0 0 0 0 0 0 0 0 0 0 0 0 0 0 0 0 0 0 0 0 0 0 0 0 0 0 0 0 0 0 0 0 0 0 0 0 0 0 0 0 0 0 0 0 0 0 0 0 0 0 0 0 0 0 0 0 0 0 0 0 0 0 0 0 0 0 0 0 0 0 0 0 0 0 0 0 0 0 0 0 0 0 0 0 0 0 0 0 0 0 0 0 0 0 0 0 0 0 0 0 0 0 0 0 0 0 0 0 0 0 0 0 0 0 0 0 0 0 0 0 0 0 0 0 0
 0 0 0 0 0 0 0 0 0 0 0 0 0 0 0 0 0 0 0 0 0 0 0 0 0 0 0 0 0 0 0 0 0 0 0 0 0 0 0 0 0 0 0 0 0 0 0 0 0 0 0 0 0 0 0 0 0 0 0 0 0 0 0 0 0 0 0 0 0 0 0 0 0 0 0 0 0 0 0 0 0 0 0 0 0 0 0 0 0 0 0 0 0 0 0 0 0 0 0 0 0 0 0 0 0 0 0 0 0 0 0 0 0 0 0 0 0 0 0 0 0 0 0 0 0 0 0 0 0 0 0 0 0 0 0 0 0 0 0 0 0 0 0 0 0 0 0 0 0 0 0 0 0 0 0 0 0 0 0 0 0 0 0 0 0 0 0 0 0 0 0 0 0 0 0 0 0 0 0 0 0 0 0 0 0 0 0 0 0 0 0 0 0 0 0 0 0 0 0 0 0 0 0 0 0 0 0 0 0 0 0 0 0 0 0 0 0 0 0 0 0 0 0 0 0 0 0 0 0 0 0 0 0 0 0 0 0 0 0 0 0 0 0 0 0 0 0 0 0 0 0 0 0 0 0 0 0 0 0 0 0 0 0 0 0 0 0 0 0 0 0 0 0 0 0 0 0 0 0 0 0 0 0 0 0 0 0 0 0 0 0 0 0 0 0 0 0 0 0 0 0 0 0 0 0 0 0 0 0 0 0 0 0 0 0 0 0 0 0 0 0 0 0 0 0 0 0 0 0 0 0 0 0 0 0 0 0 0 0 0 0 0 0 0 0 0 0 0 0 0 0 0 0 0 0 0 0 0 0 0 0 0 0 0 0 0 0 0 0 0 0 0 0 0 0 0 0 0 0 0 0 0 0 0 0 0 0 0 0 0 0 0 0 0 0 0 0 0 0 0 0 0 0 0 0 0 0 0 0 0 0 0 0 0 0 0 0 0 0 0 0 0 0 0 0 0 0 0 0 0 0 0 0 0 0 0 0 0 0 0 0 0 0 0 0 0 0 0 0 0 0 0 0 0 0 0 0 0 0 0 0 0 0 0 0 0 0 0 0 0 0 0 0 0 0 0 0 0 0 0 0 0 0 0 0 0 0 0 0 0 0 0 0 0 0 0 0 0 0 0 0 0 0 0 0 0 0 0 0 0 0 0 0 0 0 0 0 0 0 0 0 0 0 0 0 0 0 0 0 0 0 0 0 0 0 0 0 0 0 0 0 0 0 0 0 0 0 0 0 0 0 0 0 0 0 0 0 0 0 0 0 0 0 0 0 0 0 0 0 0 0 0 0 0 0 0 0 0 0 0 0 0 0 0 0 0 0 0 0 0 0 0 0 0 0 0 0 0 0 0
 0 0 0 0 0 0 0 0 0 0 0 0 0 0 0 0 0 0 0 0 0 0 0 0 0 0 0 0 0 0 0 0 0 0 0 0 0 0 0 0 0 0 0 0 0 0 0 0 0 0 0 0 0 0 0 0 0 0 0 0 0 0 0 0 0 0 0 0 0 0 0 0 0 0 0 0 0 0 0 0 0 0 0 0 0 0 0 0 0 0 0 0 0 0 0 0 0 0 0 0 0 0 0 0 0 0 0 0 0 0 0 0 0 0 0 0 0 0 0 0 0 0 0 0 0 0 0 0 0 0 0 0 0 0 0 0 0 0 0 0 0 0 0 0 0 0 0 0 0 0 0 0 0 0 0 0 0 0 0 0 0 0 0 0 0 0 0 0 0 0 0 0 0 0 0 0 0 0 0 0 0 0 0 0 0 0 0 0 0 0 0 0 0 0 0 0 0 0 0 0 0 0 0 0 0 0 0 0 0 0 0 0 0 0 0 0 0 0 0 0 0 0 0 0 0 0 0 0 0 0 0 0 0 0 0 0 0 0 0 0 0 0 0 0 0 0 0 0 0 0 0 0 0 0 0 0 0 0 0 0 0 0 0 0 0 0 0 0 0 0 0 0 0 0 0 0 0 0 0 0 0 0 0 0 0 0 0 0 0 0 0 0 0 0 0 0 0 0 0 0 0 0 0 0 0 0 0 0 0 0 0 0 0 0 0 0 0 0 0 0 0 0 0 0 0 0 0 0 0 0 0 0 0 0 0 0 0 0 0 0 0 0 0 0 0 0 0 0 0 0 0 0 0 0 0 0 0 0 0 0 0 0 0 0 0 0 0 0 0 0 0 0 0 0 0 0 0 0 0 0 0 0 0 0 0 0 0 0 0 0 0 0 0 0 0 0 0 0 0 0 0 0 0 0 0 0 0 0 0 0 0 0 0 0 0 0 0 0 0 0 0 0 0 0 0 0 0 0 0 0 0 0 0 0 0 0 0 0 0 0 0 0 0 0 0 0 0 0 0 0 0 0 0 0 0 0 0 0 0 0 0 0 0 0 0 0 0 0 0 0 0 0 0 0 0 0 0 0 0 0 0 0 0 0 0 0 0 0 0 0 0 0 0 0 0 0 0 0 0 0 0 0 0 0 0 0 0 0 0 0 0 0 0 0 0 0 0 0 0 0 0 0 0 0 0 0 0 0 0 0 0 0 0 0 0 0 0 0 0 0 0 0 0 0 0 0 0 0 0 0 0 0 0 0 0 0 0 0 0 0 0 0 0 0 0 0 0 0 0 0 0 0 0 0 0 0 0 0 0 0 0 0 0 0 0 0 0 0 0 0 0 0 0 0 0 0 0 0 0 0
 0 0 0 0 0 0 0 0 0 0 0 0 0 0 0 0 0 0 0 0 0 0 0 0 0 0 0 0 0 0 0 0 0 0 0 0 0 0 0 0 0 0 0 0 0 0 0 0 0 0 0 0 0 0 0 0 0 0 0 0 0 0 0 0 0 0 0 0 0 0 0 0 0 0 0 0 0 0 0 0 0 0 0 0 0 0 0 0 0 0 0 0 0 0 0 0 0 0 0 0 0 0 0 0 0 0 0 0 0 0 0 0 0 0 0 0 0 0 0 0 0 0 0 0 0 0 0 0 0 0 0 0 0 0 0 0 0 0 0 0 0 0 0 0 0 0 0 0 0 0 0 0 0 0 0 0 0 0 0 0 0 0 0 0 0 0 0 0 0 0 0 0 0 0 0 0 0 0 0 0 0 0 0 0 0 0 0 0 0 0 0 0 0 0 0 0 0 0 0 0 0 0 0 0 0 0 0 0 0 0 0 0 0 0 0 0 0 0 0 0 0 0 0 0 0 0 0 0 0 0 0 0 0 0 0 0 0 0 0 0 0 0 0 0 0 0 0 0 0 0 0 0 0 0 0 0 0 0 0 0 0 0 0 0 0 0 0 0 0 0 0 0 0 0 0 0 0 0 0 0 0 0 0 0 0 0 0 0 0 0 0 0 0 0 0 0 0 0 0 0 0 0 0 0 0 0 0 0 0 0.0001533571194158867 0.0009168838732875884 0.002335264347493649 0.004520565271377563 0.007516928948462009 0.01138969883322716 0.01622123643755913 0.02199758775532246 0.02876441180706024 0.036505326628685 0.0450848788022995 0.05434133112430573 0.06427978724241257 0.07468057423830032 0.08553390204906464 0.09686099737882614 0.1086104661226273 0.1207424402236938 0.1333004832267761 0.1463647186756134 0.1600044071674347 0.1740889698266983 0.1885772049427032 0.2034034430980682 0.2186066210269928 0.2340912073850632 0.2497746348381042 0.2641354501247406 0.2748121321201324 0.2802269756793976 0.2793572247028351 0.2715775072574615 0.2579986453056335 0.2450987100601196 0.2328437715768814 0.2212015837430954 0.210141509771347 0.1996344327926636 0.1896527111530304 0.1801700741052628 0.1711615771055222 0.162603497505188 0.1544733196496964 0.1467496603727341 0.1394121795892715 0.1324415653944016 0.1258194893598557 0.119528517127037 0.1135520935058594 0.1078744903206825 0.1024807691574097 0.09735672920942307 0.09248889237642288 0.08786445111036301 0.08347123116254807 0.07929766923189163 0.07533278316259384 0.071566142141819 0.0679878368973732 0.06458844244480133 0.06135902181267738 0.05829107016324997 0.05537651479244232 0.05260768905282021 0.04997730627655983 0.04747844114899635 0.04510451853275299 0.04284929111599922 0.0407068282365799 0.03867148607969284 0.03673791140317917 0.03490101546049118 0.03315596282482147 0.03149816393852234 0.02992325648665428 0.02842709422111511 0.02700573951005936 0.02565545216202736 0.02437268011271954 0.02315404638648033 0.02199634350836277 0.02089652605354786 0.01985169947147369 0.01885911449790001 0.01791615784168243 0.01702035032212734 0.01616933196783066 0.01536086574196815 0.01459282264113426 0.01386318169534206 0.0131700225174427 0.01251152157783508 0.01188594568520784 0.01129164826124907 0.01072706561535597 0.01019071228802204 0.009681176394224167 0.009197117760777473 0.008737262338399887 0.008300399407744408 0.00788537971675396 0.007491110824048519 0.007116555236279964 0.006760727614164352 0.00642269104719162 0.006101556587964296 0.005796478595584631 0.005506654735654593 0.005231321789324284 0.004969755653291941 0.004721268080174923 0.004485204815864563 0.004260944668203592 0.004047897644340992 0.0038455028552562 0.003653227817267179 0.003470566356554627 0.003297038143500686 0.003132186131551862 0.002975576790049672 0.002826798008754849 0.002685458166524768 0.002551185199990869 0.002423625905066729 0.002302444539964199 0.002187322359532118 0.002077956218272448 0.001974058337509632 0.001875355374068022 0.001781587605364621 0.001692508230917156 0.001607882790267467 0.001527488697320223 0.00145111430902034 0.001378558576107025 0.001309630693867803 0.001244149170815945 0.001181941712275147 0.001122844638302922 0.001066702418029308 0.001013367320410907 0.0009626989485695958 0.0009145640069618821 0.0008688358357176185 0.0008253940613940358 0.0007841243641451001 0.0007449181284755468 0.0007076722104102373 0.0006722885882481933 0.0006386741297319531 0.0006067404174245894 0.000576403399463743 0.0005475832149386406 0.0005202040774747729 0.0004941938677802682 0.0004694841627497226 0.0004460099444258958 0.0004237094544805586 0.0004025239904876798 0.0003823977895081043 0.0003632779116742313 0.0003451140073593706 0.0003278583171777427 0.0003114654100500047 0.0002958921249955893 0.0002810975129250437 0.0002670426329132169 0.0002536904939915985 0.000241005967836827 0.0002289556723553687 0.0002175078843720257 0.0002066324959741905 0.0001963008689926937 0.0001864858204498887 0.0001771615352481604 0.0001683034643065184 0.0001598882954567671 0.0001518938806839287 0.0001442991924704984 0.0001370842364849523 0.0001302300224779174 0.0001237185206264257 0.000117532596050296 0.0001116559651563875 0.0001060731665347703 0.0001007695100270212 9.573103307047859e-05 9.094447887036949e-05 8.639725274406374e-05 8.207739301724359e-05 7.797352009220049e-05 7.407484372379258e-05 7.037110481178388e-05 6.685254629701376e-05 6.350992043735459e-05 6.033442332409322e-05 5.731770215788856e-05 5.445181886898354e-05 5.172922828933224e-05 4.914276723866351e-05 4.668562905862927e-05 4.435134906088933e-05 4.213378269923851e-05 4.002709465567023e-05 3.802574065048248e-05 3.612445289036259e-05 3.431822915445082e-05 3.26023182424251e-05 3.097220178460702e-05 2.942359242297243e-05 2.795241198327858e-05 2.655479147506412e-05 2.522705108276568e-05 2.396569834672846e-05 2.276741361129098e-05 2.162904274882749e-05 2.054758988379035e-05 1.952021011675242e-05 1.854420042946003e-05 1.761699058988597e-05 1.673614133324008e-05 1.589933344803285e-05 1.510436686658068e-05 1.434914884157479e-05 1.363169121759711e-05 1.295010679314146e-05 1.230260113516124e-05 1.168747076008003e-05 1.110309676732868e-05 1.054794211086119e-05 1.00205452326918e-05 9.519518243905623e-06 9.043542377185076e-06 8.591365258325823e-06 8.161797268257942e-06 7.753706995572429e-06 7.366021691268543e-06 6.997720447543543e-06 6.64783419779269e-06 6.315442533377791e-06 5.999670520395739e-06 5.699686880689114e-06 5.414702627604129e-06 5.14396742801182e-06 4.886769147560699e-06 4.642430667445296e-06 4.410308974911459e-06 4.189793344266945e-06 3.980303517892025e-06 3.781288341997424e-06 3.59222394763492e-06 3.412612841202645e-06 3.241982085455675e-06 3.079883072132361e-06 2.925889020843897e-06 2.779594524326967e-06 2.640614866322721e-06 2.508584202587372e-06 2.383154878771165e-06 2.26399720304471e-06 2.150797399735893e-06 2.043257609329885e-06 1.941094751600758e-06 1.844040070864139e-06 1.751838112795667e-06 1.664246155996807e-06 1.581033870934334e-06 1.501982183071959e-06 1.426883045496652e-06 1.355538870484452e-06 1.28776196106628e-06 1.223373828906915e-06 1.162205080618151e-06 1.104094849324611e-06 1.048890112542722e-06 9.964455784938764e-07 9.466232882004988e-07 8.992921038952773e-07 8.543274816474877e-07 8.116111303024809e-07 7.710305567343312e-07 7.32479009002418e-07 6.958550784474937e-07 6.610623017877515e-07 6.280091611188254e-07 8.45217946334742e-05 0.0003625001409091055 0.0008154097013175488 0.001431656070053577 0.002184355398640037 0.003067870158702135
 0 0 0 0 0 0 0 0 0 0 0 0 0 0 0 0 0 0 0 0 0 0 0 0 0 0 0 0 0 0 0 0 0 0 0 0 0 0 0 0 0 0 0 0 0 0 0 0 0 0 0 0 0 0 0 0 0 0 0 0 0 0 0 0 0 0 0 0 0 0 0 0 0 0 0 0 0 0 0 0 0 0 0 0 0 0 0 0 0 0 0 0 0 0 0 0 0 0 0 0 0 0 0 0 0 0 0 0 0 0 0 0 0 0 0 0 0 0 0 0 0 0 0 0 0 0 0 0 0 0 0 0 0 0 0 0 0 0 0 0 0 0 0 0 0 0 0 0 0 0 0 0 0 0 0 0 0 0 0 0 0 0 0 0 0 0 0 0 0 0 0 0 0 0 0 0 0 0 0 0 0 0 0 0 0 0 0 0 0 0 0 0 0 0 0 0 0 0 0 0 0 0 0 0 0 0 0 0 0 0 0 0 0 0 0 0 0 0 0 0 0 0 0 0 0 0 0 0 0 0 0 0 0 0 0 0 0 0 0 0 0 0 0 0 0 0 0 0 0 0 0 0 0 0 0 0 0 0 0 0 0 0 0 0 0 0 0 0 0 0 0 0 0 0 0 0 0 0 0 0 0 0 0 0 0 0 0 0 0 0 0 0 0 0 0 0 0 0 0 0 0 0 0 0 0 0 0 0 0 0 0 0 0 0 0 0 0 0 0 0 0 0 0 0 0 0 0 0 0 0 0 0 0 0 0 0 0 0 0 0 0 0 0 0 0 0 0 0 0 0 0 0 0 0 0 0 0 0 0 0 0 0 0 0 0 0 0 0 0 0 0 0 0 0 0 0 0 0 0 0 0 0 0 0 0 0 0 0 0 0 0 0 0 0 0 0 0 0 0 0 0 0 0 0 0 0 0 0 0 0 0 0 0 0 0 0 0 0 0 0 0 0 0 0 0 0 0 0 0 0 0 0 0 0 0 0 0 0 0 0 0 0 0 0 0 0 0 0 0 0 0 0 0 0 0 0 0 0 0 0 0 0 0 0 0 0 0 0 0 0 0 0 0 0 0 0 0 0 0 0 0 0 0 0 0 0 0 0 0 0 0 0 0 0 0 0 0 0 0 0 0 0 0 0 0 0 0 0 0 0 0 0 0 0 0 0 0 0 0 0 0 0 0 0 0 0 0 0 0 0 0 0 0 0 0 0 0 0 0 0 0 0 0 0 0 0 0 0 0 0 0 0 0 0 0 0 0 0 0 0 0 0 0 0 0 0 0 0 0 0 0 0 0 0 0 0 0 0 0 0 0 0 0 0 0 0 0 0 0 0 0 0 0 0 0 0 0 0 0 0
 0 0 0 0 0 0 0 0 0 0 0 0 0 0 0 0 0 0 0 0 0 0 0 0 0 0 0 0 0 0 0 0 0 0 0 0 0 0 0 0 0 0 0 0 0 0 0 0 0 0 0 0 0 0 0 0 0 0 0 0 0 0 0 0 0 0 0 0 0 0 0 0 0 0 0 0 0 0 0 0 0 0 0 0 0 0 0 0 0 0 0 0 0 0 0 0 0 0 0 0 0 0 0 0 0 0 0 0 0 0 0 0 0 0 0 0 0 0 0 0 0 0 0 0 0 0 0 0 0 0 0 0 0 0 0 0 0 0 0 0 0 0 0 0 0 0 0 0 0 0 0 0 0 0 0 0 0 0 0 0 0 0 0 0 0 0 0 0 0 0 0 0 0 0 0 0 0 0 0 0 0 0 0 0 0 0 0 0 0 0 0 0 0 0 0 0 0 0 0 0 0 0 0 0 0 0 0 0 0 0 0 0 0 0 0 0 0 0 0 0 0 0 0 0 0 0 0 0 0 0 0 0 0 0 0 0 0 0 0 0 0 0 0 0 0 0 0 0 0 0 0 0 0 0 0 0 0 0 0 0 0 0 0 0 0 0 0 0 0 0 0 0 0 0 0 0 0 0 0 0 0 0 0 0 0 0 0 0 0 0 0 0 0 0 0 0 0 0 0 0 0 0 0 0 0 0 0 0 0 0 0 0 0 0 0 0 0 0 0 0 0 0 0 0 0 0 0 0 0 0 0 0 0 0 0 0 0 0 0 0 0 0 0 0 0 0 0 0 0 0 0 0 0 0 0 0 0 0 0 0 0 0 0 0 0 0 0 0 0 0 0 0 0 0 0 0 0 0 0 0 0 0 0 0 0 0 0 0 0 0 0 0 0 0 0 0 0 0 0 0 0 0 0 0 0 0 0 0 0 0 0 0 0 0 0 0 0 0 0 0 0 0 0 0 0 0 0 0 0 0 0 0 0 0 0 0 0 0 0 0 0 0 0 0 0 0 0 0 0 0 0 0 0 0 0 0 0 0 0 0 0 0 0 0 0 0 0 0 0 0 0 0 0 0 0 0 0 0 0 0 0 0 0 0 0 0 0 0 0 0 0 0 0 0 0 0 0 0 0 0 0 0 0 0 0 0 0 0 0 0 0 0 0 0 0 0 0 0 0 0 0 0 0 0 0 0 0 0 0 0 0 0 0 0 0 0 0 0 0 0 0 0 0 0 0 0 0 0 0 0 0 0 0 0 0 0 0 0 0 0 0 0 0 0 0 0 0 0 0 0 0 0 0 0 0 0 0 0 0 0 0 0 0 0 0 0 0 0 0 0 0 0 0 0 0 0 0 0 0 0
 0 0 0 0 0 0 0 0 0 0 0 0 0 0 0 0 0 0 0 0 0 0 0 0 0 0 0 0 0 0 0 0 0 0 0 0 0 0 0 0 0 0 0 0 0 0 0 0 0 0 0 0 0 0 0 0 0 0 0 0 0 0 0 0 0 0 0 0 0 0 0 0 0 0 0 0 0 0 0 0 0 0 0 0 0 0 0 0 0 0 0 0 0 0 0 0 0 0 0 0 0 0 0 0 0 0 0 0 0 0 0 0 0 0 0 0 0 0 0 0 0 0 0 0 0 0 0 0 0 0 0 0 0 0 0 0 0 0 0 0 0 0 0 0 0 0 0 0 0 0 0 0 0 0 0 0 0 0 0 0 0 0 0 0 0 0 0 0 0 0 0 0 0 0 0 0 0 0 0 0 0 0 0 0 0 0 0 0 0 0 0 0 0 0 0 0 0 0 0 0 0 0 0 0 0 0 0 0 0 0 0 0 0 0 0 0 0 0 0 0 0 0 0 0 0 0 0 0 0 0 0 0 0 0 0 0 0 0 0 0 0 0 0 0 0 0 0 0 0 0 0 0 0 0 0 0 0 0 0 0 0 0 0 0 0 0 0 0 0 0 0 0 0 0 0 0 0 0 0 0 0 0 0 0 0 0 0 0 0 0 0 0 0 0 0 0 0 0 0 0 0 0 0 0 0 0 0 0 0 0 0 0 0 0 0 0 0 0 0 0 0 0 0 0 0 0 0 0 0 0 0 0 0 0 0 0 0 0 0 0 0 0 0 0 0 0 0 0 0 0 0 0 0 0 0 0 0 0 0 0 0 0 0 0 0 0 0 0 0 0 0 0 0 0 0 0 0 0 0 0 0 0 0 0 0 0 0 0 0 0 0 0 0 0 0 0 0 0 0 0 0 0 0 0 0 0 0 0 0 0 0 0 0 0 0 0 0 0 0 0 0 0 0 0 0 0 0 0 0 0 0 0 0 0 0 0 0 0 0 0 0 0 0 0 0 0 0 0 0 0 0 0 0 0 0 0 0 0 0 0 0 0 0 0 0 0 0 0 0 0 0 0 0 0 0 0 0 0 0 0 0 0 0 0 0 0 0 0 0 0 0 0 0 0 0 0 0 0 0 0 0 0 0 0 0 0 0 0 0 0 0 0 0 0 0 0 0 0 0 0 0 0 0 0 0 0 0 0 0 0 0 0 0 0 0 0 0 0 0 0 0 0 0 0 0 0 0 0 0 0 0 0 0 0 0 0 0 0 0 0 0 0 0 0 0 0 0 0 0 0 0 0 0 0 0 0 0 0 0 0 0 0 0 0 0 0 0 0 0 0 0 0 0 0 0 0 0 0 0 0
 0 0 0 0 0 0 0 0 0 0 0 0 0 0 0 0 0 0 0 0 0 0 0 0 0 0 0 0 0 0 0 0 0 0 0 0 0 0 0 0 0 0 0 0 0 0 0 0 0 0 0 0 0 0 0 0 0 0 0 0 0 0 0 0 0 0 0 0 0 0 0 0 0 0 0 0 0 0 0 0 0 0 0 0 0 0 0 0 0 0 0 0 0 0 0 0 0 0 0 0 0 0 0 0 0 0 0 0 0 0 0 0 0 0 0 0 0 0 0 0 0 0 0 0 0 0 0 0 0 0 0 0 0 0 0 0 0 0 0 0 0 0 0 0 0 0 0 0 0 0 0 0 0 0 0 0 0 0 0 0 0 0 0 0 0 0 0 0 0 0 0 0 0 0 0 0 0 0 0 0 0 0 0 0 0 0 0 0 0 0 0 0 0 0 0 0 0 0 0 0 0 0 0 0 0 0 0 0 0 0 0 0 0 0 0 0 0 0 0 0 0 0 0 0 0 0 0 0 0 0 0 0 0 0 0 0 0 0 0 0 0 0 0 0 0 0 0 0 0 0 0 0 0 0 0 0 0 0 0 0 0 0 0 0 0 0 0 0 0 0 0 0 0 0 0 0 0 0 0 0 0 0 0 0 0 0 0 0 0 0 0 0 0 0 0 0 0 0 0 0 0 0 0 0 0 0 0 0 0 0 0.0004773973487317562 0.001579314237460494 0.003372848033905029 0.005936391651630402 0.009341132827103138 0.01366156898438931 0.01895080879330635 0.0251791700720787 0.03239135071635246 0.04049863293766975 0.04934555292129517 0.05891287326812744 0.06913381069898605 0.07980192452669144 0.09091946482658386 0.1025098860263824 0.1144839152693748 0.12684166431427 0.1396645903587341 0.1530213057994843 0.1669087558984756 0.1813052594661713 0.1961574405431747 0.2113674283027649 0.2268934845924377 0.2425674498081207 0.2581207752227783 0.270793229341507 0.2786804437637329 0.2806313633918762 0.2758554816246033 0.2637628316879272 0.2505746781826019 0.238045945763588 0.2261436432600021 0.2148364633321762 0.2040946334600449 0.1938899010419846 0.1841953992843628 0.1749856323003769 0.1662363559007645 0.1579245328903198 0.1500283032655716 0.1425268948078156 0.1354005485773087 0.128630518913269 0.1221989914774895 0.1160890385508537 0.1102845892310143 0.1047703623771667 0.09953184425830841 0.09455525130033493 0.08982748538255692 0.0853361114859581 0.08106930553913116 0.07701583951711655 0.07316504418849945 0.06950679421424866 0.06603145599365234 0.06272988021373749 0.05959338694810867 0.05661371722817421 0.05378303304314613 0.05109388008713722 0.048539187759161 0.04611222818493843 0.04380661621689796 0.0416162870824337 0.03953547403216362 0.03755870088934898 0.03568076714873314 0.03389672935009003 0.03220189362764359 0.03059179894626141 0.02906220965087414 0.02760909870266914 0.0262286439538002 0.02491721138358116 0.02367135137319565 0.02248778380453587 0.0213633943349123 0.02029522508382797 0.01928046345710754 0.01831644028425217 0.01740061864256859 0.0165305882692337 0.01570405811071396 0.01491885539144278 0.01417291257530451 0.01346426736563444 0.01279105432331562 0.01215150207281113 0.01154392678290606 0.01096673030406237 0.01041839364916086 0.009897474199533463 0.00940260011702776 0.008932470344007015 0.008485847152769566 0.008061555214226246 0.007658477406948805 0.007275553420186043 0.006911775562912226 0.006566186901181936 0.006237877532839775 0.005925983656197786 0.005629684310406446 0.005348199978470802 0.005080789793282747 0.004826750140637159 0.004585412796586752 0.00435614213347435 0.00413833511993289 0.003931418526917696 0.003734847530722618 0.003548105247318745 0.003370699938386679 0.003202165011316538 0.003042056690901518 0.002889953786507249 0.00274545606225729 0.002608183305710554 0.002477774163708091 0.002353885443881154 0.002236191183328629 0.002124381717294455 0.00201816251501441 0.001917254412546754 0.001821391750127077 0.001730322139337659 0.001643805997446179 0.001561615732498467 0.001483534928411245 0.001409358228556812 0.001338890288025141 0.001271945773623884 0.001208348432555795 0.001147930976003408 0.001090534380637109 0.001036007655784488 0.0009842072613537312 0.0009349968750029802 0.0008882470428943634 0.0008438347140327096 0.0008016430074349046 0.0007615608628839254 0.000723482808098197 0.0006873086676932871 0.0006529432139359415 0.0006202960503287613 0.0005892812623642385 0.0005598171846941113 0.0005318263429217041 0.0005052350461483002 0.0004799732996616513 0.0004559746303129941 0.0004331759118940681 0.000411517103202641 0.000390941248042509 0.000371394184185192 0.000352824485162273 0.0003351832565385848 0.0003184241068083793 0.000302502914564684 0.0002873777702916414 0.0002730088890530169 0.0002593584358692169 0.0002463905257172883 0.0002340710052521899 0.0002223674528067932 0.0002112490765284747 0.0002006866270676255 0.0001906522957142442 0.0001811196852941066 0.0001720637083053589 0.000163460528710857 0.0001552875037305057 0.0001475231256335974 0.0001401469635311514 0.0001331396197201684 0.0001264826423721388 0.0001201585109811276 0.0001141505854320712 0.000108443055069074 0.0001030209023156203 9.786985901882872e-05 9.297636279370636e-05 8.832754247123376e-05 8.391116716666147e-05 7.971560989972204e-05 7.572982576675713e-05 7.194333738880232e-05 6.834616942796856e-05 6.492886313935742e-05 6.168241816340014e-05 5.859829616383649e-05 5.566838080994785e-05 5.288496322464198e-05 5.02407165186014e-05 4.772868123836815e-05 4.534224717644975e-05 4.307513518142514e-05 4.09213789680507e-05 3.887531056534499e-05 3.69315457646735e-05 3.508496956783347e-05 3.333072163513862e-05 3.166418537148274e-05 3.008097701240331e-05 2.857692743418738e-05 2.714808033488225e-05 2.579067586339079e-05 2.450114152452443e-05 2.327608490304556e-05 2.211228093074169e-05 2.100666642945725e-05 1.995633283513598e-05 1.895851528388448e-05 1.801058897399344e-05 1.711006007099058e-05 1.62545566126937e-05 1.544182850921061e-05 1.466973662900273e-05 1.3936250070401e-05 1.323943797615357e-05 1.257746589544695e-05 1.194859214592725e-05 1.135116235673195e-05 1.078360401152167e-05 1.024442371999612e-05 9.73220267042052e-06 9.245592082152143e-06 8.783312296145596e-06 8.344146408489905e-06 7.926939360913821e-06 7.5305924838176e-06 7.15406304152566e-06 6.796359684813069e-06 6.456541541410843e-06 6.133714578027138e-06 5.827028871863149e-06 5.535677246371051e-06 5.258893452264601e-06 4.995948984287679e-06 4.746151716972236e-06 4.508844085648889e-06 4.283401722204871e-06 4.069231636094628e-06 3.865769940603059e-06 3.672481398098171e-06 3.488857373667997e-06 3.314414470878546e-06 3.148693849652773e-06 2.991259179907502e-06 2.841696186806075e-06 2.699611286516301e-06 2.564630676715751e-06 2.436399199723382e-06 2.314579205631162e-06 2.19885032493039e-06 2.088907876895973e-06 1.984462414839072e-06 1.885239271359751e-06 1.790977307791763e-06 1.701428459455201e-06 1.616357053535467e-06 1.535539240649086e-06 1.458762312722683e-06 1.385824248245626e-06 1.316533030149003e-06 1.250706418431946e-06 1.188171154353768e-06 1.128762619373447e-06 1.072324494089116e-06 1.018708303490712e-06 9.67772848525783e-07 9.193842060994939e-07 8.734149901101773e-07 8.297442377624975e-07 7.882570116635179e-07 7.488441724490258e-07 7.114019808796002e-07 6.758318704669364e-07 6.420402769435896e-07 0.00014550841297023 0.0004821420588996261 0.001000588061287999 0.001664833398535848 0.002464810851961374 0.003396301064640284
 0 0 0 0 0 0 0 0 0 0 0 0 0 0 0 0 0 0 0 0 0 0 0 0 0 0 0 0 0 0 0 0 0 0 0 0 0 0 0 0 0 0 0 0 0 0 0 0 0 0 0 0 0 0 0 0 0 0 0 0 0 0 0 0 0 0 0 0 0 0 0 0 0 0 0 0 0 0 0 0 0 0 0 0 0 0 0 0 0 0 0 0 0 0 0 0 0 0 0 0 0 0 0 0 0 0 0 0 0 0 0 0 0 0 0 0 0 0 0 0 0 0 0 0 0 0 0 0 0 0 0 0 0 0 0 0 0 0 0 0 0 0 0 0 0 0 0 0 0 0 0 0 0 0 0 0 0 0 0 0 0 0 0 0 0 0 0 0 0 0 0 0 0 0 0 0 0 0 0 0 0 0 0 0 0 0 0 0 0 0 0 0 0 0 0 0 0 0 0 0 0 0 0 0 0 0 0 0 0 0 0 0 0 0 0 0 0 0 0 0 0 0 0 0 0 0 0 0 0 0 0 0 0 0 0 0 0 0 0 0 0 0 0 0 0 0 0 0 0 0 0 0 0 0 0 0 0 0 0 0 0 0 0 0 0 0 0 0 0 0 0 0 0 0 0 0 0 0 0 0 0 0 0 0 0 0 0 0 0 0 0 0 0 0 0 0 0 0 0 0 0 0 0 0 0 0 0 0 0 0 0 0 0 0 0 0 0 0 0 0 0 0 0 0 0 0 0 0 0 0 0 0 0 0 0 0 0 0 0 0 0 0 0 0 0 0 0 0 0 0 0 0 0 0 0 0 0 0 0 0 0 0 0 0 0 0 0 0 0 0 0 0 0 0 0 0 0 0 0 0 0 0 0 0 0 0 0 0 0 0 0 0 0 0 0 0 0 0 0 0 0 0 0 0 0 0 0 0 0 0 0 0 0 0 0 0 0 0 0 0 0 0 0 0 0 0 0 0 0 0 0 0 0 0 0 0 0 0 0 0 0 0 0 0 0 0 0 0 0 0 0 0 0 0 0 0 0 0 0 0 0 0 0 0 0 0 0 0 0 0 0 0 0 0 0 0 0 0 0 0 0 0 0 0 0 0 0 0 0 0 0 0 0 0 0 0 0 0 0 0 0 0 0 0 0 0 0 0 0 0 0 0 0 0 0 0 0 0 0 0 0 0 0 0 0 0 0 0 0 0 0 0 0 0 0 0 0 0 0 0 0 0 0 0 0 0 0 0 0 0 0 0 0 0 0 0 0 0 0 0 0 0 0 0 0 0 0 0 0 0 0 0 0 0 0 0 0 0 0 0 0 0 0 0 0 0 0 0 0 0 0 0 0 0 0 0 0 0 0 0
 0 0 0 0 0 0 0 0 0 0 0 0 0 0 0 0 0 0 0 0 0 0 0 0 0 0 0 0 0 0 0 0 0 0 0 0 0 0 0 0 0 0 0 0 0 0 0 0 0 0 0 0 0 0 0 0 0 0 0 0 0 0 0 0 0 0 0 0 0 0 0 0 0 0 0 0 0 0 0 0 0 0 0 0 0 0 0 0 0 0 0 0 0 0 0 0 0 0 0 0 0 0 0 0 0 0 0 0 0 0 0 0 0 0 0 0 0 0 0 0 0 0 0 0 0 0 0 0 0 0 0 0 0 0 0 0 0 0 0 0 0 0 0 0 0 0 0 0 0 0 0 0 0 0 0 0 0 0 0 0 0 0 0 0 0 0 0 0 0 0 0 0 0 0 0 0 0 0 0 0 0 0 0 0 0 0 0 0 0 0 0 0 0 0 0 0 0 0 0 0 0 0 0 0 0 0 0 0 0 0 0 0 0 0 0 0 0 0 0 0 0 0 0 0 0 0 0 0 0 0 0 0 0 0 0 0 0 0 0 0 0 0 0 0 0 0 0 0 0 0 0 0 0 0 0 0 0 0 0 0 0 0 0 0 0 0 0 0 0 0 0 0 0 0 0 0 0 0 0 0 0 0 0 0 0 0 0 0 0 0 0 0 0 0 0 0 0 0 0 0 0 0 0 0 0 0 0 0 0 0 0 0 0 0 0 0 0 0 0 0 0 0 0 0 0 0 0 0 0 0 0 0 0 0 0 0 0 0 0 0 0 0 0 0 0 0 0 0 0 0 0 0 0 0 0 0 0 0 0 0 0 0 0 0 0 0 0 0 0 0 0 0 0 0 0 0 0 0 0 0 0 0 0 0 0 0 0 0 0 0 0 0 0 0 0 0 0 0 0 0 0 0 0 0 0 0 0 0 0 0 0 0 0 0 0 0 0 0 0 0 0 0 0 0 0 0 0 0 0 0 0 0 0 0 0 0 0 0 0 0 0 0 0 0 0 0 0 0 0 0 0 0 0 0 0 0 0 0 0 0 0 0 0 0 0 0 0 0 0 0 0 0 0 0 0 0 0 0 0 0 0 0 0 0 0 0 0 0 0 0 0 0 0 0 0 0 0 0 0 0 0 0 0 0 0 0 0 0 0 0 0 0 0 0 0 0 0 0 0 0 0 0 0 0 0 0 0 0 0 0 0 0 0 0 0 0 0 0 0 0 0 0 0 0 0 0 0 0 0 0 0 0 0 0 0 0 0 0 0 0 0 0 0 0 0 0 0 0 0 0 0 0 0 0 0 0 0 0 0 0 0 0 0 0 0 0 0 0 0 0 0 0 0 0 0 0 0 0 0 0
 0 0 0 0 0 0 0 0 0 0 0 0 0 0 0 0 0 0 0 0 0 0 0 0 0 0 0 0 0 0 0 0 0 0 0 0 0 0 0 0 0 0 0 0 0 0 0 0 0 0 0 0 0 0 0 0 0 0 0 0 0 0 0 0 0 0 0 0 0 0 0 0 0 0 0 0 0 0 0 0 0 0 0 0 0 0 0 0 0 0 0 0 0 0 0 0 0 0 0 0 0 0 0 0 0 0 0 0 0 0 0 0 0 0 0 0 0 0 0 0 0 0 0 0 0 0 0 0 0 0 0 0 0 0 0 0 0 0 0 0 0 0 0 0 0 0 0 0 0 0 0 0 0 0 0 0 0 0 0 0 0 0 0 0 0 0 0 0 0 0 0 0 0 0 0 0 0 0 0 0 0 0 0 0 0 0 0 0 0 0 0 0 0 0 0 0 0 0 0 0 0 0 0 0 0 0 0 0 0 0 0 0 0 0 0 0 0 0 0 0 0 0 0 0 0 0 0 0 0 0 0 0 0 0 0 0 0 0 0 0 0 0 0 0 0 0 0 0 0 0 0 0 0 0 0 0 0 0 0 0 0 0 0 0 0 0 0 0 0 0 0 0 0 0 0 0 0 0 0 0 0 0 0 0 0 0 0 0 0 0 0 0 0 0 0 0 0 0 0 0 0 0 0 0 0 0 0 0 0 0 0 0 0 0 0 0 0 0 0 0 0 0 0 0 0 0 0 0 0 0 0 0 0 0 0 0 0 0 0 0 0 0 0 0 0 0 0 0 0 0 0 0 0 0 0 0 0 0 0 0 0 0 0 0 0 0 0 0 0 0 0 0 0 0 0 0 0 0 0 0 0 0 0 0 0 0 0 0 0 0 0 0 0 0 0 0 0 0 0 0 0 0 0 0 0 0 0 0 0 0 0 0 0 0 0 0 0 0 0 0 0 0 0 0 0 0 0 0 0 0 0 0 0 0 0 0 0 0 0 0 0 0 0 0 0 0 0 0 0 0 0 0 0 0 0 0 0 0 0 0 0 0 0 0 0 0 0 0 0 0 0 0 0 0 0 0 0 0 0 0 0 0 0 0 0 0 0 0 0 0 0 0 0 0 0 0 0 0 0 0 0 0 0 0 0 0 0 0 0 0 0 0 0 0 0 0 0 0 0 0 0 0 0 0 0 0 0 0 0 0 0 0 0 0 0 0 0 0 0 0 0 0 0 0 0 0 0 0 0 0 0 0 0 0 0 0 0 0 0 0 0 0 0 0 0 0 0 0 0 0 0 0 0 0 0 0 0 0 0 0 0 0 0 0 0 0 0 0 0 0 0 0 0 0 0 0 0 0 0 0
 0 0 0 0 0 0 0 0 0 0 0 0 0 0 0 0 0 0 0 0 0 0 0 0 0 0 0 0 0 0 0 0 0 0 0 0 0 0 0 0 0 0 0 0 0 0 0 0 0 0 0 0 0 0 0 0 0 0 0 0 0 0 0 0 0 0 0 0 0 0 0 0 0 0 0 0 0 0 0 0 0 0 0 0 0 0 0 0 0 0 0 0 0 0 0 0 0 0 0 0 0 0 0 0 0 0 0 0 0 0 0 0 0 0 0 0 0 0 0 0 0 0 0 0 0 0 0 0 0 0 0 0 0 0 0 0 0 0 0 0 0 0 0 0 0 0 0 0 0 0 0 0 0 0 0 0 0 0 0 0 0 0 0 0 0 0 0 0 0 0 0 0 0 0 0 0 0 0 0 0 0 0 0 0 0 0 0 0 0 0 0 0 0 0 0 0 0 0 0 0 0 0 0 0 0 0 0 0 0 0 0 0 0 0 0 0 0 0 0 0 0 0 0 0 0 0 0 0 0 0 0 0 0 0 0 0 0 0 0 0 0 0 0 0 0 0 0 0 0 0 0 0 0 0 0 0 0 0 0 0 0 0 0 0 0 0 0 0 0 0 0 0 0 0 0 0 0 0 0 0 0 0 0 0 0 0 0 0 0 0 0 0 0 0 0 0 0 0 0 0 0 0 0 0 0 0 0 0 8.136677251968649e-07 0.0005925967125222087 0.001822130172513425 0.003702481277287006 0.00625497242435813 0.009606007486581802 0.0138296689838171 0.0190235935151577 0.02517862431704998 0.03229347243905067 0.04029304161667824 0.04908116906881332 0.05853035300970078 0.0685674250125885 0.07907629013061523 0.0899452269077301 0.1011430323123932 0.1127634570002556 0.1247952282428741 0.137284979224205 0.1502738893032074 0.1637314110994339 0.1777589172124863 0.19236159324646 0.2075072079896927 0.2229989022016525 0.23874831199646 0.254599541425705 0.2676988244056702 0.2761881649494171 0.2788276076316833 0.2747859060764313 0.2636143863201141 0.2504336535930634 0.2379119694232941 0.2260163724422455 0.2147155553102493 0.2039797753095627 0.193780779838562 0.1840917468070984 0.1748871654272079 0.1661428064107895 0.1578356623649597 0.1499438732862473 0.1424466818571091 0.1353243440389633 0.1285581290721893 0.1221302226185799 0.1160237118601799 0.1102225258946419 0.1047113984823227 0.09947583079338074 0.0945020392537117 0.08977694064378738 0.08528809249401093 0.0810236856341362 0.07697249948978424 0.07312387228012085 0.06946767866611481 0.06599429249763489 0.06269457936286926 0.05955985188484192 0.05658185854554176 0.05375276505947113 0.05106512829661369 0.04851187020540237 0.04608627781271935 0.04378196224570274 0.04159286245703697 0.03951321914792061 0.03753755986690521 0.03566068038344383 0.03387764468789101 0.03218376263976097 0.03057457506656647 0.02904584631323814 0.02759355306625366 0.02621387504041195 0.02490318194031715 0.02365802228450775 0.02247512154281139 0.02135136537253857 0.02028379775583744 0.01926960796117783 0.01830612681806087 0.01739082112908363 0.016521280631423 0.01569521613419056 0.01491045579314232 0.0141649330034852 0.01345668639987707 0.01278385240584612 0.01214465964585543 0.01153742708265781 0.01096055563539267 0.01041252817958593 0.009891902096569538 0.00939730741083622 0.008927442133426666 0.008481070399284363 0.008057016879320145 0.007654165849089622 0.007271457463502884 0.006907884497195482 0.006562490481883287 0.006234365981072187 0.005922647658735514 0.005626515485346317 0.005345189943909645 0.005077930632978678 0.004824033938348293 0.004582832101732492 0.004353690426796675 0.004136005882173777 0.00392920570448041 0.003732745535671711 0.003546108258888125 0.003368802834302187 0.003200362669304013 0.003040344454348087 0.002888327231630683 0.002743910765275359 0.002606715308502316 0.002476379508152604 0.002352560637518764 0.002234932500869036 0.002123185899108648 0.002017026534304023 0.001916175242513418 0.001820366480387747 0.001729348208755255 0.001642880844883621 0.001560736796818674 0.001482699997723103 0.001408564974553883 0.001338136731646955 0.00127122993580997 0.001207668450661004 0.001147284987382591 0.00108992075547576 0.0010354247642681 0.0009836534736678004 0.0009344707941636443 0.0008877472719177604 0.0008433599141426384 0.0008011918980628252 0.0007611322798766196 0.0007230756455101073 0.0006869218777865171 0.0006525758071802557 0.0006199470371939242 0.0005889497115276754 0.0005595022230409086 0.0005315270973369479 0.0005049507599323988 0.0004797032161150128 0.0004557180509436876 0.0004329321382101625 0.0004112855240236968 0.0003907212521880865 0.0003711851895786822 0.0003526259388308972 0.0003349946346133947 0.0003182449145242572 0.0003023326571565121 0.0002872160112019628 0.0002728552208282053 0.0002592124510556459 0.0002462518168613315 0.0002339392231078818 0.0002222422626800835 0.0002111301437253132 0.0002005736314458773 0.0001905449462356046 0.0001810177054721862 0.0001719668216537684 0.0001633684732951224 0.0001552000467199832 0.0001474400487495586 0.000140068048494868 0.0001330646482529119 0.0001264114107470959 0.0001200908372993581 0.0001140862950705923 0.0001083819806808606 0.0001029628838296048 9.781473636394367e-05 9.292399772675708e-05 8.827779674902558e-05 8.386390982195735e-05 7.967071724124253e-05 7.56871813791804e-05 7.190282485680655e-05 6.830768688814715e-05 6.489230145234615e-05 6.164769001770765e-05 5.856530697201379e-05 5.563704326050356e-05 5.285519000608474e-05 5.021243123337626e-05 4.770181112689897e-05 4.531671947916038e-05 4.305088441469707e-05 4.089833964826539e-05 3.885342448484153e-05 3.691075471579097e-05 3.506521534291096e-05 3.331195330247283e-05 3.164635563734919e-05 3.006403858307749e-05 2.856083665392362e-05 2.713279536692426e-05 2.577615487098228e-05 2.448734630888794e-05 2.326297908439301e-05 2.209982994827442e-05 2.0994837541366e-05 1.994509511860088e-05 1.894783963507507e-05 1.800044810806867e-05 1.710042488412e-05 1.624540345801506e-05 1.543313373986166e-05 1.466147659812123e-05 1.39284029501141e-05 1.323198284808313e-05 1.257038366020424e-05 1.194186461361824e-05 1.134477133746259e-05 1.077753313438734e-05 1.023865661409218e-05 9.72672387433704e-06 9.240387953468598e-06 8.778368282946758e-06 8.33944977784995e-06 7.922477379906923e-06 7.526353329012636e-06 7.15003579898621e-06 6.792533895350061e-06 6.452907200582558e-06 6.130261681391858e-06 5.823748779221205e-06 5.532561317522777e-06 5.25593304701033e-06 4.993136371922446e-06 4.743479621538427e-06 4.50630568593624e-06 4.280990197003121e-06 4.066940618940862e-06 3.863593519781716e-06 3.670413889267365e-06 3.486893092485843e-06 3.312548415124184e-06 3.146921017105342e-06 2.989575023093494e-06 2.840096385625657e-06 2.698091520869639e-06 2.563186853876687e-06 2.435027454339433e-06 2.313276127097197e-06 2.197612275267602e-06 2.087731672872906e-06 1.983345100597944e-06 1.884177891042782e-06 1.78996901922801e-06 1.700470534160559e-06 1.615446990399505e-06 1.534674652248214e-06 1.457940925320145e-06 1.385043901791505e-06 1.31579167828022e-06 1.250002128472261e-06 1.187501993626938e-06 1.128126882576908e-06 1.071720589607139e-06 1.018134526020731e-06 9.672278338257456e-07 9.188664193970908e-07 8.729231240067747e-07 8.292769848594617e-07 7.878131214056339e-07 7.484224511244975e-07 7.110013484634692e-07 6.754513037776633e-07 0.0001305007754126564 0.0004499285714700818 0.0009545959183014929 0.001624227268621325 0.002442857716232538 0.003403774462640285 0.004491531290113926 0.005695280153304338
 0 0 0 0 0 0 0 0 0 0 0 0 0 0 0 0 0 0 0 0 0 0 0 0 0 0 0 0 0 0 0 0 0 0 0 0 0 0 0 0 0 0 0 0 0 0 0 0 0 0 0 0 0 0 0 0 0 0 0 0 0 0 0 0 0 0 0 0 0 0 0 0 0 0 0 0 0 0 0 0 0 0 0 0 0 0 0 0 0 0 0 0 0 0 0 0 0 0 0 0 0 0 0 0 0 0 0 0 0 0 0 0 0 0 0 0 0 0 0 0 0 0 0 0 0 0 0 0 0 0 0 0 0 0 0 0 0 0 0 0 0 0 0 0 0 0 0 0 0 0 0 0 0 0 0 0 0 0 0 0 0 0 0 0 0 0 0 0 0 0 0 0 0 0 0 0 0 0 0 0 0 0 0 0 0 0 0 0 0 0 0 0 0 0 0 0 0 0 0 0 0 0 0 0 0 0 0 0 0 0 0 0 0 0 0 0 0 0 0 0 0 0 0 0 0 0 0 0 0 0 0 0 0 0 0 0 0 0 0 0 0 0 0 0 0 0 0 0 0 0 0 0 0 0 0 0 0 0 0 0 0 0 0 0 0 0 0 0 0 0 0 0 0 0 0 0 0 0 0 0 0 0 0 0 0 0 0 0 0 0 0 0 0 0 0 0 0 0 0 0 0 0 0 0 0 0 0 0 0 0 0 0 0 0 0 0 0 0 0 0 0 0 0 0 0 0 0 0 0 0 0 0 0 0 0 0 0 0 0 0 0 0 0 0 0 0 0 0 0 0 0 0 0 0 0 0 0 0 0 0 0 0 0 0 0 0 0 0 0 0 0 0 0 0 0 0 0 0 0 0 0 0 0 0 0 0 0 0 0 0 0 0 0 0 0 0 0 0 0 0 0 0 0 0 0 0 0 0 0 0 0 0 0 0 0 0 0 0 0 0 0 0 0 0 0 0 0 0 0 0 0 0 0 0 0 0 0 0 0 0 0 0 0 0 0 0 0 0 0 0 0 0 0 0 0 0 0 0 0 0 0 0 0 0 0 0 0 0 0 0 0 0 0 0 0 0 0 0 0 0 0 0 0 0 0 0 0 0 0 0 0 0 0 0 0 0 0 0 0 0 0 0 0 0 0 0 0 0 0 0 0 0 0 0 0 0 0 0 0 0 0 0 0 0 0 0 0 0 0 0 0 0 0 0 0 0 0 0 0 0 0 0 0 0 0 0 0 0 0 0 0 0 0 0 0 0 0 0 0 0 0 0 0 0 0 0 0 0 0 0 0 0 0 0 0 0 0 0 0 0 0 0 0 0 0 0 0 0 0 0 0 0 0 0 0 0 0 0 0 0
 0 0 0 0 0 0 0 0 0 0 0 0 0 0 0 0 0 0 0 0 0 0 0 0 0 0 0 0 0 0 0 0 0 0 0 0 0 0 0 0 0 0 0 0 0 0 0 0 0 0 0 0 0 0 0 0 0 0 0 0 0 0 0 0 0 0 0 0 0 0 0 0 0 0 0 0 0 0 0 0 0 0 0 0 0 0 0 0 0 0 0 0 0 0 0 0 0 0 0 0 0 0 0 0 0 0 0 0 0 0 0 0 0 0 0 0 0 0 0 0 0 0 0 0 0 0 0 0 0 0 0 0 0 0 0 0 0 0 0 0 0 0 0 0 0 0 0 0 0 0 0 0 0 0 0 0 0 0 0 0 0 0 0 0 0 0 0 0 0 0 0 0 0 0 0 0 0 0 0 0 0 0 0 0 0 0 0 0 0 0 0 0 0 0 0 0 0 0 0 0 0 0 0 0 0 0 0 0 0 0 0 0 0 0 0 0 0 0 0 0 0 0 0 0 0 0 0 0 0 0 0 0 0 0 0 0 0 0 0 0 0 0 0 0 0 0 0 0 0 0 0 0 0 0 0 0 0 0 0 0 0 0 0 0 0 0 0 0 0 0 0 0 0 0 0 0 0 0 0 0 0 0 0 0 0 0 0 0 0 0 0 0 0 0 0 0 0 0 0 0 0 0 0 0 0 0 0 0 0 0 0 0 0 0 0 0 0 0 0 0 0 0 0 0 0 0 0 0 0 0 0 0 0 0 0 0 0 0 0 0 0 0 0 0 0 0 0 0 0 0 0 0 0 0 0 0 0 0 0 0 0 0 0 0 0 0 0 0 0 0 0 0 0 0 0 0 0 0 0 0 0 0 0 0 0 0 0 0 0 0 0 0 0 0 0 0 0 0 0 0 0 0 0 0 0 0 0 0 0 0 0 0 0 0 0 0 0 0 0 0 0 0 0 0 0 0 0 0 0 0 0 0 0 0 0 0 0 0 0 0 0 0 0 0 0 0 0 0 0 0 0 0 0 0 0 0 0 0 0 0 0 0 0 0 0 0 0 0 0 0 0 0 0 0 0 0 0 0 0 0 0 0 0 0 0 0 0 0 0 0 0 0 0 0 0 0 0 0 0 0 0 0 0 0 0 0 0 0 0 0 0 0 0 0 0 0 0 0 0 0 0 0 0 0 0 0 0 0 0 0 0 0 0 0 0 0 0 0 0 0 0 0 0 0 0 0 0 0 0 0 0 0 0 0 0 0 0 0 0 0 0 0 0 0 0 0 0 0 0 0 0 0 0 0 0 0 0 0 0 0 0 0 0 0 0 0 0 0 0 0 0 0 0 0 0 0 0 0 0 0
 0 0 0 0 0 0 0 0 0 0 0 0 0 0 0 0 0 0 0 0 0 0 0 0 0 0 0 0 0 0 0 0 0 0 0 0 0 0 0 0 0 0 0 0 0 0 0 0 0 0 0 0 0 0 0 0 0 0 0 0 0 0 0 0 0 0 0 0 0 0 0 0 0 0 0 0 0 0 0 0 0 0 0 0 0 0 0 0 0 0 0 0 0 0 0 0 0 0 0 0 0 0 0 0 0 0 0 0 0 0 0 0 0 0 0 0 0 0 0 0 0 0 0 0 0 0 0 0 0 0 0 0 0 0 0 0 0 0 0 0 0 0 0 0 0 0 0 0 0 0 0 0 0 0 0 0 0 0 0 0 0 0 0 0 0 0 0 0 0 0 0 0 0 0 0 0 0 0 0 0 0 0 0 0 0 0 0 0 0 0 0 0 0 0 0 0 0 0 0 0 0 0 0 0 0 0 0 0 0 0 0 0 0 0 0 0 0 0 0 0 0 0 0 0 0 0 0 0 0 0 0 0 0 0 0 0 0 0 0 0 0 0 0 0 0 0 0 0 0 0 0 0 0 0 0 0 0 0 0 0 0 0 0 0 0 0 0 0 0 0 0 0 0 0 0 0 0 0 0 0 0 0 0 0 0 0 0 0 0 0 0 0 0 0 0 0 0 0 0 0 0 0 0 0 0 0 0 0 0 0 0 0 0 0 0 0 0 0 0 0 0 0 0 0 0 0 0 0 0 0 0 0 0 0 0 0 0 0 0 0 0 0 0 0 0 0 0 0 0 0 0 0 0 0 0 0 0 0 0 0 0 0 0 0 0 0 0 0 0 0 0 0 0 0 0 0 0 0 0 0 0 0 0 0 0 0 0 0 0 0 0 0 0 0 0 0 0 0 0 0 0 0 0 0 0 0 0 0 0 0 0 0 0 0 0 0 0 0 0 0 0 0 0 0 0 0 0 0 0 0 0 0 0 0 0 0 0 0 0 0 0 0 0 0 0 0 0 0 0 0 0 0 0 0 0 0 0 0 0 0 0 0 0 0 0 0 0 0 0 0 0 0 0 0 0 0 0 0 0 0 0 0 0 0 0 0 0 0 0 0 0 0 0 0 0 0 0 0 0 0 0 0 0 0 0 0 0 0 0 0 0 0 0 0 0 0 0 0 0 0 0 0 0 0 0 0 0 0 0 0 0 0 0 0 0 0 0 0 0 0 0 0 0 0 0 0 0 0 0 0 0 0 0 0 0 0 0 0 0 0 0 0 0 0 0 0 0 0 0 0 0 0 0 0 0 0 0 0 0 0 0 0 0 0 0 0 0 0 0 0 0 0 0 0 0 0 0 0 0 0
 0 0 0 0 0 0 0 0 0 0 0 0 0 0 0 0 0 0 0 0 0 0 0 0 0 0 0 0 0 0 0 0 0 0 0 0 0 0 0 0 0 0 0 0 0 0 0 0 0 0 0 0 0 0 0 0 0 0 0 0 0 0 0 0 0 0 0 0 0 0 0 0 0 0 0 0 0 0 0 0 0 0 0 0 0 0 0 0 0 0 0 0 0 0 0 0 0 0 0 0 0 0 0 0 0 0 0 0 0 0 0 0 0 0 0 0 0 0 0 0 0 0 0 0 0 0 0 0 0 0 0 0 0 0 0 0 0 0 0 0 0 0 0 0 0 0 0 0 0 0 0 0 0 0 0 0 0 0 0 0 0 0 0 0 0 0 0 0 0 0 0 0 0 0 0 0 0 0 0 0 0 0 0 0 0 0 0 0 0 0 0 0 0 0 0 0 0 0 0 0 0 0 0 0 0 0 0 0 0 0 0 0 0 0 0 0 0 0 0 0 0 0 0 0 0 0 0 0 0 0 0 0 0 0 0 0 0 0 0 0 0 0 0 0 0 0 0 0 0 0 0 0 0 0 0 0 0 0 0 0 0 0 0 0 0 0 0 0 0 0 0 0 0 0 0 0 0 0 0 0 0 0 0 0 0 0 0 0 0 0 0 0 0 0 0 0 0 0 0 0 0 0 0 0 0 0 0 0 0 0.0005302409990690649 0.001712375553324819 0.003590219421312213 0.006244143471121788 0.009709871374070644 0.01412974111735821 0.01952615194022655 0.02591542340815067 0.03332654386758804 0.04166780784726143 0.05076338350772858 0.06053813174366951 0.0708763524889946 0.08166148513555527 0.09285329282283783 0.1044539883732796 0.1164231672883034 0.128798633813858 0.141709566116333 0.1551568806171417 0.1690761595964432 0.1835061609745026 0.1984086930751801 0.2138197273015976 0.2296472787857056 0.2456864714622498 0.2611568570137024 0.273476779460907 0.2809123992919922 0.2822890281677246 0.2767389714717865 0.2637557983398438 0.2505680024623871 0.2380395978689194 0.2261376231908798 0.2148307412862778 0.2040892094373703 0.1938847452402115 0.1841905117034912 0.1749809831380844 0.1662319302558899 0.1579203307628632 0.1500243097543716 0.1425230950117111 0.1353969424962997 0.1286270916461945 0.1221957355737686 0.116085946559906 0.1102816462516785 0.1047675609588623 0.09952918440103531 0.09455272555351257 0.08982508629560471 0.08533383160829544 0.08106713742017746 0.0770137831568718 0.07316309213638306 0.06950493901968002 0.06602969020605087 0.06272820383310318 0.05959179252386093 0.05661220103502274 0.05378159135580063 0.05109251290559769 0.04853788763284683 0.04611099511384964 0.04380544647574425 0.04161517322063446 0.03953441604971886 0.0375576950609684 0.03567980974912643 0.0338958203792572 0.03220102936029434 0.0305909775197506 0.02906142920255661 0.02760835736989975 0.02622793987393379 0.02491654269397259 0.02367071621119976 0.02248718030750751 0.02136282064020634 0.02029467932879925 0.01927994564175606 0.01831594854593277 0.01740015111863613 0.01653014309704304 0.01570363529026508 0.01491845399141312 0.01417253166437149 0.01346390508115292 0.01279070973396301 0.01215117424726486 0.01154361572116613 0.01096643507480621 0.0104181133210659 0.009897207841277122 0.009402347728610039 0.008932230062782764 0.008485618978738785 0.00806133821606636 0.007658271118998528 0.007275357376784086 0.006911589298397303 0.006566009949892759 0.006237709429115057 0.00592582393437624 0.005629532970488071 0.005348056554794312 0.005080653820186853 0.004826621152460575 0.00458529032766819 0.004356025718152523 0.004138224292546511 0.003931313287466764 0.003734747646376491 0.003548010252416134 0.003370609832927585 0.003202079329639673 0.003041975433006883 0.002889876719564199 0.002745382953435183 0.002608113922178745 0.002477708272635937 0.002353822812438011 0.002236131578683853 0.002124324906617403 0.002018108731135726 0.001917203306220472 0.001821343088522553 0.001730275922454894 0.001643762108869851 0.001561574055813253 0.001483495347201824 0.001409320626407862 0.00133885454852134 0.00127191178034991 0.001208316185511649 0.001147900358773768 0.001090505393221974 0.001035980181768537 0.0009841811843216419 0.000934972136747092 0.0008882235269993544 0.0008438123622909188 0.0008016217616386712 0.0007615406648255885 0.0007234636577777565 0.0006872904486954212 0.0006529259262606502 0.0006202796357683837 0.0005892656627111137 0.0005598023999482393 0.000531812256667763 0.0005052216583862901 0.0004799605812877417 0.0004559625522233546 0.0004331644158810377 0.0004115061892662197 0.0003909308870788664 0.0003713843470904976 0.0003528151428326964 0.0003351743798702955 0.0003184156666975468 0.000302494881907478 0.0002873701450880617 0.0002730016421992332 0.0002593515673652291 0.0002463839773554355 0.0002340647770324722 0.0002223615447292104 0.0002112434740411118 0.0002006813010666519 0.0001906472316477448 0.000181114868610166 0.000172059124452062 0.0001634561631362885 0.0001552833564346656 0.0001475191820645705 0.0001401432236889377 0.0001331360690528527 0.0001264792663278058 0.0001201553022838198 0.0001141475368058309 0.0001084401592379436 0.0001030181520036422 9.786724695004523e-05 9.297388169215992e-05 8.832518506096676e-05 8.39089261717163e-05 7.971347804414108e-05 7.572780305054039e-05 7.194140926003456e-05 6.834433588664979e-05 6.492711690953001e-05 6.168075924506411e-05 5.859672091901302e-05 5.566688560065813e-05 5.288354077492841e-05 5.023936319048516e-05 4.772739339387044e-05 4.534102481557056e-05 4.307397466618568e-05 4.092027666047215e-05 3.887426282744855e-05 3.693054895848036e-05 3.508402005536482e-05 3.332981941639446e-05 3.166332680848427e-05 3.008016028616112e-05 2.857615254470147e-05 2.714734546316322e-05 2.578997737145983e-05 2.450047759339213e-05 2.327545371372253e-05 2.211168066423852e-05 2.100609708577394e-05 1.995579259528313e-05 1.895800232887268e-05 1.801010148483329e-05 1.710959622869268e-05 1.625411641725805e-05 1.544141014164779e-05 1.466934008931275e-05 1.393587263009977e-05 1.323907872574637e-05 1.257712483493378e-05 1.194826836581342e-05 1.135085494752275e-05 1.078331206372241e-05 1.024414632411208e-05 9.731938916957006e-06 9.245341971109156e-06 8.783074918028433e-06 8.343920853803866e-06 7.926724720164202e-06 7.530388302257052e-06 7.153868864406832e-06 6.79617551213596e-06 6.456366918428103e-06 6.133548595244065e-06 5.826871074532392e-06 5.53552763449261e-06 5.258751116343774e-06 4.995813469577115e-06 4.746022568724584e-06 4.508721303864149e-06 4.283285306883045e-06 4.069121132488362e-06 3.865664893965004e-06 3.672381581054651e-06 3.488762558845337e-06 3.314324430903071e-06 3.148608129777131e-06 2.991177780131693e-06 2.841618879756425e-06 2.699537844819133e-06 2.56456087299739e-06 2.436332806610153e-06 2.314516223123064e-06 2.198790298280073e-06 2.088850806103437e-06 1.984408299904317e-06 1.885187884909101e-06 1.790928536138381e-06 1.701382075225411e-06 1.616312943042431e-06 1.535497290205967e-06 1.458722408642643e-06 1.385786276841827e-06 1.316496991421445e-06 1.250672085006954e-06 1.188138526231342e-06 1.128731582866749e-06 1.072295049198146e-06 1.018680336528632e-06 9.677463594925939e-07 9.193590244649386e-07 8.733910590308369e-07 8.297215003949532e-07 7.882354111643508e-07 7.48823651974817e-07 7.113824835869309e-07 6.758133395123878e-07 6.420226554837427e-07 0.0002114362141583115 0.000609684269875288 0.001183325191959739 0.001905072713270783 0.002766275079920888 0.003759126178920269 0.004875455982983112
 0 0 0 0 0 0 0 0 0 0 0 0 0 0 0 0 0 0 0 0 0 0 0 0 0 0 0 0 0 0 0 0 0 0 0 0 0 0 0 0 0 0 0 0 0 0 0 0 0 0 0 0 0 0 0 0 0 0 0 0 0 0 0 0 0 0 0 0 0 0 0 0 0 0 0 0 0 0 0 0 0 0 0 0 0 0 0 0 0 0 0 0 0 0 0 0 0 0 0 0 0 0 0 0 0 0 0 0 0 0 0 0 0 0 0 0 0 0 0 0 0 0 0 0 0 0 0 0 0 0 0 0 0 0 0 0 0 0 0 0 0 0 0 0 0 0 0 0 0 0 0 0 0 0 0 0 0 0 0 0 0 0 0 0 0 0 0 0 0 0 0 0 0 0 0 0 0 0 0 0 0 0 0 0 0 0 0 0 0 0 0 0 0 0 0 0 0 0 0 0 0 0 0 0 0 0 0 0 0 0 0 0 0 0 0 0 0 0 0 0 0 0 0 0 0 0 0 0 0 0 0 0 0 0 0 0 0 0 0 0 0 0 0 0 0 0 0 0 0 0 0 0 0 0 0 0 0 0 0 0 0 0 0 0 0 0 0 0 0 0 0 0 0 0 0 0 0 0 0 0 0 0 0 0 0 0 0 0 0 0 0 0 0 0 0 0 0 0 0 0 0 0 0 0 0 0 0 0 0 0 0 0 0 0 0 0 0 0 0 0 0 0 0 0 0 0 0 0 0 0 0 0 0 0 0 0 0 0 0 0 0 0 0 0 0 0 0 0 0 0 0 0 0 0 0 0 0 0 0 0 0 0 0 0 0 0 0 0 0 0 0 0 0 0 0 0 0 0 0 0 0 0 0 0 0 0 0 0 0 0 0 0 0 0 0 0 0 0 0 0 0 0 0 0 0 0 0 0 0 0 0 0 0 0 0 0 0 0 0 0 0 0 0 0 0 0 0 0 0 0 0 0 0 0 0 0 0 0 0 0 0 0 0 0 0 0 0 0 0 0 0 0 0 0 0 0 0 0 0 0 0 0 0 0 0 0 0 0 0 0 0 0 0 0 0 0 0 0 0 0 0 0 0 0 0 0 0 0 0 0 0 0 0 0 0 0 0 0 0 0 0 0 0 0 0 0 0 0 0 0 0 0 0 0 0 0 0 0 0 0 0 0 0 0 0 0 0 0 0 0 0 0 0 0 0 0 0 0 0 0 0 0 0 0 0 0 0 0 0 0 0 0 0 0 0 0 0 0 0 0 0 0 0 0 0 0 0 0 0 0 0 0 0 0 0 0 0 0 0 0 0 0 0 0 0 0 0 0 0 0 0 0 0 0 0 0 0 0 0 0
 0 0 0 0 0 0 0 0 0 0 0 0 0 0 0 0 0 0 0 0 0 0 0 0 0 0 0 0 0 0 0 0 0 0 0 0 0 0 0 0 0 0 0 0 0 0 0 0 0 0 0 0 0 0 0 0 0 0 0 0 0 0 0 0 0 0 0 0 0 0 0 0 0 0 0 0 0 0 0 0 0 0 0 0 0 0 0 0 0 0 0 0 0 0 0 0 0 0 0 0 0 0 0 0 0 0 0 0 0 0 0 0 0 0 0 0 0 0 0 0 0 0 0 0 0 0 0 0 0 0 0 0 0 0 0 0 0 0 0 0 0 0 0 0 0 0 0 0 0 0 0 0 0 0 0 0 0 0 0 0 0 0 0 0 0 0 0 0 0 0 0 0 0 0 0 0 0 0 0 0 0 0 0 0 0 0 0 0 0 0 0 0 0 0 0 0 0 0 0 0 0 0 0 0 0 0 0 0 0 0 0 0 0 0 0 0 0 0 0 0 0 0 0 0 0 0 0 0 0 0 0 0 0 0 0 0 0 0 0 0 0 0 0 0 0 0 0 0 0 0 0 0 0 0 0 0 0 0 0 0 0 0 0 0 0 0 0 0 0 0 0 0 0 0 0 0 0 0 0 0 0 0 0 0 0 0 0 0 0 0 0 0 0 0 0 0 0 0 0 0 0 0 0 0 0 0 0 0 0 0 0 0 0 0 0 0 0 0 0 0 0 0 0 0 0 0 0 0 0 0 0 0 0 0 0 0 0 0 0 0 0 0 0 0 0 0 0 0 0 0 0 0 0 0 0 0 0 0 0 0 0 0 0 0 0 0 0 0 0 0 0 0 0 0 0 0 0 0 0 0 0 0 0 0 0 0 0 0 0 0 0 0 0 0 0 0 0 0 0 0 0 0 0 0 0 0 0 0 0 0 0 0 0 0 0 0 0 0 0 0 0 0 0 0 0 0 0 0 0 0 0 0 0 0 0 0 0 0 0 0 0 0 0 0 0 0 0 0 0 0 0 0 0 0 0 0 0 0 0 0 0 0 0 0 0 0 0 0 0 0 0 0 0 0 0 0 0 0 0 0 0 0 0 0 0 0 0 0 0 0 0 0 0 0 0 0 0 0 0 0 0 0 0 0 0 0 0 0 0 0 0 0 0 0 0 0 0 0 0 0 0 0 0 0 0 0 0 0 0 0 0 0 0 0 0 0 0 0 0 0 0 0 0 0 0 0 0 0 0 0 0 0 0 0 0 0 0 0 0 0 0 0 0 0 0 0 0 0 0 0 0 0 0 0 0 0 0 0 0 0 0 0 0 0 0 0 0 0 0 0 0 0 0 0 0 0 0 0 0 0
 0 0 0 0 0 0 0 0 0 0 0 0 0 0 0 0 0 0 0 0 0 0 0 0 0 0 0 0 0 0 0 0 0 0 0 0 0 0 0 0 0 0 0 0 0 0 0 0 0 0 0 0 0 0 0 0 0 0 0 0 0 0 0 0 0 0 0 0 0 0 0 0 0 0 0 0 0 0 0 0 0 0 0 0 0 0 0 0 0 0 0 0 0 0 0 0 0 0 0 0 0 0 0 0 0 0 0 0 0 0 0 0 0 0 0 0 0 0 0 0 0 0 0 0 0 0 0 0 0 0 0 0 0 0 0 0 0 0 0 0 0 0 0 0 0 0 0 0 0 0 0 0 0 0 0 0 0 0 0 0 0 0 0 0 0 0 0 0 0 0 0 0 0 0 0 0 0 0 0 0 0 0 0 0 0 0 0 0 0 0 0 0 0 0 0 0 0 0 0 0 0 0 0 0 0 0 0 0 0 0 0 0 0 0 0 0 0 0 0 0 0 0 0 0 0 0 0 0 0 0 0 0 0 0 0 0 0 0 0 0 0 0 0 0 0 0 0 0 0 0 0 0 0 0 0 0 0 0 0 0 0 0 0 0 0 0 0 0 0 0 0 0 0 0 0 0 0 0 0 0 0 0 0 0 0 0 0 0 0 0 0 0 0 0 0 0 0 0 0 0 0 0 0 0 0 0 0 0 0 0 0 0 0 0 0 0 0 0 0 0 0 0 0 0 0 0 0 0 0 0 0 0 0 0 0 0 0 0 0 0 0 0 0 0 0 0 0 0 0 0 0 0 0 0 0 0 0 0 0 0 0 0 0 0 0 0 0 0 0 0 0 0 0 0 0 0 0 0 0 0 0 0 0 0 0 0 0 0 0 0 0 0 0 0 0 0 0 0 0 0 0 0 0 0 0 0 0 0 0 0 0 0 0 0 0 0 0 0 0 0 0 0 0 0 0 0 0 0 0 0 0 0 0 0 0 0 0 0 0 0 0 0 0 0 0 0 0 0 0 0 0 0 0 0 0 0 0 0 0 0 0 0 0 0 0 0 0 0 0 0 0 0 0 0 0 0 0 0 0 0 0 0 0 0 0 0 0 0 0 0 0 0 0 0 0 0 0 0 0 0 0 0 0 0 0 0 0 0 0 0 0 0 0 0 0 0 0 0 0 0 0 0 0 0 0 0 0 0 0 0 0 0 0 0 0 0 0 0 0 0 0 0 0 0 0 0 0 0 0 0 0 0 0 0 0 0 0 0 0 0 0 0 0 0 0 0 0 0 0 0 0 0 0 0 0 0 0 0 0 0 0 0 0 0 0 0 0 0 0 0 0 0 0 0 0 0 0 0 0 0
 0 0 0 0 0 0 0 0 0 0 0 0 0 0 0 0 0 0 0 0 0 0 0 0 0 0 0 0 0 0 0 0 0 0 0 0 0 0 0 0 0 0 0 0 0 0 0 0 0 0 0 0 0 0 0 0 0 0 0 0 0 0 0 0 0 0 0 0 0 0 0 0 0 0 0 0 0 0 0 0 0 0 0 0 0 0 0 0 0 0 0 0 0 0 0 0 0 0 0 0 0 0 0 0 0 0 0 0 0 0 0 0 0 0 0 0 0 0 0 0 0 0 0 0 0 0 0 0 0 0 0 0 0 0 0 0 0 0 0 0 0 0 0 0 0 0 0 0 0 0 0 0 0 0 0 0 0 0 0 0 0 0 0 0 0 0 0 0 0 0 0 0 0 0 0 0 0 0 0 0 0 0 0 0 0 0 0 0 0 0 0 0 0 0 0 0 0 0 0 0 0 0 0 0 0 0 0 0 0 0 0 0 0 0 0 0 0 0 0 0 0 0 0 0 0 0 0 0 0 0 0 0 0 0 0 0 0 0 0 0 0 0 0 0 0 0 0 0 0 0 0 0 0 0 0 0 0 0 0 0 0 0 0 0 0 0 0 0 0 0 0 0 0 0 0 0 0 0 0 0 0 0 0 0 0 0 0 0 0 0 0 0 0 0 0 0 0 0 0 0 0 0 0 0 0 0 0 0.0001708172057988122 0.0009589538094587624 0.002404476515948772 0.004599358886480331 0.007598682306706905 0.01145774126052856 0.01629845798015594 0.02209177240729332 0.02888969331979752 0.0367378443479538 0.04544754326343536 0.054897241294384 0.06498047709465027 0.07550899684429169 0.08646732568740845 0.09787774085998535 0.1096974685788155 0.1218859851360321 0.1344806402921677 0.1476182192564011 0.1613487750291824 0.1754951030015945 0.1900635063648224 0.2051710486412048 0.2207456678152084 0.2365251481533051 0.2524811327457428 0.2668937146663666 0.2774339914321899 0.2825714349746704 0.2812873125076294 0.272863894701004 0.259220689535141 0.2462596595287323 0.233946681022644 0.2222493439912796 0.2111368775367737 0.2005800306797028 0.1905510276556015 0.1810234785079956 0.1719723045825958 0.1633736938238144 0.1552050113677979 0.1474447548389435 0.1400725245475769 0.1330689042806625 0.1264154613018036 0.1200946867465973 0.1140899509191513 0.1083854511380196 0.1029661819338799 0.09781787544488907 0.09292697906494141 0.08828063309192657 0.08386660367250443 0.07967327535152435 0.07568961381912231 0.07190513610839844 0.06830988079309464 0.06489438563585281 0.06164966523647308 0.05856718122959137 0.05563882365822792 0.05285688117146492 0.05021403729915619 0.0477033369243145 0.04531817138195038 0.04305226355791092 0.04089964926242828 0.03885466605424881 0.03691193461418152 0.03506633639335632 0.03331302106380463 0.03164736926555634 0.03006500005722046 0.02856175042688847 0.02713366225361824 0.02577697858214378 0.02448812872171402 0.02326372265815735 0.02210053615272045 0.02099550887942314 0.01994573324918747 0.01894844695925713 0.01800102367997169 0.01710097305476665 0.01624592393636703 0.01543362811207771 0.0146619463339448 0.0139288492500782 0.01323240716010332 0.01257078722119331 0.01194224786013365 0.01134513504803181 0.01077787857502699 0.01023898459970951 0.009727035649120808 0.009240684099495411 0.008778650313615799 0.008339717984199524 0.007922732271254063 0.007526595611125231 0.007150265853852034 0.006792752537876368 0.006453115027397871 0.006130459252744913 0.005823936313390732 0.00553273968398571 0.00525610288605094 0.004993297625333071 0.004743632860481739 0.004506451077759266 0.004281128756701946 0.004067072179168463 0.003863718593493104 0.00367053272202611 0.00348700606264174 0.003312655724585056 0.003147023031488061 0.00298967189155519 0.002840188331902027 0.002698178868740797 0.002563269808888435 0.002435106318444014 0.002313351025804877 0.002197683556005359 0.002087799366563559 0.001983409281820059 0.001884238794445992 0.001790026901289821 0.001700525521300733 0.001615499262697995 0.001534724258817732 0.001457988051697612 0.001385088660754263 0.001315834233537316 0.001250042580068111 0.00118754047434777 0.001128163421526551 0.001071755308657885 0.001018167589791119 0.0009672592277638614 0.0009188962867483497 0.0008729514665901661 0.0008293038699775934 0.0007878386531956494 0.0007484467350877821 0.0007110243896022439 0.00067547318758443 0.0006416995311155915 0.0006096145370975137 0.0005791338044218719 0.0005501771229319274 0.0005226682405918837 0.0004965348052792251 0.000471708073746413 0.0004481226787902415 0.0004257165419403464 0.0004044307279400527 0.000384209182811901 0.0003649987338576466 0.0003467487986199558 0.0003294113557785749 0.0003129407996311784 0.0002972937654703856 0.0002824290713761002 0.0002683076309040189 0.0002548922493588179 0.0002421476383460686 0.0002300402557011694 0.0002185382472816855 0.0002076113305520266 0.0001972307654796168 0.0001873692235676572 0.0001780007587512955 0.000169100720086135 0.0001606456789886579 0.0001526134001323953 0.0001449827250326052 0.0001377335865981877 0.0001308469072682783 0.0001243045553565025 0.0001180893304990605 0.0001121848617913201 0.0001065756223397329 0.0001012468419503421 9.618449985282496e-05 9.137527376879007e-05 8.680651080794632e-05 8.246618381235749e-05 7.83428768045269e-05 7.442573405569419e-05 7.070444553392008e-05 6.716922507621348e-05 6.381076673278585e-05 6.062023021513596e-05 5.758921906817704e-05 5.470975884236395e-05 5.197427162784152e-05 4.93755578645505e-05 4.690678179031238e-05 4.456144233699888e-05 4.233336949255317e-05 4.021670247311704e-05 3.820586789515801e-05 3.629557613749057e-05 3.448079587542452e-05 3.275675771874376e-05 3.111892146989703e-05 2.956297612399794e-05 2.80848271358991e-05 2.668058550625574e-05 2.534655686758924e-05 2.407922875136137e-05 2.287526694999542e-05 2.173150278395042e-05 2.06449276447529e-05 1.961268208106048e-05 1.863204852270428e-05 1.770044582372066e-05 1.681542380538303e-05 1.597465234226547e-05 1.517591954325326e-05 1.441712356609059e-05 1.369626716041239e-05 1.301145402976545e-05 1.236088155565085e-05 1.174283715954516e-05 1.115569557441631e-05 1.059791065927129e-05 1.006801539915614e-05 9.564614629198331e-06 9.08638412511209e-06 8.632065146230161e-06 8.200461707019713e-06 7.790438758092932e-06 7.400916729238816e-06 7.030871074675815e-06 6.679327725578332e-06 6.345361271087313e-06 6.028093139320845e-06 5.7266884141427e-06 5.440354016172932e-06 5.168336429051124e-06 4.909919425699627e-06 4.664423613576218e-06 4.431202341947937e-06 4.209642156638438e-06 3.999160071543884e-06 3.799201977017219e-06 3.609241957747145e-06 3.428779791647685e-06 3.257340722484514e-06 3.094473640885553e-06 2.939749947472592e-06 2.792762415992911e-06 2.653124283824582e-06 2.520468115108088e-06 2.394444663877948e-06 2.274722419315367e-06 2.16098624150618e-06 2.052936906693503e-06 1.950289970409358e-06 1.852775426414155e-06 1.760136683515157e-06 1.67212988344545e-06 1.588523446116596e-06 1.509097273810767e-06 1.433642410120228e-06 1.361960244139482e-06 1.293862283091585e-06 1.229169129146612e-06 1.167710706795333e-06 1.109325125980831e-06 1.053858909472183e-06 1.001165969682916e-06 9.511076655144279e-07 9.035522907652194e-07 8.583746762269584e-07 8.154559623108071e-07 7.746831443000701e-07 7.35949015506776e-07 6.991515419940697e-07 6.6419397626305e-07 6.309842888185813e-07 7.13987901690416e-05 0.0003294919151812792 0.0007629414321854711 0.001358709065243602 0.002103933366015553 0.002989579690620303 0.003999814391136169 0.005128979682922363
 0 0 0 0 0 0 0 0 0 0 0 0 0 0 0 0 0 0 0 0 0 0 0 0 0 0 0 0 0 0 0 0 0 0 0 0 0 0 0 0 0 0 0 0 0 0 0 0 0 0 0 0 0 0 0 0 0 0 0 0 0 0 0 0 0 0 0 0 0 0 0 0 0 0 0 0 0 0 0 0 0 0 0 0 0 0 0 0 0 0 0 0 0 0 0 0 0 0 0 0 0 0 0 0 0 0 0 0 0 0 0 0 0 0 0 0 0 0 0 0 0 0 0 0 0 0 0 0 0 0 0 0 0 0 0 0 0 0 0 0 0 0 0 0 0 0 0 0 0 0 0 0 0 0 0 0 0 0 0 0 0 0 0 0 0 0 0 0 0 0 0 0 0 0 0 0 0 0 0 0 0 0 0 0 0 0 0 0 0 0 0 0 0 0 0 0 0 0 0 0 0 0 0 0 0 0 0 0 0 0 0 0 0 0 0 0 0 0 0 0 0 0 0 0 0 0 0 0 0 0 0 0 0 0 0 0 0 0 0 0 0 0 0 0 0 0 0 0 0 0 0 0 0 0 0 0 0 0 0 0 0 0 0 0 0 0 0 0 0 0 0 0 0 0 0 0 0 0 0 0 0 0 0 0 0 0 0 0 0 0 0 0 0 0 0 0 0 0 0 0 0 0 0 0 0 0 0 0 0 0 0 0 0 0 0 0 0 0 0 0 0 0 0 0 0 0 0 0 0 0 0 0 0 0 0 0 0 0 0 0 0 0 0 0 0 0 0 0 0 0 0 0 0 0 0 0 0 0 0 0 0 0 0 0 0 0 0 0 0 0 0 0 0 0 0 0 0 0 0 0 0 0 0 0 0 0 0 0 0 0 0 0 0 0 0 0 0 0 0 0 0 0 0 0 0 0 0 0 0 0 0 0 0 0 0 0 0 0 0 0 0 0 0 0 0 0 0 0 0 0 0 0 0 0 0 0 0 0 0 0 0 0 0 0 0 0 0 0 0 0 0 0 0 0 0 0 0 0 0 0 0 0 0 0 0 0 0 0 0 0 0 0 0 0 0 0 0 0 0 0 0 0 0 0 0 0 0 0 0 0 0 0 0 0 0 0 0 0 0 0 0 0 0 0 0 0 0 0 0 0 0 0 0 0 0 0 0 0 0 0 0 0 0 0 0 0 0 0 0 0 0 0 0 0 0 0 0 0 0 0 0 0 0 0 0 0 0 0 0 0 0 0 0 0 0 0 0 0 0 0 0 0 0 0 0 0 0 0 0 0 0 0 0 0 0 0 0 0 0 0 0 0 0 0 0 0 0 0 0 0 0 0 0 0 0 0 0 0 0 0
 0 0 0 0 0 0 0 0 0 0 0 0 0 0 0 0 0 0 0 0 0 0 0 0 0 0 0 0 0 0 0 0 0 0 0 0 0 0 0 0 0 0 0 0 0 0 0 0 0 0 0 0 0 0 0 0 0 0 0 0 0 0 0 0 0 0 0 0 0 0 0 0 0 0 0 0 0 0 0 0 0 0 0 0 0 0 0 0 0 0 0 0 0 0 0 0 0 0 0 0 0 0 0 0 0 0 0 0 0 0 0 0 0 0 0 0 0 0 0 0 0 0 0 0 0 0 0 0 0 0 0 0 0 0 0 0 0 0 0 0 0 0 0 0 0 0 0 0 0 0 0 0 0 0 0 0 0 0 0 0 0 0 0 0 0 0 0 0 0 0 0 0 0 0 0 0 0 0 0 0 0 0 0 0 0 0 0 0 0 0 0 0 0 0 0 0 0 0 0 0 0 0 0 0 0 0 0 0 0 0 0 0 0 0 0 0 0 0 0 0 0 0 0 0 0 0 0 0 0 0 0 0 0 0 0 0 0 0 0 0 0 0 0 0 0 0 0 0 0 0 0 0 0 0 0 0 0 0 0 0 0 0 0 0 0 0 0 0 0 0 0 0 0 0 0 0 0 0 0 0 0 0 0 0 0 0 0 0 0 0 0 0 0 0 0 0 0 0 0 0 0 0 0 0 0 0 0 0 0 0 0 0 0 0 0 0 0 0 0 0 0 0 0 0 0 0 0 0 0 0 0 0 0 0 0 0 0 0 0 0 0 0 0 0 0 0 0 0 0 0 0 0 0 0 0 0 0 0 0 0 0 0 0 0 0 0 0 0 0 0 0 0 0 0 0 0 0 0 0 0 0 0 0 0 0 0 0 0 0 0 0 0 0 0 0 0 0 0 0 0 0 0 0 0 0 0 0 0 0 0 0 0 0 0 0 0 0 0 0 0 0 0 0 0 0 0 0 0 0 0 0 0 0 0 0 0 0 0 0 0 0 0 0 0 0 0 0 0 0 0 0 0 0 0 0 0 0 0 0 0 0 0 0 0 0 0 0 0 0 0 0 0 0 0 0 0 0 0 0 0 0 0 0 0 0 0 0 0 0 0 0 0 0 0 0 0 0 0 0 0 0 0 0 0 0 0 0 0 0 0 0 0 0 0 0 0 0 0 0 0 0 0 0 0 0 0 0 0 0 0 0 0 0 0 0 0 0 0 0 0 0 0 0 0 0 0 0 0 0 0 0 0 0 0 0 0 0 0 0 0 0 0 0 0 0 0 0 0 0 0 0 0 0 0 0 0 0 0 0 0 0 0 0 0 0 0 0 0 0 0 0 0 0 0 0 0 0 0 0 0


# name: r_0_m13_G0_L0p3_D0p7
# type: matrix
# rows: 1
# columns: 14
 0 -13 0.2 0 0.3 0 -7.957541666666667 0 0 0.06279932911000485 0 138.3333333333333 0.816496580927726 0.7




