# Created by Octave 3.8.2, Mon Jun 19 11:52:23 2017 BST <co1ssj@node117>
# name: result
# type: scalar struct
# ndims: 2
 1 1
# length: 3
# name: params
# type: scalar struct
# ndims: 2
 1 1
# length: 18
# name: cleanup
# type: scalar
0


# name: num_runs
# type: scalar
6


# name: dopamine
# type: scalar
0.7


# name: targetCross
# type: scalar
1


# name: targetLuminance
# type: scalar
0.3


# name: targetWidthX
# type: scalar
6


# name: targetWidthY
# type: scalar
2


# name: fixCross
# type: scalar
1


# name: fixLuminance
# type: scalar
0.2


# name: fixWidthX
# type: scalar
6


# name: fixWidthY
# type: scalar
2


# name: fixOn
# type: scalar
0


# name: targetOff
# type: scalar
1


# name: targetOn
# type: scalar
0.2


# name: fixOff
# type: scalar
0.2


# name: targetThetaX
# type: scalar
0


# name: targetThetaY
# type: scalar
-9


# name: exptnum
# type: scalar
0




# name: r_0_m9_G0_L0p3_D0p7_llbn
# type: matrix
# rows: 24
# columns: 600
 0 0 0 0 0 0 0 0 0 0 0 0 0 0 0 0 0 0 0 0 0 0 0 0 0 0 0 0 0 0 0 0 0 0 0 0 0 0 0 0 0 0 0 0 0 0 0 0 0 0 0 0 0 0 0 0 0 0 0 0 0 0 0 0 0 0 0 0 0 0 0 0 0 0 0 0 0 0 0 0 0 0 0 0 0 0 0 0 0 0 0 0 0 0 0 0 0 0 0 0 0 0 0 0 0 0 0 0 0 0 0 0 0 0 0 0 0 0 0 0 0 0 0 0 0 0 0 0 0 0 0 0 0 0 0 0 0 0 0 0 0 0 0 0 0 0 0 0 0 0 0 0 0 0 0 0 0 0 0 0 0 0 0 0 0 0 0 0 0 0 0 0 0 0 0 0 0 0 0 0 0 0 0 0 0 0 0 0 0 0 0 0 0 0 0 0 0 0 0 0 0 0 0 0 0 0 0 0 0 0 0 0 0 0 0 0 0 0 0 0 0 0 0 0 0 0 0 0 0 0 0 0 0 0 0 0 0 0 0 0 0 0 0 0 0 0 0 0 0 0 0 0 0 0 0 0 0 0 0 0 0 0 0 0 0 0 0 0 0 0 0 0 0 0 0 0 0 0 0 0 0 0 0 0 0 0 0 0 0 0 0 0 0 0 0 0 0 0 0 0 0 0 0 0 0 0 0 0 0 0 0 0 0 0 0 0 0 0 0 0 0 0 0 0 0 0 0 0 0 0 0 0 0 0 0 0 0 0 0 0 0 0 0 0 0 0 0 0 0 0 0 0 0 0 0 0 0 0 0 0 0 0 0 0 0 0 0 0 0 0 0 0 0 0 0 0 0 0 0 0 0 0 0 0 0 0 0 0 0 0 0 0 0 0 0 0 0 0 0 0 0 0 0 0 0 0 0 0 0 0 0 0 0 0 0 0 0 0 0 0 0 0 0 0 0 0 0 0 0 0 0 0 0 0 0 0 0 0 0 0 0 0 0 0 0 0 0 0 0 0 0 0 0 0 0 0 0 0 0 0 0 0 0 0 0 0 0 0 0 0 0 0 0 0 0 0 0 0 0 0 0 0 0 0 0 0 0 0 0 0 0 0 0 0 0 0 0 0 0 0 0 0 0 0 0 0 0 0 0 0 0 0 0 0 0 0 0 0 0 0 0 0 0 0 0 0 0 0 0 0 0 0 0 0 0 0 0 0 0 0 0 0 0 0 0 0 0 0 0 0 0 0 0 0 0 0 0 0 0 0 0 0 0 0 0 0 0 0 0 0 0 0 0 0 0 0 0 0 0 0 0 0 0 0 0 0 0 0 0 0 0 0 0 0 0 0 0 0 0 0
 0 0 0 0 0 0 0 0 0 0 0 0 0 0 0 0 0 0 0 0 0 0 0 0 0 0 0 0 0 0 0 0 0 0 0 0 0 0 0 0 0 0 0 0 0 0 0 0 0 0 0 0 0 0 0 0 0 0 0 0 0 0 0 0 0 0 0 0 0 0 0 0 0 0 0 0 0 0 0 0 0 0 0 0 0 0 0 0 0 0 0 0 0 0 0 0 0 0 0 0 0 0 0 0 0 0 0 0 0 0 0 0 0 0 0 0 0 0 0 0 0 0 0 0 0 0 0 0 0 0 0 0 0 0 0 0 0 0 0 0 0 0 0 0 0 0 0 0 0 0 0 0 0 0 0 0 0 0 0 0 0 0 0 0 0 0 0 0 0 0 0 0 0 0 0 0 0 0 0 0 0 0 0 0 0 0 0 0 0 0 0 0 0 0 0 0 0 0 0 0 0 0 0 0 0 0 0 0 0 0 0 0 0 0 0 0 0 0 0 0 0 0 0 0 0 0 0 0 0 0 0 0 0 0 0 0 0 0 0 0 0 0 0 0 0 0 0 0 0 0 0 0 0 0 0 0 0 0 0 0 0 0 0 0 0 0 0 0 0 0 0 0 0 0 0 0 0 0 0 0 0 0 0 0 0 0 0 0 0 0 0 0 0 0 0 0 0 0 0 0 0.0003382178256288171 0.001115665421821177 0.002273183315992355 0.00384509889408946 0.00582615751773119 0.008128723129630089 0.01077594328671694 0.01378802303224802 0.0171050913631916 0.02071923017501831 0.0246115867048502 0.02871949784457684 0.0329974852502346 0.03745930641889572 0.04208182543516159 0.04684377461671829 0.05174955353140831 0.05681545659899712 0.06208082661032677 0.06756267696619034 0.07324051856994629 0.07907132804393768 0.08498939126729965 0.09098117053508759 0.09704764187335968 0.1031280234456062 0.1092265248298645 0.1153585612773895 0.1215464100241661 0.1278127133846283 0.1341881304979324 0.1407018154859543 0.146131619811058 0.1492546051740646 0.1492882370948792 0.145709216594696 0.1384237557649612 0.1315025687217712 0.1249274387955666 0.1186810657382011 0.1127470135688782 0.1071096658706665 0.1017541810870171 0.09666647017002106 0.09183314442634583 0.08724148571491241 0.08287940919399261 0.07873544096946716 0.07479866594076157 0.0710587352514267 0.06750579923391342 0.0641305074095726 0.060923982411623 0.05787778273224831 0.05498389527201653 0.0522347018122673 0.04962296783924103 0.04714182019233704 0.04478472843766212 0.04254549369215965 0.04041821882128716 0.03839730843901634 0.03647744283080101 0.03465357050299644 0.03292089328169823 0.03127484768629074 0.02971110492944717 0.02822555042803288 0.02681427262723446 0.02547355927526951 0.02419988065958023 0.02298988588154316 0.02184039168059826 0.02074837125837803 0.01971095241606236 0.01872540451586246 0.01778913475573063 0.01689967885613441 0.01605469547212124 0.01525196060538292 0.0144893629476428 0.01376489456743002 0.0130766499787569 0.01242281775921583 0.01180167682468891 0.01121159270405769 0.01065101288259029 0.01011846214532852 0.009612538851797581 0.009131912142038345 0.008675316348671913 0.008241550996899605 0.007829473353922367 0.007437999825924635 0.007066099904477596 0.00671279476955533 0.006377154961228371 0.006058297120034695 0.005755382124334574 0.005467613227665424 0.005194232799112797 0.004934521391987801 0.004687795415520668 0.004453405737876892 0.00423073535785079 0.004019198473542929 0.003818238619714975 0.003627326805144548 0.003445960581302643 0.003273662645369768 0.003109979443252087 0.002954480471089482 0.002806756412610412 0.002666418673470616 0.002533097751438618 0.002406442770734429 0.002286120550706983 0.002171814441680908 0.002063223626464605 0.001960062421858311 0.001862059347331524 0.001768956426531076 0.001680508605204523 0.00159648316912353 0.00151665904559195 0.001440826104953885 0.001368784811347723 0.001300345524214208 0.001235328265465796 0.001173561904579401 0.001114883809350431 0.001059139613062143 0.001006182632409036 0.0009558735182508826 0.0009080798481591046 0.000862675835378468 0.0008195420377887785 0.0007785649504512548 0.0007396367145702243 0.0007026548846624792 0.0006675221375189722 0.0006341460393741727 0.0006024387548677623 0.0005723168142139912 0.000543700996786356 0.0005165159236639738 0.0004906901158392429 0.0004661556158680469 0.0004428478423506021 0.000420705444412306 0.0003996701852884144 0.0003796866803895682 0.0003607023390941322 0.0003426672192290425 0.0003255338524468243 0.0003092571569141001 0.0002937942917924374 0.0002791045699268579 0.0002651493414305151 0.0002518918772693723 0.0002392972819507122 0.0002273324207635596 0.0002159658033633605 0.0002051675110124052 0.0001949091383721679 0.000185163677087985 0.0001759054866852239 0.0001671102072577924 0.0001587547012604773 0.0001508169661974534 0.0001432761200703681 0.0001361123140668496 0.0001293067034566775 0.0001228413748322055 0.0001166993024526164 0.0001108643336920068 0.0001053211162798107 0.0001000550619210117 9.505230991635472e-05 9.029969805851579e-05 8.578471170039847e-05 8.149547647917643e-05 7.742070010863245e-05 7.354966510320082e-05 6.987218512222171e-05 6.637857586611062e-05 6.305964780040085e-05 5.990666613797657e-05 5.69113326491788e-05 5.406576747191139e-05 5.136248000781052e-05 4.879435437032953e-05 4.635463847080246e-05 4.403690763865598e-05 4.183506098343059e-05 3.974330684286542e-05 3.775614095502533e-05 3.586833554436453e-05 3.407491749385372e-05 3.237117198295891e-05 3.075261338381097e-05 2.921498344221618e-05 2.775423490675166e-05 2.636652243381832e-05 2.504819713067263e-05 2.379578654654324e-05 2.260599649162032e-05 2.147569648514036e-05 2.040191247942857e-05 1.938181594596244e-05 1.841272569436114e-05 1.74920896824915e-05 1.661748501646798e-05 1.578661067469511e-05 1.499728023190983e-05 1.424741640221328e-05 1.353504558210261e-05 1.285829330299748e-05 1.221537877427181e-05 1.160460942628561e-05 1.102437909139553e-05 1.047315981850261e-05 9.949501873052213e-06 9.452026461076457e-06 8.979424819699489e-06 8.530453669663984e-06 8.103930667857639e-06 7.698734407313168e-06 7.313797595998039e-06 6.94810751156183e-06 6.600702363357414e-06 6.270667199714808e-06 5.95713390794117e-06 5.659277121594641e-06 5.376313310989644e-06 5.107497599965427e-06 4.852122856391361e-06 4.609516508935485e-06 4.379040547064506e-06 4.16008833781234e-06 3.952083716285415e-06 3.754479621420614e-06 3.566755594874849e-06 3.388417781025055e-06 3.218996880605118e-06 3.058047013837495e-06 2.905144583564834e-06 2.759887365755276e-06 2.621892917886726e-06 0.0001371381513308734 0.0004636942176148295 0.0009725253912620246 0.001630368875339627 0.002427245257422328 0.003359788097441196 0.004417688120156527 0.005586640909314156 0.006855211686342955 0.008213079534471035 0.009656248614192009 0.01118525490164757 0.01280043181031942 0.01449609454721212 0.01627175882458687 0.01812358759343624 0.02003166265785694 0.02199999243021011 0.02402631938457489 0.02608446031808853 0.02817230299115181 0.03028585761785507 0.0324033796787262 0.0345262847840786 0.03665983304381371 0.03880967944860458 0.04097987711429596 0.04317130520939827 0.04536528140306473 0.04756101965904236 0.04975186288356781 0.05193916708230972 0.05411814525723457 0.0562913790345192 0.05845901370048523 0.06062330305576324 0.06278526782989502 0.06495014578104019 0.06711561977863312 0.06927095353603363 0.07141809165477753 0.07355743646621704 0.07568818330764771 0.07781203091144562 0.07939723134040833 0.07968217134475708 0.07819622755050659 0.07466641068458557 0.07093308866024017 0.0673864334821701 0.06401710957288742
 0 0 0 0 0 0 0 0 0 0 0 0 0 0 0 0 0 0 0 0 0 0 0 0 0 0 0 0 0 0 0 0 0 0 0 0 0 0 0 0 0 0 0 0 0 0 0 0 0 0 0 0 0 0 0 0 0 0 0 0 0 0 0 0 0 0 0 0 0 0 0 0 0 0 0 0 0 0 0 0 0 0 0 0 0 0 0 0 0 0 0 0 0 0 0 0 0 0 0 0 0 0 0 0 0 0 0 0 0 0 0 0 0 0 0 0 0 0 0 0 0 0 0 0 0 0 0 0 0 0 0 0 0 0 0 0 0 0 0 0 0 0 0 0 0 0 0 0 0 0 0 0 0 0 0 0 0 0 0 0 0 0 0 0 0 0 0 0 0 0 0 0 0 0 0 0 0 0 0 0 0 0 0 0 0 0 0 0 0 0 0 0 0 0 0 0 0 0 0 0 0 0 0 0 0 0 0 0 0 0 0 0 0 0 0 0 0 0 0 0 0 0 0 0 0 0 0 0 0 0 0 0 0 0 0 0 0 0 0 0 0 0 0 0 0 0 0 0 0 0 0 0 0 0 0 0 0 0 0 0 0 0 0 0 0 0 0 0 0 0 0 0 0 0 0 0 0 0 0 0 0 0 0 0 0 0 0 0 0 0 0 0 0 0 0 0 0 0 0 0 0 0 0 0 0 0 0 0 0 0 0 0 0 0 0 0 0 0 0 0 0 0 0 0 0 0 0 0 0 0 0 0 0 0 0 0 0 0 0 0 0 0 0 0 0 0 0 0 0 0 0 0 0 0 0 0 0 0 0 0 0 0 0 0 0 0 0 0 0 0 0 0 0 0 0 0 0 0 0 0 0 0 0 0 0 0 0 0 0 0 0 0 0 0 0 0 0 0 0 0 0 0 0 0 0 0 0 0 0 0 0 0 0 0 0 0 0 0 0 0 0 0 0 0 0 0 0 0 0 0 0 0 0 0 0 0 0 0 0 0 0 0 0 0 0 0 0 0 0 0 0 0 0 0 0 0 0 0 0 0 0 0 0 0 0 0 0 0 0 0 0 0 0 0 0 0 0 0 0 0 0 0 0 0 0 0 0 0 0 0 0 0 0 0 0 0 0 0 0 0 0 0 0 0 0 0 0 0 0 0 0 0 0 0 0 0 0 0 0 0 0 0 0 0 0 0 0 0 0 0 0 0 0 0 0 0 0 0 0 0 0 0 0 0 0 0 0 0 0 0 0 0 0 0 0 0 0 0 0 0 0 0 0 0 0 0 0 0 0 0 0 0 0 0 0 0 0 0 0 0 0 0 0 0 0 0 0 0 0 0 0 0 0 0 0 0 0 0 0 0
 0 0 0 0 0 0 0 0 0 0 0 0 0 0 0 0 0 0 0 0 0 0 0 0 0 0 0 0 0 0 0 0 0 0 0 0 0 0 0 0 0 0 0 0 0 0 0 0 0 0 0 0 0 0 0 0 0 0 0 0 0 0 0 0 0 0 0 0 0 0 0 0 0 0 0 0 0 0 0 0 0 0 0 0 0 0 0 0 0 0 0 0 0 0 0 0 0 0 0 0 0 0 0 0 0 0 0 0 0 0 0 0 0 0 0 0 0 0 0 0 0 0 0 0 0 0 0 0 0 0 0 0 0 0 0 0 0 0 0 0 0 0 0 0 0 0 0 0 0 0 0 0 0 0 0 0 0 0 0 0 0 0 0 0 0 0 0 0 0 0 0 0 0 0 0 0 0 0 0 0 0 0 0 0 0 0 0 0 0 0 0 0 0 0 0 0 0 0 0 0 0 0 0 0 0 0 0 0 0 0 0 0 0 0 0 0 0 0 0 0 0 0 0 0 0 0 0 0 0 0 0 0 0 0 0 0 0 0 0 0 0 0 0 0 0 0 0 0 0 0 0 0 0 0 0 0 0 0 0 0 0 0 0 0 0 0 0 0 0 0 0 0 0 0 0 0 0 0 0 0 0 0 0 0 0 0 0 0 0 0 0 0 0 0 0 0 0 0 0 0 0 0 0 0 0 0 0 0 0 0 0 0 0 0 0 0 0 0 0 0 0 0 0 0 0 0 0 0 0 0 0 0 0 0 0 0 0 0 0 0 0 0 0 0 0 0 0 0 0 0 0 0 0 0 0 0 0 0 0 0 0 0 0 0 0 0 0 0 0 0 0 0 0 0 0 0 0 0 0 0 0 0 0 0 0 0 0 0 0 0 0 0 0 0 0 0 0 0 0 0 0 0 0 0 0 0 0 0 0 0 0 0 0 0 0 0 0 0 0 0 0 0 0 0 0 0 0 0 0 0 0 0 0 0 0 0 0 0 0 0 0 0 0 0 0 0 0 0 0 0 0 0 0 0 0 0 0 0 0 0 0 0 0 0 0 0 0 0 0 0 0 0 0 0 0 0 0 0 0 0 0 0 0 0 0 0 0 0 0 0 0 0 0 0 0 0 0 0 0 0 0 0 0 0 0 0 0 0 0 0 0 0 0 0 0 0 0 0 0 0 0 0 0 0 0 0 0 0 0 0 0 0 0 0 0 0 0 0 0 0 0 0 0 0 0 0 0 0 0 0 0 0 0 0 0 0 0 0 0 0 0 0 0 0 0 0 0 0 0 0 0 0 0 0 0 0 0 0 0 0 0 0 0 0 0 0 0 0 0 0 0 0 0 0 0 0 0 0 0 0
 0 0 0 0 0 0 0 0 0 0 0 0 0 0 0 0 0 0 0 0 0 0 0 0 0 0 0 0 0 0 0 0 0 0 0 0 0 0 0 0 0 0 0 0 0 0 0 0 0 0 0 0 0 0 0 0 0 0 0 0 0 0 0 0 0 0 0 0 0 0 0 0 0 0 0 0 0 0 0 0 0 0 0 0 0 0 0 0 0 0 0 0 0 0 0 0 0 0 0 0 0 0 0 0 0 0 0 0 0 0 0 0 0 0 0 0 0 0 0 0 0 0 0 0 0 0 0 0 0 0 0 0 0 0 0 0 0 0 0 0 0 0 0 0 0 0 0 0 0 0 0 0 0 0 0 0 0 0 0 0 0 0 0 0 0 0 0 0 0 0 0 0 0 0 0 0 0 0 0 0 0 0 0 0 0 0 0 0 0 0 0 0 0 0 0 0 0 0 0 0 0 0 0 0 0 0 0 0 0 0 0 0 0 0 0 0 0 0 0 0 0 0 0 0 0 0 0 0 0 0 0 0 0 0 0 0 0 0 0 0 0 0 0 0 0 0 0 0 0 0 0 0 0 0 0 0 0 0 0 0 0 0 0 0 0 0 0 0 0 0 0 0 0 0 0 0 0 0 0 0 0 0 0 0 0 0 0 0 0 0 0 0 0 0 0 0 0 0 0 0 0 0 0 0 0 0 0 0 0 0 0 0 0 0 0 0 0 0 0 0 0 0 0 0 0 0 0 0 0 0 0 0 0 0 0 0 0 0 0 0 0 0 0 0 0 0 0 0 0 0 0 0 0 0 0 0 0 0 0 0 0 0 0 0 0 0 0 0 0 0 0 0 0 0 0 0 0 0 0 0 0 0 0 0 0 0 0 0 0 0 0 0 0 0 0 0 0 0 0 0 0 0 0 0 0 0 0 0 0 0 0 0 0 0 0 0 0 0 0 0 0 0 0 0 0 0 0 0 0 0 0 0 0 0 0 0 0 0 0 0 0 0 0 0 0 0 0 0 0 0 0 0 0 0 0 0 0 0 0 0 0 0 0 0 0 0 0 0 0 0 0 0 0 0 0 0 0 0 0 0 0 0 0 0 0 0 0 0 0 0 0 0 0 0 0 0 0 0 0 0 0 0 0 0 0 0 0 0 0 0 0 0 0 0 0 0 0 0 0 0 0 0 0 0 0 0 0 0 0 0 0 0 0 0 0 0 0 0 0 0 0 0 0 0 0 0 0 0 0 0 0 0 0 0 0 0 0 0 0 0 0 0 0 0 0 0 0 0 0 0 0 0 0 0 0 0 0 0 0 0 0 0 0 0 0 0 0 0 0 0 0 0 0 0 0 0 0 0 0 0
 0 0 0 0 0 0 0 0 0 0 0 0 0 0 0 0 0 0 0 0 0 0 0 0 0 0 0 0 0 0 0 0 0 0 0 0 0 0 0 0 0 0 0 0 0 0 0 0 0 0 0 0 0 0 0 0 0 0 0 0 0 0 0 0 0 0 0 0 0 0 0 0 0 0 0 0 0 0 0 0 0 0 0 0 0 0 0 0 0 0 0 0 0 0 0 0 0 0 0 0 0 0 0 0 0 0 0 0 0 0 0 0 0 0 0 0 0 0 0 0 0 0 0 0 0 0 0 0 0 0 0 0 0 0 0 0 0 0 0 0 0 0 0 0 0 0 0 0 0 0 0 0 0 0 0 0 0 0 0 0 0 0 0 0 0 0 0 0 0 0 0 0 0 0 0 0 0 0 0 0 0 0 0 0 0 0 0 0 0 0 0 0 0 0 0 0 0 0 0 0 0 0 0 0 0 0 0 0 0 0 0 0 0 0 0 0 0 0 0 0 0 0 0 0 0 0 0 0 0 0 0 0 0 0 0 0 0 0 0 0 0 0 0 0 0 0 0 0 0 0 0 0 0 0 0 0 0 0 0 0 0 0 0 0 0 0 0 0 0 0 0 0 0 0 0 0 0 0 0 0 0 0 0 0 0 0 0 0 0 0 0 0 0 0 0 0 0 0 0 0 0 0 0.0004658627440221608 0.001406221417710185 0.002759045921266079 0.004581477493047714 0.006831065751612186 0.009446196258068085 0.01245063729584217 0.01584986597299576 0.0195656530559063 0.02358575351536274 0.02783539518713951 0.0322701558470726 0.03690382465720177 0.04170387983322144 0.04666416347026825 0.05178716406226158 0.05710955709218979 0.0626443475484848 0.06841179728507996 0.07439296692609787 0.08047358691692352 0.08666372299194336 0.09298798441886902 0.09937930107116699 0.1057892441749573 0.1122385859489441 0.1187415570020676 0.1253292560577393 0.132009893655777 0.1387756317853928 0.145634189248085 0.1514525711536407 0.1549258232116699 0.1551801562309265 0.1516702175140381 0.1440867036581039 0.1368823647499084 0.130038246512413 0.1235363334417343 0.1173595190048218 0.1114915460348129 0.1059169694781303 0.1006211191415787 0.09559006243944168 0.09081055968999863 0.0862700343132019 0.08195653557777405 0.07785870879888535 0.07396577298641205 0.07026748359203339 0.06675411015748978 0.06341640651226044 0.0602455846965313 0.0572333037853241 0.05437164008617401 0.05165305733680725 0.04907040297985077 0.04661688208580017 0.04428603872656822 0.04207173734903336 0.03996815159916878 0.03796974569559097 0.03607125952839851 0.03426769748330116 0.03255431354045868 0.03092659823596478 0.02938026748597622 0.02791125327348709 0.02651569060981274 0.02518990635871887 0.02393041178584099 0.02273389138281345 0.02159719727933407 0.02051733806729317 0.01949147135019302 0.0185168981552124 0.01759105361998081 0.01671150140464306 0.01587592624127865 0.01508213020861149 0.01432802341878414 0.01361162215471268 0.01293104141950607 0.01228448934853077 0.01167026534676552 0.01108675170689821 0.01053241454064846 0.01000579353421926 0.009505503810942173 0.009030228480696678 0.008578716777265072 0.008149781264364719 0.007742292247712612 0.007355177775025368 0.006987418979406357 0.006638048216700554 0.006306145805865526 0.005990838631987572 0.005691296886652708 0.005406732205301523 0.005136395804584026 0.004879576154053211 0.004635597579181194 0.004403817467391491 0.004183626733720303 0.003974445164203644 0.003775722812861204 0.003586936742067337 0.003407589858397841 0.003237210446968675 0.003075349843129516 0.002921582432463765 0.002775503322482109 0.002636728109791875 0.002504891715943813 0.00237964722327888 0.002260664943605661 0.002147631719708443 0.002040250226855278 0.00193823769222945 0.001841325778514147 0.001749259536154568 0.00166179658845067 0.001578706782311201 0.00149977148976177 0.001424782909452915 0.001353543717414141 0.001285866484977305 0.001221573213115335 0.001160494517534971 0.001102469745092094 0.001047346275299788 0.0009949789382517338 0.0009452300146222115 0.0008979685371741652 0.0008530701161362231 0.0008104165899567306 0.0007698957342654467 0.0007314009708352387 0.0006948309019207954 0.0006600893684662879 0.0006270849262364209 0.0005957306711934507 0.0005659441230818629 0.0005376469343900681 0.0005107645993120968 0.0004852263664361089 0.0004609650350175798 0.0004379167803563178 0.000416020950069651 0.0003952198894694448 0.0003754588833544403 0.000356685952283442 0.0003388516488485038 0.0003219090576749295 0.0003058135916944593 0.0002905229048337787 0.0002759967464953661 0.0002621969033498317 0.0002490870538167655 0.0002366326953051612 0.0002248010569019243 0.0002135609975084662 0.0002028829476330429 0.0001927388075273484 0.0001831018598750234 0.0001739467697916552 0.0001652494247537106 0.0001569869491504505 0.0001491376024205238 0.0001416807208443061 0.0001345966884400696 0.0001278668496524915 0.0001214735093526542 0.0001153998309746385 0.0001096298365155235 0.0001041483483277261 9.894093091133982e-05 9.399388363817707e-05 8.929418982006609e-05 8.482948032906279e-05 8.058800449362025e-05 7.655860099475831e-05 7.273066876223311e-05 6.909413787070662e-05 6.563943315995857e-05 6.235745968297124e-05 5.92395881540142e-05 5.627760765491985e-05 5.346372563508339e-05 5.07905388076324e-05 4.825101132155396e-05 4.583846020977944e-05 4.354653719929047e-05 4.136921052122489e-05 3.930075035896152e-05 3.733571429620497e-05 3.546892912709154e-05 3.369548358023167e-05 3.201071012881584e-05 3.041017407667823e-05 2.888966628233902e-05 2.744518315012101e-05 2.607292481116019e-05 2.476927875250112e-05 2.353081436012872e-05 2.235427382402122e-05 2.12365594052244e-05 2.017473161686212e-05 1.916599467222113e-05 1.820769466576166e-05 1.72973104781704e-05 1.643244468141347e-05 1.561082171974704e-05 1.483028063375968e-05 1.408876687492011e-05 1.338432866759831e-05 1.271511246159207e-05 1.207935656566406e-05 1.147538841905771e-05 1.090161913452903e-05 1.035653804137837e-05 9.838710866461042e-06 9.346775186713785e-06 8.879436791175976e-06 8.435465133516118e-06 8.013691513042431e-06 7.613006800966104e-06 7.232356438180432e-06 6.87073861627141e-06 6.527201549033634e-06 6.200841653480893e-06 5.890799457120011e-06 5.596259597950848e-06 5.316446731740143e-06 5.050624167779461e-06 4.798092959390488e-06 4.558188265946228e-06 4.330278898123652e-06 4.113765044166939e-06 3.90807690564543e-06 3.712673105837894e-06 3.527039552864153e-06 3.35068762069568e-06 3.183153239660896e-06 3.023995532203116e-06 2.872795676012174e-06 2.729155994529719e-06 2.592698137959815e-06 2.46306331064261e-06 0.0001573196786921471 0.0004965862026438117 0.001002970850095153 0.00166183547116816 0.002457773080095649 0.003386440221220255 0.004440983757376671 0.005610291846096516 0.00687898974865675 0.008247689343988895 0.009700142778456211 0.01123680267482996 0.01285434607416391 0.01455459464341402 0.0163387767970562 0.0182095393538475 0.02016343176364899 0.02218201011419296 0.02422869950532913 0.02629050984978676 0.02836652658879757 0.0304611437022686 0.03256398439407349 0.03467489778995514 0.03679287061095238 0.03891552239656448 0.04104466736316681 0.04318306222558022 0.04532976448535919 0.04747823625802994 0.04962950944900513 0.05178192630410194 0.05393181368708611 0.05607631430029869 0.05821140855550766 0.06033897027373314 0.06245967745780945 0.06457853317260742 0.06669551134109497 0.06881269067525864 0.07092417031526566 0.07302623242139816 0.07512208819389343 0.0772123709321022 0.07873330265283585 0.07894420623779297 0.07738669216632843 0.07379075139760971
 0 0 0 0 0 0 0 0 0 0 0 0 0 0 0 0 0 0 0 0 0 0 0 0 0 0 0 0 0 0 0 0 0 0 0 0 0 0 0 0 0 0 0 0 0 0 0 0 0 0 0 0 0 0 0 0 0 0 0 0 0 0 0 0 0 0 0 0 0 0 0 0 0 0 0 0 0 0 0 0 0 0 0 0 0 0 0 0 0 0 0 0 0 0 0 0 0 0 0 0 0 0 0 0 0 0 0 0 0 0 0 0 0 0 0 0 0 0 0 0 0 0 0 0 0 0 0 0 0 0 0 0 0 0 0 0 0 0 0 0 0 0 0 0 0 0 0 0 0 0 0 0 0 0 0 0 0 0 0 0 0 0 0 0 0 0 0 0 0 0 0 0 0 0 0 0 0 0 0 0 0 0 0 0 0 0 0 0 0 0 0 0 0 0 0 0 0 0 0 0 0 0 0 0 0 0 0 0 0 0 0 0 0 0 0 0 0 0 0 0 0 0 0 0 0 0 0 0 0 0 0 0 0 0 0 0 0 0 0 0 0 0 0 0 0 0 0 0 0 0 0 0 0 0 0 0 0 0 0 0 0 0 0 0 0 0 0 0 0 0 0 0 0 0 0 0 0 0 0 0 0 0 0 0 0 0 0 0 0 0 0 0 0 0 0 0 0 0 0 0 0 0 0 0 0 0 0 0 0 0 0 0 0 0 0 0 0 0 0 0 0 0 0 0 0 0 0 0 0 0 0 0 0 0 0 0 0 0 0 0 0 0 0 0 0 0 0 0 0 0 0 0 0 0 0 0 0 0 0 0 0 0 0 0 0 0 0 0 0 0 0 0 0 0 0 0 0 0 0 0 0 0 0 0 0 0 0 0 0 0 0 0 0 0 0 0 0 0 0 0 0 0 0 0 0 0 0 0 0 0 0 0 0 0 0 0 0 0 0 0 0 0 0 0 0 0 0 0 0 0 0 0 0 0 0 0 0 0 0 0 0 0 0 0 0 0 0 0 0 0 0 0 0 0 0 0 0 0 0 0 0 0 0 0 0 0 0 0 0 0 0 0 0 0 0 0 0 0 0 0 0 0 0 0 0 0 0 0 0 0 0 0 0 0 0 0 0 0 0 0 0 0 0 0 0 0 0 0 0 0 0 0 0 0 0 0 0 0 0 0 0 0 0 0 0 0 0 0 0 0 0 0 0 0 0 0 0 0 0 0 0 0 0 0 0 0 0 0 0 0 0 0 0 0 0 0 0 0 0 0 0 0 0 0 0 0 0 0 0 0 0 0 0 0 0 0 0 0 0 0 0 0 0 0 0 0 0 0 0 0 0 0 0 0 0 0 0 0 0 0
 0 0 0 0 0 0 0 0 0 0 0 0 0 0 0 0 0 0 0 0 0 0 0 0 0 0 0 0 0 0 0 0 0 0 0 0 0 0 0 0 0 0 0 0 0 0 0 0 0 0 0 0 0 0 0 0 0 0 0 0 0 0 0 0 0 0 0 0 0 0 0 0 0 0 0 0 0 0 0 0 0 0 0 0 0 0 0 0 0 0 0 0 0 0 0 0 0 0 0 0 0 0 0 0 0 0 0 0 0 0 0 0 0 0 0 0 0 0 0 0 0 0 0 0 0 0 0 0 0 0 0 0 0 0 0 0 0 0 0 0 0 0 0 0 0 0 0 0 0 0 0 0 0 0 0 0 0 0 0 0 0 0 0 0 0 0 0 0 0 0 0 0 0 0 0 0 0 0 0 0 0 0 0 0 0 0 0 0 0 0 0 0 0 0 0 0 0 0 0 0 0 0 0 0 0 0 0 0 0 0 0 0 0 0 0 0 0 0 0 0 0 0 0 0 0 0 0 0 0 0 0 0 0 0 0 0 0 0 0 0 0 0 0 0 0 0 0 0 0 0 0 0 0 0 0 0 0 0 0 0 0 0 0 0 0 0 0 0 0 0 0 0 0 0 0 0 0 0 0 0 0 0 0 0 0 0 0 0 0 0 0 0 0 0 0 0 0 0 0 0 0 0 0 0 0 0 0 0 0 0 0 0 0 0 0 0 0 0 0 0 0 0 0 0 0 0 0 0 0 0 0 0 0 0 0 0 0 0 0 0 0 0 0 0 0 0 0 0 0 0 0 0 0 0 0 0 0 0 0 0 0 0 0 0 0 0 0 0 0 0 0 0 0 0 0 0 0 0 0 0 0 0 0 0 0 0 0 0 0 0 0 0 0 0 0 0 0 0 0 0 0 0 0 0 0 0 0 0 0 0 0 0 0 0 0 0 0 0 0 0 0 0 0 0 0 0 0 0 0 0 0 0 0 0 0 0 0 0 0 0 0 0 0 0 0 0 0 0 0 0 0 0 0 0 0 0 0 0 0 0 0 0 0 0 0 0 0 0 0 0 0 0 0 0 0 0 0 0 0 0 0 0 0 0 0 0 0 0 0 0 0 0 0 0 0 0 0 0 0 0 0 0 0 0 0 0 0 0 0 0 0 0 0 0 0 0 0 0 0 0 0 0 0 0 0 0 0 0 0 0 0 0 0 0 0 0 0 0 0 0 0 0 0 0 0 0 0 0 0 0 0 0 0 0 0 0 0 0 0 0 0 0 0 0 0 0 0 0 0 0 0 0 0 0 0 0 0 0 0 0 0 0 0 0 0 0 0 0 0 0 0 0 0 0 0 0 0 0 0 0
 0 0 0 0 0 0 0 0 0 0 0 0 0 0 0 0 0 0 0 0 0 0 0 0 0 0 0 0 0 0 0 0 0 0 0 0 0 0 0 0 0 0 0 0 0 0 0 0 0 0 0 0 0 0 0 0 0 0 0 0 0 0 0 0 0 0 0 0 0 0 0 0 0 0 0 0 0 0 0 0 0 0 0 0 0 0 0 0 0 0 0 0 0 0 0 0 0 0 0 0 0 0 0 0 0 0 0 0 0 0 0 0 0 0 0 0 0 0 0 0 0 0 0 0 0 0 0 0 0 0 0 0 0 0 0 0 0 0 0 0 0 0 0 0 0 0 0 0 0 0 0 0 0 0 0 0 0 0 0 0 0 0 0 0 0 0 0 0 0 0 0 0 0 0 0 0 0 0 0 0 0 0 0 0 0 0 0 0 0 0 0 0 0 0 0 0 0 0 0 0 0 0 0 0 0 0 0 0 0 0 0 0 0 0 0 0 0 0 0 0 0 0 0 0 0 0 0 0 0 0 0 0 0 0 0 0 0 0 0 0 0 0 0 0 0 0 0 0 0 0 0 0 0 0 0 0 0 0 0 0 0 0 0 0 0 0 0 0 0 0 0 0 0 0 0 0 0 0 0 0 0 0 0 0 0 0 0 0 0 0 0 0 0 0 0 0 0 0 0 0 0 0 0 0 0 0 0 0 0 0 0 0 0 0 0 0 0 0 0 0 0 0 0 0 0 0 0 0 0 0 0 0 0 0 0 0 0 0 0 0 0 0 0 0 0 0 0 0 0 0 0 0 0 0 0 0 0 0 0 0 0 0 0 0 0 0 0 0 0 0 0 0 0 0 0 0 0 0 0 0 0 0 0 0 0 0 0 0 0 0 0 0 0 0 0 0 0 0 0 0 0 0 0 0 0 0 0 0 0 0 0 0 0 0 0 0 0 0 0 0 0 0 0 0 0 0 0 0 0 0 0 0 0 0 0 0 0 0 0 0 0 0 0 0 0 0 0 0 0 0 0 0 0 0 0 0 0 0 0 0 0 0 0 0 0 0 0 0 0 0 0 0 0 0 0 0 0 0 0 0 0 0 0 0 0 0 0 0 0 0 0 0 0 0 0 0 0 0 0 0 0 0 0 0 0 0 0 0 0 0 0 0 0 0 0 0 0 0 0 0 0 0 0 0 0 0 0 0 0 0 0 0 0 0 0 0 0 0 0 0 0 0 0 0 0 0 0 0 0 0 0 0 0 0 0 0 0 0 0 0 0 0 0 0 0 0 0 0 0 0 0 0 0 0 0 0 0 0 0 0 0 0 0 0 0 0 0 0 0 0 0 0 0 0 0 0 0 0 0 0
 0 0 0 0 0 0 0 0 0 0 0 0 0 0 0 0 0 0 0 0 0 0 0 0 0 0 0 0 0 0 0 0 0 0 0 0 0 0 0 0 0 0 0 0 0 0 0 0 0 0 0 0 0 0 0 0 0 0 0 0 0 0 0 0 0 0 0 0 0 0 0 0 0 0 0 0 0 0 0 0 0 0 0 0 0 0 0 0 0 0 0 0 0 0 0 0 0 0 0 0 0 0 0 0 0 0 0 0 0 0 0 0 0 0 0 0 0 0 0 0 0 0 0 0 0 0 0 0 0 0 0 0 0 0 0 0 0 0 0 0 0 0 0 0 0 0 0 0 0 0 0 0 0 0 0 0 0 0 0 0 0 0 0 0 0 0 0 0 0 0 0 0 0 0 0 0 0 0 0 0 0 0 0 0 0 0 0 0 0 0 0 0 0 0 0 0 0 0 0 0 0 0 0 0 0 0 0 0 0 0 0 0 0 0 0 0 0 0 0 0 0 0 0 0 0 0 0 0 0 0 0 0 0 0 0 0 0 0 0 0 0 0 0 0 0 0 0 0 0 0 0 0 0 0 0 0 0 0 0 0 0 0 0 0 0 0 0 0 0 0 0 0 0 0 0 0 0 0 0 0 0 0 0 0 0 0 0 0 0 0 0 0 0 0 0 0 0 0 0 0 0 0.0001421946508344263 0.0007518219063058496 0.001810337067581713 0.003289195476099849 0.005188385024666786 0.007470374926924706 0.01008820440620184 0.01303851138800383 0.01635695621371269 0.02002576366066933 0.02397414855659008 0.02819712273776531 0.03262025862932205 0.03721878677606583 0.04195825755596161 0.04683292657136917 0.05187046900391579 0.05710228905081749 0.06255731731653214 0.06820179522037506 0.07403247058391571 0.08001916855573654 0.08608050644397736 0.09220792353153229 0.09842969477176666 0.1047204956412315 0.111054390668869 0.1174493208527565 0.1239213421940804 0.1305002719163895 0.1371696889400482 0.1439336389303207 0.149605005979538 0.1529237031936646 0.1530856192111969 0.149531677365303 0.1420550942420959 0.1349523365497589 0.1282047182321548 0.1217944845557213 0.1157047599554062 0.1099195182323456 0.1044235453009605 0.09920236468315125 0.09424224495887756 0.08953013271093369 0.08505362272262573 0.08080094307661057 0.07676089555025101 0.07292284816503525 0.06927670538425446 0.06581287086009979 0.06252222508192062 0.05939611420035362 0.05642630904912949 0.05360499396920204 0.05092474445700645 0.04837850853800774 0.04595958441495895 0.04366160556674004 0.04147852584719658 0.03940460085868835 0.03743436932563782 0.03556264936923981 0.03378451615571976 0.0320952907204628 0.03049052692949772 0.02896600030362606 0.02751770056784153 0.02614181488752365 0.02483472414314747 0.02359298802912235 0.02241333946585655 0.02129267156124115 0.02022803761065006 0.01921663619577885 0.0182558037340641 0.01734301447868347 0.0164758637547493 0.01565206982195377 0.01486946642398834 0.01412599347531796 0.01341969333589077 0.012748708948493 0.01211127359420061 0.01150570996105671 0.01093042455613613 0.01038390304893255 0.009864707477390766 0.009371472522616386 0.008902898989617825 0.00845775380730629 0.00803486630320549 0.007633123081177473 0.00725146709010005 0.006888893898576498 0.006544449366629124 0.006217226851731539 0.005906365346163511 0.005611047148704529 0.005330494605004787 0.005063969641923904 0.004810770973563194 0.00457023223862052 0.004341720603406429 0.004124634433537722 0.003918402828276157 0.003722482593730092 0.00353635847568512 0.003359540598466992 0.003191563533619046 0.003031985368579626 0.00288038607686758 0.00273636681959033 0.002599548548460007 0.002469571074470878 0.002346092602238059 0.002228787867352366 0.002117348369210958 0.002011480974033475 0.001910906983539462 0.001815361669287086 0.001724593574181199 0.001638363930396736 0.001556445728056133 0.001478623482398689 0.001404692302457988 0.001334457658231258 0.00126773479860276 0.001204348052851856 0.001144130597822368 0.001086924108676612 0.001032577943988144 0.0009809490293264389 0.0009319015662185848 0.0008853065082803369 0.0008410412119701505 0.0007989891455508769 0.0007590397144667804 0.0007210877374745905 0.0006850333302281797 0.0006507816724479198 0.000618242600467056 0.0005873304908163846 0.0005579639691859484 0.0005300657940097153 0.0005035625072196126 0.0004783843760378659 0.0004544651601463556 0.0004317419079598039 0.0004101548111066222 0.0003896470589097589 0.0003701646928675473 0.000351656461134553 0.0003340736438985914 0.0003173699660692364 0.0003015014808624983 0.0002864263951778412 0.000272105069598183 0.0002584998146630824 0.0002455748326610774 0.0002332960866624489 0.0002216312859673053 0.0002105497260345146 0.0002000222448259592 0.0001900211354950443 0.0001805200736271217 0.0001714940735837445 0.0001629193720873445 0.0001547733991174027 0.0001470347342547029 0.0001396829902660102 0.0001326988422079012 0.0001260638964595273 0.0001197607052745298 0.0001137726721935906 0.0001080840374925174 0.0001026798345264979 9.75458460743539e-05 9.266855340683833e-05 8.803512901067734e-05 8.363337110495195e-05 7.945170364109799e-05 7.547911809524521e-05 7.170515891630203e-05 6.811990169808269e-05 6.47139095235616e-05 6.147821113700047e-05 5.840430094394833e-05 5.548408444155939e-05 5.270988185657188e-05 5.007438812754117e-05 4.757066926686093e-05 4.519213689491153e-05 4.293253005016595e-05 4.078590427525342e-05 3.874660978908651e-05 3.680928057292476e-05 3.496881618048064e-05 3.322037446196191e-05 3.15593570121564e-05 2.998138916154858e-05 2.848231997631956e-05 2.705820406845305e-05 2.570529431977775e-05 2.442002914904151e-05 2.319902705494314e-05 2.203907570219599e-05 2.093712100759149e-05 1.989026532100979e-05 1.889575287350453e-05 1.795096613932401e-05 1.705341855995357e-05 1.620074726815801e-05 1.539070945000276e-05 1.462117415940156e-05 1.389011504215887e-05 1.319560942647513e-05 1.253582922799978e-05 1.190903822134715e-05 1.13135865831282e-05 1.074790725397179e-05 1.021051230054582e-05 9.699986549094319e-06 9.214987585437484e-06 8.75423847901402e-06 8.316526873386465e-06 7.900700438767672e-06 7.505665507778758e-06 7.130382073228247e-06 6.773862878617365e-06 6.435169780161232e-06 6.113411473052111e-06 5.8077407629753e-06 5.517353656614432e-06 5.241486178420018e-06 4.979411642125342e-06 4.73044110549381e-06 4.493918822845444e-06 4.269222699804232e-06 4.05576156481402e-06 3.852973350149114e-06 3.660324637166923e-06 3.477308382571209e-06 3.303443008917384e-06 3.13827081299678e-06 2.981357283715624e-06 2.832289510479313e-06 2.690675046324031e-06 2.556141225795727e-06 7.986618584254757e-05 0.0003376801905687898 0.0007618750678375363 0.00135202961973846 0.002090531401336193 0.002958762459456921 0.003949294798076153 0.005053398199379444 0.006267903372645378 0.007579389959573746 0.008973960764706135 0.01044518034905195 0.01199605967849493 0.01362759061157703 0.01533733122050762 0.01712578535079956 0.0189953800290823 0.02094158343970776 0.02294199913740158 0.02497847750782967 0.02703222446143627 0.02909730933606625 0.03117584623396397 0.03327003493905067 0.03537075221538544 0.03747193142771721 0.03957792371511459 0.04169216006994247 0.04381443560123444 0.04594820737838745 0.04808677732944489 0.05022314563393593 0.05235577002167702 0.05448596179485321 0.05660759657621384 0.05872159823775291 0.06082764640450478 0.0629277378320694 0.06502019613981247 0.0671074241399765 0.06919140368700027 0.07127336412668228 0.07334563881158829 0.07540556043386459 0.07745587080717087 0.07864440232515335 0.07833994925022125 0.07615948468446732 0.07235150784254074
 0 0 0 0 0 0 0 0 0 0 0 0 0 0 0 0 0 0 0 0 0 0 0 0 0 0 0 0 0 0 0 0 0 0 0 0 0 0 0 0 0 0 0 0 0 0 0 0 0 0 0 0 0 0 0 0 0 0 0 0 0 0 0 0 0 0 0 0 0 0 0 0 0 0 0 0 0 0 0 0 0 0 0 0 0 0 0 0 0 0 0 0 0 0 0 0 0 0 0 0 0 0 0 0 0 0 0 0 0 0 0 0 0 0 0 0 0 0 0 0 0 0 0 0 0 0 0 0 0 0 0 0 0 0 0 0 0 0 0 0 0 0 0 0 0 0 0 0 0 0 0 0 0 0 0 0 0 0 0 0 0 0 0 0 0 0 0 0 0 0 0 0 0 0 0 0 0 0 0 0 0 0 0 0 0 0 0 0 0 0 0 0 0 0 0 0 0 0 0 0 0 0 0 0 0 0 0 0 0 0 0 0 0 0 0 0 0 0 0 0 0 0 0 0 0 0 0 0 0 0 0 0 0 0 0 0 0 0 0 0 0 0 0 0 0 0 0 0 0 0 0 0 0 0 0 0 0 0 0 0 0 0 0 0 0 0 0 0 0 0 0 0 0 0 0 0 0 0 0 0 0 0 0 0 0 0 0 0 0 0 0 0 0 0 0 0 0 0 0 0 0 0 0 0 0 0 0 0 0 0 0 0 0 0 0 0 0 0 0 0 0 0 0 0 0 0 0 0 0 0 0 0 0 0 0 0 0 0 0 0 0 0 0 0 0 0 0 0 0 0 0 0 0 0 0 0 0 0 0 0 0 0 0 0 0 0 0 0 0 0 0 0 0 0 0 0 0 0 0 0 0 0 0 0 0 0 0 0 0 0 0 0 0 0 0 0 0 0 0 0 0 0 0 0 0 0 0 0 0 0 0 0 0 0 0 0 0 0 0 0 0 0 0 0 0 0 0 0 0 0 0 0 0 0 0 0 0 0 0 0 0 0 0 0 0 0 0 0 0 0 0 0 0 0 0 0 0 0 0 0 0 0 0 0 0 0 0 0 0 0 0 0 0 0 0 0 0 0 0 0 0 0 0 0 0 0 0 0 0 0 0 0 0 0 0 0 0 0 0 0 0 0 0 0 0 0 0 0 0 0 0 0 0 0 0 0 0 0 0 0 0 0 0 0 0 0 0 0 0 0 0 0 0 0 0 0 0 0 0 0 0 0 0 0 0 0 0 0 0 0 0 0 0 0 0 0 0 0 0 0 0 0 0 0 0 0 0 0 0 0 0 0 0 0 0 0 0 0 0 0 0 0 0 0 0 0 0 0 0 0 0 0 0 0 0 0 0 0 0 0
 0 0 0 0 0 0 0 0 0 0 0 0 0 0 0 0 0 0 0 0 0 0 0 0 0 0 0 0 0 0 0 0 0 0 0 0 0 0 0 0 0 0 0 0 0 0 0 0 0 0 0 0 0 0 0 0 0 0 0 0 0 0 0 0 0 0 0 0 0 0 0 0 0 0 0 0 0 0 0 0 0 0 0 0 0 0 0 0 0 0 0 0 0 0 0 0 0 0 0 0 0 0 0 0 0 0 0 0 0 0 0 0 0 0 0 0 0 0 0 0 0 0 0 0 0 0 0 0 0 0 0 0 0 0 0 0 0 0 0 0 0 0 0 0 0 0 0 0 0 0 0 0 0 0 0 0 0 0 0 0 0 0 0 0 0 0 0 0 0 0 0 0 0 0 0 0 0 0 0 0 0 0 0 0 0 0 0 0 0 0 0 0 0 0 0 0 0 0 0 0 0 0 0 0 0 0 0 0 0 0 0 0 0 0 0 0 0 0 0 0 0 0 0 0 0 0 0 0 0 0 0 0 0 0 0 0 0 0 0 0 0 0 0 0 0 0 0 0 0 0 0 0 0 0 0 0 0 0 0 0 0 0 0 0 0 0 0 0 0 0 0 0 0 0 0 0 0 0 0 0 0 0 0 0 0 0 0 0 0 0 0 0 0 0 0 0 0 0 0 0 0 0 0 0 0 0 0 0 0 0 0 0 0 0 0 0 0 0 0 0 0 0 0 0 0 0 0 0 0 0 0 0 0 0 0 0 0 0 0 0 0 0 0 0 0 0 0 0 0 0 0 0 0 0 0 0 0 0 0 0 0 0 0 0 0 0 0 0 0 0 0 0 0 0 0 0 0 0 0 0 0 0 0 0 0 0 0 0 0 0 0 0 0 0 0 0 0 0 0 0 0 0 0 0 0 0 0 0 0 0 0 0 0 0 0 0 0 0 0 0 0 0 0 0 0 0 0 0 0 0 0 0 0 0 0 0 0 0 0 0 0 0 0 0 0 0 0 0 0 0 0 0 0 0 0 0 0 0 0 0 0 0 0 0 0 0 0 0 0 0 0 0 0 0 0 0 0 0 0 0 0 0 0 0 0 0 0 0 0 0 0 0 0 0 0 0 0 0 0 0 0 0 0 0 0 0 0 0 0 0 0 0 0 0 0 0 0 0 0 0 0 0 0 0 0 0 0 0 0 0 0 0 0 0 0 0 0 0 0 0 0 0 0 0 0 0 0 0 0 0 0 0 0 0 0 0 0 0 0 0 0 0 0 0 0 0 0 0 0 0 0 0 0 0 0 0 0 0 0 0 0 0 0 0 0 0 0 0 0 0 0 0 0 0 0 0 0 0 0 0
 0 0 0 0 0 0 0 0 0 0 0 0 0 0 0 0 0 0 0 0 0 0 0 0 0 0 0 0 0 0 0 0 0 0 0 0 0 0 0 0 0 0 0 0 0 0 0 0 0 0 0 0 0 0 0 0 0 0 0 0 0 0 0 0 0 0 0 0 0 0 0 0 0 0 0 0 0 0 0 0 0 0 0 0 0 0 0 0 0 0 0 0 0 0 0 0 0 0 0 0 0 0 0 0 0 0 0 0 0 0 0 0 0 0 0 0 0 0 0 0 0 0 0 0 0 0 0 0 0 0 0 0 0 0 0 0 0 0 0 0 0 0 0 0 0 0 0 0 0 0 0 0 0 0 0 0 0 0 0 0 0 0 0 0 0 0 0 0 0 0 0 0 0 0 0 0 0 0 0 0 0 0 0 0 0 0 0 0 0 0 0 0 0 0 0 0 0 0 0 0 0 0 0 0 0 0 0 0 0 0 0 0 0 0 0 0 0 0 0 0 0 0 0 0 0 0 0 0 0 0 0 0 0 0 0 0 0 0 0 0 0 0 0 0 0 0 0 0 0 0 0 0 0 0 0 0 0 0 0 0 0 0 0 0 0 0 0 0 0 0 0 0 0 0 0 0 0 0 0 0 0 0 0 0 0 0 0 0 0 0 0 0 0 0 0 0 0 0 0 0 0 0 0 0 0 0 0 0 0 0 0 0 0 0 0 0 0 0 0 0 0 0 0 0 0 0 0 0 0 0 0 0 0 0 0 0 0 0 0 0 0 0 0 0 0 0 0 0 0 0 0 0 0 0 0 0 0 0 0 0 0 0 0 0 0 0 0 0 0 0 0 0 0 0 0 0 0 0 0 0 0 0 0 0 0 0 0 0 0 0 0 0 0 0 0 0 0 0 0 0 0 0 0 0 0 0 0 0 0 0 0 0 0 0 0 0 0 0 0 0 0 0 0 0 0 0 0 0 0 0 0 0 0 0 0 0 0 0 0 0 0 0 0 0 0 0 0 0 0 0 0 0 0 0 0 0 0 0 0 0 0 0 0 0 0 0 0 0 0 0 0 0 0 0 0 0 0 0 0 0 0 0 0 0 0 0 0 0 0 0 0 0 0 0 0 0 0 0 0 0 0 0 0 0 0 0 0 0 0 0 0 0 0 0 0 0 0 0 0 0 0 0 0 0 0 0 0 0 0 0 0 0 0 0 0 0 0 0 0 0 0 0 0 0 0 0 0 0 0 0 0 0 0 0 0 0 0 0 0 0 0 0 0 0 0 0 0 0 0 0 0 0 0 0 0 0 0 0 0 0 0 0 0 0 0 0 0 0 0 0 0 0 0 0 0 0 0 0 0 0
 0 0 0 0 0 0 0 0 0 0 0 0 0 0 0 0 0 0 0 0 0 0 0 0 0 0 0 0 0 0 0 0 0 0 0 0 0 0 0 0 0 0 0 0 0 0 0 0 0 0 0 0 0 0 0 0 0 0 0 0 0 0 0 0 0 0 0 0 0 0 0 0 0 0 0 0 0 0 0 0 0 0 0 0 0 0 0 0 0 0 0 0 0 0 0 0 0 0 0 0 0 0 0 0 0 0 0 0 0 0 0 0 0 0 0 0 0 0 0 0 0 0 0 0 0 0 0 0 0 0 0 0 0 0 0 0 0 0 0 0 0 0 0 0 0 0 0 0 0 0 0 0 0 0 0 0 0 0 0 0 0 0 0 0 0 0 0 0 0 0 0 0 0 0 0 0 0 0 0 0 0 0 0 0 0 0 0 0 0 0 0 0 0 0 0 0 0 0 0 0 0 0 0 0 0 0 0 0 0 0 0 0 0 0 0 0 0 0 0 0 0 0 0 0 0 0 0 0 0 0 0 0 0 0 0 0 0 0 0 0 0 0 0 0 0 0 0 0 0 0 0 0 0 0 0 0 0 0 0 0 0 0 0 0 0 0 0 0 0 0 0 0 0 0 0 0 0 0 0 0 0 0 0 0 0 0 0 0 0 0 0 0 0 0 0 0 0 0 0 0.0001554203481646255 0.0007785615744069219 0.001848372165113688 0.003323986660689116 0.005231360904872417 0.00753382220864296 0.01016014255583286 0.01311873458325863 0.01642919518053532 0.02004696801304817 0.02394566498696804 0.02812369912862778 0.03250103071331978 0.03707156330347061 0.04180901497602463 0.04670781269669533 0.05177328735589981 0.05701890587806702 0.06245926395058632 0.06808292865753174 0.07389934360980988 0.07984659075737 0.0858975350856781 0.09200381487607956 0.09821469336748123 0.1044759452342987 0.1107581704854965 0.1170898526906967 0.1234835684299469 0.1299456655979156 0.1365037858486176 0.1431362926959991 0.148685559630394 0.1519374549388885 0.1520756632089615 0.1485387086868286 0.1411117762327194 0.1340561807155609 0.1273533701896667 0.1209857016801834 0.1149364188313484 0.1091895997524261 0.1037301197648048 0.09854361414909363 0.09361643344163895 0.08893561363220215 0.08448883146047592 0.0802643895149231 0.07625117152929306 0.07243861258029938 0.06881668418645859 0.06537584960460663 0.06210705637931824 0.05900170281529427 0.05605161935091019 0.05324903875589371 0.05058658868074417 0.04805725812911987 0.04565439373254776 0.04337167367339134 0.0412030890583992 0.03914293646812439 0.03718578815460205 0.03532649949193001 0.03356017544865608 0.03188216686248779 0.03028805926442146 0.02877365611493587 0.02733497321605682 0.02596822381019592 0.02466981299221516 0.02343632280826569 0.0222645066678524 0.02115128189325333 0.02009371854364872 0.01908903196454048 0.018134580925107 0.01722785271704197 0.01636645942926407 0.01554813608527184 0.01477072946727276 0.01403219252824783 0.01333058252930641 0.01266405358910561 0.01203085109591484 0.01142930891364813 0.01085784379392862 0.01031495165079832 0.009799203835427761 0.009309243410825729 0.008843781426548958 0.008401592262089252 0.007981512695550919 0.007582437247037888 0.007203315384685993 0.006843149662017822 0.006500991992652416 0.006175942253321409 0.005867145024240017 0.005573787726461887 0.005295098293572664 0.005030343309044838 0.004778826143592596 0.004539884626865387 0.004312890581786633 0.00409724609926343 0.003892383771017194 0.003697764594107866 0.003512876341119409 0.003337232628837228 0.003170371055603027 0.003011852502822876 0.00286125997081399 0.002718196948990226 0.00258228718303144 0.002453172812238336 0.002330514136701822 0.002213988453149796 0.002103289123624563 0.001998124644160271 0.001898218411952257 0.001803307444788516 0.001713142031803727 0.001627484918572009 0.001546110725030303 0.001468805130571127 0.001395364874042571 0.001325596589595079 0.001259316806681454 0.001196351018734276 0.001136533450335264 0.00107970682438463 0.001025721430778503 0.0009744353592395782 0.000925713567994535 0.0008794278837740421 0.0008354564779438078 0.0007936836336739361 0.0007539994549006224 0.0007162994588725269 0.0006804844597354531 0.0006464602192863822 0.0006141372141428292 0.0005834303447045386 0.0005542588187381625 0.0005265458603389561 0.0005002185935154557 0.0004752076638396829 0.0004514472675509751 0.0004288749187253416 0.0004074311582371593 0.0003870596119668335 0.0003677066415548325 0.0003493213152978569 0.0003318552626296878 0.0003152624994982034 0.0002994993701577187 0.0002845244016498327 0.0002702981873881072 0.0002567832707427442 0.0002439441013848409 0.000231746889767237 0.000220159548916854 0.0002091515780193731 0.0001986940042115748 0.0001887593098217621 0.0001793213450582698 0.0001703552843537182 0.0001618375245016068 0.0001537456410005689 0.0001460583589505404 0.0001387554366374388 0.0001318176655331627 0.0001252267829841003 0.0001189654431072995 0.0001130171731347218 0.0001073663152055815 0.0001019979972625151 9.689809667179361e-05 9.205318929161876e-05 8.745052764425054e-05 8.307800453621894e-05 7.892410212662071e-05 7.497789920307696e-05 7.122900569811463e-05 6.76675554132089e-05 6.42841769149527e-05 6.106996443122625e-05 5.80164669372607e-05 5.511564449989237e-05 5.235986100160517e-05 4.974186958861537e-05 4.725477629108354e-05 4.489203638513573e-05 4.26474362029694e-05 4.051506402902305e-05 3.848931009997614e-05 3.656484477687627e-05 3.473660399322398e-05 3.299977470305748e-05 3.134978760499507e-05 2.978229895234108e-05 2.829318327712826e-05 2.687852429517079e-05 2.55345985351596e-05 2.42578680627048e-05 2.304497502336744e-05 2.18927270907443e-05 2.079809019051027e-05 1.975818486243952e-05 1.877027534646913e-05 1.783176230674144e-05 1.694017373665702e-05 1.60931649588747e-05 1.528850589238573e-05 1.452408105251379e-05 1.379787681798916e-05 1.310798324993812e-05 1.245258408744121e-05 1.182995492854388e-05 1.123845686379354e-05 1.067653374775546e-05 1.014270674204454e-05 9.635571586841252e-06 9.153793143923394e-06 8.696103577676695e-06 8.261298717116006e-06 7.848233508411795e-06 7.455822014890146e-06 7.083031050569844e-06 6.728879270667676e-06 6.392435352609027e-06 6.072813448554371e-06 5.769172730651917e-06 5.480714207806159e-06 5.206678451941116e-06 4.946344688505633e-06 4.699027613241924e-06 4.46407602794352e-06 4.240872385707917e-06 4.028828698210418e-06 3.827387445198838e-06 3.636018163888366e-06 3.454217221587896e-06 3.281506451457972e-06 3.117431106147706e-06 2.961559630421107e-06 2.813481614794e-06 2.672807568160351e-06 2.539167098802864e-06 0.0001507915440015495 0.000477704219520092 0.0009753446211107075 0.001629581092856824 0.002423290396109223 0.003342305542901158 0.004378498531877995 0.005529914982616901 0.00678336713463068 0.008132016286253929 0.00956766027957201 0.01108626369386911 0.01268818415701389 0.01436915248632431 0.01612852513790131 0.01796935498714447 0.0198898296803236 0.02187745645642281 0.02390296012163162 0.02595201693475246 0.02801844477653503 0.03010276332497597 0.03220546245574951 0.03432570770382881 0.03644272685050964 0.03855736553668976 0.04067426919937134 0.04280085861682892 0.04493808001279831 0.04708496108651161 0.04923105239868164 0.05137588828802109 0.05352053046226501 0.0556601770222187 0.05779092758893967 0.05991291999816895 0.06202815845608711 0.06413406133651733 0.06623190641403198 0.06832746416330338 0.07042267173528671 0.07251231372356415 0.07459063082933426 0.07665812224149704 0.0783105194568634 0.07874849438667297 0.07747572660446167 0.07419780641794205 0.07048791646957397 0.06696352362632751 0.0636153444647789
 0 0 0 0 0 0 0 0 0 0 0 0 0 0 0 0 0 0 0 0 0 0 0 0 0 0 0 0 0 0 0 0 0 0 0 0 0 0 0 0 0 0 0 0 0 0 0 0 0 0 0 0 0 0 0 0 0 0 0 0 0 0 0 0 0 0 0 0 0 0 0 0 0 0 0 0 0 0 0 0 0 0 0 0 0 0 0 0 0 0 0 0 0 0 0 0 0 0 0 0 0 0 0 0 0 0 0 0 0 0 0 0 0 0 0 0 0 0 0 0 0 0 0 0 0 0 0 0 0 0 0 0 0 0 0 0 0 0 0 0 0 0 0 0 0 0 0 0 0 0 0 0 0 0 0 0 0 0 0 0 0 0 0 0 0 0 0 0 0 0 0 0 0 0 0 0 0 0 0 0 0 0 0 0 0 0 0 0 0 0 0 0 0 0 0 0 0 0 0 0 0 0 0 0 0 0 0 0 0 0 0 0 0 0 0 0 0 0 0 0 0 0 0 0 0 0 0 0 0 0 0 0 0 0 0 0 0 0 0 0 0 0 0 0 0 0 0 0 0 0 0 0 0 0 0 0 0 0 0 0 0 0 0 0 0 0 0 0 0 0 0 0 0 0 0 0 0 0 0 0 0 0 0 0 0 0 0 0 0 0 0 0 0 0 0 0 0 0 0 0 0 0 0 0 0 0 0 0 0 0 0 0 0 0 0 0 0 0 0 0 0 0 0 0 0 0 0 0 0 0 0 0 0 0 0 0 0 0 0 0 0 0 0 0 0 0 0 0 0 0 0 0 0 0 0 0 0 0 0 0 0 0 0 0 0 0 0 0 0 0 0 0 0 0 0 0 0 0 0 0 0 0 0 0 0 0 0 0 0 0 0 0 0 0 0 0 0 0 0 0 0 0 0 0 0 0 0 0 0 0 0 0 0 0 0 0 0 0 0 0 0 0 0 0 0 0 0 0 0 0 0 0 0 0 0 0 0 0 0 0 0 0 0 0 0 0 0 0 0 0 0 0 0 0 0 0 0 0 0 0 0 0 0 0 0 0 0 0 0 0 0 0 0 0 0 0 0 0 0 0 0 0 0 0 0 0 0 0 0 0 0 0 0 0 0 0 0 0 0 0 0 0 0 0 0 0 0 0 0 0 0 0 0 0 0 0 0 0 0 0 0 0 0 0 0 0 0 0 0 0 0 0 0 0 0 0 0 0 0 0 0 0 0 0 0 0 0 0 0 0 0 0 0 0 0 0 0 0 0 0 0 0 0 0 0 0 0 0 0 0 0 0 0 0 0 0 0 0 0 0 0 0 0 0 0 0 0 0 0 0 0 0 0 0 0 0 0 0 0 0
 0 0 0 0 0 0 0 0 0 0 0 0 0 0 0 0 0 0 0 0 0 0 0 0 0 0 0 0 0 0 0 0 0 0 0 0 0 0 0 0 0 0 0 0 0 0 0 0 0 0 0 0 0 0 0 0 0 0 0 0 0 0 0 0 0 0 0 0 0 0 0 0 0 0 0 0 0 0 0 0 0 0 0 0 0 0 0 0 0 0 0 0 0 0 0 0 0 0 0 0 0 0 0 0 0 0 0 0 0 0 0 0 0 0 0 0 0 0 0 0 0 0 0 0 0 0 0 0 0 0 0 0 0 0 0 0 0 0 0 0 0 0 0 0 0 0 0 0 0 0 0 0 0 0 0 0 0 0 0 0 0 0 0 0 0 0 0 0 0 0 0 0 0 0 0 0 0 0 0 0 0 0 0 0 0 0 0 0 0 0 0 0 0 0 0 0 0 0 0 0 0 0 0 0 0 0 0 0 0 0 0 0 0 0 0 0 0 0 0 0 0 0 0 0 0 0 0 0 0 0 0 0 0 0 0 0 0 0 0 0 0 0 0 0 0 0 0 0 0 0 0 0 0 0 0 0 0 0 0 0 0 0 0 0 0 0 0 0 0 0 0 0 0 0 0 0 0 0 0 0 0 0 0 0 0 0 0 0 0 0 0 0 0 0 0 0 0 0 0 0 0 0 0 0 0 0 0 0 0 0 0 0 0 0 0 0 0 0 0 0 0 0 0 0 0 0 0 0 0 0 0 0 0 0 0 0 0 0 0 0 0 0 0 0 0 0 0 0 0 0 0 0 0 0 0 0 0 0 0 0 0 0 0 0 0 0 0 0 0 0 0 0 0 0 0 0 0 0 0 0 0 0 0 0 0 0 0 0 0 0 0 0 0 0 0 0 0 0 0 0 0 0 0 0 0 0 0 0 0 0 0 0 0 0 0 0 0 0 0 0 0 0 0 0 0 0 0 0 0 0 0 0 0 0 0 0 0 0 0 0 0 0 0 0 0 0 0 0 0 0 0 0 0 0 0 0 0 0 0 0 0 0 0 0 0 0 0 0 0 0 0 0 0 0 0 0 0 0 0 0 0 0 0 0 0 0 0 0 0 0 0 0 0 0 0 0 0 0 0 0 0 0 0 0 0 0 0 0 0 0 0 0 0 0 0 0 0 0 0 0 0 0 0 0 0 0 0 0 0 0 0 0 0 0 0 0 0 0 0 0 0 0 0 0 0 0 0 0 0 0 0 0 0 0 0 0 0 0 0 0 0 0 0 0 0 0 0 0 0 0 0 0 0 0 0 0 0 0 0 0 0 0 0 0 0 0 0 0 0 0 0 0 0 0 0 0 0 0 0 0
 0 0 0 0 0 0 0 0 0 0 0 0 0 0 0 0 0 0 0 0 0 0 0 0 0 0 0 0 0 0 0 0 0 0 0 0 0 0 0 0 0 0 0 0 0 0 0 0 0 0 0 0 0 0 0 0 0 0 0 0 0 0 0 0 0 0 0 0 0 0 0 0 0 0 0 0 0 0 0 0 0 0 0 0 0 0 0 0 0 0 0 0 0 0 0 0 0 0 0 0 0 0 0 0 0 0 0 0 0 0 0 0 0 0 0 0 0 0 0 0 0 0 0 0 0 0 0 0 0 0 0 0 0 0 0 0 0 0 0 0 0 0 0 0 0 0 0 0 0 0 0 0 0 0 0 0 0 0 0 0 0 0 0 0 0 0 0 0 0 0 0 0 0 0 0 0 0 0 0 0 0 0 0 0 0 0 0 0 0 0 0 0 0 0 0 0 0 0 0 0 0 0 0 0 0 0 0 0 0 0 0 0 0 0 0 0 0 0 0 0 0 0 0 0 0 0 0 0 0 0 0 0 0 0 0 0 0 0 0 0 0 0 0 0 0 0 0 0 0 0 0 0 0 0 0 0 0 0 0 0 0 0 0 0 0 0 0 0 0 0 0 0 0 0 0 0 0 0 0 0 0 0 0 0 0 0 0 0 0 0 0 0 0 0 0 0 0 0 0 0 0 0 0 0 0 0 0 0 0 0 0 0 0 0 0 0 0 0 0 0 0 0 0 0 0 0 0 0 0 0 0 0 0 0 0 0 0 0 0 0 0 0 0 0 0 0 0 0 0 0 0 0 0 0 0 0 0 0 0 0 0 0 0 0 0 0 0 0 0 0 0 0 0 0 0 0 0 0 0 0 0 0 0 0 0 0 0 0 0 0 0 0 0 0 0 0 0 0 0 0 0 0 0 0 0 0 0 0 0 0 0 0 0 0 0 0 0 0 0 0 0 0 0 0 0 0 0 0 0 0 0 0 0 0 0 0 0 0 0 0 0 0 0 0 0 0 0 0 0 0 0 0 0 0 0 0 0 0 0 0 0 0 0 0 0 0 0 0 0 0 0 0 0 0 0 0 0 0 0 0 0 0 0 0 0 0 0 0 0 0 0 0 0 0 0 0 0 0 0 0 0 0 0 0 0 0 0 0 0 0 0 0 0 0 0 0 0 0 0 0 0 0 0 0 0 0 0 0 0 0 0 0 0 0 0 0 0 0 0 0 0 0 0 0 0 0 0 0 0 0 0 0 0 0 0 0 0 0 0 0 0 0 0 0 0 0 0 0 0 0 0 0 0 0 0 0 0 0 0 0 0 0 0 0 0 0 0 0 0 0 0 0 0 0 0 0 0 0 0 0
 0 0 0 0 0 0 0 0 0 0 0 0 0 0 0 0 0 0 0 0 0 0 0 0 0 0 0 0 0 0 0 0 0 0 0 0 0 0 0 0 0 0 0 0 0 0 0 0 0 0 0 0 0 0 0 0 0 0 0 0 0 0 0 0 0 0 0 0 0 0 0 0 0 0 0 0 0 0 0 0 0 0 0 0 0 0 0 0 0 0 0 0 0 0 0 0 0 0 0 0 0 0 0 0 0 0 0 0 0 0 0 0 0 0 0 0 0 0 0 0 0 0 0 0 0 0 0 0 0 0 0 0 0 0 0 0 0 0 0 0 0 0 0 0 0 0 0 0 0 0 0 0 0 0 0 0 0 0 0 0 0 0 0 0 0 0 0 0 0 0 0 0 0 0 0 0 0 0 0 0 0 0 0 0 0 0 0 0 0 0 0 0 0 0 0 0 0 0 0 0 0 0 0 0 0 0 0 0 0 0 0 0 0 0 0 0 0 0 0 0 0 0 0 0 0 0 0 0 0 0 0 0 0 0 0 0 0 0 0 0 0 0 0 0 0 0 0 0 0 0 0 0 0 0 0 0 0 0 0 0 0 0 0 0 0 0 0 0 0 0 0 0 0 0 0 0 0 0 0 0 0 0 0 0 0 0 0 0 0 0 0 0 0 0 0 0 0 0 0 0 0.0001045954268192872 0.0006685327971354127 0.001638184767216444 0.002999434247612953 0.004738091491162777 0.006826416589319706 0.009226388297975063 0.01196078397333622 0.01503538899123669 0.01844415813684464 0.02212579920887947 0.02608188986778259 0.0302977878600359 0.03468819335103035 0.03921807184815407 0.04388509318232536 0.04865536838769913 0.05357793346047401 0.05865531414747238 0.0638868659734726 0.06928219646215439 0.07486530393362045 0.08061187714338303 0.08644431829452515 0.09234980493783951 0.0983264297246933 0.1043419018387794 0.1103814244270325 0.1164685189723969 0.122611477971077 0.1288208663463593 0.1350887417793274 0.1413105428218842 0.1458883732557297 0.1478051394224167 0.1464379578828812 0.1413847506046295 0.1343155205249786 0.1275997459888458 0.1212197616696358 0.115158773958683 0.1094008386135101 0.1039307937026024 0.09873425215482712 0.09379754215478897 0.08910766243934631 0.08465228229761124 0.08041966706514359 0.07639868557453156 0.07257875055074692 0.06894981116056442 0.06550232321023941 0.06222720816731453 0.05911584943532944 0.05616005510091782 0.05335205048322678 0.05068444833159447 0.04815022647380829 0.04574271664023399 0.0434555821120739 0.04128280282020569 0.03921866416931152 0.03725773096084595 0.03539484366774559 0.03362509980797768 0.03194384649395943 0.03034665435552597 0.02882932126522064 0.02738785557448864 0.02601846307516098 0.0247175395488739 0.02348166331648827 0.02230758033692837 0.02119220048189163 0.02013259008526802 0.01912596076726913 0.01816966198384762 0.01726117916405201 0.0163981206715107 0.01557821501046419 0.01479930430650711 0.01405933871865273 0.01335637178272009 0.01268855296075344 0.01205412484705448 0.0114514185115695 0.01087884791195393 0.01033490523695946 0.009818159975111485 0.009327252395451069 0.008860889822244644 0.008417845703661442 0.007996953092515469 0.007597105577588081 0.007217250298708677 0.006856387946754694 0.006513568572700024 0.006187890190631151 0.005878495518118143 0.005584570579230785 0.00530534191057086 0.005040074698626995 0.004788070917129517 0.004548667464405298 0.004321234300732613 0.004105172585695982 0.003899913979694247 0.003704918315634131 0.003519672434777021 0.003343688789755106 0.003176504280418158 0.003017679089680314 0.002866795053705573 0.002723455196246505 0.00258728233166039 0.002457918133586645 0.002335022203624249 0.002218271140009165 0.002107357606291771 0.002001989632844925 0.001901890151202679 0.001806795597076416 0.001716455793939531 0.001630633021704853 0.001549101318232715 0.001471646246500313 0.001398063963279128 0.001328160753473639 0.001261752680875361 0.00119866500608623 0.001138731720857322 0.001081795082427561 0.001027705380693078 0.0009763201232999563 0.0009275040938518941 0.0008811288862489164 0.0008370724390260875 0.0007952188025228679 0.0007554578478448093 0.0007176849758252501 0.0006818007095716894 0.0006477106944657862 0.0006153251742944121 0.0005845589330419898 0.0005553310038521886 0.0005275644361972809 0.0005011862376704812 0.0004761269374284893 0.0004523205861914903 0.0004297045525163412 0.0004082193190697581 0.0003878083662129939 0.000368417939171195 0.0003499970480334014 0.000332497205818072 0.0003158723411615938 0.0003000787110067904 0.0002850747841876 0.0002708210377022624 0.0002572799858171493 0.0002444159763399512 0.0002321951760677621 0.0002205854107160121 0.0002095561358146369 0.0001990783348446712 0.0001891244173748419 0.0001796681899577379 0.0001706847833702341 0.0001621505507500842 0.0001540430239401758 0.0001463408698327839 0.0001390238321619108 0.0001320726441917941 0.0001254690141649917 0.0001191955670947209 0.0001132357865571976 0.0001075740001397207 0.0001021952994051389 9.708553261589259e-05 9.223125380231068e-05 8.761969365878031e-05 8.323870861204341e-05 7.907677354523912e-05 7.512293814215809e-05 7.136679050745443e-05 6.779844989068806e-05 6.44085303065367e-05 6.118810415500775e-05 5.812869858345948e-05 5.522226274479181e-05 5.246114960755222e-05 4.983809049008414e-05 4.734618414659053e-05 4.4978874939261e-05 4.272993101039901e-05 4.059343336848542e-05 3.856376133626327e-05 3.663557436084375e-05 3.480379382381216e-05 3.306360304122791e-05 3.141042179777287e-05 2.983990088978317e-05 2.834790575434454e-05 2.693051101232413e-05 2.558398591645528e-05 2.430478707537986e-05 2.308954753971193e-05 2.193506952608004e-05 2.083831532218028e-05 1.979640001081862e-05 1.880658055597451e-05 1.786625216482207e-05 1.697293919278309e-05 1.612429150554817e-05 1.531807720311917e-05 1.455217352486216e-05 1.382456503051799e-05 1.313333632424474e-05 1.247666932613356e-05 1.185283599625109e-05 1.126019378716592e-05 1.069718382495921e-05 1.016232454276178e-05 9.654208042775281e-06 9.171497367788106e-06 8.712922863196582e-06 8.277276720036753e-06 7.863412974984385e-06 7.470242508134106e-06 7.096730314515298e-06 6.741893685102696e-06 6.404799023584928e-06 6.084559117880417e-06 5.780331321147969e-06 5.491314823302673e-06 5.216749286773847e-06 4.955911663273582e-06 4.708116193796741e-06 4.472710315894801e-06 4.249074663675856e-06 4.036620794067858e-06 3.834789822576568e-06 3.643050376922474e-06 3.460897914919769e-06 3.287852905486943e-06 3.123460373899434e-06 2.967287400679197e-06 2.818923121594707e-06 2.677976908671553e-06 0.0001600057439645752 0.0005100896232761443 0.001045107375830412 0.001727953786030412 0.00254597538150847 0.003494852688163519 0.004571232013404369 0.005758237093687057 0.00703982962295413 0.00841437466442585 0.009872290305793285 0.01141314301639795 0.01303489971905947 0.01473888289183378 0.01651597768068314 0.01835548132658005 0.02024368941783905 0.02218253910541534 0.02416692487895489 0.0261954702436924 0.02825754694640636 0.03034031018614769 0.0324367880821228 0.03454666957259178 0.03666719421744347 0.03880427032709122 0.04095983132719994 0.04313336685299873 0.04531984403729439 0.04750701412558556 0.04969349503517151 0.05186881497502327 0.05403506755828857 0.05619608983397484 0.05834995210170746 0.06049637123942375 0.06264057755470276 0.06477489322423935 0.06690164655447006 0.0690159872174263 0.07112100720405579 0.07321775704622269 0.075303815305233 0.07737983763217926 0.07892216742038727 0.07916954904794693 0.07765298336744308 0.07409831881523132 0.070393405854702 0.06687373667955399 0.06353005021810532
 0 0 0 0 0 0 0 0 0 0 0 0 0 0 0 0 0 0 0 0 0 0 0 0 0 0 0 0 0 0 0 0 0 0 0 0 0 0 0 0 0 0 0 0 0 0 0 0 0 0 0 0 0 0 0 0 0 0 0 0 0 0 0 0 0 0 0 0 0 0 0 0 0 0 0 0 0 0 0 0 0 0 0 0 0 0 0 0 0 0 0 0 0 0 0 0 0 0 0 0 0 0 0 0 0 0 0 0 0 0 0 0 0 0 0 0 0 0 0 0 0 0 0 0 0 0 0 0 0 0 0 0 0 0 0 0 0 0 0 0 0 0 0 0 0 0 0 0 0 0 0 0 0 0 0 0 0 0 0 0 0 0 0 0 0 0 0 0 0 0 0 0 0 0 0 0 0 0 0 0 0 0 0 0 0 0 0 0 0 0 0 0 0 0 0 0 0 0 0 0 0 0 0 0 0 0 0 0 0 0 0 0 0 0 0 0 0 0 0 0 0 0 0 0 0 0 0 0 0 0 0 0 0 0 0 0 0 0 0 0 0 0 0 0 0 0 0 0 0 0 0 0 0 0 0 0 0 0 0 0 0 0 0 0 0 0 0 0 0 0 0 0 0 0 0 0 0 0 0 0 0 0 0 0 0 0 0 0 0 0 0 0 0 0 0 0 0 0 0 0 0 0 0 0 0 0 0 0 0 0 0 0 0 0 0 0 0 0 0 0 0 0 0 0 0 0 0 0 0 0 0 0 0 0 0 0 0 0 0 0 0 0 0 0 0 0 0 0 0 0 0 0 0 0 0 0 0 0 0 0 0 0 0 0 0 0 0 0 0 0 0 0 0 0 0 0 0 0 0 0 0 0 0 0 0 0 0 0 0 0 0 0 0 0 0 0 0 0 0 0 0 0 0 0 0 0 0 0 0 0 0 0 0 0 0 0 0 0 0 0 0 0 0 0 0 0 0 0 0 0 0 0 0 0 0 0 0 0 0 0 0 0 0 0 0 0 0 0 0 0 0 0 0 0 0 0 0 0 0 0 0 0 0 0 0 0 0 0 0 0 0 0 0 0 0 0 0 0 0 0 0 0 0 0 0 0 0 0 0 0 0 0 0 0 0 0 0 0 0 0 0 0 0 0 0 0 0 0 0 0 0 0 0 0 0 0 0 0 0 0 0 0 0 0 0 0 0 0 0 0 0 0 0 0 0 0 0 0 0 0 0 0 0 0 0 0 0 0 0 0 0 0 0 0 0 0 0 0 0 0 0 0 0 0 0 0 0 0 0 0 0 0 0 0 0 0 0 0 0 0 0 0 0 0 0 0 0 0 0 0 0 0 0 0 0 0 0 0 0 0
 0 0 0 0 0 0 0 0 0 0 0 0 0 0 0 0 0 0 0 0 0 0 0 0 0 0 0 0 0 0 0 0 0 0 0 0 0 0 0 0 0 0 0 0 0 0 0 0 0 0 0 0 0 0 0 0 0 0 0 0 0 0 0 0 0 0 0 0 0 0 0 0 0 0 0 0 0 0 0 0 0 0 0 0 0 0 0 0 0 0 0 0 0 0 0 0 0 0 0 0 0 0 0 0 0 0 0 0 0 0 0 0 0 0 0 0 0 0 0 0 0 0 0 0 0 0 0 0 0 0 0 0 0 0 0 0 0 0 0 0 0 0 0 0 0 0 0 0 0 0 0 0 0 0 0 0 0 0 0 0 0 0 0 0 0 0 0 0 0 0 0 0 0 0 0 0 0 0 0 0 0 0 0 0 0 0 0 0 0 0 0 0 0 0 0 0 0 0 0 0 0 0 0 0 0 0 0 0 0 0 0 0 0 0 0 0 0 0 0 0 0 0 0 0 0 0 0 0 0 0 0 0 0 0 0 0 0 0 0 0 0 0 0 0 0 0 0 0 0 0 0 0 0 0 0 0 0 0 0 0 0 0 0 0 0 0 0 0 0 0 0 0 0 0 0 0 0 0 0 0 0 0 0 0 0 0 0 0 0 0 0 0 0 0 0 0 0 0 0 0 0 0 0 0 0 0 0 0 0 0 0 0 0 0 0 0 0 0 0 0 0 0 0 0 0 0 0 0 0 0 0 0 0 0 0 0 0 0 0 0 0 0 0 0 0 0 0 0 0 0 0 0 0 0 0 0 0 0 0 0 0 0 0 0 0 0 0 0 0 0 0 0 0 0 0 0 0 0 0 0 0 0 0 0 0 0 0 0 0 0 0 0 0 0 0 0 0 0 0 0 0 0 0 0 0 0 0 0 0 0 0 0 0 0 0 0 0 0 0 0 0 0 0 0 0 0 0 0 0 0 0 0 0 0 0 0 0 0 0 0 0 0 0 0 0 0 0 0 0 0 0 0 0 0 0 0 0 0 0 0 0 0 0 0 0 0 0 0 0 0 0 0 0 0 0 0 0 0 0 0 0 0 0 0 0 0 0 0 0 0 0 0 0 0 0 0 0 0 0 0 0 0 0 0 0 0 0 0 0 0 0 0 0 0 0 0 0 0 0 0 0 0 0 0 0 0 0 0 0 0 0 0 0 0 0 0 0 0 0 0 0 0 0 0 0 0 0 0 0 0 0 0 0 0 0 0 0 0 0 0 0 0 0 0 0 0 0 0 0 0 0 0 0 0 0 0 0 0 0 0 0 0 0 0 0 0 0 0 0 0 0 0 0 0 0 0 0 0 0 0
 0 0 0 0 0 0 0 0 0 0 0 0 0 0 0 0 0 0 0 0 0 0 0 0 0 0 0 0 0 0 0 0 0 0 0 0 0 0 0 0 0 0 0 0 0 0 0 0 0 0 0 0 0 0 0 0 0 0 0 0 0 0 0 0 0 0 0 0 0 0 0 0 0 0 0 0 0 0 0 0 0 0 0 0 0 0 0 0 0 0 0 0 0 0 0 0 0 0 0 0 0 0 0 0 0 0 0 0 0 0 0 0 0 0 0 0 0 0 0 0 0 0 0 0 0 0 0 0 0 0 0 0 0 0 0 0 0 0 0 0 0 0 0 0 0 0 0 0 0 0 0 0 0 0 0 0 0 0 0 0 0 0 0 0 0 0 0 0 0 0 0 0 0 0 0 0 0 0 0 0 0 0 0 0 0 0 0 0 0 0 0 0 0 0 0 0 0 0 0 0 0 0 0 0 0 0 0 0 0 0 0 0 0 0 0 0 0 0 0 0 0 0 0 0 0 0 0 0 0 0 0 0 0 0 0 0 0 0 0 0 0 0 0 0 0 0 0 0 0 0 0 0 0 0 0 0 0 0 0 0 0 0 0 0 0 0 0 0 0 0 0 0 0 0 0 0 0 0 0 0 0 0 0 0 0 0 0 0 0 0 0 0 0 0 0 0 0 0 0 0 0 0 0 0 0 0 0 0 0 0 0 0 0 0 0 0 0 0 0 0 0 0 0 0 0 0 0 0 0 0 0 0 0 0 0 0 0 0 0 0 0 0 0 0 0 0 0 0 0 0 0 0 0 0 0 0 0 0 0 0 0 0 0 0 0 0 0 0 0 0 0 0 0 0 0 0 0 0 0 0 0 0 0 0 0 0 0 0 0 0 0 0 0 0 0 0 0 0 0 0 0 0 0 0 0 0 0 0 0 0 0 0 0 0 0 0 0 0 0 0 0 0 0 0 0 0 0 0 0 0 0 0 0 0 0 0 0 0 0 0 0 0 0 0 0 0 0 0 0 0 0 0 0 0 0 0 0 0 0 0 0 0 0 0 0 0 0 0 0 0 0 0 0 0 0 0 0 0 0 0 0 0 0 0 0 0 0 0 0 0 0 0 0 0 0 0 0 0 0 0 0 0 0 0 0 0 0 0 0 0 0 0 0 0 0 0 0 0 0 0 0 0 0 0 0 0 0 0 0 0 0 0 0 0 0 0 0 0 0 0 0 0 0 0 0 0 0 0 0 0 0 0 0 0 0 0 0 0 0 0 0 0 0 0 0 0 0 0 0 0 0 0 0 0 0 0 0 0 0 0 0 0 0 0 0 0 0 0 0 0 0 0 0 0 0 0 0 0 0 0
 0 0 0 0 0 0 0 0 0 0 0 0 0 0 0 0 0 0 0 0 0 0 0 0 0 0 0 0 0 0 0 0 0 0 0 0 0 0 0 0 0 0 0 0 0 0 0 0 0 0 0 0 0 0 0 0 0 0 0 0 0 0 0 0 0 0 0 0 0 0 0 0 0 0 0 0 0 0 0 0 0 0 0 0 0 0 0 0 0 0 0 0 0 0 0 0 0 0 0 0 0 0 0 0 0 0 0 0 0 0 0 0 0 0 0 0 0 0 0 0 0 0 0 0 0 0 0 0 0 0 0 0 0 0 0 0 0 0 0 0 0 0 0 0 0 0 0 0 0 0 0 0 0 0 0 0 0 0 0 0 0 0 0 0 0 0 0 0 0 0 0 0 0 0 0 0 0 0 0 0 0 0 0 0 0 0 0 0 0 0 0 0 0 0 0 0 0 0 0 0 0 0 0 0 0 0 0 0 0 0 0 0 0 0 0 0 0 0 0 0 0 0 0 0 0 0 0 0 0 0 0 0 0 0 0 0 0 0 0 0 0 0 0 0 0 0 0 0 0 0 0 0 0 0 0 0 0 0 0 0 0 0 0 0 0 0 0 0 0 0 0 0 0 0 0 0 0 0 0 0 0 0 0 0 0 0 0 0 0 0 0 0 0 0 0 0 0 0 0 0 1.416797204001341e-05 0.0004807343939319253 0.00138495909050107 0.002676545176655054 0.004391958471387625 0.006508896127343178 0.008938475511968136 0.01171765848994255 0.01486475113779306 0.01831666380167007 0.02207331173121929 0.02609849348664284 0.03031097911298275 0.03471079468727112 0.03924824297428131 0.0439334399998188 0.04878034070134163 0.05378162860870361 0.05895994231104851 0.06434024125337601 0.06990246474742889 0.07563214004039764 0.08145111799240112 0.08734151721000671 0.09331433475017548 0.09937272965908051 0.1054448708891869 0.1115371957421303 0.1176621317863464 0.1238362044095993 0.1300726979970932 0.1363860368728638 0.142565444111824 0.1470476984977722 0.148831844329834 0.1472992599010468 0.1420283168554306 0.134926900267601 0.1281805485486984 0.1217715218663216 0.1156829446554184 0.1098987981677055 0.1044038608670235 0.09918367117643356 0.09422449022531509 0.08951326459646225 0.08503760397434235 0.08078572154045105 0.07674643397331238 0.07290910929441452 0.06926365196704865 0.06580047309398651 0.06251044571399689 0.05938492342829704 0.05641567707061768 0.05359489470720291 0.05091515183448792 0.0483693927526474 0.04595092311501503 0.04365337640047073 0.04147070646286011 0.03939717262983322 0.03742731362581253 0.03555594757199287 0.03377814963459969 0.0320892408490181 0.03048477880656719 0.02896053902804852 0.02751251123845577 0.02613688632845879 0.0248300414532423 0.02358854003250599 0.02240911312401295 0.02128865756094456 0.02022422477602959 0.01921301335096359 0.01825236342847347 0.01733974553644657 0.01647275872528553 0.01564912125468254 0.0148666650056839 0.0141233317553997 0.01341716479510069 0.0127463061362505 0.01210899092257023 0.011503541842103 0.01092836447060108 0.01038194634020329 0.009862849488854408 0.009369706735014915 0.008901221677660942 0.008456160314381123 0.008033351972699165 0.007631684187799692 0.007250099908560514 0.006887594703584909 0.006543214898556471 0.006216054316610098 0.005905251484364271 0.005609988700598478 0.00532948924228549 0.005063014570623636 0.004809863865375519 0.004569370765239 0.00434090243652463 0.004123857244849205 0.003917664289474487 0.003721781075000763 0.003535692114382982 0.003358907531946898 0.003190962132066488 0.003031414002180099 0.002879843348637223 0.002735851099714637 0.002599058439955115 0.00246910541318357 0.002345650224015117 0.002228367608040571 0.002116949297487736 0.002011101925745606 0.00191054679453373 0.001815019408240914 0.001724268426187336 0.001638054964132607 0.001556152245029807 0.001478344667702913 0.001404427457600832 0.00133420608472079 0.001267495797947049 0.001204121042974293 0.001143914996646345 0.001086719217710197 0.00103238329757005 0.0009807641617953777 0.0009317259537056088 0.0008851396851241589 0.0008408827125094831 0.0007988385623320937 0.0007588966400362551 0.0007209518225863576 0.0006849042256362736 0.0006506590289063752 0.0006181260687299073 0.0005872197798453271 0.0005578587879426777 0.0005299658514559269 0.0005034675705246627 0.0004782941832672805 0.000454379478469491 0.0004316605045460165 0.0004100774822290987 0.0003895736008416861 0.0003700949309859425 0.000351590191712603 0.0003340106923133135 0.0003173101576976478 0.0003014446410816163 0.0002863724075723439 0.0002720537886489183 0.0002584510948508978 0.0002455285284668207 0.0002332520962227136 0.0002215894928667694 0.0002105100138578564 0.0001999845117097721 0.0001899852795759216 0.0001804860221454874 0.0001714617246761918 0.0001628886384423822 0.0001547442079754546 0.0001470069983042777 0.0001396566512994468 0.0001326738129137084 0.0001260401186300442 0.0001197381134261377 0.0001137512081186287 0.0001080636502592824 0.0001026604659273289 9.752744517754763e-05 9.265106928069144e-05 8.801851799944416e-05 8.361758955288678e-05 7.943670789245516e-05 7.546487177023664e-05 7.169162563513964e-05 6.810704508097842e-05 6.470169319072738e-05 6.146660598460585e-05 5.839327423018403e-05 5.547361070057377e-05 5.269992834655568e-05 5.006493302062154e-05 4.756168709718622e-05 4.518360219663009e-05 4.292442099540494e-05 4.077819903613999e-05 3.873929017572664e-05 3.68023247574456e-05 3.496220961096697e-05 3.321409894851968e-05 3.155339436489157e-05 2.997572482854594e-05 2.847693940566387e-05 2.705309270822909e-05 2.570043761807028e-05 2.441541619191412e-05 2.319464510947e-05 2.203491203545127e-05 2.093316652462818e-05 1.988650910789147e-05 1.889218401629478e-05 1.79475755430758e-05 1.705019712971989e-05 1.619768772798125e-05 1.538780270493589e-05 1.461841293348698e-05 1.388749205943896e-05 1.319311741099227e-05 1.253346181329107e-05 1.190678904094966e-05 1.131144927057903e-05 1.074587635230273e-05 1.020858235278865e-05 9.698153007775545e-06 9.213244993588887e-06 8.752582289162092e-06 8.314953447552398e-06 7.899206138972659e-06 7.504245786549291e-06 7.129033292585518e-06 6.772581400582567e-06 6.433952421502909e-06 6.112254595791455e-06 5.806641638628207e-06 5.516309556696797e-06 5.240493919700384e-06 4.978469405614305e-06 4.729546162707265e-06 4.493068900046637e-06 4.268415523256408e-06 4.054994860780425e-06 3.852245299640344e-06 3.659632966446225e-06 3.476651272649178e-06 3.302818640804617e-06 3.137677595077548e-06 2.980793624374201e-06 2.831754045473645e-06 0.0001133992118411697 0.0004209066100884229 0.0009148622630164027 0.001570347929373384 0.002371089300140738 0.003313786583021283 0.004391925409436226 0.005589304026216269 0.006890680175274611 0.008288225159049034 0.009776273742318153 0.01135565899312496 0.01302706450223923 0.0147924292832613 0.01665275916457176 0.01861045137047768 0.0206350814551115 0.02270039729773998 0.02479489892721176 0.02691589668393135 0.02906417474150658 0.03123131208121777 0.03341455012559891 0.03561427816748619 0.03783103451132774 0.04006871953606606 0.04232367873191833 0.0445890799164772 0.04685969650745392 0.04912943765521049 0.05139805749058723 0.05365709960460663 0.05590813606977463 0.05815642699599266 0.06040193885564804 0.0626472607254982 0.06489510834217072 0.06714488565921783 0.06939830631017685 0.0716424286365509 0.07388061285018921 0.07611878216266632 0.07835838198661804 0.08045356720685959 0.08147117495536804 0.08083327859640121 0.07817535102367401 0.07426658272743225 0.0705532506108284 0.06702558696269989 0.06367430835962296 0.06049059331417084
 0 0 0 0 0 0 0 0 0 0 0 0 0 0 0 0 0 0 0 0 0 0 0 0 0 0 0 0 0 0 0 0 0 0 0 0 0 0 0 0 0 0 0 0 0 0 0 0 0 0 0 0 0 0 0 0 0 0 0 0 0 0 0 0 0 0 0 0 0 0 0 0 0 0 0 0 0 0 0 0 0 0 0 0 0 0 0 0 0 0 0 0 0 0 0 0 0 0 0 0 0 0 0 0 0 0 0 0 0 0 0 0 0 0 0 0 0 0 0 0 0 0 0 0 0 0 0 0 0 0 0 0 0 0 0 0 0 0 0 0 0 0 0 0 0 0 0 0 0 0 0 0 0 0 0 0 0 0 0 0 0 0 0 0 0 0 0 0 0 0 0 0 0 0 0 0 0 0 0 0 0 0 0 0 0 0 0 0 0 0 0 0 0 0 0 0 0 0 0 0 0 0 0 0 0 0 0 0 0 0 0 0 0 0 0 0 0 0 0 0 0 0 0 0 0 0 0 0 0 0 0 0 0 0 0 0 0 0 0 0 0 0 0 0 0 0 0 0 0 0 0 0 0 0 0 0 0 0 0 0 0 0 0 0 0 0 0 0 0 0 0 0 0 0 0 0 0 0 0 0 0 0 0 0 0 0 0 0 0 0 0 0 0 0 0 0 0 0 0 0 0 0 0 0 0 0 0 0 0 0 0 0 0 0 0 0 0 0 0 0 0 0 0 0 0 0 0 0 0 0 0 0 0 0 0 0 0 0 0 0 0 0 0 0 0 0 0 0 0 0 0 0 0 0 0 0 0 0 0 0 0 0 0 0 0 0 0 0 0 0 0 0 0 0 0 0 0 0 0 0 0 0 0 0 0 0 0 0 0 0 0 0 0 0 0 0 0 0 0 0 0 0 0 0 0 0 0 0 0 0 0 0 0 0 0 0 0 0 0 0 0 0 0 0 0 0 0 0 0 0 0 0 0 0 0 0 0 0 0 0 0 0 0 0 0 0 0 0 0 0 0 0 0 0 0 0 0 0 0 0 0 0 0 0 0 0 0 0 0 0 0 0 0 0 0 0 0 0 0 0 0 0 0 0 0 0 0 0 0 0 0 0 0 0 0 0 0 0 0 0 0 0 0 0 0 0 0 0 0 0 0 0 0 0 0 0 0 0 0 0 0 0 0 0 0 0 0 0 0 0 0 0 0 0 0 0 0 0 0 0 0 0 0 0 0 0 0 0 0 0 0 0 0 0 0 0 0 0 0 0 0 0 0 0 0 0 0 0 0 0 0 0 0 0 0 0 0 0 0 0 0 0 0 0 0 0 0 0 0 0 0 0 0 0 0 0 0 0 0 0
 0 0 0 0 0 0 0 0 0 0 0 0 0 0 0 0 0 0 0 0 0 0 0 0 0 0 0 0 0 0 0 0 0 0 0 0 0 0 0 0 0 0 0 0 0 0 0 0 0 0 0 0 0 0 0 0 0 0 0 0 0 0 0 0 0 0 0 0 0 0 0 0 0 0 0 0 0 0 0 0 0 0 0 0 0 0 0 0 0 0 0 0 0 0 0 0 0 0 0 0 0 0 0 0 0 0 0 0 0 0 0 0 0 0 0 0 0 0 0 0 0 0 0 0 0 0 0 0 0 0 0 0 0 0 0 0 0 0 0 0 0 0 0 0 0 0 0 0 0 0 0 0 0 0 0 0 0 0 0 0 0 0 0 0 0 0 0 0 0 0 0 0 0 0 0 0 0 0 0 0 0 0 0 0 0 0 0 0 0 0 0 0 0 0 0 0 0 0 0 0 0 0 0 0 0 0 0 0 0 0 0 0 0 0 0 0 0 0 0 0 0 0 0 0 0 0 0 0 0 0 0 0 0 0 0 0 0 0 0 0 0 0 0 0 0 0 0 0 0 0 0 0 0 0 0 0 0 0 0 0 0 0 0 0 0 0 0 0 0 0 0 0 0 0 0 0 0 0 0 0 0 0 0 0 0 0 0 0 0 0 0 0 0 0 0 0 0 0 0 0 0 0 0 0 0 0 0 0 0 0 0 0 0 0 0 0 0 0 0 0 0 0 0 0 0 0 0 0 0 0 0 0 0 0 0 0 0 0 0 0 0 0 0 0 0 0 0 0 0 0 0 0 0 0 0 0 0 0 0 0 0 0 0 0 0 0 0 0 0 0 0 0 0 0 0 0 0 0 0 0 0 0 0 0 0 0 0 0 0 0 0 0 0 0 0 0 0 0 0 0 0 0 0 0 0 0 0 0 0 0 0 0 0 0 0 0 0 0 0 0 0 0 0 0 0 0 0 0 0 0 0 0 0 0 0 0 0 0 0 0 0 0 0 0 0 0 0 0 0 0 0 0 0 0 0 0 0 0 0 0 0 0 0 0 0 0 0 0 0 0 0 0 0 0 0 0 0 0 0 0 0 0 0 0 0 0 0 0 0 0 0 0 0 0 0 0 0 0 0 0 0 0 0 0 0 0 0 0 0 0 0 0 0 0 0 0 0 0 0 0 0 0 0 0 0 0 0 0 0 0 0 0 0 0 0 0 0 0 0 0 0 0 0 0 0 0 0 0 0 0 0 0 0 0 0 0 0 0 0 0 0 0 0 0 0 0 0 0 0 0 0 0 0 0 0 0 0 0 0 0 0 0 0 0 0 0 0 0 0 0 0 0 0 0 0 0 0 0 0 0


# name: r_0_m9_G0_L0p3_D0p7
# type: matrix
# rows: 1
# columns: 14
 0 -9 0.2 0 0.3 0 -3.937538333333333 0 0 0.09444231094518314 0 135.1666666666667 0.752772652709081 0.7




