# Created by Octave 3.8.2, Mon Jun 19 11:52:21 2017 BST <co1ssj@node117>
# name: result
# type: scalar struct
# ndims: 2
 1 1
# length: 3
# name: params
# type: scalar struct
# ndims: 2
 1 1
# length: 18
# name: cleanup
# type: scalar
0


# name: num_runs
# type: scalar
6


# name: dopamine
# type: scalar
0.7


# name: targetCross
# type: scalar
1


# name: targetLuminance
# type: scalar
0.3


# name: targetWidthX
# type: scalar
6


# name: targetWidthY
# type: scalar
2


# name: fixCross
# type: scalar
1


# name: fixLuminance
# type: scalar
0.2


# name: fixWidthX
# type: scalar
6


# name: fixWidthY
# type: scalar
2


# name: fixOn
# type: scalar
0


# name: targetOff
# type: scalar
1


# name: targetOn
# type: scalar
0.2


# name: fixOff
# type: scalar
0.2


# name: targetThetaX
# type: scalar
0


# name: targetThetaY
# type: scalar
-11


# name: exptnum
# type: scalar
0




# name: r_0_m11_G0_L0p3_D0p7_llbn
# type: matrix
# rows: 24
# columns: 600
 0 0 0 0 0 0 0 0 0 0 0 0 0 0 0 0 0 0 0 0 0 0 0 0 0 0 0 0 0 0 0 0 0 0 0 0 0 0 0 0 0 0 0 0 0 0 0 0 0 0 0 0 0 0 0 0 0 0 0 0 0 0 0 0 0 0 0 0 0 0 0 0 0 0 0 0 0 0 0 0 0 0 0 0 0 0 0 0 0 0 0 0 0 0 0 0 0 0 0 0 0 0 0 0 0 0 0 0 0 0 0 0 0 0 0 0 0 0 0 0 0 0 0 0 0 0 0 0 0 0 0 0 0 0 0 0 0 0 0 0 0 0 0 0 0 0 0 0 0 0 0 0 0 0 0 0 0 0 0 0 0 0 0 0 0 0 0 0 0 0 0 0 0 0 0 0 0 0 0 0 0 0 0 0 0 0 0 0 0 0 0 0 0 0 0 0 0 0 0 0 0 0 0 0 0 0 0 0 0 0 0 0 0 0 0 0 0 0 0 0 0 0 0 0 0 0 0 0 0 0 0 0 0 0 0 0 0 0 0 0 0 0 0 0 0 0 0 0 0 0 0 0 0 0 0 0 0 0 0 0 0 0 0 0 0 0 0 0 0 0 0 0 0 0 0 0 0 0 0 0 0 0 0 0 0 0 0 0 0 0 0 0 0 0 0 0 0 0 0 0 0 0 0 0 0 0 0 0 0 0 0 0 0 0 0 0 0 0 0 0 0 0 0 0 0 0 0 0 0 0 0 0 0 0 0 0 0 0 0 0 0 0 0 0 0 0 0 0 0 0 0 0 0 0 0 0 0 0 0 0 0 0 0 0 0 0 0 0 0 0 0 0 0 0 0 0 0 0 0 0 0 0 0 0 0 0 0 0 0 0 0 0 0 0 0 0 0 0 0 0 0 0 0 0 0 0 0 0 0 0 0 0 0 0 0 0 0 0 0 0 0 0 0 0 0 0 0 0 0 0 0 0 0 0 0 0 0 0 0 0 0 0 0 0 0 0 0 0 0 0 0 0 0 0 0 0 0 0 0 0 0 0 0 0 0 0 0 0 0 0 0 0 0 0 0 0 0 0 0 0 0 0 0 0 0 0 0 0 0 0 0 0 0 0 0 0 0 0 0 0 0 0 0 0 0 0 0 0 0 0 0 0 0 0 0 0 0 0 0 0 0 0 0 0 0 0 0 0 0 0 0 0 0 0 0 0 0 0 0 0 0 0 0 0 0 0 0 0 0 0 0 0 0 0 0 0 0 0 0 0 0 0 0 0 0 0 0 0 0 0 0 0 0 0 0 0 0 0 0 0 0 0 0 0 0 0 0 0 0 0 0 0 0 0 0 0 0 0 0 0
 0 0 0 0 0 0 0 0 0 0 0 0 0 0 0 0 0 0 0 0 0 0 0 0 0 0 0 0 0 0 0 0 0 0 0 0 0 0 0 0 0 0 0 0 0 0 0 0 0 0 0 0 0 0 0 0 0 0 0 0 0 0 0 0 0 0 0 0 0 0 0 0 0 0 0 0 0 0 0 0 0 0 0 0 0 0 0 0 0 0 0 0 0 0 0 0 0 0 0 0 0 0 0 0 0 0 0 0 0 0 0 0 0 0 0 0 0 0 0 0 0 0 0 0 0 0 0 0 0 0 0 0 0 0 0 0 0 0 0 0 0 0 0 0 0 0 0 0 0 0 0 0 0 0 0 0 0 0 0 0 0 0 0 0 0 0 0 0 0 0 0 0 0 0 0 0 0 0 0 0 0 0 0 0 0 0 0 0 0 0 0 0 0 0 0 0 0 0 0 0 0 0 0 0 0 0 0 0 0 0 0 0 0 0 0 0 0 0 0 0 0 0 0 0 0 0 0 0 0 0 0 0 0 0 0 0 0 0 0 0 0 0 0 0 0 0 0 0 0 0 0 0 0 0 0 0 0 0 0 0 0 0 0 0 0 0 0 0 0 0 0 0 0 0 0 0 0 0 0 0 0 0 0 0 0 0 0 0 0 0 0 0 0 0 0 0 0 0 0 0 0 0 0.0004319964209571481 0.001494014402851462 0.003195637371391058 0.005550391972064972 0.008597587235271931 0.01227075047791004 0.01652778685092926 0.02129928395152092 0.02663879096508026 0.03257721289992332 0.03907196596264839 0.04595615714788437 0.05324357375502586 0.06086671352386475 0.06882005929946899 0.07707902789115906 0.08560974150896072 0.09432428330183029 0.103217288851738 0.1123467460274696 0.1217191591858864 0.1313905119895935 0.1413514018058777 0.1515722870826721 0.1620459854602814 0.1726816445589066 0.1833996176719666 0.1941913366317749 0.2038314938545227 0.2105475515127182 0.2131983488798141 0.2109333127737045 0.2031841427087784 0.1930249333381653 0.1833736896514893 0.1742050051689148 0.1654947549104691 0.1572200208902359 0.1493590176105499 0.1418910622596741 0.1347965151071548 0.1280566900968552 0.1216538548469543 0.1155711635947227 0.1097926050424576 0.1043029725551605 0.09908782690763474 0.09413343667984009 0.08942676335573196 0.08495542407035828 0.08070765435695648 0.0766722708940506 0.07283865660429001 0.06919672340154648 0.06573688983917236 0.06245004385709763 0.05932754278182983 0.05636116489768028 0.05354310572147369 0.05086595192551613 0.0483226552605629 0.04590652137994766 0.04361119493842125 0.04143063351511955 0.03935910016298294 0.03739114478230476 0.03552158921957016 0.03374550864100456 0.0320582315325737 0.03045531921088696 0.02893255278468132 0.0274859257042408 0.02611162886023521 0.02480604685842991 0.0235657449811697 0.02238745801150799 0.0212680846452713 0.02020468004047871 0.01919444650411606 0.01823472417891026 0.01732298731803894 0.01645683869719505 0.01563399657607079 0.01485229656100273 0.01410968136042356 0.01340419705957174 0.01273398753255606 0.01209728792309761 0.01149242371320724 0.01091780234128237 0.01037191227078438 0.009853316470980644 0.009360650554299355 0.008892618119716644 0.008447987027466297 0.008025587536394596 0.007624308113008738 0.007243092637509108 0.006880938075482845 0.006536891218274832 0.006210046820342541 0.005899544339627028 0.005604567006230354 0.005324338562786579 0.005058121867477894 0.004805215634405613 0.004564954899251461 0.004336707293987274 0.004119872115552425 0.003913878463208675 0.003718184540048242 0.003532275324687362 0.003355661639943719 0.003187878523021936 0.003028484527021646 0.002877060323953629 0.002733207307755947 0.002596546895802021 0.002466719597578049 0.002343383617699146 0.00222621439024806 0.002114903647452593 0.002009158488363028 0.001908700563944876 0.00181326549500227 0.001722602173686028 0.001636472065001726 0.001554648508317769 0.001476916135288775 0.001403070287778974 0.001332916785031557 0.001266270992346108 0.001202957471832633 0.001142809633165598 0.001085669151507318 0.001031385734677315 0.0009798164246603847 0.0009308255976065993 0.0008842843235470355 0.0008400701335631311 0.0007980666123330593 0.0007581632817164063 0.0007202551350928843 0.0006842424045316875 0.0006500302697531879 0.0006175287417136133 0.0005866523133590817 0.0005573197267949581 0.0005294537404552102 0.000502981070894748 0.0004778320144396275 0.0004539404180832207 0.0004312433884479105 0.0004096812335774302 0.0003891971718985587 0.0003697373031172901 0.0003512504335958511 0.0003336879017297179 0.0003170035197399557 0.0003011533408425748 0.0002860956592485309 0.0002717908646445721 0.0002582013257779181 0.0002452912740409374 0.0002330267161596566 0.0002213753759860992 0.0002103066071867943 0.0001997912768274546 0.0001898017071653157 0.0001803116174414754 0.0001712960365694016 0.000162731230375357 0.0001545946724945679 0.0001468649425078183 0.0001395216968376189 0.0001325456105405465 0.000125918333651498 0.0001196224184241146 0.0001136412975029089 0.0001079592329915613 0.0001025612727971748 9.743320697452873e-05 9.256154589820653e-05 8.793346933089197e-05 8.353679731953889e-05 7.935996109154075e-05 7.539195939898491e-05 7.162235851865262e-05 6.804124132031575e-05 6.463917816290632e-05 6.140721961855888e-05 5.833686009282246e-05 5.54200159967877e-05 5.264901483315043e-05 5.001656245440245e-05 4.751573578687385e-05 4.51399500889238e-05 4.288295167498291e-05 4.0738803363638e-05 3.870186264975928e-05 3.67667707905639e-05 3.492843097774312e-05 3.318200833746232e-05 3.152290810248815e-05 2.994676287926268e-05 2.844942537194584e-05 2.702695383050013e-05 2.567560659372248e-05 2.439182571833953e-05 2.317223516001832e-05 2.201362258347217e-05 2.091294118145015e-05 1.986729330383241e-05 1.887392863864079e-05 1.793023147911299e-05 1.703372072370257e-05 1.618203532416373e-05 1.537293428555131e-05 1.460428757127374e-05 1.3874073374609e-05 1.318036993325222e-05 1.252135189133696e-05 1.189528393297223e-05 1.130051987274783e-05 1.073549356078729e-05 1.019871888274793e-05 9.68878339335788e-06 9.204344678437337e-06 8.744127626414411e-06 8.306920790346339e-06 7.891574568930082e-06 7.496995749534108e-06 7.122146143956343e-06 6.766038950445363e-06 6.427736934710993e-06 6.106350156187546e-06 5.801032784802373e-06 5.51098128198646e-06 5.235432126937667e-06 4.973660452378681e-06 4.724977316072909e-06 4.488728336582426e-06 4.26429187427857e-06 4.051077212352538e-06 3.848523192573339e-06 3.656097078419407e-06 3.473292281341855e-06 3.299627678643446e-06 3.134646249236539e-06 2.977913936774712e-06 2.829018285410712e-06 2.687567302928073e-06 2.553189005993772e-06 2.425529601168819e-06 2.304253030160908e-06 2.189040287703392e-06 2.079588284686906e-06 1.975608938664664e-06 1.87682849173143e-06 1.782987055776175e-06 1.693837702987366e-06 1.609145783731947e-06 1.528688471807982e-06 1.452254082323634e-06 1.379641389576136e-06 1.310659285991278e-06 1.245126327376056e-06 0.0001129031079472043 0.0004161108518019319 0.0009003257728181779 0.001541217789053917 0.002324811881408095 0.003250095527619123 0.004308443982154131 0.00547802122309804 0.006747054867446423 0.008103910833597183 0.009550105780363083 0.0110885864123702 0.01271657645702362 0.01443340070545673 0.0162433460354805 0.01814433000981808 0.02012578025460243 0.02215166017413139 0.02420203387737274 0.02626953274011612 0.02836089581251144 0.03047610819339752 0.03260218724608421 0.0347370021045208 0.03687950968742371 0.0390290804207325 0.04118847846984863 0.04336128756403923 0.04553937166929245 0.04771985486149788 0.04989665374159813
 0 0 0 0 0 0 0 0 0 0 0 0 0 0 0 0 0 0 0 0 0 0 0 0 0 0 0 0 0 0 0 0 0 0 0 0 0 0 0 0 0 0 0 0 0 0 0 0 0 0 0 0 0 0 0 0 0 0 0 0 0 0 0 0 0 0 0 0 0 0 0 0 0 0 0 0 0 0 0 0 0 0 0 0 0 0 0 0 0 0 0 0 0 0 0 0 0 0 0 0 0 0 0 0 0 0 0 0 0 0 0 0 0 0 0 0 0 0 0 0 0 0 0 0 0 0 0 0 0 0 0 0 0 0 0 0 0 0 0 0 0 0 0 0 0 0 0 0 0 0 0 0 0 0 0 0 0 0 0 0 0 0 0 0 0 0 0 0 0 0 0 0 0 0 0 0 0 0 0 0 0 0 0 0 0 0 0 0 0 0 0 0 0 0 0 0 0 0 0 0 0 0 0 0 0 0 0 0 0 0 0 0 0 0 0 0 0 0 0 0 0 0 0 0 0 0 0 0 0 0 0 0 0 0 0 0 0 0 0 0 0 0 0 0 0 0 0 0 0 0 0 0 0 0 0 0 0 0 0 0 0 0 0 0 0 0 0 0 0 0 0 0 0 0 0 0 0 0 0 0 0 0 0 0 0 0 0 0 0 0 0 0 0 0 0 0 0 0 0 0 0 0 0 0 0 0 0 0 0 0 0 0 0 0 0 0 0 0 0 0 0 0 0 0 0 0 0 0 0 0 0 0 0 0 0 0 0 0 0 0 0 0 0 0 0 0 0 0 0 0 0 0 0 0 0 0 0 0 0 0 0 0 0 0 0 0 0 0 0 0 0 0 0 0 0 0 0 0 0 0 0 0 0 0 0 0 0 0 0 0 0 0 0 0 0 0 0 0 0 0 0 0 0 0 0 0 0 0 0 0 0 0 0 0 0 0 0 0 0 0 0 0 0 0 0 0 0 0 0 0 0 0 0 0 0 0 0 0 0 0 0 0 0 0 0 0 0 0 0 0 0 0 0 0 0 0 0 0 0 0 0 0 0 0 0 0 0 0 0 0 0 0 0 0 0 0 0 0 0 0 0 0 0 0 0 0 0 0 0 0 0 0 0 0 0 0 0 0 0 0 0 0 0 0 0 0 0 0 0 0 0 0 0 0 0 0 0 0 0 0 0 0 0 0 0 0 0 0 0 0 0 0 0 0 0 0 0 0 0 0 0 0 0 0 0 0 0 0 0 0 0 0 0 0 0 0 0 0 0 0 0 0 0 0 0 0 0 0 0 0 0 0 0 0 0 0 0 0 0 0 0 0 0 0 0 0 0 0 0 0 0 0 0 0 0 0 0 0 0 0
 0 0 0 0 0 0 0 0 0 0 0 0 0 0 0 0 0 0 0 0 0 0 0 0 0 0 0 0 0 0 0 0 0 0 0 0 0 0 0 0 0 0 0 0 0 0 0 0 0 0 0 0 0 0 0 0 0 0 0 0 0 0 0 0 0 0 0 0 0 0 0 0 0 0 0 0 0 0 0 0 0 0 0 0 0 0 0 0 0 0 0 0 0 0 0 0 0 0 0 0 0 0 0 0 0 0 0 0 0 0 0 0 0 0 0 0 0 0 0 0 0 0 0 0 0 0 0 0 0 0 0 0 0 0 0 0 0 0 0 0 0 0 0 0 0 0 0 0 0 0 0 0 0 0 0 0 0 0 0 0 0 0 0 0 0 0 0 0 0 0 0 0 0 0 0 0 0 0 0 0 0 0 0 0 0 0 0 0 0 0 0 0 0 0 0 0 0 0 0 0 0 0 0 0 0 0 0 0 0 0 0 0 0 0 0 0 0 0 0 0 0 0 0 0 0 0 0 0 0 0 0 0 0 0 0 0 0 0 0 0 0 0 0 0 0 0 0 0 0 0 0 0 0 0 0 0 0 0 0 0 0 0 0 0 0 0 0 0 0 0 0 0 0 0 0 0 0 0 0 0 0 0 0 0 0 0 0 0 0 0 0 0 0 0 0 0 0 0 0 0 0 0 0 0 0 0 0 0 0 0 0 0 0 0 0 0 0 0 0 0 0 0 0 0 0 0 0 0 0 0 0 0 0 0 0 0 0 0 0 0 0 0 0 0 0 0 0 0 0 0 0 0 0 0 0 0 0 0 0 0 0 0 0 0 0 0 0 0 0 0 0 0 0 0 0 0 0 0 0 0 0 0 0 0 0 0 0 0 0 0 0 0 0 0 0 0 0 0 0 0 0 0 0 0 0 0 0 0 0 0 0 0 0 0 0 0 0 0 0 0 0 0 0 0 0 0 0 0 0 0 0 0 0 0 0 0 0 0 0 0 0 0 0 0 0 0 0 0 0 0 0 0 0 0 0 0 0 0 0 0 0 0 0 0 0 0 0 0 0 0 0 0 0 0 0 0 0 0 0 0 0 0 0 0 0 0 0 0 0 0 0 0 0 0 0 0 0 0 0 0 0 0 0 0 0 0 0 0 0 0 0 0 0 0 0 0 0 0 0 0 0 0 0 0 0 0 0 0 0 0 0 0 0 0 0 0 0 0 0 0 0 0 0 0 0 0 0 0 0 0 0 0 0 0 0 0 0 0 0 0 0 0 0 0 0 0 0 0 0 0 0 0 0 0 0 0 0 0 0 0 0 0 0 0 0 0 0 0 0 0 0 0 0 0 0 0 0 0 0 0
 0 0 0 0 0 0 0 0 0 0 0 0 0 0 0 0 0 0 0 0 0 0 0 0 0 0 0 0 0 0 0 0 0 0 0 0 0 0 0 0 0 0 0 0 0 0 0 0 0 0 0 0 0 0 0 0 0 0 0 0 0 0 0 0 0 0 0 0 0 0 0 0 0 0 0 0 0 0 0 0 0 0 0 0 0 0 0 0 0 0 0 0 0 0 0 0 0 0 0 0 0 0 0 0 0 0 0 0 0 0 0 0 0 0 0 0 0 0 0 0 0 0 0 0 0 0 0 0 0 0 0 0 0 0 0 0 0 0 0 0 0 0 0 0 0 0 0 0 0 0 0 0 0 0 0 0 0 0 0 0 0 0 0 0 0 0 0 0 0 0 0 0 0 0 0 0 0 0 0 0 0 0 0 0 0 0 0 0 0 0 0 0 0 0 0 0 0 0 0 0 0 0 0 0 0 0 0 0 0 0 0 0 0 0 0 0 0 0 0 0 0 0 0 0 0 0 0 0 0 0 0 0 0 0 0 0 0 0 0 0 0 0 0 0 0 0 0 0 0 0 0 0 0 0 0 0 0 0 0 0 0 0 0 0 0 0 0 0 0 0 0 0 0 0 0 0 0 0 0 0 0 0 0 0 0 0 0 0 0 0 0 0 0 0 0 0 0 0 0 0 0 0 0 0 0 0 0 0 0 0 0 0 0 0 0 0 0 0 0 0 0 0 0 0 0 0 0 0 0 0 0 0 0 0 0 0 0 0 0 0 0 0 0 0 0 0 0 0 0 0 0 0 0 0 0 0 0 0 0 0 0 0 0 0 0 0 0 0 0 0 0 0 0 0 0 0 0 0 0 0 0 0 0 0 0 0 0 0 0 0 0 0 0 0 0 0 0 0 0 0 0 0 0 0 0 0 0 0 0 0 0 0 0 0 0 0 0 0 0 0 0 0 0 0 0 0 0 0 0 0 0 0 0 0 0 0 0 0 0 0 0 0 0 0 0 0 0 0 0 0 0 0 0 0 0 0 0 0 0 0 0 0 0 0 0 0 0 0 0 0 0 0 0 0 0 0 0 0 0 0 0 0 0 0 0 0 0 0 0 0 0 0 0 0 0 0 0 0 0 0 0 0 0 0 0 0 0 0 0 0 0 0 0 0 0 0 0 0 0 0 0 0 0 0 0 0 0 0 0 0 0 0 0 0 0 0 0 0 0 0 0 0 0 0 0 0 0 0 0 0 0 0 0 0 0 0 0 0 0 0 0 0 0 0 0 0 0 0 0 0 0 0 0 0 0 0 0 0 0 0 0 0 0 0 0 0 0 0 0 0 0 0 0 0 0 0 0 0 0 0
 0 0 0 0 0 0 0 0 0 0 0 0 0 0 0 0 0 0 0 0 0 0 0 0 0 0 0 0 0 0 0 0 0 0 0 0 0 0 0 0 0 0 0 0 0 0 0 0 0 0 0 0 0 0 0 0 0 0 0 0 0 0 0 0 0 0 0 0 0 0 0 0 0 0 0 0 0 0 0 0 0 0 0 0 0 0 0 0 0 0 0 0 0 0 0 0 0 0 0 0 0 0 0 0 0 0 0 0 0 0 0 0 0 0 0 0 0 0 0 0 0 0 0 0 0 0 0 0 0 0 0 0 0 0 0 0 0 0 0 0 0 0 0 0 0 0 0 0 0 0 0 0 0 0 0 0 0 0 0 0 0 0 0 0 0 0 0 0 0 0 0 0 0 0 0 0 0 0 0 0 0 0 0 0 0 0 0 0 0 0 0 0 0 0 0 0 0 0 0 0 0 0 0 0 0 0 0 0 0 0 0 0 0 0 0 0 0 0 0 0 0 0 0 0 0 0 0 0 0 0 0 0 0 0 0 0 0 0 0 0 0 0 0 0 0 0 0 0 0 0 0 0 0 0 0 0 0 0 0 0 0 0 0 0 0 0 0 0 0 0 0 0 0 0 0 0 0 0 0 0 0 0 0 0 0 0 0 0 0 0 0 0 0 0 0 0 0 0 0 0 0 0 0 0 0.0004557317297440022 0.001548865577206016 0.003288922132924199 0.005688492208719254 0.008775007911026478 0.01245572883635759 0.01673681661486626 0.02154404670000076 0.02690291404724121 0.03281543031334877 0.03921722620725632 0.04608074575662613 0.05331407114863396 0.06091941148042679 0.0688566192984581 0.07709819078445435 0.08557014912366867 0.09418216347694397 0.1029609888792038 0.1119493916630745 0.121186152100563 0.1306976974010468 0.1404664367437363 0.1504776775836945 0.1606539487838745 0.1709936261177063 0.1814641654491425 0.1920363157987595 0.2015253156423569 0.2081016451120377 0.2106238007545471 0.2082916051149368 0.2006005942821503 0.1905705630779266 0.1810420304536819 0.1719899326562881 0.1633904427289963 0.1552209258079529 0.1474598795175552 0.1400868892669678 0.1330825388431549 0.126428410410881 0.1201069876551628 0.1141016408801079 0.1083965599536896 0.1029767319560051 0.09782789647579193 0.09293650090694427 0.08828967809677124 0.08387519419193268 0.07968143373727798 0.07569736242294312 0.0719124972820282 0.06831686943769455 0.06490102410316467 0.06165597215294838 0.05857317522168159 0.05564451590180397 0.05286229029297829 0.05021917447447777 0.04770821705460548 0.04532280564308167 0.0430566668510437 0.04090383276343346 0.03885864093899727 0.03691570833325386 0.03506992384791374 0.03331642597913742 0.0316506028175354 0.03006807342171669 0.02856466919183731 0.02713643573224545 0.02577961422502995 0.02449063397943974 0.02326610311865807 0.02210279740393162 0.02099765837192535 0.01994777470827103 0.01895038597285748 0.01800286583602428 0.01710272207856178 0.01624758541584015 0.01543520577251911 0.01466344576328993 0.01393027324229479 0.01323375944048166 0.01257207151502371 0.01194346789270639 0.0113462945446372 0.01077897939831018 0.0102400304749608 0.009728029370307922 0.009241627529263496 0.008779546245932579 0.008340569213032722 0.007923540659248829 0.007527363486588001 0.007150995545089245 0.006793445907533169 0.006453773472458124 0.006131084635853767 0.005824530497193336 0.005533304065465927 0.005256638862192631 0.004993807058781385 0.004744116682559252 0.004506910685449839 0.004281565081328154 0.004067486617714167 0.003864112310111523 0.003670906648039818 0.003487361362203956 0.003312993329018354 0.003147343639284372 0.002989976434037089 0.002840477507561445 0.002698453608900309 0.002563531044870615 0.002435354515910149 0.002313586883246899 0.002197907539084554 0.002088012173771858 0.001983611611649394 0.001884430996142328 0.001790209440514445 0.001700698980130255 0.00161566399037838 0.00153488083742559 0.001458136830478907 0.001385229988954961 0.001315968460403383 0.001250170054845512 0.00118766154628247 0.001128278439864516 0.001071864506229758 0.001018271315842867 0.0009673577733337879 0.0009189898846670985 0.0008730404078960419 0.0008293883875012398 0.00078791897976771 0.0007485230453312397 0.0007110969163477421 0.0006755420472472906 0.0006417649565264583 0.0006096767028793693 0.0005791928851976991 0.000550233235117048 0.0005227215588092804 0.0004965855041518807 0.0004717562405858189 0.0004481684300117195 0.0004257599939592183 0.0004044719971716404 0.0003842483856715262 0.0003650359576568007 0.0003467841597739607 0.000329444941598922 0.000312972697429359 0.000297324062557891 0.0002824578550644219 0.0002683349594008178 0.0002549182099755853 0.0002421723038423806 0.000230063684284687 0.0002185604971600696 0.0002076324744848534 0.000197250847122632 0.0001873883011285216 0.0001780188904376701 0.0001691179495537654 0.0001606620498932898 0.0001526289415778592 0.000144997495226562 0.0001377476146444678 0.0001308602368226275 0.0001243172300746664 0.0001181013649329543 0.0001121962995966896 0.0001065864853444509 0.000101257159258239 9.619430056773126e-05 9.138458699453622e-05 8.681535837240517e-05 8.247458754340187e-05 7.835085853002965e-05 7.443331560352817e-05 7.071164873195812e-05 6.717606447637081e-05 6.381726416293532e-05 6.062640022719279e-05 5.759507985203527e-05 5.47153249499388e-05 5.197955761104822e-05 4.938057827530429e-05 4.691154754254967e-05 4.456597162061371e-05 4.233767322148196e-05 4.02207879233174e-05 3.820974961854517e-05 3.629926141002215e-05 3.448429924901575e-05 3.276008283137344e-05 3.112207923550159e-05 2.956597563752439e-05 2.808767749229446e-05 2.668329398147762e-05 2.534912891860586e-05 2.408167165413033e-05 2.287758798047435e-05 2.173370921809692e-05 2.064702312054578e-05 1.961467205546796e-05 1.863393845269457e-05 1.770224116626196e-05 1.681712819845416e-05 1.597627124283463e-05 1.517745749879396e-05 1.441858421458164e-05 1.36976550493273e-05 1.301277188758831e-05 1.236213302036049e-05 1.174402677861508e-05 1.115682516683592e-05 1.059898386301938e-05 1.006903494271683e-05 9.56558324105572e-06 9.087303624255583e-06 8.632938261143863e-06 8.20129116618773e-06 7.791226380504668e-06 7.401665243378375e-06 7.031581844785251e-06 6.680002570647048e-06 6.346002464852063e-06 6.028702500771033e-06 5.727267307520378e-06 5.440903805720154e-06 5.168858479009941e-06 4.910415555059444e-06 4.664894731831737e-06 4.43164981334121e-06 4.210067345411517e-06 3.999563887191471e-06 3.799585783781367e-06 3.60960643774888e-06 3.429126081755385e-06 3.25766973219288e-06 3.094786279689288e-06 2.940046897492721e-06 2.793044586724136e-06 2.653392357387929e-06 2.520722773624584e-06 2.39468658946862e-06 2.27495229410124e-06 2.161204747608281e-06 2.053144498859183e-06 1.950487330759643e-06 1.852963009696396e-06 1.760314830789866e-06 1.67229904945998e-06 1.588684085618297e-06 1.509249841546989e-06 1.433787360838323e-06 1.3620980325868e-06 1.293993136641802e-06 1.22929350254708e-06 0.0001371292310068384 0.0004736424889415503 0.0009914465481415391 0.001662778435274959 0.002479414455592632 0.00343786459416151 0.004532478284090757 0.005741700995713472 0.007058571558445692 0.008482391946017742 0.01000498421490192 0.01161861978471279 0.01332032028585672 0.0151154063642025 0.01700233668088913 0.01896526850759983 0.02100616879761219 0.02309082075953484 0.02521209791302681 0.02736003324389458 0.02952085994184017 0.03169530630111694 0.03389079496264458 0.03611110523343086 0.03835440427064896 0.04060838371515274 0.04286372289061546 0.04512422904372215 0.04738974198698997
 0 0 0 0 0 0 0 0 0 0 0 0 0 0 0 0 0 0 0 0 0 0 0 0 0 0 0 0 0 0 0 0 0 0 0 0 0 0 0 0 0 0 0 0 0 0 0 0 0 0 0 0 0 0 0 0 0 0 0 0 0 0 0 0 0 0 0 0 0 0 0 0 0 0 0 0 0 0 0 0 0 0 0 0 0 0 0 0 0 0 0 0 0 0 0 0 0 0 0 0 0 0 0 0 0 0 0 0 0 0 0 0 0 0 0 0 0 0 0 0 0 0 0 0 0 0 0 0 0 0 0 0 0 0 0 0 0 0 0 0 0 0 0 0 0 0 0 0 0 0 0 0 0 0 0 0 0 0 0 0 0 0 0 0 0 0 0 0 0 0 0 0 0 0 0 0 0 0 0 0 0 0 0 0 0 0 0 0 0 0 0 0 0 0 0 0 0 0 0 0 0 0 0 0 0 0 0 0 0 0 0 0 0 0 0 0 0 0 0 0 0 0 0 0 0 0 0 0 0 0 0 0 0 0 0 0 0 0 0 0 0 0 0 0 0 0 0 0 0 0 0 0 0 0 0 0 0 0 0 0 0 0 0 0 0 0 0 0 0 0 0 0 0 0 0 0 0 0 0 0 0 0 0 0 0 0 0 0 0 0 0 0 0 0 0 0 0 0 0 0 0 0 0 0 0 0 0 0 0 0 0 0 0 0 0 0 0 0 0 0 0 0 0 0 0 0 0 0 0 0 0 0 0 0 0 0 0 0 0 0 0 0 0 0 0 0 0 0 0 0 0 0 0 0 0 0 0 0 0 0 0 0 0 0 0 0 0 0 0 0 0 0 0 0 0 0 0 0 0 0 0 0 0 0 0 0 0 0 0 0 0 0 0 0 0 0 0 0 0 0 0 0 0 0 0 0 0 0 0 0 0 0 0 0 0 0 0 0 0 0 0 0 0 0 0 0 0 0 0 0 0 0 0 0 0 0 0 0 0 0 0 0 0 0 0 0 0 0 0 0 0 0 0 0 0 0 0 0 0 0 0 0 0 0 0 0 0 0 0 0 0 0 0 0 0 0 0 0 0 0 0 0 0 0 0 0 0 0 0 0 0 0 0 0 0 0 0 0 0 0 0 0 0 0 0 0 0 0 0 0 0 0 0 0 0 0 0 0 0 0 0 0 0 0 0 0 0 0 0 0 0 0 0 0 0 0 0 0 0 0 0 0 0 0 0 0 0 0 0 0 0 0 0 0 0 0 0 0 0 0 0 0 0 0 0 0 0 0 0 0 0 0 0 0 0 0 0 0 0 0 0 0 0 0 0 0 0 0 0 0 0 0 0 0 0 0 0 0 0 0
 0 0 0 0 0 0 0 0 0 0 0 0 0 0 0 0 0 0 0 0 0 0 0 0 0 0 0 0 0 0 0 0 0 0 0 0 0 0 0 0 0 0 0 0 0 0 0 0 0 0 0 0 0 0 0 0 0 0 0 0 0 0 0 0 0 0 0 0 0 0 0 0 0 0 0 0 0 0 0 0 0 0 0 0 0 0 0 0 0 0 0 0 0 0 0 0 0 0 0 0 0 0 0 0 0 0 0 0 0 0 0 0 0 0 0 0 0 0 0 0 0 0 0 0 0 0 0 0 0 0 0 0 0 0 0 0 0 0 0 0 0 0 0 0 0 0 0 0 0 0 0 0 0 0 0 0 0 0 0 0 0 0 0 0 0 0 0 0 0 0 0 0 0 0 0 0 0 0 0 0 0 0 0 0 0 0 0 0 0 0 0 0 0 0 0 0 0 0 0 0 0 0 0 0 0 0 0 0 0 0 0 0 0 0 0 0 0 0 0 0 0 0 0 0 0 0 0 0 0 0 0 0 0 0 0 0 0 0 0 0 0 0 0 0 0 0 0 0 0 0 0 0 0 0 0 0 0 0 0 0 0 0 0 0 0 0 0 0 0 0 0 0 0 0 0 0 0 0 0 0 0 0 0 0 0 0 0 0 0 0 0 0 0 0 0 0 0 0 0 0 0 0 0 0 0 0 0 0 0 0 0 0 0 0 0 0 0 0 0 0 0 0 0 0 0 0 0 0 0 0 0 0 0 0 0 0 0 0 0 0 0 0 0 0 0 0 0 0 0 0 0 0 0 0 0 0 0 0 0 0 0 0 0 0 0 0 0 0 0 0 0 0 0 0 0 0 0 0 0 0 0 0 0 0 0 0 0 0 0 0 0 0 0 0 0 0 0 0 0 0 0 0 0 0 0 0 0 0 0 0 0 0 0 0 0 0 0 0 0 0 0 0 0 0 0 0 0 0 0 0 0 0 0 0 0 0 0 0 0 0 0 0 0 0 0 0 0 0 0 0 0 0 0 0 0 0 0 0 0 0 0 0 0 0 0 0 0 0 0 0 0 0 0 0 0 0 0 0 0 0 0 0 0 0 0 0 0 0 0 0 0 0 0 0 0 0 0 0 0 0 0 0 0 0 0 0 0 0 0 0 0 0 0 0 0 0 0 0 0 0 0 0 0 0 0 0 0 0 0 0 0 0 0 0 0 0 0 0 0 0 0 0 0 0 0 0 0 0 0 0 0 0 0 0 0 0 0 0 0 0 0 0 0 0 0 0 0 0 0 0 0 0 0 0 0 0 0 0 0 0 0 0 0 0 0 0 0 0 0 0 0 0 0 0 0 0 0 0 0 0
 0 0 0 0 0 0 0 0 0 0 0 0 0 0 0 0 0 0 0 0 0 0 0 0 0 0 0 0 0 0 0 0 0 0 0 0 0 0 0 0 0 0 0 0 0 0 0 0 0 0 0 0 0 0 0 0 0 0 0 0 0 0 0 0 0 0 0 0 0 0 0 0 0 0 0 0 0 0 0 0 0 0 0 0 0 0 0 0 0 0 0 0 0 0 0 0 0 0 0 0 0 0 0 0 0 0 0 0 0 0 0 0 0 0 0 0 0 0 0 0 0 0 0 0 0 0 0 0 0 0 0 0 0 0 0 0 0 0 0 0 0 0 0 0 0 0 0 0 0 0 0 0 0 0 0 0 0 0 0 0 0 0 0 0 0 0 0 0 0 0 0 0 0 0 0 0 0 0 0 0 0 0 0 0 0 0 0 0 0 0 0 0 0 0 0 0 0 0 0 0 0 0 0 0 0 0 0 0 0 0 0 0 0 0 0 0 0 0 0 0 0 0 0 0 0 0 0 0 0 0 0 0 0 0 0 0 0 0 0 0 0 0 0 0 0 0 0 0 0 0 0 0 0 0 0 0 0 0 0 0 0 0 0 0 0 0 0 0 0 0 0 0 0 0 0 0 0 0 0 0 0 0 0 0 0 0 0 0 0 0 0 0 0 0 0 0 0 0 0 0 0 0 0 0 0 0 0 0 0 0 0 0 0 0 0 0 0 0 0 0 0 0 0 0 0 0 0 0 0 0 0 0 0 0 0 0 0 0 0 0 0 0 0 0 0 0 0 0 0 0 0 0 0 0 0 0 0 0 0 0 0 0 0 0 0 0 0 0 0 0 0 0 0 0 0 0 0 0 0 0 0 0 0 0 0 0 0 0 0 0 0 0 0 0 0 0 0 0 0 0 0 0 0 0 0 0 0 0 0 0 0 0 0 0 0 0 0 0 0 0 0 0 0 0 0 0 0 0 0 0 0 0 0 0 0 0 0 0 0 0 0 0 0 0 0 0 0 0 0 0 0 0 0 0 0 0 0 0 0 0 0 0 0 0 0 0 0 0 0 0 0 0 0 0 0 0 0 0 0 0 0 0 0 0 0 0 0 0 0 0 0 0 0 0 0 0 0 0 0 0 0 0 0 0 0 0 0 0 0 0 0 0 0 0 0 0 0 0 0 0 0 0 0 0 0 0 0 0 0 0 0 0 0 0 0 0 0 0 0 0 0 0 0 0 0 0 0 0 0 0 0 0 0 0 0 0 0 0 0 0 0 0 0 0 0 0 0 0 0 0 0 0 0 0 0 0 0 0 0 0 0 0 0 0 0 0 0 0 0 0 0 0 0 0 0 0 0 0 0 0
 0 0 0 0 0 0 0 0 0 0 0 0 0 0 0 0 0 0 0 0 0 0 0 0 0 0 0 0 0 0 0 0 0 0 0 0 0 0 0 0 0 0 0 0 0 0 0 0 0 0 0 0 0 0 0 0 0 0 0 0 0 0 0 0 0 0 0 0 0 0 0 0 0 0 0 0 0 0 0 0 0 0 0 0 0 0 0 0 0 0 0 0 0 0 0 0 0 0 0 0 0 0 0 0 0 0 0 0 0 0 0 0 0 0 0 0 0 0 0 0 0 0 0 0 0 0 0 0 0 0 0 0 0 0 0 0 0 0 0 0 0 0 0 0 0 0 0 0 0 0 0 0 0 0 0 0 0 0 0 0 0 0 0 0 0 0 0 0 0 0 0 0 0 0 0 0 0 0 0 0 0 0 0 0 0 0 0 0 0 0 0 0 0 0 0 0 0 0 0 0 0 0 0 0 0 0 0 0 0 0 0 0 0 0 0 0 0 0 0 0 0 0 0 0 0 0 0 0 0 0 0 0 0 0 0 0 0 0 0 0 0 0 0 0 0 0 0 0 0 0 0 0 0 0 0 0 0 0 0 0 0 0 0 0 0 0 0 0 0 0 0 0 0 0 0 0 0 0 0 0 0 0 0 0 0 0 0 0 0 0 0 0 0 0 0 0 0 0 0 0 0 0 0 0 0.000225754949497059 0.001064717071130872 0.002535214647650719 0.00465669808909297 0.00744279520586133 0.01087677478790283 0.0149375619366765 0.01951217278838158 0.02463959716260433 0.03033750131726265 0.03657384216785431 0.04327111318707466 0.05043408274650574 0.05798477679491043 0.06591343879699707 0.07418757677078247 0.08270282298326492 0.09144753962755203 0.1003880053758621 0.1095385253429413 0.1189436241984367 0.1286506056785583 0.1386880576610565 0.1489832103252411 0.1594480872154236 0.1701290905475616 0.1809374243021011 0.1918893605470657 0.2028100490570068 0.2114535719156265 0.2163878232240677 0.2166788130998611 0.2116116732358932 0.2010310888290405 0.190979540348053 0.1814305633306503 0.1723590344190598 0.1637410819530487 0.1555540263652802 0.1477763205766678 0.1403875052928925 0.1333681344985962 0.1266997307538986 0.1203647404909134 0.1143465042114258 0.1086291819810867 0.1031977236270905 0.09803783893585205 0.09313594549894333 0.08847914636135101 0.08405518531799316 0.07985242456197739 0.07585979998111725 0.07206681370735168 0.06846347451210022 0.06504029780626297 0.06178828328847885 0.058698870241642 0.05576392635703087 0.05297572910785675 0.05032694339752197 0.04781059548258781 0.04542006552219391 0.04314906150102615 0.04099160805344582 0.03894202783703804 0.03699492663145065 0.03514517843723297 0.0333879180252552 0.03171852231025696 0.03013259544968605 0.0286259651184082 0.02719466760754585 0.0258349347859621 0.02454318851232529 0.02331602945923805 0.02215022780001163 0.02104271575808525 0.0199905801564455 0.01899105124175549 0.01804149895906448 0.01713942363858223 0.0162824522703886 0.01546832919120789 0.01469491235911846 0.0139601668342948 0.01326215825974941 0.01259905006736517 0.01196909788995981 0.01137064304202795 0.01080211065709591 0.01026200503110886 0.009748904965817928 0.009261460043489933 0.00879838690161705 0.008358467370271683 0.007940543815493584 0.007543516810983419 0.007166340947151184 0.006808023899793625 0.006467622704803944 0.00614424142986536 0.005837029311805964 0.005545177962630987 0.005267919041216373 0.005004523321986198 0.004754296969622374 0.004516582004725933 0.004290753044188023 0.00407621543854475 0.003872404573485255 0.003678784240037203 0.003494845004752278 0.003320102812722325 0.003154097590595484 0.002996392780914903 0.002846573246642947 0.002704244572669268 0.002569032367318869 0.002440580632537603 0.00231855153106153 0.00220262398943305 0.002092492766678333 0.001987868221476674 0.001888474798761308 0.001794051029719412 0.001704348484054208 0.00161913107149303 0.001538174459710717 0.001461265725083649 0.001388202421367168 0.001318792346864939 0.001252852729521692 0.001190210110507905 0.001130699645727873 0.001074164640158415 0.001020456431433558 0.0009694336331449449 0.0009209619602188468 0.0008749138796702027 0.0008311682031489909 0.0007896097959019244 0.0007501292857341468 0.0007126228301785886 0.0006769917090423405 0.0006431421497836709 0.0006109850364737213 0.0005804357933811843 0.0005514139775186777 0.0005238432786427438 0.0004976511118002236 0.0004727685591205955 0.0004491301369853318 0.000426673621404916 0.0004053399316035211 0.0003850729262921959 0.0003658192872535437 0.0003475283156149089 0.0003301519027445465 0.0003136442974209785 0.0002979620767291635 0.0002830639714375138 0.0002689107786864042 0.0002554652455728501 0.0002426919818390161 0.0002305573871126398 0.0002190295199397951 0.0002080780395772308 0.0001976741332327947 0.0001877904287539423 0.0001784009073162451 0.0001694808597676456 0.0001610068138688803 0.0001529564760858193 0.0001453086588298902 0.0001380432222504169 0.0001311410596827045 0.0001245840103365481 0.0001183548083645292 0.0001124370683101006 0.0001068152123480104 0.0001014744484564289 9.640072676120326e-05 9.158068860415369e-05 8.700165199115872e-05 8.265156793640926e-05 7.851899135857821e-05 7.459304470103234e-05 7.086338882800192e-05 6.732021574862301e-05 6.395420496119186e-05 6.075649434933439e-05 5.771866926806979e-05 5.483273707795888e-05 5.209110167925246e-05 4.948654532199726e-05 4.701221769209951e-05 4.466160680749454e-05 4.242852810421027e-05 4.030710260849446e-05 3.829174602287821e-05 3.63771578122396e-05 3.45582993759308e-05 3.283038313384168e-05 3.118886525044218e-05 2.962942198792007e-05 2.814795152517036e-05 2.674055394891184e-05 2.54035257967189e-05 2.413334914308507e-05 2.292668250447605e-05 2.178034810640384e-05 2.069133006443735e-05 1.965676347026601e-05 1.867392529675271e-05 1.774022894096561e-05 1.685321694822051e-05 1.601055555511266e-05 1.521002741355915e-05 1.444952613383066e-05 1.37270499180886e-05 1.304069701291155e-05 1.23886620713165e-05 1.176922887680121e-05 1.118076761486009e-05 1.062172941601602e-05 1.009064271784155e-05 9.586110536474735e-06 9.106805009650998e-06 8.651464668218978e-06 8.218891707656439e-06 7.807947440596763e-06 7.41755002309219e-06 7.046672635624418e-06 6.694338935631095e-06 6.359622148011113e-06 6.041640972398454e-06 5.73955912841484e-06 5.452581262943568e-06 5.179952040634817e-06 4.920954324916238e-06 4.674906449508853e-06 4.441161308932351e-06 4.219103175273631e-06 4.008148152934154e-06 3.807740768024814e-06 3.617353740992257e-06 3.436486167629482e-06 3.264661927460111e-06 3.101428774243686e-06 2.946357426480972e-06 2.799039521050872e-06 2.659087613210431e-06 2.526133130231756e-06 2.399826371402014e-06 2.279835143781384e-06 2.165843397960998e-06 2.057551228062948e-06 1.954673734871903e-06 1.856940002653573e-06 1.764092985467869e-06 1.675888370300527e-06 1.592093894942082e-06 1.512489234301029e-06 1.43686474984861e-06 1.365021489618812e-06 1.296770392400504e-06 1.231931832990085e-06 1.170335281130974e-06 1.111818505705742e-06 0.0001221800484927371 0.0004512328305281699 0.0009611165151000023 0.001637129578739405 0.002465211320668459 0.003425917355343699 0.004507479257881641 0.005703060422092676 0.00700445519760251 0.008401479572057724 0.009893344715237617 0.01147873047739267 0.01315358839929104 0.01491781417280436 0.01676278188824654 0.0186753086745739 0.02065051719546318 0.02268514037132263 0.02477051876485348 0.02689267881214619 0.0290399044752121 0.03121694549918175 0.03342876955866814 0.03565575554966927 0.03789516165852547 0.04014765843749046
 0 0 0 0 0 0 0 0 0 0 0 0 0 0 0 0 0 0 0 0 0 0 0 0 0 0 0 0 0 0 0 0 0 0 0 0 0 0 0 0 0 0 0 0 0 0 0 0 0 0 0 0 0 0 0 0 0 0 0 0 0 0 0 0 0 0 0 0 0 0 0 0 0 0 0 0 0 0 0 0 0 0 0 0 0 0 0 0 0 0 0 0 0 0 0 0 0 0 0 0 0 0 0 0 0 0 0 0 0 0 0 0 0 0 0 0 0 0 0 0 0 0 0 0 0 0 0 0 0 0 0 0 0 0 0 0 0 0 0 0 0 0 0 0 0 0 0 0 0 0 0 0 0 0 0 0 0 0 0 0 0 0 0 0 0 0 0 0 0 0 0 0 0 0 0 0 0 0 0 0 0 0 0 0 0 0 0 0 0 0 0 0 0 0 0 0 0 0 0 0 0 0 0 0 0 0 0 0 0 0 0 0 0 0 0 0 0 0 0 0 0 0 0 0 0 0 0 0 0 0 0 0 0 0 0 0 0 0 0 0 0 0 0 0 0 0 0 0 0 0 0 0 0 0 0 0 0 0 0 0 0 0 0 0 0 0 0 0 0 0 0 0 0 0 0 0 0 0 0 0 0 0 0 0 0 0 0 0 0 0 0 0 0 0 0 0 0 0 0 0 0 0 0 0 0 0 0 0 0 0 0 0 0 0 0 0 0 0 0 0 0 0 0 0 0 0 0 0 0 0 0 0 0 0 0 0 0 0 0 0 0 0 0 0 0 0 0 0 0 0 0 0 0 0 0 0 0 0 0 0 0 0 0 0 0 0 0 0 0 0 0 0 0 0 0 0 0 0 0 0 0 0 0 0 0 0 0 0 0 0 0 0 0 0 0 0 0 0 0 0 0 0 0 0 0 0 0 0 0 0 0 0 0 0 0 0 0 0 0 0 0 0 0 0 0 0 0 0 0 0 0 0 0 0 0 0 0 0 0 0 0 0 0 0 0 0 0 0 0 0 0 0 0 0 0 0 0 0 0 0 0 0 0 0 0 0 0 0 0 0 0 0 0 0 0 0 0 0 0 0 0 0 0 0 0 0 0 0 0 0 0 0 0 0 0 0 0 0 0 0 0 0 0 0 0 0 0 0 0 0 0 0 0 0 0 0 0 0 0 0 0 0 0 0 0 0 0 0 0 0 0 0 0 0 0 0 0 0 0 0 0 0 0 0 0 0 0 0 0 0 0 0 0 0 0 0 0 0 0 0 0 0 0 0 0 0 0 0 0 0 0 0 0 0 0 0 0 0 0 0 0 0 0 0 0 0 0 0 0 0 0 0 0 0 0 0 0 0 0 0
 0 0 0 0 0 0 0 0 0 0 0 0 0 0 0 0 0 0 0 0 0 0 0 0 0 0 0 0 0 0 0 0 0 0 0 0 0 0 0 0 0 0 0 0 0 0 0 0 0 0 0 0 0 0 0 0 0 0 0 0 0 0 0 0 0 0 0 0 0 0 0 0 0 0 0 0 0 0 0 0 0 0 0 0 0 0 0 0 0 0 0 0 0 0 0 0 0 0 0 0 0 0 0 0 0 0 0 0 0 0 0 0 0 0 0 0 0 0 0 0 0 0 0 0 0 0 0 0 0 0 0 0 0 0 0 0 0 0 0 0 0 0 0 0 0 0 0 0 0 0 0 0 0 0 0 0 0 0 0 0 0 0 0 0 0 0 0 0 0 0 0 0 0 0 0 0 0 0 0 0 0 0 0 0 0 0 0 0 0 0 0 0 0 0 0 0 0 0 0 0 0 0 0 0 0 0 0 0 0 0 0 0 0 0 0 0 0 0 0 0 0 0 0 0 0 0 0 0 0 0 0 0 0 0 0 0 0 0 0 0 0 0 0 0 0 0 0 0 0 0 0 0 0 0 0 0 0 0 0 0 0 0 0 0 0 0 0 0 0 0 0 0 0 0 0 0 0 0 0 0 0 0 0 0 0 0 0 0 0 0 0 0 0 0 0 0 0 0 0 0 0 0 0 0 0 0 0 0 0 0 0 0 0 0 0 0 0 0 0 0 0 0 0 0 0 0 0 0 0 0 0 0 0 0 0 0 0 0 0 0 0 0 0 0 0 0 0 0 0 0 0 0 0 0 0 0 0 0 0 0 0 0 0 0 0 0 0 0 0 0 0 0 0 0 0 0 0 0 0 0 0 0 0 0 0 0 0 0 0 0 0 0 0 0 0 0 0 0 0 0 0 0 0 0 0 0 0 0 0 0 0 0 0 0 0 0 0 0 0 0 0 0 0 0 0 0 0 0 0 0 0 0 0 0 0 0 0 0 0 0 0 0 0 0 0 0 0 0 0 0 0 0 0 0 0 0 0 0 0 0 0 0 0 0 0 0 0 0 0 0 0 0 0 0 0 0 0 0 0 0 0 0 0 0 0 0 0 0 0 0 0 0 0 0 0 0 0 0 0 0 0 0 0 0 0 0 0 0 0 0 0 0 0 0 0 0 0 0 0 0 0 0 0 0 0 0 0 0 0 0 0 0 0 0 0 0 0 0 0 0 0 0 0 0 0 0 0 0 0 0 0 0 0 0 0 0 0 0 0 0 0 0 0 0 0 0 0 0 0 0 0 0 0 0 0 0 0 0 0 0 0 0 0 0 0 0 0 0 0 0 0 0 0 0 0 0 0 0 0 0
 0 0 0 0 0 0 0 0 0 0 0 0 0 0 0 0 0 0 0 0 0 0 0 0 0 0 0 0 0 0 0 0 0 0 0 0 0 0 0 0 0 0 0 0 0 0 0 0 0 0 0 0 0 0 0 0 0 0 0 0 0 0 0 0 0 0 0 0 0 0 0 0 0 0 0 0 0 0 0 0 0 0 0 0 0 0 0 0 0 0 0 0 0 0 0 0 0 0 0 0 0 0 0 0 0 0 0 0 0 0 0 0 0 0 0 0 0 0 0 0 0 0 0 0 0 0 0 0 0 0 0 0 0 0 0 0 0 0 0 0 0 0 0 0 0 0 0 0 0 0 0 0 0 0 0 0 0 0 0 0 0 0 0 0 0 0 0 0 0 0 0 0 0 0 0 0 0 0 0 0 0 0 0 0 0 0 0 0 0 0 0 0 0 0 0 0 0 0 0 0 0 0 0 0 0 0 0 0 0 0 0 0 0 0 0 0 0 0 0 0 0 0 0 0 0 0 0 0 0 0 0 0 0 0 0 0 0 0 0 0 0 0 0 0 0 0 0 0 0 0 0 0 0 0 0 0 0 0 0 0 0 0 0 0 0 0 0 0 0 0 0 0 0 0 0 0 0 0 0 0 0 0 0 0 0 0 0 0 0 0 0 0 0 0 0 0 0 0 0 0 0 0 0 0 0 0 0 0 0 0 0 0 0 0 0 0 0 0 0 0 0 0 0 0 0 0 0 0 0 0 0 0 0 0 0 0 0 0 0 0 0 0 0 0 0 0 0 0 0 0 0 0 0 0 0 0 0 0 0 0 0 0 0 0 0 0 0 0 0 0 0 0 0 0 0 0 0 0 0 0 0 0 0 0 0 0 0 0 0 0 0 0 0 0 0 0 0 0 0 0 0 0 0 0 0 0 0 0 0 0 0 0 0 0 0 0 0 0 0 0 0 0 0 0 0 0 0 0 0 0 0 0 0 0 0 0 0 0 0 0 0 0 0 0 0 0 0 0 0 0 0 0 0 0 0 0 0 0 0 0 0 0 0 0 0 0 0 0 0 0 0 0 0 0 0 0 0 0 0 0 0 0 0 0 0 0 0 0 0 0 0 0 0 0 0 0 0 0 0 0 0 0 0 0 0 0 0 0 0 0 0 0 0 0 0 0 0 0 0 0 0 0 0 0 0 0 0 0 0 0 0 0 0 0 0 0 0 0 0 0 0 0 0 0 0 0 0 0 0 0 0 0 0 0 0 0 0 0 0 0 0 0 0 0 0 0 0 0 0 0 0 0 0 0 0 0 0 0 0 0 0 0 0 0 0 0 0 0 0 0 0 0 0 0 0 0 0 0 0 0
 0 0 0 0 0 0 0 0 0 0 0 0 0 0 0 0 0 0 0 0 0 0 0 0 0 0 0 0 0 0 0 0 0 0 0 0 0 0 0 0 0 0 0 0 0 0 0 0 0 0 0 0 0 0 0 0 0 0 0 0 0 0 0 0 0 0 0 0 0 0 0 0 0 0 0 0 0 0 0 0 0 0 0 0 0 0 0 0 0 0 0 0 0 0 0 0 0 0 0 0 0 0 0 0 0 0 0 0 0 0 0 0 0 0 0 0 0 0 0 0 0 0 0 0 0 0 0 0 0 0 0 0 0 0 0 0 0 0 0 0 0 0 0 0 0 0 0 0 0 0 0 0 0 0 0 0 0 0 0 0 0 0 0 0 0 0 0 0 0 0 0 0 0 0 0 0 0 0 0 0 0 0 0 0 0 0 0 0 0 0 0 0 0 0 0 0 0 0 0 0 0 0 0 0 0 0 0 0 0 0 0 0 0 0 0 0 0 0 0 0 0 0 0 0 0 0 0 0 0 0 0 0 0 0 0 0 0 0 0 0 0 0 0 0 0 0 0 0 0 0 0 0 0 0 0 0 0 0 0 0 0 0 0 0 0 0 0 0 0 0 0 0 0 0 0 0 0 0 0 0 0 0 0 0 0 0 0 0 0 0 0 0 0 0 0 0 0 0 0 0 0 0.0001937180932145566 0.001013728673569858 0.002487942110747099 0.00461813248693943 0.007421733811497688 0.01084789354354143 0.01487980037927628 0.01944295689463615 0.02455318532884121 0.03023838810622692 0.03643932938575745 0.04314309731125832 0.05028658360242844 0.05783307552337646 0.06576518714427948 0.07406366616487503 0.08266738057136536 0.09142876416444778 0.1003451123833656 0.1094881892204285 0.118885301053524 0.12855264544487 0.1384982466697693 0.1487289518117905 0.1591693907976151 0.1697979271411896 0.1805477291345596 0.1914112865924835 0.2022731751203537 0.2109286040067673 0.2159209996461868 0.2161811888217926 0.2110846489667892 0.2005304098129272 0.1905038952827454 0.1809787005186081 0.1719297617673874 0.1633332669734955 0.1551665961742401 0.1474082618951797 0.1400378495454788 0.1330359578132629 0.1263841539621353 0.1200649440288544 0.1140616983175278 0.1083586141467094 0.1029406860470772 0.09779365360736847 0.09290397167205811 0.0882587730884552 0.0838458314538002 0.0796535387635231 0.07567086070775986 0.0718873143196106 0.06829294562339783 0.06487829983234406 0.06163438409566879 0.05855266377329826 0.05562502890825272 0.05284377932548523 0.05020159110426903 0.04769151285290718 0.04530693590641022 0.04304159060120583 0.04088951274752617 0.03884503617882729 0.0369027853012085 0.03505764529109001 0.03330476209521294 0.03163952380418777 0.03005754761397839 0.02855467051267624 0.02712693624198437 0.02577058970928192 0.02448206022381783 0.02325795777142048 0.02209505997598171 0.02099030651152134 0.01994079165160656 0.01894375123083591 0.01799656450748444 0.01709673553705215 0.01624189876019955 0.01542980410158634 0.0146583141759038 0.01392539869993925 0.01322912890464067 0.0125676728785038 0.01193928904831409 0.01134232431650162 0.01077520847320557 0.01023644767701626 0.009724625386297703 0.009238393977284431 0.008776474744081497 0.008337651379406452 0.007920769043266773 0.007524730637669563 0.007148494012653828 0.00679106917232275 0.006451515480875969 0.006128939799964428 0.005822492763400078 0.005531368311494589 0.005254799965769053 0.004992059897631407 0.004742457065731287 0.004505334421992302 0.004280067514628172 0.004066064022481441 0.003862760728225112 0.003669622587040067 0.003486141562461853 0.003311834530904889 0.003146242816001177 0.00298893079161644 0.002839484252035618 0.002697509946301579 0.002562634414061904 0.002434502588585019 0.002312777563929558 0.002197138732299209 0.002087281784042716 0.001982917776331306 0.001883771852590144 0.001789583242498338 0.00170010409783572 0.001615098910406232 0.001534343929961324 0.001457626698538661 0.001384745351970196 0.001315508037805557 0.001249732682481408 0.00118724605999887 0.001127883791923523 0.001071489648893476 0.001017915201373398 0.0009670194704085588 0.0009186685201711953 0.0008727351087145507 0.000829098338726908 0.0007876434247009456 0.0007482612272724509 0.0007108481368049979 0.0006753057241439819 0.000641540449578315 0.0006094634300097823 0.0005789902643300593 0.0005500407423824072 0.0005225387285463512 0.000496411812491715 0.0004715912218671292 0.000448011647677049 0.0004256110696587712 0.0004043305234517902 0.000384113984182477 0.0003649082791525871 0.000346662855008617 0.0003293297195341438 0.0003128632379230112 0.0002972200745716691 0.0002823590766638517 0.0002682411286514252 0.0002548290649428964 0.0002420876116957515 0.0002299832267453894 0.0002184840705012903 0.0002075598604278639 0.0001971818710444495 0.0001873227738542482 0.0001779566373443231 0.0001690588105702773 0.0001606058649485931 0.0001525755651528016 0.0001449467818019912 0.0001376994478050619 0.0001308144710492343 0.0001242737489519641 0.0001180600593215786 0.0001121570530813187 0.0001065492033376358 0.0001012217398965731 9.616065653972328e-05 9.135262371273711e-05 8.678499580128118e-05 8.244574564741924e-05 7.832345727365464e-05 7.440728222718462e-05 7.068691775202751e-05 6.715257040923461e-05 6.3794941524975e-05 6.060519444872625e-05 5.75749363633804e-05 5.46961891814135e-05 5.196137863094918e-05 4.936330878990702e-05 4.689514389610849e-05 4.455038651940413e-05 4.23228666477371e-05 4.020672349724919e-05 3.819638732238673e-05 3.628656850196421e-05 3.447223934927024e-05 3.274862683610991e-05 3.111119440291077e-05 2.955563468276523e-05 2.807785313052591e-05 2.667396074684802e-05 2.534026316425297e-05 2.407324973319191e-05 2.286958806507755e-05 2.17261094803689e-05 2.063980355160311e-05 1.960781264642719e-05 1.862742283265106e-05 1.769605114532169e-05 1.68112492247019e-05 1.597068694536574e-05 1.517215241619851e-05 1.441354470443912e-05 1.369286746921716e-05 1.300822441407945e-05 1.235781292052707e-05 1.173992222902598e-05 1.115292616304941e-05 1.059527949109906e-05 1.006551519822096e-05 9.5622390290373e-06 9.08412675926229e-06 8.629920557723381e-06 8.198424438887741e-06 7.78850335336756e-06 7.399078185699182e-06 7.02912439010106e-06 6.677668352494948e-06 6.343785116769141e-06 6.026595656294376e-06 5.725265964429127e-06 5.439002507046098e-06 5.16705222253222e-06 4.90869979330455e-06 4.66326491732616e-06 4.430101853358792e-06 4.20859669247875e-06 3.998166903329547e-06 3.798258603637805e-06 3.608345650718547e-06 3.42792827723315e-06 3.256531954320963e-06 3.093705345236231e-06 2.939020077974419e-06 2.792069153656485e-06 2.652465809660498e-06 2.519842610126943e-06 2.393850536464015e-06 2.274158077852917e-06 2.160450094379485e-06 2.05242758966051e-06 1.949806119228015e-06 1.852315790529246e-06 1.759700012371468e-06 1.671715040174604e-06 1.588129293850216e-06 1.508722789367312e-06 1.433286684004997e-06 1.361622366857773e-06 1.293541231461859e-06 1.228864221047843e-06 1.167421032732818e-06 0.0001056269902619533 0.0004002622736152261 0.000870371179189533 0.001502040540799499 0.002282017609104514 0.003192625707015395 0.004221776966005564 0.005368718411773443 0.006622624583542347 0.007971783168613911 0.00940343551337719 0.01091528218239546 0.01251011341810226 0.01418934669345617 0.01595764979720116 0.01781342178583145 0.01975064165890217 0.02175853215157986 0.02379976026713848 0.02585672959685326 0.02793337777256966 0.03003525733947754 0.03214514255523682 0.03426143527030945 0.03638337180018425 0.03850635141134262 0.04063541069626808 0.04277423396706581 0.04492621868848801 0.04709706082940102
 0 0 0 0 0 0 0 0 0 0 0 0 0 0 0 0 0 0 0 0 0 0 0 0 0 0 0 0 0 0 0 0 0 0 0 0 0 0 0 0 0 0 0 0 0 0 0 0 0 0 0 0 0 0 0 0 0 0 0 0 0 0 0 0 0 0 0 0 0 0 0 0 0 0 0 0 0 0 0 0 0 0 0 0 0 0 0 0 0 0 0 0 0 0 0 0 0 0 0 0 0 0 0 0 0 0 0 0 0 0 0 0 0 0 0 0 0 0 0 0 0 0 0 0 0 0 0 0 0 0 0 0 0 0 0 0 0 0 0 0 0 0 0 0 0 0 0 0 0 0 0 0 0 0 0 0 0 0 0 0 0 0 0 0 0 0 0 0 0 0 0 0 0 0 0 0 0 0 0 0 0 0 0 0 0 0 0 0 0 0 0 0 0 0 0 0 0 0 0 0 0 0 0 0 0 0 0 0 0 0 0 0 0 0 0 0 0 0 0 0 0 0 0 0 0 0 0 0 0 0 0 0 0 0 0 0 0 0 0 0 0 0 0 0 0 0 0 0 0 0 0 0 0 0 0 0 0 0 0 0 0 0 0 0 0 0 0 0 0 0 0 0 0 0 0 0 0 0 0 0 0 0 0 0 0 0 0 0 0 0 0 0 0 0 0 0 0 0 0 0 0 0 0 0 0 0 0 0 0 0 0 0 0 0 0 0 0 0 0 0 0 0 0 0 0 0 0 0 0 0 0 0 0 0 0 0 0 0 0 0 0 0 0 0 0 0 0 0 0 0 0 0 0 0 0 0 0 0 0 0 0 0 0 0 0 0 0 0 0 0 0 0 0 0 0 0 0 0 0 0 0 0 0 0 0 0 0 0 0 0 0 0 0 0 0 0 0 0 0 0 0 0 0 0 0 0 0 0 0 0 0 0 0 0 0 0 0 0 0 0 0 0 0 0 0 0 0 0 0 0 0 0 0 0 0 0 0 0 0 0 0 0 0 0 0 0 0 0 0 0 0 0 0 0 0 0 0 0 0 0 0 0 0 0 0 0 0 0 0 0 0 0 0 0 0 0 0 0 0 0 0 0 0 0 0 0 0 0 0 0 0 0 0 0 0 0 0 0 0 0 0 0 0 0 0 0 0 0 0 0 0 0 0 0 0 0 0 0 0 0 0 0 0 0 0 0 0 0 0 0 0 0 0 0 0 0 0 0 0 0 0 0 0 0 0 0 0 0 0 0 0 0 0 0 0 0 0 0 0 0 0 0 0 0 0 0 0 0 0 0 0 0 0 0 0 0 0 0 0 0 0 0 0 0 0 0 0 0 0 0 0 0 0 0 0 0 0 0 0 0
 0 0 0 0 0 0 0 0 0 0 0 0 0 0 0 0 0 0 0 0 0 0 0 0 0 0 0 0 0 0 0 0 0 0 0 0 0 0 0 0 0 0 0 0 0 0 0 0 0 0 0 0 0 0 0 0 0 0 0 0 0 0 0 0 0 0 0 0 0 0 0 0 0 0 0 0 0 0 0 0 0 0 0 0 0 0 0 0 0 0 0 0 0 0 0 0 0 0 0 0 0 0 0 0 0 0 0 0 0 0 0 0 0 0 0 0 0 0 0 0 0 0 0 0 0 0 0 0 0 0 0 0 0 0 0 0 0 0 0 0 0 0 0 0 0 0 0 0 0 0 0 0 0 0 0 0 0 0 0 0 0 0 0 0 0 0 0 0 0 0 0 0 0 0 0 0 0 0 0 0 0 0 0 0 0 0 0 0 0 0 0 0 0 0 0 0 0 0 0 0 0 0 0 0 0 0 0 0 0 0 0 0 0 0 0 0 0 0 0 0 0 0 0 0 0 0 0 0 0 0 0 0 0 0 0 0 0 0 0 0 0 0 0 0 0 0 0 0 0 0 0 0 0 0 0 0 0 0 0 0 0 0 0 0 0 0 0 0 0 0 0 0 0 0 0 0 0 0 0 0 0 0 0 0 0 0 0 0 0 0 0 0 0 0 0 0 0 0 0 0 0 0 0 0 0 0 0 0 0 0 0 0 0 0 0 0 0 0 0 0 0 0 0 0 0 0 0 0 0 0 0 0 0 0 0 0 0 0 0 0 0 0 0 0 0 0 0 0 0 0 0 0 0 0 0 0 0 0 0 0 0 0 0 0 0 0 0 0 0 0 0 0 0 0 0 0 0 0 0 0 0 0 0 0 0 0 0 0 0 0 0 0 0 0 0 0 0 0 0 0 0 0 0 0 0 0 0 0 0 0 0 0 0 0 0 0 0 0 0 0 0 0 0 0 0 0 0 0 0 0 0 0 0 0 0 0 0 0 0 0 0 0 0 0 0 0 0 0 0 0 0 0 0 0 0 0 0 0 0 0 0 0 0 0 0 0 0 0 0 0 0 0 0 0 0 0 0 0 0 0 0 0 0 0 0 0 0 0 0 0 0 0 0 0 0 0 0 0 0 0 0 0 0 0 0 0 0 0 0 0 0 0 0 0 0 0 0 0 0 0 0 0 0 0 0 0 0 0 0 0 0 0 0 0 0 0 0 0 0 0 0 0 0 0 0 0 0 0 0 0 0 0 0 0 0 0 0 0 0 0 0 0 0 0 0 0 0 0 0 0 0 0 0 0 0 0 0 0 0 0 0 0 0 0 0 0 0 0 0 0 0 0 0 0 0 0 0 0 0 0
 0 0 0 0 0 0 0 0 0 0 0 0 0 0 0 0 0 0 0 0 0 0 0 0 0 0 0 0 0 0 0 0 0 0 0 0 0 0 0 0 0 0 0 0 0 0 0 0 0 0 0 0 0 0 0 0 0 0 0 0 0 0 0 0 0 0 0 0 0 0 0 0 0 0 0 0 0 0 0 0 0 0 0 0 0 0 0 0 0 0 0 0 0 0 0 0 0 0 0 0 0 0 0 0 0 0 0 0 0 0 0 0 0 0 0 0 0 0 0 0 0 0 0 0 0 0 0 0 0 0 0 0 0 0 0 0 0 0 0 0 0 0 0 0 0 0 0 0 0 0 0 0 0 0 0 0 0 0 0 0 0 0 0 0 0 0 0 0 0 0 0 0 0 0 0 0 0 0 0 0 0 0 0 0 0 0 0 0 0 0 0 0 0 0 0 0 0 0 0 0 0 0 0 0 0 0 0 0 0 0 0 0 0 0 0 0 0 0 0 0 0 0 0 0 0 0 0 0 0 0 0 0 0 0 0 0 0 0 0 0 0 0 0 0 0 0 0 0 0 0 0 0 0 0 0 0 0 0 0 0 0 0 0 0 0 0 0 0 0 0 0 0 0 0 0 0 0 0 0 0 0 0 0 0 0 0 0 0 0 0 0 0 0 0 0 0 0 0 0 0 0 0 0 0 0 0 0 0 0 0 0 0 0 0 0 0 0 0 0 0 0 0 0 0 0 0 0 0 0 0 0 0 0 0 0 0 0 0 0 0 0 0 0 0 0 0 0 0 0 0 0 0 0 0 0 0 0 0 0 0 0 0 0 0 0 0 0 0 0 0 0 0 0 0 0 0 0 0 0 0 0 0 0 0 0 0 0 0 0 0 0 0 0 0 0 0 0 0 0 0 0 0 0 0 0 0 0 0 0 0 0 0 0 0 0 0 0 0 0 0 0 0 0 0 0 0 0 0 0 0 0 0 0 0 0 0 0 0 0 0 0 0 0 0 0 0 0 0 0 0 0 0 0 0 0 0 0 0 0 0 0 0 0 0 0 0 0 0 0 0 0 0 0 0 0 0 0 0 0 0 0 0 0 0 0 0 0 0 0 0 0 0 0 0 0 0 0 0 0 0 0 0 0 0 0 0 0 0 0 0 0 0 0 0 0 0 0 0 0 0 0 0 0 0 0 0 0 0 0 0 0 0 0 0 0 0 0 0 0 0 0 0 0 0 0 0 0 0 0 0 0 0 0 0 0 0 0 0 0 0 0 0 0 0 0 0 0 0 0 0 0 0 0 0 0 0 0 0 0 0 0 0 0 0 0 0 0 0 0 0 0 0 0 0 0 0 0 0 0 0
 0 0 0 0 0 0 0 0 0 0 0 0 0 0 0 0 0 0 0 0 0 0 0 0 0 0 0 0 0 0 0 0 0 0 0 0 0 0 0 0 0 0 0 0 0 0 0 0 0 0 0 0 0 0 0 0 0 0 0 0 0 0 0 0 0 0 0 0 0 0 0 0 0 0 0 0 0 0 0 0 0 0 0 0 0 0 0 0 0 0 0 0 0 0 0 0 0 0 0 0 0 0 0 0 0 0 0 0 0 0 0 0 0 0 0 0 0 0 0 0 0 0 0 0 0 0 0 0 0 0 0 0 0 0 0 0 0 0 0 0 0 0 0 0 0 0 0 0 0 0 0 0 0 0 0 0 0 0 0 0 0 0 0 0 0 0 0 0 0 0 0 0 0 0 0 0 0 0 0 0 0 0 0 0 0 0 0 0 0 0 0 0 0 0 0 0 0 0 0 0 0 0 0 0 0 0 0 0 0 0 0 0 0 0 0 0 0 0 0 0 0 0 0 0 0 0 0 0 0 0 0 0 0 0 0 0 0 0 0 0 0 0 0 0 0 0 0 0 0 0 0 0 0 0 0 0 0 0 0 0 0 0 0 0 0 0 0 0 0 0 0 0 0 0 0 0 0 0 0 0 0 0 0 0 0 0 0 0 0 0 0 0 0 0 0 0 0 0 0 0 4.051940413773991e-05 0.0006850054487586021 0.001970006618648767 0.003914115950465202 0.006532425992190838 0.009818225167691708 0.01370486337691545 0.01812367886304855 0.0230912696570158 0.02866304852068424 0.03484957665205002 0.04154499247670174 0.04867543280124664 0.05618786439299583 0.06407929211854935 0.07232747226953506 0.0808221697807312 0.08956091105937958 0.09851720929145813 0.1076931059360504 0.1171169802546501 0.1268241256475449 0.1368192881345749 0.1470524817705154 0.1574708670377731 0.1680399626493454 0.1787567287683487 0.1895514875650406 0.2004057317972183 0.2093412727117538 0.214806541800499 0.215751975774765 0.2115563899278641 0.2017639875411987 0.1916757822036743 0.1820919960737228 0.1729874014854431 0.1643380373716354 0.1561211347579956 0.1483150720596313 0.1408993154764175 0.1338543444871902 0.1271616220474243 0.1208035424351692 0.1147633641958237 0.1090251952409744 0.1035739332437515 0.09839523583650589 0.09347547590732574 0.08880170434713364 0.08436162024736404 0.08014354109764099 0.07613636553287506 0.07232955098152161 0.06871307641267776 0.06527741998434067 0.06201354786753654 0.05891286954283714 0.05596722662448883 0.05316886678338051 0.05051042512059212 0.04798490554094315 0.04558566212654114 0.0433063805103302 0.04114106297492981 0.03908400982618332 0.03712980821728706 0.03527331724762917 0.03350965306162834 0.03183417022228241 0.03024246171116829 0.02873033843934536 0.02729382179677486 0.02592913061380386 0.02463267371058464 0.02340104058384895 0.02223098836839199 0.02111943811178207 0.02006346546113491 0.01906029134988785 0.01810727640986443 0.01720191165804863 0.01634181663393974 0.01552472542971373 0.01474848948419094 0.01401106454432011 0.01331051159650087 0.01264498569071293 0.01201273687183857 0.01141209993511438 0.01084149535745382 0.01029942091554403 0.009784449823200703 0.009295227006077766 0.008830465376377106 0.00838894210755825 0.00796949490904808 0.007571020163595676 0.007192469201982021 0.006832845509052277 0.00649120332673192 0.006166642997413874 0.005858310963958502 0.005565395578742027 0.005287125706672668 0.005022769328206778 0.004771630745381117 0.004533049184828997 0.004306396935135126 0.004091077018529177 0.003886523190885782 0.003692197147756815 0.003507587360218167 0.003332207910716534 0.003165597561746836 0.00300731766037643 0.002856951672583818 0.002714104019105434 0.00257839891128242 0.002449478954076767 0.002327004913240671 0.002210654783993959 0.002100122161209583 0.001995116006582975 0.001895360182970762 0.001800592173822224 0.001710562617518008 0.001625034492462873 0.00154378276783973 0.001466593588702381 0.00139326392672956 0.001323600765317678 0.001257420750334859 0.001194549724459648 0.00113482226151973 0.001078081200830638 0.001024177181534469 0.0009729682933539152 0.0009243199019692838 0.0008781038923189044 0.0008341986685991287 0.0007924887468107045 0.0007528642890974879 0.0007152210455387831 0.0006794600049033761 0.000645486987195909 0.0006132126436568797 0.0005825519911013544 0.000553424411918968 0.0005257531884126365 0.0004994655027985573 0.0004744922334793955 0.0004507676349021494 0.0004282292502466589 0.0004068177950102836 0.0003864768950734288 0.0003671530575957149 0.0003487954090815037 0.000331355637172237 0.0003147878451272845 0.0002990484645124525 0.0002840960514731705 0.0002698912576306611 0.0002563966845627874 0.0002435768547002226 0.0002313980075996369 0.0002198280999436975 0.0002088366891257465 0.0001983948604902253 0.0001884751109173521 0.0001790513488231227 0.0001700987777439877 0.0001615938381291926 0.000153514149133116 0.0001458384358556941 0.0001385465147905052 0.000131619191961363 0.0001250382338184863 0.0001187863235827535 0.0001128470103139989 0.0001072046579793096 0.0001018444236251526 9.6752199169714e-05 9.191458957502618e-05 8.731886191526428e-05 8.29529162729159e-05 7.880527118686587e-05 7.486500544473529e-05 7.112175808288157e-05 6.756567017873749e-05 6.418738485081121e-05 6.097801451687701e-05 5.792911542812362e-05 5.50326585653238e-05 5.228102600085549e-05 4.966697451891378e-05 4.718362470157444e-05 4.482444273889996e-05 4.258322223904543e-05 4.045406240038574e-05 3.843136073555797e-05 3.650979124358855e-05 3.468430077191442e-05 3.295008718851022e-05 3.130258119199425e-05 2.973745176859666e-05 2.825057890731841e-05 2.683804996195249e-05 2.549614691815805e-05 2.422133911750279e-05 2.301027234352659e-05 2.185975790780503e-05 2.076677083096001e-05 1.972843165276572e-05 1.874201007012744e-05 1.780491038516629e-05 1.691466422926169e-05 1.606893056305125e-05 1.526548476249445e-05 1.450221043342026e-05 1.377710032102186e-05 1.308824539592024e-05 1.243383303517476e-05 1.181214156531496e-05 1.122153480537236e-05 1.066045842890162e-05 1.012743541650707e-05 9.62106332735857e-06 9.140009751718026e-06 8.68300958245527e-06 8.248858648585156e-06 7.836415534256957e-06 7.44459475754411e-06 7.072364951454801e-06 6.718746590195224e-06 6.382809260685463e-06 6.063668934075395e-06 5.760485692007933e-06 5.472461452882271e-06 5.198838152864482e-06 4.938896381645463e-06 4.691951744462131e-06 4.457353952602716e-06 4.234486368659418e-06 4.022761913802242e-06 3.821623977273703e-06 3.630542778410017e-06 3.449015594014782e-06 3.276564711995889e-06 3.112736521870829e-06 2.957099695777288e-06 2.809244733725791e-06 2.668782599357655e-06 2.535343355702935e-06 2.408576165180421e-06 2.288147243234562e-06 2.173739858335466e-06 2.065052967736847e-06 1.961800307981321e-06 1.863710281213571e-06 1.770524818311969e-06 1.681998583080713e-06 1.59789863118931e-06 1.518003728051553e-06 1.44210355301766e-06 1.369998358313751e-06 1.30149840060767e-06 1.236423486261629e-06 1.17460228921118e-06 1.115872123591544e-06 0.0001773078693076968 0.0005508305039256811 0.001112450147047639 0.001824653008952737 0.002673021052032709 0.003654436906799674 0.00476489495486021 0.00599180068820715 0.007317211478948593 0.008730890229344368 0.01023033913224936 0.0118131972849369 0.01348297297954559 0.01523736398667097 0.01707129925489426 0.01896776258945465 0.02092353813350201 0.02293480187654495 0.02499747276306152 0.02709449082612991 0.02922739088535309 0.0313735194504261 0.03352925926446915 0.03569861501455307 0.03788462281227112 0.04008852690458298 0.04231680929660797 0.04454999789595604 0.04678183794021606 0.04901150614023209
 0 0 0 0 0 0 0 0 0 0 0 0 0 0 0 0 0 0 0 0 0 0 0 0 0 0 0 0 0 0 0 0 0 0 0 0 0 0 0 0 0 0 0 0 0 0 0 0 0 0 0 0 0 0 0 0 0 0 0 0 0 0 0 0 0 0 0 0 0 0 0 0 0 0 0 0 0 0 0 0 0 0 0 0 0 0 0 0 0 0 0 0 0 0 0 0 0 0 0 0 0 0 0 0 0 0 0 0 0 0 0 0 0 0 0 0 0 0 0 0 0 0 0 0 0 0 0 0 0 0 0 0 0 0 0 0 0 0 0 0 0 0 0 0 0 0 0 0 0 0 0 0 0 0 0 0 0 0 0 0 0 0 0 0 0 0 0 0 0 0 0 0 0 0 0 0 0 0 0 0 0 0 0 0 0 0 0 0 0 0 0 0 0 0 0 0 0 0 0 0 0 0 0 0 0 0 0 0 0 0 0 0 0 0 0 0 0 0 0 0 0 0 0 0 0 0 0 0 0 0 0 0 0 0 0 0 0 0 0 0 0 0 0 0 0 0 0 0 0 0 0 0 0 0 0 0 0 0 0 0 0 0 0 0 0 0 0 0 0 0 0 0 0 0 0 0 0 0 0 0 0 0 0 0 0 0 0 0 0 0 0 0 0 0 0 0 0 0 0 0 0 0 0 0 0 0 0 0 0 0 0 0 0 0 0 0 0 0 0 0 0 0 0 0 0 0 0 0 0 0 0 0 0 0 0 0 0 0 0 0 0 0 0 0 0 0 0 0 0 0 0 0 0 0 0 0 0 0 0 0 0 0 0 0 0 0 0 0 0 0 0 0 0 0 0 0 0 0 0 0 0 0 0 0 0 0 0 0 0 0 0 0 0 0 0 0 0 0 0 0 0 0 0 0 0 0 0 0 0 0 0 0 0 0 0 0 0 0 0 0 0 0 0 0 0 0 0 0 0 0 0 0 0 0 0 0 0 0 0 0 0 0 0 0 0 0 0 0 0 0 0 0 0 0 0 0 0 0 0 0 0 0 0 0 0 0 0 0 0 0 0 0 0 0 0 0 0 0 0 0 0 0 0 0 0 0 0 0 0 0 0 0 0 0 0 0 0 0 0 0 0 0 0 0 0 0 0 0 0 0 0 0 0 0 0 0 0 0 0 0 0 0 0 0 0 0 0 0 0 0 0 0 0 0 0 0 0 0 0 0 0 0 0 0 0 0 0 0 0 0 0 0 0 0 0 0 0 0 0 0 0 0 0 0 0 0 0 0 0 0 0 0 0 0 0 0 0 0 0 0 0 0 0 0 0 0 0 0 0 0 0 0 0 0 0 0 0 0 0 0
 0 0 0 0 0 0 0 0 0 0 0 0 0 0 0 0 0 0 0 0 0 0 0 0 0 0 0 0 0 0 0 0 0 0 0 0 0 0 0 0 0 0 0 0 0 0 0 0 0 0 0 0 0 0 0 0 0 0 0 0 0 0 0 0 0 0 0 0 0 0 0 0 0 0 0 0 0 0 0 0 0 0 0 0 0 0 0 0 0 0 0 0 0 0 0 0 0 0 0 0 0 0 0 0 0 0 0 0 0 0 0 0 0 0 0 0 0 0 0 0 0 0 0 0 0 0 0 0 0 0 0 0 0 0 0 0 0 0 0 0 0 0 0 0 0 0 0 0 0 0 0 0 0 0 0 0 0 0 0 0 0 0 0 0 0 0 0 0 0 0 0 0 0 0 0 0 0 0 0 0 0 0 0 0 0 0 0 0 0 0 0 0 0 0 0 0 0 0 0 0 0 0 0 0 0 0 0 0 0 0 0 0 0 0 0 0 0 0 0 0 0 0 0 0 0 0 0 0 0 0 0 0 0 0 0 0 0 0 0 0 0 0 0 0 0 0 0 0 0 0 0 0 0 0 0 0 0 0 0 0 0 0 0 0 0 0 0 0 0 0 0 0 0 0 0 0 0 0 0 0 0 0 0 0 0 0 0 0 0 0 0 0 0 0 0 0 0 0 0 0 0 0 0 0 0 0 0 0 0 0 0 0 0 0 0 0 0 0 0 0 0 0 0 0 0 0 0 0 0 0 0 0 0 0 0 0 0 0 0 0 0 0 0 0 0 0 0 0 0 0 0 0 0 0 0 0 0 0 0 0 0 0 0 0 0 0 0 0 0 0 0 0 0 0 0 0 0 0 0 0 0 0 0 0 0 0 0 0 0 0 0 0 0 0 0 0 0 0 0 0 0 0 0 0 0 0 0 0 0 0 0 0 0 0 0 0 0 0 0 0 0 0 0 0 0 0 0 0 0 0 0 0 0 0 0 0 0 0 0 0 0 0 0 0 0 0 0 0 0 0 0 0 0 0 0 0 0 0 0 0 0 0 0 0 0 0 0 0 0 0 0 0 0 0 0 0 0 0 0 0 0 0 0 0 0 0 0 0 0 0 0 0 0 0 0 0 0 0 0 0 0 0 0 0 0 0 0 0 0 0 0 0 0 0 0 0 0 0 0 0 0 0 0 0 0 0 0 0 0 0 0 0 0 0 0 0 0 0 0 0 0 0 0 0 0 0 0 0 0 0 0 0 0 0 0 0 0 0 0 0 0 0 0 0 0 0 0 0 0 0 0 0 0 0 0 0 0 0 0 0 0 0 0 0 0 0 0 0 0 0 0 0 0 0 0 0 0 0 0 0
 0 0 0 0 0 0 0 0 0 0 0 0 0 0 0 0 0 0 0 0 0 0 0 0 0 0 0 0 0 0 0 0 0 0 0 0 0 0 0 0 0 0 0 0 0 0 0 0 0 0 0 0 0 0 0 0 0 0 0 0 0 0 0 0 0 0 0 0 0 0 0 0 0 0 0 0 0 0 0 0 0 0 0 0 0 0 0 0 0 0 0 0 0 0 0 0 0 0 0 0 0 0 0 0 0 0 0 0 0 0 0 0 0 0 0 0 0 0 0 0 0 0 0 0 0 0 0 0 0 0 0 0 0 0 0 0 0 0 0 0 0 0 0 0 0 0 0 0 0 0 0 0 0 0 0 0 0 0 0 0 0 0 0 0 0 0 0 0 0 0 0 0 0 0 0 0 0 0 0 0 0 0 0 0 0 0 0 0 0 0 0 0 0 0 0 0 0 0 0 0 0 0 0 0 0 0 0 0 0 0 0 0 0 0 0 0 0 0 0 0 0 0 0 0 0 0 0 0 0 0 0 0 0 0 0 0 0 0 0 0 0 0 0 0 0 0 0 0 0 0 0 0 0 0 0 0 0 0 0 0 0 0 0 0 0 0 0 0 0 0 0 0 0 0 0 0 0 0 0 0 0 0 0 0 0 0 0 0 0 0 0 0 0 0 0 0 0 0 0 0 0 0 0 0 0 0 0 0 0 0 0 0 0 0 0 0 0 0 0 0 0 0 0 0 0 0 0 0 0 0 0 0 0 0 0 0 0 0 0 0 0 0 0 0 0 0 0 0 0 0 0 0 0 0 0 0 0 0 0 0 0 0 0 0 0 0 0 0 0 0 0 0 0 0 0 0 0 0 0 0 0 0 0 0 0 0 0 0 0 0 0 0 0 0 0 0 0 0 0 0 0 0 0 0 0 0 0 0 0 0 0 0 0 0 0 0 0 0 0 0 0 0 0 0 0 0 0 0 0 0 0 0 0 0 0 0 0 0 0 0 0 0 0 0 0 0 0 0 0 0 0 0 0 0 0 0 0 0 0 0 0 0 0 0 0 0 0 0 0 0 0 0 0 0 0 0 0 0 0 0 0 0 0 0 0 0 0 0 0 0 0 0 0 0 0 0 0 0 0 0 0 0 0 0 0 0 0 0 0 0 0 0 0 0 0 0 0 0 0 0 0 0 0 0 0 0 0 0 0 0 0 0 0 0 0 0 0 0 0 0 0 0 0 0 0 0 0 0 0 0 0 0 0 0 0 0 0 0 0 0 0 0 0 0 0 0 0 0 0 0 0 0 0 0 0 0 0 0 0 0 0 0 0 0 0 0 0 0 0 0 0 0 0 0 0 0 0 0 0 0
 0 0 0 0 0 0 0 0 0 0 0 0 0 0 0 0 0 0 0 0 0 0 0 0 0 0 0 0 0 0 0 0 0 0 0 0 0 0 0 0 0 0 0 0 0 0 0 0 0 0 0 0 0 0 0 0 0 0 0 0 0 0 0 0 0 0 0 0 0 0 0 0 0 0 0 0 0 0 0 0 0 0 0 0 0 0 0 0 0 0 0 0 0 0 0 0 0 0 0 0 0 0 0 0 0 0 0 0 0 0 0 0 0 0 0 0 0 0 0 0 0 0 0 0 0 0 0 0 0 0 0 0 0 0 0 0 0 0 0 0 0 0 0 0 0 0 0 0 0 0 0 0 0 0 0 0 0 0 0 0 0 0 0 0 0 0 0 0 0 0 0 0 0 0 0 0 0 0 0 0 0 0 0 0 0 0 0 0 0 0 0 0 0 0 0 0 0 0 0 0 0 0 0 0 0 0 0 0 0 0 0 0 0 0 0 0 0 0 0 0 0 0 0 0 0 0 0 0 0 0 0 0 0 0 0 0 0 0 0 0 0 0 0 0 0 0 0 0 0 0 0 0 0 0 0 0 0 0 0 0 0 0 0 0 0 0 0 0 0 0 0 0 0 0 0 0 0 0 0 0 0 0 0 0 0 0 0 0 0 0 0 0 0 0 0 0 0 0 0 0 0 0 0 0.0001554896152811125 0.0008750844281166792 0.002205836586654186 0.004162277095019817 0.006782509852200747 0.0100668128579855 0.01389755122363567 0.01821918971836567 0.02301270328462124 0.02832199260592461 0.03415492549538612 0.0404340997338295 0.04713347926735878 0.05420072749257088 0.06163707375526428 0.06938277930021286 0.07739773392677307 0.08563084900379181 0.09407314658164978 0.1026538088917732 0.111416794359684 0.1203977316617966 0.1295848786830902 0.138984277844429 0.148637980222702 0.1585264205932617 0.1685706228017807 0.1787341982126236 0.1890239417552948 0.1978369802236557 0.2036141604185104 0.2053259611129761 0.202204629778862 0.1937955915927887 0.1841058135032654 0.1749005168676376 0.1661554872989655 0.1578477174043655 0.1499553322792053 0.1424575597047806 0.1353346854448318 0.1285679489374161 0.1221395507454872 0.1160325706005096 0.1102309450507164 0.1047194004058838 0.0994834303855896 0.09450925886631012 0.08978379517793655 0.08529460430145264 0.08102987706661224 0.07697838544845581 0.07312946766614914 0.06947299093008041 0.0659993439912796 0.06269937753677368 0.05956440791487694 0.05658618733286858 0.05375687777996063 0.05106903240084648 0.04851558059453964 0.04608980193734169 0.04378531128168106 0.04159604758024216 0.03951624408364296 0.03754043206572533 0.0356634110212326 0.03388024121522903 0.03218622878193855 0.0305769182741642 0.02904807217419147 0.02759566903114319 0.02621588483452797 0.02490509115159512 0.0236598365008831 0.02247684448957443 0.02135300263762474 0.02028535306453705 0.01927108503878117 0.0183075312525034 0.01739215478301048 0.01652254723012447 0.01569641940295696 0.01491159852594137 0.0141660189256072 0.01345771830528975 0.01278483215719461 0.01214559096843004 0.0115383118391037 0.01096139661967754 0.01041332632303238 0.009892660193145275 0.009398027323186398 0.008928125724196434 0.00848171953111887 0.00805763341486454 0.007654751650989056 0.007272013928741217 0.006908413022756577 0.006562992464751005 0.006234842818230391 0.005923100747168064 0.00562694575637579 0.005345598328858614 0.005078318528831005 0.004824402742087841 0.004583182744681835 0.0043540233746171 0.004136322066187859 0.003929506056010723 0.003733030753210187 0.003546379273757339 0.003369060344994068 0.003200607374310493 0.003040577052161098 0.00288854818791151 0.002744120778515935 0.002606914844363928 0.002476569032296538 0.002352740615606308 0.002235103631392121 0.002123348414897919 0.002017180901020765 0.001916321809403598 0.001820505713112652 0.00172948045656085 0.001643006457015872 0.001560856122523546 0.00148281326983124 0.001408672658726573 0.001338239060714841 0.001271327142603695 0.001207760768011212 0.001147372764535248 0.001090004108846188 0.001035503926686943 0.0009837286779657006 0.0009345422731712461 0.0008878151420503855 0.0008434244082309306 0.0008012531907297671 0.000761190545745194 0.000723131000995636 0.000686974439304322 0.0006526256911456585 0.0006199944182299078 0.0005889947060495615 0.0005595449474640191 0.0005315677262842655 0.0005049893516115844 0.0004797398869413882 0.0004557528882287443 0.0004329652292653918 0.0004113169561605901 0.0003907511127181351 0.0003712135658133775 0.0003526528889779001 0.0003350202459841967 0.000318269245326519 0.0003023557947017252 0.0002872380136977881 0.0002728761173784733 0.0002592322998680174 0.0002462706761434674 0.000233957136515528 0.0002222592738689855 0.000211146310903132 0.0002005889982683584 0.0001905595418065786 0.0001810315588954836 0.0001719799765851349 0.0001633809733903036 0.0001552119210828096 0.0001474513264838606 0.0001400787587044761 0.0001330748200416565 0.0001264210732188076 0.0001201000195578672 0.0001140950189437717 0.0001083902679965831 0.0001029707564157434 9.782221604837105e-05 9.293110633734614e-05 8.828454883769155e-05 8.387031994061545e-05 7.96768072177656e-05 7.569296576548368e-05 7.190831820480525e-05 6.831290374975652e-05 6.489725637948141e-05 6.165239028632641e-05 5.856977077201009e-05 5.564128150581382e-05 5.285921724862419e-05 5.021625474910252e-05 4.770544182974845e-05 4.532016828306951e-05 4.305415859562345e-05 4.090145012014546e-05 3.885637852363288e-05 3.691355959745124e-05 3.506788198137656e-05 3.331448897370137e-05 3.164876397931948e-05 3.006632505275775e-05 2.856300852727145e-05 2.713485810090788e-05 2.57781157415593e-05 2.448921077302657e-05 2.326475078007206e-05 2.21015125134727e-05 2.099643643305171e-05 1.994661397475284e-05 1.894928391266149e-05 1.800181962607894e-05 1.710172909952234e-05 1.624664218979888e-05 1.543431062600575e-05 1.466259527660441e-05 1.392946523992578e-05 1.32329923872021e-05 1.257134317711461e-05 1.194277592730941e-05 1.134563717641868e-05 1.077835531759774e-05 1.0239437870041e-05 9.727466022013687e-06 9.241092811862472e-06 8.779038580541965e-06 8.340086424141191e-06 7.923082193883602e-06 7.526928129664157e-06 7.150581950554624e-06 6.793052762077423e-06 6.453400146710919e-06 6.130730071163271e-06 5.824193522130372e-06 5.532983777811751e-06 5.256334588921163e-06 4.99351790494984e-06 4.743842055177083e-06 4.506649929680862e-06 4.281317615095759e-06 4.067251666128868e-06 3.863889105559792e-06 3.670694695756538e-06 3.487160029180814e-06 3.312801936772303e-06 3.147161805827636e-06 2.98980376101099e-06 2.840313527485705e-06 2.698297748793266e-06 2.563382849984919e-06 2.435213673379621e-06 2.313453023816692e-06 2.197780304413754e-06 2.087891289193067e-06 1.983496758839465e-06 1.884321932266175e-06 1.79010578449379e-06 1.700600478216074e-06 1.615570454305271e-06 1.534791977064742e-06 1.458052338421112e-06 6.407574255717918e-05 0.0003143611247651279 0.000738332571927458 0.001327164471149445 0.002074206015095115 0.002964303828775883 0.003990273922681808 0.005138962063938379 0.006390492897480726 0.007749148178845644 0.009218604303896427 0.01079137623310089 0.01245930045843124 0.01423121523112059 0.01610143668949604 0.01805770397186279 0.02006844989955425 0.0221258383244276 0.02422209270298481 0.02634232491254807 0.02847824245691299 0.03062958084046841 0.03279503434896469 0.03496905043721199 0.03715968132019043 0.03936483711004257 0.04158386588096619 0.04381030052900314 0.04603807255625725 0.04827189072966576 0.05051074549555779 0.05275709927082062 0.05500970780849457
 0 0 0 0 0 0 0 0 0 0 0 0 0 0 0 0 0 0 0 0 0 0 0 0 0 0 0 0 0 0 0 0 0 0 0 0 0 0 0 0 0 0 0 0 0 0 0 0 0 0 0 0 0 0 0 0 0 0 0 0 0 0 0 0 0 0 0 0 0 0 0 0 0 0 0 0 0 0 0 0 0 0 0 0 0 0 0 0 0 0 0 0 0 0 0 0 0 0 0 0 0 0 0 0 0 0 0 0 0 0 0 0 0 0 0 0 0 0 0 0 0 0 0 0 0 0 0 0 0 0 0 0 0 0 0 0 0 0 0 0 0 0 0 0 0 0 0 0 0 0 0 0 0 0 0 0 0 0 0 0 0 0 0 0 0 0 0 0 0 0 0 0 0 0 0 0 0 0 0 0 0 0 0 0 0 0 0 0 0 0 0 0 0 0 0 0 0 0 0 0 0 0 0 0 0 0 0 0 0 0 0 0 0 0 0 0 0 0 0 0 0 0 0 0 0 0 0 0 0 0 0 0 0 0 0 0 0 0 0 0 0 0 0 0 0 0 0 0 0 0 0 0 0 0 0 0 0 0 0 0 0 0 0 0 0 0 0 0 0 0 0 0 0 0 0 0 0 0 0 0 0 0 0 0 0 0 0 0 0 0 0 0 0 0 0 0 0 0 0 0 0 0 0 0 0 0 0 0 0 0 0 0 0 0 0 0 0 0 0 0 0 0 0 0 0 0 0 0 0 0 0 0 0 0 0 0 0 0 0 0 0 0 0 0 0 0 0 0 0 0 0 0 0 0 0 0 0 0 0 0 0 0 0 0 0 0 0 0 0 0 0 0 0 0 0 0 0 0 0 0 0 0 0 0 0 0 0 0 0 0 0 0 0 0 0 0 0 0 0 0 0 0 0 0 0 0 0 0 0 0 0 0 0 0 0 0 0 0 0 0 0 0 0 0 0 0 0 0 0 0 0 0 0 0 0 0 0 0 0 0 0 0 0 0 0 0 0 0 0 0 0 0 0 0 0 0 0 0 0 0 0 0 0 0 0 0 0 0 0 0 0 0 0 0 0 0 0 0 0 0 0 0 0 0 0 0 0 0 0 0 0 0 0 0 0 0 0 0 0 0 0 0 0 0 0 0 0 0 0 0 0 0 0 0 0 0 0 0 0 0 0 0 0 0 0 0 0 0 0 0 0 0 0 0 0 0 0 0 0 0 0 0 0 0 0 0 0 0 0 0 0 0 0 0 0 0 0 0 0 0 0 0 0 0 0 0 0 0 0 0 0 0 0 0 0 0 0 0 0 0 0 0 0 0 0 0 0 0 0 0 0 0 0 0 0 0 0 0 0 0
 0 0 0 0 0 0 0 0 0 0 0 0 0 0 0 0 0 0 0 0 0 0 0 0 0 0 0 0 0 0 0 0 0 0 0 0 0 0 0 0 0 0 0 0 0 0 0 0 0 0 0 0 0 0 0 0 0 0 0 0 0 0 0 0 0 0 0 0 0 0 0 0 0 0 0 0 0 0 0 0 0 0 0 0 0 0 0 0 0 0 0 0 0 0 0 0 0 0 0 0 0 0 0 0 0 0 0 0 0 0 0 0 0 0 0 0 0 0 0 0 0 0 0 0 0 0 0 0 0 0 0 0 0 0 0 0 0 0 0 0 0 0 0 0 0 0 0 0 0 0 0 0 0 0 0 0 0 0 0 0 0 0 0 0 0 0 0 0 0 0 0 0 0 0 0 0 0 0 0 0 0 0 0 0 0 0 0 0 0 0 0 0 0 0 0 0 0 0 0 0 0 0 0 0 0 0 0 0 0 0 0 0 0 0 0 0 0 0 0 0 0 0 0 0 0 0 0 0 0 0 0 0 0 0 0 0 0 0 0 0 0 0 0 0 0 0 0 0 0 0 0 0 0 0 0 0 0 0 0 0 0 0 0 0 0 0 0 0 0 0 0 0 0 0 0 0 0 0 0 0 0 0 0 0 0 0 0 0 0 0 0 0 0 0 0 0 0 0 0 0 0 0 0 0 0 0 0 0 0 0 0 0 0 0 0 0 0 0 0 0 0 0 0 0 0 0 0 0 0 0 0 0 0 0 0 0 0 0 0 0 0 0 0 0 0 0 0 0 0 0 0 0 0 0 0 0 0 0 0 0 0 0 0 0 0 0 0 0 0 0 0 0 0 0 0 0 0 0 0 0 0 0 0 0 0 0 0 0 0 0 0 0 0 0 0 0 0 0 0 0 0 0 0 0 0 0 0 0 0 0 0 0 0 0 0 0 0 0 0 0 0 0 0 0 0 0 0 0 0 0 0 0 0 0 0 0 0 0 0 0 0 0 0 0 0 0 0 0 0 0 0 0 0 0 0 0 0 0 0 0 0 0 0 0 0 0 0 0 0 0 0 0 0 0 0 0 0 0 0 0 0 0 0 0 0 0 0 0 0 0 0 0 0 0 0 0 0 0 0 0 0 0 0 0 0 0 0 0 0 0 0 0 0 0 0 0 0 0 0 0 0 0 0 0 0 0 0 0 0 0 0 0 0 0 0 0 0 0 0 0 0 0 0 0 0 0 0 0 0 0 0 0 0 0 0 0 0 0 0 0 0 0 0 0 0 0 0 0 0 0 0 0 0 0 0 0 0 0 0 0 0 0 0 0 0 0 0 0 0 0 0 0 0 0 0 0 0 0 0 0


# name: r_0_m11_G0_L0p3_D0p7
# type: matrix
# rows: 1
# columns: 14
 0 -11 0.2 0 0.3 0 -5.882490000000001 0 0 0.1344896984902559 0 133.6666666666667 1.505545305418162 0.7




