# Created by Octave 3.8.2, Mon Jun 19 11:52:22 2017 BST <co1ssj@node117>
# name: result
# type: scalar struct
# ndims: 2
 1 1
# length: 3
# name: params
# type: scalar struct
# ndims: 2
 1 1
# length: 18
# name: cleanup
# type: scalar
0


# name: num_runs
# type: scalar
6


# name: dopamine
# type: scalar
0.7


# name: targetCross
# type: scalar
1


# name: targetLuminance
# type: scalar
0.3


# name: targetWidthX
# type: scalar
6


# name: targetWidthY
# type: scalar
2


# name: fixCross
# type: scalar
1


# name: fixLuminance
# type: scalar
0.2


# name: fixWidthX
# type: scalar
6


# name: fixWidthY
# type: scalar
2


# name: fixOn
# type: scalar
0


# name: targetOff
# type: scalar
1


# name: targetOn
# type: scalar
0.2


# name: fixOff
# type: scalar
0.2


# name: targetThetaX
# type: scalar
0


# name: targetThetaY
# type: scalar
-17


# name: exptnum
# type: scalar
0




# name: r_0_m17_G0_L0p3_D0p7_llbn
# type: matrix
# rows: 24
# columns: 600
 0 0 0 0 0 0 0 0 0 0 0 0 0 0 0 0 0 0 0 0 0 0 0 0 0 0 0 0 0 0 0 0 0 0 0 0 0 0 0 0 0 0 0 0 0 0 0 0 0 0 0 0 0 0 0 0 0 0 0 0 0 0 0 0 0 0 0 0 0 0 0 0 0 0 0 0 0 0 0 0 0 0 0 0 0 0 0 0 0 0 0 0 0 0 0 0 0 0 0 0 0 0 0 0 0 0 0 0 0 0 0 0 0 0 0 0 0 0 0 0 0 0 0 0 0 0 0 0 0 0 0 0 0 0 0 0 0 0 0 0 0 0 0 0 0 0 0 0 0 0 0 0 0 0 0 0 0 0 0 0 0 0 0 0 0 0 0 0 0 0 0 0 0 0 0 0 0 0 0 0 0 0 0 0 0 0 0 0 0 0 0 0 0 0 0 0 0 0 0 0 0 0 0 0 0 0 0 0 0 0 0 0 0 0 0 0 0 0 0 0 0 0 0 0 0 0 0 0 0 0 0 0 0 0 0 0 0 0 0 0 0 0 0 0 0 0 0 0 0 0 0 0 0 0 0 0 0 0 0 0 0 0 0 0 0 0 0 0 0 0 0 0 0 0 0 0 0 0 0 0 0 0 0 0 0 0 0 0 0 0 0 0 0 0 0 0 0 0 0 0 0 0 0 0 0 0 0 0 0 0 0 0 0 0 0 0 0 0 0 0 0 0 0 0 0 0 0 0 0 0 0 0 0 0 0 0 0 0 0 0 0 0 0 0 0 0 0 0 0 0 0 0 0 0 0 0 0 0 0 0 0 0 0 0 0 0 0 0 0 0 0 0 0 0 0 0 0 0 0 0 0 0 0 0 0 0 0 0 0 0 0 0 0 0 0 0 0 0 0 0 0 0 0 0 0 0 0 0 0 0 0 0 0 0 0 0 0 0 0 0 0 0 0 0 0 0 0 0 0 0 0 0 0 0 0 0 0 0 0 0 0 0 0 0 0 0 0 0 0 0 0 0 0 0 0 0 0 0 0 0 0 0 0 0 0 0 0 0 0 0 0 0 0 0 0 0 0 0 0 0 0 0 0 0 0 0 0 0 0 0 0 0 0 0 0 0 0 0 0 0 0 0 0 0 0 0 0 0 0 0 0 0 0 0 0 0 0 0 0 0 0 0 0 0 0 0 0 0 0 0 0 0 0 0 0 0 0 0 0 0 0 0 0 0 0 0 0 0 0 0 0 0 0 0 0 0 0 0 0 0 0 0 0 0 0 0 0 0 0 0 0 0 0 0 0 0 0 0 0 0 0 0 0 0 0 0 0 0 0 0 0 0 0 0 0 0 0 0 0 0
 0 0 0 0 0 0 0 0 0 0 0 0 0 0 0 0 0 0 0 0 0 0 0 0 0 0 0 0 0 0 0 0 0 0 0 0 0 0 0 0 0 0 0 0 0 0 0 0 0 0 0 0 0 0 0 0 0 0 0 0 0 0 0 0 0 0 0 0 0 0 0 0 0 0 0 0 0 0 0 0 0 0 0 0 0 0 0 0 0 0 0 0 0 0 0 0 0 0 0 0 0 0 0 0 0 0 0 0 0 0 0 0 0 0 0 0 0 0 0 0 0 0 0 0 0 0 0 0 0 0 0 0 0 0 0 0 0 0 0 0 0 0 0 0 0 0 0 0 0 0 0 0 0 0 0 0 0 0 0 0 0 0 0 0 0 0 0 0 0 0 0 0 0 0 0 0 0 0 0 0 0 0 0 0 0 0 0 0 0 0 0 0 0 0 0 0 0 0 0 0 0 0 0 0 0 0 0 0 0 0 0 0 0 0 0 0 0 0 0 0 0 0 0 0 0 0 0 0 0 0 0 0 0 0 0 0 0 0 0 0 0 0 0 0 0 0 0 0 0 0 0 0 0 0 0 0 0 0 0 0 0 0 0 0 0 0 0 0 0 0 0 0 0 0 0 0 0 0 0 0 0 0 0 0 0 0 0 0 0 0 0 0 0 0 0 0 0 0 0 0 0 0 0 0 0 0 0 0 0 0 0 0 0 0 0 0 0.0002448410086799413 0.001354085514321923 0.003445684211328626 0.006617080420255661 0.01098406780511141 0.01667026802897453 0.02375449240207672 0.0324162021279335 0.04281114786863327 0.05499923974275589 0.06898699700832367 0.08472100645303726 0.101874478161335 0.1205633729696274 0.1407915651798248 0.1622705608606339 0.1849686950445175 0.2088867574930191 0.2338691502809525 0.2598694860935211 0.2869764268398285 0.3150113523006439 0.3440530896186829 0.3740296363830566 0.4049166142940521 0.4323998093605042 0.4535691440105438 0.4664743542671204 0.4693824350833893 0.4609164893627167 0.4404138326644897 0.4183931350708008 0.3974734842777252 0.3775998055934906 0.3587198257446289 0.3407838344573975 0.3237446546554565 0.3075574338436127 0.2921795547008514 0.2775705754756927 0.2636920511722565 0.2505074441432953 0.2379820644855499 0.2260829657316208 0.2147788107395172 0.2040398716926575 0.1938378810882568 0.184145987033844 0.1749386936426163 0.1661917567253113 0.1578821688890457 0.149988055229187 0.1424886584281921 0.1353642195463181 0.1285960078239441 0.122166208922863 0.1160578951239586 0.1102550029754639 0.1047422513365746 0.09950514137744904 0.0945298820734024 0.08980339020490646 0.08531322330236435 0.08104756474494934 0.07699518650770187 0.07314542680978775 0.06948815286159515 0.06601374596357346 0.06271305680274963 0.05957740545272827 0.05659853667020798 0.05376860871911049 0.05108017846941948 0.04852616786956787 0.04609986022114754 0.04379486665129662 0.04160512238740921 0.0395248681306839 0.03754862397909164 0.03567119315266609 0.03388763219118118 0.03219325095415115 0.0305835884064436 0.02905440889298916 0.0276016891002655 0.02622160501778126 0.02491052448749542 0.02366499789059162 0.02248174883425236 0.02135766111314297 0.02028977870941162 0.01927528902888298 0.01831152476370335 0.01739594899117947 0.01652615144848824 0.0156998448073864 0.01491485256701708 0.01416910998523235 0.01346065476536751 0.01278762239962816 0.0121482415124774 0.01154082920402288 0.01096378732472658 0.01041559781879187 0.009894818067550659 0.009400077164173126 0.008930073119699955 0.008483569137752056 0.00805939082056284 0.007656421512365341 0.007273600436747074 0.006909920368343592 0.006564424373209476 0.006236203014850616 0.005924392957240343 0.005628173239529133 0.00534676481038332 0.005079426802694798 0.004825455602258444 0.004584182985126972 0.004354973789304495 0.004137224983423948 0.003930363804101944 0.003733845660462976 0.003547153435647488 0.003369795856997371 0.003201306099072099 0.003041240852326155 0.002889178693294525 0.002744719851762056 0.002607483882457018 0.002477109665051103 0.002353254240006208 0.002235591411590576 0.00212381174787879 0.002017621183767915 0.001916740089654922 0.001820903038606048 0.001729857875034213 0.001643365016207099 0.001561196753755212 0.001483136904425919 0.001408980111591518 0.001338531146757305 0.001271604560315609 0.001208024332299829 0.001147623173892498 0.001090242061764002 0.00103573000524193 0.0009839434642344713 0.0009347462910227478 0.0008880089735612273 0.0008436085190623999 0.0008014281047508121 0.000761356670409441 0.0007232888601720333 0.000687124440446496 0.0006527682417072356 0.0006201298092491925 0.0005891233449801803 0.0005596671835519373 0.0005316838505677879 0.0005050996551290154 0.0004798446607310325 0.0004558524233289063 0.0004330598167143762 0.0004114068287890404 0.0003908364742528647 0.00037129464908503 0.0003527299268171191 0.0003350934421177953 0.0003183387743774801 0.0003024218312930316 0.0002873007324524224 0.0002729356929194182 0.0002592889068182558 0.0002463244600221515 0.00023400824284181 0.0002223078336101025 0.0002111924404744059 0.000200632814085111 0.000190601174836047 0.0001810711110010743 0.0001720175496302545 0.0001634166692383587 0.0001552458415972069 0.0001474835444241762 0.0001401093613822013 0.0001331038947682828 0.000126448692753911 0.0001201262566610239 0.0001141199463745579 0.0001084139512386173 0.0001029932536766864 9.784359281184152e-05 9.295141353504732e-05 8.830384467728436e-05 8.388865535380319e-05 7.969422586029395e-05 7.570951129309833e-05 7.192403427325189e-05 6.832783401478082e-05 6.491144449682906e-05 6.166587263578549e-05 5.858258009538986e-05 5.565345054492354e-05 5.287077874527313e-05 5.022724144509993e-05 4.7715879190946e-05 4.533008541329764e-05 4.306358096073382e-05 4.091040318598971e-05 3.886488411808386e-05 3.692163954838179e-05 3.507555811665952e-05 3.332177948323078e-05 3.165569069096819e-05 3.007290615641978e-05 2.856926039385144e-05 2.714079710131045e-05 2.57837564276997e-05 2.449456951580942e-05 2.326984031242318e-05 2.210634920629673e-05 2.100103120028507e-05 1.995097954932135e-05 1.895343120850157e-05 1.800575955712702e-05 1.710547076072544e-05 1.625019649509341e-05 1.543768667033873e-05 1.466580215492286e-05 1.393251204717671e-05 1.323588639934314e-05 1.257409167010337e-05 1.19453870865982e-05 1.134811736847041e-05 1.078071181837004e-05 1.024167613650206e-05 9.729592420626432e-06 9.24311279959511e-06 8.780956704868004e-06 8.341909051523544e-06 7.924813871795777e-06 7.528573405579664e-06 7.152144917199621e-06 6.794537512178067e-06 6.454810772993369e-06 6.132070211606333e-06 5.825466814712854e-06 5.534193405765109e-06 5.257483735476853e-06 4.994609753339319e-06 4.744879333884455e-06 4.507635367190233e-06 4.282253485143883e-06 4.068140697199851e-06 3.864733571390389e-06 3.671496870083502e-06 3.487921958367224e-06 3.313525894554914e-06 3.147849611195852e-06 2.990457232954213e-06 2.84093448499334e-06 2.698887783481041e-06 2.563943326094886e-06 2.43574618252751e-06 2.313958930244553e-06 2.198260972363641e-06 2.088347855533357e-06 1.983930360438535e-06 1.884733819679241e-06 1.790497094589227e-06 1.700972234175424e-06 1.615923565623234e-06 1.535127353236021e-06 1.458371002627246e-06 1.385452492286277e-06 1.31617991883104e-06 1.25037092857383e-06 1.187852376460796e-06 1.128459757637756e-06 1.072036752702843e-06 1.018434886645991e-06
 0 0 0 0 0 0 0 0 0 0 0 0 0 0 0 0 0 0 0 0 0 0 0 0 0 0 0 0 0 0 0 0 0 0 0 0 0 0 0 0 0 0 0 0 0 0 0 0 0 0 0 0 0 0 0 0 0 0 0 0 0 0 0 0 0 0 0 0 0 0 0 0 0 0 0 0 0 0 0 0 0 0 0 0 0 0 0 0 0 0 0 0 0 0 0 0 0 0 0 0 0 0 0 0 0 0 0 0 0 0 0 0 0 0 0 0 0 0 0 0 0 0 0 0 0 0 0 0 0 0 0 0 0 0 0 0 0 0 0 0 0 0 0 0 0 0 0 0 0 0 0 0 0 0 0 0 0 0 0 0 0 0 0 0 0 0 0 0 0 0 0 0 0 0 0 0 0 0 0 0 0 0 0 0 0 0 0 0 0 0 0 0 0 0 0 0 0 0 0 0 0 0 0 0 0 0 0 0 0 0 0 0 0 0 0 0 0 0 0 0 0 0 0 0 0 0 0 0 0 0 0 0 0 0 0 0 0 0 0 0 0 0 0 0 0 0 0 0 0 0 0 0 0 0 0 0 0 0 0 0 0 0 0 0 0 0 0 0 0 0 0 0 0 0 0 0 0 0 0 0 0 0 0 0 0 0 0 0 0 0 0 0 0 0 0 0 0 0 0 0 0 0 0 0 0 0 0 0 0 0 0 0 0 0 0 0 0 0 0 0 0 0 0 0 0 0 0 0 0 0 0 0 0 0 0 0 0 0 0 0 0 0 0 0 0 0 0 0 0 0 0 0 0 0 0 0 0 0 0 0 0 0 0 0 0 0 0 0 0 0 0 0 0 0 0 0 0 0 0 0 0 0 0 0 0 0 0 0 0 0 0 0 0 0 0 0 0 0 0 0 0 0 0 0 0 0 0 0 0 0 0 0 0 0 0 0 0 0 0 0 0 0 0 0 0 0 0 0 0 0 0 0 0 0 0 0 0 0 0 0 0 0 0 0 0 0 0 0 0 0 0 0 0 0 0 0 0 0 0 0 0 0 0 0 0 0 0 0 0 0 0 0 0 0 0 0 0 0 0 0 0 0 0 0 0 0 0 0 0 0 0 0 0 0 0 0 0 0 0 0 0 0 0 0 0 0 0 0 0 0 0 0 0 0 0 0 0 0 0 0 0 0 0 0 0 0 0 0 0 0 0 0 0 0 0 0 0 0 0 0 0 0 0 0 0 0 0 0 0 0 0 0 0 0 0 0 0 0 0 0 0 0 0 0 0 0 0 0 0 0 0 0 0 0 0 0 0 0 0 0 0 0 0 0 0 0 0 0 0 0 0 0 0 0 0 0 0 0 0 0
 0 0 0 0 0 0 0 0 0 0 0 0 0 0 0 0 0 0 0 0 0 0 0 0 0 0 0 0 0 0 0 0 0 0 0 0 0 0 0 0 0 0 0 0 0 0 0 0 0 0 0 0 0 0 0 0 0 0 0 0 0 0 0 0 0 0 0 0 0 0 0 0 0 0 0 0 0 0 0 0 0 0 0 0 0 0 0 0 0 0 0 0 0 0 0 0 0 0 0 0 0 0 0 0 0 0 0 0 0 0 0 0 0 0 0 0 0 0 0 0 0 0 0 0 0 0 0 0 0 0 0 0 0 0 0 0 0 0 0 0 0 0 0 0 0 0 0 0 0 0 0 0 0 0 0 0 0 0 0 0 0 0 0 0 0 0 0 0 0 0 0 0 0 0 0 0 0 0 0 0 0 0 0 0 0 0 0 0 0 0 0 0 0 0 0 0 0 0 0 0 0 0 0 0 0 0 0 0 0 0 0 0 0 0 0 0 0 0 0 0 0 0 0 0 0 0 0 0 0 0 0 0 0 0 0 0 0 0 0 0 0 0 0 0 0 0 0 0 0 0 0 0 0 0 0 0 0 0 0 0 0 0 0 0 0 0 0 0 0 0 0 0 0 0 0 0 0 0 0 0 0 0 0 0 0 0 0 0 0 0 0 0 0 0 0 0 0 0 0 0 0 0 0 0 0 0 0 0 0 0 0 0 0 0 0 0 0 0 0 0 0 0 0 0 0 0 0 0 0 0 0 0 0 0 0 0 0 0 0 0 0 0 0 0 0 0 0 0 0 0 0 0 0 0 0 0 0 0 0 0 0 0 0 0 0 0 0 0 0 0 0 0 0 0 0 0 0 0 0 0 0 0 0 0 0 0 0 0 0 0 0 0 0 0 0 0 0 0 0 0 0 0 0 0 0 0 0 0 0 0 0 0 0 0 0 0 0 0 0 0 0 0 0 0 0 0 0 0 0 0 0 0 0 0 0 0 0 0 0 0 0 0 0 0 0 0 0 0 0 0 0 0 0 0 0 0 0 0 0 0 0 0 0 0 0 0 0 0 0 0 0 0 0 0 0 0 0 0 0 0 0 0 0 0 0 0 0 0 0 0 0 0 0 0 0 0 0 0 0 0 0 0 0 0 0 0 0 0 0 0 0 0 0 0 0 0 0 0 0 0 0 0 0 0 0 0 0 0 0 0 0 0 0 0 0 0 0 0 0 0 0 0 0 0 0 0 0 0 0 0 0 0 0 0 0 0 0 0 0 0 0 0 0 0 0 0 0 0 0 0 0 0 0 0 0 0 0 0 0 0 0 0 0 0 0 0 0 0 0 0 0 0 0 0 0 0 0 0 0 0
 0 0 0 0 0 0 0 0 0 0 0 0 0 0 0 0 0 0 0 0 0 0 0 0 0 0 0 0 0 0 0 0 0 0 0 0 0 0 0 0 0 0 0 0 0 0 0 0 0 0 0 0 0 0 0 0 0 0 0 0 0 0 0 0 0 0 0 0 0 0 0 0 0 0 0 0 0 0 0 0 0 0 0 0 0 0 0 0 0 0 0 0 0 0 0 0 0 0 0 0 0 0 0 0 0 0 0 0 0 0 0 0 0 0 0 0 0 0 0 0 0 0 0 0 0 0 0 0 0 0 0 0 0 0 0 0 0 0 0 0 0 0 0 0 0 0 0 0 0 0 0 0 0 0 0 0 0 0 0 0 0 0 0 0 0 0 0 0 0 0 0 0 0 0 0 0 0 0 0 0 0 0 0 0 0 0 0 0 0 0 0 0 0 0 0 0 0 0 0 0 0 0 0 0 0 0 0 0 0 0 0 0 0 0 0 0 0 0 0 0 0 0 0 0 0 0 0 0 0 0 0 0 0 0 0 0 0 0 0 0 0 0 0 0 0 0 0 0 0 0 0 0 0 0 0 0 0 0 0 0 0 0 0 0 0 0 0 0 0 0 0 0 0 0 0 0 0 0 0 0 0 0 0 0 0 0 0 0 0 0 0 0 0 0 0 0 0 0 0 0 0 0 0 0 0 0 0 0 0 0 0 0 0 0 0 0 0 0 0 0 0 0 0 0 0 0 0 0 0 0 0 0 0 0 0 0 0 0 0 0 0 0 0 0 0 0 0 0 0 0 0 0 0 0 0 0 0 0 0 0 0 0 0 0 0 0 0 0 0 0 0 0 0 0 0 0 0 0 0 0 0 0 0 0 0 0 0 0 0 0 0 0 0 0 0 0 0 0 0 0 0 0 0 0 0 0 0 0 0 0 0 0 0 0 0 0 0 0 0 0 0 0 0 0 0 0 0 0 0 0 0 0 0 0 0 0 0 0 0 0 0 0 0 0 0 0 0 0 0 0 0 0 0 0 0 0 0 0 0 0 0 0 0 0 0 0 0 0 0 0 0 0 0 0 0 0 0 0 0 0 0 0 0 0 0 0 0 0 0 0 0 0 0 0 0 0 0 0 0 0 0 0 0 0 0 0 0 0 0 0 0 0 0 0 0 0 0 0 0 0 0 0 0 0 0 0 0 0 0 0 0 0 0 0 0 0 0 0 0 0 0 0 0 0 0 0 0 0 0 0 0 0 0 0 0 0 0 0 0 0 0 0 0 0 0 0 0 0 0 0 0 0 0 0 0 0 0 0 0 0 0 0 0 0 0 0 0 0 0 0 0 0 0 0 0 0 0 0 0 0
 0 0 0 0 0 0 0 0 0 0 0 0 0 0 0 0 0 0 0 0 0 0 0 0 0 0 0 0 0 0 0 0 0 0 0 0 0 0 0 0 0 0 0 0 0 0 0 0 0 0 0 0 0 0 0 0 0 0 0 0 0 0 0 0 0 0 0 0 0 0 0 0 0 0 0 0 0 0 0 0 0 0 0 0 0 0 0 0 0 0 0 0 0 0 0 0 0 0 0 0 0 0 0 0 0 0 0 0 0 0 0 0 0 0 0 0 0 0 0 0 0 0 0 0 0 0 0 0 0 0 0 0 0 0 0 0 0 0 0 0 0 0 0 0 0 0 0 0 0 0 0 0 0 0 0 0 0 0 0 0 0 0 0 0 0 0 0 0 0 0 0 0 0 0 0 0 0 0 0 0 0 0 0 0 0 0 0 0 0 0 0 0 0 0 0 0 0 0 0 0 0 0 0 0 0 0 0 0 0 0 0 0 0 0 0 0 0 0 0 0 0 0 0 0 0 0 0 0 0 0 0 0 0 0 0 0 0 0 0 0 0 0 0 0 0 0 0 0 0 0 0 0 0 0 0 0 0 0 0 0 0 0 0 0 0 0 0 0 0 0 0 0 0 0 0 0 0 0 0 0 0 0 0 0 0 0 0 0 0 0 0 0 0 0 0 0 0 0 0 0 0 0 0 0 0 0 0 0 0 0 0 0 0 0 0 0 0 8.037254156079143e-05 0.0009247864363715053 0.002756270812824368 0.005697901360690594 0.009876743890345097 0.01533257123082876 0.02226574718952179 0.03080511093139648 0.04102485626935959 0.05304286628961563 0.06690108776092529 0.08257593959569931 0.09996787458658218 0.1189610958099365 0.1393689513206482 0.1610697656869888 0.1842389404773712 0.2089449763298035 0.2353505343198776 0.2631843388080597 0.2921754121780396 0.3221244812011719 0.3530376851558685 0.3847526907920837 0.4155150651931763 0.4447393119335175 0.4678428471088409 0.4823123216629028 0.4865590631961823 0.4793038666248322 0.4598867893218994 0.4368924498558044 0.415047824382782 0.3942954242229462 0.3745806515216827 0.3558516204357147 0.3380590379238129 0.3211560845375061 0.305098295211792 0.2898433804512024 0.2753512263298035 0.2615836560726166 0.2485044747591019 0.2360792458057404 0.2242752909660339 0.2130615264177322 0.2024084478616714 0.1922880262136459 0.1826736181974411 0.173539936542511 0.1648629456758499 0.1566198021173477 0.1487888097763062 0.1413493752479553 0.1342819035053253 0.1275678128004074 0.1211894229054451 0.1151299551129341 0.1093734577298164 0.1039047837257385 0.09870954602956772 0.09377406537532806 0.08908536285161972 0.08463109284639359 0.0803995355963707 0.07637955993413925 0.07256057858467102 0.06893254816532135 0.06548592448234558 0.06221162900328636 0.05910104885697365 0.05614599585533142 0.05333869531750679 0.05067175999283791 0.04813817143440247 0.04573126137256622 0.04344469681382179 0.04127246141433716 0.03920883685350418 0.037248395383358 0.03538597375154495 0.03361667692661285 0.03193584457039833 0.03033905290067196 0.02882209978997707 0.02738099545240402 0.02601194567978382 0.02471134811639786 0.02347578108310699 0.02230199240148067 0.02118689194321632 0.02012754790484905 0.01912117004394531 0.01816511154174805 0.01725685596466064 0.01639401353895664 0.01557431276887655 0.01479559671133757 0.01405581645667553 0.0133530255407095 0.01268537435680628 0.01205110549926758 0.01144855003803968 0.0108761228621006 0.0103323170915246 0.0098157012835145 0.009324916638433933 0.008858670480549335 0.008415737189352512 0.007994950748980045 0.007595203351229429 0.007215443067252636 0.00685467105358839 0.006511937361210585 0.006186340469866991 0.005877023562788963 0.005583172198385 0.005304013378918171 0.005038812756538391 0.004786872304975986 0.004547528922557831 0.004320152569562197 0.004104144871234894 0.003898937720805407 0.003703990951180458 0.003518791403621435 0.00334285176359117 0.00317570916377008 0.003016923787072301 0.002866077702492476 0.00272277370095253 0.002586635062471032 0.002457303227856755 0.002334438031539321 0.002217716071754694 0.002106830244883895 0.002001488814130425 0.001901414361782372 0.001806343672797084 0.001716026454232633 0.001630225102417171 0.001548713888041675 0.001471278141252697 0.00139771425165236 0.001327828504145145 0.001261437078937888 0.001198365236632526 0.001138446968980134 0.001081524649634957 0.001027448452077806 0.0009760760003700852 0.0009272721945308149 0.0008809085702523589 0.0008368631242774427 0.0007950199651531875 0.0007552689639851451 0.0007175055216066539 0.0006816302193328738 0.000647548702545464 0.0006151712732389569 0.0005844127153977752 0.0005551920621655881 0.0005274324794299901 0.0005010608583688736 0.0004760078154504299 0.0004522074304986745 0.0004295970720704645 0.0004081172228325158 0.0003877113631460816 0.000368325796443969 0.0003499095037113875 0.0003324140270706266 0.0003157933242619038 0.0003000036522280425 0.000285003479802981 0.0002707533130887896 0.0002572156372480094 0.000244354858295992 0.0002321371139260009 0.0002205302589572966 0.0002095037489198148 0.0001990285672945902 0.0001890771382022649 0.0001796232827473432 0.0001706421171547845 0.000162110009114258 0.0001540045050205663 0.0001463042863178998 0.0001389890676364303 0.0001320396113442257 0.0001254376256838441 0.0001191657429444604 0.0001132074539782479 0.0001075470790965483 0.0001021697244141251 9.706123819341883e-05 9.220817446475849e-05 8.759776392253116e-05 8.3217877545394e-05 7.905698294052854e-05 7.510413706768304e-05 7.13489280315116e-05 6.778148235753179e-05 6.439240678446367e-05 6.117278826422989e-05 5.811415030620992e-05 5.520844206330366e-05 5.244802014203742e-05 4.982561949873343e-05 4.733433888759464e-05 4.496762267081067e-05 4.271924262866378e-05 4.058327976963483e-05 3.855411705444567e-05 3.662641029222868e-05 3.479508814052679e-05 3.305533391539939e-05 3.140256740152836e-05 2.983243939524982e-05 2.834081715263892e-05 2.692377711355221e-05 2.557758853072301e-05 2.429870983178262e-05 2.308377406734508e-05 2.192958527302835e-05 2.083310573652852e-05 1.979145054065157e-05 1.880187846836634e-05 1.786178472684696e-05 1.696869549050462e-05 1.612026062502991e-05 1.531424823042471e-05 1.454853554605506e-05 1.382110895065125e-05 1.313005304837134e-05 1.247355066880118e-05 1.184987286251271e-05 1.125737890106393e-05 1.0694509910536e-05 1.015978432405973e-05 9.651795153331477e-06 9.169205441139638e-06 8.710745532880537e-06 8.275208529084921e-06 7.861448466428556e-06 7.468376225006068e-06 7.094957254594192e-06 6.740209300915012e-06 6.403198767657159e-06 6.083038897486404e-06 5.778887043561554e-06 5.489942850545049e-06 5.215445526118856e-06 4.954673386237118e-06 4.706939762399998e-06 4.471592546906322e-06 4.248012828611536e-06 4.035612164443592e-06 3.83383166990825e-06 3.642140200099675e-06 3.460033212832059e-06 3.287031631771242e-06 3.122680027445313e-06 2.966545935123577e-06 2.818218717948184e-06 2.677307747944724e-06 2.543442406022223e-06 2.416270262983744e-06 2.295456852152711e-06 2.180684077757178e-06 2.071649760182481e-06 1.968067181223887e-06 1.869663833531376e-06 1.776180624801782e-06 1.687371650405112e-06 1.603003056516172e-06 1.522852926427731e-06 1.446710257368977e-06 1.374374733131845e-06 1.305656041949987e-06 1.240373194377753e-06 1.178354523290182e-06 1.119436774388305e-06
 0 0 0 0 0 0 0 0 0 0 0 0 0 0 0 0 0 0 0 0 0 0 0 0 0 0 0 0 0 0 0 0 0 0 0 0 0 0 0 0 0 0 0 0 0 0 0 0 0 0 0 0 0 0 0 0 0 0 0 0 0 0 0 0 0 0 0 0 0 0 0 0 0 0 0 0 0 0 0 0 0 0 0 0 0 0 0 0 0 0 0 0 0 0 0 0 0 0 0 0 0 0 0 0 0 0 0 0 0 0 0 0 0 0 0 0 0 0 0 0 0 0 0 0 0 0 0 0 0 0 0 0 0 0 0 0 0 0 0 0 0 0 0 0 0 0 0 0 0 0 0 0 0 0 0 0 0 0 0 0 0 0 0 0 0 0 0 0 0 0 0 0 0 0 0 0 0 0 0 0 0 0 0 0 0 0 0 0 0 0 0 0 0 0 0 0 0 0 0 0 0 0 0 0 0 0 0 0 0 0 0 0 0 0 0 0 0 0 0 0 0 0 0 0 0 0 0 0 0 0 0 0 0 0 0 0 0 0 0 0 0 0 0 0 0 0 0 0 0 0 0 0 0 0 0 0 0 0 0 0 0 0 0 0 0 0 0 0 0 0 0 0 0 0 0 0 0 0 0 0 0 0 0 0 0 0 0 0 0 0 0 0 0 0 0 0 0 0 0 0 0 0 0 0 0 0 0 0 0 0 0 0 0 0 0 0 0 0 0 0 0 0 0 0 0 0 0 0 0 0 0 0 0 0 0 0 0 0 0 0 0 0 0 0 0 0 0 0 0 0 0 0 0 0 0 0 0 0 0 0 0 0 0 0 0 0 0 0 0 0 0 0 0 0 0 0 0 0 0 0 0 0 0 0 0 0 0 0 0 0 0 0 0 0 0 0 0 0 0 0 0 0 0 0 0 0 0 0 0 0 0 0 0 0 0 0 0 0 0 0 0 0 0 0 0 0 0 0 0 0 0 0 0 0 0 0 0 0 0 0 0 0 0 0 0 0 0 0 0 0 0 0 0 0 0 0 0 0 0 0 0 0 0 0 0 0 0 0 0 0 0 0 0 0 0 0 0 0 0 0 0 0 0 0 0 0 0 0 0 0 0 0 0 0 0 0 0 0 0 0 0 0 0 0 0 0 0 0 0 0 0 0 0 0 0 0 0 0 0 0 0 0 0 0 0 0 0 0 0 0 0 0 0 0 0 0 0 0 0 0 0 0 0 0 0 0 0 0 0 0 0 0 0 0 0 0 0 0 0 0 0 0 0 0 0 0 0 0 0 0 0 0 0 0 0 0 0 0 0 0 0 0 0 0 0 0 0 0 0 0 0 0 0 0 0 0 0 0 0 0
 0 0 0 0 0 0 0 0 0 0 0 0 0 0 0 0 0 0 0 0 0 0 0 0 0 0 0 0 0 0 0 0 0 0 0 0 0 0 0 0 0 0 0 0 0 0 0 0 0 0 0 0 0 0 0 0 0 0 0 0 0 0 0 0 0 0 0 0 0 0 0 0 0 0 0 0 0 0 0 0 0 0 0 0 0 0 0 0 0 0 0 0 0 0 0 0 0 0 0 0 0 0 0 0 0 0 0 0 0 0 0 0 0 0 0 0 0 0 0 0 0 0 0 0 0 0 0 0 0 0 0 0 0 0 0 0 0 0 0 0 0 0 0 0 0 0 0 0 0 0 0 0 0 0 0 0 0 0 0 0 0 0 0 0 0 0 0 0 0 0 0 0 0 0 0 0 0 0 0 0 0 0 0 0 0 0 0 0 0 0 0 0 0 0 0 0 0 0 0 0 0 0 0 0 0 0 0 0 0 0 0 0 0 0 0 0 0 0 0 0 0 0 0 0 0 0 0 0 0 0 0 0 0 0 0 0 0 0 0 0 0 0 0 0 0 0 0 0 0 0 0 0 0 0 0 0 0 0 0 0 0 0 0 0 0 0 0 0 0 0 0 0 0 0 0 0 0 0 0 0 0 0 0 0 0 0 0 0 0 0 0 0 0 0 0 0 0 0 0 0 0 0 0 0 0 0 0 0 0 0 0 0 0 0 0 0 0 0 0 0 0 0 0 0 0 0 0 0 0 0 0 0 0 0 0 0 0 0 0 0 0 0 0 0 0 0 0 0 0 0 0 0 0 0 0 0 0 0 0 0 0 0 0 0 0 0 0 0 0 0 0 0 0 0 0 0 0 0 0 0 0 0 0 0 0 0 0 0 0 0 0 0 0 0 0 0 0 0 0 0 0 0 0 0 0 0 0 0 0 0 0 0 0 0 0 0 0 0 0 0 0 0 0 0 0 0 0 0 0 0 0 0 0 0 0 0 0 0 0 0 0 0 0 0 0 0 0 0 0 0 0 0 0 0 0 0 0 0 0 0 0 0 0 0 0 0 0 0 0 0 0 0 0 0 0 0 0 0 0 0 0 0 0 0 0 0 0 0 0 0 0 0 0 0 0 0 0 0 0 0 0 0 0 0 0 0 0 0 0 0 0 0 0 0 0 0 0 0 0 0 0 0 0 0 0 0 0 0 0 0 0 0 0 0 0 0 0 0 0 0 0 0 0 0 0 0 0 0 0 0 0 0 0 0 0 0 0 0 0 0 0 0 0 0 0 0 0 0 0 0 0 0 0 0 0 0 0 0 0 0 0 0 0 0 0 0 0 0 0 0 0 0 0 0 0 0 0 0 0 0
 0 0 0 0 0 0 0 0 0 0 0 0 0 0 0 0 0 0 0 0 0 0 0 0 0 0 0 0 0 0 0 0 0 0 0 0 0 0 0 0 0 0 0 0 0 0 0 0 0 0 0 0 0 0 0 0 0 0 0 0 0 0 0 0 0 0 0 0 0 0 0 0 0 0 0 0 0 0 0 0 0 0 0 0 0 0 0 0 0 0 0 0 0 0 0 0 0 0 0 0 0 0 0 0 0 0 0 0 0 0 0 0 0 0 0 0 0 0 0 0 0 0 0 0 0 0 0 0 0 0 0 0 0 0 0 0 0 0 0 0 0 0 0 0 0 0 0 0 0 0 0 0 0 0 0 0 0 0 0 0 0 0 0 0 0 0 0 0 0 0 0 0 0 0 0 0 0 0 0 0 0 0 0 0 0 0 0 0 0 0 0 0 0 0 0 0 0 0 0 0 0 0 0 0 0 0 0 0 0 0 0 0 0 0 0 0 0 0 0 0 0 0 0 0 0 0 0 0 0 0 0 0 0 0 0 0 0 0 0 0 0 0 0 0 0 0 0 0 0 0 0 0 0 0 0 0 0 0 0 0 0 0 0 0 0 0 0 0 0 0 0 0 0 0 0 0 0 0 0 0 0 0 0 0 0 0 0 0 0 0 0 0 0 0 0 0 0 0 0 0 0 0 0 0 0 0 0 0 0 0 0 0 0 0 0 0 0 0 0 0 0 0 0 0 0 0 0 0 0 0 0 0 0 0 0 0 0 0 0 0 0 0 0 0 0 0 0 0 0 0 0 0 0 0 0 0 0 0 0 0 0 0 0 0 0 0 0 0 0 0 0 0 0 0 0 0 0 0 0 0 0 0 0 0 0 0 0 0 0 0 0 0 0 0 0 0 0 0 0 0 0 0 0 0 0 0 0 0 0 0 0 0 0 0 0 0 0 0 0 0 0 0 0 0 0 0 0 0 0 0 0 0 0 0 0 0 0 0 0 0 0 0 0 0 0 0 0 0 0 0 0 0 0 0 0 0 0 0 0 0 0 0 0 0 0 0 0 0 0 0 0 0 0 0 0 0 0 0 0 0 0 0 0 0 0 0 0 0 0 0 0 0 0 0 0 0 0 0 0 0 0 0 0 0 0 0 0 0 0 0 0 0 0 0 0 0 0 0 0 0 0 0 0 0 0 0 0 0 0 0 0 0 0 0 0 0 0 0 0 0 0 0 0 0 0 0 0 0 0 0 0 0 0 0 0 0 0 0 0 0 0 0 0 0 0 0 0 0 0 0 0 0 0 0 0 0 0 0 0 0 0 0 0 0 0 0 0 0 0 0 0 0 0 0 0 0 0 0 0 0
 0 0 0 0 0 0 0 0 0 0 0 0 0 0 0 0 0 0 0 0 0 0 0 0 0 0 0 0 0 0 0 0 0 0 0 0 0 0 0 0 0 0 0 0 0 0 0 0 0 0 0 0 0 0 0 0 0 0 0 0 0 0 0 0 0 0 0 0 0 0 0 0 0 0 0 0 0 0 0 0 0 0 0 0 0 0 0 0 0 0 0 0 0 0 0 0 0 0 0 0 0 0 0 0 0 0 0 0 0 0 0 0 0 0 0 0 0 0 0 0 0 0 0 0 0 0 0 0 0 0 0 0 0 0 0 0 0 0 0 0 0 0 0 0 0 0 0 0 0 0 0 0 0 0 0 0 0 0 0 0 0 0 0 0 0 0 0 0 0 0 0 0 0 0 0 0 0 0 0 0 0 0 0 0 0 0 0 0 0 0 0 0 0 0 0 0 0 0 0 0 0 0 0 0 0 0 0 0 0 0 0 0 0 0 0 0 0 0 0 0 0 0 0 0 0 0 0 0 0 0 0 0 0 0 0 0 0 0 0 0 0 0 0 0 0 0 0 0 0 0 0 0 0 0 0 0 0 0 0 0 0 0 0 0 0 0 0 0 0 0 0 0 0 0 0 0 0 0 0 0 0 0 0 0 0 0 0 0 0 0 0 0 0 0 0 0 0 0 0 0 0 0 0 0 0 0 0 0 0 0 0 0 0 0 0 0 0 0 0.0004701625730376691 0.001753249554894865 0.004037408623844385 0.007424525450915098 0.0120526347309351 0.01804833672940731 0.02552585303783417 0.03465487062931061 0.04551675543189049 0.05814405158162117 0.072603739798069 0.0888483077287674 0.1064869612455368 0.1256963759660721 0.1461564004421234 0.1678358465433121 0.1908853650093079 0.2154007107019424 0.2414353787899017 0.268726259469986 0.297312468290329 0.3271127641201019 0.3579888343811035 0.3897601664066315 0.420272171497345 0.447937399148941 0.4683879017829895 0.4796997606754303 0.4803119897842407 0.4692547917366028 0.4459043443202972 0.4236091375350952 0.4024286866188049 0.3823072612285614 0.3631919026374817 0.3450323045253754 0.327780693769455 0.3113916516304016 0.2958220839500427 0.2810309827327728 0.2669794261455536 0.2536304593086243 0.2409489303827286 0.2289014905691147 0.2174564152956009 0.2065835893154144 0.1962544023990631 0.1864416897296906 0.1771196126937866 0.1682636290788651 0.1598504483699799 0.151857927441597 0.1442650258541107 0.1370517760515213 0.1301991939544678 0.1236892342567444 0.1175047755241394 0.1116295382380486 0.1060480624437332 0.1007456630468369 0.09570837765932083 0.09092295914888382 0.08637680858373642 0.08205796778202057 0.07795506715774536 0.07405731081962585 0.07035444676876068 0.06683672219514847 0.06349488347768784 0.06032013893127441 0.05730413272976875 0.05443892627954483 0.05171697959303856 0.049131128937006 0.04667457193136215 0.0443408414721489 0.04212379828095436 0.04001760855317116 0.03801672905683517 0.03611589223146439 0.03431009873747826 0.03259459510445595 0.03096486628055573 0.02941662259399891 0.02794579230248928 0.02654850296676159 0.02522107772529125 0.02396002411842346 0.02276202291250229 0.02162392251193523 0.02054272592067719 0.01951558887958527 0.01853980869054794 0.01761281862854958 0.01673217862844467 0.01589556969702244 0.01510079111903906 0.01434575114399195 0.01362846326082945 0.01294703967869282 0.01229968760162592 0.01168470364063978 0.01110046822577715 0.01054544467478991 0.01001817267388105 0.009517263621091843 0.009041400626301765 0.008589331060647964 0.008159864693880081 0.00775187136605382 0.007364277727901936 0.006996063981205225 0.006646260619163513 0.00631394749507308 0.005998250097036362 0.005698337685316801 0.005413420964032412 0.00514274975284934 0.004885612055659294 0.004641331266611814 0.004409264773130417 0.004188801627606153 0.003979361616075039 0.003780393628403544 0.003591374028474092 0.003411805257201195 0.003241214901208878 0.003079154063016176 0.002925196429714561 0.002778936643153429 0.002639989834278822 0.002507990226149559 0.002382590668275952 0.002263461239635944 0.00215028808452189 0.002042773645371199 0.00194063491653651 0.001843603211455047 0.0017514229984954 0.001663851900957525 0.001580659300088882 0.001501626335084438 0.001426544971764088 0.001355217769742012 0.001287456834688783 0.001223084051162004 0.001161929802037776 0.001103833317756653 0.001048641628585756 0.0009962095646187663 0.0009463990572839975 0.0008990790811367333 0.0008541251299902797 0.0008114188676699996 0.0007708478951826692 0.000732305517885834 0.000695690221618861 0.0006609057309105992 0.000627860426902771 0.0005964674055576324 0.0005666440119966865 0.0005383117822930217 0.0005113962106406689 0.0004858264001086354 0.0004615350917447358 0.0004384583444334567 0.0004165354184806347 0.0003957086591981351 0.0003759232349693775 0.0003571270790416747 0.0003392707149032503 0.0003223071689717472 0.0003061917959712446 0.0002908821916207671 0.0002763380762189627 0.0002625211782287806 0.0002493951178621501 0.0002369253634242341 0.0002250791003461927 0.0002138251438736916 0.0002031338808592409 0.0001929771824507043 0.0001833283167798072 0.0001741619053063914 0.000165453806403093 0.0001571811153553426 0.0001493220624979585 0.000141855955007486 0.0001347631623502821 0.0001280249998671934 0.0001216237506014295 0.0001155425634351559 0.000109765438537579 0.0001042771691572852 9.906331251841038e-05 9.41101461648941e-05 8.94046388566494e-05 8.493440691381693e-05 8.068768511293456e-05 7.665329758310691e-05 7.282063597813249e-05 6.917960126884282e-05 6.572061829501763e-05 6.243458483368158e-05 5.931285704718903e-05 5.634721310343593e-05 5.35298531758599e-05 5.085335942567326e-05 4.83106923638843e-05 4.589515810948797e-05 4.360040111350827e-05 4.142038233112544e-05 3.934936466976069e-05 3.738189479918219e-05 3.551279951352626e-05 3.373716026544571e-05 3.205030225217342e-05 3.044778713956475e-05 2.892539851018228e-05 2.747912913036998e-05 2.610517185530625e-05 2.479991235304624e-05 2.355991637159605e-05 2.238192064396571e-05 2.12628237932222e-05 2.019968269451056e-05 1.918969792313874e-05 1.823021375457756e-05 1.731870361254551e-05 1.645276825001929e-05 1.563013029226568e-05 1.484862332290504e-05 1.410619188391138e-05 1.340088238066528e-05 1.273083853448043e-05 1.209429683513008e-05 1.148958199337358e-05 1.091510330297751e-05 1.036934827425284e-05 9.850880815065466e-06 9.358336683362722e-06 8.890419849194586e-06 8.445898856734857e-06 8.023604095797054e-06 7.622423709108261e-06 7.241302682814421e-06 6.879237389512127e-06 6.535275588248624e-06 6.208511877048295e-06 5.898086328670615e-06 5.603182216873392e-06 5.323023287928663e-06 5.05687194163329e-06 4.804028321814258e-06 4.56382713309722e-06 4.335635821917094e-06 4.11885412177071e-06 3.912911324732704e-06 3.717265826708172e-06 3.531402626322233e-06 3.354832415425335e-06 3.187090896972222e-06 3.027736283911509e-06 2.876349526559352e-06 2.732532038862701e-06 2.595905471025617e-06 2.46611011789355e-06 2.342804691579659e-06 2.225664502475411e-06 2.114381231876905e-06 2.008662249863846e-06 1.908229023683816e-06 1.812817572499625e-06 1.722176648399909e-06 1.636067850085965e-06 1.554264486003376e-06 1.476551233281498e-06 1.402723682986107e-06 1.332587544311536e-06 1.265958189833327e-06 1.202660314447712e-06 1.142527253250591e-06
 0 0 0 0 0 0 0 0 0 0 0 0 0 0 0 0 0 0 0 0 0 0 0 0 0 0 0 0 0 0 0 0 0 0 0 0 0 0 0 0 0 0 0 0 0 0 0 0 0 0 0 0 0 0 0 0 0 0 0 0 0 0 0 0 0 0 0 0 0 0 0 0 0 0 0 0 0 0 0 0 0 0 0 0 0 0 0 0 0 0 0 0 0 0 0 0 0 0 0 0 0 0 0 0 0 0 0 0 0 0 0 0 0 0 0 0 0 0 0 0 0 0 0 0 0 0 0 0 0 0 0 0 0 0 0 0 0 0 0 0 0 0 0 0 0 0 0 0 0 0 0 0 0 0 0 0 0 0 0 0 0 0 0 0 0 0 0 0 0 0 0 0 0 0 0 0 0 0 0 0 0 0 0 0 0 0 0 0 0 0 0 0 0 0 0 0 0 0 0 0 0 0 0 0 0 0 0 0 0 0 0 0 0 0 0 0 0 0 0 0 0 0 0 0 0 0 0 0 0 0 0 0 0 0 0 0 0 0 0 0 0 0 0 0 0 0 0 0 0 0 0 0 0 0 0 0 0 0 0 0 0 0 0 0 0 0 0 0 0 0 0 0 0 0 0 0 0 0 0 0 0 0 0 0 0 0 0 0 0 0 0 0 0 0 0 0 0 0 0 0 0 0 0 0 0 0 0 0 0 0 0 0 0 0 0 0 0 0 0 0 0 0 0 0 0 0 0 0 0 0 0 0 0 0 0 0 0 0 0 0 0 0 0 0 0 0 0 0 0 0 0 0 0 0 0 0 0 0 0 0 0 0 0 0 0 0 0 0 0 0 0 0 0 0 0 0 0 0 0 0 0 0 0 0 0 0 0 0 0 0 0 0 0 0 0 0 0 0 0 0 0 0 0 0 0 0 0 0 0 0 0 0 0 0 0 0 0 0 0 0 0 0 0 0 0 0 0 0 0 0 0 0 0 0 0 0 0 0 0 0 0 0 0 0 0 0 0 0 0 0 0 0 0 0 0 0 0 0 0 0 0 0 0 0 0 0 0 0 0 0 0 0 0 0 0 0 0 0 0 0 0 0 0 0 0 0 0 0 0 0 0 0 0 0 0 0 0 0 0 0 0 0 0 0 0 0 0 0 0 0 0 0 0 0 0 0 0 0 0 0 0 0 0 0 0 0 0 0 0 0 0 0 0 0 0 0 0 0 0 0 0 0 0 0 0 0 0 0 0 0 0 0 0 0 0 0 0 0 0 0 0 0 0 0 0 0 0 0 0 0 0 0 0 0 0 0 0 0 0 0 0 0 0 0 0 0 0 0 0 0 0 0 0 0 0 0 0 0 0 0
 0 0 0 0 0 0 0 0 0 0 0 0 0 0 0 0 0 0 0 0 0 0 0 0 0 0 0 0 0 0 0 0 0 0 0 0 0 0 0 0 0 0 0 0 0 0 0 0 0 0 0 0 0 0 0 0 0 0 0 0 0 0 0 0 0 0 0 0 0 0 0 0 0 0 0 0 0 0 0 0 0 0 0 0 0 0 0 0 0 0 0 0 0 0 0 0 0 0 0 0 0 0 0 0 0 0 0 0 0 0 0 0 0 0 0 0 0 0 0 0 0 0 0 0 0 0 0 0 0 0 0 0 0 0 0 0 0 0 0 0 0 0 0 0 0 0 0 0 0 0 0 0 0 0 0 0 0 0 0 0 0 0 0 0 0 0 0 0 0 0 0 0 0 0 0 0 0 0 0 0 0 0 0 0 0 0 0 0 0 0 0 0 0 0 0 0 0 0 0 0 0 0 0 0 0 0 0 0 0 0 0 0 0 0 0 0 0 0 0 0 0 0 0 0 0 0 0 0 0 0 0 0 0 0 0 0 0 0 0 0 0 0 0 0 0 0 0 0 0 0 0 0 0 0 0 0 0 0 0 0 0 0 0 0 0 0 0 0 0 0 0 0 0 0 0 0 0 0 0 0 0 0 0 0 0 0 0 0 0 0 0 0 0 0 0 0 0 0 0 0 0 0 0 0 0 0 0 0 0 0 0 0 0 0 0 0 0 0 0 0 0 0 0 0 0 0 0 0 0 0 0 0 0 0 0 0 0 0 0 0 0 0 0 0 0 0 0 0 0 0 0 0 0 0 0 0 0 0 0 0 0 0 0 0 0 0 0 0 0 0 0 0 0 0 0 0 0 0 0 0 0 0 0 0 0 0 0 0 0 0 0 0 0 0 0 0 0 0 0 0 0 0 0 0 0 0 0 0 0 0 0 0 0 0 0 0 0 0 0 0 0 0 0 0 0 0 0 0 0 0 0 0 0 0 0 0 0 0 0 0 0 0 0 0 0 0 0 0 0 0 0 0 0 0 0 0 0 0 0 0 0 0 0 0 0 0 0 0 0 0 0 0 0 0 0 0 0 0 0 0 0 0 0 0 0 0 0 0 0 0 0 0 0 0 0 0 0 0 0 0 0 0 0 0 0 0 0 0 0 0 0 0 0 0 0 0 0 0 0 0 0 0 0 0 0 0 0 0 0 0 0 0 0 0 0 0 0 0 0 0 0 0 0 0 0 0 0 0 0 0 0 0 0 0 0 0 0 0 0 0 0 0 0 0 0 0 0 0 0 0 0 0 0 0 0 0 0 0 0 0 0 0 0 0 0 0 0 0 0 0 0 0 0 0 0 0 0 0 0 0
 0 0 0 0 0 0 0 0 0 0 0 0 0 0 0 0 0 0 0 0 0 0 0 0 0 0 0 0 0 0 0 0 0 0 0 0 0 0 0 0 0 0 0 0 0 0 0 0 0 0 0 0 0 0 0 0 0 0 0 0 0 0 0 0 0 0 0 0 0 0 0 0 0 0 0 0 0 0 0 0 0 0 0 0 0 0 0 0 0 0 0 0 0 0 0 0 0 0 0 0 0 0 0 0 0 0 0 0 0 0 0 0 0 0 0 0 0 0 0 0 0 0 0 0 0 0 0 0 0 0 0 0 0 0 0 0 0 0 0 0 0 0 0 0 0 0 0 0 0 0 0 0 0 0 0 0 0 0 0 0 0 0 0 0 0 0 0 0 0 0 0 0 0 0 0 0 0 0 0 0 0 0 0 0 0 0 0 0 0 0 0 0 0 0 0 0 0 0 0 0 0 0 0 0 0 0 0 0 0 0 0 0 0 0 0 0 0 0 0 0 0 0 0 0 0 0 0 0 0 0 0 0 0 0 0 0 0 0 0 0 0 0 0 0 0 0 0 0 0 0 0 0 0 0 0 0 0 0 0 0 0 0 0 0 0 0 0 0 0 0 0 0 0 0 0 0 0 0 0 0 0 0 0 0 0 0 0 0 0 0 0 0 0 0 0 0 0 0 0 0 0 0 0 0 0 0 0 0 0 0 0 0 0 0 0 0 0 0 0 0 0 0 0 0 0 0 0 0 0 0 0 0 0 0 0 0 0 0 0 0 0 0 0 0 0 0 0 0 0 0 0 0 0 0 0 0 0 0 0 0 0 0 0 0 0 0 0 0 0 0 0 0 0 0 0 0 0 0 0 0 0 0 0 0 0 0 0 0 0 0 0 0 0 0 0 0 0 0 0 0 0 0 0 0 0 0 0 0 0 0 0 0 0 0 0 0 0 0 0 0 0 0 0 0 0 0 0 0 0 0 0 0 0 0 0 0 0 0 0 0 0 0 0 0 0 0 0 0 0 0 0 0 0 0 0 0 0 0 0 0 0 0 0 0 0 0 0 0 0 0 0 0 0 0 0 0 0 0 0 0 0 0 0 0 0 0 0 0 0 0 0 0 0 0 0 0 0 0 0 0 0 0 0 0 0 0 0 0 0 0 0 0 0 0 0 0 0 0 0 0 0 0 0 0 0 0 0 0 0 0 0 0 0 0 0 0 0 0 0 0 0 0 0 0 0 0 0 0 0 0 0 0 0 0 0 0 0 0 0 0 0 0 0 0 0 0 0 0 0 0 0 0 0 0 0 0 0 0 0 0 0 0 0 0 0 0 0 0 0 0 0 0 0 0 0 0 0 0 0 0
 0 0 0 0 0 0 0 0 0 0 0 0 0 0 0 0 0 0 0 0 0 0 0 0 0 0 0 0 0 0 0 0 0 0 0 0 0 0 0 0 0 0 0 0 0 0 0 0 0 0 0 0 0 0 0 0 0 0 0 0 0 0 0 0 0 0 0 0 0 0 0 0 0 0 0 0 0 0 0 0 0 0 0 0 0 0 0 0 0 0 0 0 0 0 0 0 0 0 0 0 0 0 0 0 0 0 0 0 0 0 0 0 0 0 0 0 0 0 0 0 0 0 0 0 0 0 0 0 0 0 0 0 0 0 0 0 0 0 0 0 0 0 0 0 0 0 0 0 0 0 0 0 0 0 0 0 0 0 0 0 0 0 0 0 0 0 0 0 0 0 0 0 0 0 0 0 0 0 0 0 0 0 0 0 0 0 0 0 0 0 0 0 0 0 0 0 0 0 0 0 0 0 0 0 0 0 0 0 0 0 0 0 0 0 0 0 0 0 0 0 0 0 0 0 0 0 0 0 0 0 0 0 0 0 0 0 0 0 0 0 0 0 0 0 0 0 0 0 0 0 0 0 0 0 0 0 0 0 0 0 0 0 0 0 0 0 0 0 0 0 0 0 0 0 0 0 0 0 0 0 0 0 0 0 0 0 0 0 0 0 0 0 0 0 0 0 0 0 0 0 0 0 0 0 0 0 0 0 0 0 0 0 0 0 0 0 0 0 0 0 0 0.0004548770666588098 0.00178470928221941 0.004118115641176701 0.007564985193312168 0.01231573708355427 0.01851139962673187 0.02620777301490307 0.03548770770430565 0.04641903191804886 0.05912762135267258 0.07362997531890869 0.08992344886064529 0.1077711954712868 0.127071812748909 0.1474990844726562 0.1690940707921982 0.1920452415943146 0.2164915502071381 0.2425051480531693 0.269917368888855 0.2984502017498016 0.3278917074203491 0.3580821454524994 0.3888986110687256 0.4192003607749939 0.4449552595615387 0.4633372128009796 0.4724304676055908 0.4710433483123779 0.4582842588424683 0.4353700578212738 0.4136015474796295 0.3929214775562286 0.3732753992080688 0.3546116352081299 0.3368810415267944 0.3200369775295258 0.3040351271629333 0.2888333797454834 0.2743917107582092 0.2606721222400665 0.2476385235786438 0.2352565973997116 0.2234937697649002 0.2123190760612488 0.2017031162977219 0.1916179656982422 0.1820370703935623 0.1729352176189423 0.1642884612083435 0.1560740321874619 0.1482703238725662 0.1408568024635315 0.1338139623403549 0.1271232664585114 0.1207671016454697 0.1147287487983704 0.1089923083782196 0.1035426929593086 0.09836556017398834 0.09344728291034698 0.0887749195098877 0.08433617651462555 0.08011937141418457 0.07611340284347534 0.07230773568153381 0.06869234889745712 0.065257728099823 0.06199484318494797 0.05889509990811348 0.0559503436088562 0.05315282568335533 0.05049518495798111 0.04797042533755302 0.04557190462946892 0.0432933084666729 0.04112864285707474 0.03907221183180809 0.03711860254406929 0.03526267409324646 0.03349953889846802 0.03182456269860268 0.03023333474993706 0.02872166782617569 0.02728558517992496 0.02592130564153194 0.02462523989379406 0.02339397743344307 0.02222427912056446 0.02111306600272655 0.02005741186439991 0.01905454136431217 0.01810181513428688 0.01719672419130802 0.01633688807487488 0.01552004367113113 0.01474404148757458 0.01400683913379908 0.01330649759620428 0.01264117285609245 0.01200911402702332 0.01140865869820118 0.01083822548389435 0.01029631402343512 0.009781498461961746 0.009292423725128174 0.00882780272513628 0.008386412635445595 0.007967092096805573 0.007568737491965294 0.007190300617367029 0.006830785423517227 0.006489246152341366 0.006164783611893654 0.005856544245034456 0.005563716869801283 0.005285530816763639 0.005021254066377878 0.004770191386342049 0.004531682003289461 0.004305097740143538 0.004089843016117811 0.003885350888594985 0.003691083285957575 0.00350652914494276 0.00333120278082788 0.003164642723277211 0.003006410552188754 0.002856089966371655 0.002713285386562347 0.002577621024101973 0.00244873994961381 0.002326302928850055 0.002209987724199891 0.002099488396197557 0.001994513906538486 0.001894788234494627 0.001800048863515258 0.001710046431981027 0.001624544151127338 0.0015433169901371 0.001466151094064116 0.001392843551002443 0.00132320134434849 0.001257041236385703 0.00119418918620795 0.001134479767642915 0.001077755820006132 0.001023867982439697 0.0009726745774969459 0.0009240408544428647 0.0008778388146311045 0.0008339468622580171 0.0007922495133243501 0.0007526370463892817 0.0007150052115321159 0.000679254939313978 0.0006452921661548316 0.0006130275432951748 0.0005823761457577348 0.0005532573559321463 0.0005255945143289864 0.0004993148031644523 0.0004743490717373788 0.0004506316035985947 0.000428100029239431 0.0004066950350534171 0.0003863602760247886 0.0003670422593131661 0.0003486901405267417 0.0003312556364107877 0.0003146928502246737 0.0002989582135342062 0.000284010311588645 0.0002698097960092127 0.000256319297477603 0.0002435033384244889 0.000231328172958456 0.0002197617577621713 0.0002087736647808924 0.0001983349793590605 0.0001884182274807245 0.0001789973175618798 0.0001700474531389773 0.0001615450746612623 0.0001534678158350289 0.0001457944308640435 0.0001385047071380541 0.0001315794652327895 0.0001250004861503839 0.0001187504603876732 0.0001128129370044917 0.0001071722872438841 0.000101813675428275 9.672299347585067e-05 9.18868463486433e-05 8.729250112082809e-05 8.292787242680788e-05 7.878147880546749e-05 7.484240632038563e-05 7.110028673196211e-05 6.754527566954494e-05 6.416800897568464e-05 6.095960998209193e-05 5.791163130197674e-05 5.501605119206943e-05 5.226524808676913e-05 4.965198604622856e-05 4.716938565252349e-05 4.481091673369519e-05 4.257036925991997e-05 4.044184970553033e-05 3.841975558316335e-05 3.649876816780306e-05 3.467383066890761e-05 3.294013731647283e-05 3.129312972305343e-05 2.972847323690075e-05 2.824204966600519e-05 2.68299463641597e-05 2.548844895500224e-05 2.421402678010054e-05 2.300332562299445e-05 2.185315861424897e-05 2.076050077448599e-05 1.972247628145851e-05 1.873635301308241e-05 1.779953527147882e-05 1.690955832600594e-05 1.60640811373014e-05 1.526087726233527e-05 1.449783303542063e-05 1.377294120175065e-05 1.308429455093574e-05 1.243007955054054e-05 1.180857543658931e-05 1.121814693760825e-05 1.065723972715205e-05 1.012437769531971e-05 9.618158401281107e-06 9.137250344792847e-06 8.680387509230059e-06 8.246368452091701e-06 7.834049938537646e-06 7.442347396136029e-06 7.07022991264239e-06 6.71671841701027e-06 6.380882496159757e-06 6.061838575988077e-06 5.758746738138143e-06 5.470809355756501e-06 5.197268819756573e-06 4.937405265081907e-06 4.690535206464119e-06 4.456008355191443e-06 4.233208073856076e-06 4.021547738375375e-06 3.820470283244504e-06 3.629446837294381e-06 3.447974449954927e-06 3.27557563650771e-06 3.111796786470222e-06 2.956207026727498e-06 2.808396629916388e-06 2.667976787051884e-06 2.534578015911393e-06 2.407849024166353e-06 2.287456482008565e-06 2.173083657908137e-06 2.064429509118781e-06 1.961207999556791e-06 1.863147645053687e-06 1.769990262801002e-06 1.68149074397661e-06 1.597416257936857e-06 1.517545456408698e-06 1.441668132429186e-06 1.36958476559812e-06 1.301105498896504e-06
 0 0 0 0 0 0 0 0 0 0 0 0 0 0 0 0 0 0 0 0 0 0 0 0 0 0 0 0 0 0 0 0 0 0 0 0 0 0 0 0 0 0 0 0 0 0 0 0 0 0 0 0 0 0 0 0 0 0 0 0 0 0 0 0 0 0 0 0 0 0 0 0 0 0 0 0 0 0 0 0 0 0 0 0 0 0 0 0 0 0 0 0 0 0 0 0 0 0 0 0 0 0 0 0 0 0 0 0 0 0 0 0 0 0 0 0 0 0 0 0 0 0 0 0 0 0 0 0 0 0 0 0 0 0 0 0 0 0 0 0 0 0 0 0 0 0 0 0 0 0 0 0 0 0 0 0 0 0 0 0 0 0 0 0 0 0 0 0 0 0 0 0 0 0 0 0 0 0 0 0 0 0 0 0 0 0 0 0 0 0 0 0 0 0 0 0 0 0 0 0 0 0 0 0 0 0 0 0 0 0 0 0 0 0 0 0 0 0 0 0 0 0 0 0 0 0 0 0 0 0 0 0 0 0 0 0 0 0 0 0 0 0 0 0 0 0 0 0 0 0 0 0 0 0 0 0 0 0 0 0 0 0 0 0 0 0 0 0 0 0 0 0 0 0 0 0 0 0 0 0 0 0 0 0 0 0 0 0 0 0 0 0 0 0 0 0 0 0 0 0 0 0 0 0 0 0 0 0 0 0 0 0 0 0 0 0 0 0 0 0 0 0 0 0 0 0 0 0 0 0 0 0 0 0 0 0 0 0 0 0 0 0 0 0 0 0 0 0 0 0 0 0 0 0 0 0 0 0 0 0 0 0 0 0 0 0 0 0 0 0 0 0 0 0 0 0 0 0 0 0 0 0 0 0 0 0 0 0 0 0 0 0 0 0 0 0 0 0 0 0 0 0 0 0 0 0 0 0 0 0 0 0 0 0 0 0 0 0 0 0 0 0 0 0 0 0 0 0 0 0 0 0 0 0 0 0 0 0 0 0 0 0 0 0 0 0 0 0 0 0 0 0 0 0 0 0 0 0 0 0 0 0 0 0 0 0 0 0 0 0 0 0 0 0 0 0 0 0 0 0 0 0 0 0 0 0 0 0 0 0 0 0 0 0 0 0 0 0 0 0 0 0 0 0 0 0 0 0 0 0 0 0 0 0 0 0 0 0 0 0 0 0 0 0 0 0 0 0 0 0 0 0 0 0 0 0 0 0 0 0 0 0 0 0 0 0 0 0 0 0 0 0 0 0 0 0 0 0 0 0 0 0 0 0 0 0 0 0 0 0 0 0 0 0 0 0 0 0 0 0 0 0 0 0 0 0 0 0 0 0 0 0 0 0 0 0 0 0 0 0
 0 0 0 0 0 0 0 0 0 0 0 0 0 0 0 0 0 0 0 0 0 0 0 0 0 0 0 0 0 0 0 0 0 0 0 0 0 0 0 0 0 0 0 0 0 0 0 0 0 0 0 0 0 0 0 0 0 0 0 0 0 0 0 0 0 0 0 0 0 0 0 0 0 0 0 0 0 0 0 0 0 0 0 0 0 0 0 0 0 0 0 0 0 0 0 0 0 0 0 0 0 0 0 0 0 0 0 0 0 0 0 0 0 0 0 0 0 0 0 0 0 0 0 0 0 0 0 0 0 0 0 0 0 0 0 0 0 0 0 0 0 0 0 0 0 0 0 0 0 0 0 0 0 0 0 0 0 0 0 0 0 0 0 0 0 0 0 0 0 0 0 0 0 0 0 0 0 0 0 0 0 0 0 0 0 0 0 0 0 0 0 0 0 0 0 0 0 0 0 0 0 0 0 0 0 0 0 0 0 0 0 0 0 0 0 0 0 0 0 0 0 0 0 0 0 0 0 0 0 0 0 0 0 0 0 0 0 0 0 0 0 0 0 0 0 0 0 0 0 0 0 0 0 0 0 0 0 0 0 0 0 0 0 0 0 0 0 0 0 0 0 0 0 0 0 0 0 0 0 0 0 0 0 0 0 0 0 0 0 0 0 0 0 0 0 0 0 0 0 0 0 0 0 0 0 0 0 0 0 0 0 0 0 0 0 0 0 0 0 0 0 0 0 0 0 0 0 0 0 0 0 0 0 0 0 0 0 0 0 0 0 0 0 0 0 0 0 0 0 0 0 0 0 0 0 0 0 0 0 0 0 0 0 0 0 0 0 0 0 0 0 0 0 0 0 0 0 0 0 0 0 0 0 0 0 0 0 0 0 0 0 0 0 0 0 0 0 0 0 0 0 0 0 0 0 0 0 0 0 0 0 0 0 0 0 0 0 0 0 0 0 0 0 0 0 0 0 0 0 0 0 0 0 0 0 0 0 0 0 0 0 0 0 0 0 0 0 0 0 0 0 0 0 0 0 0 0 0 0 0 0 0 0 0 0 0 0 0 0 0 0 0 0 0 0 0 0 0 0 0 0 0 0 0 0 0 0 0 0 0 0 0 0 0 0 0 0 0 0 0 0 0 0 0 0 0 0 0 0 0 0 0 0 0 0 0 0 0 0 0 0 0 0 0 0 0 0 0 0 0 0 0 0 0 0 0 0 0 0 0 0 0 0 0 0 0 0 0 0 0 0 0 0 0 0 0 0 0 0 0 0 0 0 0 0 0 0 0 0 0 0 0 0 0 0 0 0 0 0 0 0 0 0 0 0 0 0 0 0 0 0 0 0 0 0 0 0 0 0 0
 0 0 0 0 0 0 0 0 0 0 0 0 0 0 0 0 0 0 0 0 0 0 0 0 0 0 0 0 0 0 0 0 0 0 0 0 0 0 0 0 0 0 0 0 0 0 0 0 0 0 0 0 0 0 0 0 0 0 0 0 0 0 0 0 0 0 0 0 0 0 0 0 0 0 0 0 0 0 0 0 0 0 0 0 0 0 0 0 0 0 0 0 0 0 0 0 0 0 0 0 0 0 0 0 0 0 0 0 0 0 0 0 0 0 0 0 0 0 0 0 0 0 0 0 0 0 0 0 0 0 0 0 0 0 0 0 0 0 0 0 0 0 0 0 0 0 0 0 0 0 0 0 0 0 0 0 0 0 0 0 0 0 0 0 0 0 0 0 0 0 0 0 0 0 0 0 0 0 0 0 0 0 0 0 0 0 0 0 0 0 0 0 0 0 0 0 0 0 0 0 0 0 0 0 0 0 0 0 0 0 0 0 0 0 0 0 0 0 0 0 0 0 0 0 0 0 0 0 0 0 0 0 0 0 0 0 0 0 0 0 0 0 0 0 0 0 0 0 0 0 0 0 0 0 0 0 0 0 0 0 0 0 0 0 0 0 0 0 0 0 0 0 0 0 0 0 0 0 0 0 0 0 0 0 0 0 0 0 0 0 0 0 0 0 0 0 0 0 0 0 0 0 0 0 0 0 0 0 0 0 0 0 0 0 0 0 0 0 0 0 0 0 0 0 0 0 0 0 0 0 0 0 0 0 0 0 0 0 0 0 0 0 0 0 0 0 0 0 0 0 0 0 0 0 0 0 0 0 0 0 0 0 0 0 0 0 0 0 0 0 0 0 0 0 0 0 0 0 0 0 0 0 0 0 0 0 0 0 0 0 0 0 0 0 0 0 0 0 0 0 0 0 0 0 0 0 0 0 0 0 0 0 0 0 0 0 0 0 0 0 0 0 0 0 0 0 0 0 0 0 0 0 0 0 0 0 0 0 0 0 0 0 0 0 0 0 0 0 0 0 0 0 0 0 0 0 0 0 0 0 0 0 0 0 0 0 0 0 0 0 0 0 0 0 0 0 0 0 0 0 0 0 0 0 0 0 0 0 0 0 0 0 0 0 0 0 0 0 0 0 0 0 0 0 0 0 0 0 0 0 0 0 0 0 0 0 0 0 0 0 0 0 0 0 0 0 0 0 0 0 0 0 0 0 0 0 0 0 0 0 0 0 0 0 0 0 0 0 0 0 0 0 0 0 0 0 0 0 0 0 0 0 0 0 0 0 0 0 0 0 0 0 0 0 0 0 0 0 0 0 0 0 0 0 0 0 0 0 0 0 0 0 0 0 0 0 0 0 0 0
 0 0 0 0 0 0 0 0 0 0 0 0 0 0 0 0 0 0 0 0 0 0 0 0 0 0 0 0 0 0 0 0 0 0 0 0 0 0 0 0 0 0 0 0 0 0 0 0 0 0 0 0 0 0 0 0 0 0 0 0 0 0 0 0 0 0 0 0 0 0 0 0 0 0 0 0 0 0 0 0 0 0 0 0 0 0 0 0 0 0 0 0 0 0 0 0 0 0 0 0 0 0 0 0 0 0 0 0 0 0 0 0 0 0 0 0 0 0 0 0 0 0 0 0 0 0 0 0 0 0 0 0 0 0 0 0 0 0 0 0 0 0 0 0 0 0 0 0 0 0 0 0 0 0 0 0 0 0 0 0 0 0 0 0 0 0 0 0 0 0 0 0 0 0 0 0 0 0 0 0 0 0 0 0 0 0 0 0 0 0 0 0 0 0 0 0 0 0 0 0 0 0 0 0 0 0 0 0 0 0 0 0 0 0 0 0 0 0 0 0 0 0 0 0 0 0 0 0 0 0 0 0 0 0 0 0 0 0 0 0 0 0 0 0 0 0 0 0 0 0 0 0 0 0 0 0 0 0 0 0 0 0 0 0 0 0 0 0 0 0 0 0 0 0 0 0 0 0 0 0 0 0 0 0 0 0 0 0 0 0 0 0 0 0 0 0 0 0 0 0 0 0 0 0 0 0 0 0 0 0 0 0 0 0 0 0 0 0 0.0006829508929513395 0.002342023653909564 0.005025879479944706 0.008917669765651226 0.01408375706523657 0.0206929687410593 0.02887122333049774 0.03870876878499985 0.05031061172485352 0.06370960175991058 0.07897429168224335 0.09590110927820206 0.1142799556255341 0.1342858076095581 0.1555537283420563 0.1782353222370148 0.2024428099393845 0.2282819598913193 0.2555788159370422 0.2840728461742401 0.3135753273963928 0.3441348671913147 0.3753528296947479 0.4065851867198944 0.436255931854248 0.4604662358760834 0.476462185382843 0.4826420843601227 0.4776521623134613 0.4605842530727386 0.4375550448894501 0.4156772792339325 0.3948934078216553 0.375148743391037 0.3563913106918335 0.3385717570781708 0.3216431736946106 0.3055610060691833 0.2902829647064209 0.2757688164710999 0.2619803845882416 0.2488813698291779 0.2364373058080673 0.2246154397726059 0.213384672999382 0.2027154415845871 0.1925796717405319 0.1829506903886795 0.1738031506538391 0.1651129871606827 0.1568573415279388 0.1490144729614258 0.14156374335289 0.1344855576753616 0.1277612745761871 0.12137321382761 0.1153045520186424 0.1095393225550652 0.1040623560547829 0.09885923564434052 0.09391627460718155 0.08922046422958374 0.08475944399833679 0.08052147179841995 0.07649540156126022 0.07267063111066818 0.06903710216283798 0.06558524817228317 0.0623059868812561 0.05919068679213524 0.05623115226626396 0.05341959372162819 0.05074861273169518 0.04821118339896202 0.04580062255263329 0.04351058974862099 0.04133506119251251 0.03926830738782883 0.03730489313602448 0.03543964773416519 0.0336676649749279 0.03198428079485893 0.03038506582379341 0.02886581234633923 0.02742252126336098 0.02605139464139938 0.02474882453680038 0.0235113836824894 0.02233581431210041 0.02121902443468571 0.02015807293355465 0.01915016956627369 0.01819266192615032 0.01728302799165249 0.01641887612640858 0.01559793204069138 0.01481803506612778 0.0140771334990859 0.01337327715009451 0.01270461361855268 0.01206938270479441 0.01146591361612082 0.01089261751621962 0.01034798659384251 0.009830587543547153 0.009339057840406895 0.008872104808688164 0.008428499102592468 0.008007073774933815 0.007606720086187124 0.007226384244859219 0.006865065079182386 0.006521811708807945 0.006195721216499805 0.005885935388505459 0.005591638386249542 0.00531205628067255 0.005046453326940536 0.004794130567461252 0.004554423969238997 0.004326702561229467 0.004110367503017187 0.003904849058017135 0.003709606593474746 0.003524126252159476 0.003347920021042228 0.003180524101480842 0.003021497977897525 0.002870423020794988 0.002726901788264513 0.002590556629002094 0.002461028750985861 0.002337977290153503 0.0022210783790797 0.002110024448484182 0.002004523295909166 0.001904297154396772 0.001809082343243062 0.001718628220260143 0.0016326968325302 0.001551061985082924 0.001473508891649544 0.001399833476170897 0.00132984179072082 0.001263349666260183 0.001200182130560279 0.001140173058956861 0.00108316435944289 0.00102900608908385 0.0009775557555258274 0.000928677967749536 0.0008822440868243575 0.0008381318766623735 0.0007962252711877227 0.0007564140250906348 0.0007185933063738048 0.0006826636381447315 0.0006485304329544306 0.0006161039345897734 0.0005852987524122 0.0005560338031500578 0.0005282321362756193 0.0005018205265514553 0.0004767295031342655 0.0004528930294327438 0.0004302483866922557 0.000408735970268026 0.0003882991732098162 0.0003688842116389424 0.0003504400083329529 0.0003329180181026459 0.0003162721113767475 0.0003004585159942508 0.0002854355843737721 0.0002711637935135514 0.0002576055994722992 0.0002447253209538758 0.0002324890519957989 0.0002208646037615836 0.0002098213735735044 0.0001993303012568504 0.0001893637818284333 0.0001798955927370116 0.0001709008065517992 0.0001623557618586347 0.0001542379759484902 0.0001465260720578954 0.0001391997648170218 0.0001322397729381919 0.0001256277901120484 0.0001193463976960629 0.0001133790792664513 0.0001077101260307245 0.0001023246222757734 9.720839443616569e-05 9.234797471435741e-05 8.773057925282046e-05 8.334404992638156e-05 7.91768470662646e-05 7.521800580434501e-05 7.145710696931928e-05 6.788424798287451e-05 6.449003558373079e-05 6.126553489593789e-05 5.820225851493888e-05 5.529214467969723e-05 5.252753908280283e-05 4.990116212866269e-05 4.740610529552214e-05 4.503579839365557e-05 4.278400956536643e-05 4.064480890519917e-05 3.861256845993921e-05 3.668194040074013e-05 3.484784247120842e-05 3.310545071144588e-05 3.145017763017677e-05 2.987766856676899e-05 2.838378532032948e-05 2.696459523576777e-05 2.56163657468278e-05 2.433554800518323e-05 2.31187714234693e-05 2.196283276134636e-05 2.086469066853169e-05 1.982145658985246e-05 1.883038385130931e-05 1.788886402209755e-05 1.699442145763896e-05 1.614470056665596e-05 1.533746581117157e-05 1.457059261156246e-05 1.38420627990854e-05 1.314996006840374e-05 1.249246179213515e-05 1.186783902085153e-05 1.12744473881321e-05 1.071072529157391e-05 1.017518934531836e-05 9.666429832577705e-06 9.183107977150939e-06 8.723952305444982e-06 8.287755008495878e-06 7.87336739449529e-06 7.47969897929579e-06 7.10571384843206e-06 6.750427928636782e-06 6.412906714103883e-06 6.092261173762381e-06 5.787648206023732e-06 5.498265636560973e-06 5.223352218308719e-06 4.96218444823171e-06 4.714075203082757e-06 4.478371465665987e-06 4.25445296059479e-06 4.041730335302418e-06 3.83964379579993e-06 3.647661515060463e-06 3.465278496150859e-06 3.292014525868581e-06 3.127413719994365e-06 2.971042931676493e-06 2.822490841936087e-06 2.681366368051386e-06 2.547297981436714e-06 2.419933025521459e-06 2.298936351508019e-06 2.183989636250772e-06 2.074790245387703e-06 1.971050778593053e-06 1.872498273769452e-06 1.778873411240056e-06 1.689929717940686e-06 1.60543322635931e-06 1.525161565041344e-06 1.448903503842303e-06 1.376458385493606e-06 1.307635443481558e-06 1.242253688360506e-06 1.180140998258139e-06 1.121133891501813e-06
 0 0 0 0 0 0 0 0 0 0 0 0 0 0 0 0 0 0 0 0 0 0 0 0 0 0 0 0 0 0 0 0 0 0 0 0 0 0 0 0 0 0 0 0 0 0 0 0 0 0 0 0 0 0 0 0 0 0 0 0 0 0 0 0 0 0 0 0 0 0 0 0 0 0 0 0 0 0 0 0 0 0 0 0 0 0 0 0 0 0 0 0 0 0 0 0 0 0 0 0 0 0 0 0 0 0 0 0 0 0 0 0 0 0 0 0 0 0 0 0 0 0 0 0 0 0 0 0 0 0 0 0 0 0 0 0 0 0 0 0 0 0 0 0 0 0 0 0 0 0 0 0 0 0 0 0 0 0 0 0 0 0 0 0 0 0 0 0 0 0 0 0 0 0 0 0 0 0 0 0 0 0 0 0 0 0 0 0 0 0 0 0 0 0 0 0 0 0 0 0 0 0 0 0 0 0 0 0 0 0 0 0 0 0 0 0 0 0 0 0 0 0 0 0 0 0 0 0 0 0 0 0 0 0 0 0 0 0 0 0 0 0 0 0 0 0 0 0 0 0 0 0 0 0 0 0 0 0 0 0 0 0 0 0 0 0 0 0 0 0 0 0 0 0 0 0 0 0 0 0 0 0 0 0 0 0 0 0 0 0 0 0 0 0 0 0 0 0 0 0 0 0 0 0 0 0 0 0 0 0 0 0 0 0 0 0 0 0 0 0 0 0 0 0 0 0 0 0 0 0 0 0 0 0 0 0 0 0 0 0 0 0 0 0 0 0 0 0 0 0 0 0 0 0 0 0 0 0 0 0 0 0 0 0 0 0 0 0 0 0 0 0 0 0 0 0 0 0 0 0 0 0 0 0 0 0 0 0 0 0 0 0 0 0 0 0 0 0 0 0 0 0 0 0 0 0 0 0 0 0 0 0 0 0 0 0 0 0 0 0 0 0 0 0 0 0 0 0 0 0 0 0 0 0 0 0 0 0 0 0 0 0 0 0 0 0 0 0 0 0 0 0 0 0 0 0 0 0 0 0 0 0 0 0 0 0 0 0 0 0 0 0 0 0 0 0 0 0 0 0 0 0 0 0 0 0 0 0 0 0 0 0 0 0 0 0 0 0 0 0 0 0 0 0 0 0 0 0 0 0 0 0 0 0 0 0 0 0 0 0 0 0 0 0 0 0 0 0 0 0 0 0 0 0 0 0 0 0 0 0 0 0 0 0 0 0 0 0 0 0 0 0 0 0 0 0 0 0 0 0 0 0 0 0 0 0 0 0 0 0 0 0 0 0 0 0 0 0 0 0 0 0 0 0 0 0 0 0 0 0 0 0 0 0 0 0 0 0 0 0
 0 0 0 0 0 0 0 0 0 0 0 0 0 0 0 0 0 0 0 0 0 0 0 0 0 0 0 0 0 0 0 0 0 0 0 0 0 0 0 0 0 0 0 0 0 0 0 0 0 0 0 0 0 0 0 0 0 0 0 0 0 0 0 0 0 0 0 0 0 0 0 0 0 0 0 0 0 0 0 0 0 0 0 0 0 0 0 0 0 0 0 0 0 0 0 0 0 0 0 0 0 0 0 0 0 0 0 0 0 0 0 0 0 0 0 0 0 0 0 0 0 0 0 0 0 0 0 0 0 0 0 0 0 0 0 0 0 0 0 0 0 0 0 0 0 0 0 0 0 0 0 0 0 0 0 0 0 0 0 0 0 0 0 0 0 0 0 0 0 0 0 0 0 0 0 0 0 0 0 0 0 0 0 0 0 0 0 0 0 0 0 0 0 0 0 0 0 0 0 0 0 0 0 0 0 0 0 0 0 0 0 0 0 0 0 0 0 0 0 0 0 0 0 0 0 0 0 0 0 0 0 0 0 0 0 0 0 0 0 0 0 0 0 0 0 0 0 0 0 0 0 0 0 0 0 0 0 0 0 0 0 0 0 0 0 0 0 0 0 0 0 0 0 0 0 0 0 0 0 0 0 0 0 0 0 0 0 0 0 0 0 0 0 0 0 0 0 0 0 0 0 0 0 0 0 0 0 0 0 0 0 0 0 0 0 0 0 0 0 0 0 0 0 0 0 0 0 0 0 0 0 0 0 0 0 0 0 0 0 0 0 0 0 0 0 0 0 0 0 0 0 0 0 0 0 0 0 0 0 0 0 0 0 0 0 0 0 0 0 0 0 0 0 0 0 0 0 0 0 0 0 0 0 0 0 0 0 0 0 0 0 0 0 0 0 0 0 0 0 0 0 0 0 0 0 0 0 0 0 0 0 0 0 0 0 0 0 0 0 0 0 0 0 0 0 0 0 0 0 0 0 0 0 0 0 0 0 0 0 0 0 0 0 0 0 0 0 0 0 0 0 0 0 0 0 0 0 0 0 0 0 0 0 0 0 0 0 0 0 0 0 0 0 0 0 0 0 0 0 0 0 0 0 0 0 0 0 0 0 0 0 0 0 0 0 0 0 0 0 0 0 0 0 0 0 0 0 0 0 0 0 0 0 0 0 0 0 0 0 0 0 0 0 0 0 0 0 0 0 0 0 0 0 0 0 0 0 0 0 0 0 0 0 0 0 0 0 0 0 0 0 0 0 0 0 0 0 0 0 0 0 0 0 0 0 0 0 0 0 0 0 0 0 0 0 0 0 0 0 0 0 0 0 0 0 0 0 0 0 0 0 0 0 0 0 0 0 0 0 0
 0 0 0 0 0 0 0 0 0 0 0 0 0 0 0 0 0 0 0 0 0 0 0 0 0 0 0 0 0 0 0 0 0 0 0 0 0 0 0 0 0 0 0 0 0 0 0 0 0 0 0 0 0 0 0 0 0 0 0 0 0 0 0 0 0 0 0 0 0 0 0 0 0 0 0 0 0 0 0 0 0 0 0 0 0 0 0 0 0 0 0 0 0 0 0 0 0 0 0 0 0 0 0 0 0 0 0 0 0 0 0 0 0 0 0 0 0 0 0 0 0 0 0 0 0 0 0 0 0 0 0 0 0 0 0 0 0 0 0 0 0 0 0 0 0 0 0 0 0 0 0 0 0 0 0 0 0 0 0 0 0 0 0 0 0 0 0 0 0 0 0 0 0 0 0 0 0 0 0 0 0 0 0 0 0 0 0 0 0 0 0 0 0 0 0 0 0 0 0 0 0 0 0 0 0 0 0 0 0 0 0 0 0 0 0 0 0 0 0 0 0 0 0 0 0 0 0 0 0 0 0 0 0 0 0 0 0 0 0 0 0 0 0 0 0 0 0 0 0 0 0 0 0 0 0 0 0 0 0 0 0 0 0 0 0 0 0 0 0 0 0 0 0 0 0 0 0 0 0 0 0 0 0 0 0 0 0 0 0 0 0 0 0 0 0 0 0 0 0 0 0 0 0 0 0 0 0 0 0 0 0 0 0 0 0 0 0 0 0 0 0 0 0 0 0 0 0 0 0 0 0 0 0 0 0 0 0 0 0 0 0 0 0 0 0 0 0 0 0 0 0 0 0 0 0 0 0 0 0 0 0 0 0 0 0 0 0 0 0 0 0 0 0 0 0 0 0 0 0 0 0 0 0 0 0 0 0 0 0 0 0 0 0 0 0 0 0 0 0 0 0 0 0 0 0 0 0 0 0 0 0 0 0 0 0 0 0 0 0 0 0 0 0 0 0 0 0 0 0 0 0 0 0 0 0 0 0 0 0 0 0 0 0 0 0 0 0 0 0 0 0 0 0 0 0 0 0 0 0 0 0 0 0 0 0 0 0 0 0 0 0 0 0 0 0 0 0 0 0 0 0 0 0 0 0 0 0 0 0 0 0 0 0 0 0 0 0 0 0 0 0 0 0 0 0 0 0 0 0 0 0 0 0 0 0 0 0 0 0 0 0 0 0 0 0 0 0 0 0 0 0 0 0 0 0 0 0 0 0 0 0 0 0 0 0 0 0 0 0 0 0 0 0 0 0 0 0 0 0 0 0 0 0 0 0 0 0 0 0 0 0 0 0 0 0 0 0 0 0 0 0 0 0 0 0 0 0 0 0 0 0 0 0 0 0 0 0 0 0 0
 0 0 0 0 0 0 0 0 0 0 0 0 0 0 0 0 0 0 0 0 0 0 0 0 0 0 0 0 0 0 0 0 0 0 0 0 0 0 0 0 0 0 0 0 0 0 0 0 0 0 0 0 0 0 0 0 0 0 0 0 0 0 0 0 0 0 0 0 0 0 0 0 0 0 0 0 0 0 0 0 0 0 0 0 0 0 0 0 0 0 0 0 0 0 0 0 0 0 0 0 0 0 0 0 0 0 0 0 0 0 0 0 0 0 0 0 0 0 0 0 0 0 0 0 0 0 0 0 0 0 0 0 0 0 0 0 0 0 0 0 0 0 0 0 0 0 0 0 0 0 0 0 0 0 0 0 0 0 0 0 0 0 0 0 0 0 0 0 0 0 0 0 0 0 0 0 0 0 0 0 0 0 0 0 0 0 0 0 0 0 0 0 0 0 0 0 0 0 0 0 0 0 0 0 0 0 0 0 0 0 0 0 0 0 0 0 0 0 0 0 0 0 0 0 0 0 0 0 0 0 0 0 0 0 0 0 0 0 0 0 0 0 0 0 0 0 0 0 0 0 0 0 0 0 0 0 0 0 0 0 0 0 0 0 0 0 0 0 0 0 0 0 0 0 0 0 0 0 0 0 0 0 0 0 0 0 0 0 0 0 0 0 0 0 0 0 0 0 0 0 0 0 0 0 0 0 0 0 0 0 0 0 0 0 0 0 0 0.0004093369643669575 0.001685956493020058 0.003974708262830973 0.007373312022536993 0.01198469754308462 0.01795872114598751 0.02534225955605507 0.0344090610742569 0.04521557688713074 0.05784645676612854 0.07233142852783203 0.08839297294616699 0.1058746054768562 0.1249957382678986 0.1457839608192444 0.1679309159517288 0.1914958357810974 0.2163815051317215 0.2426030933856964 0.2700032591819763 0.2987035810947418 0.3285883963108063 0.3594769835472107 0.3913664221763611 0.4217981100082397 0.4495260417461395 0.4702938795089722 0.4817845523357391 0.4825446605682373 0.4715873599052429 0.4482923150062561 0.4258776903152466 0.4045838117599487 0.3843546211719513 0.3651368916034698 0.3468800485134125 0.3295360505580902 0.3130592405796051 0.2974062860012054 0.2825359702110291 0.2684091627597809 0.2549887001514435 0.2422392666339874 0.2301273047924042 0.2186209410429001 0.2076898962259293 0.1973053961992264 0.1874401271343231 0.1780681163072586 0.1691647171974182 0.1607064753770828 0.1526711583137512 0.1450376063585281 0.1377857327461243 0.1308964490890503 0.1243516281247139 0.118134044110775 0.1122273430228233 0.1066159754991531 0.1012851744890213 0.09622091799974442 0.09140986949205399 0.08683937788009644 0.08249741047620773 0.0783725380897522 0.07445391267538071 0.07073121517896652 0.06719465553760529 0.06383492052555084 0.06064317375421524 0.05761101469397545 0.05473046377301216 0.05199394002556801 0.04939424246549606 0.04692453145980835 0.04457830637693405 0.04234939068555832 0.04023192077875137 0.03822032362222672 0.03630930930376053 0.03449384495615959 0.03276915103197098 0.03113069385290146 0.02957415953278542 0.02809545211493969 0.02669067867100239 0.02535614557564259 0.02408833801746368 0.02288392186164856 0.02173972502350807 0.02065273933112621 0.01962010189890862 0.0186390969902277 0.01770714297890663 0.01682178676128387 0.01598069816827774 0.01518166344612837 0.01442258059978485 0.01370145194232464 0.01301637943834066 0.01236556004732847 0.01174728199839592 0.01115991827100515 0.01060192193835974 0.01007182616740465 0.009568234905600548 0.009089822880923748 0.008635331876575947 0.008203565143048763 0.007793386932462454 0.007403717376291752 0.007033531554043293 0.006681854836642742 0.006347761955112219 0.006030373740941286 0.005728855263441801 0.005442412570118904 0.005170291755348444 0.004911777097731829 0.004666188266128302 0.00443287892267108 0.004211234860122204 0.004000673070549965 0.003800639417022467 0.003610607469454408 0.003430077107623219 0.003258573357015848 0.003095644759014249 0.002940862439572811 0.002793819410726428 0.002654128475114703 0.002521421993151307 0.002395350951701403 0.002275583334267139 0.002161804120987654 0.002053713891655207 0.001951028243638575 0.001853476860560477 0.001760803046636283 0.001672762911766768 0.001589124789461493 0.001509668538346887 0.001434185076504946 0.001362475799396634 0.00129435199778527 0.001229634392075241 0.001168152666650712 0.001109745004214346 0.001054257736541331 0.001001544878818095 0.0009514676639810205 0.0009038943098857999 0.0008586996118538082 0.0008157646516337991 0.0007749764481559396 0.0007362276082858443 0.0006994162104092538 0.0006644453969784081 0.0006312231416814029 0.0005996619584038854 0.0005696788430213928 0.0005411949241533875 0.0005141351721249521 0.0004884283989667892 0.0004640069673769176 0.0004408066160976887 0.0004187662852928042 0.000397827971028164 0.0003779365797527134 0.0003590397536754608 0.0003410877543501556 0.0003240333753637969 0.0003078317095059901 0.0002924401196651161 0.0002778181224130094 0.0002639272133819759 0.0002507308381609619 0.0002381942904321477 0.0002262845810037106 0.0002149703504983336 0.0002042218402493745 0.0001940107467817143 0.0001843102072598413 0.000175094697624445 0.0001663399598328397 0.0001580229582032189 0.0001501218066550791 0.0001426157105015591 0.0001354849227936938 0.0001287106715608388 0.0001222751452587545 0.0001161613909061998 0.0001103533213608898 0.0001048356571118347 9.959387534763664e-05 9.461418085265905e-05 8.988346962723881e-05 8.538929978385568e-05 8.111983333947137e-05 7.706384349148721e-05 7.321064913412556e-05 6.955011485842988e-05 6.607260729651898e-05 6.276897329371423e-05 5.963052535662428e-05 5.664899799739942e-05 5.381654773373157e-05 5.112572034704499e-05 4.856943269260228e-05 4.614096178556792e-05 4.383391205919906e-05 4.164221536484547e-05 3.95601055060979e-05 3.758210004889406e-05 3.570299668353982e-05 3.391784775885753e-05 3.222195664420724e-05 3.061085953959264e-05 2.908031638071407e-05 2.762629992503207e-05 2.6244984837831e-05 2.493273495929316e-05 2.368609784753062e-05 2.250179386464879e-05 2.137670344382059e-05 2.030786890827585e-05 1.929247628140729e-05 1.832785164879169e-05 1.741145933920052e-05 1.654088555369526e-05 1.571384200360626e-05 1.492814953962807e-05 1.418174178979825e-05 1.347265424556099e-05 1.279902153328294e-05 1.215907013829565e-05 1.155111658590613e-05 1.097356107493397e-05 1.04248829302378e-05 9.90363878372591e-06 9.408457117388025e-06 8.938034625316504e-06 8.491132575727534e-06 8.066575901466422e-06 7.66324683354469e-06 7.280084446392721e-06 6.916080110386247e-06 6.570276127604302e-06 6.241762093850411e-06 5.929673989157891e-06 5.633190085063688e-06 5.351530489861034e-06 5.083953965367982e-06 4.82975610793801e-06 4.588268438965315e-06 4.358855221653357e-06 4.140912551520159e-06 3.933866992156254e-06 3.737173756235279e-06 3.55031511389825e-06 3.372799255885184e-06 3.204159384040395e-06 3.043951437575743e-06 2.891753865696955e-06 2.747166263361578e-06 2.609808007036918e-06 2.479317572579021e-06 2.355351625737967e-06 2.237584112663171e-06 2.125704895661329e-06 2.019419753196416e-06 1.918448788273963e-06 1.822526314754214e-06 1.731399947857426e-06 1.644829922042845e-06 1.562588408887677e-06 1.4844589486529e-06 1.410235995535913e-06 1.339724235549511e-06 1.272738018087693e-06 1.209101128551993e-06 1.148646106230444e-06 1.091213789550238e-06
 0 0 0 0 0 0 0 0 0 0 0 0 0 0 0 0 0 0 0 0 0 0 0 0 0 0 0 0 0 0 0 0 0 0 0 0 0 0 0 0 0 0 0 0 0 0 0 0 0 0 0 0 0 0 0 0 0 0 0 0 0 0 0 0 0 0 0 0 0 0 0 0 0 0 0 0 0 0 0 0 0 0 0 0 0 0 0 0 0 0 0 0 0 0 0 0 0 0 0 0 0 0 0 0 0 0 0 0 0 0 0 0 0 0 0 0 0 0 0 0 0 0 0 0 0 0 0 0 0 0 0 0 0 0 0 0 0 0 0 0 0 0 0 0 0 0 0 0 0 0 0 0 0 0 0 0 0 0 0 0 0 0 0 0 0 0 0 0 0 0 0 0 0 0 0 0 0 0 0 0 0 0 0 0 0 0 0 0 0 0 0 0 0 0 0 0 0 0 0 0 0 0 0 0 0 0 0 0 0 0 0 0 0 0 0 0 0 0 0 0 0 0 0 0 0 0 0 0 0 0 0 0 0 0 0 0 0 0 0 0 0 0 0 0 0 0 0 0 0 0 0 0 0 0 0 0 0 0 0 0 0 0 0 0 0 0 0 0 0 0 0 0 0 0 0 0 0 0 0 0 0 0 0 0 0 0 0 0 0 0 0 0 0 0 0 0 0 0 0 0 0 0 0 0 0 0 0 0 0 0 0 0 0 0 0 0 0 0 0 0 0 0 0 0 0 0 0 0 0 0 0 0 0 0 0 0 0 0 0 0 0 0 0 0 0 0 0 0 0 0 0 0 0 0 0 0 0 0 0 0 0 0 0 0 0 0 0 0 0 0 0 0 0 0 0 0 0 0 0 0 0 0 0 0 0 0 0 0 0 0 0 0 0 0 0 0 0 0 0 0 0 0 0 0 0 0 0 0 0 0 0 0 0 0 0 0 0 0 0 0 0 0 0 0 0 0 0 0 0 0 0 0 0 0 0 0 0 0 0 0 0 0 0 0 0 0 0 0 0 0 0 0 0 0 0 0 0 0 0 0 0 0 0 0 0 0 0 0 0 0 0 0 0 0 0 0 0 0 0 0 0 0 0 0 0 0 0 0 0 0 0 0 0 0 0 0 0 0 0 0 0 0 0 0 0 0 0 0 0 0 0 0 0 0 0 0 0 0 0 0 0 0 0 0 0 0 0 0 0 0 0 0 0 0 0 0 0 0 0 0 0 0 0 0 0 0 0 0 0 0 0 0 0 0 0 0 0 0 0 0 0 0 0 0 0 0 0 0 0 0 0 0 0 0 0 0 0 0 0 0 0 0 0 0 0 0 0 0 0 0 0 0 0 0 0 0 0 0 0 0
 0 0 0 0 0 0 0 0 0 0 0 0 0 0 0 0 0 0 0 0 0 0 0 0 0 0 0 0 0 0 0 0 0 0 0 0 0 0 0 0 0 0 0 0 0 0 0 0 0 0 0 0 0 0 0 0 0 0 0 0 0 0 0 0 0 0 0 0 0 0 0 0 0 0 0 0 0 0 0 0 0 0 0 0 0 0 0 0 0 0 0 0 0 0 0 0 0 0 0 0 0 0 0 0 0 0 0 0 0 0 0 0 0 0 0 0 0 0 0 0 0 0 0 0 0 0 0 0 0 0 0 0 0 0 0 0 0 0 0 0 0 0 0 0 0 0 0 0 0 0 0 0 0 0 0 0 0 0 0 0 0 0 0 0 0 0 0 0 0 0 0 0 0 0 0 0 0 0 0 0 0 0 0 0 0 0 0 0 0 0 0 0 0 0 0 0 0 0 0 0 0 0 0 0 0 0 0 0 0 0 0 0 0 0 0 0 0 0 0 0 0 0 0 0 0 0 0 0 0 0 0 0 0 0 0 0 0 0 0 0 0 0 0 0 0 0 0 0 0 0 0 0 0 0 0 0 0 0 0 0 0 0 0 0 0 0 0 0 0 0 0 0 0 0 0 0 0 0 0 0 0 0 0 0 0 0 0 0 0 0 0 0 0 0 0 0 0 0 0 0 0 0 0 0 0 0 0 0 0 0 0 0 0 0 0 0 0 0 0 0 0 0 0 0 0 0 0 0 0 0 0 0 0 0 0 0 0 0 0 0 0 0 0 0 0 0 0 0 0 0 0 0 0 0 0 0 0 0 0 0 0 0 0 0 0 0 0 0 0 0 0 0 0 0 0 0 0 0 0 0 0 0 0 0 0 0 0 0 0 0 0 0 0 0 0 0 0 0 0 0 0 0 0 0 0 0 0 0 0 0 0 0 0 0 0 0 0 0 0 0 0 0 0 0 0 0 0 0 0 0 0 0 0 0 0 0 0 0 0 0 0 0 0 0 0 0 0 0 0 0 0 0 0 0 0 0 0 0 0 0 0 0 0 0 0 0 0 0 0 0 0 0 0 0 0 0 0 0 0 0 0 0 0 0 0 0 0 0 0 0 0 0 0 0 0 0 0 0 0 0 0 0 0 0 0 0 0 0 0 0 0 0 0 0 0 0 0 0 0 0 0 0 0 0 0 0 0 0 0 0 0 0 0 0 0 0 0 0 0 0 0 0 0 0 0 0 0 0 0 0 0 0 0 0 0 0 0 0 0 0 0 0 0 0 0 0 0 0 0 0 0 0 0 0 0 0 0 0 0 0 0 0 0 0 0 0 0 0 0 0 0 0 0 0 0 0 0 0 0 0


# name: r_0_m17_G0_L0p3_D0p7
# type: matrix
# rows: 1
# columns: 14
 0 -17 0.2 0 0.3 0 -13.4731 0 0 0.1779344935643451 0 145.1666666666667 1.471960144387974 0.7




