# Created by Octave 3.8.2, Mon Jun 19 11:40:38 2017 BST <co1ssj@node117>
# name: result
# type: scalar struct
# ndims: 2
 1 1
# length: 3
# name: params
# type: scalar struct
# ndims: 2
 1 1
# length: 18
# name: cleanup
# type: scalar
0


# name: num_runs
# type: scalar
6


# name: dopamine
# type: scalar
0.7


# name: targetCross
# type: scalar
1


# name: targetLuminance
# type: scalar
0.3


# name: targetWidthX
# type: scalar
6


# name: targetWidthY
# type: scalar
2


# name: fixCross
# type: scalar
1


# name: fixLuminance
# type: scalar
0.2


# name: fixWidthX
# type: scalar
6


# name: fixWidthY
# type: scalar
2


# name: fixOn
# type: scalar
0


# name: targetOff
# type: scalar
1


# name: targetOn
# type: scalar
0.2


# name: fixOff
# type: scalar
0.2


# name: targetThetaX
# type: scalar
0


# name: targetThetaY
# type: scalar
-12


# name: exptnum
# type: scalar
0




# name: r_0_m12_G0_L0p3_D0p7_llbn
# type: matrix
# rows: 24
# columns: 600
 0 0 0 0 0 0 0 0 0 0 0 0 0 0 0 0 0 0 0 0 0 0 0 0 0 0 0 0 0 0 0 0 0 0 0 0 0 0 0 0 0 0 0 0 0 0 0 0 0 0 0 0 0 0 0 0 0 0 0 0 0 0 0 0 0 0 0 0 0 0 0 0 0 0 0 0 0 0 0 0 0 0 0 0 0 0 0 0 0 0 0 0 0 0 0 0 0 0 0 0 0 0 0 0 0 0 0 0 0 0 0 0 0 0 0 0 0 0 0 0 0 0 0 0 0 0 0 0 0 0 0 0 0 0 0 0 0 0 0 0 0 0 0 0 0 0 0 0 0 0 0 0 0 0 0 0 0 0 0 0 0 0 0 0 0 0 0 0 0 0 0 0 0 0 0 0 0 0 0 0 0 0 0 0 0 0 0 0 0 0 0 0 0 0 0 0 0 0 0 0 0 0 0 0 0 0 0 0 0 0 0 0 0 0 0 0 0 0 0 0 0 0 0 0 0 0 0 0 0 0 0 0 0 0 0 0 0 0 0 0 0 0 0 0 0 0 0 0 0 0 0 0 0 0 0 0 0 0 0 0 0 0 0 0 0 0 0 0 0 0 0 0 0 0 0 0 0 0 0 0 0 0 0 0 0 0 0 0 0 0 0 0 0 0 0 0 0 0 0 0 0 0 0 0 0 0 0 0 0 0 0 0 0 0 0 0 0 0 0 0 0 0 0 0 0 0 0 0 0 0 0 0 0 0 0 0 0 0 0 0 0 0 0 0 0 0 0 0 0 0 0 0 0 0 0 0 0 0 0 0 0 0 0 0 0 0 0 0 0 0 0 0 0 0 0 0 0 0 0 0 0 0 0 0 0 0 0 0 0 0 0 0 0 0 0 0 0 0 0 0 0 0 0 0 0 0 0 0 0 0 0 0 0 0 0 0 0 0 0 0 0 0 0 0 0 0 0 0 0 0 0 0 0 0 0 0 0 0 0 0 0 0 0 0 0 0 0 0 0 0 0 0 0 0 0 0 0 0 0 0 0 0 0 0 0 0 0 0 0 0 0 0 0 0 0 0 0 0 0 0 0 0 0 0 0 0 0 0 0 0 0 0 0 0 0 0 0 0 0 0 0 0 0 0 0 0 0 0 0 0 0 0 0 0 0 0 0 0 0 0 0 0 0 0 0 0 0 0 0 0 0 0 0 0 0 0 0 0 0 0 0 0 0 0 0 0 0 0 0 0 0 0 0 0 0 0 0 0 0 0 0 0 0 0 0 0 0 0 0 0 0 0 0 0 0 0 0 0 0 0 0 0 0 0 0 0 0 0 0 0 0 0 0 0 0 0 0 0 0 0
 0 0 0 0 0 0 0 0 0 0 0 0 0 0 0 0 0 0 0 0 0 0 0 0 0 0 0 0 0 0 0 0 0 0 0 0 0 0 0 0 0 0 0 0 0 0 0 0 0 0 0 0 0 0 0 0 0 0 0 0 0 0 0 0 0 0 0 0 0 0 0 0 0 0 0 0 0 0 0 0 0 0 0 0 0 0 0 0 0 0 0 0 0 0 0 0 0 0 0 0 0 0 0 0 0 0 0 0 0 0 0 0 0 0 0 0 0 0 0 0 0 0 0 0 0 0 0 0 0 0 0 0 0 0 0 0 0 0 0 0 0 0 0 0 0 0 0 0 0 0 0 0 0 0 0 0 0 0 0 0 0 0 0 0 0 0 0 0 0 0 0 0 0 0 0 0 0 0 0 0 0 0 0 0 0 0 0 0 0 0 0 0 0 0 0 0 0 0 0 0 0 0 0 0 0 0 0 0 0 0 0 0 0 0 0 0 0 0 0 0 0 0 0 0 0 0 0 0 0 0 0 0 0 0 0 0 0 0 0 0 0 0 0 0 0 0 0 0 0 0 0 0 0 0 0 0 0 0 0 0 0 0 0 0 0 0 0 0 0 0 0 0 0 0 0 0 0 0 0 0 0 0 0 0 0 0 0 0 0 0 0 0 0 0 0 0 0 0 0 0 0 0 0 0 0 0 0.0001309737126575783 0.001001523691229522 0.002679230179637671 0.005269162356853485 0.008904023095965385 0.01360728032886982 0.01936440542340279 0.0261596217751503 0.03392258286476135 0.04251336306333542 0.05186283960938454 0.06192193180322647 0.07274174690246582 0.0843009278178215 0.09653634577989578 0.1093888729810715 0.1229171678423882 0.1371306777000427 0.1518745124340057 0.167082279920578 0.1826942265033722 0.1987846195697784 0.2153737843036652 0.2323919981718063 0.2497663646936417 0.2674876153469086 0.2843303680419922 0.2976389527320862 0.3056309819221497 0.307176798582077 0.3015444874763489 0.2881278395652771 0.27372145652771 0.2600353956222534 0.2470336258411407 0.2346819490194321 0.2229478508234024 0.2118004560470581 0.2012104392051697 0.1911499202251434 0.1815924197435379 0.1725127995014191 0.163887158036232 0.1556928008794785 0.1479081660509109 0.1405127644538879 0.1334871202707291 0.1268127709627151 0.1204721331596375 0.1144485250115395 0.1087260991334915 0.1032897979021072 0.09812530875205994 0.09321904182434082 0.08855809271335602 0.0841301903128624 0.07992368191480637 0.0759274959564209 0.07213111966848373 0.0685245618224144 0.06509833037853241 0.06184341385960579 0.05875124409794807 0.05581368133425713 0.05302299559116364 0.05037184432148933 0.0478532537817955 0.04546058923006058 0.04318755865097046 0.04102817922830582 0.0389767698943615 0.03702793270349503 0.03517653793096542 0.033417709171772 0.03174682334065437 0.0301594827324152 0.02865150943398476 0.02721893414855003 0.02585798688232899 0.0245650876313448 0.02333683334290981 0.02216999232769012 0.02106149308383465 0.02000841870903969 0.01900799758732319 0.01805759780108929 0.01715471781790257 0.01629698276519775 0.01548213325440884 0.01470802631229162 0.01397262513637543 0.01327399350702763 0.0126102939248085 0.01197977922856808 0.01138078980147839 0.01081174984574318 0.01027116272598505 0.009757604449987411 0.009269724600017071 0.008806237950921059 0.008365926332771778 0.007947630248963833 0.007550248876214027 0.007172736339271069 0.006814099382609129 0.006473394576460123 0.006149725057184696 0.005842238664627075 0.005550126545131207 0.005272620357573032 0.005008989479392767 0.004758540075272322 0.004520613234490156 0.004294582642614841 0.004079853650182486 0.003875860944390297 0.003682067850604653 0.003497964469715953 0.003323066281154752 0.003156912978738546 0.002999067306518555 0.002849113894626498 0.002706658095121384 0.002571325283497572 0.002442758996039629 0.002320621162652969 0.002204590011388063 0.002094360534101725 0.00198964262381196 0.001890160492621362 0.001795652438886464 0.001705869799479842 0.001620576251298189 0.001539547462016344 0.001462570042349398 0.001389441546052694 0.001319969422183931 0.00125397089868784 0.001191272400319576 0.001131708733737469 0.00107512332033366 0.001021367148496211 0.0009702987736091018 0.000921783852390945 0.000875694677233696 0.0008319099433720112 0.0007903144578449428 0.0007507987320423126 0.0007132588070817292 0.0006775958463549614 0.0006437160773202777 0.0006115302676334977 0.0005809537833556533 0.0005519060650840402 0.0005243107443675399 0.0004980951780453324 0.0004731904191430658 0.000449530896730721 0.000427054357714951 0.0004057016340084374 0.0003854165552183986 0.0003661457158159465 0.0003478384169284254 0.0003304464917164296 0.0003139241598546505 0.0002982279402203858 0.0002833165344782174 0.0002691507106646895 0.0002556931867729872 0.0002429085288895294 0.0002307631075382233 0.0002192249521613121 0.0002082637074636295 0.0001978505169972777 0.0001879579940577969 0.0001785600907169282 0.0001696320832706988 0.0001611504849279299 0.0001530929584987462 0.0001454383163945749 0.000138166404212825 0.000131258086184971 0.0001246951869688928 0.0001184604261652566 0.0001125374037656002 0.0001069105346687138 0.0001015650050248951 9.648675768403336e-05 9.166241943603382e-05 8.707930101081729e-05 8.272533887065947e-05 7.858907338231802e-05 7.465961971320212e-05 7.092663872754201e-05 6.738030788255855e-05 6.401129212463275e-05 6.081072933739051e-05 5.777019396191463e-05 5.488168244482949e-05 5.21375986863859e-05 4.953071766067296e-05 4.705418177763931e-05 4.470147177926265e-05 4.24663994635921e-05 4.034307858091779e-05 3.832592483377084e-05 3.64096267730929e-05 3.458914579823613e-05 3.28596870531328e-05 3.121670306427404e-05 2.965586827485822e-05 2.817307540681213e-05 2.676442090887576e-05 2.542619949963409e-05 2.415488961560186e-05 2.294714431627654e-05 2.179978764615953e-05 2.070979826385155e-05 1.967430762306321e-05 1.86905926966574e-05 1.775606324372347e-05 1.686825999058783e-05 1.602484735485632e-05 1.522360525996191e-05 1.44624245876912e-05 1.373930354020558e-05 1.305233854509424e-05 1.239972152689006e-05 1.177973535959609e-05 1.119074840971734e-05 1.063121089828201e-05 1.009965035336791e-05 9.594667972123716e-06 9.114934982790146e-06 8.659188097226433e-06 8.226228601415642e-06 7.814916898496449e-06 7.424171144521097e-06 7.05296270098188e-06 6.700314770569094e-06 6.365299213939579e-06 6.047034275979968e-06 5.744682766817277e-06 5.457448423840106e-06 5.18457591169863e-06 4.925347184325801e-06 4.679079665947938e-06 4.445125796337379e-06 4.222869392833672e-06 4.011726105090929e-06 3.811139777099015e-06 3.620582901930902e-06 3.439553665884887e-06 3.267575948484591e-06 3.104197048742208e-06 2.948987230411149e-06 2.801537902996643e-06 2.661460939634708e-06 2.528387994971126e-06 2.40196868617204e-06 2.281870365550276e-06 2.167776756323292e-06 2.059387952613179e-06 1.956418600457255e-06 1.858597670434392e-06 1.765667775543989e-06 1.677384375398105e-06 1.593515207787277e-06 1.513839492872648e-06 1.438147478438623e-06 1.36624009883235e-06 1.297928065469023e-06 1.233031639458204e-06 1.171380063169636e-06 1.112811105485889e-06 1.057170493368176e-06 1.004312025543186e-06 9.540964356347104e-07 9.063916195373167e-07 8.610720669821603e-07 8.180184636330523e-07 7.771175205562031e-07 7.382616331597092e-07 7.013485401330399e-07 6.662810960733623e-07 6.329670441118651e-07 6.013186748532462e-07 5.712527126888745e-07 5.426900884231145e-07 5.155555982128135e-07 4.897777898804634e-07 4.652889060707821e-07 4.420244579250721e-07 4.199232250812202e-07
 0 0 0 0 0 0 0 0 0 0 0 0 0 0 0 0 0 0 0 0 0 0 0 0 0 0 0 0 0 0 0 0 0 0 0 0 0 0 0 0 0 0 0 0 0 0 0 0 0 0 0 0 0 0 0 0 0 0 0 0 0 0 0 0 0 0 0 0 0 0 0 0 0 0 0 0 0 0 0 0 0 0 0 0 0 0 0 0 0 0 0 0 0 0 0 0 0 0 0 0 0 0 0 0 0 0 0 0 0 0 0 0 0 0 0 0 0 0 0 0 0 0 0 0 0 0 0 0 0 0 0 0 0 0 0 0 0 0 0 0 0 0 0 0 0 0 0 0 0 0 0 0 0 0 0 0 0 0 0 0 0 0 0 0 0 0 0 0 0 0 0 0 0 0 0 0 0 0 0 0 0 0 0 0 0 0 0 0 0 0 0 0 0 0 0 0 0 0 0 0 0 0 0 0 0 0 0 0 0 0 0 0 0 0 0 0 0 0 0 0 0 0 0 0 0 0 0 0 0 0 0 0 0 0 0 0 0 0 0 0 0 0 0 0 0 0 0 0 0 0 0 0 0 0 0 0 0 0 0 0 0 0 0 0 0 0 0 0 0 0 0 0 0 0 0 0 0 0 0 0 0 0 0 0 0 0 0 0 0 0 0 0 0 0 0 0 0 0 0 0 0 0 0 0 0 0 0 0 0 0 0 0 0 0 0 0 0 0 0 0 0 0 0 0 0 0 0 0 0 0 0 0 0 0 0 0 0 0 0 0 0 0 0 0 0 0 0 0 0 0 0 0 0 0 0 0 0 0 0 0 0 0 0 0 0 0 0 0 0 0 0 0 0 0 0 0 0 0 0 0 0 0 0 0 0 0 0 0 0 0 0 0 0 0 0 0 0 0 0 0 0 0 0 0 0 0 0 0 0 0 0 0 0 0 0 0 0 0 0 0 0 0 0 0 0 0 0 0 0 0 0 0 0 0 0 0 0 0 0 0 0 0 0 0 0 0 0 0 0 0 0 0 0 0 0 0 0 0 0 0 0 0 0 0 0 0 0 0 0 0 0 0 0 0 0 0 0 0 0 0 0 0 0 0 0 0 0 0 0 0 0 0 0 0 0 0 0 0 0 0 0 0 0 0 0 0 0 0 0 0 0 0 0 0 0 0 0 0 0 0 0 0 0 0 0 0 0 0 0 0 0 0 0 0 0 0 0 0 0 0 0 0 0 0 0 0 0 0 0 0 0 0 0 0 0 0 0 0 0 0 0 0 0 0 0 0 0 0 0 0 0 0 0 0 0 0 0 0 0 0 0 0 0 0 0 0 0 0 0 0 0 0 0 0 0 0 0 0 0 0
 0 0 0 0 0 0 0 0 0 0 0 0 0 0 0 0 0 0 0 0 0 0 0 0 0 0 0 0 0 0 0 0 0 0 0 0 0 0 0 0 0 0 0 0 0 0 0 0 0 0 0 0 0 0 0 0 0 0 0 0 0 0 0 0 0 0 0 0 0 0 0 0 0 0 0 0 0 0 0 0 0 0 0 0 0 0 0 0 0 0 0 0 0 0 0 0 0 0 0 0 0 0 0 0 0 0 0 0 0 0 0 0 0 0 0 0 0 0 0 0 0 0 0 0 0 0 0 0 0 0 0 0 0 0 0 0 0 0 0 0 0 0 0 0 0 0 0 0 0 0 0 0 0 0 0 0 0 0 0 0 0 0 0 0 0 0 0 0 0 0 0 0 0 0 0 0 0 0 0 0 0 0 0 0 0 0 0 0 0 0 0 0 0 0 0 0 0 0 0 0 0 0 0 0 0 0 0 0 0 0 0 0 0 0 0 0 0 0 0 0 0 0 0 0 0 0 0 0 0 0 0 0 0 0 0 0 0 0 0 0 0 0 0 0 0 0 0 0 0 0 0 0 0 0 0 0 0 0 0 0 0 0 0 0 0 0 0 0 0 0 0 0 0 0 0 0 0 0 0 0 0 0 0 0 0 0 0 0 0 0 0 0 0 0 0 0 0 0 0 0 0 0 0 0 0 0 0 0 0 0 0 0 0 0 0 0 0 0 0 0 0 0 0 0 0 0 0 0 0 0 0 0 0 0 0 0 0 0 0 0 0 0 0 0 0 0 0 0 0 0 0 0 0 0 0 0 0 0 0 0 0 0 0 0 0 0 0 0 0 0 0 0 0 0 0 0 0 0 0 0 0 0 0 0 0 0 0 0 0 0 0 0 0 0 0 0 0 0 0 0 0 0 0 0 0 0 0 0 0 0 0 0 0 0 0 0 0 0 0 0 0 0 0 0 0 0 0 0 0 0 0 0 0 0 0 0 0 0 0 0 0 0 0 0 0 0 0 0 0 0 0 0 0 0 0 0 0 0 0 0 0 0 0 0 0 0 0 0 0 0 0 0 0 0 0 0 0 0 0 0 0 0 0 0 0 0 0 0 0 0 0 0 0 0 0 0 0 0 0 0 0 0 0 0 0 0 0 0 0 0 0 0 0 0 0 0 0 0 0 0 0 0 0 0 0 0 0 0 0 0 0 0 0 0 0 0 0 0 0 0 0 0 0 0 0 0 0 0 0 0 0 0 0 0 0 0 0 0 0 0 0 0 0 0 0 0 0 0 0 0 0 0 0 0 0 0 0 0 0 0 0 0 0 0 0 0 0 0 0 0 0 0 0 0 0 0 0 0 0 0
 0 0 0 0 0 0 0 0 0 0 0 0 0 0 0 0 0 0 0 0 0 0 0 0 0 0 0 0 0 0 0 0 0 0 0 0 0 0 0 0 0 0 0 0 0 0 0 0 0 0 0 0 0 0 0 0 0 0 0 0 0 0 0 0 0 0 0 0 0 0 0 0 0 0 0 0 0 0 0 0 0 0 0 0 0 0 0 0 0 0 0 0 0 0 0 0 0 0 0 0 0 0 0 0 0 0 0 0 0 0 0 0 0 0 0 0 0 0 0 0 0 0 0 0 0 0 0 0 0 0 0 0 0 0 0 0 0 0 0 0 0 0 0 0 0 0 0 0 0 0 0 0 0 0 0 0 0 0 0 0 0 0 0 0 0 0 0 0 0 0 0 0 0 0 0 0 0 0 0 0 0 0 0 0 0 0 0 0 0 0 0 0 0 0 0 0 0 0 0 0 0 0 0 0 0 0 0 0 0 0 0 0 0 0 0 0 0 0 0 0 0 0 0 0 0 0 0 0 0 0 0 0 0 0 0 0 0 0 0 0 0 0 0 0 0 0 0 0 0 0 0 0 0 0 0 0 0 0 0 0 0 0 0 0 0 0 0 0 0 0 0 0 0 0 0 0 0 0 0 0 0 0 0 0 0 0 0 0 0 0 0 0 0 0 0 0 0 0 0 0 0 0 0 0 0 0 0 0 0 0 0 0 0 0 0 0 0 0 0 0 0 0 0 0 0 0 0 0 0 0 0 0 0 0 0 0 0 0 0 0 0 0 0 0 0 0 0 0 0 0 0 0 0 0 0 0 0 0 0 0 0 0 0 0 0 0 0 0 0 0 0 0 0 0 0 0 0 0 0 0 0 0 0 0 0 0 0 0 0 0 0 0 0 0 0 0 0 0 0 0 0 0 0 0 0 0 0 0 0 0 0 0 0 0 0 0 0 0 0 0 0 0 0 0 0 0 0 0 0 0 0 0 0 0 0 0 0 0 0 0 0 0 0 0 0 0 0 0 0 0 0 0 0 0 0 0 0 0 0 0 0 0 0 0 0 0 0 0 0 0 0 0 0 0 0 0 0 0 0 0 0 0 0 0 0 0 0 0 0 0 0 0 0 0 0 0 0 0 0 0 0 0 0 0 0 0 0 0 0 0 0 0 0 0 0 0 0 0 0 0 0 0 0 0 0 0 0 0 0 0 0 0 0 0 0 0 0 0 0 0 0 0 0 0 0 0 0 0 0 0 0 0 0 0 0 0 0 0 0 0 0 0 0 0 0 0 0 0 0 0 0 0 0 0 0 0 0 0 0 0 0 0 0 0 0 0 0 0 0 0 0 0 0 0 0 0 0 0 0 0
 0 0 0 0 0 0 0 0 0 0 0 0 0 0 0 0 0 0 0 0 0 0 0 0 0 0 0 0 0 0 0 0 0 0 0 0 0 0 0 0 0 0 0 0 0 0 0 0 0 0 0 0 0 0 0 0 0 0 0 0 0 0 0 0 0 0 0 0 0 0 0 0 0 0 0 0 0 0 0 0 0 0 0 0 0 0 0 0 0 0 0 0 0 0 0 0 0 0 0 0 0 0 0 0 0 0 0 0 0 0 0 0 0 0 0 0 0 0 0 0 0 0 0 0 0 0 0 0 0 0 0 0 0 0 0 0 0 0 0 0 0 0 0 0 0 0 0 0 0 0 0 0 0 0 0 0 0 0 0 0 0 0 0 0 0 0 0 0 0 0 0 0 0 0 0 0 0 0 0 0 0 0 0 0 0 0 0 0 0 0 0 0 0 0 0 0 0 0 0 0 0 0 0 0 0 0 0 0 0 0 0 0 0 0 0 0 0 0 0 0 0 0 0 0 0 0 0 0 0 0 0 0 0 0 0 0 0 0 0 0 0 0 0 0 0 0 0 0 0 0 0 0 0 0 0 0 0 0 0 0 0 0 0 0 0 0 0 0 0 0 0 0 0 0 0 0 0 0 0 0 0 0 0 0 0 0 0 0 0 0 0 0 0 0 0 0 0 0 0 0 0 0 0 0 0 0 0 0 0.000573554600123316 0.001915880013257265 0.004123469814658165 0.00726046971976757 0.01145584881305695 0.01668421365320683 0.02297241427004337 0.03020129166543484 0.0383824035525322 0.04731365293264389 0.05685563012957573 0.06703919172286987 0.07786805927753448 0.08935747295618057 0.1015025973320007 0.1142544746398926 0.1276463270187378 0.1416433602571487 0.1561973392963409 0.1711745113134384 0.1865052282810211 0.202191948890686 0.2181607484817505 0.2345047891139984 0.2511432766914368 0.2681155502796173 0.282980889081955 0.2936508059501648 0.2986681461334229 0.2970137596130371 0.2880213856697083 0.2736203074455261 0.2599392831325531 0.2469423115253448 0.2345951944589615 0.2228654325008392 0.2117221653461456 0.20113605260849 0.191079244017601 0.1815252751111984 0.1724490076303482 0.1638265550136566 0.1556352227926254 0.1478534638881683 0.1404607892036438 0.1334377527236938 0.1267658621072769 0.1204275712370872 0.1144061908125877 0.1086858808994293 0.1032515838742256 0.09808900207281113 0.09318455308675766 0.08852532505989075 0.08409906178712845 0.07989411056041718 0.0758994072675705 0.07210443913936615 0.06849921494722366 0.06507425755262375 0.06182054430246353 0.05872951820492744 0.05579304322600365 0.05300338938832283 0.05035322159528732 0.04783555865287781 0.04544378072023392 0.04317159205675125 0.04101301357150078 0.03896236419677734 0.03701424598693848 0.03516353294253349 0.0334053561091423 0.03173508867621422 0.03014833480119705 0.02864091843366623 0.02720887213945389 0.02584842778742313 0.02455600723624229 0.02332820743322372 0.02216179668903351 0.02105370722711086 0.02000102214515209 0.01900097168982029 0.01805092394351959 0.01714837737381458 0.01629095897078514 0.0154764112085104 0.01470259018242359 0.01396746095269918 0.01326908823102713 0.01260563358664513 0.01197535172104836 0.01137658394873142 0.01080775447189808 0.01026736665517092 0.0097539983689785 0.00926629826426506 0.008802982978522778 0.00836283341050148 0.007944691926240921 0.007547457236796618 0.007170084398239851 0.006811580155044794 0.006471001077443361 0.006147451233118773 0.005840078461915255 0.005548074375838041 0.005270670633763075 0.005007137078791857 0.004756780341267586 0.004518941510468721 0.004292994271963835 0.004078344441950321 0.003874427173286676 0.003680705791339278 0.003496670396998525 0.003321836935356259 0.003155745100229979 0.002997957868501544 0.002848059870302677 0.002705656923353672 0.002570374170318246 0.002441855380311608 0.002319762716069818 0.002203774638473988 0.002093585906550288 0.00198890664614737 0.00188946130219847 0.001794988289475441 0.00170523882843554 0.001619976945221424 0.001538978074677289 0.00146202917676419 0.00138892768882215 0.001319481292739511 0.001253507216461003 0.001190831884741783 0.001131290337070823 0.001074725762009621 0.001020989497192204 0.0009699400397948921 0.0009214430465362966 0.0008753708680160344 0.0008316023158840835 0.0007900221971794963 0.0007505210814997554 0.0007129950099624693 0.0006773452623747289 0.0006434780079871416 0.0006113041308708489 0.0005807389388792217 0.0005517019890248775 0.000524116912856698 0.0004979110672138631 0.0004730155051220208 0.0004493647429626435 0.0004268964985385537 0.0004055516619700938 0.0003852740919683129 0.0003660103830043226 0.000347709865309298 0.0003303243720438331 0.00031380815198645 0.0002981177531182766 0.0002832118771038949 0.0002690512919798493 0.0002555987157393247 0.0002428187872283161 0.0002306778478669003 0.000219143956201151 0.0002081867569359019 0.0001977774227270856 0.0001878885523183271 0.0001784941268851981 0.0001695694227237254 0.0001610909530427307 0.0001530364097561687 0.0001453845907235518 0.0001381153560942039 0.0001312095846515149 0.0001246491010533646 0.0001184166467282921 0.0001124958143918775 0.0001068710262188688 0.0001015274756355211 9.645109821576625e-05 9.162854257738218e-05 8.704711217433214e-05 8.269475802080706e-05 7.856002048356459e-05 7.463202200597152e-05 7.090042345225811e-05 6.73554022796452e-05 6.398763071047142e-05 6.078825026634149e-05 5.7748839026317e-05 5.486139707500115e-05 5.211832831264473e-05 4.951241135131568e-05 4.703679223894142e-05 4.468495171749964e-05 4.24507052230183e-05 4.032817014376633e-05 3.831176218227483e-05 3.639617352746427e-05 3.457636557868682e-05 3.284754711785354e-05 3.120517067145556e-05 2.964491250168066e-05 2.816266714944504e-05 2.675453288247809e-05 2.541680623835418e-05 2.414596565358806e-05 2.293866782565601e-05 2.179173498007003e-05 2.070214759442024e-05 1.966704076039605e-05 1.868368781288154e-05 1.774950396793429e-05 1.686202813289128e-05 1.601892654434778e-05 1.521798003523145e-05 1.445708130631829e-05 1.373422765027499e-05 1.304751640418544e-05 1.239514040207723e-05 1.177538342744811e-05 1.118661384680308e-05 1.062728279066505e-05 1.009591869660653e-05 9.591122761776205e-06 9.111566214414779e-06 8.655987585370895e-06 8.223188160627615e-06 7.812028343323618e-06 7.421426744258497e-06 7.050355634419248e-06 6.697837761748815e-06 6.362945896398742e-06 6.04479873800301e-06 5.742558641941287e-06 5.455430709844222e-06 5.182659151614644e-06 4.923526375932852e-06 4.677350261772517e-06 4.443482794158626e-06 4.22130869992543e-06 4.010243173979688e-06 3.809730969805969e-06 3.619244353103568e-06 3.438282192291808e-06 3.266368139520637e-06 3.103049721175921e-06 2.947897201011074e-06 2.800502443278674e-06 2.66047732111474e-06 2.527453489165055e-06 2.401080791969434e-06 2.281026809214382e-06 2.16697549149103e-06 2.058626705547795e-06 1.95569532479567e-06 1.857910547187203e-06 1.765014985721791e-06 1.676764213698334e-06 1.592925968907366e-06 1.513279698883707e-06 1.437615765098599e-06 1.365734988212353e-06 1.297448193327e-06 1.23257575523894e-06 1.170946916317916e-06 1.112399559133337e-06 1.056779638020089e-06 1.003940610644349e-06 9.537435516904225e-07 9.060563570528757e-07 8.607535164628644e-07 8.177158292710374e-07 7.76830063387024e-07 7.379885573755018e-07 7.010891067693592e-07 6.660346798526007e-07 6.327329629129963e-07 6.010963033986627e-07 5.710414825443877e-07 5.424894311545359e-07 5.153649453859543e-07 4.895966867479729e-07 4.651168410418904e-07 4.418610046741378e-07
 0 0 0 0 0 0 0 0 0 0 0 0 0 0 0 0 0 0 0 0 0 0 0 0 0 0 0 0 0 0 0 0 0 0 0 0 0 0 0 0 0 0 0 0 0 0 0 0 0 0 0 0 0 0 0 0 0 0 0 0 0 0 0 0 0 0 0 0 0 0 0 0 0 0 0 0 0 0 0 0 0 0 0 0 0 0 0 0 0 0 0 0 0 0 0 0 0 0 0 0 0 0 0 0 0 0 0 0 0 0 0 0 0 0 0 0 0 0 0 0 0 0 0 0 0 0 0 0 0 0 0 0 0 0 0 0 0 0 0 0 0 0 0 0 0 0 0 0 0 0 0 0 0 0 0 0 0 0 0 0 0 0 0 0 0 0 0 0 0 0 0 0 0 0 0 0 0 0 0 0 0 0 0 0 0 0 0 0 0 0 0 0 0 0 0 0 0 0 0 0 0 0 0 0 0 0 0 0 0 0 0 0 0 0 0 0 0 0 0 0 0 0 0 0 0 0 0 0 0 0 0 0 0 0 0 0 0 0 0 0 0 0 0 0 0 0 0 0 0 0 0 0 0 0 0 0 0 0 0 0 0 0 0 0 0 0 0 0 0 0 0 0 0 0 0 0 0 0 0 0 0 0 0 0 0 0 0 0 0 0 0 0 0 0 0 0 0 0 0 0 0 0 0 0 0 0 0 0 0 0 0 0 0 0 0 0 0 0 0 0 0 0 0 0 0 0 0 0 0 0 0 0 0 0 0 0 0 0 0 0 0 0 0 0 0 0 0 0 0 0 0 0 0 0 0 0 0 0 0 0 0 0 0 0 0 0 0 0 0 0 0 0 0 0 0 0 0 0 0 0 0 0 0 0 0 0 0 0 0 0 0 0 0 0 0 0 0 0 0 0 0 0 0 0 0 0 0 0 0 0 0 0 0 0 0 0 0 0 0 0 0 0 0 0 0 0 0 0 0 0 0 0 0 0 0 0 0 0 0 0 0 0 0 0 0 0 0 0 0 0 0 0 0 0 0 0 0 0 0 0 0 0 0 0 0 0 0 0 0 0 0 0 0 0 0 0 0 0 0 0 0 0 0 0 0 0 0 0 0 0 0 0 0 0 0 0 0 0 0 0 0 0 0 0 0 0 0 0 0 0 0 0 0 0 0 0 0 0 0 0 0 0 0 0 0 0 0 0 0 0 0 0 0 0 0 0 0 0 0 0 0 0 0 0 0 0 0 0 0 0 0 0 0 0 0 0 0 0 0 0 0 0 0 0 0 0 0 0 0 0 0 0 0 0 0 0 0 0 0 0 0 0 0 0 0 0 0 0 0 0 0 0 0 0 0 0 0 0 0 0
 0 0 0 0 0 0 0 0 0 0 0 0 0 0 0 0 0 0 0 0 0 0 0 0 0 0 0 0 0 0 0 0 0 0 0 0 0 0 0 0 0 0 0 0 0 0 0 0 0 0 0 0 0 0 0 0 0 0 0 0 0 0 0 0 0 0 0 0 0 0 0 0 0 0 0 0 0 0 0 0 0 0 0 0 0 0 0 0 0 0 0 0 0 0 0 0 0 0 0 0 0 0 0 0 0 0 0 0 0 0 0 0 0 0 0 0 0 0 0 0 0 0 0 0 0 0 0 0 0 0 0 0 0 0 0 0 0 0 0 0 0 0 0 0 0 0 0 0 0 0 0 0 0 0 0 0 0 0 0 0 0 0 0 0 0 0 0 0 0 0 0 0 0 0 0 0 0 0 0 0 0 0 0 0 0 0 0 0 0 0 0 0 0 0 0 0 0 0 0 0 0 0 0 0 0 0 0 0 0 0 0 0 0 0 0 0 0 0 0 0 0 0 0 0 0 0 0 0 0 0 0 0 0 0 0 0 0 0 0 0 0 0 0 0 0 0 0 0 0 0 0 0 0 0 0 0 0 0 0 0 0 0 0 0 0 0 0 0 0 0 0 0 0 0 0 0 0 0 0 0 0 0 0 0 0 0 0 0 0 0 0 0 0 0 0 0 0 0 0 0 0 0 0 0 0 0 0 0 0 0 0 0 0 0 0 0 0 0 0 0 0 0 0 0 0 0 0 0 0 0 0 0 0 0 0 0 0 0 0 0 0 0 0 0 0 0 0 0 0 0 0 0 0 0 0 0 0 0 0 0 0 0 0 0 0 0 0 0 0 0 0 0 0 0 0 0 0 0 0 0 0 0 0 0 0 0 0 0 0 0 0 0 0 0 0 0 0 0 0 0 0 0 0 0 0 0 0 0 0 0 0 0 0 0 0 0 0 0 0 0 0 0 0 0 0 0 0 0 0 0 0 0 0 0 0 0 0 0 0 0 0 0 0 0 0 0 0 0 0 0 0 0 0 0 0 0 0 0 0 0 0 0 0 0 0 0 0 0 0 0 0 0 0 0 0 0 0 0 0 0 0 0 0 0 0 0 0 0 0 0 0 0 0 0 0 0 0 0 0 0 0 0 0 0 0 0 0 0 0 0 0 0 0 0 0 0 0 0 0 0 0 0 0 0 0 0 0 0 0 0 0 0 0 0 0 0 0 0 0 0 0 0 0 0 0 0 0 0 0 0 0 0 0 0 0 0 0 0 0 0 0 0 0 0 0 0 0 0 0 0 0 0 0 0 0 0 0 0 0 0 0 0 0 0 0 0 0 0 0 0 0 0 0 0 0 0 0 0 0 0
 0 0 0 0 0 0 0 0 0 0 0 0 0 0 0 0 0 0 0 0 0 0 0 0 0 0 0 0 0 0 0 0 0 0 0 0 0 0 0 0 0 0 0 0 0 0 0 0 0 0 0 0 0 0 0 0 0 0 0 0 0 0 0 0 0 0 0 0 0 0 0 0 0 0 0 0 0 0 0 0 0 0 0 0 0 0 0 0 0 0 0 0 0 0 0 0 0 0 0 0 0 0 0 0 0 0 0 0 0 0 0 0 0 0 0 0 0 0 0 0 0 0 0 0 0 0 0 0 0 0 0 0 0 0 0 0 0 0 0 0 0 0 0 0 0 0 0 0 0 0 0 0 0 0 0 0 0 0 0 0 0 0 0 0 0 0 0 0 0 0 0 0 0 0 0 0 0 0 0 0 0 0 0 0 0 0 0 0 0 0 0 0 0 0 0 0 0 0 0 0 0 0 0 0 0 0 0 0 0 0 0 0 0 0 0 0 0 0 0 0 0 0 0 0 0 0 0 0 0 0 0 0 0 0 0 0 0 0 0 0 0 0 0 0 0 0 0 0 0 0 0 0 0 0 0 0 0 0 0 0 0 0 0 0 0 0 0 0 0 0 0 0 0 0 0 0 0 0 0 0 0 0 0 0 0 0 0 0 0 0 0 0 0 0 0 0 0 0 0 0 0 0 0 0 0 0 0 0 0 0 0 0 0 0 0 0 0 0 0 0 0 0 0 0 0 0 0 0 0 0 0 0 0 0 0 0 0 0 0 0 0 0 0 0 0 0 0 0 0 0 0 0 0 0 0 0 0 0 0 0 0 0 0 0 0 0 0 0 0 0 0 0 0 0 0 0 0 0 0 0 0 0 0 0 0 0 0 0 0 0 0 0 0 0 0 0 0 0 0 0 0 0 0 0 0 0 0 0 0 0 0 0 0 0 0 0 0 0 0 0 0 0 0 0 0 0 0 0 0 0 0 0 0 0 0 0 0 0 0 0 0 0 0 0 0 0 0 0 0 0 0 0 0 0 0 0 0 0 0 0 0 0 0 0 0 0 0 0 0 0 0 0 0 0 0 0 0 0 0 0 0 0 0 0 0 0 0 0 0 0 0 0 0 0 0 0 0 0 0 0 0 0 0 0 0 0 0 0 0 0 0 0 0 0 0 0 0 0 0 0 0 0 0 0 0 0 0 0 0 0 0 0 0 0 0 0 0 0 0 0 0 0 0 0 0 0 0 0 0 0 0 0 0 0 0 0 0 0 0 0 0 0 0 0 0 0 0 0 0 0 0 0 0 0 0 0 0 0 0 0 0 0 0 0 0 0 0 0 0 0 0 0 0 0 0 0 0 0 0 0
 0 0 0 0 0 0 0 0 0 0 0 0 0 0 0 0 0 0 0 0 0 0 0 0 0 0 0 0 0 0 0 0 0 0 0 0 0 0 0 0 0 0 0 0 0 0 0 0 0 0 0 0 0 0 0 0 0 0 0 0 0 0 0 0 0 0 0 0 0 0 0 0 0 0 0 0 0 0 0 0 0 0 0 0 0 0 0 0 0 0 0 0 0 0 0 0 0 0 0 0 0 0 0 0 0 0 0 0 0 0 0 0 0 0 0 0 0 0 0 0 0 0 0 0 0 0 0 0 0 0 0 0 0 0 0 0 0 0 0 0 0 0 0 0 0 0 0 0 0 0 0 0 0 0 0 0 0 0 0 0 0 0 0 0 0 0 0 0 0 0 0 0 0 0 0 0 0 0 0 0 0 0 0 0 0 0 0 0 0 0 0 0 0 0 0 0 0 0 0 0 0 0 0 0 0 0 0 0 0 0 0 0 0 0 0 0 0 0 0 0 0 0 0 0 0 0 0 0 0 0 0 0 0 0 0 0 0 0 0 0 0 0 0 0 0 0 0 0 0 0 0 0 0 0 0 0 0 0 0 0 0 0 0 0 0 0 0 0 0 0 0 0 0 0 0 0 0 0 0 0 0 0 0 0 0 0 0 0 0 0 0 0 0 0 0 0 0 0 0 0 0 0 0 0 0 0 0 0 0.0005240132450126112 0.001852503977715969 0.004023777320981026 0.007194436155259609 0.01149794273078442 0.01689622923731804 0.02338317222893238 0.03083646297454834 0.03921280801296234 0.04836903512477875 0.05829128623008728 0.06890598684549332 0.0802728608250618 0.09229148179292679 0.1048377230763435 0.1178871616721153 0.1315271258354187 0.1458505392074585 0.1606494188308716 0.1759105324745178 0.1915000677108765 0.2073942124843597 0.223570317029953 0.2400005459785461 0.2567128241062164 0.2737515270709991 0.288160115480423 0.2979681193828583 0.3017506301403046 0.2985558807849884 0.287767618894577 0.2733792364597321 0.259710282087326 0.2467247694730759 0.234388530254364 0.2226691097021103 0.2115356475114822 0.2009588629007339 0.1909109205007553 0.1813653707504272 0.1722971051931381 0.1636822521686554 0.1554981470108032 0.1477232426404953 0.1403370797634125 0.133320227265358 0.1266542226076126 0.12032151222229 0.1143054366111755 0.1085901632905006 0.1031606569886208 0.09800262749195099 0.09310249984264374 0.08844737708568573 0.08402501046657562 0.07982376217842102 0.07583257555961609 0.07204094529151917 0.06843889504671097 0.06501694768667221 0.06176609918475151 0.0586777925491333 0.05574390292167664 0.0529567077755928 0.05030887201428413 0.0477934293448925 0.04540375620126724 0.04313356801867485 0.04097688943147659 0.03892804682254791 0.03698164597153664 0.03513256460428238 0.03337593749165535 0.03170714154839516 0.03012178465723991 0.02861569449305534 0.02718490920960903 0.02582566440105438 0.02453438192605972 0.02330766245722771 0.02214227989315987 0.02103516645729542 0.01998340897262096 0.0189842376857996 0.01803502626717091 0.01713327504694462 0.01627661101520061 0.01546278037130833 0.01468964107334614 0.01395515911281109 0.01325740106403828 0.01259453129023314 0.01196480449289083 0.01136656384915113 0.01079823542386293 0.0102583235129714 0.009745406918227673 0.00925813615322113 0.008795229718089104 0.008355468511581421 0.007937694899737835 0.0075408099219203 0.007163769565522671 0.006805581040680408 0.006465301848948002 0.006142036989331245 0.005834935232996941 0.005543188657611609 0.005266029387712479 0.00500272773206234 0.004752591252326965 0.004514961503446102 0.004289213567972183 0.004074752796441317 0.003871015273034573 0.003677464555948973 0.003493591211736202 0.003318911651149392 0.003152966033667326 0.002995317801833153 0.002845551818609238 0.002703274134546518 0.002568110357969999 0.002439704723656178 0.002317719394341111 0.002201833529397845 0.00209174188785255 0.001987154828384519 0.001887797145172954 0.001793407252989709 0.001703736837953329 0.001618550042621791 0.001537622534669936 0.001460741390474141 0.001387704280205071 0.001318319118581712 0.001252403133548796 0.001189782982692122 0.001130293821915984 0.001073779072612524 0.001020090072415769 0.0009690855513326824 0.0009206312824971974 0.0008745997329242527 0.0008308697724714875 0.0007893262663856149 0.0007498599588871002 0.000712366949301213 0.000676748575642705 0.0006429111235775054 0.0006107655935920775 0.0005802272935397923 0.0005512159550562501 0.0005236551514826715 0.0004974724142812192 0.0004725987964775413 0.0004489688435569406 0.0004265203897375613 0.000405194383347407 0.000384934653993696 0.000365687912562862 0.0003474035183899105 0.0003300333337392658 0.000313531665597111 0.0002978550910484046 0.0002829623408615589 0.0002688142121769488 0.0002553735102992505 0.0002426048304187134 0.0002304745867149904 0.0002189508522860706 0.0002080033154925331 0.0001976031489903107 0.000187722995178774 0.0001783368497854099 0.0001694200036581606 0.000160948999109678 0.0001529015426058322 0.000145256461109966 0.0001379936438752338 0.0001310939551331103 0.0001245392631972209 0.0001183123022201471 0.0001123966867453419 0.0001067768534994684 0.0001014380104606971 9.636610775487497e-05 9.154780127573758e-05 8.697040902916342e-05 8.262188930530101e-05 7.849079702282324e-05 7.456625462509692e-05 7.083794480422512e-05 6.72960450174287e-05 6.39312420389615e-05 6.073468102840707e-05 5.769794734078459e-05 5.48130483366549e-05 5.20723951922264e-05 4.946877379552461e-05 4.69953338324558e-05 4.464556695893407e-05 4.241328861098737e-05 4.029262345284224e-05 3.82779908250086e-05 3.636409019236453e-05 3.4545886592241e-05 3.281859244452789e-05 3.117766391369514e-05 2.961878089990932e-05 2.813784158206545e-05 2.673094968486112e-05 2.539440174587071e-05 2.412468165857717e-05 2.29184479394462e-05 2.177252463297918e-05 2.068389767373446e-05 1.964970215340145e-05 1.866721686383244e-05 1.773385520209558e-05 1.684716335148551e-05 1.600480572960805e-05 1.52045649883803e-05 1.444433655706234e-05 1.372211954731029e-05 1.303601311519742e-05 1.238421282323543e-05 1.176500245492207e-05 1.117675219575176e-05 1.061791499523679e-05 1.008701929094968e-05 9.582668099028524e-06 9.103534466703422e-06 8.648357834317721e-06 8.215940397349186e-06 7.805143468431197e-06 7.414886113110697e-06 7.044141966616735e-06 6.691934686386958e-06 6.35733795206761e-06 6.039470918040024e-06 5.73749730392592e-06 5.4506226661033e-06 5.17809166922234e-06 4.919187176710693e-06 4.673227977036731e-06 4.439566509972792e-06 4.217587957100477e-06 4.006708422821248e-06 3.806373115367023e-06 3.616054527810775e-06 3.435251755945501e-06 3.263489134042175e-06 3.100314643234015e-06 2.945299002021784e-06 2.798034074658062e-06 2.658132416399894e-06 2.525225681893062e-06 2.398964397798409e-06 2.279016143802437e-06 2.165065325243631e-06 2.056812036244082e-06 1.953971377588459e-06 1.856272774602985e-06 1.763459181347571e-06 1.675286171121115e-06 1.591521822774666e-06 1.511945697529882e-06 1.436348384231678e-06 1.364530930914043e-06 1.296304390052683e-06 1.231489136443997e-06 1.169914639831404e-06 1.11141889647115e-06 1.05584797438496e-06 1.003055558612687e-06 9.529027806820523e-07 9.052576501744625e-07 8.599947705079103e-07 8.169950547198823e-07 7.761453275634267e-07 7.373380412900588e-07 7.004711619629234e-07 6.654476010226062e-07 6.321752152871341e-07 6.005664658914611e-07 5.705381340703752e-07 5.420112074716599e-07 5.149106527824188e-07 4.891651315119816e-07 4.647068863050663e-07 4.41471541989813e-07
 0 0 0 0 0 0 0 0 0 0 0 0 0 0 0 0 0 0 0 0 0 0 0 0 0 0 0 0 0 0 0 0 0 0 0 0 0 0 0 0 0 0 0 0 0 0 0 0 0 0 0 0 0 0 0 0 0 0 0 0 0 0 0 0 0 0 0 0 0 0 0 0 0 0 0 0 0 0 0 0 0 0 0 0 0 0 0 0 0 0 0 0 0 0 0 0 0 0 0 0 0 0 0 0 0 0 0 0 0 0 0 0 0 0 0 0 0 0 0 0 0 0 0 0 0 0 0 0 0 0 0 0 0 0 0 0 0 0 0 0 0 0 0 0 0 0 0 0 0 0 0 0 0 0 0 0 0 0 0 0 0 0 0 0 0 0 0 0 0 0 0 0 0 0 0 0 0 0 0 0 0 0 0 0 0 0 0 0 0 0 0 0 0 0 0 0 0 0 0 0 0 0 0 0 0 0 0 0 0 0 0 0 0 0 0 0 0 0 0 0 0 0 0 0 0 0 0 0 0 0 0 0 0 0 0 0 0 0 0 0 0 0 0 0 0 0 0 0 0 0 0 0 0 0 0 0 0 0 0 0 0 0 0 0 0 0 0 0 0 0 0 0 0 0 0 0 0 0 0 0 0 0 0 0 0 0 0 0 0 0 0 0 0 0 0 0 0 0 0 0 0 0 0 0 0 0 0 0 0 0 0 0 0 0 0 0 0 0 0 0 0 0 0 0 0 0 0 0 0 0 0 0 0 0 0 0 0 0 0 0 0 0 0 0 0 0 0 0 0 0 0 0 0 0 0 0 0 0 0 0 0 0 0 0 0 0 0 0 0 0 0 0 0 0 0 0 0 0 0 0 0 0 0 0 0 0 0 0 0 0 0 0 0 0 0 0 0 0 0 0 0 0 0 0 0 0 0 0 0 0 0 0 0 0 0 0 0 0 0 0 0 0 0 0 0 0 0 0 0 0 0 0 0 0 0 0 0 0 0 0 0 0 0 0 0 0 0 0 0 0 0 0 0 0 0 0 0 0 0 0 0 0 0 0 0 0 0 0 0 0 0 0 0 0 0 0 0 0 0 0 0 0 0 0 0 0 0 0 0 0 0 0 0 0 0 0 0 0 0 0 0 0 0 0 0 0 0 0 0 0 0 0 0 0 0 0 0 0 0 0 0 0 0 0 0 0 0 0 0 0 0 0 0 0 0 0 0 0 0 0 0 0 0 0 0 0 0 0 0 0 0 0 0 0 0 0 0 0 0 0 0 0 0 0 0 0 0 0 0 0 0 0 0 0 0 0 0 0 0 0 0 0 0 0 0 0 0 0 0 0 0 0 0 0 0 0 0 0 0 0
 0 0 0 0 0 0 0 0 0 0 0 0 0 0 0 0 0 0 0 0 0 0 0 0 0 0 0 0 0 0 0 0 0 0 0 0 0 0 0 0 0 0 0 0 0 0 0 0 0 0 0 0 0 0 0 0 0 0 0 0 0 0 0 0 0 0 0 0 0 0 0 0 0 0 0 0 0 0 0 0 0 0 0 0 0 0 0 0 0 0 0 0 0 0 0 0 0 0 0 0 0 0 0 0 0 0 0 0 0 0 0 0 0 0 0 0 0 0 0 0 0 0 0 0 0 0 0 0 0 0 0 0 0 0 0 0 0 0 0 0 0 0 0 0 0 0 0 0 0 0 0 0 0 0 0 0 0 0 0 0 0 0 0 0 0 0 0 0 0 0 0 0 0 0 0 0 0 0 0 0 0 0 0 0 0 0 0 0 0 0 0 0 0 0 0 0 0 0 0 0 0 0 0 0 0 0 0 0 0 0 0 0 0 0 0 0 0 0 0 0 0 0 0 0 0 0 0 0 0 0 0 0 0 0 0 0 0 0 0 0 0 0 0 0 0 0 0 0 0 0 0 0 0 0 0 0 0 0 0 0 0 0 0 0 0 0 0 0 0 0 0 0 0 0 0 0 0 0 0 0 0 0 0 0 0 0 0 0 0 0 0 0 0 0 0 0 0 0 0 0 0 0 0 0 0 0 0 0 0 0 0 0 0 0 0 0 0 0 0 0 0 0 0 0 0 0 0 0 0 0 0 0 0 0 0 0 0 0 0 0 0 0 0 0 0 0 0 0 0 0 0 0 0 0 0 0 0 0 0 0 0 0 0 0 0 0 0 0 0 0 0 0 0 0 0 0 0 0 0 0 0 0 0 0 0 0 0 0 0 0 0 0 0 0 0 0 0 0 0 0 0 0 0 0 0 0 0 0 0 0 0 0 0 0 0 0 0 0 0 0 0 0 0 0 0 0 0 0 0 0 0 0 0 0 0 0 0 0 0 0 0 0 0 0 0 0 0 0 0 0 0 0 0 0 0 0 0 0 0 0 0 0 0 0 0 0 0 0 0 0 0 0 0 0 0 0 0 0 0 0 0 0 0 0 0 0 0 0 0 0 0 0 0 0 0 0 0 0 0 0 0 0 0 0 0 0 0 0 0 0 0 0 0 0 0 0 0 0 0 0 0 0 0 0 0 0 0 0 0 0 0 0 0 0 0 0 0 0 0 0 0 0 0 0 0 0 0 0 0 0 0 0 0 0 0 0 0 0 0 0 0 0 0 0 0 0 0 0 0 0 0 0 0 0 0 0 0 0 0 0 0 0 0 0 0 0 0 0 0 0 0 0 0 0 0 0 0 0 0 0
 0 0 0 0 0 0 0 0 0 0 0 0 0 0 0 0 0 0 0 0 0 0 0 0 0 0 0 0 0 0 0 0 0 0 0 0 0 0 0 0 0 0 0 0 0 0 0 0 0 0 0 0 0 0 0 0 0 0 0 0 0 0 0 0 0 0 0 0 0 0 0 0 0 0 0 0 0 0 0 0 0 0 0 0 0 0 0 0 0 0 0 0 0 0 0 0 0 0 0 0 0 0 0 0 0 0 0 0 0 0 0 0 0 0 0 0 0 0 0 0 0 0 0 0 0 0 0 0 0 0 0 0 0 0 0 0 0 0 0 0 0 0 0 0 0 0 0 0 0 0 0 0 0 0 0 0 0 0 0 0 0 0 0 0 0 0 0 0 0 0 0 0 0 0 0 0 0 0 0 0 0 0 0 0 0 0 0 0 0 0 0 0 0 0 0 0 0 0 0 0 0 0 0 0 0 0 0 0 0 0 0 0 0 0 0 0 0 0 0 0 0 0 0 0 0 0 0 0 0 0 0 0 0 0 0 0 0 0 0 0 0 0 0 0 0 0 0 0 0 0 0 0 0 0 0 0 0 0 0 0 0 0 0 0 0 0 0 0 0 0 0 0 0 0 0 0 0 0 0 0 0 0 0 0 0 0 0 0 0 0 0 0 0 0 0 0 0 0 0 0 0 0 0 0 0 0 0 0 0 0 0 0 0 0 0 0 0 0 0 0 0 0 0 0 0 0 0 0 0 0 0 0 0 0 0 0 0 0 0 0 0 0 0 0 0 0 0 0 0 0 0 0 0 0 0 0 0 0 0 0 0 0 0 0 0 0 0 0 0 0 0 0 0 0 0 0 0 0 0 0 0 0 0 0 0 0 0 0 0 0 0 0 0 0 0 0 0 0 0 0 0 0 0 0 0 0 0 0 0 0 0 0 0 0 0 0 0 0 0 0 0 0 0 0 0 0 0 0 0 0 0 0 0 0 0 0 0 0 0 0 0 0 0 0 0 0 0 0 0 0 0 0 0 0 0 0 0 0 0 0 0 0 0 0 0 0 0 0 0 0 0 0 0 0 0 0 0 0 0 0 0 0 0 0 0 0 0 0 0 0 0 0 0 0 0 0 0 0 0 0 0 0 0 0 0 0 0 0 0 0 0 0 0 0 0 0 0 0 0 0 0 0 0 0 0 0 0 0 0 0 0 0 0 0 0 0 0 0 0 0 0 0 0 0 0 0 0 0 0 0 0 0 0 0 0 0 0 0 0 0 0 0 0 0 0 0 0 0 0 0 0 0 0 0 0 0 0 0 0 0 0 0 0 0 0 0 0 0 0 0 0 0 0 0 0 0 0 0 0 0
 0 0 0 0 0 0 0 0 0 0 0 0 0 0 0 0 0 0 0 0 0 0 0 0 0 0 0 0 0 0 0 0 0 0 0 0 0 0 0 0 0 0 0 0 0 0 0 0 0 0 0 0 0 0 0 0 0 0 0 0 0 0 0 0 0 0 0 0 0 0 0 0 0 0 0 0 0 0 0 0 0 0 0 0 0 0 0 0 0 0 0 0 0 0 0 0 0 0 0 0 0 0 0 0 0 0 0 0 0 0 0 0 0 0 0 0 0 0 0 0 0 0 0 0 0 0 0 0 0 0 0 0 0 0 0 0 0 0 0 0 0 0 0 0 0 0 0 0 0 0 0 0 0 0 0 0 0 0 0 0 0 0 0 0 0 0 0 0 0 0 0 0 0 0 0 0 0 0 0 0 0 0 0 0 0 0 0 0 0 0 0 0 0 0 0 0 0 0 0 0 0 0 0 0 0 0 0 0 0 0 0 0 0 0 0 0 0 0 0 0 0 0 0 0 0 0 0 0 0 0 0 0 0 0 0 0 0 0 0 0 0 0 0 0 0 0 0 0 0 0 0 0 0 0 0 0 0 0 0 0 0 0 0 0 0 0 0 0 0 0 0 0 0 0 0 0 0 0 0 0 0 0 0 0 0 0 0 0 0 0 0 0 0 0 0 0 0 0 0 0 0 0 0 0 0 0 0 0 0 0.0001051768558681943 0.0009384116856381297 0.002570620737969875 0.005071399733424187 0.008497456088662148 0.01296130660921335 0.01845633611083031 0.02491058968007565 0.03229478746652603 0.04052889719605446 0.04945002123713493 0.05900905653834343 0.06912970542907715 0.07991335541009903 0.09126874059438705 0.1032055988907814 0.1156508550047874 0.1286235004663467 0.1421541124582291 0.1562821120023727 0.1709025800228119 0.1859953999519348 0.2014569342136383 0.2172818034887314 0.2334014922380447 0.2497467398643494 0.2659411728382111 0.2793529629707336 0.2881719470024109 0.2912060618400574 0.2875989973545074 0.2766382694244385 0.2628063559532166 0.2496660351753235 0.2371827363967896 0.2253236025571823 0.2140574157238007 0.20335453748703 0.1931868046522141 0.1835274696350098 0.1743510961532593 0.1656335443258286 0.1573518663644791 0.1494842767715454 0.1420100629329681 0.1349095553159714 0.1281640827655792 0.121755875647068 0.1156680807471275 0.1098846793174744 0.1043904423713684 0.09917092323303223 0.0942123755812645 0.08950175344944 0.08502666652202606 0.08077533543109894 0.07673656940460205 0.07289974391460419 0.06925475597381592 0.065792016685009 0.0625024139881134 0.05937729403376579 0.05640842765569687 0.05358800664544106 0.05090860649943352 0.04836317524313927 0.04594501480460167 0.04364776238799095 0.04146537557244301 0.03939210623502731 0.03742250055074692 0.03555137664079666 0.03377380967140198 0.032085120677948 0.03048086538910866 0.0289568230509758 0.02750898152589798 0.02613353170454502 0.02482685446739197 0.02358551137149334 0.02240623533725739 0.02128592319786549 0.02022162638604641 0.01921054534614086 0.01825001835823059 0.01733751781284809 0.016470642760396 0.01564711146056652 0.01486475579440594 0.01412151753902435 0.01341544184833765 0.0127446698024869 0.0121074365451932 0.01150206476449966 0.01092696189880371 0.01038061361759901 0.009861582890152931 0.009368503466248512 0.008900078013539314 0.008455074392259121 0.008032320998609066 0.007630704902112484 0.007249169517308474 0.006886710878461599 0.006542375311255455 0.00621525663882494 0.005904493853449821 0.005609269253909588 0.005328805651515722 0.005062365438789129 0.004809247329831123 0.004568784963339567 0.00434034550562501 0.004123328253626823 0.003917161840945482 0.003721303772181273 0.003535238560289145 0.003358476562425494 0.003190552815794945 0.003031025175005198 0.002879473846405745 0.00273550022393465 0.002598725259304047 0.002468788996338844 0.00234534963965416 0.002228082157671452 0.002116678049787879 0.002010844182223082 0.001910301973111928 0.001814786926843226 0.001724047586321831 0.001637845183722675 0.001555952941998839 0.001478155259974301 0.001404247479513288 0.001334035070613027 0.001267333282157779 0.001203966559842229 0.001143768196925521 0.001086579752154648 0.001032250816933811 0.0009806383168324828 0.0009316063951700926 0.0008850260637700558 0.0008407747372984886 0.0007987360004335642 0.000758799200411886 0.0007208592141978443 0.0006848162738606334 0.0006505754427053034 0.0006180466734804213 0.0005871443427167833 0.0005577871343120933 0.0005298977484926581 0.000503402843605727 0.0004782326868735254 0.0004543210379779339 0.000431604974437505 0.0004100247169844806 0.0003895234840456396 0.0003700473171193153 0.0003515449643600732 0.0003339677059557289 0.000317269325023517 0.0003014058456756175 0.0002863355621229857 0.0002720187767408788 0.0002584178291726857 0.0002454969508107752 0.0002332221047254279 0.0002215610002167523 0.0002104829472955316 0.0001999587984755635 0.0001899608614621684 0.0001804628118406981 0.0001714396639727056 0.0001628676836844534 0.0001547243009554222 0.0001469880808144808 0.0001396386796841398 0.0001326567435171455 0.0001260239077964798 0.0001197227102238685 0.0001137365761678666 0.0001080497459042817 0.0001026472600642592 9.751489415066317e-05 9.263915126211941e-05 8.800719660939649e-05 8.360683568753302e-05 7.942649244796485e-05 7.545516564277932e-05 7.168240699684247e-05 6.809828482801095e-05 6.469336949521676e-05 6.145870429463685e-05 5.8385769079905e-05 5.546648026211187e-05 5.269315443001688e-05 5.005849743611179e-05 4.75555716548115e-05 4.517779234447517e-05 4.291890218155459e-05 4.077295670867898e-05 3.873430978273973e-05 3.679759538499638e-05 3.495771670714021e-05 3.320983159937896e-05 3.154934165650047e-05 2.997187402797863e-05 2.847327959898394e-05 2.704961480048951e-05 2.569713433331344e-05 2.4412278435193e-05 2.319166378583759e-05 2.203207986894995e-05 2.093047623930033e-05 1.988395160879008e-05 1.888975384645164e-05 1.79452654265333e-05 1.704800160950981e-05 1.619560134713538e-05 1.538582182547543e-05 1.461653118894901e-05 1.388570490234997e-05 1.319141938438406e-05 1.253184836969012e-05 1.190525563288247e-05 1.130999316956149e-05 1.074449392035604e-05 1.020726904243929e-05 9.696905181044713e-06 9.212059921992477e-06 8.751457244215999e-06 8.313884791277815e-06 7.898190233390778e-06 7.50328081267071e-06 7.128116976673482e-06 6.77171101415297e-06 6.433125236071646e-06 6.111468792369124e-06 5.805895398225402e-06 5.515600605576765e-06 5.239820438873721e-06 4.977829576091608e-06 4.72893816549913e-06 4.492491370911011e-06 4.267866643203888e-06 4.054473265568959e-06 3.851749625027878e-06 3.659162075564382e-06 3.476204028629581e-06 3.302393906778889e-06 3.137274234177312e-06 2.980410499731079e-06 2.83139002021926e-06 2.689820576051716e-06 2.555329501774395e-06 2.427563003948308e-06 2.306184796907473e-06 2.19087564801157e-06 2.081331786030205e-06 1.977265128516592e-06 1.878401917565498e-06 1.784481810318539e-06 1.695257765277347e-06 1.610494905435189e-06 1.529970177216455e-06 1.453471668355633e-06 1.380798039463116e-06 1.311758182964695e-06 1.246170313606854e-06 1.183861741083092e-06 1.124668642660254e-06 1.06843526737066e-06 1.015013481264759e-06 9.642627674111282e-07 9.160496574622812e-07 8.702471632204833e-07 8.267347766377497e-07 7.853980150684947e-07 7.461281370524375e-07 7.088217444106704e-07 6.733806685588206e-07 6.397116294465377e-07 6.077260650272365e-07 5.773397333541652e-07 5.484727694238245e-07 5.210491167417786e-07 4.94996641009493e-07 4.702468174855312e-07
 0 0 0 0 0 0 0 0 0 0 0 0 0 0 0 0 0 0 0 0 0 0 0 0 0 0 0 0 0 0 0 0 0 0 0 0 0 0 0 0 0 0 0 0 0 0 0 0 0 0 0 0 0 0 0 0 0 0 0 0 0 0 0 0 0 0 0 0 0 0 0 0 0 0 0 0 0 0 0 0 0 0 0 0 0 0 0 0 0 0 0 0 0 0 0 0 0 0 0 0 0 0 0 0 0 0 0 0 0 0 0 0 0 0 0 0 0 0 0 0 0 0 0 0 0 0 0 0 0 0 0 0 0 0 0 0 0 0 0 0 0 0 0 0 0 0 0 0 0 0 0 0 0 0 0 0 0 0 0 0 0 0 0 0 0 0 0 0 0 0 0 0 0 0 0 0 0 0 0 0 0 0 0 0 0 0 0 0 0 0 0 0 0 0 0 0 0 0 0 0 0 0 0 0 0 0 0 0 0 0 0 0 0 0 0 0 0 0 0 0 0 0 0 0 0 0 0 0 0 0 0 0 0 0 0 0 0 0 0 0 0 0 0 0 0 0 0 0 0 0 0 0 0 0 0 0 0 0 0 0 0 0 0 0 0 0 0 0 0 0 0 0 0 0 0 0 0 0 0 0 0 0 0 0 0 0 0 0 0 0 0 0 0 0 0 0 0 0 0 0 0 0 0 0 0 0 0 0 0 0 0 0 0 0 0 0 0 0 0 0 0 0 0 0 0 0 0 0 0 0 0 0 0 0 0 0 0 0 0 0 0 0 0 0 0 0 0 0 0 0 0 0 0 0 0 0 0 0 0 0 0 0 0 0 0 0 0 0 0 0 0 0 0 0 0 0 0 0 0 0 0 0 0 0 0 0 0 0 0 0 0 0 0 0 0 0 0 0 0 0 0 0 0 0 0 0 0 0 0 0 0 0 0 0 0 0 0 0 0 0 0 0 0 0 0 0 0 0 0 0 0 0 0 0 0 0 0 0 0 0 0 0 0 0 0 0 0 0 0 0 0 0 0 0 0 0 0 0 0 0 0 0 0 0 0 0 0 0 0 0 0 0 0 0 0 0 0 0 0 0 0 0 0 0 0 0 0 0 0 0 0 0 0 0 0 0 0 0 0 0 0 0 0 0 0 0 0 0 0 0 0 0 0 0 0 0 0 0 0 0 0 0 0 0 0 0 0 0 0 0 0 0 0 0 0 0 0 0 0 0 0 0 0 0 0 0 0 0 0 0 0 0 0 0 0 0 0 0 0 0 0 0 0 0 0 0 0 0 0 0 0 0 0 0 0 0 0 0 0 0 0 0 0 0 0 0 0 0 0 0 0 0 0 0 0 0 0 0 0 0
 0 0 0 0 0 0 0 0 0 0 0 0 0 0 0 0 0 0 0 0 0 0 0 0 0 0 0 0 0 0 0 0 0 0 0 0 0 0 0 0 0 0 0 0 0 0 0 0 0 0 0 0 0 0 0 0 0 0 0 0 0 0 0 0 0 0 0 0 0 0 0 0 0 0 0 0 0 0 0 0 0 0 0 0 0 0 0 0 0 0 0 0 0 0 0 0 0 0 0 0 0 0 0 0 0 0 0 0 0 0 0 0 0 0 0 0 0 0 0 0 0 0 0 0 0 0 0 0 0 0 0 0 0 0 0 0 0 0 0 0 0 0 0 0 0 0 0 0 0 0 0 0 0 0 0 0 0 0 0 0 0 0 0 0 0 0 0 0 0 0 0 0 0 0 0 0 0 0 0 0 0 0 0 0 0 0 0 0 0 0 0 0 0 0 0 0 0 0 0 0 0 0 0 0 0 0 0 0 0 0 0 0 0 0 0 0 0 0 0 0 0 0 0 0 0 0 0 0 0 0 0 0 0 0 0 0 0 0 0 0 0 0 0 0 0 0 0 0 0 0 0 0 0 0 0 0 0 0 0 0 0 0 0 0 0 0 0 0 0 0 0 0 0 0 0 0 0 0 0 0 0 0 0 0 0 0 0 0 0 0 0 0 0 0 0 0 0 0 0 0 0 0 0 0 0 0 0 0 0 0 0 0 0 0 0 0 0 0 0 0 0 0 0 0 0 0 0 0 0 0 0 0 0 0 0 0 0 0 0 0 0 0 0 0 0 0 0 0 0 0 0 0 0 0 0 0 0 0 0 0 0 0 0 0 0 0 0 0 0 0 0 0 0 0 0 0 0 0 0 0 0 0 0 0 0 0 0 0 0 0 0 0 0 0 0 0 0 0 0 0 0 0 0 0 0 0 0 0 0 0 0 0 0 0 0 0 0 0 0 0 0 0 0 0 0 0 0 0 0 0 0 0 0 0 0 0 0 0 0 0 0 0 0 0 0 0 0 0 0 0 0 0 0 0 0 0 0 0 0 0 0 0 0 0 0 0 0 0 0 0 0 0 0 0 0 0 0 0 0 0 0 0 0 0 0 0 0 0 0 0 0 0 0 0 0 0 0 0 0 0 0 0 0 0 0 0 0 0 0 0 0 0 0 0 0 0 0 0 0 0 0 0 0 0 0 0 0 0 0 0 0 0 0 0 0 0 0 0 0 0 0 0 0 0 0 0 0 0 0 0 0 0 0 0 0 0 0 0 0 0 0 0 0 0 0 0 0 0 0 0 0 0 0 0 0 0 0 0 0 0 0 0 0 0 0 0 0 0 0 0 0 0 0 0 0 0 0 0 0 0
 0 0 0 0 0 0 0 0 0 0 0 0 0 0 0 0 0 0 0 0 0 0 0 0 0 0 0 0 0 0 0 0 0 0 0 0 0 0 0 0 0 0 0 0 0 0 0 0 0 0 0 0 0 0 0 0 0 0 0 0 0 0 0 0 0 0 0 0 0 0 0 0 0 0 0 0 0 0 0 0 0 0 0 0 0 0 0 0 0 0 0 0 0 0 0 0 0 0 0 0 0 0 0 0 0 0 0 0 0 0 0 0 0 0 0 0 0 0 0 0 0 0 0 0 0 0 0 0 0 0 0 0 0 0 0 0 0 0 0 0 0 0 0 0 0 0 0 0 0 0 0 0 0 0 0 0 0 0 0 0 0 0 0 0 0 0 0 0 0 0 0 0 0 0 0 0 0 0 0 0 0 0 0 0 0 0 0 0 0 0 0 0 0 0 0 0 0 0 0 0 0 0 0 0 0 0 0 0 0 0 0 0 0 0 0 0 0 0 0 0 0 0 0 0 0 0 0 0 0 0 0 0 0 0 0 0 0 0 0 0 0 0 0 0 0 0 0 0 0 0 0 0 0 0 0 0 0 0 0 0 0 0 0 0 0 0 0 0 0 0 0 0 0 0 0 0 0 0 0 0 0 0 0 0 0 0 0 0 0 0 0 0 0 0 0 0 0 0 0 0 0 0 0 0 0 0 0 0 0 0 0 0 0 0 0 0 0 0 0 0 0 0 0 0 0 0 0 0 0 0 0 0 0 0 0 0 0 0 0 0 0 0 0 0 0 0 0 0 0 0 0 0 0 0 0 0 0 0 0 0 0 0 0 0 0 0 0 0 0 0 0 0 0 0 0 0 0 0 0 0 0 0 0 0 0 0 0 0 0 0 0 0 0 0 0 0 0 0 0 0 0 0 0 0 0 0 0 0 0 0 0 0 0 0 0 0 0 0 0 0 0 0 0 0 0 0 0 0 0 0 0 0 0 0 0 0 0 0 0 0 0 0 0 0 0 0 0 0 0 0 0 0 0 0 0 0 0 0 0 0 0 0 0 0 0 0 0 0 0 0 0 0 0 0 0 0 0 0 0 0 0 0 0 0 0 0 0 0 0 0 0 0 0 0 0 0 0 0 0 0 0 0 0 0 0 0 0 0 0 0 0 0 0 0 0 0 0 0 0 0 0 0 0 0 0 0 0 0 0 0 0 0 0 0 0 0 0 0 0 0 0 0 0 0 0 0 0 0 0 0 0 0 0 0 0 0 0 0 0 0 0 0 0 0 0 0 0 0 0 0 0 0 0 0 0 0 0 0 0 0 0 0 0 0 0 0 0 0 0 0 0 0 0 0 0 0 0 0 0 0
 0 0 0 0 0 0 0 0 0 0 0 0 0 0 0 0 0 0 0 0 0 0 0 0 0 0 0 0 0 0 0 0 0 0 0 0 0 0 0 0 0 0 0 0 0 0 0 0 0 0 0 0 0 0 0 0 0 0 0 0 0 0 0 0 0 0 0 0 0 0 0 0 0 0 0 0 0 0 0 0 0 0 0 0 0 0 0 0 0 0 0 0 0 0 0 0 0 0 0 0 0 0 0 0 0 0 0 0 0 0 0 0 0 0 0 0 0 0 0 0 0 0 0 0 0 0 0 0 0 0 0 0 0 0 0 0 0 0 0 0 0 0 0 0 0 0 0 0 0 0 0 0 0 0 0 0 0 0 0 0 0 0 0 0 0 0 0 0 0 0 0 0 0 0 0 0 0 0 0 0 0 0 0 0 0 0 0 0 0 0 0 0 0 0 0 0 0 0 0 0 0 0 0 0 0 0 0 0 0 0 0 0 0 0 0 0 0 0 0 0 0 0 0 0 0 0 0 0 0 0 0 0 0 0 0 0 0 0 0 0 0 0 0 0 0 0 0 0 0 0 0 0 0 0 0 0 0 0 0 0 0 0 0 0 0 0 0 0 0 0 0 0 0 0 0 0 0 0 0 0 0 0 0 0 0 0 0 0 0 0 0 0 0 0 0 0 0 0 0 0 0 0 0 0 0 0 0 0.000192843159311451 0.001109650242142379 0.00284319999627769 0.005500419996678829 0.0091667165979743 0.01392541546374559 0.01973005197942257 0.02663081884384155 0.03449375927448273 0.04311010986566544 0.0524357482790947 0.06240956857800484 0.0730515718460083 0.08425446599721909 0.09607403725385666 0.1085571870207787 0.1216391026973724 0.135272815823555 0.1493954658508301 0.1640008538961411 0.1790599077939987 0.1944429576396942 0.2101410925388336 0.2261200547218323 0.2423169761896133 0.2588171064853668 0.2744229435920715 0.2866635918617249 0.2938664257526398 0.2948805093765259 0.2889437675476074 0.2754630744457245 0.2616899311542511 0.2486054301261902 0.2361751645803452 0.2243664115667343 0.2131480872631073 0.2024906873703003 0.1923661530017853 0.1827478408813477 0.1736104488372803 0.1649299263954163 0.1566834300756454 0.1488492637872696 0.1414068043231964 0.1343364715576172 0.1276196539402008 0.1212386712431908 0.1151767373085022 0.1094179004430771 0.1039470061659813 0.09874965250492096 0.09381216764450073 0.08912155777215958 0.08466547727584839 0.08043220639228821 0.07641059905290604 0.07259006798267365 0.06896056234836578 0.06551253795623779 0.06223691254854202 0.05912506580352783 0.0561688132584095 0.05336037278175354 0.0506923533976078 0.04815773665904999 0.04574985057115555 0.0434623584151268 0.04128924012184143 0.0392247773706913 0.03726353868842125 0.03540036082267761 0.03363034129142761 0.03194882348179817 0.03035138174891472 0.02883381210267544 0.02739212103188038 0.02602251432836056 0.02472138777375221 0.02348531782627106 0.02231105230748653 0.02119549922645092 0.02013572491705418 0.01912893913686275 0.0181724913418293 0.01726386696100235 0.01640067435801029 0.01558064110577106 0.01480160932987928 0.01406152918934822 0.01335845235735178 0.01269053015857935 0.01205600332468748 0.01145320292562246 0.01088054291903973 0.01033651549369097 0.009819690138101578 0.009328705258667469 0.008862270042300224 0.008419156074523926 0.007998198270797729 0.007598288357257843 0.007218373939394951 0.006857455242425203 0.006514582317322493 0.006188853178173304 0.005879410542547703 0.005585439968854189 0.005306167993694544 0.005040859803557396 0.004788816906511784 0.004549376200884581 0.004321907181292772 0.004105811938643456 0.00390052143484354 0.003705495269969106 0.003520220518112183 0.003344209399074316 0.003176998812705278 0.003018148941919208 0.002867241390049458 0.002723879413679242 0.002587685361504555 0.002458301139995456 0.00233538611792028 0.002218616893514991 0.002107686130329967 0.002002301858738065 0.001902186777442694 0.001807077438570559 0.001716723549179733 0.001630887389183044 0.001549342996440828 0.001471875817514956 0.00139828200917691 0.00132836785633117 0.001261949422769248 0.001198851969093084 0.00113890937063843 0.00108196388464421 0.001027865684591234 0.000976472394540906 0.000927648798096925 0.000881266372743994 0.0008372030570171773 0.0007953429012559354 0.00075557577656582 0.0007177969673648477 0.0006819071131758392 0.000647811742965132 0.0006154211587272584 0.0005846500862389803 0.0005554175586439669 0.0005276466836221516 0.0005012643523514271 0.0004762011230923235 0.0004523910756688565 0.0004297715204302222 0.0004082829400431365 0.000387868785765022 0.0003684753319248557 0.0003500515595078468 0.0003325489815324545 0.0003159215266350657 0.0003001254517585039 0.0002851191675290465 0.0002708632091525942 0.0002573200617916882 0.000244454073254019 0.000232231366680935 0.0002206197968916968 0.0002095888048643246 0.0001991093595279381 0.0001891538850031793 0.0001796961878426373 0.0001707113842712715 0.0001621758128749207 0.0001540670200483873 0.0001463636726839468 0.0001390454854117706 0.0001320932060480118 0.0001254885428352281 0.0001192141135106795 0.0001132534089265391 0.0001075907348422334 0.0001022111973725259 9.710063750389963e-05 9.224560926668346e-05 8.763332880334929e-05 8.325165981659666e-05 7.90890771895647e-05 7.513462333008647e-05 7.137789361877367e-05 6.780900002922863e-05 6.441854930017143e-05 6.11976211075671e-05 5.81377389607951e-05 5.523085201275535e-05 5.246930959401652e-05 4.984584302292205e-05 4.735355105367489e-05 4.498587441048585e-05 4.273658123565838e-05 4.059975253767334e-05 3.856976400129497e-05 3.664127507363446e-05 3.480921077425592e-05 3.306875078123994e-05 3.141531487926841e-05 2.984454840770923e-05 2.835232044162694e-05 2.693470378289931e-05 2.558796768425964e-05 2.430856875434984e-05 2.309314004378393e-05 2.19384837691905e-05 2.08415603992762e-05 1.979948319785763e-05 1.880950912891421e-05 1.786903339962009e-05 1.697558218438644e-05 1.612680352991447e-05 1.532046371721663e-05 1.455444089515368e-05 1.382671871397179e-05 1.313538268732373e-05 1.247861382580595e-05 1.185468317999039e-05 1.126194911194034e-05 1.069885183824226e-05 1.016390888253227e-05 9.655713256506715e-06 9.172928002953995e-06 8.71428164828103e-06 8.278567293018568e-06 7.864638973842375e-06 7.471407116099726e-06 7.097836714820005e-06 6.742945060977945e-06 6.405797648767475e-06 6.085507720854366e-06 5.781232175650075e-06 5.492170657817042e-06 5.217561920289882e-06 4.956683824275387e-06 4.708849701273721e-06 4.473406988836359e-06 4.249736775818747e-06 4.037249709654134e-06 3.835387360595632e-06 3.643617901616381e-06 3.461437017904245e-06 3.288365178377717e-06 3.123946953564882e-06 2.967749651361373e-06 2.819362180161988e-06 2.678394139365992e-06 2.54447445513506e-06 2.417250698272255e-06 2.296388174727326e-06 2.181568788728327e-06 2.072490360660595e-06 1.968865944945719e-06 1.870422693173168e-06 1.776901513039775e-06 1.688056386228709e-06 1.603653572601615e-06 1.523470928077586e-06 1.447297336198972e-06 1.374932480757707e-06 1.30618582261377e-06 1.240876486008347e-06 1.178832690129639e-06 1.11989106699184e-06 1.0638965477483e-06 1.010701680570492e-06 9.601666306480183e-07 9.12158270693908e-07 8.665503514748707e-07 8.232228196902724e-07 7.820617042852973e-07 7.429586048601777e-07 7.058106916701945e-07 6.705201371914882e-07 6.369941161210591e-07 6.051444074728352e-07 5.748871672039968e-07 5.461428145281388e-07 5.188356908547576e-07 4.92893889258994e-07 4.682491976382153e-07 4.448367292297917e-07 4.225948941893876e-07
 0 0 0 0 0 0 0 0 0 0 0 0 0 0 0 0 0 0 0 0 0 0 0 0 0 0 0 0 0 0 0 0 0 0 0 0 0 0 0 0 0 0 0 0 0 0 0 0 0 0 0 0 0 0 0 0 0 0 0 0 0 0 0 0 0 0 0 0 0 0 0 0 0 0 0 0 0 0 0 0 0 0 0 0 0 0 0 0 0 0 0 0 0 0 0 0 0 0 0 0 0 0 0 0 0 0 0 0 0 0 0 0 0 0 0 0 0 0 0 0 0 0 0 0 0 0 0 0 0 0 0 0 0 0 0 0 0 0 0 0 0 0 0 0 0 0 0 0 0 0 0 0 0 0 0 0 0 0 0 0 0 0 0 0 0 0 0 0 0 0 0 0 0 0 0 0 0 0 0 0 0 0 0 0 0 0 0 0 0 0 0 0 0 0 0 0 0 0 0 0 0 0 0 0 0 0 0 0 0 0 0 0 0 0 0 0 0 0 0 0 0 0 0 0 0 0 0 0 0 0 0 0 0 0 0 0 0 0 0 0 0 0 0 0 0 0 0 0 0 0 0 0 0 0 0 0 0 0 0 0 0 0 0 0 0 0 0 0 0 0 0 0 0 0 0 0 0 0 0 0 0 0 0 0 0 0 0 0 0 0 0 0 0 0 0 0 0 0 0 0 0 0 0 0 0 0 0 0 0 0 0 0 0 0 0 0 0 0 0 0 0 0 0 0 0 0 0 0 0 0 0 0 0 0 0 0 0 0 0 0 0 0 0 0 0 0 0 0 0 0 0 0 0 0 0 0 0 0 0 0 0 0 0 0 0 0 0 0 0 0 0 0 0 0 0 0 0 0 0 0 0 0 0 0 0 0 0 0 0 0 0 0 0 0 0 0 0 0 0 0 0 0 0 0 0 0 0 0 0 0 0 0 0 0 0 0 0 0 0 0 0 0 0 0 0 0 0 0 0 0 0 0 0 0 0 0 0 0 0 0 0 0 0 0 0 0 0 0 0 0 0 0 0 0 0 0 0 0 0 0 0 0 0 0 0 0 0 0 0 0 0 0 0 0 0 0 0 0 0 0 0 0 0 0 0 0 0 0 0 0 0 0 0 0 0 0 0 0 0 0 0 0 0 0 0 0 0 0 0 0 0 0 0 0 0 0 0 0 0 0 0 0 0 0 0 0 0 0 0 0 0 0 0 0 0 0 0 0 0 0 0 0 0 0 0 0 0 0 0 0 0 0 0 0 0 0 0 0 0 0 0 0 0 0 0 0 0 0 0 0 0 0 0 0 0 0 0 0 0 0 0 0 0 0 0 0 0 0 0 0 0 0 0 0 0 0 0 0 0 0
 0 0 0 0 0 0 0 0 0 0 0 0 0 0 0 0 0 0 0 0 0 0 0 0 0 0 0 0 0 0 0 0 0 0 0 0 0 0 0 0 0 0 0 0 0 0 0 0 0 0 0 0 0 0 0 0 0 0 0 0 0 0 0 0 0 0 0 0 0 0 0 0 0 0 0 0 0 0 0 0 0 0 0 0 0 0 0 0 0 0 0 0 0 0 0 0 0 0 0 0 0 0 0 0 0 0 0 0 0 0 0 0 0 0 0 0 0 0 0 0 0 0 0 0 0 0 0 0 0 0 0 0 0 0 0 0 0 0 0 0 0 0 0 0 0 0 0 0 0 0 0 0 0 0 0 0 0 0 0 0 0 0 0 0 0 0 0 0 0 0 0 0 0 0 0 0 0 0 0 0 0 0 0 0 0 0 0 0 0 0 0 0 0 0 0 0 0 0 0 0 0 0 0 0 0 0 0 0 0 0 0 0 0 0 0 0 0 0 0 0 0 0 0 0 0 0 0 0 0 0 0 0 0 0 0 0 0 0 0 0 0 0 0 0 0 0 0 0 0 0 0 0 0 0 0 0 0 0 0 0 0 0 0 0 0 0 0 0 0 0 0 0 0 0 0 0 0 0 0 0 0 0 0 0 0 0 0 0 0 0 0 0 0 0 0 0 0 0 0 0 0 0 0 0 0 0 0 0 0 0 0 0 0 0 0 0 0 0 0 0 0 0 0 0 0 0 0 0 0 0 0 0 0 0 0 0 0 0 0 0 0 0 0 0 0 0 0 0 0 0 0 0 0 0 0 0 0 0 0 0 0 0 0 0 0 0 0 0 0 0 0 0 0 0 0 0 0 0 0 0 0 0 0 0 0 0 0 0 0 0 0 0 0 0 0 0 0 0 0 0 0 0 0 0 0 0 0 0 0 0 0 0 0 0 0 0 0 0 0 0 0 0 0 0 0 0 0 0 0 0 0 0 0 0 0 0 0 0 0 0 0 0 0 0 0 0 0 0 0 0 0 0 0 0 0 0 0 0 0 0 0 0 0 0 0 0 0 0 0 0 0 0 0 0 0 0 0 0 0 0 0 0 0 0 0 0 0 0 0 0 0 0 0 0 0 0 0 0 0 0 0 0 0 0 0 0 0 0 0 0 0 0 0 0 0 0 0 0 0 0 0 0 0 0 0 0 0 0 0 0 0 0 0 0 0 0 0 0 0 0 0 0 0 0 0 0 0 0 0 0 0 0 0 0 0 0 0 0 0 0 0 0 0 0 0 0 0 0 0 0 0 0 0 0 0 0 0 0 0 0 0 0 0 0 0 0 0 0 0 0 0 0 0 0 0 0 0 0 0 0
 0 0 0 0 0 0 0 0 0 0 0 0 0 0 0 0 0 0 0 0 0 0 0 0 0 0 0 0 0 0 0 0 0 0 0 0 0 0 0 0 0 0 0 0 0 0 0 0 0 0 0 0 0 0 0 0 0 0 0 0 0 0 0 0 0 0 0 0 0 0 0 0 0 0 0 0 0 0 0 0 0 0 0 0 0 0 0 0 0 0 0 0 0 0 0 0 0 0 0 0 0 0 0 0 0 0 0 0 0 0 0 0 0 0 0 0 0 0 0 0 0 0 0 0 0 0 0 0 0 0 0 0 0 0 0 0 0 0 0 0 0 0 0 0 0 0 0 0 0 0 0 0 0 0 0 0 0 0 0 0 0 0 0 0 0 0 0 0 0 0 0 0 0 0 0 0 0 0 0 0 0 0 0 0 0 0 0 0 0 0 0 0 0 0 0 0 0 0 0 0 0 0 0 0 0 0 0 0 0 0 0 0 0 0 0 0 0 0 0 0 0 0 0 0 0 0 0 0 0 0 0 0 0 0 0 0 0 0 0 0 0 0 0 0 0 0 0 0 0 0 0 0 0 0 0 0 0 0 0 0 0 0 0 0 0 0 0 0 0 0 0 0 0 0 0 0 0 0 0 0 0 0 0 0 0 0 0 0 0 0 0 0 0 0 0 0 0 0 0 0 0 0 0 0 0 0 0 0 0 0 0 0 0 0 0 0 0 0 0 0 0 0 0 0 0 0 0 0 0 0 0 0 0 0 0 0 0 0 0 0 0 0 0 0 0 0 0 0 0 0 0 0 0 0 0 0 0 0 0 0 0 0 0 0 0 0 0 0 0 0 0 0 0 0 0 0 0 0 0 0 0 0 0 0 0 0 0 0 0 0 0 0 0 0 0 0 0 0 0 0 0 0 0 0 0 0 0 0 0 0 0 0 0 0 0 0 0 0 0 0 0 0 0 0 0 0 0 0 0 0 0 0 0 0 0 0 0 0 0 0 0 0 0 0 0 0 0 0 0 0 0 0 0 0 0 0 0 0 0 0 0 0 0 0 0 0 0 0 0 0 0 0 0 0 0 0 0 0 0 0 0 0 0 0 0 0 0 0 0 0 0 0 0 0 0 0 0 0 0 0 0 0 0 0 0 0 0 0 0 0 0 0 0 0 0 0 0 0 0 0 0 0 0 0 0 0 0 0 0 0 0 0 0 0 0 0 0 0 0 0 0 0 0 0 0 0 0 0 0 0 0 0 0 0 0 0 0 0 0 0 0 0 0 0 0 0 0 0 0 0 0 0 0 0 0 0 0 0 0 0 0 0 0 0 0 0 0 0 0 0 0 0 0 0 0 0 0 0 0 0
 0 0 0 0 0 0 0 0 0 0 0 0 0 0 0 0 0 0 0 0 0 0 0 0 0 0 0 0 0 0 0 0 0 0 0 0 0 0 0 0 0 0 0 0 0 0 0 0 0 0 0 0 0 0 0 0 0 0 0 0 0 0 0 0 0 0 0 0 0 0 0 0 0 0 0 0 0 0 0 0 0 0 0 0 0 0 0 0 0 0 0 0 0 0 0 0 0 0 0 0 0 0 0 0 0 0 0 0 0 0 0 0 0 0 0 0 0 0 0 0 0 0 0 0 0 0 0 0 0 0 0 0 0 0 0 0 0 0 0 0 0 0 0 0 0 0 0 0 0 0 0 0 0 0 0 0 0 0 0 0 0 0 0 0 0 0 0 0 0 0 0 0 0 0 0 0 0 0 0 0 0 0 0 0 0 0 0 0 0 0 0 0 0 0 0 0 0 0 0 0 0 0 0 0 0 0 0 0 0 0 0 0 0 0 0 0 0 0 0 0 0 0 0 0 0 0 0 0 0 0 0 0 0 0 0 0 0 0 0 0 0 0 0 0 0 0 0 0 0 0 0 0 0 0 0 0 0 0 0 0 0 0 0 0 0 0 0 0 0 0 0 0 0 0 0 0 0 0 0 0 0 0 0 0 0 0 0 0 0 0 0 0 0 0 0 0 0 0 0 0 0 0 0 0 0 0 0 0 0.0003971414407715201 0.00159785186406225 0.003635630011558533 0.006625039502978325 0.01062183827161789 0.0156609620898962 0.02171066962182522 0.02862704917788506 0.03645731136202812 0.04509523510932922 0.05450695380568504 0.06459323316812515 0.075400710105896 0.0869305431842804 0.09896944463253021 0.1113989353179932 0.1242983043193817 0.1378049850463867 0.1519331187009811 0.1664827913045883 0.1815338730812073 0.1969780921936035 0.2127522528171539 0.2288860976696014 0.2453643977642059 0.2622217535972595 0.277570515871048 0.289113461971283 0.2953644990921021 0.2951475083827972 0.2877266108989716 0.2733402848243713 0.2596732676029205 0.2466896027326584 0.2343551218509674 0.2226373702287674 0.2115055024623871 0.2009302228689194 0.1908837109804153 0.1813395321369171 0.1722725629806519 0.163658931851387 0.155475988984108 0.1477021872997284 0.1403170824050903 0.1333012282848358 0.1266361624002457 0.1203043535351753 0.1142891347408295 0.1085746809840202 0.1031459495425224 0.09798865020275116 0.09308921545743942 0.08843475580215454 0.08401301503181458 0.07981236279010773 0.07582174241542816 0.07203065603971481 0.0684291198849678 0.06500766426324844 0.06175728142261505 0.05866941809654236 0.05573594570159912 0.05294914916157722 0.050301693379879 0.04778660833835602 0.04539727792143822 0.04312741383910179 0.04097104445099831 0.03892249241471291 0.03697636723518372 0.03512755036354065 0.03337117284536362 0.03170261532068253 0.03011748380959034 0.02861160971224308 0.02718102931976318 0.02582197822630405 0.02453088015317917 0.02330433577299118 0.02213911898434162 0.02103216387331486 0.01998055540025234 0.01898152753710747 0.01803245022892952 0.01713082753121853 0.01627428643405437 0.01546057220548391 0.0146875437349081 0.01395316608250141 0.01325550768524408 0.01259273197501898 0.01196309551596642 0.01136494055390358 0.01079669315367937 0.01025685854256153 0.009744015522301197 0.009256814606487751 0.008793974295258522 0.008354275487363338 0.007936561480164528 0.007539733313024044 0.007162746507674456 0.006804609205573797 0.006464378908276558 0.006141160149127245 0.005834102164953947 0.005542397033423185 0.005265277344733477 0.00500201340764761 0.004751912783831358 0.004514317028224468 0.004288601223379374 0.004074171185493469 0.003870462533086538 0.00367693929001689 0.003493092255666852 0.003318437607958913 0.003152515739202499 0.002994889859110117 0.002845145296305418 0.00270288810133934 0.002567743649706244 0.002439356409013271 0.002317388541996479 0.002201519208028913 0.002091443166136742 0.001986871007829905 0.001887527410872281 0.001793151022866368 0.001703493529930711 0.001618318841792643 0.001537402858957648 0.001460532657802105 0.001387506024912 0.001318130758590996 0.001252224203199148 0.001189613016322255 0.00113013235386461 0.001073625753633678 0.001019944436848164 0.0009689471917226911 0.0009204998495988548 0.0008744748774915934 0.0008307511452585459 0.0007892135763540864 0.0007497529149986804 0.0007122652605175972 0.0006766520091332495 0.0006428193883039057 0.0006106783985160291 0.0005801444640383124 0.0005511372582986951 0.0005235804128460586 0.0004974014009349048 0.0004725313337985426 0.0004489047569222748 0.0004264595336280763 0.0004051365540362895 0.0003848797350656241 0.0003656357584986836 0.0003473539836704731 0.0003299862728454173 0.0003134869621135294 0.0002978126285597682 0.0002829220029525459 0.0002687759115360677 0.0002553371014073491 0.0002425702405162156 0.0002304417284904048 0.0002189196384279057 0.0002079736586892977 0.0001975749764824286 0.000187696234206669 0.0001783114275895059 0.0001693958620307967 0.0001609260652912781 0.0001528797583887354 0.0001452357682865113 0.0001379739842377603 0.0001310752850258723 0.0001245215244125575 0.0001182954511023127 0.0001123806796385907 0.0001067616467480548 0.000101423567684833 9.635239257477224e-05 9.153477003565058e-05 8.695803262526169e-05 8.261013135779649e-05 7.847962842788547e-05 7.455564627889544e-05 7.082786760292947e-05 6.728647713316604e-05 6.392215436790138e-05 6.072604810469784e-05 5.768974733655341e-05 5.480525942402892e-05 5.206499554333277e-05 4.946174522046931e-05 4.698865814134479e-05 4.463922596187331e-05 4.240726411808282e-05 4.028690091217868e-05 3.827255568467081e-05 3.635892790043727e-05 3.454098259680904e-05 3.281393219367601e-05 3.117323649348691e-05 2.961457539640833e-05 2.813384708133526e-05 2.672715527296532e-05 2.539079832786229e-05 2.41212583205197e-05 2.291519558639266e-05 2.176943598897196e-05 2.068096364382654e-05 1.964691546163522e-05 1.866457023425028e-05 1.773134135873988e-05 1.684477501839865e-05 1.600253563083243e-05 1.520240857644239e-05 1.444228837499395e-05 1.372017413814319e-05 1.303416502196342e-05 1.238245658896631e-05 1.176333353214432e-05 1.117516694648657e-05 1.061640887201065e-05 1.008558865578379e-05 9.581309313944075e-06 9.102243893721607e-06 8.647131835459732e-06 8.214775334636215e-06 7.804036613379139e-06 7.413834737235447e-06 7.043142886686837e-06 6.690985628665658e-06 6.356436188070802e-06 6.038614174030954e-06 5.736683306167834e-06 5.449849140859442e-06 5.177356797503307e-06 4.918489139527082e-06 4.672564500651788e-06 4.438936230144463e-06 4.21698950958671e-06 4.00613998863264e-06 3.80583287551417e-06 3.615541118051624e-06 3.434764039411675e-06 3.263025746491621e-06 3.099874447798356e-06 2.944880634458968e-06 2.797636625473388e-06 2.657754748724983e-06 2.524867113606888e-06 2.398623792032595e-06 2.278692591062281e-06 2.164757916034432e-06 2.056520088444813e-06 1.953693981704419e-06 1.856009248513146e-06 1.76320872924407e-06 1.675048338256602e-06 1.591295927028114e-06 1.511731170467101e-06 1.436144657418481e-06 1.364337435916241e-06 1.296120558436087e-06 1.231314513461257e-06 1.169748770735168e-06 1.111261326514068e-06 1.055698248819681e-06 1.002913336378697e-06 9.527676638754201e-07 9.051292977346748e-07 8.598728413744539e-07 8.16879207832244e-07 7.760352218610933e-07 7.372334493993549e-07 7.003717996667547e-07 6.653531841038784e-07 6.320855163721717e-07 6.004812576065888e-07 5.704571890419174e-07 5.419343551693601e-07 5.148376658326015e-07 4.890957825409714e-07 4.646410047826066e-07 4.414089573856472e-07
 0 0 0 0 0 0 0 0 0 0 0 0 0 0 0 0 0 0 0 0 0 0 0 0 0 0 0 0 0 0 0 0 0 0 0 0 0 0 0 0 0 0 0 0 0 0 0 0 0 0 0 0 0 0 0 0 0 0 0 0 0 0 0 0 0 0 0 0 0 0 0 0 0 0 0 0 0 0 0 0 0 0 0 0 0 0 0 0 0 0 0 0 0 0 0 0 0 0 0 0 0 0 0 0 0 0 0 0 0 0 0 0 0 0 0 0 0 0 0 0 0 0 0 0 0 0 0 0 0 0 0 0 0 0 0 0 0 0 0 0 0 0 0 0 0 0 0 0 0 0 0 0 0 0 0 0 0 0 0 0 0 0 0 0 0 0 0 0 0 0 0 0 0 0 0 0 0 0 0 0 0 0 0 0 0 0 0 0 0 0 0 0 0 0 0 0 0 0 0 0 0 0 0 0 0 0 0 0 0 0 0 0 0 0 0 0 0 0 0 0 0 0 0 0 0 0 0 0 0 0 0 0 0 0 0 0 0 0 0 0 0 0 0 0 0 0 0 0 0 0 0 0 0 0 0 0 0 0 0 0 0 0 0 0 0 0 0 0 0 0 0 0 0 0 0 0 0 0 0 0 0 0 0 0 0 0 0 0 0 0 0 0 0 0 0 0 0 0 0 0 0 0 0 0 0 0 0 0 0 0 0 0 0 0 0 0 0 0 0 0 0 0 0 0 0 0 0 0 0 0 0 0 0 0 0 0 0 0 0 0 0 0 0 0 0 0 0 0 0 0 0 0 0 0 0 0 0 0 0 0 0 0 0 0 0 0 0 0 0 0 0 0 0 0 0 0 0 0 0 0 0 0 0 0 0 0 0 0 0 0 0 0 0 0 0 0 0 0 0 0 0 0 0 0 0 0 0 0 0 0 0 0 0 0 0 0 0 0 0 0 0 0 0 0 0 0 0 0 0 0 0 0 0 0 0 0 0 0 0 0 0 0 0 0 0 0 0 0 0 0 0 0 0 0 0 0 0 0 0 0 0 0 0 0 0 0 0 0 0 0 0 0 0 0 0 0 0 0 0 0 0 0 0 0 0 0 0 0 0 0 0 0 0 0 0 0 0 0 0 0 0 0 0 0 0 0 0 0 0 0 0 0 0 0 0 0 0 0 0 0 0 0 0 0 0 0 0 0 0 0 0 0 0 0 0 0 0 0 0 0 0 0 0 0 0 0 0 0 0 0 0 0 0 0 0 0 0 0 0 0 0 0 0 0 0 0 0 0 0 0 0 0 0 0 0 0 0 0 0 0 0 0 0 0 0 0 0 0 0 0 0 0 0 0 0 0 0 0 0 0
 0 0 0 0 0 0 0 0 0 0 0 0 0 0 0 0 0 0 0 0 0 0 0 0 0 0 0 0 0 0 0 0 0 0 0 0 0 0 0 0 0 0 0 0 0 0 0 0 0 0 0 0 0 0 0 0 0 0 0 0 0 0 0 0 0 0 0 0 0 0 0 0 0 0 0 0 0 0 0 0 0 0 0 0 0 0 0 0 0 0 0 0 0 0 0 0 0 0 0 0 0 0 0 0 0 0 0 0 0 0 0 0 0 0 0 0 0 0 0 0 0 0 0 0 0 0 0 0 0 0 0 0 0 0 0 0 0 0 0 0 0 0 0 0 0 0 0 0 0 0 0 0 0 0 0 0 0 0 0 0 0 0 0 0 0 0 0 0 0 0 0 0 0 0 0 0 0 0 0 0 0 0 0 0 0 0 0 0 0 0 0 0 0 0 0 0 0 0 0 0 0 0 0 0 0 0 0 0 0 0 0 0 0 0 0 0 0 0 0 0 0 0 0 0 0 0 0 0 0 0 0 0 0 0 0 0 0 0 0 0 0 0 0 0 0 0 0 0 0 0 0 0 0 0 0 0 0 0 0 0 0 0 0 0 0 0 0 0 0 0 0 0 0 0 0 0 0 0 0 0 0 0 0 0 0 0 0 0 0 0 0 0 0 0 0 0 0 0 0 0 0 0 0 0 0 0 0 0 0 0 0 0 0 0 0 0 0 0 0 0 0 0 0 0 0 0 0 0 0 0 0 0 0 0 0 0 0 0 0 0 0 0 0 0 0 0 0 0 0 0 0 0 0 0 0 0 0 0 0 0 0 0 0 0 0 0 0 0 0 0 0 0 0 0 0 0 0 0 0 0 0 0 0 0 0 0 0 0 0 0 0 0 0 0 0 0 0 0 0 0 0 0 0 0 0 0 0 0 0 0 0 0 0 0 0 0 0 0 0 0 0 0 0 0 0 0 0 0 0 0 0 0 0 0 0 0 0 0 0 0 0 0 0 0 0 0 0 0 0 0 0 0 0 0 0 0 0 0 0 0 0 0 0 0 0 0 0 0 0 0 0 0 0 0 0 0 0 0 0 0 0 0 0 0 0 0 0 0 0 0 0 0 0 0 0 0 0 0 0 0 0 0 0 0 0 0 0 0 0 0 0 0 0 0 0 0 0 0 0 0 0 0 0 0 0 0 0 0 0 0 0 0 0 0 0 0 0 0 0 0 0 0 0 0 0 0 0 0 0 0 0 0 0 0 0 0 0 0 0 0 0 0 0 0 0 0 0 0 0 0 0 0 0 0 0 0 0 0 0 0 0 0 0 0 0 0 0 0 0 0 0 0 0 0 0 0 0 0 0 0


# name: r_0_m12_G0_L0p3_D0p7
# type: matrix
# rows: 1
# columns: 14
 0 -12 0.2 0 0.3 0 -8.493318333333333 0 0 0.1660938059551494 0 136.5 1.048808848170152 0.7




