# Created by Octave 3.8.2, Mon Jun 19 11:40:42 2017 BST <co1ssj@node117>
# name: result
# type: scalar struct
# ndims: 2
 1 1
# length: 3
# name: params
# type: scalar struct
# ndims: 2
 1 1
# length: 18
# name: cleanup
# type: scalar
0


# name: num_runs
# type: scalar
6


# name: dopamine
# type: scalar
0.7


# name: targetCross
# type: scalar
1


# name: targetLuminance
# type: scalar
0.3


# name: targetWidthX
# type: scalar
6


# name: targetWidthY
# type: scalar
2


# name: fixCross
# type: scalar
1


# name: fixLuminance
# type: scalar
0.2


# name: fixWidthX
# type: scalar
6


# name: fixWidthY
# type: scalar
2


# name: fixOn
# type: scalar
0


# name: targetOff
# type: scalar
1


# name: targetOn
# type: scalar
0.2


# name: fixOff
# type: scalar
0.2


# name: targetThetaX
# type: scalar
0


# name: targetThetaY
# type: scalar
-9


# name: exptnum
# type: scalar
0




# name: r_0_m9_G0_L0p3_D0p7_llbn
# type: matrix
# rows: 24
# columns: 600
 0 0 0 0 0 0 0 0 0 0 0 0 0 0 0 0 0 0 0 0 0 0 0 0 0 0 0 0 0 0 0 0 0 0 0 0 0 0 0 0 0 0 0 0 0 0 0 0 0 0 0 0 0 0 0 0 0 0 0 0 0 0 0 0 0 0 0 0 0 0 0 0 0 0 0 0 0 0 0 0 0 0 0 0 0 0 0 0 0 0 0 0 0 0 0 0 0 0 0 0 0 0 0 0 0 0 0 0 0 0 0 0 0 0 0 0 0 0 0 0 0 0 0 0 0 0 0 0 0 0 0 0 0 0 0 0 0 0 0 0 0 0 0 0 0 0 0 0 0 0 0 0 0 0 0 0 0 0 0 0 0 0 0 0 0 0 0 0 0 0 0 0 0 0 0 0 0 0 0 0 0 0 0 0 0 0 0 0 0 0 0 0 0 0 0 0 0 0 0 0 0 0 0 0 0 0 0 0 0 0 0 0 0 0 0 0 0 0 0 0 0 0 0 0 0 0 0 0 0 0 0 0 0 0 0 0 0 0 0 0 0 0 0 0 0 0 0 0 0 0 0 0 0 0 0 0 0 0 0 0 0 0 0 0 0 0 0 0 0 0 0 0 0 0 0 0 0 0 0 0 0 0 0 0 0 0 0 0 0 0 0 0 0 0 0 0 0 0 0 0 0 0 0 0 0 0 0 0 0 0 0 0 0 0 0 0 0 0 0 0 0 0 0 0 0 0 0 0 0 0 0 0 0 0 0 0 0 0 0 0 0 0 0 0 0 0 0 0 0 0 0 0 0 0 0 0 0 0 0 0 0 0 0 0 0 0 0 0 0 0 0 0 0 0 0 0 0 0 0 0 0 0 0 0 0 0 0 0 0 0 0 0 0 0 0 0 0 0 0 0 0 0 0 0 0 0 0 0 0 0 0 0 0 0 0 0 0 0 0 0 0 0 0 0 0 0 0 0 0 0 0 0 0 0 0 0 0 0 0 0 0 0 0 0 0 0 0 0 0 0 0 0 0 0 0 0 0 0 0 0 0 0 0 0 0 0 0 0 0 0 0 0 0 0 0 0 0 0 0 0 0 0 0 0 0 0 0 0 0 0 0 0 0 0 0 0 0 0 0 0 0 0 0 0 0 0 0 0 0 0 0 0 0 0 0 0 0 0 0 0 0 0 0 0 0 0 0 0 0 0 0 0 0 0 0 0 0 0 0 0 0 0 0 0 0 0 0 0 0 0 0 0 0 0 0 0 0 0 0 0 0 0 0 0 0 0 0 0 0 0 0 0 0 0 0 0 0 0 0 0 0 0 0 0 0 0 0 0 0 0 0 0 0 0 0 0 0 0 0 0
 0 0 0 0 0 0 0 0 0 0 0 0 0 0 0 0 0 0 0 0 0 0 0 0 0 0 0 0 0 0 0 0 0 0 0 0 0 0 0 0 0 0 0 0 0 0 0 0 0 0 0 0 0 0 0 0 0 0 0 0 0 0 0 0 0 0 0 0 0 0 0 0 0 0 0 0 0 0 0 0 0 0 0 0 0 0 0 0 0 0 0 0 0 0 0 0 0 0 0 0 0 0 0 0 0 0 0 0 0 0 0 0 0 0 0 0 0 0 0 0 0 0 0 0 0 0 0 0 0 0 0 0 0 0 0 0 0 0 0 0 0 0 0 0 0 0 0 0 0 0 0 0 0 0 0 0 0 0 0 0 0 0 0 0 0 0 0 0 0 0 0 0 0 0 0 0 0 0 0 0 0 0 0 0 0 0 0 0 0 0 0 0 0 0 0 0 0 0 0 0 0 0 0 0 0 0 0 0 0 0 0 0 0 0 0 0 0 0 0 0 0 0 0 0 0 0 0 0 0 0 0 0 0 0 0 0 0 0 0 0 0 0 0 0 0 0 0 0 0 0 0 0 0 0 0 0 0 0 0 0 0 0 0 0 0 0 0 0 0 0 0 0 0 0 0 0 0 0 0 0 0 0 0 0 0 0 0 0 0 0 0 0 0 0 0 0 0 0 0 0 0 0 0 0.0001086821939679794 0.0007693971856497228 0.001976662781089544 0.003721228800714016 0.00598839670419693 0.008709325455129147 0.01189225260168314 0.01552572287619114 0.01953749731183052 0.0239573996514082 0.02869183756411076 0.03368214890360832 0.03894906863570213 0.0444866307079792 0.05030297115445137 0.05643023550510406 0.06283489614725113 0.06951577961444855 0.07639958709478378 0.08347564935684204 0.0907256081700325 0.09806757420301437 0.1055192798376083 0.1131214126944542 0.1208808198571205 0.1288092732429504 0.1369233429431915 0.145210936665535 0.153606653213501 0.162061020731926 0.1700489372014999 0.1758420914411545 0.1782926172018051 0.176686629652977 0.170512393116951 0.161986768245697 0.1538874357938766 0.1461930572986603 0.1388834118843079 0.1319392472505569 0.1253422796726227 0.1190751641988754 0.1131214052438736 0.1074653342366219 0.1020920649170876 0.09698746353387833 0.09213808923959732 0.0875311866402626 0.08315462619066238 0.07899689674377441 0.07504705339670181 0.07129470258951187 0.06772996485233307 0.06434346735477448 0.06112629547715187 0.05806998163461685 0.05516648292541504 0.05240815877914429 0.04978775233030319 0.047298364341259 0.04493344575166702 0.04268677532672882 0.04055243730545044 0.0385248139500618 0.0365985743701458 0.03476864472031593 0.03303021192550659 0.03137870132923126 0.02980976551771164 0.02831927686929703 0.02690331265330315 0.02555814757943153 0.0242802407592535 0.02306622825562954 0.02191291749477386 0.02081727236509323 0.01977640949189663 0.01878758892416954 0.01784820854663849 0.01695579849183559 0.01610800810158253 0.01530260778963566 0.01453747786581516 0.01381060387939215 0.01312007382512093 0.01246406976133585 0.01184086594730616 0.01124882232397795 0.01068638078868389 0.01015206146985292 0.009644458070397377 0.009162235073745251 0.008704123087227345 0.008268916979432106 0.007855471223592758 0.007462697569280863 0.007089562714099884 0.00673508457839489 0.006398330442607403 0.006078413687646389 0.005774492863565683 0.005485768429934978 0.005211479961872101 0.004950906150043011 0.004703360609710217 0.004468192346394062 0.004244782961905003 0.004032543860375881 0.003830916713923216 0.003639370901510119 0.003457402344793081 0.003284532111138105 0.003120305482298136 0.002964290324598551 0.002816075924783945 0.002675272058695555 0.00254150852560997 0.002414433052763343 0.002293711295351386 0.002179025672376156 0.002070074435323477 0.001966570736840367 0.001868242165073752 0.001774830045178533 0.001686088507995009 0.001601784024387598 0.001521694823168218 0.001445610076189041 0.001373329549096525 0.001304663019254804 0.001239429926499724 0.00117745844181627 0.001118585467338562 0.00106265617068857 0.001009523402899504 0.0009590472327545285 0.0009110948885791004 0.0008655401179566979 0.0008222631295211613 0.0007811499526724219 0.0007420924375765026 0.00070498778950423 0.0006697383942082524 0.0006362514686770737 0.0006044388865120709 0.0005742169450968504 0.0005455060745589435 0.0005182307795621455 0.0004923192318528891 0.0004677032702602446 0.0004443181096576154 0.0004221021954435855 0.0004009970871265978 0.0003809472254943103 0.0003618998744059354 0.0003438048879615963 0.0003266146522946656 0.0003102839109487832 0.0002947697066701949 0.0002800312358886003 0.0002660296740941703 0.0002527281758375466 0.0002400917728664353 0.0002280871849507093 0.0002166828198824078 0.000205848686164245 0.0001955562474904582 0.0001857784372987226 0.0001764895132509992 0.0001676650426816195 0.000159281786181964 0.0001513176976004615 0.0001437518076272681 0.0001365642237942666 0.0001297360140597448 0.0001232492068083957 0.0001170867471955717 0.0001112324098357931 0.0001056707915267907 0.0001003872530418448 9.536789002595469e-05 9.05994966160506e-05 8.606952178524807e-05 8.176604751497507e-05 7.767774513922632e-05 7.379386079264805e-05 7.010416447883472e-05 6.659895734628662e-05 6.326900620479137e-05 6.010555443936028e-05 5.710027835448273e-05 5.424526534625329e-05 5.153300298843533e-05 4.895635356660932e-05 4.650853588827886e-05 4.418311073095538e-05 4.197395537630655e-05 3.987525633419864e-05 3.788149479078129e-05 3.598742114263587e-05 3.418805135879666e-05 3.247864879085682e-05 3.08547168970108e-05 2.931198105216026e-05 2.784638127195649e-05 2.645406129886396e-05 2.513135768822394e-05 2.387478889431804e-05 2.268104981340002e-05 2.154699723178055e-05 2.046964800683782e-05 1.944616633409169e-05 1.847385829023551e-05 1.75501645571785e-05 1.667265678406693e-05 1.583902485435829e-05 1.504707324784249e-05 1.429471922165249e-05 1.357998371531721e-05 1.2900984074804e-05 1.225593496201327e-05 1.164313835033681e-05 1.106098170566838e-05 1.050793252943549e-05 9.982535630115308e-06 9.483408575761132e-06 9.009238056023605e-06 8.558776244171895e-06 8.13083715911489e-06 7.724294846411794e-06 7.338080195040675e-06 6.971176389924949e-06 6.622617547691334e-06 6.291486897680443e-06 5.976912689220626e-06 5.67806728213327e-06 5.394163963501342e-06 5.124455583427334e-06 4.868232736043865e-06 4.624821031029569e-06 4.393580184114398e-06 4.173901288595516e-06 3.965206360589946e-06 3.766946065297816e-06 3.57859880750766e-06 3.399668912607012e-06 3.229685489714029e-06 3.068201294809114e-06 2.914791139119188e-06 2.769051661744015e-06 2.630599055919447e-06 2.499069069017423e-06 2.37411563830392e-06 2.25540975407057e-06 2.14263923226099e-06 2.035507350228727e-06 1.933731937242555e-06 1.837045374486479e-06 1.745193117130839e-06 1.657933466958639e-06 1.575036776557681e-06 1.496284994573216e-06 1.421470756213239e-06 1.350397269561654e-06 1.282877406083571e-06 1.21873358693847e-06 1.157796873485495e-06 1.099907080970297e-06 1.044911755343492e-06 9.92666173260659e-07 9.430328873349936e-07 8.958812713899533e-07 8.510871793987462e-07 8.085328317974927e-07 5.547047840082087e-05 0.0002281462802784517 0.0005080391420051455 0.0008923325221985579 0.001378312357701361 0.001964188879355788 0.002638359321281314 0.003391761798411608 0.004219084978103638 0.005106453318148851 0.006052609533071518 0.00705677317455411 0.008118776604533195 0.009236773476004601 0.01041065994650126 0.01163949351757765 0.01291277073323727 0.01422591507434845 0.01557147689163685 0.01694765314459801 0.01834473572671413 0.01975385099649429 0.02117341011762619
 0 0 0 0 0 0 0 0 0 0 0 0 0 0 0 0 0 0 0 0 0 0 0 0 0 0 0 0 0 0 0 0 0 0 0 0 0 0 0 0 0 0 0 0 0 0 0 0 0 0 0 0 0 0 0 0 0 0 0 0 0 0 0 0 0 0 0 0 0 0 0 0 0 0 0 0 0 0 0 0 0 0 0 0 0 0 0 0 0 0 0 0 0 0 0 0 0 0 0 0 0 0 0 0 0 0 0 0 0 0 0 0 0 0 0 0 0 0 0 0 0 0 0 0 0 0 0 0 0 0 0 0 0 0 0 0 0 0 0 0 0 0 0 0 0 0 0 0 0 0 0 0 0 0 0 0 0 0 0 0 0 0 0 0 0 0 0 0 0 0 0 0 0 0 0 0 0 0 0 0 0 0 0 0 0 0 0 0 0 0 0 0 0 0 0 0 0 0 0 0 0 0 0 0 0 0 0 0 0 0 0 0 0 0 0 0 0 0 0 0 0 0 0 0 0 0 0 0 0 0 0 0 0 0 0 0 0 0 0 0 0 0 0 0 0 0 0 0 0 0 0 0 0 0 0 0 0 0 0 0 0 0 0 0 0 0 0 0 0 0 0 0 0 0 0 0 0 0 0 0 0 0 0 0 0 0 0 0 0 0 0 0 0 0 0 0 0 0 0 0 0 0 0 0 0 0 0 0 0 0 0 0 0 0 0 0 0 0 0 0 0 0 0 0 0 0 0 0 0 0 0 0 0 0 0 0 0 0 0 0 0 0 0 0 0 0 0 0 0 0 0 0 0 0 0 0 0 0 0 0 0 0 0 0 0 0 0 0 0 0 0 0 0 0 0 0 0 0 0 0 0 0 0 0 0 0 0 0 0 0 0 0 0 0 0 0 0 0 0 0 0 0 0 0 0 0 0 0 0 0 0 0 0 0 0 0 0 0 0 0 0 0 0 0 0 0 0 0 0 0 0 0 0 0 0 0 0 0 0 0 0 0 0 0 0 0 0 0 0 0 0 0 0 0 0 0 0 0 0 0 0 0 0 0 0 0 0 0 0 0 0 0 0 0 0 0 0 0 0 0 0 0 0 0 0 0 0 0 0 0 0 0 0 0 0 0 0 0 0 0 0 0 0 0 0 0 0 0 0 0 0 0 0 0 0 0 0 0 0 0 0 0 0 0 0 0 0 0 0 0 0 0 0 0 0 0 0 0 0 0 0 0 0 0 0 0 0 0 0 0 0 0 0 0 0 0 0 0 0 0 0 0 0 0 0 0 0 0 0 0 0 0 0 0 0 0 0 0 0 0 0 0 0 0 0 0 0 0 0 0 0 0 0 0 0 0 0 0 0 0
 0 0 0 0 0 0 0 0 0 0 0 0 0 0 0 0 0 0 0 0 0 0 0 0 0 0 0 0 0 0 0 0 0 0 0 0 0 0 0 0 0 0 0 0 0 0 0 0 0 0 0 0 0 0 0 0 0 0 0 0 0 0 0 0 0 0 0 0 0 0 0 0 0 0 0 0 0 0 0 0 0 0 0 0 0 0 0 0 0 0 0 0 0 0 0 0 0 0 0 0 0 0 0 0 0 0 0 0 0 0 0 0 0 0 0 0 0 0 0 0 0 0 0 0 0 0 0 0 0 0 0 0 0 0 0 0 0 0 0 0 0 0 0 0 0 0 0 0 0 0 0 0 0 0 0 0 0 0 0 0 0 0 0 0 0 0 0 0 0 0 0 0 0 0 0 0 0 0 0 0 0 0 0 0 0 0 0 0 0 0 0 0 0 0 0 0 0 0 0 0 0 0 0 0 0 0 0 0 0 0 0 0 0 0 0 0 0 0 0 0 0 0 0 0 0 0 0 0 0 0 0 0 0 0 0 0 0 0 0 0 0 0 0 0 0 0 0 0 0 0 0 0 0 0 0 0 0 0 0 0 0 0 0 0 0 0 0 0 0 0 0 0 0 0 0 0 0 0 0 0 0 0 0 0 0 0 0 0 0 0 0 0 0 0 0 0 0 0 0 0 0 0 0 0 0 0 0 0 0 0 0 0 0 0 0 0 0 0 0 0 0 0 0 0 0 0 0 0 0 0 0 0 0 0 0 0 0 0 0 0 0 0 0 0 0 0 0 0 0 0 0 0 0 0 0 0 0 0 0 0 0 0 0 0 0 0 0 0 0 0 0 0 0 0 0 0 0 0 0 0 0 0 0 0 0 0 0 0 0 0 0 0 0 0 0 0 0 0 0 0 0 0 0 0 0 0 0 0 0 0 0 0 0 0 0 0 0 0 0 0 0 0 0 0 0 0 0 0 0 0 0 0 0 0 0 0 0 0 0 0 0 0 0 0 0 0 0 0 0 0 0 0 0 0 0 0 0 0 0 0 0 0 0 0 0 0 0 0 0 0 0 0 0 0 0 0 0 0 0 0 0 0 0 0 0 0 0 0 0 0 0 0 0 0 0 0 0 0 0 0 0 0 0 0 0 0 0 0 0 0 0 0 0 0 0 0 0 0 0 0 0 0 0 0 0 0 0 0 0 0 0 0 0 0 0 0 0 0 0 0 0 0 0 0 0 0 0 0 0 0 0 0 0 0 0 0 0 0 0 0 0 0 0 0 0 0 0 0 0 0 0 0 0 0 0 0 0 0 0 0 0 0 0 0 0 0 0 0 0 0 0 0 0 0 0 0 0 0 0 0
 0 0 0 0 0 0 0 0 0 0 0 0 0 0 0 0 0 0 0 0 0 0 0 0 0 0 0 0 0 0 0 0 0 0 0 0 0 0 0 0 0 0 0 0 0 0 0 0 0 0 0 0 0 0 0 0 0 0 0 0 0 0 0 0 0 0 0 0 0 0 0 0 0 0 0 0 0 0 0 0 0 0 0 0 0 0 0 0 0 0 0 0 0 0 0 0 0 0 0 0 0 0 0 0 0 0 0 0 0 0 0 0 0 0 0 0 0 0 0 0 0 0 0 0 0 0 0 0 0 0 0 0 0 0 0 0 0 0 0 0 0 0 0 0 0 0 0 0 0 0 0 0 0 0 0 0 0 0 0 0 0 0 0 0 0 0 0 0 0 0 0 0 0 0 0 0 0 0 0 0 0 0 0 0 0 0 0 0 0 0 0 0 0 0 0 0 0 0 0 0 0 0 0 0 0 0 0 0 0 0 0 0 0 0 0 0 0 0 0 0 0 0 0 0 0 0 0 0 0 0 0 0 0 0 0 0 0 0 0 0 0 0 0 0 0 0 0 0 0 0 0 0 0 0 0 0 0 0 0 0 0 0 0 0 0 0 0 0 0 0 0 0 0 0 0 0 0 0 0 0 0 0 0 0 0 0 0 0 0 0 0 0 0 0 0 0 0 0 0 0 0 0 0 0 0 0 0 0 0 0 0 0 0 0 0 0 0 0 0 0 0 0 0 0 0 0 0 0 0 0 0 0 0 0 0 0 0 0 0 0 0 0 0 0 0 0 0 0 0 0 0 0 0 0 0 0 0 0 0 0 0 0 0 0 0 0 0 0 0 0 0 0 0 0 0 0 0 0 0 0 0 0 0 0 0 0 0 0 0 0 0 0 0 0 0 0 0 0 0 0 0 0 0 0 0 0 0 0 0 0 0 0 0 0 0 0 0 0 0 0 0 0 0 0 0 0 0 0 0 0 0 0 0 0 0 0 0 0 0 0 0 0 0 0 0 0 0 0 0 0 0 0 0 0 0 0 0 0 0 0 0 0 0 0 0 0 0 0 0 0 0 0 0 0 0 0 0 0 0 0 0 0 0 0 0 0 0 0 0 0 0 0 0 0 0 0 0 0 0 0 0 0 0 0 0 0 0 0 0 0 0 0 0 0 0 0 0 0 0 0 0 0 0 0 0 0 0 0 0 0 0 0 0 0 0 0 0 0 0 0 0 0 0 0 0 0 0 0 0 0 0 0 0 0 0 0 0 0 0 0 0 0 0 0 0 0 0 0 0 0 0 0 0 0 0 0 0 0 0 0 0 0 0 0 0 0 0 0 0 0 0 0 0 0 0 0 0 0 0 0
 0 0 0 0 0 0 0 0 0 0 0 0 0 0 0 0 0 0 0 0 0 0 0 0 0 0 0 0 0 0 0 0 0 0 0 0 0 0 0 0 0 0 0 0 0 0 0 0 0 0 0 0 0 0 0 0 0 0 0 0 0 0 0 0 0 0 0 0 0 0 0 0 0 0 0 0 0 0 0 0 0 0 0 0 0 0 0 0 0 0 0 0 0 0 0 0 0 0 0 0 0 0 0 0 0 0 0 0 0 0 0 0 0 0 0 0 0 0 0 0 0 0 0 0 0 0 0 0 0 0 0 0 0 0 0 0 0 0 0 0 0 0 0 0 0 0 0 0 0 0 0 0 0 0 0 0 0 0 0 0 0 0 0 0 0 0 0 0 0 0 0 0 0 0 0 0 0 0 0 0 0 0 0 0 0 0 0 0 0 0 0 0 0 0 0 0 0 0 0 0 0 0 0 0 0 0 0 0 0 0 0 0 0 0 0 0 0 0 0 0 0 0 0 0 0 0 0 0 0 0 0 0 0 0 0 0 0 0 0 0 0 0 0 0 0 0 0 0 0 0 0 0 0 0 0 0 0 0 0 0 0 0 0 0 0 0 0 0 0 0 0 0 0 0 0 0 0 0 0 0 0 0 0 0 0 0 0 0 0 0 0 0 0 0 0 0 0 0 0 0 0 0 7.178923260653391e-05 0.000695555005222559 0.001876715570688248 0.003602260025218129 0.005878766998648643 0.008699869737029076 0.01200362201780081 0.01576647721230984 0.01994813978672028 0.02450397424399853 0.02939645014703274 0.03451775759458542 0.03993552923202515 0.04567812010645866 0.05171379446983337 0.0580485463142395 0.06463687866926193 0.07144995033740997 0.07848057150840759 0.08565103262662888 0.09291655570268631 0.1002973318099976 0.107818990945816 0.1155075654387474 0.1233540773391724 0.1313817501068115 0.1396026462316513 0.1479852944612503 0.1565193682909012 0.1651194244623184 0.1728134006261826 0.1780240088701248 0.1797424256801605 0.1772849410772324 0.1702286452054977 0.1617172062397003 0.1536313444375992 0.1459497809410095 0.1386522948741913 0.1317196786403656 0.1251336932182312 0.1188770085573196 0.1129331588745117 0.1072864979505539 0.1019221693277359 0.09682606160640717 0.09198475629091263 0.08738552033901215 0.08301624655723572 0.07886543124914169 0.07492215931415558 0.07117605209350586 0.06761725246906281 0.06423638761043549 0.06102456897497177 0.05797334015369415 0.05507467314600945 0.0523209385573864 0.0497048906981945 0.0472196452319622 0.0448586642742157 0.04261573031544685 0.04048494249582291 0.03846069425344467 0.03653765842318535 0.03471077606081963 0.03297523781657219 0.03132647648453712 0.02976015210151672 0.02827214449644089 0.02685853652656078 0.02551561035215855 0.02423983067274094 0.02302783913910389 0.02187644690275192 0.02078262530267239 0.01974349468946457 0.0187563207000494 0.0178185049444437 0.01692757941782475 0.0160812009125948 0.0152771407738328 0.0145132839679718 0.01378761976957321 0.01309823896735907 0.01244332734495401 0.01182116102427244 0.01123010274022818 0.01066859718412161 0.0101351672783494 0.009628408588469028 0.009146988391876221 0.008689639158546925 0.008255157619714737 0.00784240011125803 0.007450280245393515 0.007077766116708517 0.006723877973854542 0.006387684028595686 0.006068299990147352 0.005764884874224663 0.005476640537381172 0.005202808417379856 0.004942668136209249 0.004695534706115723 0.004460758063942194 0.004237720277160406 0.004025834146887064 0.003824542509391904 0.00363331544212997 0.003451649565249681 0.003279067110270262 0.003115113824605942 0.002959358040243387 0.002811390208080411 0.00267082080245018 0.002537279855459929 0.002410415792837739 0.002289894968271255 0.002175400266423821 0.002066630171611905 0.001963298767805099 0.001865133875980973 0.001771877170540392 0.001683283364400268 0.001599119161255658 0.00151916325557977 0.001443205052055418 0.001371044781990349 0.001302492571994662 0.001237367978319526 0.001175499521195889 0.001116724568419158 0.001060888287611306 0.001007843879051507 0.0009574517025612295 0.0009095791028812528 0.0008641001768410206 0.0008208951912820339 0.0007798504084348679 0.0007408579112961888 0.0007038150215521455 0.0006686242995783687 0.0006351930787786841 0.0006034334073774517 0.0005732617573812604 0.0005445986753329635 0.000517368724104017 0.0004915003082714975 0.0004669252957683057 0.0004435790178831667 0.0004214000655338168 0.0004003300564363599 0.0003803135477937758 0.0003612978616729379 0.000343232968589291 0.0003260713128838688 0.000309767754515633 0.0002942793653346598 0.0002795653999783099 0.0002655871212482452 0.0002523077710065991 0.0002396923810010776 0.0002277077583130449 0.0002163223689422011 0.0002055062504950911 0.000195230939425528 0.0001854693982750177 0.0001761959283612669 0.0001673861261224374 0.0001590168249094859 0.0001510659785708413 0.0001435126760043204 0.0001363370392937213 0.0001295201946049929 0.0001230441848747432 0.0001168919770861976 0.0001110473749577068 0.000105495004390832 0.0001002202552626841 9.520924504613504e-05 9.044878243003041e-05 8.592634549131617e-05 8.163003076333553e-05 7.754853140795603e-05 7.367110811173916e-05 6.99875527061522e-05 6.648817361565307e-05 6.316376675385982e-05 6.000557914376259e-05 5.700530164176598e-05 5.41550361958798e-05 5.144728493178263e-05 4.887492104899138e-05 4.643117426894605e-05 4.410961628309451e-05 4.190413528704084e-05 3.980892870458774e-05 3.781848135986365e-05 3.592755820136517e-05 3.413117883610539e-05 3.24246211675927e-05 3.080338865402155e-05 2.926321940321941e-05 2.780005888780579e-05 2.641005630721338e-05 2.508955367375165e-05 2.383507671765983e-05 2.264332215418108e-05 2.151115586457308e-05 2.043559834419284e-05 1.941381924552843e-05 1.844312828325201e-05 1.7520971596241e-05 1.664492265263107e-05 1.581267679284792e-05 1.5022043044155e-05 1.427094048267463e-05 1.355739368591458e-05 1.287952363782097e-05 1.223554772877833e-05 1.162377066066256e-05 1.104258171835681e-05 1.049045295076212e-05 9.965930075850338e-06 9.467633390158881e-06 8.994251402327791e-06 8.544539014110342e-06 8.117312063404825e-06 7.711446414759848e-06 7.325874321395531e-06 6.959580787224695e-06 6.61160174786346e-06 6.281021796894493e-06 5.966970547888195e-06 5.668622179655358e-06 5.38519088877365e-06 5.115931344334967e-06 4.860134595219279e-06 4.617128070094623e-06 4.386271484690951e-06 4.166957751294831e-06 3.958609795517987e-06 3.76067919205525e-06 3.572645255189855e-06 3.394012992430362e-06 3.22431242238963e-06 3.063096755795414e-06 2.90994194074301e-06 2.76444484370586e-06 2.626222567414516e-06 2.494911541361944e-06 2.370165930187795e-06 2.251657633678406e-06 2.139074695151066e-06 2.032120846706675e-06 1.930514827108709e-06 1.833989131228009e-06 1.742289668982266e-06 1.655175196901837e-06 1.572416408635036e-06 1.493795593887626e-06 1.419105842614954e-06 1.348150590274599e-06 1.280743049392186e-06 1.216705868500867e-06 1.15587056370714e-06 1.098077063943492e-06 1.043173256221053e-06 9.910146445690771e-07 9.414638952875976e-07 8.943907232605852e-07 8.496712098349235e-07 8.071876322901517e-07 7.668282364647894e-07 7.560006633866578e-05 0.0002755849272944033 0.0005862364778295159 0.0009951847605407238 0.001496206503361464 0.002086171880364418 0.002761743729934096 0.003519232850521803 0.004348211921751499 0.005247104912996292 0.006213655695319176 0.007244518026709557 0.008328972384333611 0.009454308077692986 0.01061735115945339 0.01181604247540236 0.01305041369050741 0.01431476231664419 0.01560427248477936 0.0169162955135107 0.01824689283967018 0.01959415897727013 0.02095120213925838
 0 0 0 0 0 0 0 0 0 0 0 0 0 0 0 0 0 0 0 0 0 0 0 0 0 0 0 0 0 0 0 0 0 0 0 0 0 0 0 0 0 0 0 0 0 0 0 0 0 0 0 0 0 0 0 0 0 0 0 0 0 0 0 0 0 0 0 0 0 0 0 0 0 0 0 0 0 0 0 0 0 0 0 0 0 0 0 0 0 0 0 0 0 0 0 0 0 0 0 0 0 0 0 0 0 0 0 0 0 0 0 0 0 0 0 0 0 0 0 0 0 0 0 0 0 0 0 0 0 0 0 0 0 0 0 0 0 0 0 0 0 0 0 0 0 0 0 0 0 0 0 0 0 0 0 0 0 0 0 0 0 0 0 0 0 0 0 0 0 0 0 0 0 0 0 0 0 0 0 0 0 0 0 0 0 0 0 0 0 0 0 0 0 0 0 0 0 0 0 0 0 0 0 0 0 0 0 0 0 0 0 0 0 0 0 0 0 0 0 0 0 0 0 0 0 0 0 0 0 0 0 0 0 0 0 0 0 0 0 0 0 0 0 0 0 0 0 0 0 0 0 0 0 0 0 0 0 0 0 0 0 0 0 0 0 0 0 0 0 0 0 0 0 0 0 0 0 0 0 0 0 0 0 0 0 0 0 0 0 0 0 0 0 0 0 0 0 0 0 0 0 0 0 0 0 0 0 0 0 0 0 0 0 0 0 0 0 0 0 0 0 0 0 0 0 0 0 0 0 0 0 0 0 0 0 0 0 0 0 0 0 0 0 0 0 0 0 0 0 0 0 0 0 0 0 0 0 0 0 0 0 0 0 0 0 0 0 0 0 0 0 0 0 0 0 0 0 0 0 0 0 0 0 0 0 0 0 0 0 0 0 0 0 0 0 0 0 0 0 0 0 0 0 0 0 0 0 0 0 0 0 0 0 0 0 0 0 0 0 0 0 0 0 0 0 0 0 0 0 0 0 0 0 0 0 0 0 0 0 0 0 0 0 0 0 0 0 0 0 0 0 0 0 0 0 0 0 0 0 0 0 0 0 0 0 0 0 0 0 0 0 0 0 0 0 0 0 0 0 0 0 0 0 0 0 0 0 0 0 0 0 0 0 0 0 0 0 0 0 0 0 0 0 0 0 0 0 0 0 0 0 0 0 0 0 0 0 0 0 0 0 0 0 0 0 0 0 0 0 0 0 0 0 0 0 0 0 0 0 0 0 0 0 0 0 0 0 0 0 0 0 0 0 0 0 0 0 0 0 0 0 0 0 0 0 0 0 0 0 0 0 0 0 0 0 0 0 0 0 0 0 0 0 0 0 0 0 0 0 0 0 0 0 0 0 0 0 0 0 0
 0 0 0 0 0 0 0 0 0 0 0 0 0 0 0 0 0 0 0 0 0 0 0 0 0 0 0 0 0 0 0 0 0 0 0 0 0 0 0 0 0 0 0 0 0 0 0 0 0 0 0 0 0 0 0 0 0 0 0 0 0 0 0 0 0 0 0 0 0 0 0 0 0 0 0 0 0 0 0 0 0 0 0 0 0 0 0 0 0 0 0 0 0 0 0 0 0 0 0 0 0 0 0 0 0 0 0 0 0 0 0 0 0 0 0 0 0 0 0 0 0 0 0 0 0 0 0 0 0 0 0 0 0 0 0 0 0 0 0 0 0 0 0 0 0 0 0 0 0 0 0 0 0 0 0 0 0 0 0 0 0 0 0 0 0 0 0 0 0 0 0 0 0 0 0 0 0 0 0 0 0 0 0 0 0 0 0 0 0 0 0 0 0 0 0 0 0 0 0 0 0 0 0 0 0 0 0 0 0 0 0 0 0 0 0 0 0 0 0 0 0 0 0 0 0 0 0 0 0 0 0 0 0 0 0 0 0 0 0 0 0 0 0 0 0 0 0 0 0 0 0 0 0 0 0 0 0 0 0 0 0 0 0 0 0 0 0 0 0 0 0 0 0 0 0 0 0 0 0 0 0 0 0 0 0 0 0 0 0 0 0 0 0 0 0 0 0 0 0 0 0 0 0 0 0 0 0 0 0 0 0 0 0 0 0 0 0 0 0 0 0 0 0 0 0 0 0 0 0 0 0 0 0 0 0 0 0 0 0 0 0 0 0 0 0 0 0 0 0 0 0 0 0 0 0 0 0 0 0 0 0 0 0 0 0 0 0 0 0 0 0 0 0 0 0 0 0 0 0 0 0 0 0 0 0 0 0 0 0 0 0 0 0 0 0 0 0 0 0 0 0 0 0 0 0 0 0 0 0 0 0 0 0 0 0 0 0 0 0 0 0 0 0 0 0 0 0 0 0 0 0 0 0 0 0 0 0 0 0 0 0 0 0 0 0 0 0 0 0 0 0 0 0 0 0 0 0 0 0 0 0 0 0 0 0 0 0 0 0 0 0 0 0 0 0 0 0 0 0 0 0 0 0 0 0 0 0 0 0 0 0 0 0 0 0 0 0 0 0 0 0 0 0 0 0 0 0 0 0 0 0 0 0 0 0 0 0 0 0 0 0 0 0 0 0 0 0 0 0 0 0 0 0 0 0 0 0 0 0 0 0 0 0 0 0 0 0 0 0 0 0 0 0 0 0 0 0 0 0 0 0 0 0 0 0 0 0 0 0 0 0 0 0 0 0 0 0 0 0 0 0 0 0 0 0 0 0 0 0 0 0 0 0 0 0 0 0 0 0 0
 0 0 0 0 0 0 0 0 0 0 0 0 0 0 0 0 0 0 0 0 0 0 0 0 0 0 0 0 0 0 0 0 0 0 0 0 0 0 0 0 0 0 0 0 0 0 0 0 0 0 0 0 0 0 0 0 0 0 0 0 0 0 0 0 0 0 0 0 0 0 0 0 0 0 0 0 0 0 0 0 0 0 0 0 0 0 0 0 0 0 0 0 0 0 0 0 0 0 0 0 0 0 0 0 0 0 0 0 0 0 0 0 0 0 0 0 0 0 0 0 0 0 0 0 0 0 0 0 0 0 0 0 0 0 0 0 0 0 0 0 0 0 0 0 0 0 0 0 0 0 0 0 0 0 0 0 0 0 0 0 0 0 0 0 0 0 0 0 0 0 0 0 0 0 0 0 0 0 0 0 0 0 0 0 0 0 0 0 0 0 0 0 0 0 0 0 0 0 0 0 0 0 0 0 0 0 0 0 0 0 0 0 0 0 0 0 0 0 0 0 0 0 0 0 0 0 0 0 0 0 0 0 0 0 0 0 0 0 0 0 0 0 0 0 0 0 0 0 0 0 0 0 0 0 0 0 0 0 0 0 0 0 0 0 0 0 0 0 0 0 0 0 0 0 0 0 0 0 0 0 0 0 0 0 0 0 0 0 0 0 0 0 0 0 0 0 0 0 0 0 0 0 0 0 0 0 0 0 0 0 0 0 0 0 0 0 0 0 0 0 0 0 0 0 0 0 0 0 0 0 0 0 0 0 0 0 0 0 0 0 0 0 0 0 0 0 0 0 0 0 0 0 0 0 0 0 0 0 0 0 0 0 0 0 0 0 0 0 0 0 0 0 0 0 0 0 0 0 0 0 0 0 0 0 0 0 0 0 0 0 0 0 0 0 0 0 0 0 0 0 0 0 0 0 0 0 0 0 0 0 0 0 0 0 0 0 0 0 0 0 0 0 0 0 0 0 0 0 0 0 0 0 0 0 0 0 0 0 0 0 0 0 0 0 0 0 0 0 0 0 0 0 0 0 0 0 0 0 0 0 0 0 0 0 0 0 0 0 0 0 0 0 0 0 0 0 0 0 0 0 0 0 0 0 0 0 0 0 0 0 0 0 0 0 0 0 0 0 0 0 0 0 0 0 0 0 0 0 0 0 0 0 0 0 0 0 0 0 0 0 0 0 0 0 0 0 0 0 0 0 0 0 0 0 0 0 0 0 0 0 0 0 0 0 0 0 0 0 0 0 0 0 0 0 0 0 0 0 0 0 0 0 0 0 0 0 0 0 0 0 0 0 0 0 0 0 0 0 0 0 0 0 0 0 0 0 0 0 0 0 0 0 0 0 0 0 0 0 0 0
 0 0 0 0 0 0 0 0 0 0 0 0 0 0 0 0 0 0 0 0 0 0 0 0 0 0 0 0 0 0 0 0 0 0 0 0 0 0 0 0 0 0 0 0 0 0 0 0 0 0 0 0 0 0 0 0 0 0 0 0 0 0 0 0 0 0 0 0 0 0 0 0 0 0 0 0 0 0 0 0 0 0 0 0 0 0 0 0 0 0 0 0 0 0 0 0 0 0 0 0 0 0 0 0 0 0 0 0 0 0 0 0 0 0 0 0 0 0 0 0 0 0 0 0 0 0 0 0 0 0 0 0 0 0 0 0 0 0 0 0 0 0 0 0 0 0 0 0 0 0 0 0 0 0 0 0 0 0 0 0 0 0 0 0 0 0 0 0 0 0 0 0 0 0 0 0 0 0 0 0 0 0 0 0 0 0 0 0 0 0 0 0 0 0 0 0 0 0 0 0 0 0 0 0 0 0 0 0 0 0 0 0 0 0 0 0 0 0 0 0 0 0 0 0 0 0 0 0 0 0 0 0 0 0 0 0 0 0 0 0 0 0 0 0 0 0 0 0 0 0 0 0 0 0 0 0 0 0 0 0 0 0 0 0 0 0 0 0 0 0 0 0 0 0 0 0 0 0 0 0 0 0 0 0 0 0 0 0 0 0 0 0 0 0 0 0 0 0 0 0 0 0 0 0 0.000103055288491305 0.0007627648301422596 0.001992403529584408 0.003785363165661693 0.006135903298854828 0.008967561647295952 0.01229311712086201 0.01603558100759983 0.02017871290445328 0.02471008338034153 0.02954732067883015 0.03465929999947548 0.04006283730268478 0.04575417563319206 0.0517362505197525 0.0580279566347599 0.064618781208992 0.07146249711513519 0.07850436866283417 0.08573725074529648 0.09308160841464996 0.1005577743053436 0.1081819236278534 0.1160110384225845 0.1240394115447998 0.1322534084320068 0.1406393051147461 0.1491873115301132 0.1578744649887085 0.1666289269924164 0.1743947118520737 0.179621547460556 0.1813245564699173 0.1788230538368225 0.1716528236865997 0.1630701869726181 0.1549166738986969 0.1471708416938782 0.1398123055696487 0.1328216940164566 0.1261806041002274 0.1198715716600418 0.11387799680233 0.1081840991973877 0.1027748957276344 0.0976361483335495 0.09275434166193008 0.08811662346124649 0.08371078968048096 0.07952524721622467 0.07554898411035538 0.0717715322971344 0.06818295270204544 0.0647738054394722 0.06153511628508568 0.058458361774683 0.0555354431271553 0.05275867134332657 0.05012073740363121 0.04761470109224319 0.04523396492004395 0.04297226667404175 0.04082365334033966 0.03878246992826462 0.03684334456920624 0.03500117734074593 0.03325111791491508 0.03158856183290482 0.03000913374125957 0.02850867621600628 0.02708324231207371 0.02572908066213131 0.02444262616336346 0.023220494389534 0.02205947041511536 0.02095649763941765 0.01990867219865322 0.01891323924064636 0.0179675780236721 0.01706919819116592 0.0162157379090786 0.01540495082736015 0.01463470328599215 0.01390296779572964 0.0132078193128109 0.01254742871969938 0.01192005723714828 0.01132405456155539 0.01075785141438246 0.01021995861083269 0.00970896054059267 0.009223512373864651 0.00876233633607626 0.008324219845235348 0.007908008992671967 0.007512608543038368 0.007136978209018707 0.006780129391700029 0.006441122852265835 0.006119066849350929 0.005813113413751125 0.005522457882761955 0.005246335174888372 0.004984018392860889 0.004734817426651716 0.004498076625168324 0.004273172933608294 0.004059514496475458 0.00385653879493475 0.00366371194832027 0.003480526385828853 0.003306500148028135 0.003141175024211407 0.002984116319566965 0.002834910526871681 0.002693165093660355 0.002558506792411208 0.002430581487715244 0.00230905250646174 0.002193599939346313 0.002083919942378998 0.001979724038392305 0.00188073783647269 0.001786700915545225 0.001697365893051028 0.001612497610040009 0.001531872781924903 0.001455279183574021 0.001382515183649957 0.001313389395363629 0.001247719977982342 0.001185333938337862 0.001126067247241735 0.001069763908162713 0.00101627572439611 0.0009654619498178363 0.000917188823223114 0.0008713293937034905 0.0008277629385702312 0.0007863747887313366 0.0007470560376532376 0.0007097032503224909 0.0006742181139998138 0.0006405072053894401 0.0006084818160161376 0.0005780577193945646 0.0005491548217833042 0.0005216971039772034 0.0004956122720614076 0.0004708316700998694 0.0004472900764085352 0.0004249255871400237 0.0004036792961414903 0.0003834953240584582 0.0003643205564003438 0.0003461045271251351 0.0003287993022240698 0.0003123593342024833 0.0002967413747683167 0.0002819043002091348 0.000267809082288295 0.0002544186427257955 0.0002416977076791227 0.0002296128222951666 0.0002181321760872379 0.0002072255738312379 0.0001968642900465056 0.0001870210689958185 0.00017767000827007 0.0001687865005806088 0.0001603471755515784 0.0001523298124084249 0.0001447133254259825 0.0001374776620650664 0.0001306037738686427 0.0001240735873579979 0.0001178699094452895 0.0001119764128816314 0.0001063775926013477 0.0001010587147902697 9.600578050594777e-05 9.12054892978631e-05 8.664521737955511e-05 8.23129594209604e-05 7.819731399649754e-05 7.428744720527902e-05 7.0573078119196e-05 6.7044427851215e-05 6.369220500346273e-05 6.05075947532896e-05 5.748221519752406e-05 5.460810280055739e-05 5.187769784242846e-05 4.928381167701446e-05 4.681961945607327e-05 4.447863830137067e-05 4.225470547680743e-05 4.014197111246176e-05 3.813487273873761e-05 3.622812801040709e-05 3.441672015469521e-05 3.269588341936469e-05 3.106108852080069e-05 2.950803354906384e-05 2.803263123496436e-05 2.663099985511508e-05 2.529945049900562e-05 2.403447797405533e-05 2.283275352965575e-05 2.169111576222349e-05 2.06065597012639e-05 1.957623135240283e-05 1.859742042142898e-05 1.766754940035753e-05 1.678417174844071e-05 1.59449627972208e-05 1.514771429356188e-05 1.439032894268166e-05 1.367081222269917e-05 1.298727147514001e-05 1.233790771948406e-05 1.172101201518672e-05 1.11349618237e-05 1.0578213732515e-05 1.004930345516186e-05 9.54683855525218e-06 9.069496627489571e-06 8.616021659690887e-06 8.185220394807402e-06 7.775959602440707e-06 7.387161531369202e-06 7.017803454800742e-06 6.666913122899132e-06 6.333567398542073e-06 6.016889074089704e-06 5.716044597647851e-06 5.430242254078621e-06 5.158730346010998e-06 4.900794010609388e-06 4.655754310078919e-06 4.422966412676033e-06 4.201818228466436e-06 3.991727226093644e-06 3.79214088752633e-06 3.602533752200543e-06 3.422406962272362e-06 3.251286671002163e-06 3.088722223765217e-06 2.934286158051691e-06 2.787571929729893e-06 2.648193230925244e-06 2.515783535272931e-06 2.389994278928498e-06 2.270494633194176e-06 2.156969912903151e-06 2.04912134904589e-06 1.946665179275442e-06 1.849331965786405e-06 1.756865344759717e-06 1.669022026362654e-06 1.585570885254128e-06 1.506292392150499e-06 1.430977818017709e-06 1.359428893010772e-06 1.291457465413259e-06 1.226884592142596e-06 1.16554031137639e-06 1.107263301491912e-06 1.051900085258239e-06 9.993050298362505e-07 9.493397783444379e-07 9.018727951115579e-07 8.567791383029544e-07 8.139401757034648e-07 7.732431868134881e-07 9.663585660746321e-05 0.0003146270464640111 0.0006385514861904085 0.001060043228790164 0.001575514674186707 0.002181490184739232 0.002875193720683455 0.003647198667749763 0.004495146684348583 0.00541581679135561 0.00640467181801796 0.007453073281794786 0.008555031381547451 0.009702620096504688 0.01089354604482651 0.01211712975054979 0.01336935628205538 0.01465265639126301 0.01596305333077908 0.01729748211801052 0.01865496672689915
 0 0 0 0 0 0 0 0 0 0 0 0 0 0 0 0 0 0 0 0 0 0 0 0 0 0 0 0 0 0 0 0 0 0 0 0 0 0 0 0 0 0 0 0 0 0 0 0 0 0 0 0 0 0 0 0 0 0 0 0 0 0 0 0 0 0 0 0 0 0 0 0 0 0 0 0 0 0 0 0 0 0 0 0 0 0 0 0 0 0 0 0 0 0 0 0 0 0 0 0 0 0 0 0 0 0 0 0 0 0 0 0 0 0 0 0 0 0 0 0 0 0 0 0 0 0 0 0 0 0 0 0 0 0 0 0 0 0 0 0 0 0 0 0 0 0 0 0 0 0 0 0 0 0 0 0 0 0 0 0 0 0 0 0 0 0 0 0 0 0 0 0 0 0 0 0 0 0 0 0 0 0 0 0 0 0 0 0 0 0 0 0 0 0 0 0 0 0 0 0 0 0 0 0 0 0 0 0 0 0 0 0 0 0 0 0 0 0 0 0 0 0 0 0 0 0 0 0 0 0 0 0 0 0 0 0 0 0 0 0 0 0 0 0 0 0 0 0 0 0 0 0 0 0 0 0 0 0 0 0 0 0 0 0 0 0 0 0 0 0 0 0 0 0 0 0 0 0 0 0 0 0 0 0 0 0 0 0 0 0 0 0 0 0 0 0 0 0 0 0 0 0 0 0 0 0 0 0 0 0 0 0 0 0 0 0 0 0 0 0 0 0 0 0 0 0 0 0 0 0 0 0 0 0 0 0 0 0 0 0 0 0 0 0 0 0 0 0 0 0 0 0 0 0 0 0 0 0 0 0 0 0 0 0 0 0 0 0 0 0 0 0 0 0 0 0 0 0 0 0 0 0 0 0 0 0 0 0 0 0 0 0 0 0 0 0 0 0 0 0 0 0 0 0 0 0 0 0 0 0 0 0 0 0 0 0 0 0 0 0 0 0 0 0 0 0 0 0 0 0 0 0 0 0 0 0 0 0 0 0 0 0 0 0 0 0 0 0 0 0 0 0 0 0 0 0 0 0 0 0 0 0 0 0 0 0 0 0 0 0 0 0 0 0 0 0 0 0 0 0 0 0 0 0 0 0 0 0 0 0 0 0 0 0 0 0 0 0 0 0 0 0 0 0 0 0 0 0 0 0 0 0 0 0 0 0 0 0 0 0 0 0 0 0 0 0 0 0 0 0 0 0 0 0 0 0 0 0 0 0 0 0 0 0 0 0 0 0 0 0 0 0 0 0 0 0 0 0 0 0 0 0 0 0 0 0 0 0 0 0 0 0 0 0 0 0 0 0 0 0 0 0 0 0 0 0 0 0 0 0 0 0 0 0 0 0 0 0 0 0
 0 0 0 0 0 0 0 0 0 0 0 0 0 0 0 0 0 0 0 0 0 0 0 0 0 0 0 0 0 0 0 0 0 0 0 0 0 0 0 0 0 0 0 0 0 0 0 0 0 0 0 0 0 0 0 0 0 0 0 0 0 0 0 0 0 0 0 0 0 0 0 0 0 0 0 0 0 0 0 0 0 0 0 0 0 0 0 0 0 0 0 0 0 0 0 0 0 0 0 0 0 0 0 0 0 0 0 0 0 0 0 0 0 0 0 0 0 0 0 0 0 0 0 0 0 0 0 0 0 0 0 0 0 0 0 0 0 0 0 0 0 0 0 0 0 0 0 0 0 0 0 0 0 0 0 0 0 0 0 0 0 0 0 0 0 0 0 0 0 0 0 0 0 0 0 0 0 0 0 0 0 0 0 0 0 0 0 0 0 0 0 0 0 0 0 0 0 0 0 0 0 0 0 0 0 0 0 0 0 0 0 0 0 0 0 0 0 0 0 0 0 0 0 0 0 0 0 0 0 0 0 0 0 0 0 0 0 0 0 0 0 0 0 0 0 0 0 0 0 0 0 0 0 0 0 0 0 0 0 0 0 0 0 0 0 0 0 0 0 0 0 0 0 0 0 0 0 0 0 0 0 0 0 0 0 0 0 0 0 0 0 0 0 0 0 0 0 0 0 0 0 0 0 0 0 0 0 0 0 0 0 0 0 0 0 0 0 0 0 0 0 0 0 0 0 0 0 0 0 0 0 0 0 0 0 0 0 0 0 0 0 0 0 0 0 0 0 0 0 0 0 0 0 0 0 0 0 0 0 0 0 0 0 0 0 0 0 0 0 0 0 0 0 0 0 0 0 0 0 0 0 0 0 0 0 0 0 0 0 0 0 0 0 0 0 0 0 0 0 0 0 0 0 0 0 0 0 0 0 0 0 0 0 0 0 0 0 0 0 0 0 0 0 0 0 0 0 0 0 0 0 0 0 0 0 0 0 0 0 0 0 0 0 0 0 0 0 0 0 0 0 0 0 0 0 0 0 0 0 0 0 0 0 0 0 0 0 0 0 0 0 0 0 0 0 0 0 0 0 0 0 0 0 0 0 0 0 0 0 0 0 0 0 0 0 0 0 0 0 0 0 0 0 0 0 0 0 0 0 0 0 0 0 0 0 0 0 0 0 0 0 0 0 0 0 0 0 0 0 0 0 0 0 0 0 0 0 0 0 0 0 0 0 0 0 0 0 0 0 0 0 0 0 0 0 0 0 0 0 0 0 0 0 0 0 0 0 0 0 0 0 0 0 0 0 0 0 0 0 0 0 0 0 0 0 0 0 0 0 0 0 0 0 0 0 0 0 0 0 0
 0 0 0 0 0 0 0 0 0 0 0 0 0 0 0 0 0 0 0 0 0 0 0 0 0 0 0 0 0 0 0 0 0 0 0 0 0 0 0 0 0 0 0 0 0 0 0 0 0 0 0 0 0 0 0 0 0 0 0 0 0 0 0 0 0 0 0 0 0 0 0 0 0 0 0 0 0 0 0 0 0 0 0 0 0 0 0 0 0 0 0 0 0 0 0 0 0 0 0 0 0 0 0 0 0 0 0 0 0 0 0 0 0 0 0 0 0 0 0 0 0 0 0 0 0 0 0 0 0 0 0 0 0 0 0 0 0 0 0 0 0 0 0 0 0 0 0 0 0 0 0 0 0 0 0 0 0 0 0 0 0 0 0 0 0 0 0 0 0 0 0 0 0 0 0 0 0 0 0 0 0 0 0 0 0 0 0 0 0 0 0 0 0 0 0 0 0 0 0 0 0 0 0 0 0 0 0 0 0 0 0 0 0 0 0 0 0 0 0 0 0 0 0 0 0 0 0 0 0 0 0 0 0 0 0 0 0 0 0 0 0 0 0 0 0 0 0 0 0 0 0 0 0 0 0 0 0 0 0 0 0 0 0 0 0 0 0 0 0 0 0 0 0 0 0 0 0 0 0 0 0 0 0 0 0 0 0 0 0 0 0 0 0 0 0 0 0 0 0 0 0 0 0 0 0 0 0 0 0 0 0 0 0 0 0 0 0 0 0 0 0 0 0 0 0 0 0 0 0 0 0 0 0 0 0 0 0 0 0 0 0 0 0 0 0 0 0 0 0 0 0 0 0 0 0 0 0 0 0 0 0 0 0 0 0 0 0 0 0 0 0 0 0 0 0 0 0 0 0 0 0 0 0 0 0 0 0 0 0 0 0 0 0 0 0 0 0 0 0 0 0 0 0 0 0 0 0 0 0 0 0 0 0 0 0 0 0 0 0 0 0 0 0 0 0 0 0 0 0 0 0 0 0 0 0 0 0 0 0 0 0 0 0 0 0 0 0 0 0 0 0 0 0 0 0 0 0 0 0 0 0 0 0 0 0 0 0 0 0 0 0 0 0 0 0 0 0 0 0 0 0 0 0 0 0 0 0 0 0 0 0 0 0 0 0 0 0 0 0 0 0 0 0 0 0 0 0 0 0 0 0 0 0 0 0 0 0 0 0 0 0 0 0 0 0 0 0 0 0 0 0 0 0 0 0 0 0 0 0 0 0 0 0 0 0 0 0 0 0 0 0 0 0 0 0 0 0 0 0 0 0 0 0 0 0 0 0 0 0 0 0 0 0 0 0 0 0 0 0 0 0 0 0 0 0 0 0 0 0 0 0 0 0 0 0 0 0 0 0 0
 0 0 0 0 0 0 0 0 0 0 0 0 0 0 0 0 0 0 0 0 0 0 0 0 0 0 0 0 0 0 0 0 0 0 0 0 0 0 0 0 0 0 0 0 0 0 0 0 0 0 0 0 0 0 0 0 0 0 0 0 0 0 0 0 0 0 0 0 0 0 0 0 0 0 0 0 0 0 0 0 0 0 0 0 0 0 0 0 0 0 0 0 0 0 0 0 0 0 0 0 0 0 0 0 0 0 0 0 0 0 0 0 0 0 0 0 0 0 0 0 0 0 0 0 0 0 0 0 0 0 0 0 0 0 0 0 0 0 0 0 0 0 0 0 0 0 0 0 0 0 0 0 0 0 0 0 0 0 0 0 0 0 0 0 0 0 0 0 0 0 0 0 0 0 0 0 0 0 0 0 0 0 0 0 0 0 0 0 0 0 0 0 0 0 0 0 0 0 0 0 0 0 0 0 0 0 0 0 0 0 0 0 0 0 0 0 0 0 0 0 0 0 0 0 0 0 0 0 0 0 0 0 0 0 0 0 0 0 0 0 0 0 0 0 0 0 0 0 0 0 0 0 0 0 0 0 0 0 0 0 0 0 0 0 0 0 0 0 0 0 0 0 0 0 0 0 0 0 0 0 0 0 0 0 0 0 0 0 0 0 0 0 0 0 0 0 0 0 0 0 0 0 0 0 0 0.0002790024154819548 0.001115084392949939 0.00248516583815217 0.004394457675516605 0.00680306414142251 0.00967700406908989 0.01301110628992319 0.01677252352237701 0.02091724798083305 0.02542634308338165 0.03020146489143372 0.03523046523332596 0.04054375737905502 0.04612743481993675 0.05200892686843872 0.0581982284784317 0.06470614671707153 0.07151126861572266 0.07848790287971497 0.08564133942127228 0.09289179742336273 0.1002376675605774 0.1077135056257248 0.1153552308678627 0.1231898069381714 0.1312014311552048 0.1394156515598297 0.1477831304073334 0.1562528014183044 0.1648092269897461 0.1723032295703888 0.1772351861000061 0.1786065697669983 0.1757131814956665 0.1681743264198303 0.1597656160593033 0.1517773419618607 0.1441884785890579 0.1369790583848953 0.1301301121711731 0.1236236095428467 0.1174424290657043 0.111570306122303 0.1059917882084846 0.1006921976804733 0.0956575870513916 0.09087470918893814 0.08633097261190414 0.08201442658901215 0.07791370153427124 0.07401801645755768 0.07031711935997009 0.06680126488208771 0.06346119940280914 0.06028813868761063 0.05727373063564301 0.05441004410386086 0.05168954282999039 0.04910506680607796 0.04664981365203857 0.04431732371449471 0.04210145771503448 0.03999638557434082 0.0379965677857399 0.03609674051403999 0.03429190441966057 0.03257730975747108 0.0309484452009201 0.0294010229408741 0.02793097123503685 0.02653442323207855 0.02520770207047462 0.02394731715321541 0.02274995110929012 0.02161245420575142 0.02053183130919933 0.01950524002313614 0.0185299776494503 0.01760347932577133 0.01672330498695374 0.01588713936507702 0.01509278267621994 0.01433814316987991 0.01362123619765043 0.01294017396867275 0.01229316554963589 0.01167850755155087 0.01109458226710558 0.01053985301405191 0.01001286040991545 0.009512217715382576 0.00903660710901022 0.008584776893258095 0.008155537769198418 0.007747760973870754 0.007360372692346573 0.006992354057729244 0.006642736494541168 0.006310599856078625 0.00599506963044405 0.005695316009223461 0.005410550162196159 0.005140022840350866 0.004883021581918001 0.00463887071236968 0.004406927153468132 0.004186580888926983 0.003977251704782248 0.003778389189392328 0.003589469706639647 0.003409996163100004 0.003239496378228068 0.003077521454542875 0.002923645311966538 0.002777463058009744 0.002638589823618531 0.002506660297513008 0.002381327329203486 0.002262260997667909 0.002149147912859917 0.002041690517216921 0.001939606037922204 0.001842625788412988 0.001750494469888508 0.00166296970564872 0.00157982122618705 0.001500830170698464 0.001425788621418178 0.001354499137960374 0.00128677417524159 0.001222435501404107 0.001161313732154667 0.001103248097933829 0.001048085745424032 0.0009956815047189593 0.0009458974236622453 0.0008986025350168347 0.0008536723908036947 0.00081098877126351 0.0007704393356107175 0.000731917389202863 0.0006953215342946351 0.000660555437207222 0.0006275276537053287 0.0005961512797512114 0.0005663437186740339 0.0005380265065468848 0.0005111251957714558 0.0004855689476244152 0.0004612905031535774 0.0004382259794510901 0.0004163146950304508 0.0003954989660996944 0.0003757240192499012 0.0003569378168322146 0.0003390909405425191 0.000322136387694627 0.0003060295712202787 0.0002907280868384987 0.0002761916839517653 0.0002623820910230279 0.0002492629864718765 0.0002367998386034742 0.0002249598474008963 0.0002137118572136387 0.0002030262694461271 0.000192874955246225 0.0001832312118494883 0.0001740696461638436 0.0001653661602176726 0.0001570978492964059 0.0001492429582867771 0.0001417808089172468 0.0001346917706541717 0.0001279571879422292 0.0001215593292727135 0.000115481365355663 0.0001097072963602841 0.0001042219300870784 9.901083103613928e-05 9.406029130332172e-05 8.935727964853868e-05 8.488941239193082e-05 8.064493886195123e-05 7.661269046366215e-05 7.278205885086209e-05 6.914295954629779e-05 6.568581011379138e-05 6.240152288228273e-05 5.92814467381686e-05 5.631737440126017e-05 5.350150604499504e-05 5.082643110654317e-05 4.828511009691283e-05 4.587085277307779e-05 4.357731086201966e-05 4.139844531891868e-05 3.932852268917486e-05 3.7362096918514e-05 3.54939911630936e-05 3.371929051354527e-05 3.203332744305953e-05 3.043166179850232e-05 2.891007898142561e-05 2.746457539615221e-05 2.60913475358393e-05 2.478677924955264e-05 2.354743992327712e-05 2.237006810901221e-05 2.125156424881425e-05 2.01889852178283e-05 1.917953522934113e-05 1.822055855882354e-05 1.730953044898342e-05 1.64440534717869e-05 1.562185025250074e-05 1.484075801272411e-05 1.409872038493631e-05 1.339378468401264e-05 1.272409554076148e-05 1.208789035445079e-05 1.148349565482931e-05 1.090932073566364e-05 1.036385492625413e-05 9.845662134466693e-06 9.353379027743358e-06 8.885710485628806e-06 8.441425052296836e-06 8.01935402705567e-06 7.618386462127091e-06 7.237467343657045e-06 6.875593953736825e-06 6.531814051413676e-06 6.205223144206684e-06 5.894961759622674e-06 5.600213626166806e-06 5.320202944858465e-06 5.054193024989218e-06 4.801483555638697e-06 4.561409241432557e-06 4.333338893047767e-06 4.116671789233806e-06 3.910838131560013e-06 3.715296315931482e-06 3.529531568347011e-06 3.353055035404395e-06 3.185402192684705e-06 3.026132162631257e-06 2.874825440812856e-06 2.731084123297478e-06 2.594529860289185e-06 2.464803401380777e-06 2.341563231311738e-06 2.224485115220887e-06 2.113260961777996e-06 2.007597913689096e-06 1.907218006635958e-06 1.811857146094553e-06 1.721264311527193e-06 1.635201101635175e-06 1.553441052237758e-06 1.475768954151135e-06 1.401980512127921e-06 1.331881435362448e-06 1.265287323803932e-06 1.202022986035445e-06 1.141921870839724e-06 1.084825726138661e-06 1.030584485306463e-06 9.790552439881139e-07 9.301024874730501e-07 8.835973517307139e-07 8.394175097237166e-07 7.974466598170693e-07 0.0001199133184854873 0.0003540479519870132 0.0006974946008995175 0.001140858163125813 0.001677984138950706 0.002307855058461428 0.003030769992619753 0.003842304227873683 0.004734166897833347 0.005702233407646418 0.006733669433742762 0.007826869376003742 0.00897536426782608 0.01016359496861696 0.01138286851346493 0.0126374764367938 0.01392407156527042 0.01523367688059807 0.01656046323478222 0.01791168749332428 0.01928395964205265
 0 0 0 0 0 0 0 0 0 0 0 0 0 0 0 0 0 0 0 0 0 0 0 0 0 0 0 0 0 0 0 0 0 0 0 0 0 0 0 0 0 0 0 0 0 0 0 0 0 0 0 0 0 0 0 0 0 0 0 0 0 0 0 0 0 0 0 0 0 0 0 0 0 0 0 0 0 0 0 0 0 0 0 0 0 0 0 0 0 0 0 0 0 0 0 0 0 0 0 0 0 0 0 0 0 0 0 0 0 0 0 0 0 0 0 0 0 0 0 0 0 0 0 0 0 0 0 0 0 0 0 0 0 0 0 0 0 0 0 0 0 0 0 0 0 0 0 0 0 0 0 0 0 0 0 0 0 0 0 0 0 0 0 0 0 0 0 0 0 0 0 0 0 0 0 0 0 0 0 0 0 0 0 0 0 0 0 0 0 0 0 0 0 0 0 0 0 0 0 0 0 0 0 0 0 0 0 0 0 0 0 0 0 0 0 0 0 0 0 0 0 0 0 0 0 0 0 0 0 0 0 0 0 0 0 0 0 0 0 0 0 0 0 0 0 0 0 0 0 0 0 0 0 0 0 0 0 0 0 0 0 0 0 0 0 0 0 0 0 0 0 0 0 0 0 0 0 0 0 0 0 0 0 0 0 0 0 0 0 0 0 0 0 0 0 0 0 0 0 0 0 0 0 0 0 0 0 0 0 0 0 0 0 0 0 0 0 0 0 0 0 0 0 0 0 0 0 0 0 0 0 0 0 0 0 0 0 0 0 0 0 0 0 0 0 0 0 0 0 0 0 0 0 0 0 0 0 0 0 0 0 0 0 0 0 0 0 0 0 0 0 0 0 0 0 0 0 0 0 0 0 0 0 0 0 0 0 0 0 0 0 0 0 0 0 0 0 0 0 0 0 0 0 0 0 0 0 0 0 0 0 0 0 0 0 0 0 0 0 0 0 0 0 0 0 0 0 0 0 0 0 0 0 0 0 0 0 0 0 0 0 0 0 0 0 0 0 0 0 0 0 0 0 0 0 0 0 0 0 0 0 0 0 0 0 0 0 0 0 0 0 0 0 0 0 0 0 0 0 0 0 0 0 0 0 0 0 0 0 0 0 0 0 0 0 0 0 0 0 0 0 0 0 0 0 0 0 0 0 0 0 0 0 0 0 0 0 0 0 0 0 0 0 0 0 0 0 0 0 0 0 0 0 0 0 0 0 0 0 0 0 0 0 0 0 0 0 0 0 0 0 0 0 0 0 0 0 0 0 0 0 0 0 0 0 0 0 0 0 0 0 0 0 0 0 0 0 0 0 0 0 0 0 0 0 0 0 0 0 0 0 0 0 0 0 0 0 0 0 0
 0 0 0 0 0 0 0 0 0 0 0 0 0 0 0 0 0 0 0 0 0 0 0 0 0 0 0 0 0 0 0 0 0 0 0 0 0 0 0 0 0 0 0 0 0 0 0 0 0 0 0 0 0 0 0 0 0 0 0 0 0 0 0 0 0 0 0 0 0 0 0 0 0 0 0 0 0 0 0 0 0 0 0 0 0 0 0 0 0 0 0 0 0 0 0 0 0 0 0 0 0 0 0 0 0 0 0 0 0 0 0 0 0 0 0 0 0 0 0 0 0 0 0 0 0 0 0 0 0 0 0 0 0 0 0 0 0 0 0 0 0 0 0 0 0 0 0 0 0 0 0 0 0 0 0 0 0 0 0 0 0 0 0 0 0 0 0 0 0 0 0 0 0 0 0 0 0 0 0 0 0 0 0 0 0 0 0 0 0 0 0 0 0 0 0 0 0 0 0 0 0 0 0 0 0 0 0 0 0 0 0 0 0 0 0 0 0 0 0 0 0 0 0 0 0 0 0 0 0 0 0 0 0 0 0 0 0 0 0 0 0 0 0 0 0 0 0 0 0 0 0 0 0 0 0 0 0 0 0 0 0 0 0 0 0 0 0 0 0 0 0 0 0 0 0 0 0 0 0 0 0 0 0 0 0 0 0 0 0 0 0 0 0 0 0 0 0 0 0 0 0 0 0 0 0 0 0 0 0 0 0 0 0 0 0 0 0 0 0 0 0 0 0 0 0 0 0 0 0 0 0 0 0 0 0 0 0 0 0 0 0 0 0 0 0 0 0 0 0 0 0 0 0 0 0 0 0 0 0 0 0 0 0 0 0 0 0 0 0 0 0 0 0 0 0 0 0 0 0 0 0 0 0 0 0 0 0 0 0 0 0 0 0 0 0 0 0 0 0 0 0 0 0 0 0 0 0 0 0 0 0 0 0 0 0 0 0 0 0 0 0 0 0 0 0 0 0 0 0 0 0 0 0 0 0 0 0 0 0 0 0 0 0 0 0 0 0 0 0 0 0 0 0 0 0 0 0 0 0 0 0 0 0 0 0 0 0 0 0 0 0 0 0 0 0 0 0 0 0 0 0 0 0 0 0 0 0 0 0 0 0 0 0 0 0 0 0 0 0 0 0 0 0 0 0 0 0 0 0 0 0 0 0 0 0 0 0 0 0 0 0 0 0 0 0 0 0 0 0 0 0 0 0 0 0 0 0 0 0 0 0 0 0 0 0 0 0 0 0 0 0 0 0 0 0 0 0 0 0 0 0 0 0 0 0 0 0 0 0 0 0 0 0 0 0 0 0 0 0 0 0 0 0 0 0 0 0 0 0 0 0 0 0 0 0 0 0 0 0 0
 0 0 0 0 0 0 0 0 0 0 0 0 0 0 0 0 0 0 0 0 0 0 0 0 0 0 0 0 0 0 0 0 0 0 0 0 0 0 0 0 0 0 0 0 0 0 0 0 0 0 0 0 0 0 0 0 0 0 0 0 0 0 0 0 0 0 0 0 0 0 0 0 0 0 0 0 0 0 0 0 0 0 0 0 0 0 0 0 0 0 0 0 0 0 0 0 0 0 0 0 0 0 0 0 0 0 0 0 0 0 0 0 0 0 0 0 0 0 0 0 0 0 0 0 0 0 0 0 0 0 0 0 0 0 0 0 0 0 0 0 0 0 0 0 0 0 0 0 0 0 0 0 0 0 0 0 0 0 0 0 0 0 0 0 0 0 0 0 0 0 0 0 0 0 0 0 0 0 0 0 0 0 0 0 0 0 0 0 0 0 0 0 0 0 0 0 0 0 0 0 0 0 0 0 0 0 0 0 0 0 0 0 0 0 0 0 0 0 0 0 0 0 0 0 0 0 0 0 0 0 0 0 0 0 0 0 0 0 0 0 0 0 0 0 0 0 0 0 0 0 0 0 0 0 0 0 0 0 0 0 0 0 0 0 0 0 0 0 0 0 0 0 0 0 0 0 0 0 0 0 0 0 0 0 0 0 0 0 0 0 0 0 0 0 0 0 0 0 0 0 0 0 0 0 0 0 0 0 0 0 0 0 0 0 0 0 0 0 0 0 0 0 0 0 0 0 0 0 0 0 0 0 0 0 0 0 0 0 0 0 0 0 0 0 0 0 0 0 0 0 0 0 0 0 0 0 0 0 0 0 0 0 0 0 0 0 0 0 0 0 0 0 0 0 0 0 0 0 0 0 0 0 0 0 0 0 0 0 0 0 0 0 0 0 0 0 0 0 0 0 0 0 0 0 0 0 0 0 0 0 0 0 0 0 0 0 0 0 0 0 0 0 0 0 0 0 0 0 0 0 0 0 0 0 0 0 0 0 0 0 0 0 0 0 0 0 0 0 0 0 0 0 0 0 0 0 0 0 0 0 0 0 0 0 0 0 0 0 0 0 0 0 0 0 0 0 0 0 0 0 0 0 0 0 0 0 0 0 0 0 0 0 0 0 0 0 0 0 0 0 0 0 0 0 0 0 0 0 0 0 0 0 0 0 0 0 0 0 0 0 0 0 0 0 0 0 0 0 0 0 0 0 0 0 0 0 0 0 0 0 0 0 0 0 0 0 0 0 0 0 0 0 0 0 0 0 0 0 0 0 0 0 0 0 0 0 0 0 0 0 0 0 0 0 0 0 0 0 0 0 0 0 0 0 0 0 0 0 0 0 0 0 0 0 0 0 0 0 0 0
 0 0 0 0 0 0 0 0 0 0 0 0 0 0 0 0 0 0 0 0 0 0 0 0 0 0 0 0 0 0 0 0 0 0 0 0 0 0 0 0 0 0 0 0 0 0 0 0 0 0 0 0 0 0 0 0 0 0 0 0 0 0 0 0 0 0 0 0 0 0 0 0 0 0 0 0 0 0 0 0 0 0 0 0 0 0 0 0 0 0 0 0 0 0 0 0 0 0 0 0 0 0 0 0 0 0 0 0 0 0 0 0 0 0 0 0 0 0 0 0 0 0 0 0 0 0 0 0 0 0 0 0 0 0 0 0 0 0 0 0 0 0 0 0 0 0 0 0 0 0 0 0 0 0 0 0 0 0 0 0 0 0 0 0 0 0 0 0 0 0 0 0 0 0 0 0 0 0 0 0 0 0 0 0 0 0 0 0 0 0 0 0 0 0 0 0 0 0 0 0 0 0 0 0 0 0 0 0 0 0 0 0 0 0 0 0 0 0 0 0 0 0 0 0 0 0 0 0 0 0 0 0 0 0 0 0 0 0 0 0 0 0 0 0 0 0 0 0 0 0 0 0 0 0 0 0 0 0 0 0 0 0 0 0 0 0 0 0 0 0 0 0 0 0 0 0 0 0 0 0 0 0 0 0 0 0 0 0 0 0 0 0 0 0 0 0 0 0 0 0 0 0 0 0.0002534368832129985 0.001051096245646477 0.002328581642359495 0.00410518329590559 0.006381044164299965 0.009054929949343204 0.01213209331035614 0.0156560055911541 0.01957090385258198 0.02384822070598602 0.02846491523087025 0.0333331897854805 0.03842427209019661 0.04375528544187546 0.04935254529118538 0.0552322044968605 0.06138516217470169 0.06781610101461411 0.07446880638599396 0.08125646412372589 0.08822091668844223 0.09535716474056244 0.1025966629385948 0.1099585965275764 0.1174687370657921 0.1251116096973419 0.1329319924116135 0.1409507244825363 0.149151474237442 0.1574699729681015 0.1656442433595657 0.1718689054250717 0.1749819964170456 0.1742340177297592 0.1691208481788635 0.1606648117303848 0.1526315659284592 0.1449999809265137 0.1377499848604202 0.1308624893426895 0.1243193671107292 0.1181033998727798 0.1121982336044312 0.1065883189439774 0.1012589037418365 0.09619595855474472 0.09138616174459457 0.08681685477495193 0.08247601240873337 0.07835221290588379 0.07443460077047348 0.0707128718495369 0.06717722862958908 0.06381836533546448 0.06062744557857513 0.05759607255458832 0.05471627041697502 0.05198045819997787 0.04938143491744995 0.04691236466169357 0.04456674680113792 0.04233840852975845 0.04022148996591568 0.03821041435003281 0.03629989176988602 0.03448489680886269 0.03276065364480019 0.03112262114882469 0.02956648916006088 0.0280881654471159 0.02668375708162785 0.02534956857562065 0.02408209070563316 0.02287798561155796 0.02173408679664135 0.02064738236367702 0.01961501315236092 0.01863426342606544 0.01770254969596863 0.01681742258369923 0.01597655192017555 0.01517772395163774 0.01441883761435747 0.01369789615273476 0.01301300153136253 0.01236235164105892 0.0117442337796092 0.0111570218577981 0.01059917081147432 0.01006921194493771 0.009565751068294048 0.009087463840842247 0.008633090183138847 0.008201435208320618 0.007791363634169102 0.007401795592159033 0.007031705696135759 0.006680120248347521 0.006346114445477724 0.006028808653354645 0.005727368406951427 0.005440999753773212 0.005168949719518423 0.00491050211712718 0.004664977081120014 0.004431728273630142 0.004210141953080893 0.003999634645879269 0.003799652913585305 0.003609670326113701 0.003429186763241887 0.003257727483287454 0.003094841027632356 0.00294009898789227 0.002793094143271446 0.002653439529240131 0.002520767506211996 0.002394729061052203 0.00227499264292419 0.002161242999136448 0.002053180942311883 0.00195052195340395 0.001852995832450688 0.001760346000082791 0.001672328682616353 0.001588712213560939 0.001509276567958295 0.001433812780305743 0.001362122129648924 0.001294016023166478 0.001229315181262791 0.001167849404737353 0.001109456876292825 0.001053984044119716 0.001001284806989133 0.0009512205724604428 0.0009036595583893359 0.0008584765600971878 0.0008155527175404131 0.0007747751078568399 0.0007360363379120827 0.0006992345442995429 0.0006642728112637997 0.0006310591707006097 0.0005995061947032809 0.0005695308791473508 0.0005410543526522815 0.0005140016437508166 0.0004883015644736588 0.0004638864775188267 0.0004406921507325023 0.0004186575533822179 0.0003977246815338731 0.0003778384416364133 0.0003589465050026774 0.0003409991913940758 0.0003239492361899465 0.0003077517612837255 0.000292364158667624 0.0002777459449134767 0.0002638586447574198 0.0002506657037883997 0.0002381324156885967 0.000226225791266188 0.0002149145002476871 0.0002041687694145367 0.000193960324395448 0.0001842623023549095 0.0001750491937855259 0.0001662967406446114 0.0001579819072503597 0.0001500828075222671 0.0001425786613253877 0.0001354497217107564 0.000128677231259644 0.0001222433638758957 0.000116131195682101 0.0001103246322600171 0.000104808401374612 9.956798021448776e-05 9.458958083996549e-05 8.986009925138205e-05 8.536709356121719e-05 8.109874033834785e-05 7.704380550421774e-05 7.319161522900686e-05 6.953203410375863e-05 6.605543603654951e-05 6.275266059674323e-05 5.961502756690606e-05 5.663427509716712e-05 5.38025597052183e-05 5.111243081046268e-05 4.855680890614167e-05 4.612896736944094e-05 4.382251790957525e-05 4.163139237789437e-05 3.954982094001025e-05 3.757232843781821e-05 3.569371256162412e-05 3.390902566025034e-05 3.22135747410357e-05 3.060289600398391e-05 2.907275120378472e-05 2.761911309789866e-05 2.623815817059949e-05 2.492625026206952e-05 2.367993693042081e-05 2.249594035674818e-05 2.137114279321395e-05 2.030258474405855e-05 1.92874558706535e-05 1.83230822585756e-05 1.740692823659629e-05 1.653658182476647e-05 1.570975291542709e-05 1.492426508775679e-05 1.417805196979316e-05 1.346914905298036e-05 1.279569187317975e-05 1.215590691572288e-05 1.154811161541147e-05 1.09707061710651e-05 1.042217081703711e-05 9.901062185235787e-06 9.406008757650852e-06 8.935708137869369e-06 8.488922503602225e-06 8.06447678769473e-06 7.661253221158404e-06 7.278190423676278e-06 6.914280675118789e-06 6.56856673231232e-06 6.240138191060396e-06 5.928131486143684e-06 5.631724889099132e-06 5.35013850821997e-06 5.082631560071604e-06 4.828500095754862e-06 4.587075181916589e-06 4.357721536507597e-06 4.139835255045909e-06 3.932843355869409e-06 3.736201279025408e-06 3.549391294654924e-06 3.371921820871648e-06 3.20332583214622e-06 3.043159495064174e-06 2.891001486204914e-06 2.746451400525984e-06 2.609128841868369e-06 2.478672286088113e-06 2.354738626308972e-06 2.237001808680361e-06 2.125151695508976e-06 2.018894065258792e-06 1.917949248309014e-06 1.822051785893564e-06 1.73094917954586e-06 1.644401663725148e-06 1.562181523695472e-06 1.484072413404647e-06 1.409868787050073e-06 1.339375330644543e-06 1.272406507268897e-06 1.208786216011504e-06 1.148346882473561e-06 1.090929572455934e-06 1.036383082464454e-06 9.845639397099148e-07 9.353357199870516e-07 8.88568933987699e-07 6.757659866707399e-05 0.0002561771252658218 0.0005568499327637255 0.0009615058079361916 0.001466901507228613 0.002069178968667984 0.002760873176157475 0.003536469303071499 0.0043940176256001 0.005324503406882286 0.006315433885902166 0.00736787635833025 0.008477833122014999 0.009632579050958157 0.01083122752606869 0.01206566300243139 0.01333196088671684 0.01463231444358826 0.01596556603908539 0.01731792464852333 0.0186864398419857 0.02007532492280006 0.02148203365504742 0.02290075458586216 0.0243282113224268
 0 0 0 0 0 0 0 0 0 0 0 0 0 0 0 0 0 0 0 0 0 0 0 0 0 0 0 0 0 0 0 0 0 0 0 0 0 0 0 0 0 0 0 0 0 0 0 0 0 0 0 0 0 0 0 0 0 0 0 0 0 0 0 0 0 0 0 0 0 0 0 0 0 0 0 0 0 0 0 0 0 0 0 0 0 0 0 0 0 0 0 0 0 0 0 0 0 0 0 0 0 0 0 0 0 0 0 0 0 0 0 0 0 0 0 0 0 0 0 0 0 0 0 0 0 0 0 0 0 0 0 0 0 0 0 0 0 0 0 0 0 0 0 0 0 0 0 0 0 0 0 0 0 0 0 0 0 0 0 0 0 0 0 0 0 0 0 0 0 0 0 0 0 0 0 0 0 0 0 0 0 0 0 0 0 0 0 0 0 0 0 0 0 0 0 0 0 0 0 0 0 0 0 0 0 0 0 0 0 0 0 0 0 0 0 0 0 0 0 0 0 0 0 0 0 0 0 0 0 0 0 0 0 0 0 0 0 0 0 0 0 0 0 0 0 0 0 0 0 0 0 0 0 0 0 0 0 0 0 0 0 0 0 0 0 0 0 0 0 0 0 0 0 0 0 0 0 0 0 0 0 0 0 0 0 0 0 0 0 0 0 0 0 0 0 0 0 0 0 0 0 0 0 0 0 0 0 0 0 0 0 0 0 0 0 0 0 0 0 0 0 0 0 0 0 0 0 0 0 0 0 0 0 0 0 0 0 0 0 0 0 0 0 0 0 0 0 0 0 0 0 0 0 0 0 0 0 0 0 0 0 0 0 0 0 0 0 0 0 0 0 0 0 0 0 0 0 0 0 0 0 0 0 0 0 0 0 0 0 0 0 0 0 0 0 0 0 0 0 0 0 0 0 0 0 0 0 0 0 0 0 0 0 0 0 0 0 0 0 0 0 0 0 0 0 0 0 0 0 0 0 0 0 0 0 0 0 0 0 0 0 0 0 0 0 0 0 0 0 0 0 0 0 0 0 0 0 0 0 0 0 0 0 0 0 0 0 0 0 0 0 0 0 0 0 0 0 0 0 0 0 0 0 0 0 0 0 0 0 0 0 0 0 0 0 0 0 0 0 0 0 0 0 0 0 0 0 0 0 0 0 0 0 0 0 0 0 0 0 0 0 0 0 0 0 0 0 0 0 0 0 0 0 0 0 0 0 0 0 0 0 0 0 0 0 0 0 0 0 0 0 0 0 0 0 0 0 0 0 0 0 0 0 0 0 0 0 0 0 0 0 0 0 0 0 0 0 0 0 0 0 0 0 0 0 0 0 0 0 0 0 0 0 0 0 0 0 0 0 0
 0 0 0 0 0 0 0 0 0 0 0 0 0 0 0 0 0 0 0 0 0 0 0 0 0 0 0 0 0 0 0 0 0 0 0 0 0 0 0 0 0 0 0 0 0 0 0 0 0 0 0 0 0 0 0 0 0 0 0 0 0 0 0 0 0 0 0 0 0 0 0 0 0 0 0 0 0 0 0 0 0 0 0 0 0 0 0 0 0 0 0 0 0 0 0 0 0 0 0 0 0 0 0 0 0 0 0 0 0 0 0 0 0 0 0 0 0 0 0 0 0 0 0 0 0 0 0 0 0 0 0 0 0 0 0 0 0 0 0 0 0 0 0 0 0 0 0 0 0 0 0 0 0 0 0 0 0 0 0 0 0 0 0 0 0 0 0 0 0 0 0 0 0 0 0 0 0 0 0 0 0 0 0 0 0 0 0 0 0 0 0 0 0 0 0 0 0 0 0 0 0 0 0 0 0 0 0 0 0 0 0 0 0 0 0 0 0 0 0 0 0 0 0 0 0 0 0 0 0 0 0 0 0 0 0 0 0 0 0 0 0 0 0 0 0 0 0 0 0 0 0 0 0 0 0 0 0 0 0 0 0 0 0 0 0 0 0 0 0 0 0 0 0 0 0 0 0 0 0 0 0 0 0 0 0 0 0 0 0 0 0 0 0 0 0 0 0 0 0 0 0 0 0 0 0 0 0 0 0 0 0 0 0 0 0 0 0 0 0 0 0 0 0 0 0 0 0 0 0 0 0 0 0 0 0 0 0 0 0 0 0 0 0 0 0 0 0 0 0 0 0 0 0 0 0 0 0 0 0 0 0 0 0 0 0 0 0 0 0 0 0 0 0 0 0 0 0 0 0 0 0 0 0 0 0 0 0 0 0 0 0 0 0 0 0 0 0 0 0 0 0 0 0 0 0 0 0 0 0 0 0 0 0 0 0 0 0 0 0 0 0 0 0 0 0 0 0 0 0 0 0 0 0 0 0 0 0 0 0 0 0 0 0 0 0 0 0 0 0 0 0 0 0 0 0 0 0 0 0 0 0 0 0 0 0 0 0 0 0 0 0 0 0 0 0 0 0 0 0 0 0 0 0 0 0 0 0 0 0 0 0 0 0 0 0 0 0 0 0 0 0 0 0 0 0 0 0 0 0 0 0 0 0 0 0 0 0 0 0 0 0 0 0 0 0 0 0 0 0 0 0 0 0 0 0 0 0 0 0 0 0 0 0 0 0 0 0 0 0 0 0 0 0 0 0 0 0 0 0 0 0 0 0 0 0 0 0 0 0 0 0 0 0 0 0 0 0 0 0 0 0 0 0 0 0 0 0 0 0 0 0 0 0 0 0 0 0 0 0 0
 0 0 0 0 0 0 0 0 0 0 0 0 0 0 0 0 0 0 0 0 0 0 0 0 0 0 0 0 0 0 0 0 0 0 0 0 0 0 0 0 0 0 0 0 0 0 0 0 0 0 0 0 0 0 0 0 0 0 0 0 0 0 0 0 0 0 0 0 0 0 0 0 0 0 0 0 0 0 0 0 0 0 0 0 0 0 0 0 0 0 0 0 0 0 0 0 0 0 0 0 0 0 0 0 0 0 0 0 0 0 0 0 0 0 0 0 0 0 0 0 0 0 0 0 0 0 0 0 0 0 0 0 0 0 0 0 0 0 0 0 0 0 0 0 0 0 0 0 0 0 0 0 0 0 0 0 0 0 0 0 0 0 0 0 0 0 0 0 0 0 0 0 0 0 0 0 0 0 0 0 0 0 0 0 0 0 0 0 0 0 0 0 0 0 0 0 0 0 0 0 0 0 0 0 0 0 0 0 0 0 0 0 0 0 0 0 0 0 0 0 0 0 0 0 0 0 0 0 0 0 0 0 0 0 0 0 0 0 0 0 0 0 0 0 0 0 0 0 0 0 0 0 0 0 0 0 0 0 0 0 0 0 0 0 0 0 0 0 0 0 0 0 0 0 0 0 0 0 0 0 0 0 0 0 0 0 0 0 0 0 0 0 0 0 0 0 0 0 0 0 0 0 0 0 0 0 0 0 0 0 0 0 0 0 0 0 0 0 0 0 0 0 0 0 0 0 0 0 0 0 0 0 0 0 0 0 0 0 0 0 0 0 0 0 0 0 0 0 0 0 0 0 0 0 0 0 0 0 0 0 0 0 0 0 0 0 0 0 0 0 0 0 0 0 0 0 0 0 0 0 0 0 0 0 0 0 0 0 0 0 0 0 0 0 0 0 0 0 0 0 0 0 0 0 0 0 0 0 0 0 0 0 0 0 0 0 0 0 0 0 0 0 0 0 0 0 0 0 0 0 0 0 0 0 0 0 0 0 0 0 0 0 0 0 0 0 0 0 0 0 0 0 0 0 0 0 0 0 0 0 0 0 0 0 0 0 0 0 0 0 0 0 0 0 0 0 0 0 0 0 0 0 0 0 0 0 0 0 0 0 0 0 0 0 0 0 0 0 0 0 0 0 0 0 0 0 0 0 0 0 0 0 0 0 0 0 0 0 0 0 0 0 0 0 0 0 0 0 0 0 0 0 0 0 0 0 0 0 0 0 0 0 0 0 0 0 0 0 0 0 0 0 0 0 0 0 0 0 0 0 0 0 0 0 0 0 0 0 0 0 0 0 0 0 0 0 0 0 0 0 0 0 0 0 0 0 0 0 0 0 0 0 0 0 0 0 0 0 0 0
 0 0 0 0 0 0 0 0 0 0 0 0 0 0 0 0 0 0 0 0 0 0 0 0 0 0 0 0 0 0 0 0 0 0 0 0 0 0 0 0 0 0 0 0 0 0 0 0 0 0 0 0 0 0 0 0 0 0 0 0 0 0 0 0 0 0 0 0 0 0 0 0 0 0 0 0 0 0 0 0 0 0 0 0 0 0 0 0 0 0 0 0 0 0 0 0 0 0 0 0 0 0 0 0 0 0 0 0 0 0 0 0 0 0 0 0 0 0 0 0 0 0 0 0 0 0 0 0 0 0 0 0 0 0 0 0 0 0 0 0 0 0 0 0 0 0 0 0 0 0 0 0 0 0 0 0 0 0 0 0 0 0 0 0 0 0 0 0 0 0 0 0 0 0 0 0 0 0 0 0 0 0 0 0 0 0 0 0 0 0 0 0 0 0 0 0 0 0 0 0 0 0 0 0 0 0 0 0 0 0 0 0 0 0 0 0 0 0 0 0 0 0 0 0 0 0 0 0 0 0 0 0 0 0 0 0 0 0 0 0 0 0 0 0 0 0 0 0 0 0 0 0 0 0 0 0 0 0 0 0 0 0 0 0 0 0 0 0 0 0 0 0 0 0 0 0 0 0 0 0 0 0 0 0 0 0 0 0 0 0 0 0 0 0 0 0 0 0 0 0 0 0 2.600885272840969e-05 0.0006055546109564602 0.001742614666000009 0.003389886580407619 0.005561577156186104 0.008153673261404037 0.01114223152399063 0.01457876432687044 0.01843694224953651 0.02267260476946831 0.02726880460977554 0.03214484080672264 0.03727912157773972 0.04265692085027695 0.0482918918132782 0.05419668927788734 0.06036010757088661 0.06678248941898346 0.07341217994689941 0.08019055426120758 0.08715473115444183 0.09430211782455444 0.1015468463301659 0.1089321076869965 0.1164822429418564 0.1241634711623192 0.1319913864135742 0.1400009542703629 0.1481923311948776 0.1564941108226776 0.1648708283901215 0.1716323643922806 0.1754837036132812 0.1755805015563965 0.1713780611753464 0.1628091633319855 0.1546687036752701 0.1469352692365646 0.1395885050296783 0.1326090842485428 0.1259786337614059 0.1196797043085098 0.1136957183480263 0.108010932803154 0.1026103869080544 0.09747986495494843 0.09260587394237518 0.08797557651996613 0.08357679843902588 0.07939796149730682 0.0754280611872673 0.07165665924549103 0.0680738240480423 0.064670130610466 0.06143662333488464 0.05836479365825653 0.0554465539753437 0.05267422646284103 0.05004051327705383 0.04753848910331726 0.04516156390309334 0.04290348663926125 0.04075831174850464 0.03872039541602135 0.03678437694907188 0.03494515642523766 0.03319789841771126 0.03153800219297409 0.02996110171079636 0.02846304699778557 0.0270398948341608 0.02568789944052696 0.02440350502729416 0.02318332903087139 0.02202416211366653 0.02092295326292515 0.01987680606544018 0.01888296566903591 0.01793881691992283 0.017041876912117 0.01618978381156921 0.01538029499351978 0.01461128052324057 0.01388071663677692 0.01318668108433485 0.01252734661102295 0.01190097909420729 0.01130593009293079 0.01074063405394554 0.01020360272377729 0.009693422354757786 0.009208750911056995 0.008748313412070274 0.008310897275805473 0.007895352318882942 0.007500584702938795 0.007125555537641048 0.00676927762106061 0.006430813577026129 0.006109273061156273 0.005803809501230717 0.005513619165867567 0.005237938370555639 0.004976041615009308 0.004727239720523357 0.004490877501666546 0.004266333766281605 0.004053017124533653 0.003850366221740842 0.003657847875729203 0.003474955447018147 0.003301207674667239 0.003136147279292345 0.00297934003174305 0.002830373123288155 0.002688854467123747 0.002554411767050624 0.002426691120490432 0.002305356552824378 0.002190088620409369 0.002080584177747369 0.001976554980501533 0.001877727219834924 0.001783840823918581 0.001694648759439588 0.00160991633310914 0.001529420493170619 0.00145294948015362 0.001380302011966705 0.001311286934651434 0.001245722640305758 0.001183436485007405 0.001124264672398567 0.001068051438778639 0.001014648820273578 0.000963916361797601 0.0009157205349765718 0.0008699345053173602 0.0008264377829618752 0.0007851158734411001 0.0007458601030521095 0.000708567094989121 0.0006731387693434954 0.0006394818192347884 0.0006075077108107507 0.0005771323340013623 0.0005482757114805281 0.0005208619404584169 0.0004948188434354961 0.0004700779099948704 0.0004465740057639778 0.000424245314206928 0.0004030330455861986 0.0003828813787549734 0.0003637373156379908 0.0003455504484008998 0.0003282729303464293 0.0003118592721875757 0.0002962663129437715 0.0002814529871102422 0.0002673803246580064 0.0002540113055147231 0.00024131074314937 0.0002292452118126675 0.0002177829446736723 0.0002068938047159463 0.0001965491101145744 0.0001867216487880796 0.0001773855619831011 0.0001685162860667333 0.0001600904652150348 0.0001520859368611127 0.0001444816443836316 0.0001372575643472373 0.0001303946919506416 0.0001238749537151307 0.0001176812074845657 0.0001117971478379332 0.0001062072915374301 0.0001008969265967607 9.585208317730576e-05 9.105948265641928e-05 8.650650852359831e-05 8.218118455260992e-05 7.80721238697879e-05 7.416851440211758e-05 7.046008977340534e-05 6.693708564853296e-05 6.359023245749995e-05 6.041071901563555e-05 5.739018160966225e-05 5.452067125588655e-05 5.179463914828375e-05 4.920490755466744e-05 4.674466254073195e-05 4.440742850420065e-05 4.218705726088956e-05 4.007770621683449e-05 3.8073820178397e-05 3.617012771428563e-05 3.436162296566181e-05 3.264354018028826e-05 3.101136462646537e-05 2.946079621324316e-05 2.798775676637888e-05 2.658836820046417e-05 2.525894888094626e-05 2.399600089120213e-05 2.279620093759149e-05 2.16563912545098e-05 2.05735723284306e-05 1.954489380295854e-05 1.856764902186114e-05 1.763926593412179e-05 1.675730345596094e-05 1.591943873791024e-05 1.512346716481261e-05 1.436729417036986e-05 1.364892978017451e-05 1.296648315474158e-05 1.231815895152977e-05 1.170225095847854e-05 1.111713845602935e-05 1.056128166965209e-05 1.00332172223716e-05 9.531556315778289e-06 9.054978363565169e-06 8.6022291725385e-06 8.172117304638959e-06 7.763511348457541e-06 7.375335826509399e-06 7.006568921497092e-06 6.656240657321177e-06 6.323428806354059e-06 6.007257525197929e-06 5.706894626200665e-06 5.421549758466426e-06 5.1504721341189e-06 4.892948709311895e-06 4.648301455745241e-06 4.415886451170081e-06 4.195092060399475e-06 3.985337571066339e-06 3.786070692513022e-06 3.596767101043952e-06 3.416928848309908e-06 3.246082314944942e-06 3.083778210566379e-06 2.92958930003806e-06 2.783109721349319e-06 2.643954303493956e-06 2.511756520107156e-06 2.386168716839165e-06 2.266860292365891e-06 2.153517243641545e-06 2.045841483777622e-06 1.943549477800843e-06 1.846372015279485e-06 1.754053414515511e-06 1.666350726736709e-06 1.583033167662506e-06 1.503881549069774e-06 1.428687482984969e-06 1.357253154310456e-06 1.289390525016643e-06 1.224920993081469e-06 1.163674937743053e-06 1.105491151065507e-06 1.050216610565258e-06 9.977057970900205e-07 9.478205242885451e-07 9.004294838632632e-07 8.554080181966128e-07 9.81809280347079e-05 0.000317911384627223 0.0006486132042482495 0.001078980974853039 0.001604891382157803 0.002223685383796692 0.002937098266556859 0.003742465283721685 0.004635198041796684 0.005608245264738798 0.006652133073657751 0.007754313759505749 0.008902725763618946 0.01009704731404781 0.01132815890014172 0.01259181462228298 0.01388704590499401 0.01521291304379702 0.01655510999262333 0.01791851595044136 0.01930535584688187 0.02071433700621128 0.02214317210018635 0.02358921244740486 0.02505084313452244
 0 0 0 0 0 0 0 0 0 0 0 0 0 0 0 0 0 0 0 0 0 0 0 0 0 0 0 0 0 0 0 0 0 0 0 0 0 0 0 0 0 0 0 0 0 0 0 0 0 0 0 0 0 0 0 0 0 0 0 0 0 0 0 0 0 0 0 0 0 0 0 0 0 0 0 0 0 0 0 0 0 0 0 0 0 0 0 0 0 0 0 0 0 0 0 0 0 0 0 0 0 0 0 0 0 0 0 0 0 0 0 0 0 0 0 0 0 0 0 0 0 0 0 0 0 0 0 0 0 0 0 0 0 0 0 0 0 0 0 0 0 0 0 0 0 0 0 0 0 0 0 0 0 0 0 0 0 0 0 0 0 0 0 0 0 0 0 0 0 0 0 0 0 0 0 0 0 0 0 0 0 0 0 0 0 0 0 0 0 0 0 0 0 0 0 0 0 0 0 0 0 0 0 0 0 0 0 0 0 0 0 0 0 0 0 0 0 0 0 0 0 0 0 0 0 0 0 0 0 0 0 0 0 0 0 0 0 0 0 0 0 0 0 0 0 0 0 0 0 0 0 0 0 0 0 0 0 0 0 0 0 0 0 0 0 0 0 0 0 0 0 0 0 0 0 0 0 0 0 0 0 0 0 0 0 0 0 0 0 0 0 0 0 0 0 0 0 0 0 0 0 0 0 0 0 0 0 0 0 0 0 0 0 0 0 0 0 0 0 0 0 0 0 0 0 0 0 0 0 0 0 0 0 0 0 0 0 0 0 0 0 0 0 0 0 0 0 0 0 0 0 0 0 0 0 0 0 0 0 0 0 0 0 0 0 0 0 0 0 0 0 0 0 0 0 0 0 0 0 0 0 0 0 0 0 0 0 0 0 0 0 0 0 0 0 0 0 0 0 0 0 0 0 0 0 0 0 0 0 0 0 0 0 0 0 0 0 0 0 0 0 0 0 0 0 0 0 0 0 0 0 0 0 0 0 0 0 0 0 0 0 0 0 0 0 0 0 0 0 0 0 0 0 0 0 0 0 0 0 0 0 0 0 0 0 0 0 0 0 0 0 0 0 0 0 0 0 0 0 0 0 0 0 0 0 0 0 0 0 0 0 0 0 0 0 0 0 0 0 0 0 0 0 0 0 0 0 0 0 0 0 0 0 0 0 0 0 0 0 0 0 0 0 0 0 0 0 0 0 0 0 0 0 0 0 0 0 0 0 0 0 0 0 0 0 0 0 0 0 0 0 0 0 0 0 0 0 0 0 0 0 0 0 0 0 0 0 0 0 0 0 0 0 0 0 0 0 0 0 0 0 0 0 0 0 0 0 0 0 0 0 0 0 0 0 0 0 0 0 0
 0 0 0 0 0 0 0 0 0 0 0 0 0 0 0 0 0 0 0 0 0 0 0 0 0 0 0 0 0 0 0 0 0 0 0 0 0 0 0 0 0 0 0 0 0 0 0 0 0 0 0 0 0 0 0 0 0 0 0 0 0 0 0 0 0 0 0 0 0 0 0 0 0 0 0 0 0 0 0 0 0 0 0 0 0 0 0 0 0 0 0 0 0 0 0 0 0 0 0 0 0 0 0 0 0 0 0 0 0 0 0 0 0 0 0 0 0 0 0 0 0 0 0 0 0 0 0 0 0 0 0 0 0 0 0 0 0 0 0 0 0 0 0 0 0 0 0 0 0 0 0 0 0 0 0 0 0 0 0 0 0 0 0 0 0 0 0 0 0 0 0 0 0 0 0 0 0 0 0 0 0 0 0 0 0 0 0 0 0 0 0 0 0 0 0 0 0 0 0 0 0 0 0 0 0 0 0 0 0 0 0 0 0 0 0 0 0 0 0 0 0 0 0 0 0 0 0 0 0 0 0 0 0 0 0 0 0 0 0 0 0 0 0 0 0 0 0 0 0 0 0 0 0 0 0 0 0 0 0 0 0 0 0 0 0 0 0 0 0 0 0 0 0 0 0 0 0 0 0 0 0 0 0 0 0 0 0 0 0 0 0 0 0 0 0 0 0 0 0 0 0 0 0 0 0 0 0 0 0 0 0 0 0 0 0 0 0 0 0 0 0 0 0 0 0 0 0 0 0 0 0 0 0 0 0 0 0 0 0 0 0 0 0 0 0 0 0 0 0 0 0 0 0 0 0 0 0 0 0 0 0 0 0 0 0 0 0 0 0 0 0 0 0 0 0 0 0 0 0 0 0 0 0 0 0 0 0 0 0 0 0 0 0 0 0 0 0 0 0 0 0 0 0 0 0 0 0 0 0 0 0 0 0 0 0 0 0 0 0 0 0 0 0 0 0 0 0 0 0 0 0 0 0 0 0 0 0 0 0 0 0 0 0 0 0 0 0 0 0 0 0 0 0 0 0 0 0 0 0 0 0 0 0 0 0 0 0 0 0 0 0 0 0 0 0 0 0 0 0 0 0 0 0 0 0 0 0 0 0 0 0 0 0 0 0 0 0 0 0 0 0 0 0 0 0 0 0 0 0 0 0 0 0 0 0 0 0 0 0 0 0 0 0 0 0 0 0 0 0 0 0 0 0 0 0 0 0 0 0 0 0 0 0 0 0 0 0 0 0 0 0 0 0 0 0 0 0 0 0 0 0 0 0 0 0 0 0 0 0 0 0 0 0 0 0 0 0 0 0 0 0 0 0 0 0 0 0 0 0 0 0 0 0 0 0 0 0 0 0 0


# name: r_0_m9_G0_L0p3_D0p7
# type: matrix
# rows: 1
# columns: 14
 0 -9 0.2 0 0.3 0 -4.809888333333333 0 0 0.07376513713582224 0 136.3333333333333 1.032795558988644 0.7




