# Created by Octave 3.8.2, Mon Jun 19 11:40:39 2017 BST <co1ssj@node117>
# name: result
# type: scalar struct
# ndims: 2
 1 1
# length: 3
# name: params
# type: scalar struct
# ndims: 2
 1 1
# length: 18
# name: cleanup
# type: scalar
0


# name: num_runs
# type: scalar
6


# name: dopamine
# type: scalar
0.7


# name: targetCross
# type: scalar
1


# name: targetLuminance
# type: scalar
0.3


# name: targetWidthX
# type: scalar
6


# name: targetWidthY
# type: scalar
2


# name: fixCross
# type: scalar
1


# name: fixLuminance
# type: scalar
0.2


# name: fixWidthX
# type: scalar
6


# name: fixWidthY
# type: scalar
2


# name: fixOn
# type: scalar
0


# name: targetOff
# type: scalar
1


# name: targetOn
# type: scalar
0.2


# name: fixOff
# type: scalar
0.2


# name: targetThetaX
# type: scalar
0


# name: targetThetaY
# type: scalar
-17


# name: exptnum
# type: scalar
0




# name: r_0_m17_G0_L0p3_D0p7_llbn
# type: matrix
# rows: 24
# columns: 600
 0 0 0 0 0 0 0 0 0 0 0 0 0 0 0 0 0 0 0 0 0 0 0 0 0 0 0 0 0 0 0 0 0 0 0 0 0 0 0 0 0 0 0 0 0 0 0 0 0 0 0 0 0 0 0 0 0 0 0 0 0 0 0 0 0 0 0 0 0 0 0 0 0 0 0 0 0 0 0 0 0 0 0 0 0 0 0 0 0 0 0 0 0 0 0 0 0 0 0 0 0 0 0 0 0 0 0 0 0 0 0 0 0 0 0 0 0 0 0 0 0 0 0 0 0 0 0 0 0 0 0 0 0 0 0 0 0 0 0 0 0 0 0 0 0 0 0 0 0 0 0 0 0 0 0 0 0 0 0 0 0 0 0 0 0 0 0 0 0 0 0 0 0 0 0 0 0 0 0 0 0 0 0 0 0 0 0 0 0 0 0 0 0 0 0 0 0 0 0 0 0 0 0 0 0 0 0 0 0 0 0 0 0 0 0 0 0 0 0 0 0 0 0 0 0 0 0 0 0 0 0 0 0 0 0 0 0 0 0 0 0 0 0 0 0 0 0 0 0 0 0 0 0 0 0 0 0 0 0 0 0 0 0 0 0 0 0 0 0 0 0 0 0 0 0 0 0 0 0 0 0 0 0 0 0 0 0 0 0 0 0 0 0 0 0 0 0 0 0 0 0 0 0 0 0 0 0 0 0 0 0 0 0 0 0 0 0 0 0 0 0 0 0 0 0 0 0 0 0 0 0 0 0 0 0 0 0 0 0 0 0 0 0 0 0 0 0 0 0 0 0 0 0 0 0 0 0 0 0 0 0 0 0 0 0 0 0 0 0 0 0 0 0 0 0 0 0 0 0 0 0 0 0 0 0 0 0 0 0 0 0 0 0 0 0 0 0 0 0 0 0 0 0 0 0 0 0 0 0 0 0 0 0 0 0 0 0 0 0 0 0 0 0 0 0 0 0 0 0 0 0 0 0 0 0 0 0 0 0 0 0 0 0 0 0 0 0 0 0 0 0 0 0 0 0 0 0 0 0 0 0 0 0 0 0 0 0 0 0 0 0 0 0 0 0 0 0 0 0 0 0 0 0 0 0 0 0 0 0 0 0 0 0 0 0 0 0 0 0 0 0 0 0 0 0 0 0 0 0 0 0 0 0 0 0 0 0 0 0 0 0 0 0 0 0 0 0 0 0 0 0 0 0 0 0 0 0 0 0 0 0 0 0 0 0 0 0 0 0 0 0 0 0 0 0 0 0 0 0 0 0 0 0 0 0 0 0 0 0 0 0 0 0 0 0 0 0 0 0 0 0 0 0 0 0 0 0 0 0 0 0 0 0 0 0 0 0 0 0 0
 0 0 0 0 0 0 0 0 0 0 0 0 0 0 0 0 0 0 0 0 0 0 0 0 0 0 0 0 0 0 0 0 0 0 0 0 0 0 0 0 0 0 0 0 0 0 0 0 0 0 0 0 0 0 0 0 0 0 0 0 0 0 0 0 0 0 0 0 0 0 0 0 0 0 0 0 0 0 0 0 0 0 0 0 0 0 0 0 0 0 0 0 0 0 0 0 0 0 0 0 0 0 0 0 0 0 0 0 0 0 0 0 0 0 0 0 0 0 0 0 0 0 0 0 0 0 0 0 0 0 0 0 0 0 0 0 0 0 0 0 0 0 0 0 0 0 0 0 0 0 0 0 0 0 0 0 0 0 0 0 0 0 0 0 0 0 0 0 0 0 0 0 0 0 0 0 0 0 0 0 0 0 0 0 0 0 0 0 0 0 0 0 0 0 0 0 0 0 0 0 0 0 0 0 0 0 0 0 0 0 0 0 0 0 0 0 0 0 0 0 0 0 0 0 0 0 0 0 0 0 0 0 0 0 0 0 0 0 0 0 0 0 0 0 0 0 0 0 0 0 0 0 0 0 0 0 0 0 0 0 0 0 0 0 0 0 0 0 0 0 0 0 0 0 0 0 0 0 0 0 0 0 0 0 0 0 0 0 0 0 0 0 0 0 0 0 0 0 0 0 0 0 0 0 0 0 0 0 0 0 0 0 0 0 0 0 0 0 0 0 0.0003699026128742844 0.001879349700175226 0.004788260441273451 0.009201831184327602 0.01545126456767321 0.02369571104645729 0.03406805917620659 0.04662815108895302 0.06163778528571129 0.07939797639846802 0.1000523939728737 0.1233697384595871 0.148908942937851 0.176741287112236 0.20710289478302 0.2401225864887238 0.2752504646778107 0.3114879429340363 0.3459135293960571 0.3786178529262543 0.409686952829361 0.439202606678009 0.4672424793243408 0.4938803613185883 0.5191863179206848 0.5432270169258118 0.5650455355644226 0.5744091272354126 0.5702823400497437 0.5522356629371643 0.5246238708496094 0.4983926713466644 0.4734730422496796 0.4497993886470795 0.4273094236850739 0.4059439599514008 0.3856467604637146 0.3663644194602966 0.3480461835861206 0.3306438624858856 0.3141116797924042 0.2984060943126678 0.2834858000278473 0.2693115174770355 0.2558459341526031 0.2430536448955536 0.2309009581804276 0.2193559110164642 0.2083881199359894 0.1979687213897705 0.1880702823400497 0.1786667704582214 0.1697334349155426 0.1612467616796494 0.1531844288110733 0.1455252021551132 0.138248935341835 0.1313364952802658 0.1247696727514267 0.1185311898589134 0.112604632973671 0.1069744005799294 0.1016256809234619 0.09654439985752106 0.0917171835899353 0.0871313214302063 0.08277475833892822 0.07863602042198181 0.07470422238111496 0.07096900790929794 0.06742055714130402 0.06404952704906464 0.06084705144166946 0.05780469998717308 0.05491446331143379 0.05216874182224274 0.0495603047311306 0.04708229005336761 0.04472817480564117 0.04249176755547523 0.04036717861890793 0.03834882006049156 0.03643137961626053 0.03460980951786041 0.03287931904196739 0.03123535215854645 0.02967358380556107 0.02818990498781204 0.02678040973842144 0.02544138953089714 0.0241693202406168 0.02296085469424725 0.0218128114938736 0.02072217129170895 0.01968606188893318 0.01870175823569298 0.01776666939258575 0.01687833666801453 0.01603442057967186 0.0152326999232173 0.01447106525301933 0.0137475123628974 0.0130601366981864 0.01240712963044643 0.01178677286952734 0.01119743380695581 0.01063756179064512 0.01010568346828222 0.009600399062037468 0.009120378643274307 0.008664359338581562 0.008231141604483128 0.0078195845708251 0.007428605109453201 0.007057175040245056 0.006704316474497318 0.006369100883603096 0.006050645839422941 0.005748113617300987 0.005460707936435938 0.005187672562897205 0.004928288981318474 0.00468187453225255 0.004447781015187502 0.004225391894578934 0.004014122299849987 0.003813416231423616 0.003622745396569371 0.003441608045250177 0.003269527573138475 0.003106051124632359 0.002950748661532998 0.002803211333230138 0.002663050778210163 0.002529898192733526 0.002403403166681528 0.002283232985064387 0.002169071231037378 0.002060617785900831 0.001957586966454983 0.001859707641415298 0.001766722300089896 0.001678386237472296 0.00159446697216481 0.001514743664301932 0.00143900653347373 0.001367056160233915 0.001298703369684517 0.001233768183737993 0.001172079821117222 0.001113475882448256 0.001057802117429674 0.001004911959171295 0.0009546663495711982 0.0009069330408237875 0.0008615863625891507 0.0008185070473700762 0.0007775817066431046 0.000738702598027885 0.0007017674506641924 0.0006666790577583015 0.0006333451019600034 0.0006016778643243015 0.0005715939914807677 0.0005430142628028989 0.0005158635322004557 0.0004900703788734972 0.0004655668744817376 0.0004422885249368846 0.0004201740957796574 0.0003991653793491423 0.0003792071074713022 0.0003602467477321625 0.0003422344161663204 0.000325122702633962 0.0003088665544055402 0.0002934232179541141 0.000278752064332366 0.0002648144727572799 0.0002515737432986498 0.0002389950532233343 0.0002270452969241887 0.0002156930277124047 0.0002049083705060184 0.0001946629490703344 0.0001849297987064347 0.0001756833080435172 0.0001668991462793201 0.0001585541904205456 0.0001506264816271141 0.0001430951524525881 0.0001359403977403417 0.0001291433727601543 0.0001226862077601254 0.0001165518988273107 0.0001107243006117642 0.0001051880826707929 9.992867853725329e-05 9.493224206380546e-05 9.018563287099823e-05 8.567635086365044e-05 8.139253623085096e-05 7.732291123829782e-05 7.345676567638293e-05 6.978392775636166e-05 6.629472773056477e-05 6.297999061644077e-05 5.983099254081026e-05 5.683944254997186e-05 5.399747169576585e-05 5.129759665578604e-05 4.873271609540097e-05 4.629608156392351e-05 4.398127930471674e-05 4.178221570327878e-05 3.969310637330636e-05 3.770845069084316e-05 3.582302815630101e-05 3.403187656658702e-05 3.23302811011672e-05 3.071376704610884e-05 2.917807796620764e-05 2.771917388599832e-05 2.633321491884999e-05 2.501655399100855e-05 2.376572592766024e-05 2.257744017697405e-05 2.144856807717588e-05 2.037613921856973e-05 1.935733234859072e-05 1.8389466276858e-05 1.746999259921722e-05 1.659649205976166e-05 1.576666727487464e-05 1.497833363828249e-05 1.422941659257049e-05 1.351794617221458e-05 1.284204881812911e-05 1.219994646817213e-05 1.158994928118773e-05 1.101045199902728e-05 1.045992939907592e-05 9.936932656273711e-06 9.44008570513688e-06 8.968081601778977e-06 8.519677066942677e-06 8.093693395494483e-06 7.689008270972408e-06 7.304558039322728e-06 6.939329978195019e-06 6.592363661184208e-06 6.262745500862366e-06 5.94960829403135e-06 5.652128038491355e-06 5.369521659304155e-06 5.10104564455105e-06 4.845993316848762e-06 4.603693469107384e-06 4.373509000288323e-06 4.154833732172847e-06 3.947091954614734e-06 3.749737288671895e-06 3.562250412869616e-06 3.384137926332187e-06 3.214930984540842e-06 3.054184389839065e-06 2.901475227190531e-06 2.756401499937056e-06 2.61858144767757e-06 2.487652409399743e-06 2.363269686611602e-06 2.24510631596786e-06 2.132851022906834e-06 2.026208449024125e-06 1.924898015204235e-06 1.828653125812707e-06 1.737220486575097e-06 1.650359422455949e-06 1.567841422911442e-06 1.489449346081528e-06
 0 0 0 0 0 0 0 0 0 0 0 0 0 0 0 0 0 0 0 0 0 0 0 0 0 0 0 0 0 0 0 0 0 0 0 0 0 0 0 0 0 0 0 0 0 0 0 0 0 0 0 0 0 0 0 0 0 0 0 0 0 0 0 0 0 0 0 0 0 0 0 0 0 0 0 0 0 0 0 0 0 0 0 0 0 0 0 0 0 0 0 0 0 0 0 0 0 0 0 0 0 0 0 0 0 0 0 0 0 0 0 0 0 0 0 0 0 0 0 0 0 0 0 0 0 0 0 0 0 0 0 0 0 0 0 0 0 0 0 0 0 0 0 0 0 0 0 0 0 0 0 0 0 0 0 0 0 0 0 0 0 0 0 0 0 0 0 0 0 0 0 0 0 0 0 0 0 0 0 0 0 0 0 0 0 0 0 0 0 0 0 0 0 0 0 0 0 0 0 0 0 0 0 0 0 0 0 0 0 0 0 0 0 0 0 0 0 0 0 0 0 0 0 0 0 0 0 0 0 0 0 0 0 0 0 0 0 0 0 0 0 0 0 0 0 0 0 0 0 0 0 0 0 0 0 0 0 0 0 0 0 0 0 0 0 0 0 0 0 0 0 0 0 0 0 0 0 0 0 0 0 0 0 0 0 0 0 0 0 0 0 0 0 0 0 0 0 0 0 0 0 0 0 0 0 0 0 0 0 0 0 0 0 0 0 0 0 0 0 0 0 0 0 0 0 0 0 0 0 0 0 0 0 0 0 0 0 0 0 0 0 0 0 0 0 0 0 0 0 0 0 0 0 0 0 0 0 0 0 0 0 0 0 0 0 0 0 0 0 0 0 0 0 0 0 0 0 0 0 0 0 0 0 0 0 0 0 0 0 0 0 0 0 0 0 0 0 0 0 0 0 0 0 0 0 0 0 0 0 0 0 0 0 0 0 0 0 0 0 0 0 0 0 0 0 0 0 0 0 0 0 0 0 0 0 0 0 0 0 0 0 0 0 0 0 0 0 0 0 0 0 0 0 0 0 0 0 0 0 0 0 0 0 0 0 0 0 0 0 0 0 0 0 0 0 0 0 0 0 0 0 0 0 0 0 0 0 0 0 0 0 0 0 0 0 0 0 0 0 0 0 0 0 0 0 0 0 0 0 0 0 0 0 0 0 0 0 0 0 0 0 0 0 0 0 0 0 0 0 0 0 0 0 0 0 0 0 0 0 0 0 0 0 0 0 0 0 0 0 0 0 0 0 0 0 0 0 0 0 0 0 0 0 0 0 0 0 0 0 0 0 0 0 0 0 0 0 0 0 0 0 0 0 0 0 0 0 0 0 0 0 0 0 0 0 0 0 0 0 0
 0 0 0 0 0 0 0 0 0 0 0 0 0 0 0 0 0 0 0 0 0 0 0 0 0 0 0 0 0 0 0 0 0 0 0 0 0 0 0 0 0 0 0 0 0 0 0 0 0 0 0 0 0 0 0 0 0 0 0 0 0 0 0 0 0 0 0 0 0 0 0 0 0 0 0 0 0 0 0 0 0 0 0 0 0 0 0 0 0 0 0 0 0 0 0 0 0 0 0 0 0 0 0 0 0 0 0 0 0 0 0 0 0 0 0 0 0 0 0 0 0 0 0 0 0 0 0 0 0 0 0 0 0 0 0 0 0 0 0 0 0 0 0 0 0 0 0 0 0 0 0 0 0 0 0 0 0 0 0 0 0 0 0 0 0 0 0 0 0 0 0 0 0 0 0 0 0 0 0 0 0 0 0 0 0 0 0 0 0 0 0 0 0 0 0 0 0 0 0 0 0 0 0 0 0 0 0 0 0 0 0 0 0 0 0 0 0 0 0 0 0 0 0 0 0 0 0 0 0 0 0 0 0 0 0 0 0 0 0 0 0 0 0 0 0 0 0 0 0 0 0 0 0 0 0 0 0 0 0 0 0 0 0 0 0 0 0 0 0 0 0 0 0 0 0 0 0 0 0 0 0 0 0 0 0 0 0 0 0 0 0 0 0 0 0 0 0 0 0 0 0 0 0 0 0 0 0 0 0 0 0 0 0 0 0 0 0 0 0 0 0 0 0 0 0 0 0 0 0 0 0 0 0 0 0 0 0 0 0 0 0 0 0 0 0 0 0 0 0 0 0 0 0 0 0 0 0 0 0 0 0 0 0 0 0 0 0 0 0 0 0 0 0 0 0 0 0 0 0 0 0 0 0 0 0 0 0 0 0 0 0 0 0 0 0 0 0 0 0 0 0 0 0 0 0 0 0 0 0 0 0 0 0 0 0 0 0 0 0 0 0 0 0 0 0 0 0 0 0 0 0 0 0 0 0 0 0 0 0 0 0 0 0 0 0 0 0 0 0 0 0 0 0 0 0 0 0 0 0 0 0 0 0 0 0 0 0 0 0 0 0 0 0 0 0 0 0 0 0 0 0 0 0 0 0 0 0 0 0 0 0 0 0 0 0 0 0 0 0 0 0 0 0 0 0 0 0 0 0 0 0 0 0 0 0 0 0 0 0 0 0 0 0 0 0 0 0 0 0 0 0 0 0 0 0 0 0 0 0 0 0 0 0 0 0 0 0 0 0 0 0 0 0 0 0 0 0 0 0 0 0 0 0 0 0 0 0 0 0 0 0 0 0 0 0 0 0 0 0 0 0 0 0 0 0 0 0 0 0 0 0 0 0 0 0 0 0 0 0 0
 0 0 0 0 0 0 0 0 0 0 0 0 0 0 0 0 0 0 0 0 0 0 0 0 0 0 0 0 0 0 0 0 0 0 0 0 0 0 0 0 0 0 0 0 0 0 0 0 0 0 0 0 0 0 0 0 0 0 0 0 0 0 0 0 0 0 0 0 0 0 0 0 0 0 0 0 0 0 0 0 0 0 0 0 0 0 0 0 0 0 0 0 0 0 0 0 0 0 0 0 0 0 0 0 0 0 0 0 0 0 0 0 0 0 0 0 0 0 0 0 0 0 0 0 0 0 0 0 0 0 0 0 0 0 0 0 0 0 0 0 0 0 0 0 0 0 0 0 0 0 0 0 0 0 0 0 0 0 0 0 0 0 0 0 0 0 0 0 0 0 0 0 0 0 0 0 0 0 0 0 0 0 0 0 0 0 0 0 0 0 0 0 0 0 0 0 0 0 0 0 0 0 0 0 0 0 0 0 0 0 0 0 0 0 0 0 0 0 0 0 0 0 0 0 0 0 0 0 0 0 0 0 0 0 0 0 0 0 0 0 0 0 0 0 0 0 0 0 0 0 0 0 0 0 0 0 0 0 0 0 0 0 0 0 0 0 0 0 0 0 0 0 0 0 0 0 0 0 0 0 0 0 0 0 0 0 0 0 0 0 0 0 0 0 0 0 0 0 0 0 0 0 0 0 0 0 0 0 0 0 0 0 0 0 0 0 0 0 0 0 0 0 0 0 0 0 0 0 0 0 0 0 0 0 0 0 0 0 0 0 0 0 0 0 0 0 0 0 0 0 0 0 0 0 0 0 0 0 0 0 0 0 0 0 0 0 0 0 0 0 0 0 0 0 0 0 0 0 0 0 0 0 0 0 0 0 0 0 0 0 0 0 0 0 0 0 0 0 0 0 0 0 0 0 0 0 0 0 0 0 0 0 0 0 0 0 0 0 0 0 0 0 0 0 0 0 0 0 0 0 0 0 0 0 0 0 0 0 0 0 0 0 0 0 0 0 0 0 0 0 0 0 0 0 0 0 0 0 0 0 0 0 0 0 0 0 0 0 0 0 0 0 0 0 0 0 0 0 0 0 0 0 0 0 0 0 0 0 0 0 0 0 0 0 0 0 0 0 0 0 0 0 0 0 0 0 0 0 0 0 0 0 0 0 0 0 0 0 0 0 0 0 0 0 0 0 0 0 0 0 0 0 0 0 0 0 0 0 0 0 0 0 0 0 0 0 0 0 0 0 0 0 0 0 0 0 0 0 0 0 0 0 0 0 0 0 0 0 0 0 0 0 0 0 0 0 0 0 0 0 0 0 0 0 0 0 0 0 0 0 0 0 0 0 0 0 0 0 0 0
 0 0 0 0 0 0 0 0 0 0 0 0 0 0 0 0 0 0 0 0 0 0 0 0 0 0 0 0 0 0 0 0 0 0 0 0 0 0 0 0 0 0 0 0 0 0 0 0 0 0 0 0 0 0 0 0 0 0 0 0 0 0 0 0 0 0 0 0 0 0 0 0 0 0 0 0 0 0 0 0 0 0 0 0 0 0 0 0 0 0 0 0 0 0 0 0 0 0 0 0 0 0 0 0 0 0 0 0 0 0 0 0 0 0 0 0 0 0 0 0 0 0 0 0 0 0 0 0 0 0 0 0 0 0 0 0 0 0 0 0 0 0 0 0 0 0 0 0 0 0 0 0 0 0 0 0 0 0 0 0 0 0 0 0 0 0 0 0 0 0 0 0 0 0 0 0 0 0 0 0 0 0 0 0 0 0 0 0 0 0 0 0 0 0 0 0 0 0 0 0 0 0 0 0 0 0 0 0 0 0 0 0 0 0 0 0 0 0 0 0 0 0 0 0 0 0 0 0 0 0 0 0 0 0 0 0 0 0 0 0 0 0 0 0 0 0 0 0 0 0 0 0 0 0 0 0 0 0 0 0 0 0 0 0 0 0 0 0 0 0 0 0 0 0 0 0 0 0 0 0 0 0 0 0 0 0 0 0 0 0 0 0 0 0 0 0 0 0 0 0 0 0 0 0 0 0 0 0 0 0 0 0 0 0 0 0 0 0 0 0.00105555763002485 0.003366425633430481 0.007044297643005848 0.01226089522242546 0.0193089097738266 0.02836823835968971 0.03946545347571373 0.05268622189760208 0.0684276670217514 0.08690881729125977 0.1079995334148407 0.1315831393003464 0.1576391458511353 0.1859504282474518 0.2166702449321747 0.2495893687009811 0.2843336462974548 0.3201169669628143 0.3541111350059509 0.3864055871963501 0.4170853197574615 0.4462310671806335 0.4739195108413696 0.5002235174179077 0.5252123475074768 0.5489517450332642 0.5631387829780579 0.5645889043807983 0.5525032877922058 0.5265286564826965 0.5002022385597229 0.475192129611969 0.4514325261116028 0.4288609027862549 0.4074178636074066 0.3870469629764557 0.367694616317749 0.349309891462326 0.3318443894386292 0.3152521848678589 0.2994895875453949 0.2845151126384735 0.2702893614768982 0.25677490234375 0.243936151266098 0.231739342212677 0.2201523780822754 0.2091447561979294 0.1986875236034393 0.188753142952919 0.1793154925107956 0.1703497171401978 0.1618322283029556 0.1537406146526337 0.1460535824298859 0.1387509107589722 0.1318133622407913 0.1252226978540421 0.1189615651965141 0.1130134835839272 0.1073628067970276 0.101994663476944 0.09689492732286453 0.09205017983913422 0.08744767308235168 0.08307529240846634 0.07892152667045593 0.07497545331716537 0.07122667878866196 0.06766534596681595 0.06428208202123642 0.06106797605752945 0.05801457911729813 0.05511385202407837 0.05235815793275833 0.0497402511537075 0.04725323989987373 0.04489057883620262 0.04264605045318604 0.04051374644041061 0.03848806023597717 0.03656365722417831 0.03473547473549843 0.0329986996948719 0.03134876489639282 0.02978132665157318 0.02829226106405258 0.02687764726579189 0.0255337655544281 0.02425707690417767 0.02304422296583652 0.0218920111656189 0.02079741097986698 0.01975754089653492 0.01876966468989849 0.01783118210732937 0.01693962328135967 0.01609264127910137 0.01528800930827856 0.01452360861003399 0.01379742845892906 0.01310755684971809 0.01245217863470316 0.01182956993579865 0.01123809162527323 0.01067618746310472 0.01014237850904465 0.0096352593973279 0.009153496474027634 0.008695821277797222 0.008261030539870262 0.007847978733479977 0.007455579936504364 0.007082800846546888 0.00672866078093648 0.006392227951437235 0.006072616670280695 0.005768985953181982 0.005480536725372076 0.005206509958952665 0.00494618434458971 0.004698875360190868 0.004463931545615196 0.004240734968334436 0.004028698429465294 0.003827263601124287 0.003635900327935815 0.003454105230048299 0.003281400073319674 0.003117330139502883 0.002961463527753949 0.002813390456140041 0.002672720933333039 0.002539084991440177 0.002412130823358893 0.002291524317115545 0.002176948124542832 0.002068100729957223 0.001964695751667023 0.0018664610106498 0.001773137948475778 0.001684481045231223 0.001600257004611194 0.001520244171842933 0.001444231951609254 0.001372020342387259 0.001303419354371727 0.001238248427398503 0.001176335965283215 0.001117519219405949 0.001061643240973353 0.001008561113849282 0.0009581330814398825 0.0009102264302782714 0.0008647150825709105 0.0008214793051593006 0.0007804053602740169 0.0007413850980810821 0.000704315840266645 0.0006691000307910144 0.0006356450030580163 0.0006038627470843494 0.0005736696184612811 0.0005449861637316644 0.0005177368293516338 0.0004918499616906047 0.0004672574577853084 0.000443894590716809 0.0004216998640913516 0.0004006148665212095 0.0003805841261055321 0.0003615549067035317 0.000343477149726823 0.0003263032995164394 0.0003099881287198514 0.0002944887091871351 0.0002797642664518207 0.0002657760633155704 0.0002524872543290257 0.0002398628857918084 0.0002278697356814519 0.0002164762554457411 0.0002056524390354753 0.0001953698229044676 0.0001856013259384781 0.0001763212640071288 0.0001675052044447511 0.000159129936946556 0.0001511734444648027 0.0001436147722415626 0.0001364340278087184 0.0001296123227803037 0.0001231317000929266 0.0001169751121778972 0.0001111263554776087 0.0001055700413417071 0.0001002915378194302 9.527696238365024e-05 9.051311644725502e-05 8.598746353527531e-05 8.168809290509671e-05 7.760369044262916e-05 7.372350955847651e-05 7.003733480814844e-05 6.653546734014526e-05 6.32086957921274e-05 6.004825991112739e-05 5.704584691557102e-05 5.419355511548929e-05 5.148387572262436e-05 4.890968193649314e-05 4.646419620257802e-05 4.414098657434806e-05 4.193393760942854e-05 3.983723945566453e-05 3.784537693718448e-05 3.595310772652738e-05 3.415545143070631e-05 3.244767867727205e-05 3.082529292441905e-05 2.928402864199597e-05 2.781982766464353e-05 2.642883555381559e-05 2.510739432182163e-05 2.385202424193267e-05 2.265942384838127e-05 2.15264517464675e-05 2.045012843154836e-05 1.942762173712254e-05 1.845624137786217e-05 1.753342985466588e-05 1.665675881667994e-05 1.582391996635124e-05 1.503272414993262e-05 1.428108771506231e-05 1.356703342025867e-05 1.288868133997312e-05 1.224424704560079e-05 1.163203432952287e-05 1.105043247662252e-05 1.049791080731666e-05 9.973015039577149e-06 9.474364560446702e-06 9.000646059575956e-06 8.550613529223483e-06 8.123082807287574e-06 7.716928848822135e-06 7.331082542805234e-06 6.96452843840234e-06 6.616302016482223e-06 6.285486961132847e-06 5.971212431177264e-06 5.672651695931563e-06 5.389018951973412e-06 5.119567958900006e-06 4.863589765591314e-06 4.620410436473321e-06 4.38938968727598e-06 4.169920430285856e-06 3.961424226872623e-06 3.763353106478462e-06 3.575185473891906e-06 3.396426109247841e-06 3.226604803785449e-06 3.065274540858809e-06 2.912010813815868e-06 2.766410261756391e-06 2.628089760037255e-06 2.496685283404076e-06 2.371850996496505e-06 2.253258344353526e-06 2.140595370292431e-06 2.033565579040442e-06 1.931887254613684e-06 1.835292891883e-06 1.743528287079243e-06 1.656351855672256e-06 1.573534291310352e-06 1.494857542638783e-06 1.420114699612895e-06 1.349108970316593e-06
 0 0 0 0 0 0 0 0 0 0 0 0 0 0 0 0 0 0 0 0 0 0 0 0 0 0 0 0 0 0 0 0 0 0 0 0 0 0 0 0 0 0 0 0 0 0 0 0 0 0 0 0 0 0 0 0 0 0 0 0 0 0 0 0 0 0 0 0 0 0 0 0 0 0 0 0 0 0 0 0 0 0 0 0 0 0 0 0 0 0 0 0 0 0 0 0 0 0 0 0 0 0 0 0 0 0 0 0 0 0 0 0 0 0 0 0 0 0 0 0 0 0 0 0 0 0 0 0 0 0 0 0 0 0 0 0 0 0 0 0 0 0 0 0 0 0 0 0 0 0 0 0 0 0 0 0 0 0 0 0 0 0 0 0 0 0 0 0 0 0 0 0 0 0 0 0 0 0 0 0 0 0 0 0 0 0 0 0 0 0 0 0 0 0 0 0 0 0 0 0 0 0 0 0 0 0 0 0 0 0 0 0 0 0 0 0 0 0 0 0 0 0 0 0 0 0 0 0 0 0 0 0 0 0 0 0 0 0 0 0 0 0 0 0 0 0 0 0 0 0 0 0 0 0 0 0 0 0 0 0 0 0 0 0 0 0 0 0 0 0 0 0 0 0 0 0 0 0 0 0 0 0 0 0 0 0 0 0 0 0 0 0 0 0 0 0 0 0 0 0 0 0 0 0 0 0 0 0 0 0 0 0 0 0 0 0 0 0 0 0 0 0 0 0 0 0 0 0 0 0 0 0 0 0 0 0 0 0 0 0 0 0 0 0 0 0 0 0 0 0 0 0 0 0 0 0 0 0 0 0 0 0 0 0 0 0 0 0 0 0 0 0 0 0 0 0 0 0 0 0 0 0 0 0 0 0 0 0 0 0 0 0 0 0 0 0 0 0 0 0 0 0 0 0 0 0 0 0 0 0 0 0 0 0 0 0 0 0 0 0 0 0 0 0 0 0 0 0 0 0 0 0 0 0 0 0 0 0 0 0 0 0 0 0 0 0 0 0 0 0 0 0 0 0 0 0 0 0 0 0 0 0 0 0 0 0 0 0 0 0 0 0 0 0 0 0 0 0 0 0 0 0 0 0 0 0 0 0 0 0 0 0 0 0 0 0 0 0 0 0 0 0 0 0 0 0 0 0 0 0 0 0 0 0 0 0 0 0 0 0 0 0 0 0 0 0 0 0 0 0 0 0 0 0 0 0 0 0 0 0 0 0 0 0 0 0 0 0 0 0 0 0 0 0 0 0 0 0 0 0 0 0 0 0 0 0 0 0 0 0 0 0 0 0 0 0 0 0 0 0 0 0 0 0 0 0 0 0 0 0 0 0 0 0 0 0 0 0 0 0
 0 0 0 0 0 0 0 0 0 0 0 0 0 0 0 0 0 0 0 0 0 0 0 0 0 0 0 0 0 0 0 0 0 0 0 0 0 0 0 0 0 0 0 0 0 0 0 0 0 0 0 0 0 0 0 0 0 0 0 0 0 0 0 0 0 0 0 0 0 0 0 0 0 0 0 0 0 0 0 0 0 0 0 0 0 0 0 0 0 0 0 0 0 0 0 0 0 0 0 0 0 0 0 0 0 0 0 0 0 0 0 0 0 0 0 0 0 0 0 0 0 0 0 0 0 0 0 0 0 0 0 0 0 0 0 0 0 0 0 0 0 0 0 0 0 0 0 0 0 0 0 0 0 0 0 0 0 0 0 0 0 0 0 0 0 0 0 0 0 0 0 0 0 0 0 0 0 0 0 0 0 0 0 0 0 0 0 0 0 0 0 0 0 0 0 0 0 0 0 0 0 0 0 0 0 0 0 0 0 0 0 0 0 0 0 0 0 0 0 0 0 0 0 0 0 0 0 0 0 0 0 0 0 0 0 0 0 0 0 0 0 0 0 0 0 0 0 0 0 0 0 0 0 0 0 0 0 0 0 0 0 0 0 0 0 0 0 0 0 0 0 0 0 0 0 0 0 0 0 0 0 0 0 0 0 0 0 0 0 0 0 0 0 0 0 0 0 0 0 0 0 0 0 0 0 0 0 0 0 0 0 0 0 0 0 0 0 0 0 0 0 0 0 0 0 0 0 0 0 0 0 0 0 0 0 0 0 0 0 0 0 0 0 0 0 0 0 0 0 0 0 0 0 0 0 0 0 0 0 0 0 0 0 0 0 0 0 0 0 0 0 0 0 0 0 0 0 0 0 0 0 0 0 0 0 0 0 0 0 0 0 0 0 0 0 0 0 0 0 0 0 0 0 0 0 0 0 0 0 0 0 0 0 0 0 0 0 0 0 0 0 0 0 0 0 0 0 0 0 0 0 0 0 0 0 0 0 0 0 0 0 0 0 0 0 0 0 0 0 0 0 0 0 0 0 0 0 0 0 0 0 0 0 0 0 0 0 0 0 0 0 0 0 0 0 0 0 0 0 0 0 0 0 0 0 0 0 0 0 0 0 0 0 0 0 0 0 0 0 0 0 0 0 0 0 0 0 0 0 0 0 0 0 0 0 0 0 0 0 0 0 0 0 0 0 0 0 0 0 0 0 0 0 0 0 0 0 0 0 0 0 0 0 0 0 0 0 0 0 0 0 0 0 0 0 0 0 0 0 0 0 0 0 0 0 0 0 0 0 0 0 0 0 0 0 0 0 0 0 0 0 0 0 0 0 0 0 0 0 0 0 0 0 0 0 0 0 0 0 0
 0 0 0 0 0 0 0 0 0 0 0 0 0 0 0 0 0 0 0 0 0 0 0 0 0 0 0 0 0 0 0 0 0 0 0 0 0 0 0 0 0 0 0 0 0 0 0 0 0 0 0 0 0 0 0 0 0 0 0 0 0 0 0 0 0 0 0 0 0 0 0 0 0 0 0 0 0 0 0 0 0 0 0 0 0 0 0 0 0 0 0 0 0 0 0 0 0 0 0 0 0 0 0 0 0 0 0 0 0 0 0 0 0 0 0 0 0 0 0 0 0 0 0 0 0 0 0 0 0 0 0 0 0 0 0 0 0 0 0 0 0 0 0 0 0 0 0 0 0 0 0 0 0 0 0 0 0 0 0 0 0 0 0 0 0 0 0 0 0 0 0 0 0 0 0 0 0 0 0 0 0 0 0 0 0 0 0 0 0 0 0 0 0 0 0 0 0 0 0 0 0 0 0 0 0 0 0 0 0 0 0 0 0 0 0 0 0 0 0 0 0 0 0 0 0 0 0 0 0 0 0 0 0 0 0 0 0 0 0 0 0 0 0 0 0 0 0 0 0 0 0 0 0 0 0 0 0 0 0 0 0 0 0 0 0 0 0 0 0 0 0 0 0 0 0 0 0 0 0 0 0 0 0 0 0 0 0 0 0 0 0 0 0 0 0 0 0 0 0 0 0 0 0 0 0 0 0 0 0 0 0 0 0 0 0 0 0 0 0 0 0 0 0 0 0 0 0 0 0 0 0 0 0 0 0 0 0 0 0 0 0 0 0 0 0 0 0 0 0 0 0 0 0 0 0 0 0 0 0 0 0 0 0 0 0 0 0 0 0 0 0 0 0 0 0 0 0 0 0 0 0 0 0 0 0 0 0 0 0 0 0 0 0 0 0 0 0 0 0 0 0 0 0 0 0 0 0 0 0 0 0 0 0 0 0 0 0 0 0 0 0 0 0 0 0 0 0 0 0 0 0 0 0 0 0 0 0 0 0 0 0 0 0 0 0 0 0 0 0 0 0 0 0 0 0 0 0 0 0 0 0 0 0 0 0 0 0 0 0 0 0 0 0 0 0 0 0 0 0 0 0 0 0 0 0 0 0 0 0 0 0 0 0 0 0 0 0 0 0 0 0 0 0 0 0 0 0 0 0 0 0 0 0 0 0 0 0 0 0 0 0 0 0 0 0 0 0 0 0 0 0 0 0 0 0 0 0 0 0 0 0 0 0 0 0 0 0 0 0 0 0 0 0 0 0 0 0 0 0 0 0 0 0 0 0 0 0 0 0 0 0 0 0 0 0 0 0 0 0 0 0 0 0 0 0 0 0 0 0 0 0 0 0 0 0 0 0 0 0 0
 0 0 0 0 0 0 0 0 0 0 0 0 0 0 0 0 0 0 0 0 0 0 0 0 0 0 0 0 0 0 0 0 0 0 0 0 0 0 0 0 0 0 0 0 0 0 0 0 0 0 0 0 0 0 0 0 0 0 0 0 0 0 0 0 0 0 0 0 0 0 0 0 0 0 0 0 0 0 0 0 0 0 0 0 0 0 0 0 0 0 0 0 0 0 0 0 0 0 0 0 0 0 0 0 0 0 0 0 0 0 0 0 0 0 0 0 0 0 0 0 0 0 0 0 0 0 0 0 0 0 0 0 0 0 0 0 0 0 0 0 0 0 0 0 0 0 0 0 0 0 0 0 0 0 0 0 0 0 0 0 0 0 0 0 0 0 0 0 0 0 0 0 0 0 0 0 0 0 0 0 0 0 0 0 0 0 0 0 0 0 0 0 0 0 0 0 0 0 0 0 0 0 0 0 0 0 0 0 0 0 0 0 0 0 0 0 0 0 0 0 0 0 0 0 0 0 0 0 0 0 0 0 0 0 0 0 0 0 0 0 0 0 0 0 0 0 0 0 0 0 0 0 0 0 0 0 0 0 0 0 0 0 0 0 0 0 0 0 0 0 0 0 0 0 0 0 0 0 0 0 0 0 0 0 0 0 0 0 0 0 0 0 0 0 0 0 0 0 0 0 0 0 0 0 0 0 0 0 0 0 0 0 0 0 0 0 0 0 0 0 0 0 0.0004047244437970221 0.001918765949085355 0.004685097374022007 0.008969847112894058 0.01507365610450506 0.02312427386641502 0.03323652967810631 0.04543387517333031 0.0599084310233593 0.07687876373529434 0.09645972400903702 0.1183439493179321 0.1426987946033478 0.1693879663944244 0.1984603106975555 0.2297639399766922 0.2631879150867462 0.2984327077865601 0.333511084318161 0.3668355345726013 0.398493766784668 0.4285690784454346 0.4571406245231628 0.4842835962772369 0.5100694298744202 0.5345659852027893 0.5541201233863831 0.5618962049484253 0.5570259690284729 0.5387176871299744 0.5117818117141724 0.4861927330493927 0.4618830978870392 0.4387889504432678 0.4168494939804077 0.3960070312023163 0.3762066662311554 0.3573963344097137 0.339526504278183 0.3225501775741577 0.3064226806163788 0.2911015450954437 0.2765464782714844 0.2627191543579102 0.2495831996202469 0.2371040433645248 0.2252488434314728 0.2139863967895508 0.2032870799303055 0.1931227296590805 0.1834665983915329 0.174293264746666 0.1655786037445068 0.157299667596817 0.1494346857070923 0.1419629454612732 0.1348647922277451 0.128121554851532 0.1217154785990715 0.1156297028064728 0.109848216176033 0.1043558046221733 0.09913801401853561 0.0941811129450798 0.08947205543518066 0.08499845117330551 0.08074852824211121 0.07671110332012177 0.07287554442882538 0.06923176348209381 0.06577017903327942 0.06248167157173157 0.05935758724808693 0.0563897080719471 0.0535702221095562 0.05089171230792999 0.04834712669253349 0.04592977091670036 0.04363328218460083 0.04145161807537079 0.03937903791666031 0.03741008788347244 0.03553958237171173 0.0337626039981842 0.03207447379827499 0.03047074936330318 0.02894721180200577 0.02749985083937645 0.02612485736608505 0.02481861412525177 0.02357768267393112 0.02239879779517651 0.02127885818481445 0.02021491527557373 0.01920416951179504 0.01824396103620529 0.01733176223933697 0.01646517403423786 0.01564191468060017 0.0148598188534379 0.01411682832986116 0.01341098733246326 0.01274043787270784 0.01210341602563858 0.01149824541062117 0.01092333346605301 0.01037716679275036 0.009858308359980583 0.009365392848849297 0.008897122927010059 0.008452266454696655 0.008029652759432793 0.007628170307725668 0.007246761582791805 0.006884423550218344 0.006540202535688877 0.006213192362338305 0.005902532953768969 0.00560740614309907 0.005327035672962666 0.005060683935880661 0.00480764964595437 0.004567267373204231 0.004338903818279505 0.004121958743780851 0.003915860783308744 0.003720067674294114 0.003534064395353198 0.003357361070811749 0.003189492970705032 0.003030018415302038 0.002878517378121614 0.002734591485932469 0.002597861923277378 0.002467968733981252 0.00234457035548985 0.002227341756224632 0.002115974668413401 0.002010175958275795 0.001909667160362005 0.001814183779060841 0.001723474590107799 0.001637300825677812 0.001555435825139284 0.001477663987316191 0.001403780770488083 0.00133359176106751 0.001266912207938731 0.001203566556796432 0.001143388217315078 0.001086218748241663 0.001031907857395709 0.0009803124703466892 0.0009312968468293548 0.0008847319986671209 0.0008404953987337649 0.0007984706317074597 0.0007585471030324697 0.0007206197478808463 0.0006845887401141226 0.0006503593176603317 0.0006178413750603795 0.0005869492888450623 0.0005576018011197448 0.0005297217285260558 0.0005032356129959226 0.0004780738381668925 0.0004541701346170157 0.0004314616380725056 0.000409888569265604 0.0003893941466230899 0.0003699244407471269 0.0003514282288961112 0.0003338568203616887 0.0003171639691572636 0.0003013057576026767 0.0002862404799088836 0.0002719284675549716 0.0002583320310804993 0.0002454154309816658 0.0002331446594325826 0.0002214874257333577 0.0002104130544466898 0.0001998923980863765 0.0001898977789096534 0.0001804028870537877 0.0001713827368803322 0.0001628135942155495 0.0001546729181427509 0.0001469392736908048 0.000139592302730307 0.000132612680317834 0.0001259820419363678 0.0001196829398395494 0.0001136987921199761 0.000108013853605371 0.0001026131576509215 9.748250158736482e-05 9.260837396141142e-05 8.797795453574508e-05 8.357905608136207e-05 7.94001025496982e-05 7.543009996879846e-05 7.165859278757125e-05 6.807566387578845e-05 6.467188359238207e-05 6.143828795757145e-05 5.83663750148844e-05 5.544805753743276e-05 5.267565575195476e-05 5.004187187296338e-05 4.753977918880992e-05 4.516278931987472e-05 4.29046485805884e-05 4.075941615155898e-05 3.872144588967785e-05 3.678537177620456e-05 3.494610427878797e-05 3.319879760965705e-05 3.153885700157844e-05 2.996191324200481e-05 2.846381721610669e-05 2.704062717384659e-05 2.56885959970532e-05 2.440416574245319e-05 2.318395672773477e-05 2.202475843660068e-05 2.092352042382117e-05 1.987734503927641e-05 1.888347833300941e-05 1.793930459825788e-05 1.704233909549657e-05 1.619022259546909e-05 1.538071228424087e-05 1.461167630623095e-05 1.388109285471728e-05 1.318703834840562e-05 1.252768652193481e-05 1.190130205941387e-05 1.130623695644317e-05 1.074092506314628e-05 1.020387844619108e-05 9.693684660305735e-06 9.209000381815713e-06 8.748550499149133e-06 8.31112265586853e-06 7.895566341176163e-06 7.50078788769315e-06 7.125748652470065e-06 6.769461379008135e-06 6.430988378269831e-06 6.109438800194766e-06 5.803966814710293e-06 5.513768428500043e-06 5.238080120761879e-06 4.976176114723785e-06 4.727367468149168e-06 4.490998890105402e-06 4.266448740963824e-06 4.053126303915633e-06 3.850469965982484e-06 3.657946535895462e-06 3.475049197732005e-06 3.301296828794875e-06 3.13623195324908e-06 2.979420287374523e-06 2.830449375323951e-06 2.688926997507224e-06 2.554480715843965e-06 2.426756736895186e-06 2.305419002368581e-06 2.190148052250152e-06 2.080640570056858e-06 1.976608473341912e-06 1.877778004200081e-06 1.783889047146658e-06 1.694694560683274e-06 1.609959781490033e-06
 0 0 0 0 0 0 0 0 0 0 0 0 0 0 0 0 0 0 0 0 0 0 0 0 0 0 0 0 0 0 0 0 0 0 0 0 0 0 0 0 0 0 0 0 0 0 0 0 0 0 0 0 0 0 0 0 0 0 0 0 0 0 0 0 0 0 0 0 0 0 0 0 0 0 0 0 0 0 0 0 0 0 0 0 0 0 0 0 0 0 0 0 0 0 0 0 0 0 0 0 0 0 0 0 0 0 0 0 0 0 0 0 0 0 0 0 0 0 0 0 0 0 0 0 0 0 0 0 0 0 0 0 0 0 0 0 0 0 0 0 0 0 0 0 0 0 0 0 0 0 0 0 0 0 0 0 0 0 0 0 0 0 0 0 0 0 0 0 0 0 0 0 0 0 0 0 0 0 0 0 0 0 0 0 0 0 0 0 0 0 0 0 0 0 0 0 0 0 0 0 0 0 0 0 0 0 0 0 0 0 0 0 0 0 0 0 0 0 0 0 0 0 0 0 0 0 0 0 0 0 0 0 0 0 0 0 0 0 0 0 0 0 0 0 0 0 0 0 0 0 0 0 0 0 0 0 0 0 0 0 0 0 0 0 0 0 0 0 0 0 0 0 0 0 0 0 0 0 0 0 0 0 0 0 0 0 0 0 0 0 0 0 0 0 0 0 0 0 0 0 0 0 0 0 0 0 0 0 0 0 0 0 0 0 0 0 0 0 0 0 0 0 0 0 0 0 0 0 0 0 0 0 0 0 0 0 0 0 0 0 0 0 0 0 0 0 0 0 0 0 0 0 0 0 0 0 0 0 0 0 0 0 0 0 0 0 0 0 0 0 0 0 0 0 0 0 0 0 0 0 0 0 0 0 0 0 0 0 0 0 0 0 0 0 0 0 0 0 0 0 0 0 0 0 0 0 0 0 0 0 0 0 0 0 0 0 0 0 0 0 0 0 0 0 0 0 0 0 0 0 0 0 0 0 0 0 0 0 0 0 0 0 0 0 0 0 0 0 0 0 0 0 0 0 0 0 0 0 0 0 0 0 0 0 0 0 0 0 0 0 0 0 0 0 0 0 0 0 0 0 0 0 0 0 0 0 0 0 0 0 0 0 0 0 0 0 0 0 0 0 0 0 0 0 0 0 0 0 0 0 0 0 0 0 0 0 0 0 0 0 0 0 0 0 0 0 0 0 0 0 0 0 0 0 0 0 0 0 0 0 0 0 0 0 0 0 0 0 0 0 0 0 0 0 0 0 0 0 0 0 0 0 0 0 0 0 0 0 0 0 0 0 0 0 0 0 0 0 0 0 0 0 0 0 0 0 0 0 0 0 0 0 0 0 0 0 0 0 0 0
 0 0 0 0 0 0 0 0 0 0 0 0 0 0 0 0 0 0 0 0 0 0 0 0 0 0 0 0 0 0 0 0 0 0 0 0 0 0 0 0 0 0 0 0 0 0 0 0 0 0 0 0 0 0 0 0 0 0 0 0 0 0 0 0 0 0 0 0 0 0 0 0 0 0 0 0 0 0 0 0 0 0 0 0 0 0 0 0 0 0 0 0 0 0 0 0 0 0 0 0 0 0 0 0 0 0 0 0 0 0 0 0 0 0 0 0 0 0 0 0 0 0 0 0 0 0 0 0 0 0 0 0 0 0 0 0 0 0 0 0 0 0 0 0 0 0 0 0 0 0 0 0 0 0 0 0 0 0 0 0 0 0 0 0 0 0 0 0 0 0 0 0 0 0 0 0 0 0 0 0 0 0 0 0 0 0 0 0 0 0 0 0 0 0 0 0 0 0 0 0 0 0 0 0 0 0 0 0 0 0 0 0 0 0 0 0 0 0 0 0 0 0 0 0 0 0 0 0 0 0 0 0 0 0 0 0 0 0 0 0 0 0 0 0 0 0 0 0 0 0 0 0 0 0 0 0 0 0 0 0 0 0 0 0 0 0 0 0 0 0 0 0 0 0 0 0 0 0 0 0 0 0 0 0 0 0 0 0 0 0 0 0 0 0 0 0 0 0 0 0 0 0 0 0 0 0 0 0 0 0 0 0 0 0 0 0 0 0 0 0 0 0 0 0 0 0 0 0 0 0 0 0 0 0 0 0 0 0 0 0 0 0 0 0 0 0 0 0 0 0 0 0 0 0 0 0 0 0 0 0 0 0 0 0 0 0 0 0 0 0 0 0 0 0 0 0 0 0 0 0 0 0 0 0 0 0 0 0 0 0 0 0 0 0 0 0 0 0 0 0 0 0 0 0 0 0 0 0 0 0 0 0 0 0 0 0 0 0 0 0 0 0 0 0 0 0 0 0 0 0 0 0 0 0 0 0 0 0 0 0 0 0 0 0 0 0 0 0 0 0 0 0 0 0 0 0 0 0 0 0 0 0 0 0 0 0 0 0 0 0 0 0 0 0 0 0 0 0 0 0 0 0 0 0 0 0 0 0 0 0 0 0 0 0 0 0 0 0 0 0 0 0 0 0 0 0 0 0 0 0 0 0 0 0 0 0 0 0 0 0 0 0 0 0 0 0 0 0 0 0 0 0 0 0 0 0 0 0 0 0 0 0 0 0 0 0 0 0 0 0 0 0 0 0 0 0 0 0 0 0 0 0 0 0 0 0 0 0 0 0 0 0 0 0 0 0 0 0 0 0 0 0 0 0 0 0 0 0 0 0 0 0 0 0 0 0 0 0 0 0
 0 0 0 0 0 0 0 0 0 0 0 0 0 0 0 0 0 0 0 0 0 0 0 0 0 0 0 0 0 0 0 0 0 0 0 0 0 0 0 0 0 0 0 0 0 0 0 0 0 0 0 0 0 0 0 0 0 0 0 0 0 0 0 0 0 0 0 0 0 0 0 0 0 0 0 0 0 0 0 0 0 0 0 0 0 0 0 0 0 0 0 0 0 0 0 0 0 0 0 0 0 0 0 0 0 0 0 0 0 0 0 0 0 0 0 0 0 0 0 0 0 0 0 0 0 0 0 0 0 0 0 0 0 0 0 0 0 0 0 0 0 0 0 0 0 0 0 0 0 0 0 0 0 0 0 0 0 0 0 0 0 0 0 0 0 0 0 0 0 0 0 0 0 0 0 0 0 0 0 0 0 0 0 0 0 0 0 0 0 0 0 0 0 0 0 0 0 0 0 0 0 0 0 0 0 0 0 0 0 0 0 0 0 0 0 0 0 0 0 0 0 0 0 0 0 0 0 0 0 0 0 0 0 0 0 0 0 0 0 0 0 0 0 0 0 0 0 0 0 0 0 0 0 0 0 0 0 0 0 0 0 0 0 0 0 0 0 0 0 0 0 0 0 0 0 0 0 0 0 0 0 0 0 0 0 0 0 0 0 0 0 0 0 0 0 0 0 0 0 0 0 0 0 0 0 0 0 0 0 0 0 0 0 0 0 0 0 0 0 0 0 0 0 0 0 0 0 0 0 0 0 0 0 0 0 0 0 0 0 0 0 0 0 0 0 0 0 0 0 0 0 0 0 0 0 0 0 0 0 0 0 0 0 0 0 0 0 0 0 0 0 0 0 0 0 0 0 0 0 0 0 0 0 0 0 0 0 0 0 0 0 0 0 0 0 0 0 0 0 0 0 0 0 0 0 0 0 0 0 0 0 0 0 0 0 0 0 0 0 0 0 0 0 0 0 0 0 0 0 0 0 0 0 0 0 0 0 0 0 0 0 0 0 0 0 0 0 0 0 0 0 0 0 0 0 0 0 0 0 0 0 0 0 0 0 0 0 0 0 0 0 0 0 0 0 0 0 0 0 0 0 0 0 0 0 0 0 0 0 0 0 0 0 0 0 0 0 0 0 0 0 0 0 0 0 0 0 0 0 0 0 0 0 0 0 0 0 0 0 0 0 0 0 0 0 0 0 0 0 0 0 0 0 0 0 0 0 0 0 0 0 0 0 0 0 0 0 0 0 0 0 0 0 0 0 0 0 0 0 0 0 0 0 0 0 0 0 0 0 0 0 0 0 0 0 0 0 0 0 0 0 0 0 0 0 0 0 0 0 0 0 0 0 0 0 0 0 0 0 0
 0 0 0 0 0 0 0 0 0 0 0 0 0 0 0 0 0 0 0 0 0 0 0 0 0 0 0 0 0 0 0 0 0 0 0 0 0 0 0 0 0 0 0 0 0 0 0 0 0 0 0 0 0 0 0 0 0 0 0 0 0 0 0 0 0 0 0 0 0 0 0 0 0 0 0 0 0 0 0 0 0 0 0 0 0 0 0 0 0 0 0 0 0 0 0 0 0 0 0 0 0 0 0 0 0 0 0 0 0 0 0 0 0 0 0 0 0 0 0 0 0 0 0 0 0 0 0 0 0 0 0 0 0 0 0 0 0 0 0 0 0 0 0 0 0 0 0 0 0 0 0 0 0 0 0 0 0 0 0 0 0 0 0 0 0 0 0 0 0 0 0 0 0 0 0 0 0 0 0 0 0 0 0 0 0 0 0 0 0 0 0 0 0 0 0 0 0 0 0 0 0 0 0 0 0 0 0 0 0 0 0 0 0 0 0 0 0 0 0 0 0 0 0 0 0 0 0 0 0 0 0 0 0 0 0 0 0 0 0 0 0 0 0 0 0 0 0 0 0 0 0 0 0 0 0 0 0 0 0 0 0 0 0 0 0 0 0 0 0 0 0 0 0 0 0 0 0 0 0 0 0 0 0 0 0 0 0 0 0 0 0 0 0 0 0 0 0 0 0 0 0 0 0 0 0 0 0 0 0 0 0 0 0 0 0 0 0 0.0007948309648782015 0.002705144230276346 0.005886634811758995 0.01058816164731979 0.01707611232995987 0.02552028000354767 0.03597648441791534 0.04850611835718155 0.06321810185909271 0.08043277263641357 0.09994003921747208 0.1215413883328438 0.1453812569379807 0.1711244583129883 0.1990278512239456 0.2291346788406372 0.2611278295516968 0.2950593829154968 0.3303064107894897 0.3637910783290863 0.3956015110015869 0.4258214235305786 0.4545303583145142 0.481803834438324 0.5077136158943176 0.5323279500007629 0.5465624928474426 0.5489345192909241 0.538535475730896 0.5146867632865906 0.4889524281024933 0.4645048081874847 0.4412795603275299 0.419215589761734 0.3982548117637634 0.3783420622348785 0.3594249486923218 0.3414537012577057 0.324381023645401 0.3081619739532471 0.2927538752555847 0.2781161665916443 0.2642103433609009 0.2509998381137848 0.2384498417377472 0.2265273481607437 0.2152009755373001 0.2044409215450287 0.1942188739776611 0.1845079362392426 0.1752825379371643 0.1665184050798416 0.1581924855709076 0.1502828598022461 0.1427687108516693 0.1356302797794342 0.1288487613201141 0.1224063262343407 0.1162860095500946 0.110471710562706 0.1049481257796288 0.09970071911811829 0.09471568465232849 0.08997990190982819 0.08548090606927872 0.08120685815811157 0.07714651525020599 0.0732891857624054 0.06962472945451736 0.06614349037408829 0.06283631920814514 0.05969450250267982 0.05670977756381035 0.05387428775429726 0.05118057504296303 0.04862154647707939 0.04619047045707703 0.04388094693422318 0.04168689996004105 0.03960255533456802 0.03762242943048477 0.03574130684137344 0.03395424038171768 0.03225652873516083 0.03064370155334473 0.02911151573061943 0.027655940502882 0.02627314254641533 0.02495948597788811 0.02371151186525822 0.02252593636512756 0.02139963954687119 0.02032965794205666 0.01931317523121834 0.01834751665592194 0.0174301415681839 0.01655863411724567 0.01573070324957371 0.01494416780769825 0.01419695932418108 0.01348711177706718 0.01281275600194931 0.01217211782932281 0.01156351156532764 0.01098533626645803 0.01043606922030449 0.00991426594555378 0.009418552741408348 0.008947624824941158 0.008500243537127972 0.008075231686234474 0.007671470288187265 0.007287896703928709 0.006923501845449209 0.006577326916158199 0.006248460616916418 0.005936037749052048 0.005639235954731703 0.005357274319976568 0.005089410580694675 0.004834940191358328 0.00459319306537509 0.004363533575087786 0.004145356826484203 0.003938089124858379 0.003741184715181589 0.003554125549271703 0.003376419190317392 0.003207598347216845 0.003047218546271324 0.002894857665523887 0.00275011477060616 0.002612608950585127 0.002481978386640549 0.002357879420742393 0.002239985391497612 0.00212798616848886 0.002021586755290627 0.001920507405884564 0.001824481994844973 0.001733257900923491 0.001646594959311187 0.001564265228807926 0.001486051944084466 0.001411749399267137 0.00134116190019995 0.00127410376444459 0.001210398622788489 0.001149878720752895 0.001092384802177548 0.001037765527144074 0.0009858772391453385 0.0009365833830088377 0.0008897542138583958 0.0008452665060758591 0.0008030032040551305 0.0007628530729562044 0.000724710407666862 0.0006884748581796885 0.0006540511385537684 0.0006213485612533987 0.00059028115356341 0.0005607670755125582 0.0005327287362888455 0.0005060923285782337 0.000480787712149322 0.0004567483265418559 0.0004339109000284225 0.000412215362302959 0.0003916045825462788 0.0003720243403222412 0.0003534231218509376 0.0003357519744895399 0.0003189643612131476 0.0003030161315109581 0.0002878653176594526 0.0002734720474109054 0.0002597984566818923 0.0002468085440341383 0.0002344681124668568 0.0002227447112090886 0.0002116074756486341 0.0002010270982282236 0.0001909757411340252 0.0001814269489841536 0.0001723556051729247 0.0001637378300074488 0.0001555509370518848 0.0001477733894716948 0.0001403847127221525 0.0001333654799964279 0.0001266972103621811 0.000120362346933689 0.0001143442277680151 0.0001086270131054334 0.0001031956635415554 9.803588181966916e-05 9.313409100286663e-05 8.847738354234025e-05 8.405351400142536e-05 7.985084084793925e-05 7.585829735035077e-05 7.206538430182263e-05 6.846211181255057e-05 6.503900658572093e-05 6.178705370984972e-05 5.869770029676147e-05 5.576281546382234e-05 5.297467578202486e-05 5.032594344811514e-05 4.780964809469879e-05 4.541916496236809e-05 4.314820762374438e-05 4.099079887964763e-05 3.894125984515995e-05 3.699419539771043e-05 3.514448690111749e-05 3.338726310175844e-05 3.171790012856945e-05 3.013200512214098e-05 2.862540532078128e-05 2.719413532759063e-05 2.583442801551428e-05 2.454270725138485e-05 2.331557152501773e-05 2.214979213022161e-05 2.104230225086212e-05 1.999018786591478e-05 1.899067865451798e-05 1.80411443579942e-05 1.713908750389237e-05 1.628213249205146e-05 1.546802559460048e-05 1.469462404202204e-05 1.395989238517359e-05 1.326189794781385e-05 1.259880264115054e-05 1.196886296384037e-05 1.137041999754729e-05 1.080189940694254e-05 1.0261804163747e-05 9.748713637236506e-06 9.261278137273621e-06 8.798214366834145e-06 8.358303603017703e-06 7.940388059068937e-06 7.543368610640755e-06 7.16620024832082e-06 6.807890258642146e-06 6.467495950346347e-06 6.144121016404824e-06 5.836915079271421e-06 5.545069143408909e-06 5.267815595288994e-06 5.004425020160852e-06 4.754203928314382e-06 4.516493845585501e-06 4.290669039619388e-06 4.076135610375786e-06 3.872328761644894e-06 3.678712346300017e-06 3.494776819934486e-06 3.320037876619608e-06 3.154035994157312e-06 2.996334160343395e-06 2.846517418220174e-06 2.70419150183443e-06 2.568981926742708e-06 2.44053285314294e-06 2.318506176379742e-06 2.202580844823387e-06 2.092451723001432e-06 1.98782913685136e-06 1.888437736852211e-06 1.794015815903549e-06 1.70431508195179e-06 1.61909929374815e-06 1.538144374535477e-06 1.461237161493045e-06 1.388175292049709e-06 1.318766521762882e-06 1.252828155884345e-06 1.190186708299734e-06
 0 0 0 0 0 0 0 0 0 0 0 0 0 0 0 0 0 0 0 0 0 0 0 0 0 0 0 0 0 0 0 0 0 0 0 0 0 0 0 0 0 0 0 0 0 0 0 0 0 0 0 0 0 0 0 0 0 0 0 0 0 0 0 0 0 0 0 0 0 0 0 0 0 0 0 0 0 0 0 0 0 0 0 0 0 0 0 0 0 0 0 0 0 0 0 0 0 0 0 0 0 0 0 0 0 0 0 0 0 0 0 0 0 0 0 0 0 0 0 0 0 0 0 0 0 0 0 0 0 0 0 0 0 0 0 0 0 0 0 0 0 0 0 0 0 0 0 0 0 0 0 0 0 0 0 0 0 0 0 0 0 0 0 0 0 0 0 0 0 0 0 0 0 0 0 0 0 0 0 0 0 0 0 0 0 0 0 0 0 0 0 0 0 0 0 0 0 0 0 0 0 0 0 0 0 0 0 0 0 0 0 0 0 0 0 0 0 0 0 0 0 0 0 0 0 0 0 0 0 0 0 0 0 0 0 0 0 0 0 0 0 0 0 0 0 0 0 0 0 0 0 0 0 0 0 0 0 0 0 0 0 0 0 0 0 0 0 0 0 0 0 0 0 0 0 0 0 0 0 0 0 0 0 0 0 0 0 0 0 0 0 0 0 0 0 0 0 0 0 0 0 0 0 0 0 0 0 0 0 0 0 0 0 0 0 0 0 0 0 0 0 0 0 0 0 0 0 0 0 0 0 0 0 0 0 0 0 0 0 0 0 0 0 0 0 0 0 0 0 0 0 0 0 0 0 0 0 0 0 0 0 0 0 0 0 0 0 0 0 0 0 0 0 0 0 0 0 0 0 0 0 0 0 0 0 0 0 0 0 0 0 0 0 0 0 0 0 0 0 0 0 0 0 0 0 0 0 0 0 0 0 0 0 0 0 0 0 0 0 0 0 0 0 0 0 0 0 0 0 0 0 0 0 0 0 0 0 0 0 0 0 0 0 0 0 0 0 0 0 0 0 0 0 0 0 0 0 0 0 0 0 0 0 0 0 0 0 0 0 0 0 0 0 0 0 0 0 0 0 0 0 0 0 0 0 0 0 0 0 0 0 0 0 0 0 0 0 0 0 0 0 0 0 0 0 0 0 0 0 0 0 0 0 0 0 0 0 0 0 0 0 0 0 0 0 0 0 0 0 0 0 0 0 0 0 0 0 0 0 0 0 0 0 0 0 0 0 0 0 0 0 0 0 0 0 0 0 0 0 0 0 0 0 0 0 0 0 0 0 0 0 0 0 0 0 0 0 0 0 0 0 0 0 0 0 0 0 0 0 0 0 0 0 0 0 0 0 0 0 0
 0 0 0 0 0 0 0 0 0 0 0 0 0 0 0 0 0 0 0 0 0 0 0 0 0 0 0 0 0 0 0 0 0 0 0 0 0 0 0 0 0 0 0 0 0 0 0 0 0 0 0 0 0 0 0 0 0 0 0 0 0 0 0 0 0 0 0 0 0 0 0 0 0 0 0 0 0 0 0 0 0 0 0 0 0 0 0 0 0 0 0 0 0 0 0 0 0 0 0 0 0 0 0 0 0 0 0 0 0 0 0 0 0 0 0 0 0 0 0 0 0 0 0 0 0 0 0 0 0 0 0 0 0 0 0 0 0 0 0 0 0 0 0 0 0 0 0 0 0 0 0 0 0 0 0 0 0 0 0 0 0 0 0 0 0 0 0 0 0 0 0 0 0 0 0 0 0 0 0 0 0 0 0 0 0 0 0 0 0 0 0 0 0 0 0 0 0 0 0 0 0 0 0 0 0 0 0 0 0 0 0 0 0 0 0 0 0 0 0 0 0 0 0 0 0 0 0 0 0 0 0 0 0 0 0 0 0 0 0 0 0 0 0 0 0 0 0 0 0 0 0 0 0 0 0 0 0 0 0 0 0 0 0 0 0 0 0 0 0 0 0 0 0 0 0 0 0 0 0 0 0 0 0 0 0 0 0 0 0 0 0 0 0 0 0 0 0 0 0 0 0 0 0 0 0 0 0 0 0 0 0 0 0 0 0 0 0 0 0 0 0 0 0 0 0 0 0 0 0 0 0 0 0 0 0 0 0 0 0 0 0 0 0 0 0 0 0 0 0 0 0 0 0 0 0 0 0 0 0 0 0 0 0 0 0 0 0 0 0 0 0 0 0 0 0 0 0 0 0 0 0 0 0 0 0 0 0 0 0 0 0 0 0 0 0 0 0 0 0 0 0 0 0 0 0 0 0 0 0 0 0 0 0 0 0 0 0 0 0 0 0 0 0 0 0 0 0 0 0 0 0 0 0 0 0 0 0 0 0 0 0 0 0 0 0 0 0 0 0 0 0 0 0 0 0 0 0 0 0 0 0 0 0 0 0 0 0 0 0 0 0 0 0 0 0 0 0 0 0 0 0 0 0 0 0 0 0 0 0 0 0 0 0 0 0 0 0 0 0 0 0 0 0 0 0 0 0 0 0 0 0 0 0 0 0 0 0 0 0 0 0 0 0 0 0 0 0 0 0 0 0 0 0 0 0 0 0 0 0 0 0 0 0 0 0 0 0 0 0 0 0 0 0 0 0 0 0 0 0 0 0 0 0 0 0 0 0 0 0 0 0 0 0 0 0 0 0 0 0 0 0 0 0 0 0 0 0 0 0 0 0 0 0 0 0 0 0 0 0 0
 0 0 0 0 0 0 0 0 0 0 0 0 0 0 0 0 0 0 0 0 0 0 0 0 0 0 0 0 0 0 0 0 0 0 0 0 0 0 0 0 0 0 0 0 0 0 0 0 0 0 0 0 0 0 0 0 0 0 0 0 0 0 0 0 0 0 0 0 0 0 0 0 0 0 0 0 0 0 0 0 0 0 0 0 0 0 0 0 0 0 0 0 0 0 0 0 0 0 0 0 0 0 0 0 0 0 0 0 0 0 0 0 0 0 0 0 0 0 0 0 0 0 0 0 0 0 0 0 0 0 0 0 0 0 0 0 0 0 0 0 0 0 0 0 0 0 0 0 0 0 0 0 0 0 0 0 0 0 0 0 0 0 0 0 0 0 0 0 0 0 0 0 0 0 0 0 0 0 0 0 0 0 0 0 0 0 0 0 0 0 0 0 0 0 0 0 0 0 0 0 0 0 0 0 0 0 0 0 0 0 0 0 0 0 0 0 0 0 0 0 0 0 0 0 0 0 0 0 0 0 0 0 0 0 0 0 0 0 0 0 0 0 0 0 0 0 0 0 0 0 0 0 0 0 0 0 0 0 0 0 0 0 0 0 0 0 0 0 0 0 0 0 0 0 0 0 0 0 0 0 0 0 0 0 0 0 0 0 0 0 0 0 0 0 0 0 0 0 0 0 0 0 0 0 0 0 0 0 0 0 0 0 0 0 0 0 0 0 0 0 0 0 0 0 0 0 0 0 0 0 0 0 0 0 0 0 0 0 0 0 0 0 0 0 0 0 0 0 0 0 0 0 0 0 0 0 0 0 0 0 0 0 0 0 0 0 0 0 0 0 0 0 0 0 0 0 0 0 0 0 0 0 0 0 0 0 0 0 0 0 0 0 0 0 0 0 0 0 0 0 0 0 0 0 0 0 0 0 0 0 0 0 0 0 0 0 0 0 0 0 0 0 0 0 0 0 0 0 0 0 0 0 0 0 0 0 0 0 0 0 0 0 0 0 0 0 0 0 0 0 0 0 0 0 0 0 0 0 0 0 0 0 0 0 0 0 0 0 0 0 0 0 0 0 0 0 0 0 0 0 0 0 0 0 0 0 0 0 0 0 0 0 0 0 0 0 0 0 0 0 0 0 0 0 0 0 0 0 0 0 0 0 0 0 0 0 0 0 0 0 0 0 0 0 0 0 0 0 0 0 0 0 0 0 0 0 0 0 0 0 0 0 0 0 0 0 0 0 0 0 0 0 0 0 0 0 0 0 0 0 0 0 0 0 0 0 0 0 0 0 0 0 0 0 0 0 0 0 0 0 0 0 0 0 0 0 0 0 0 0 0 0 0 0 0 0 0 0 0 0
 0 0 0 0 0 0 0 0 0 0 0 0 0 0 0 0 0 0 0 0 0 0 0 0 0 0 0 0 0 0 0 0 0 0 0 0 0 0 0 0 0 0 0 0 0 0 0 0 0 0 0 0 0 0 0 0 0 0 0 0 0 0 0 0 0 0 0 0 0 0 0 0 0 0 0 0 0 0 0 0 0 0 0 0 0 0 0 0 0 0 0 0 0 0 0 0 0 0 0 0 0 0 0 0 0 0 0 0 0 0 0 0 0 0 0 0 0 0 0 0 0 0 0 0 0 0 0 0 0 0 0 0 0 0 0 0 0 0 0 0 0 0 0 0 0 0 0 0 0 0 0 0 0 0 0 0 0 0 0 0 0 0 0 0 0 0 0 0 0 0 0 0 0 0 0 0 0 0 0 0 0 0 0 0 0 0 0 0 0 0 0 0 0 0 0 0 0 0 0 0 0 0 0 0 0 0 0 0 0 0 0 0 0 0 0 0 0 0 0 0 0 0 0 0 0 0 0 0 0 0 0 0 0 0 0 0 0 0 0 0 0 0 0 0 0 0 0 0 0 0 0 0 0 0 0 0 0 0 0 0 0 0 0 0 0 0 0 0 0 0 0 0 0 0 0 0 0 0 0 0 0 0 0 0 0 0 0 0 0 0 0 0 0 0 0 0 0 0 0 0 0 0 0 0 0 0 0 0 0 0 0 0 0 0 0 0.0003186081012245268 0.001704862923361361 0.004268181510269642 0.00821133516728878 0.01373078301548958 0.02095592767000198 0.03015767782926559 0.04144662618637085 0.05496732890605927 0.07084765285253525 0.08909948915243149 0.1094471290707588 0.1320531815290451 0.1567880064249039 0.1836933940649033 0.2127257138490677 0.2435911148786545 0.2761722207069397 0.3102158308029175 0.3447050452232361 0.3774697780609131 0.4085962772369385 0.438166469335556 0.4662581384181976 0.4929452240467072 0.5182979702949524 0.5379098653793335 0.5461922287940979 0.5424100160598755 0.5262592434883118 0.4999462962150574 0.4749489724636078 0.4512015283107758 0.4286414384841919 0.4072093665599823 0.3868488967418671 0.3675064444541931 0.3491311073303223 0.3316745460033417 0.3150908052921295 0.2993362545967102 0.2843694388866425 0.2701509594917297 0.2566434144973755 0.2438112497329712 0.2316206842660904 0.2200396507978439 0.2090376615524292 0.1985857784748077 0.1886564940214157 0.1792236715555191 0.170262485742569 0.1617493629455566 0.1536618918180466 0.1459787935018539 0.1386798471212387 0.1317458599805832 0.1251585632562637 0.1189006343483925 0.1129556000232697 0.1073078215122223 0.1019424274563789 0.09684530645608902 0.09200304001569748 0.08740288764238358 0.08303274214267731 0.07888110727071762 0.07493705302476883 0.07119020074605942 0.06763069331645966 0.06424915790557861 0.06103669852018356 0.0579848624765873 0.05508561804890633 0.05233133584260941 0.04971477016806602 0.04722903296351433 0.04486758261919022 0.04262420535087585 0.04049299657344818 0.03846834599971771 0.03654493018984795 0.03471768274903297 0.03298179805278778 0.03133270889520645 0.02976607345044613 0.02827776968479156 0.02686388045549393 0.0255206860601902 0.02424465119838715 0.02303241938352585 0.02188079804182053 0.02078675851225853 0.01974742114543915 0.01876004971563816 0.01782204769551754 0.01693094521760941 0.01608439721167088 0.01528017781674862 0.01451616920530796 0.01379036065191031 0.01310084294527769 0.01244580093771219 0.0118235107511282 0.01123233512043953 0.01067071873694658 0.01013718266040087 0.009630323387682438 0.009148807264864445 0.008691366761922836 0.008256798610091209 0.007843958213925362 0.007451760116964579 0.007079171948134899 0.00672521349042654 0.0063889529556036 0.006069505121558905 0.005766029935330153 0.005477728322148323 0.005203841719776392 0.004943649750202894 0.0046964674256742 0.004461644217371941 0.004238562192767859 0.004026634152978659 0.00382530246861279 0.00363403744995594 0.003452335484325886 0.003279718803241849 0.003115732921287417 0.002959946170449257 0.002811948768794537 0.002671351423487067 0.002537783933803439 0.002410894725471735 0.002290349919348955 0.002175832400098443 0.002067040884867311 0.00196368875913322 0.001865504309535027 0.001772229094058275 0.001683617592789233 0.001599436742253602 0.001519464887678623 0.001443491666577756 0.001371317077428102 0.001302751246839762 0.001237613731063902 0.001175733050331473 0.001116946339607239 0.001061098999343812 0.001008043996989727 0.0009576418087817729 0.0009097597212530673 0.0008642717148177326 0.0008210581145249307 0.0007800051826052368 0.0007410049438476562 0.0007039547199383378 0.0006687570130452514 0.0006353191565722227 0.0006035531987436116 0.0005733755533583462 0.0005447067669592798 0.0005174714024178684 0.0004915978061035275 0.000467017904156819 0.0004436669987626374 0.0004214836517348886 0.0004004094807896763 0.0003803890140261501 0.0003613695735111833 0.0003433011006563902 0.0003261360398028046 0.0003098292509093881 0.0002943377767223865 0.0002796209009829909 0.0002656398573890328 0.0002523578586988151 0.0002397399657638744 0.0002277529711136594 0.0002163653261959553 0.0002055470540653914 0.0001952697057276964 0.0001855062146205455 0.0001762309111654758 0.000167419362696819 0.0001590483880136162 0.0001510959700681269 0.0001435411686543375 0.0001363641058560461 0.0001295458932872862 0.0001230686029884964 0.0001169151728390716 0.0001110694138333201 0.0001055159445968457 0.0001002401477308013 9.522814070805907e-05 9.04667322174646e-05 8.59433930600062e-05 8.16462270449847e-05 7.756391278235242e-05 7.368571823462844e-05 7.000143523328006e-05 6.650136492680758e-05 6.317629595287144e-05 6.001748261041939e-05 5.701660847989842e-05 5.416577914729714e-05 5.145748946233653e-05 4.888461626251228e-05 4.644038563128561e-05 4.411836562212557e-05 4.191244806861505e-05 3.981682675657794e-05 3.782598651014268e-05 3.593468863982707e-05 3.41379527526442e-05 3.243105675210245e-05 3.080950409639627e-05 2.926902925537433e-05 2.780557770165615e-05 2.64152986346744e-05 2.509453406673856e-05 2.383980790909845e-05 2.264781687699724e-05 2.151542685169261e-05 2.043965469056275e-05 1.941767186508514e-05 1.844678808993194e-05 1.752444950398058e-05 1.664822775637731e-05 1.581581636855844e-05 1.502502527728211e-05 1.427377355867065e-05 1.356008488073712e-05 1.288208022742765e-05 1.223797607963206e-05 1.162607713922625e-05 1.104477360058809e-05 1.049253478413448e-05 9.967908226826694e-06 9.469512406212743e-06 8.996036740427371e-06 8.546235221729148e-06 8.118923688016366e-06 7.712977094342932e-06 7.327328148676315e-06 6.960961854929337e-06 6.612913693970768e-06 6.282267804635921e-06 5.968154255242553e-06 5.66974631510675e-06 5.386259090300882e-06 5.116946340422146e-06 4.861099114350509e-06 4.618043931259308e-06 4.387141871120548e-06 4.167784936726093e-06 3.959395598940318e-06 3.761425887205405e-06 3.573354661057238e-06 3.394686928004376e-06 3.224952479286003e-06 3.063704753003549e-06 2.910519469878636e-06 2.764993496384704e-06 2.626743935252307e-06 2.495406761227059e-06 2.370636366322287e-06 2.252104650324327e-06 2.139499429176794e-06 2.032524434980587e-06 1.930898179125506e-06 1.834353270169231e-06 1.742635618029453e-06 1.65550386554969e-06 1.572728706378257e-06 1.494092316534079e-06 1.419387672285666e-06 1.348418322777434e-06 1.280997366848169e-06 1.216947453031025e-06 1.1561000974325e-06 1.098295115298242e-06
 0 0 0 0 0 0 0 0 0 0 0 0 0 0 0 0 0 0 0 0 0 0 0 0 0 0 0 0 0 0 0 0 0 0 0 0 0 0 0 0 0 0 0 0 0 0 0 0 0 0 0 0 0 0 0 0 0 0 0 0 0 0 0 0 0 0 0 0 0 0 0 0 0 0 0 0 0 0 0 0 0 0 0 0 0 0 0 0 0 0 0 0 0 0 0 0 0 0 0 0 0 0 0 0 0 0 0 0 0 0 0 0 0 0 0 0 0 0 0 0 0 0 0 0 0 0 0 0 0 0 0 0 0 0 0 0 0 0 0 0 0 0 0 0 0 0 0 0 0 0 0 0 0 0 0 0 0 0 0 0 0 0 0 0 0 0 0 0 0 0 0 0 0 0 0 0 0 0 0 0 0 0 0 0 0 0 0 0 0 0 0 0 0 0 0 0 0 0 0 0 0 0 0 0 0 0 0 0 0 0 0 0 0 0 0 0 0 0 0 0 0 0 0 0 0 0 0 0 0 0 0 0 0 0 0 0 0 0 0 0 0 0 0 0 0 0 0 0 0 0 0 0 0 0 0 0 0 0 0 0 0 0 0 0 0 0 0 0 0 0 0 0 0 0 0 0 0 0 0 0 0 0 0 0 0 0 0 0 0 0 0 0 0 0 0 0 0 0 0 0 0 0 0 0 0 0 0 0 0 0 0 0 0 0 0 0 0 0 0 0 0 0 0 0 0 0 0 0 0 0 0 0 0 0 0 0 0 0 0 0 0 0 0 0 0 0 0 0 0 0 0 0 0 0 0 0 0 0 0 0 0 0 0 0 0 0 0 0 0 0 0 0 0 0 0 0 0 0 0 0 0 0 0 0 0 0 0 0 0 0 0 0 0 0 0 0 0 0 0 0 0 0 0 0 0 0 0 0 0 0 0 0 0 0 0 0 0 0 0 0 0 0 0 0 0 0 0 0 0 0 0 0 0 0 0 0 0 0 0 0 0 0 0 0 0 0 0 0 0 0 0 0 0 0 0 0 0 0 0 0 0 0 0 0 0 0 0 0 0 0 0 0 0 0 0 0 0 0 0 0 0 0 0 0 0 0 0 0 0 0 0 0 0 0 0 0 0 0 0 0 0 0 0 0 0 0 0 0 0 0 0 0 0 0 0 0 0 0 0 0 0 0 0 0 0 0 0 0 0 0 0 0 0 0 0 0 0 0 0 0 0 0 0 0 0 0 0 0 0 0 0 0 0 0 0 0 0 0 0 0 0 0 0 0 0 0 0 0 0 0 0 0 0 0 0 0 0 0 0 0 0 0 0 0 0 0 0 0 0 0 0 0 0 0 0 0 0 0 0 0
 0 0 0 0 0 0 0 0 0 0 0 0 0 0 0 0 0 0 0 0 0 0 0 0 0 0 0 0 0 0 0 0 0 0 0 0 0 0 0 0 0 0 0 0 0 0 0 0 0 0 0 0 0 0 0 0 0 0 0 0 0 0 0 0 0 0 0 0 0 0 0 0 0 0 0 0 0 0 0 0 0 0 0 0 0 0 0 0 0 0 0 0 0 0 0 0 0 0 0 0 0 0 0 0 0 0 0 0 0 0 0 0 0 0 0 0 0 0 0 0 0 0 0 0 0 0 0 0 0 0 0 0 0 0 0 0 0 0 0 0 0 0 0 0 0 0 0 0 0 0 0 0 0 0 0 0 0 0 0 0 0 0 0 0 0 0 0 0 0 0 0 0 0 0 0 0 0 0 0 0 0 0 0 0 0 0 0 0 0 0 0 0 0 0 0 0 0 0 0 0 0 0 0 0 0 0 0 0 0 0 0 0 0 0 0 0 0 0 0 0 0 0 0 0 0 0 0 0 0 0 0 0 0 0 0 0 0 0 0 0 0 0 0 0 0 0 0 0 0 0 0 0 0 0 0 0 0 0 0 0 0 0 0 0 0 0 0 0 0 0 0 0 0 0 0 0 0 0 0 0 0 0 0 0 0 0 0 0 0 0 0 0 0 0 0 0 0 0 0 0 0 0 0 0 0 0 0 0 0 0 0 0 0 0 0 0 0 0 0 0 0 0 0 0 0 0 0 0 0 0 0 0 0 0 0 0 0 0 0 0 0 0 0 0 0 0 0 0 0 0 0 0 0 0 0 0 0 0 0 0 0 0 0 0 0 0 0 0 0 0 0 0 0 0 0 0 0 0 0 0 0 0 0 0 0 0 0 0 0 0 0 0 0 0 0 0 0 0 0 0 0 0 0 0 0 0 0 0 0 0 0 0 0 0 0 0 0 0 0 0 0 0 0 0 0 0 0 0 0 0 0 0 0 0 0 0 0 0 0 0 0 0 0 0 0 0 0 0 0 0 0 0 0 0 0 0 0 0 0 0 0 0 0 0 0 0 0 0 0 0 0 0 0 0 0 0 0 0 0 0 0 0 0 0 0 0 0 0 0 0 0 0 0 0 0 0 0 0 0 0 0 0 0 0 0 0 0 0 0 0 0 0 0 0 0 0 0 0 0 0 0 0 0 0 0 0 0 0 0 0 0 0 0 0 0 0 0 0 0 0 0 0 0 0 0 0 0 0 0 0 0 0 0 0 0 0 0 0 0 0 0 0 0 0 0 0 0 0 0 0 0 0 0 0 0 0 0 0 0 0 0 0 0 0 0 0 0 0 0 0 0 0 0 0 0 0 0 0 0 0
 0 0 0 0 0 0 0 0 0 0 0 0 0 0 0 0 0 0 0 0 0 0 0 0 0 0 0 0 0 0 0 0 0 0 0 0 0 0 0 0 0 0 0 0 0 0 0 0 0 0 0 0 0 0 0 0 0 0 0 0 0 0 0 0 0 0 0 0 0 0 0 0 0 0 0 0 0 0 0 0 0 0 0 0 0 0 0 0 0 0 0 0 0 0 0 0 0 0 0 0 0 0 0 0 0 0 0 0 0 0 0 0 0 0 0 0 0 0 0 0 0 0 0 0 0 0 0 0 0 0 0 0 0 0 0 0 0 0 0 0 0 0 0 0 0 0 0 0 0 0 0 0 0 0 0 0 0 0 0 0 0 0 0 0 0 0 0 0 0 0 0 0 0 0 0 0 0 0 0 0 0 0 0 0 0 0 0 0 0 0 0 0 0 0 0 0 0 0 0 0 0 0 0 0 0 0 0 0 0 0 0 0 0 0 0 0 0 0 0 0 0 0 0 0 0 0 0 0 0 0 0 0 0 0 0 0 0 0 0 0 0 0 0 0 0 0 0 0 0 0 0 0 0 0 0 0 0 0 0 0 0 0 0 0 0 0 0 0 0 0 0 0 0 0 0 0 0 0 0 0 0 0 0 0 0 0 0 0 0 0 0 0 0 0 0 0 0 0 0 0 0 0 0 0 0 0 0 0 0 0 0 0 0 0 0 0 0 0 0 0 0 0 0 0 0 0 0 0 0 0 0 0 0 0 0 0 0 0 0 0 0 0 0 0 0 0 0 0 0 0 0 0 0 0 0 0 0 0 0 0 0 0 0 0 0 0 0 0 0 0 0 0 0 0 0 0 0 0 0 0 0 0 0 0 0 0 0 0 0 0 0 0 0 0 0 0 0 0 0 0 0 0 0 0 0 0 0 0 0 0 0 0 0 0 0 0 0 0 0 0 0 0 0 0 0 0 0 0 0 0 0 0 0 0 0 0 0 0 0 0 0 0 0 0 0 0 0 0 0 0 0 0 0 0 0 0 0 0 0 0 0 0 0 0 0 0 0 0 0 0 0 0 0 0 0 0 0 0 0 0 0 0 0 0 0 0 0 0 0 0 0 0 0 0 0 0 0 0 0 0 0 0 0 0 0 0 0 0 0 0 0 0 0 0 0 0 0 0 0 0 0 0 0 0 0 0 0 0 0 0 0 0 0 0 0 0 0 0 0 0 0 0 0 0 0 0 0 0 0 0 0 0 0 0 0 0 0 0 0 0 0 0 0 0 0 0 0 0 0 0 0 0 0 0 0 0 0 0 0 0 0 0 0 0 0 0 0 0 0 0 0 0 0 0 0 0 0 0 0 0
 0 0 0 0 0 0 0 0 0 0 0 0 0 0 0 0 0 0 0 0 0 0 0 0 0 0 0 0 0 0 0 0 0 0 0 0 0 0 0 0 0 0 0 0 0 0 0 0 0 0 0 0 0 0 0 0 0 0 0 0 0 0 0 0 0 0 0 0 0 0 0 0 0 0 0 0 0 0 0 0 0 0 0 0 0 0 0 0 0 0 0 0 0 0 0 0 0 0 0 0 0 0 0 0 0 0 0 0 0 0 0 0 0 0 0 0 0 0 0 0 0 0 0 0 0 0 0 0 0 0 0 0 0 0 0 0 0 0 0 0 0 0 0 0 0 0 0 0 0 0 0 0 0 0 0 0 0 0 0 0 0 0 0 0 0 0 0 0 0 0 0 0 0 0 0 0 0 0 0 0 0 0 0 0 0 0 0 0 0 0 0 0 0 0 0 0 0 0 0 0 0 0 0 0 0 0 0 0 0 0 0 0 0 0 0 0 0 0 0 0 0 0 0 0 0 0 0 0 0 0 0 0 0 0 0 0 0 0 0 0 0 0 0 0 0 0 0 0 0 0 0 0 0 0 0 0 0 0 0 0 0 0 0 0 0 0 0 0 0 0 0 0 0 0 0 0 0 0 0 0 0 0 0 0 0 0 0 0 0 0 0 0 0 0 0 0 0 0 0 0 0 0 0 0 0 0 0 0 0 0 0 0 0 0 0 0 0 0 0 0 0 0 0.0007215948426164687 0.00251493975520134 0.005569509230554104 0.01005108840763569 0.01619650796055794 0.02419055253267288 0.03414391726255417 0.04607892781496048 0.06012553721666336 0.07642246037721634 0.09511440992355347 0.1160315126180649 0.1390449404716492 0.1640410572290421 0.1911537498235703 0.2204570919275284 0.251763790845871 0.2851309776306152 0.3200907409191132 0.3540862202644348 0.3863819241523743 0.4170628190040588 0.4462096691131592 0.4738991856575012 0.5002042055130005 0.525193989276886 0.5413023233413696 0.5459312796592712 0.5379226207733154 0.5166563391685486 0.49082350730896 0.4662823379039764 0.4429682195186615 0.4208198189735413 0.3997788429260254 0.3797898888587952 0.3608003854751587 0.3427603542804718 0.3256223499774933 0.3093412220478058 0.2938741743564606 0.2791804671287537 0.2652214467525482 0.2519603669643402 0.2393623441457748 0.2273942232131958 0.2160245180130005 0.2052232921123505 0.1949621289968491 0.185214027762413 0.1759533286094666 0.1671556681394577 0.1587978899478912 0.150857999920845 0.1433151066303253 0.1361493468284607 0.1293418854475021 0.1228747889399529 0.1167310476303101 0.1108944937586784 0.1053497716784477 0.1000822857022285 0.09507817029953003 0.09032426029443741 0.08580804616212845 0.08151764422655106 0.07744175940752029 0.07356967031955719 0.06989118456840515 0.06639662384986877 0.06307679414749146 0.059922955930233 0.05692680925130844 0.05408046767115593 0.05137644335627556 0.04880762100219727 0.04636723920702934 0.04404887557029724 0.04184643179178238 0.03975411131978035 0.03776640444993973 0.03587808459997177 0.03408417850732803 0.03237996995449066 0.03076097182929516 0.02922292239964008 0.02776177600026131 0.02637368813157082 0.02505500428378582 0.0238022543489933 0.02261214144527912 0.02148153446614742 0.02040745690464973 0.01938708499073982 0.01841773092746735 0.01749684475362301 0.01662200316786766 0.0157909020781517 0.01500135660171509 0.01425128895789385 0.0135387247428298 0.01286178827285767 0.01221869885921478 0.01160776428878307 0.01102737616747618 0.01047600712627172 0.00995220709592104 0.009454596787691116 0.008981866762042046 0.008532773703336716 0.008106134831905365 0.007700827904045582 0.007315786555409431 0.006949997041374445 0.006602497305721045 0.00627237232401967 0.005958753637969494 0.005660816095769405 0.005377775058150291 0.005108886398375034 0.004853442311286926 0.004610770381987095 0.004380231723189354 0.004161220043897629 0.003953158855438232 0.003755501005798578 0.003567725885659456 0.003389339661225677 0.003219872713088989 0.003058879170566797 0.00290593528188765 0.002760638482868671 0.00262260646559298 0.002491476247087121 0.002366902539506555 0.002248557517305017 0.002136129653081298 0.002029323251917958 0.001927857054397464 0.001831464236602187 0.001739891013130546 0.001652896404266357 0.001570251537486911 0.001491738948971033 0.001417152001522481 0.001346294418908656 0.001278979703783989 0.001215030672028661 0.001154279103502631 0.001096565159969032 0.001041736919432878 0.0009896500268951058 0.0009401675197295845 0.00089315912919119 0.0008485011640004814 0.0008060761028900743 0.0007657723035663366 0.0007274837116710842 0.0006911095115356147 0.0006565540097653866 0.0006237262859940529 0.0005925399600528181 0.0005629129591397941 0.000534767284989357 0.0005080288974568248 0.0004826274525839835 0.0004584960697684437 0.0004355712735559791 0.0004137927026022226 0.0003931030805688351 0.0003734479250852019 0.0003547755186446011 0.0003370367339812219 0.0003201848885510117 0.0003041756572201848 0.0002889668685384095 0.0002745185338426381 0.0002607926144264638 0.0002477529924362898 0.0002353653399040923 0.0002235970750916749 0.0002124172169715166 0.0002017963561229408 0.0001917065383167937 0.0001821212063077837 0.00017301514162682 0.0001643643772695214 0.0001561461540404707 0.0001483388477936387 0.0001409219112247229 0.0001338758156634867 0.0001271820219699293 0.0001208229223266244 0.0001147817747551017 0.0001090426885639317 0.00010359055158915 9.841102291829884e-05 9.349047468276694e-05 8.881594840204343e-05 8.437514770776033e-05 8.015638741198927e-05 7.614857167936862e-05 7.234114309540018e-05 6.872408266644925e-05 6.528788071591407e-05 6.202348595252261e-05 5.892231274629012e-05 5.597619747277349e-05 5.317738759913482e-05 5.051851985626854e-05 4.799259477294981e-05 4.559296576189809e-05 4.331331729190424e-05 4.114765033591539e-05 3.909026781911962e-05 3.713575279107317e-05 3.527896478772163e-05 3.351501800352708e-05 3.183926673955284e-05 3.024730358447414e-05 2.87349375867052e-05 2.729819061642047e-05 2.593328099464998e-05 2.463661621732172e-05 2.340478567930404e-05 2.223454612249043e-05 2.112281799782068e-05 2.006667637033388e-05 1.906334182422142e-05 1.811017500585876e-05 1.7204665709869e-05 1.634443287912291e-05 1.552721187181305e-05 1.475085082347505e-05 1.401330791850341e-05 1.331264229520457e-05 1.264701040781802e-05 1.201465966005344e-05 1.14139265861013e-05 1.084323048416991e-05 1.030106886901194e-05 9.786015652935021e-06 9.296714779338799e-06 8.83187931322027e-06 8.390285074710846e-06 7.970770639076363e-06 7.57223187974887e-06 7.193620149337221e-06 6.833939096395625e-06 6.492241936939536e-06 6.167629635456251e-06 5.859248176420806e-06 5.566285835811868e-06 5.287971362122335e-06 5.023572612117277e-06 4.772393822349841e-06 4.533774244919186e-06 4.307085418986389e-06 4.091731170774437e-06 3.887144430336775e-06 3.692787231557304e-06 3.508147983666277e-06 3.332740561745595e-06 3.166103624607786e-06 3.007798341059242e-06 2.857408389900229e-06 2.714537913561799e-06 2.578811063358444e-06 2.449870407872368e-06 2.327376932953484e-06 2.21100799535634e-06 2.100457550113788e-06 1.995434558921261e-06 1.895662876449933e-06 1.800879772417829e-06 1.710835817902989e-06 1.625293975848763e-06 1.544029260003299e-06
 0 0 0 0 0 0 0 0 0 0 0 0 0 0 0 0 0 0 0 0 0 0 0 0 0 0 0 0 0 0 0 0 0 0 0 0 0 0 0 0 0 0 0 0 0 0 0 0 0 0 0 0 0 0 0 0 0 0 0 0 0 0 0 0 0 0 0 0 0 0 0 0 0 0 0 0 0 0 0 0 0 0 0 0 0 0 0 0 0 0 0 0 0 0 0 0 0 0 0 0 0 0 0 0 0 0 0 0 0 0 0 0 0 0 0 0 0 0 0 0 0 0 0 0 0 0 0 0 0 0 0 0 0 0 0 0 0 0 0 0 0 0 0 0 0 0 0 0 0 0 0 0 0 0 0 0 0 0 0 0 0 0 0 0 0 0 0 0 0 0 0 0 0 0 0 0 0 0 0 0 0 0 0 0 0 0 0 0 0 0 0 0 0 0 0 0 0 0 0 0 0 0 0 0 0 0 0 0 0 0 0 0 0 0 0 0 0 0 0 0 0 0 0 0 0 0 0 0 0 0 0 0 0 0 0 0 0 0 0 0 0 0 0 0 0 0 0 0 0 0 0 0 0 0 0 0 0 0 0 0 0 0 0 0 0 0 0 0 0 0 0 0 0 0 0 0 0 0 0 0 0 0 0 0 0 0 0 0 0 0 0 0 0 0 0 0 0 0 0 0 0 0 0 0 0 0 0 0 0 0 0 0 0 0 0 0 0 0 0 0 0 0 0 0 0 0 0 0 0 0 0 0 0 0 0 0 0 0 0 0 0 0 0 0 0 0 0 0 0 0 0 0 0 0 0 0 0 0 0 0 0 0 0 0 0 0 0 0 0 0 0 0 0 0 0 0 0 0 0 0 0 0 0 0 0 0 0 0 0 0 0 0 0 0 0 0 0 0 0 0 0 0 0 0 0 0 0 0 0 0 0 0 0 0 0 0 0 0 0 0 0 0 0 0 0 0 0 0 0 0 0 0 0 0 0 0 0 0 0 0 0 0 0 0 0 0 0 0 0 0 0 0 0 0 0 0 0 0 0 0 0 0 0 0 0 0 0 0 0 0 0 0 0 0 0 0 0 0 0 0 0 0 0 0 0 0 0 0 0 0 0 0 0 0 0 0 0 0 0 0 0 0 0 0 0 0 0 0 0 0 0 0 0 0 0 0 0 0 0 0 0 0 0 0 0 0 0 0 0 0 0 0 0 0 0 0 0 0 0 0 0 0 0 0 0 0 0 0 0 0 0 0 0 0 0 0 0 0 0 0 0 0 0 0 0 0 0 0 0 0 0 0 0 0 0 0 0 0 0 0 0 0 0 0 0 0 0 0 0 0 0 0 0 0 0 0 0 0 0 0
 0 0 0 0 0 0 0 0 0 0 0 0 0 0 0 0 0 0 0 0 0 0 0 0 0 0 0 0 0 0 0 0 0 0 0 0 0 0 0 0 0 0 0 0 0 0 0 0 0 0 0 0 0 0 0 0 0 0 0 0 0 0 0 0 0 0 0 0 0 0 0 0 0 0 0 0 0 0 0 0 0 0 0 0 0 0 0 0 0 0 0 0 0 0 0 0 0 0 0 0 0 0 0 0 0 0 0 0 0 0 0 0 0 0 0 0 0 0 0 0 0 0 0 0 0 0 0 0 0 0 0 0 0 0 0 0 0 0 0 0 0 0 0 0 0 0 0 0 0 0 0 0 0 0 0 0 0 0 0 0 0 0 0 0 0 0 0 0 0 0 0 0 0 0 0 0 0 0 0 0 0 0 0 0 0 0 0 0 0 0 0 0 0 0 0 0 0 0 0 0 0 0 0 0 0 0 0 0 0 0 0 0 0 0 0 0 0 0 0 0 0 0 0 0 0 0 0 0 0 0 0 0 0 0 0 0 0 0 0 0 0 0 0 0 0 0 0 0 0 0 0 0 0 0 0 0 0 0 0 0 0 0 0 0 0 0 0 0 0 0 0 0 0 0 0 0 0 0 0 0 0 0 0 0 0 0 0 0 0 0 0 0 0 0 0 0 0 0 0 0 0 0 0 0 0 0 0 0 0 0 0 0 0 0 0 0 0 0 0 0 0 0 0 0 0 0 0 0 0 0 0 0 0 0 0 0 0 0 0 0 0 0 0 0 0 0 0 0 0 0 0 0 0 0 0 0 0 0 0 0 0 0 0 0 0 0 0 0 0 0 0 0 0 0 0 0 0 0 0 0 0 0 0 0 0 0 0 0 0 0 0 0 0 0 0 0 0 0 0 0 0 0 0 0 0 0 0 0 0 0 0 0 0 0 0 0 0 0 0 0 0 0 0 0 0 0 0 0 0 0 0 0 0 0 0 0 0 0 0 0 0 0 0 0 0 0 0 0 0 0 0 0 0 0 0 0 0 0 0 0 0 0 0 0 0 0 0 0 0 0 0 0 0 0 0 0 0 0 0 0 0 0 0 0 0 0 0 0 0 0 0 0 0 0 0 0 0 0 0 0 0 0 0 0 0 0 0 0 0 0 0 0 0 0 0 0 0 0 0 0 0 0 0 0 0 0 0 0 0 0 0 0 0 0 0 0 0 0 0 0 0 0 0 0 0 0 0 0 0 0 0 0 0 0 0 0 0 0 0 0 0 0 0 0 0 0 0 0 0 0 0 0 0 0 0 0 0 0 0 0 0 0 0 0 0 0 0 0 0 0 0 0 0 0 0 0 0 0 0 0


# name: r_0_m17_G0_L0p3_D0p7
# type: matrix
# rows: 1
# columns: 14
 0 -17 0.2 0 0.3 0 -15.70471666666666 0 0 0.357775999288195 0 145 2.82842712474619 0.7




